# Please cite the following papers in research using this covariance:
# arXiv: 1601.05779, https://arxiv.org/abs/1601.05779
# arXiv: 1911.11947, https://arxiv.org/abs/1911.11947
# arXiv: 2004.04833, https://arxiv.org/abs/2004.04833
# arXiv: 1804.10663, https://arxiv.org/abs/1804.10663
########################################################
11 44 8.249656e-04 8.249656e-04 0 1 1 1 1.200117e-13 0.000000e+00
11 45 8.249656e-04 1.038570e-03 0 1 1 1 1.067648e-13 0.000000e+00
11 46 8.249656e-04 1.307482e-03 0 1 1 1 9.142199e-14 0.000000e+00
11 47 8.249656e-04 1.646023e-03 0 1 1 1 7.822425e-14 0.000000e+00
11 48 8.249656e-04 2.072220e-03 0 1 1 1 6.728669e-14 0.000000e+00
11 49 8.249656e-04 2.608770e-03 0 1 1 1 5.837921e-14 0.000000e+00
11 50 8.249656e-04 3.284247e-03 0 1 1 1 5.117078e-14 0.000000e+00
11 51 8.249656e-04 4.134622e-03 0 1 1 1 4.531082e-14 0.000000e+00
11 52 8.249656e-04 5.205181e-03 0 1 1 1 4.047125e-14 0.000000e+00
11 53 8.249656e-04 6.552935e-03 0 1 1 1 3.636799e-14 0.000000e+00
11 54 8.249656e-04 8.249656e-03 0 1 1 1 3.276914e-14 0.000000e+00
12 44 1.038570e-03 8.249656e-04 0 1 1 1 1.067648e-13 0.000000e+00
12 45 1.038570e-03 1.038570e-03 0 1 1 1 1.062063e-13 0.000000e+00
12 46 1.038570e-03 1.307482e-03 0 1 1 1 9.375259e-14 0.000000e+00
12 47 1.038570e-03 1.646023e-03 0 1 1 1 7.971929e-14 0.000000e+00
12 48 1.038570e-03 2.072220e-03 0 1 1 1 6.813900e-14 0.000000e+00
12 49 1.038570e-03 2.608770e-03 0 1 1 1 5.883463e-14 0.000000e+00
12 50 1.038570e-03 3.284247e-03 0 1 1 1 5.140147e-14 0.000000e+00
12 51 1.038570e-03 4.134622e-03 0 1 1 1 4.542201e-14 0.000000e+00
12 52 1.038570e-03 5.205181e-03 0 1 1 1 4.052224e-14 0.000000e+00
12 53 1.038570e-03 6.552935e-03 0 1 1 1 3.639006e-14 0.000000e+00
12 54 1.038570e-03 8.249656e-03 0 1 1 1 3.277812e-14 0.000000e+00
13 44 1.307482e-03 8.249656e-04 0 1 1 1 9.142199e-14 0.000000e+00
13 45 1.307482e-03 1.038570e-03 0 1 1 1 9.375259e-14 0.000000e+00
13 46 1.307482e-03 1.307482e-03 0 1 1 1 9.383960e-14 0.000000e+00
13 47 1.307482e-03 1.646023e-03 0 1 1 1 8.225142e-14 0.000000e+00
13 48 1.307482e-03 2.072220e-03 0 1 1 1 6.960431e-14 0.000000e+00
13 49 1.307482e-03 2.608770e-03 0 1 1 1 5.960638e-14 0.000000e+00
13 50 1.307482e-03 3.284247e-03 0 1 1 1 5.178641e-14 0.000000e+00
13 51 1.307482e-03 4.134622e-03 0 1 1 1 4.560520e-14 0.000000e+00
13 52 1.307482e-03 5.205181e-03 0 1 1 1 4.060547e-14 0.000000e+00
13 53 1.307482e-03 6.552935e-03 0 1 1 1 3.642596e-14 0.000000e+00
13 54 1.307482e-03 8.249656e-03 0 1 1 1 3.279278e-14 0.000000e+00
14 44 1.646023e-03 8.249656e-04 0 1 1 1 7.822425e-14 0.000000e+00
14 45 1.646023e-03 1.038570e-03 0 1 1 1 7.971929e-14 0.000000e+00
14 46 1.646023e-03 1.307482e-03 0 1 1 1 8.225142e-14 0.000000e+00
14 47 1.646023e-03 1.646023e-03 0 1 1 1 8.289500e-14 0.000000e+00
14 48 1.646023e-03 2.072220e-03 0 1 1 1 7.221057e-14 0.000000e+00
14 49 1.646023e-03 2.608770e-03 0 1 1 1 6.096918e-14 0.000000e+00
14 50 1.646023e-03 3.284247e-03 0 1 1 1 5.244930e-14 0.000000e+00
14 51 1.646023e-03 4.134622e-03 0 1 1 1 4.591388e-14 0.000000e+00
14 52 1.646023e-03 5.205181e-03 0 1 1 1 4.074336e-14 0.000000e+00
14 53 1.646023e-03 6.552935e-03 0 1 1 1 3.648473e-14 0.000000e+00
14 54 1.646023e-03 8.249656e-03 0 1 1 1 3.281652e-14 0.000000e+00
15 44 2.072220e-03 8.249656e-04 0 1 1 1 6.728669e-14 0.000000e+00
15 45 2.072220e-03 1.038570e-03 0 1 1 1 6.813900e-14 0.000000e+00
15 46 2.072220e-03 1.307482e-03 0 1 1 1 6.960431e-14 0.000000e+00
15 47 2.072220e-03 1.646023e-03 0 1 1 1 7.221057e-14 0.000000e+00
15 48 2.072220e-03 2.072220e-03 0 1 1 1 7.329365e-14 0.000000e+00
15 49 2.072220e-03 2.608770e-03 0 1 1 1 6.352420e-14 0.000000e+00
15 50 2.072220e-03 3.284247e-03 0 1 1 1 5.365441e-14 0.000000e+00
15 51 2.072220e-03 4.134622e-03 0 1 1 1 4.645473e-14 0.000000e+00
15 52 2.072220e-03 5.205181e-03 0 1 1 1 4.097814e-14 0.000000e+00
15 53 2.072220e-03 6.552935e-03 0 1 1 1 3.658283e-14 0.000000e+00
15 54 2.072220e-03 8.249656e-03 0 1 1 1 3.285556e-14 0.000000e+00
16 44 2.608770e-03 8.249656e-04 0 1 1 1 5.837921e-14 0.000000e+00
16 45 2.608770e-03 1.038570e-03 0 1 1 1 5.883463e-14 0.000000e+00
16 46 2.608770e-03 1.307482e-03 0 1 1 1 5.960638e-14 0.000000e+00
16 47 2.608770e-03 1.646023e-03 0 1 1 1 6.096918e-14 0.000000e+00
16 48 2.608770e-03 2.072220e-03 0 1 1 1 6.352420e-14 0.000000e+00
16 49 2.608770e-03 2.608770e-03 0 1 1 1 6.491435e-14 0.000000e+00
16 50 2.608770e-03 3.284247e-03 0 1 1 1 5.604799e-14 0.000000e+00
16 51 2.608770e-03 4.134622e-03 0 1 1 1 4.746924e-14 0.000000e+00
16 52 2.608770e-03 5.205181e-03 0 1 1 1 4.139732e-14 0.000000e+00
16 53 2.608770e-03 6.552935e-03 0 1 1 1 3.675202e-14 0.000000e+00
16 54 2.608770e-03 8.249656e-03 0 1 1 1 3.292130e-14 0.000000e+00
17 44 3.284247e-03 8.249656e-04 0 1 1 1 5.117078e-14 0.000000e+00
17 45 3.284247e-03 1.038570e-03 0 1 1 1 5.140147e-14 0.000000e+00
17 46 3.284247e-03 1.307482e-03 0 1 1 1 5.178641e-14 0.000000e+00
17 47 3.284247e-03 1.646023e-03 0 1 1 1 5.244930e-14 0.000000e+00
17 48 3.284247e-03 2.072220e-03 0 1 1 1 5.365441e-14 0.000000e+00
17 49 3.284247e-03 2.608770e-03 0 1 1 1 5.604799e-14 0.000000e+00
17 50 3.284247e-03 3.284247e-03 0 1 1 1 5.761017e-14 0.000000e+00
17 51 3.284247e-03 4.134622e-03 0 1 1 1 4.961633e-14 0.000000e+00
17 52 3.284247e-03 5.205181e-03 0 1 1 1 4.221062e-14 0.000000e+00
17 53 3.284247e-03 6.552935e-03 0 1 1 1 3.706036e-14 0.000000e+00
17 54 3.284247e-03 8.249656e-03 0 1 1 1 3.303630e-14 0.000000e+00
18 44 4.134622e-03 8.249656e-04 0 1 1 1 4.531082e-14 0.000000e+00
18 45 4.134622e-03 1.038570e-03 0 1 1 1 4.542201e-14 0.000000e+00
18 46 4.134622e-03 1.307482e-03 0 1 1 1 4.560520e-14 0.000000e+00
18 47 4.134622e-03 1.646023e-03 0 1 1 1 4.591388e-14 0.000000e+00
18 48 4.134622e-03 2.072220e-03 0 1 1 1 4.645473e-14 0.000000e+00
18 49 4.134622e-03 2.608770e-03 0 1 1 1 4.746924e-14 0.000000e+00
18 50 4.134622e-03 3.284247e-03 0 1 1 1 4.961633e-14 0.000000e+00
18 51 4.134622e-03 4.134622e-03 0 1 1 1 5.122422e-14 0.000000e+00
18 52 4.134622e-03 5.205181e-03 0 1 1 1 4.405736e-14 0.000000e+00
18 53 4.134622e-03 6.552935e-03 0 1 1 1 3.768110e-14 0.000000e+00
18 54 4.134622e-03 8.249656e-03 0 1 1 1 3.325092e-14 0.000000e+00
19 44 5.205181e-03 8.249656e-04 0 1 1 1 4.047125e-14 0.000000e+00
19 45 5.205181e-03 1.038570e-03 0 1 1 1 4.052224e-14 0.000000e+00
19 46 5.205181e-03 1.307482e-03 0 1 1 1 4.060547e-14 0.000000e+00
19 47 5.205181e-03 1.646023e-03 0 1 1 1 4.074336e-14 0.000000e+00
19 48 5.205181e-03 2.072220e-03 0 1 1 1 4.097814e-14 0.000000e+00
19 49 5.205181e-03 2.608770e-03 0 1 1 1 4.139732e-14 0.000000e+00
19 50 5.205181e-03 3.284247e-03 0 1 1 1 4.221062e-14 0.000000e+00
19 51 5.205181e-03 4.134622e-03 0 1 1 1 4.405736e-14 0.000000e+00
19 52 5.205181e-03 5.205181e-03 0 1 1 1 4.560292e-14 0.000000e+00
19 53 5.205181e-03 6.552935e-03 0 1 1 1 3.920536e-14 0.000000e+00
19 54 5.205181e-03 8.249656e-03 0 1 1 1 3.370137e-14 0.000000e+00
20 44 6.552935e-03 8.249656e-04 0 1 1 1 3.636799e-14 0.000000e+00
20 45 6.552935e-03 1.038570e-03 0 1 1 1 3.639006e-14 0.000000e+00
20 46 6.552935e-03 1.307482e-03 0 1 1 1 3.642596e-14 0.000000e+00
20 47 6.552935e-03 1.646023e-03 0 1 1 1 3.648473e-14 0.000000e+00
20 48 6.552935e-03 2.072220e-03 0 1 1 1 3.658283e-14 0.000000e+00
20 49 6.552935e-03 2.608770e-03 0 1 1 1 3.675202e-14 0.000000e+00
20 50 6.552935e-03 3.284247e-03 0 1 1 1 3.706036e-14 0.000000e+00
20 51 6.552935e-03 4.134622e-03 0 1 1 1 3.768110e-14 0.000000e+00
20 52 6.552935e-03 5.205181e-03 0 1 1 1 3.920536e-14 0.000000e+00
20 53 6.552935e-03 6.552935e-03 0 1 1 1 4.060466e-14 0.000000e+00
20 54 6.552935e-03 8.249656e-03 0 1 1 1 3.490927e-14 0.000000e+00
21 44 8.249656e-03 8.249656e-04 0 1 1 1 3.276914e-14 0.000000e+00
21 45 8.249656e-03 1.038570e-03 0 1 1 1 3.277812e-14 0.000000e+00
21 46 8.249656e-03 1.307482e-03 0 1 1 1 3.279278e-14 0.000000e+00
21 47 8.249656e-03 1.646023e-03 0 1 1 1 3.281652e-14 0.000000e+00
21 48 8.249656e-03 2.072220e-03 0 1 1 1 3.285556e-14 0.000000e+00
21 49 8.249656e-03 2.608770e-03 0 1 1 1 3.292130e-14 0.000000e+00
21 50 8.249656e-03 3.284247e-03 0 1 1 1 3.303630e-14 0.000000e+00
21 51 8.249656e-03 4.134622e-03 0 1 1 1 3.325092e-14 0.000000e+00
21 52 8.249656e-03 5.205181e-03 0 1 1 1 3.370137e-14 0.000000e+00
21 53 8.249656e-03 6.552935e-03 0 1 1 1 3.490927e-14 0.000000e+00
21 54 8.249656e-03 8.249656e-03 0 1 1 1 3.610541e-14 0.000000e+00
