# Please cite the following papers in research using this covariance:
# arXiv: 1601.05779, https://arxiv.org/abs/1601.05779
# arXiv: 1911.11947, https://arxiv.org/abs/1911.11947
# arXiv: 2004.04833, https://arxiv.org/abs/2004.04833
# arXiv: 1804.10663, https://arxiv.org/abs/1804.10663
########################################################
77 165 8.249656e-04 8.249656e-04 2 2 1 2 -5.942438e-15 0.000000e+00
77 166 8.249656e-04 1.038570e-03 2 2 1 2 -1.682692e-14 0.000000e+00
77 167 8.249656e-04 1.307482e-03 2 2 1 2 -7.604675e-15 0.000000e+00
77 168 8.249656e-04 1.646023e-03 2 2 1 2 7.490668e-15 0.000000e+00
77 169 8.249656e-04 2.072220e-03 2 2 1 2 1.891939e-14 0.000000e+00
77 170 8.249656e-04 2.608770e-03 2 2 1 2 2.508368e-14 0.000000e+00
77 171 8.249656e-04 3.284247e-03 2 2 1 2 2.703499e-14 0.000000e+00
77 172 8.249656e-04 4.134622e-03 2 2 1 2 2.630035e-14 0.000000e+00
77 173 8.249656e-04 5.205181e-03 2 2 1 2 2.416535e-14 0.000000e+00
77 174 8.249656e-04 6.552935e-03 2 2 1 2 2.152845e-14 0.000000e+00
77 175 8.249656e-04 8.249656e-03 2 2 1 2 1.894641e-14 0.000000e+00
78 165 1.038570e-03 8.249656e-04 2 2 1 2 1.073194e-16 0.000000e+00
78 166 1.038570e-03 1.038570e-03 2 2 1 2 -5.638852e-15 0.000000e+00
78 167 1.038570e-03 1.307482e-03 2 2 1 2 -1.672025e-14 0.000000e+00
78 168 1.038570e-03 1.646023e-03 2 2 1 2 -7.600982e-15 0.000000e+00
78 169 1.038570e-03 2.072220e-03 2 2 1 2 6.723969e-15 0.000000e+00
78 170 1.038570e-03 2.608770e-03 2 2 1 2 1.702423e-14 0.000000e+00
78 171 1.038570e-03 3.284247e-03 2 2 1 2 2.219551e-14 0.000000e+00
78 172 1.038570e-03 4.134622e-03 2 2 1 2 2.354760e-14 0.000000e+00
78 173 1.038570e-03 5.205181e-03 2 2 1 2 2.264785e-14 0.000000e+00
78 174 1.038570e-03 6.552935e-03 2 2 1 2 2.070462e-14 0.000000e+00
78 175 1.038570e-03 8.249656e-03 2 2 1 2 1.849983e-14 0.000000e+00
79 165 1.307482e-03 8.249656e-04 2 2 1 2 1.638816e-16 0.000000e+00
79 166 1.307482e-03 1.038570e-03 2 2 1 2 3.278645e-16 0.000000e+00
79 167 1.307482e-03 1.307482e-03 2 2 1 2 -5.194244e-15 0.000000e+00
79 168 1.307482e-03 1.646023e-03 2 2 1 2 -1.628824e-14 0.000000e+00
79 169 1.307482e-03 2.072220e-03 2 2 1 2 -7.381899e-15 0.000000e+00
79 170 1.307482e-03 2.608770e-03 2 2 1 2 5.965210e-15 0.000000e+00
79 171 1.307482e-03 3.284247e-03 2 2 1 2 1.507743e-14 0.000000e+00
79 172 1.307482e-03 4.134622e-03 2 2 1 2 1.936113e-14 0.000000e+00
79 173 1.307482e-03 5.205181e-03 2 2 1 2 2.029935e-14 0.000000e+00
79 174 1.307482e-03 6.552935e-03 2 2 1 2 1.941745e-14 0.000000e+00
79 175 1.307482e-03 8.249656e-03 2 2 1 2 1.779836e-14 0.000000e+00
80 165 1.646023e-03 8.249656e-04 2 2 1 2 8.362148e-17 0.000000e+00
80 166 1.646023e-03 1.038570e-03 2 2 1 2 2.212824e-16 0.000000e+00
80 167 1.646023e-03 1.307482e-03 2 2 1 2 5.471619e-16 0.000000e+00
80 168 1.646023e-03 1.646023e-03 2 2 1 2 -4.628498e-15 0.000000e+00
80 169 1.646023e-03 2.072220e-03 2 2 1 2 -1.553853e-14 0.000000e+00
80 170 1.646023e-03 2.608770e-03 2 2 1 2 -6.959270e-15 0.000000e+00
80 171 1.646023e-03 3.284247e-03 2 2 1 2 5.249023e-15 0.000000e+00
80 172 1.646023e-03 4.134622e-03 2 2 1 2 1.318291e-14 0.000000e+00
80 173 1.646023e-03 5.205181e-03 2 2 1 2 1.672212e-14 0.000000e+00
80 174 1.646023e-03 6.552935e-03 2 2 1 2 1.742423e-14 0.000000e+00
80 175 1.646023e-03 8.249656e-03 2 2 1 2 1.670226e-14 0.000000e+00
81 165 2.072220e-03 8.249656e-04 2 2 1 2 3.570086e-17 0.000000e+00
81 166 2.072220e-03 1.038570e-03 2 2 1 2 9.482672e-17 0.000000e+00
81 167 2.072220e-03 1.307482e-03 2 2 1 2 2.646022e-16 0.000000e+00
81 168 2.072220e-03 1.646023e-03 2 2 1 2 7.391628e-16 0.000000e+00
81 169 2.072220e-03 2.072220e-03 2 2 1 2 -3.985390e-15 0.000000e+00
81 170 2.072220e-03 2.608770e-03 2 2 1 2 -1.450985e-14 0.000000e+00
81 171 2.072220e-03 3.284247e-03 2 2 1 2 -6.368813e-15 0.000000e+00
81 172 2.072220e-03 4.134622e-03 2 2 1 2 4.600684e-15 0.000000e+00
81 173 2.072220e-03 5.205181e-03 2 2 1 2 1.142836e-14 0.000000e+00
81 174 2.072220e-03 6.552935e-03 2 2 1 2 1.438520e-14 0.000000e+00
81 175 2.072220e-03 8.249656e-03 2 2 1 2 1.500502e-14 0.000000e+00
82 165 2.608770e-03 8.249656e-04 2 2 1 2 1.413543e-17 0.000000e+00
82 166 2.608770e-03 1.038570e-03 2 2 1 2 3.581496e-17 0.000000e+00
82 167 2.608770e-03 1.307482e-03 2 2 1 2 9.858135e-17 0.000000e+00
82 168 2.608770e-03 1.646023e-03 2 2 1 2 2.861550e-16 0.000000e+00
82 169 2.608770e-03 2.072220e-03 2 2 1 2 8.812682e-16 0.000000e+00
82 170 2.608770e-03 2.608770e-03 2 2 1 2 -3.315285e-15 0.000000e+00
82 171 2.608770e-03 3.284247e-03 2 2 1 2 -1.326784e-14 0.000000e+00
82 172 2.608770e-03 4.134622e-03 2 2 1 2 -5.663883e-15 0.000000e+00
82 173 2.608770e-03 5.205181e-03 2 2 1 2 4.036038e-15 0.000000e+00
82 174 2.608770e-03 6.552935e-03 2 2 1 2 9.879539e-15 0.000000e+00
82 175 2.608770e-03 8.249656e-03 2 2 1 2 1.241679e-14 0.000000e+00
83 165 3.284247e-03 8.249656e-04 2 2 1 2 5.398944e-18 0.000000e+00
83 166 3.284247e-03 1.038570e-03 2 2 1 2 1.243917e-17 0.000000e+00
83 167 3.284247e-03 1.307482e-03 2 2 1 2 3.369832e-17 0.000000e+00
83 168 3.284247e-03 1.646023e-03 2 2 1 2 9.465544e-17 0.000000e+00
83 169 3.284247e-03 2.072220e-03 2 2 1 2 2.848303e-16 0.000000e+00
83 170 3.284247e-03 2.608770e-03 2 2 1 2 9.596531e-16 0.000000e+00
83 171 3.284247e-03 3.284247e-03 2 2 1 2 -2.669647e-15 0.000000e+00
83 172 3.284247e-03 4.134622e-03 2 2 1 2 -1.189487e-14 0.000000e+00
83 173 3.284247e-03 5.205181e-03 2 2 1 2 -4.904476e-15 0.000000e+00
83 174 3.284247e-03 6.552935e-03 2 2 1 2 3.563309e-15 0.000000e+00
83 175 3.284247e-03 8.249656e-03 2 2 1 2 8.577322e-15 0.000000e+00
84 165 4.134622e-03 8.249656e-04 2 2 1 2 2.213135e-18 0.000000e+00
84 166 4.134622e-03 1.038570e-03 2 2 1 2 4.029709e-18 0.000000e+00
84 167 4.134622e-03 1.307482e-03 2 2 1 2 1.083625e-17 0.000000e+00
84 168 4.134622e-03 1.646023e-03 2 2 1 2 2.967638e-17 0.000000e+00
84 169 4.134622e-03 2.072220e-03 2 2 1 2 8.445598e-17 0.000000e+00
84 170 4.134622e-03 2.608770e-03 2 2 1 2 2.637754e-16 0.000000e+00
84 171 4.134622e-03 3.284247e-03 2 2 1 2 9.706123e-16 0.000000e+00
84 172 4.134622e-03 4.134622e-03 2 2 1 2 -2.091311e-15 0.000000e+00
84 173 4.134622e-03 5.205181e-03 2 2 1 2 -1.047756e-14 0.000000e+00
84 174 4.134622e-03 6.552935e-03 2 2 1 2 -4.148025e-15 0.000000e+00
84 175 4.134622e-03 8.249656e-03 2 2 1 2 3.185010e-15 0.000000e+00
85 165 5.205181e-03 8.249656e-04 2 2 1 2 1.067061e-18 0.000000e+00
85 166 5.205181e-03 1.038570e-03 2 2 1 2 1.162036e-18 0.000000e+00
85 167 5.205181e-03 1.307482e-03 2 2 1 2 3.258996e-18 0.000000e+00
85 168 5.205181e-03 1.646023e-03 2 2 1 2 8.948130e-18 0.000000e+00
85 169 5.205181e-03 2.072220e-03 2 2 1 2 2.432590e-17 0.000000e+00
85 170 5.205181e-03 2.608770e-03 2 2 1 2 7.069883e-17 0.000000e+00
85 171 5.205181e-03 3.284247e-03 2 2 1 2 2.288327e-16 0.000000e+00
85 172 5.205181e-03 4.134622e-03 2 2 1 2 9.209214e-16 0.000000e+00
85 173 5.205181e-03 5.205181e-03 2 2 1 2 -1.610125e-15 0.000000e+00
85 174 5.205181e-03 6.552935e-03 2 2 1 2 -9.096439e-15 0.000000e+00
85 175 5.205181e-03 8.249656e-03 2 2 1 2 -3.440964e-15 0.000000e+00
86 165 6.552935e-03 8.249656e-04 2 2 1 2 7.398693e-19 0.000000e+00
86 166 6.552935e-03 1.038570e-03 2 2 1 2 2.248080e-19 0.000000e+00
86 167 6.552935e-03 1.307482e-03 2 2 1 2 8.786904e-19 0.000000e+00
86 168 6.552935e-03 1.646023e-03 2 2 1 2 2.557331e-18 0.000000e+00
86 169 6.552935e-03 2.072220e-03 2 2 1 2 6.695520e-18 0.000000e+00
86 170 6.552935e-03 2.608770e-03 2 2 1 2 1.865665e-17 0.000000e+00
86 171 6.552935e-03 3.284247e-03 2 2 1 2 5.535373e-17 0.000000e+00
86 172 6.552935e-03 4.134622e-03 2 2 1 2 1.862449e-16 0.000000e+00
86 173 6.552935e-03 5.205181e-03 2 2 1 2 8.244843e-16 0.000000e+00
86 174 6.552935e-03 6.552935e-03 2 2 1 2 -1.240281e-15 0.000000e+00
86 175 6.552935e-03 8.249656e-03 2 2 1 2 -7.817906e-15 0.000000e+00
87 165 8.249656e-03 8.249656e-04 2 2 1 2 6.125534e-19 0.000000e+00
87 166 8.249656e-03 1.038570e-03 2 2 1 2 -4.130245e-20 0.000000e+00
87 167 8.249656e-03 1.307482e-03 2 2 1 2 1.922289e-19 0.000000e+00
87 168 8.249656e-03 1.646023e-03 2 2 1 2 7.239069e-19 0.000000e+00
87 169 8.249656e-03 2.072220e-03 2 2 1 2 1.781515e-18 0.000000e+00
87 170 8.249656e-03 2.608770e-03 2 2 1 2 4.765292e-18 0.000000e+00
87 171 8.249656e-03 3.284247e-03 2 2 1 2 1.333718e-17 0.000000e+00
87 172 8.249656e-03 4.134622e-03 2 2 1 2 4.041830e-17 0.000000e+00
87 173 8.249656e-03 5.205181e-03 2 2 1 2 1.419134e-16 0.000000e+00
87 174 8.249656e-03 6.552935e-03 2 2 1 2 6.980874e-16 0.000000e+00
87 175 8.249656e-03 8.249656e-03 2 2 1 2 -9.827864e-16 0.000000e+00
