# Please cite the following papers in research using this covariance:
# arXiv: 1601.05779, https://arxiv.org/abs/1601.05779
# arXiv: 1911.11947, https://arxiv.org/abs/1911.11947
# arXiv: 2004.04833, https://arxiv.org/abs/2004.04833
# arXiv: 1804.10663, https://arxiv.org/abs/1804.10663
########################################################
11 110 8.249656e-04 8.249656e-04 0 1 0 0 -2.119293e-15 0.000000e+00
11 111 8.249656e-04 1.038570e-03 0 1 0 0 -5.825666e-15 0.000000e+00
11 112 8.249656e-04 1.307482e-03 0 1 0 0 -2.594969e-15 0.000000e+00
11 113 8.249656e-04 1.646023e-03 0 1 0 0 2.855196e-15 0.000000e+00
11 114 8.249656e-04 2.072220e-03 0 1 0 0 7.171882e-15 0.000000e+00
11 115 8.249656e-04 2.608770e-03 0 1 0 0 9.654948e-15 0.000000e+00
11 116 8.249656e-04 3.284247e-03 0 1 0 0 1.056166e-14 0.000000e+00
11 117 8.249656e-04 4.134622e-03 0 1 0 0 1.037828e-14 0.000000e+00
11 118 8.249656e-04 5.205181e-03 0 1 0 0 9.556898e-15 0.000000e+00
11 119 8.249656e-04 6.552935e-03 0 1 0 0 8.440765e-15 0.000000e+00
11 120 8.249656e-04 8.249656e-03 0 1 0 0 7.260781e-15 0.000000e+00
12 110 1.038570e-03 8.249656e-04 0 1 0 0 -2.713011e-17 0.000000e+00
12 111 1.038570e-03 1.038570e-03 0 1 0 0 -2.064706e-15 0.000000e+00
12 112 1.038570e-03 1.307482e-03 0 1 0 0 -5.884879e-15 0.000000e+00
12 113 1.038570e-03 1.646023e-03 0 1 0 0 -2.661540e-15 0.000000e+00
12 114 1.038570e-03 2.072220e-03 0 1 0 0 2.591701e-15 0.000000e+00
12 115 1.038570e-03 2.608770e-03 0 1 0 0 6.549702e-15 0.000000e+00
12 116 1.038570e-03 3.284247e-03 0 1 0 0 8.657835e-15 0.000000e+00
12 117 1.038570e-03 4.134622e-03 0 1 0 0 9.280556e-15 0.000000e+00
12 118 1.038570e-03 5.205181e-03 0 1 0 0 8.949397e-15 0.000000e+00
12 119 1.038570e-03 6.552935e-03 0 1 0 0 8.113696e-15 0.000000e+00
12 120 1.038570e-03 8.249656e-03 0 1 0 0 7.087723e-15 0.000000e+00
13 110 1.307482e-03 8.249656e-04 0 1 0 0 3.391845e-17 0.000000e+00
13 111 1.307482e-03 1.038570e-03 0 1 0 0 4.097340e-17 0.000000e+00
13 112 1.307482e-03 1.307482e-03 0 1 0 0 -1.960218e-15 0.000000e+00
13 113 1.307482e-03 1.646023e-03 0 1 0 0 -5.841256e-15 0.000000e+00
13 114 1.307482e-03 2.072220e-03 0 1 0 0 -2.661034e-15 0.000000e+00
13 115 1.307482e-03 2.608770e-03 0 1 0 0 2.313603e-15 0.000000e+00
13 116 1.307482e-03 3.284247e-03 0 1 0 0 5.866929e-15 0.000000e+00
13 117 1.307482e-03 4.134622e-03 0 1 0 0 7.613760e-15 0.000000e+00
13 118 1.307482e-03 5.205181e-03 0 1 0 0 8.009680e-15 0.000000e+00
13 119 1.307482e-03 6.552935e-03 0 1 0 0 7.602639e-15 0.000000e+00
13 120 1.307482e-03 8.249656e-03 0 1 0 0 6.815770e-15 0.000000e+00
14 110 1.646023e-03 8.249656e-04 0 1 0 0 2.252690e-17 0.000000e+00
14 111 1.646023e-03 1.038570e-03 0 1 0 0 5.639892e-17 0.000000e+00
14 112 1.646023e-03 1.307482e-03 0 1 0 0 1.165864e-16 0.000000e+00
14 113 1.646023e-03 1.646023e-03 0 1 0 0 -1.805229e-15 0.000000e+00
14 114 1.646023e-03 2.072220e-03 0 1 0 0 -5.685915e-15 0.000000e+00
14 115 1.646023e-03 2.608770e-03 0 1 0 0 -2.587234e-15 0.000000e+00
14 116 1.646023e-03 3.284247e-03 0 1 0 0 2.036051e-15 0.000000e+00
14 117 1.646023e-03 4.134622e-03 0 1 0 0 5.160884e-15 0.000000e+00
14 118 1.646023e-03 5.205181e-03 0 1 0 0 6.579616e-15 0.000000e+00
14 119 1.646023e-03 6.552935e-03 0 1 0 0 6.811195e-15 0.000000e+00
14 120 1.646023e-03 8.249656e-03 0 1 0 0 6.390550e-15 0.000000e+00
15 110 2.072220e-03 8.249656e-04 0 1 0 0 1.114391e-17 0.000000e+00
15 111 2.072220e-03 1.038570e-03 0 1 0 0 2.897993e-17 0.000000e+00
15 112 2.072220e-03 1.307482e-03 0 1 0 0 7.729286e-17 0.000000e+00
15 113 2.072220e-03 1.646023e-03 0 1 0 0 1.924724e-16 0.000000e+00
15 114 2.072220e-03 2.072220e-03 0 1 0 0 -1.607884e-15 0.000000e+00
15 115 2.072220e-03 2.608770e-03 0 1 0 0 -5.419776e-15 0.000000e+00
15 116 2.072220e-03 3.284247e-03 0 1 0 0 -2.442456e-15 0.000000e+00
15 117 2.072220e-03 4.134622e-03 0 1 0 0 1.771559e-15 0.000000e+00
15 118 2.072220e-03 5.205181e-03 0 1 0 0 4.467126e-15 0.000000e+00
15 119 2.072220e-03 6.552935e-03 0 1 0 0 5.604453e-15 0.000000e+00
15 120 2.072220e-03 8.249656e-03 0 1 0 0 5.731475e-15 0.000000e+00
16 110 2.608770e-03 8.249656e-04 0 1 0 0 4.942929e-18 0.000000e+00
16 111 2.608770e-03 1.038570e-03 0 1 0 0 1.247402e-17 0.000000e+00
16 112 2.608770e-03 1.307482e-03 0 1 0 0 3.349570e-17 0.000000e+00
16 113 2.608770e-03 1.646023e-03 0 1 0 0 9.313646e-17 0.000000e+00
16 114 2.608770e-03 2.072220e-03 0 1 0 0 2.602332e-16 0.000000e+00
16 115 2.608770e-03 2.608770e-03 0 1 0 0 -1.381445e-15 0.000000e+00
16 116 2.608770e-03 3.284247e-03 0 1 0 0 -5.054917e-15 0.000000e+00
16 117 2.608770e-03 4.134622e-03 0 1 0 0 -2.237930e-15 0.000000e+00
16 118 2.608770e-03 5.205181e-03 0 1 0 0 1.528559e-15 0.000000e+00
16 119 2.608770e-03 6.552935e-03 0 1 0 0 3.815814e-15 0.000000e+00
16 120 2.608770e-03 8.249656e-03 0 1 0 0 4.724980e-15 0.000000e+00
17 110 3.284247e-03 8.249656e-04 0 1 0 0 2.038361e-18 0.000000e+00
17 111 3.284247e-03 1.038570e-03 0 1 0 0 4.826696e-18 0.000000e+00
17 112 3.284247e-03 1.307482e-03 0 1 0 0 1.284881e-17 0.000000e+00
17 113 3.284247e-03 1.646023e-03 0 1 0 0 3.525413e-17 0.000000e+00
17 114 3.284247e-03 2.072220e-03 0 1 0 0 1.017360e-16 0.000000e+00
17 115 3.284247e-03 2.608770e-03 0 1 0 0 3.120320e-16 0.000000e+00
17 116 3.284247e-03 3.284247e-03 0 1 0 0 -1.143207e-15 0.000000e+00
17 117 3.284247e-03 4.134622e-03 0 1 0 0 -4.613259e-15 0.000000e+00
17 118 3.284247e-03 5.205181e-03 0 1 0 0 -1.991837e-15 0.000000e+00
17 119 3.284247e-03 6.552935e-03 0 1 0 0 1.312130e-15 0.000000e+00
17 120 3.284247e-03 8.249656e-03 0 1 0 0 3.229085e-15 0.000000e+00
18 110 4.134622e-03 8.249656e-04 0 1 0 0 8.546474e-19 0.000000e+00
18 111 4.134622e-03 1.038570e-03 0 1 0 0 1.729765e-18 0.000000e+00
18 112 4.134622e-03 1.307482e-03 0 1 0 0 4.552688e-18 0.000000e+00
18 113 4.134622e-03 1.646023e-03 0 1 0 0 1.226750e-17 0.000000e+00
18 114 4.134622e-03 2.072220e-03 0 1 0 0 3.418073e-17 0.000000e+00
18 115 4.134622e-03 2.608770e-03 0 1 0 0 1.023419e-16 0.000000e+00
18 116 4.134622e-03 3.284247e-03 0 1 0 0 3.421364e-16 0.000000e+00
18 117 4.134622e-03 4.134622e-03 0 1 0 0 -9.112960e-16 0.000000e+00
18 118 4.134622e-03 5.205181e-03 0 1 0 0 -4.122820e-15 0.000000e+00
18 119 4.134622e-03 6.552935e-03 0 1 0 0 -1.725364e-15 0.000000e+00
18 120 4.134622e-03 8.249656e-03 0 1 0 0 1.124159e-15 0.000000e+00
19 110 5.205181e-03 8.249656e-04 0 1 0 0 3.859046e-19 0.000000e+00
19 111 5.205181e-03 1.038570e-03 0 1 0 0 5.567835e-19 0.000000e+00
19 112 5.205181e-03 1.307482e-03 0 1 0 0 1.483022e-18 0.000000e+00
19 113 5.205181e-03 1.646023e-03 0 1 0 0 3.999609e-18 0.000000e+00
19 114 5.205181e-03 2.072220e-03 0 1 0 0 1.081172e-17 0.000000e+00
19 115 5.205181e-03 2.608770e-03 0 1 0 0 3.080508e-17 0.000000e+00
19 116 5.205181e-03 3.284247e-03 0 1 0 0 9.575705e-17 0.000000e+00
19 117 5.205181e-03 4.134622e-03 0 1 0 0 3.487958e-16 0.000000e+00
19 118 5.205181e-03 5.205181e-03 0 1 0 0 -7.011421e-16 0.000000e+00
19 119 5.205181e-03 6.552935e-03 0 1 0 0 -3.613830e-15 0.000000e+00
19 120 5.205181e-03 8.249656e-03 0 1 0 0 -1.459253e-15 0.000000e+00
20 110 6.552935e-03 8.249656e-04 0 1 0 0 2.447685e-19 0.000000e+00
20 111 6.552935e-03 1.038570e-03 0 1 0 0 1.599854e-19 0.000000e+00
20 112 6.552935e-03 1.307482e-03 0 1 0 0 4.669570e-19 0.000000e+00
20 113 6.552935e-03 1.646023e-03 0 1 0 0 1.271379e-18 0.000000e+00
20 114 6.552935e-03 2.072220e-03 0 1 0 0 3.314971e-18 0.000000e+00
20 115 6.552935e-03 2.608770e-03 0 1 0 0 9.039728e-18 0.000000e+00
20 116 6.552935e-03 3.284247e-03 0 1 0 0 2.612331e-17 0.000000e+00
20 117 6.552935e-03 4.134622e-03 0 1 0 0 8.401688e-17 0.000000e+00
20 118 6.552935e-03 5.205181e-03 0 1 0 0 3.338831e-16 0.000000e+00
20 119 6.552935e-03 6.552935e-03 0 1 0 0 -5.236597e-16 0.000000e+00
20 120 6.552935e-03 8.249656e-03 0 1 0 0 -3.114523e-15 0.000000e+00
21 110 8.249656e-03 8.249656e-04 0 1 0 0 1.827049e-19 0.000000e+00
21 111 8.249656e-03 1.038570e-03 0 1 0 0 2.308942e-20 0.000000e+00
21 112 8.249656e-03 1.307482e-03 0 1 0 0 1.203694e-19 0.000000e+00
21 113 8.249656e-03 1.646023e-03 0 1 0 0 3.699081e-19 0.000000e+00
21 114 8.249656e-03 2.072220e-03 0 1 0 0 9.555303e-19 0.000000e+00
21 115 8.249656e-03 2.608770e-03 0 1 0 0 2.550703e-18 0.000000e+00
21 116 8.249656e-03 3.284247e-03 0 1 0 0 7.071089e-18 0.000000e+00
21 117 8.249656e-03 4.134622e-03 0 1 0 0 2.086219e-17 0.000000e+00
21 118 8.249656e-03 5.205181e-03 0 1 0 0 6.950058e-17 0.000000e+00
21 119 8.249656e-03 6.552935e-03 0 1 0 0 3.022249e-16 0.000000e+00
21 120 8.249656e-03 8.249656e-03 0 1 0 0 -3.840650e-16 0.000000e+00
