# Please cite the following papers in research using this covariance:
# arXiv: 1601.05779, https://arxiv.org/abs/1601.05779
# arXiv: 1911.11947, https://arxiv.org/abs/1911.11947
# arXiv: 2004.04833, https://arxiv.org/abs/2004.04833
# arXiv: 1804.10663, https://arxiv.org/abs/1804.10663
########################################################
121 209 8.249656e-04 8.249656e-04 0 1 3 3 4.606728e-17 0.000000e+00
121 210 8.249656e-04 1.038570e-03 0 1 3 3 4.550681e-17 0.000000e+00
121 211 8.249656e-04 1.307482e-03 0 1 3 3 3.275967e-17 0.000000e+00
121 212 8.249656e-04 1.646023e-03 0 1 3 3 1.991912e-17 0.000000e+00
121 213 8.249656e-04 2.072220e-03 0 1 3 3 1.086631e-17 0.000000e+00
121 214 8.249656e-04 2.608770e-03 0 1 3 3 5.466814e-18 0.000000e+00
121 215 8.249656e-04 3.284247e-03 0 1 3 3 2.579075e-18 0.000000e+00
121 216 8.249656e-04 4.134622e-03 0 1 3 3 1.156699e-18 0.000000e+00
121 217 8.249656e-04 5.205181e-03 0 1 3 3 5.003415e-19 0.000000e+00
121 218 8.249656e-04 6.552935e-03 0 1 3 3 2.120994e-19 0.000000e+00
121 219 8.249656e-04 8.249656e-03 0 1 3 3 8.970355e-20 0.000000e+00
122 209 1.038570e-03 8.249656e-04 0 1 3 3 4.550681e-17 0.000000e+00
122 210 1.038570e-03 1.038570e-03 0 1 3 3 6.898393e-17 0.000000e+00
122 211 1.038570e-03 1.307482e-03 0 1 3 3 6.594160e-17 0.000000e+00
122 212 1.038570e-03 1.646023e-03 0 1 3 3 4.512494e-17 0.000000e+00
122 213 1.038570e-03 2.072220e-03 0 1 3 3 2.596227e-17 0.000000e+00
122 214 1.038570e-03 2.608770e-03 0 1 3 3 1.340406e-17 0.000000e+00
122 215 1.038570e-03 3.284247e-03 0 1 3 3 6.405423e-18 0.000000e+00
122 216 1.038570e-03 4.134622e-03 0 1 3 3 2.890810e-18 0.000000e+00
122 217 1.038570e-03 5.205181e-03 0 1 3 3 1.254022e-18 0.000000e+00
122 218 1.038570e-03 6.552935e-03 0 1 3 3 5.322241e-19 0.000000e+00
122 219 1.038570e-03 8.249656e-03 0 1 3 3 2.251975e-19 0.000000e+00
123 209 1.307482e-03 8.249656e-04 0 1 3 3 3.275967e-17 0.000000e+00
123 210 1.307482e-03 1.038570e-03 0 1 3 3 6.594160e-17 0.000000e+00
123 211 1.307482e-03 1.307482e-03 0 1 3 3 9.956038e-17 0.000000e+00
123 212 1.307482e-03 1.646023e-03 0 1 3 3 9.175663e-17 0.000000e+00
123 213 1.307482e-03 2.072220e-03 0 1 3 3 5.940190e-17 0.000000e+00
123 214 1.307482e-03 2.608770e-03 0 1 3 3 3.226051e-17 0.000000e+00
123 215 1.307482e-03 3.284247e-03 0 1 3 3 1.578101e-17 0.000000e+00
123 216 1.307482e-03 4.134622e-03 0 1 3 3 7.199965e-18 0.000000e+00
123 217 1.307482e-03 5.205181e-03 0 1 3 3 3.138444e-18 0.000000e+00
123 218 1.307482e-03 6.552935e-03 0 1 3 3 1.334713e-18 0.000000e+00
123 219 1.307482e-03 8.249656e-03 0 1 3 3 5.651860e-19 0.000000e+00
124 209 1.646023e-03 8.249656e-04 0 1 3 3 1.991912e-17 0.000000e+00
124 210 1.646023e-03 1.038570e-03 0 1 3 3 4.512494e-17 0.000000e+00
124 211 1.646023e-03 1.307482e-03 0 1 3 3 9.175663e-17 0.000000e+00
124 212 1.646023e-03 1.646023e-03 0 1 3 3 1.382104e-16 0.000000e+00
124 213 1.646023e-03 2.072220e-03 0 1 3 3 1.223990e-16 0.000000e+00
124 214 1.646023e-03 2.608770e-03 0 1 3 3 7.467965e-17 0.000000e+00
124 215 1.646023e-03 3.284247e-03 0 1 3 3 3.828199e-17 0.000000e+00
124 216 1.646023e-03 4.134622e-03 0 1 3 3 1.782149e-17 0.000000e+00
124 217 1.646023e-03 5.205181e-03 0 1 3 3 7.835241e-18 0.000000e+00
124 218 1.646023e-03 6.552935e-03 0 1 3 3 3.343566e-18 0.000000e+00
124 219 1.646023e-03 8.249656e-03 0 1 3 3 1.417354e-18 0.000000e+00
125 209 2.072220e-03 8.249656e-04 0 1 3 3 1.086631e-17 0.000000e+00
125 210 2.072220e-03 1.038570e-03 0 1 3 3 2.596227e-17 0.000000e+00
125 211 2.072220e-03 1.307482e-03 0 1 3 3 5.940190e-17 0.000000e+00
125 212 2.072220e-03 1.646023e-03 0 1 3 3 1.223990e-16 0.000000e+00
125 213 2.072220e-03 2.072220e-03 0 1 3 3 1.843601e-16 0.000000e+00
125 214 2.072220e-03 2.608770e-03 0 1 3 3 1.564557e-16 0.000000e+00
125 215 2.072220e-03 3.284247e-03 0 1 3 3 8.977999e-17 0.000000e+00
125 216 2.072220e-03 4.134622e-03 0 1 3 3 4.357355e-17 0.000000e+00
125 217 2.072220e-03 5.205181e-03 0 1 3 3 1.947177e-17 0.000000e+00
125 218 2.072220e-03 6.552935e-03 0 1 3 3 8.360529e-18 0.000000e+00
125 219 2.072220e-03 8.249656e-03 0 1 3 3 3.551366e-18 0.000000e+00
126 209 2.608770e-03 8.249656e-04 0 1 3 3 5.466814e-18 0.000000e+00
126 210 2.608770e-03 1.038570e-03 0 1 3 3 1.340406e-17 0.000000e+00
126 211 2.608770e-03 1.307482e-03 0 1 3 3 3.226051e-17 0.000000e+00
126 212 2.608770e-03 1.646023e-03 0 1 3 3 7.467965e-17 0.000000e+00
126 213 2.608770e-03 2.072220e-03 0 1 3 3 1.564557e-16 0.000000e+00
126 214 2.608770e-03 2.608770e-03 0 1 3 3 2.363472e-16 0.000000e+00
126 215 2.608770e-03 3.284247e-03 0 1 3 3 1.918478e-16 0.000000e+00
126 216 2.608770e-03 4.134622e-03 0 1 3 3 1.035861e-16 0.000000e+00
126 217 2.608770e-03 5.205181e-03 0 1 3 3 4.794356e-17 0.000000e+00
126 218 2.608770e-03 6.552935e-03 0 1 3 3 2.083471e-17 0.000000e+00
126 219 2.608770e-03 8.249656e-03 0 1 3 3 8.883833e-18 0.000000e+00
127 209 3.284247e-03 8.249656e-04 0 1 3 3 2.579075e-18 0.000000e+00
127 210 3.284247e-03 1.038570e-03 0 1 3 3 6.405423e-18 0.000000e+00
127 211 3.284247e-03 1.307482e-03 0 1 3 3 1.578101e-17 0.000000e+00
127 212 3.284247e-03 1.646023e-03 0 1 3 3 3.828199e-17 0.000000e+00
127 213 3.284247e-03 2.072220e-03 0 1 3 3 8.977999e-17 0.000000e+00
127 214 3.284247e-03 2.608770e-03 0 1 3 3 1.918478e-16 0.000000e+00
127 215 3.284247e-03 3.284247e-03 0 1 3 3 2.916534e-16 0.000000e+00
127 216 3.284247e-03 4.134622e-03 0 1 3 3 2.263301e-16 0.000000e+00
127 217 3.284247e-03 5.205181e-03 0 1 3 3 1.154458e-16 0.000000e+00
127 218 3.284247e-03 6.552935e-03 0 1 3 3 5.156456e-17 0.000000e+00
127 219 3.284247e-03 8.249656e-03 0 1 3 3 2.216051e-17 0.000000e+00
128 209 4.134622e-03 8.249656e-04 0 1 3 3 1.156699e-18 0.000000e+00
128 210 4.134622e-03 1.038570e-03 0 1 3 3 2.890810e-18 0.000000e+00
128 211 4.134622e-03 1.307482e-03 0 1 3 3 7.199965e-18 0.000000e+00
128 212 4.134622e-03 1.646023e-03 0 1 3 3 1.782149e-17 0.000000e+00
128 213 4.134622e-03 2.072220e-03 0 1 3 3 4.357355e-17 0.000000e+00
128 214 4.134622e-03 2.608770e-03 0 1 3 3 1.035861e-16 0.000000e+00
128 215 4.134622e-03 3.284247e-03 0 1 3 3 2.263301e-16 0.000000e+00
128 216 4.134622e-03 4.134622e-03 0 1 3 3 3.475003e-16 0.000000e+00
128 217 4.134622e-03 5.205181e-03 0 1 3 3 2.581745e-16 0.000000e+00
128 218 4.134622e-03 6.552935e-03 0 1 3 3 1.254673e-16 0.000000e+00
128 219 4.134622e-03 8.249656e-03 0 1 3 3 5.497666e-17 0.000000e+00
129 209 5.205181e-03 8.249656e-04 0 1 3 3 5.003415e-19 0.000000e+00
129 210 5.205181e-03 1.038570e-03 0 1 3 3 1.254022e-18 0.000000e+00
129 211 5.205181e-03 1.307482e-03 0 1 3 3 3.138444e-18 0.000000e+00
129 212 5.205181e-03 1.646023e-03 0 1 3 3 7.835241e-18 0.000000e+00
129 213 5.205181e-03 2.072220e-03 0 1 3 3 1.947177e-17 0.000000e+00
129 214 5.205181e-03 2.608770e-03 0 1 3 3 4.794356e-17 0.000000e+00
129 215 5.205181e-03 3.284247e-03 0 1 3 3 1.154458e-16 0.000000e+00
129 216 5.205181e-03 4.134622e-03 0 1 3 3 2.581745e-16 0.000000e+00
129 217 5.205181e-03 5.205181e-03 0 1 3 3 4.016392e-16 0.000000e+00
129 218 5.205181e-03 6.552935e-03 0 1 3 3 2.868143e-16 0.000000e+00
129 219 5.205181e-03 8.249656e-03 0 1 3 3 1.346160e-16 0.000000e+00
130 209 6.552935e-03 8.249656e-04 0 1 3 3 2.120994e-19 0.000000e+00
130 210 6.552935e-03 1.038570e-03 0 1 3 3 5.322241e-19 0.000000e+00
130 211 6.552935e-03 1.307482e-03 0 1 3 3 1.334713e-18 0.000000e+00
130 212 6.552935e-03 1.646023e-03 0 1 3 3 3.343566e-18 0.000000e+00
130 213 6.552935e-03 2.072220e-03 0 1 3 3 8.360529e-18 0.000000e+00
130 214 6.552935e-03 2.608770e-03 0 1 3 3 2.083471e-17 0.000000e+00
130 215 6.552935e-03 3.284247e-03 0 1 3 3 5.156456e-17 0.000000e+00
130 216 6.552935e-03 4.134622e-03 0 1 3 3 1.254673e-16 0.000000e+00
130 217 6.552935e-03 5.205181e-03 0 1 3 3 2.868143e-16 0.000000e+00
130 218 6.552935e-03 6.552935e-03 0 1 3 3 4.531313e-16 0.000000e+00
130 219 6.552935e-03 8.249656e-03 0 1 3 3 3.132298e-16 0.000000e+00
131 209 8.249656e-03 8.249656e-04 0 1 3 3 8.970355e-20 0.000000e+00
131 210 8.249656e-03 1.038570e-03 0 1 3 3 2.251975e-19 0.000000e+00
131 211 8.249656e-03 1.307482e-03 0 1 3 3 5.651860e-19 0.000000e+00
131 212 8.249656e-03 1.646023e-03 0 1 3 3 1.417354e-18 0.000000e+00
131 213 8.249656e-03 2.072220e-03 0 1 3 3 3.551366e-18 0.000000e+00
131 214 8.249656e-03 2.608770e-03 0 1 3 3 8.883833e-18 0.000000e+00
131 215 8.249656e-03 3.284247e-03 0 1 3 3 2.216051e-17 0.000000e+00
131 216 8.249656e-03 4.134622e-03 0 1 3 3 5.497666e-17 0.000000e+00
131 217 8.249656e-03 5.205181e-03 0 1 3 3 1.346160e-16 0.000000e+00
131 218 8.249656e-03 6.552935e-03 0 1 3 3 3.132298e-16 0.000000e+00
131 219 8.249656e-03 8.249656e-03 0 1 3 3 5.028643e-16 0.000000e+00
