# Please cite the following papers in research using this covariance:
# arXiv: 1601.05779, https://arxiv.org/abs/1601.05779
# arXiv: 1911.11947, https://arxiv.org/abs/1911.11947
# arXiv: 2004.04833, https://arxiv.org/abs/2004.04833
# arXiv: 1804.10663, https://arxiv.org/abs/1804.10663
########################################################
11 132 8.249656e-04 8.249656e-04 0 1 0 2 -2.842880e-15 0.000000e+00
11 133 8.249656e-04 1.038570e-03 0 1 0 2 -8.077057e-15 0.000000e+00
11 134 8.249656e-04 1.307482e-03 0 1 0 2 -3.672196e-15 0.000000e+00
11 135 8.249656e-04 1.646023e-03 0 1 0 2 3.504515e-15 0.000000e+00
11 136 8.249656e-04 2.072220e-03 0 1 0 2 8.876035e-15 0.000000e+00
11 137 8.249656e-04 2.608770e-03 0 1 0 2 1.169812e-14 0.000000e+00
11 138 8.249656e-04 3.284247e-03 0 1 0 2 1.249814e-14 0.000000e+00
11 139 8.249656e-04 4.134622e-03 0 1 0 2 1.202279e-14 0.000000e+00
11 140 8.249656e-04 5.205181e-03 0 1 0 2 1.089199e-14 0.000000e+00
11 141 8.249656e-04 6.552935e-03 0 1 0 2 9.530603e-15 0.000000e+00
11 142 8.249656e-04 8.249656e-03 0 1 0 2 8.193435e-15 0.000000e+00
12 132 1.038570e-03 8.249656e-04 0 1 0 2 6.256049e-17 0.000000e+00
12 133 1.038570e-03 1.038570e-03 0 1 0 2 -2.686667e-15 0.000000e+00
12 134 1.038570e-03 1.307482e-03 0 1 0 2 -8.008597e-15 0.000000e+00
12 135 1.038570e-03 1.646023e-03 0 1 0 2 -3.661754e-15 0.000000e+00
12 136 1.038570e-03 2.072220e-03 0 1 0 2 3.121644e-15 0.000000e+00
12 137 1.038570e-03 2.608770e-03 0 1 0 2 7.926972e-15 0.000000e+00
12 138 1.038570e-03 3.284247e-03 0 1 0 2 1.025675e-14 0.000000e+00
12 139 1.038570e-03 4.134622e-03 0 1 0 2 1.076339e-14 0.000000e+00
12 140 1.038570e-03 5.205181e-03 0 1 0 2 1.020786e-14 0.000000e+00
12 141 1.038570e-03 6.552935e-03 0 1 0 2 9.165853e-15 0.000000e+00
12 142 1.038570e-03 8.249656e-03 0 1 0 2 8.000208e-15 0.000000e+00
13 132 1.307482e-03 8.249656e-04 0 1 0 2 8.395750e-17 0.000000e+00
13 133 1.307482e-03 1.038570e-03 0 1 0 2 1.723788e-16 0.000000e+00
13 134 1.307482e-03 1.307482e-03 0 1 0 2 -2.460622e-15 0.000000e+00
13 135 1.307482e-03 1.646023e-03 0 1 0 2 -7.778647e-15 0.000000e+00
13 136 1.307482e-03 2.072220e-03 0 1 0 2 -3.544037e-15 0.000000e+00
13 137 1.307482e-03 2.608770e-03 0 1 0 2 2.744209e-15 0.000000e+00
13 138 1.307482e-03 3.284247e-03 0 1 0 2 6.955694e-15 0.000000e+00
13 139 1.307482e-03 4.134622e-03 0 1 0 2 8.846076e-15 0.000000e+00
13 140 1.307482e-03 5.205181e-03 0 1 0 2 9.148251e-15 0.000000e+00
13 141 1.307482e-03 6.552935e-03 0 1 0 2 8.595614e-15 0.000000e+00
13 142 1.307482e-03 8.249656e-03 0 1 0 2 7.696554e-15 0.000000e+00
14 132 1.646023e-03 8.249656e-04 0 1 0 2 4.224621e-17 0.000000e+00
14 133 1.646023e-03 1.038570e-03 0 1 0 2 1.123334e-16 0.000000e+00
14 134 1.646023e-03 1.307482e-03 0 1 0 2 2.809239e-16 0.000000e+00
14 135 1.646023e-03 1.646023e-03 0 1 0 2 -2.175323e-15 0.000000e+00
14 136 1.646023e-03 2.072220e-03 0 1 0 2 -7.392039e-15 0.000000e+00
14 137 1.646023e-03 2.608770e-03 0 1 0 2 -3.326270e-15 0.000000e+00
14 138 1.646023e-03 3.284247e-03 0 1 0 2 2.388183e-15 0.000000e+00
14 139 1.646023e-03 4.134622e-03 0 1 0 2 6.011871e-15 0.000000e+00
14 140 1.646023e-03 5.205181e-03 0 1 0 2 7.532218e-15 0.000000e+00
14 141 1.646023e-03 6.552935e-03 0 1 0 2 7.711725e-15 0.000000e+00
14 142 1.646023e-03 8.249656e-03 0 1 0 2 7.221713e-15 0.000000e+00
15 132 2.072220e-03 8.249656e-04 0 1 0 2 1.782759e-17 0.000000e+00
15 133 2.072220e-03 1.038570e-03 0 1 0 2 4.761398e-17 0.000000e+00
15 134 2.072220e-03 1.307482e-03 0 1 0 2 1.331845e-16 0.000000e+00
15 135 2.072220e-03 1.646023e-03 0 1 0 2 3.749631e-16 0.000000e+00
15 136 2.072220e-03 2.072220e-03 0 1 0 2 -1.853334e-15 0.000000e+00
15 137 2.072220e-03 2.608770e-03 0 1 0 2 -6.869544e-15 0.000000e+00
15 138 2.072220e-03 3.284247e-03 0 1 0 2 -3.027906e-15 0.000000e+00
15 139 2.072220e-03 4.134622e-03 0 1 0 2 2.064254e-15 0.000000e+00
15 140 2.072220e-03 5.205181e-03 0 1 0 2 5.135796e-15 0.000000e+00
15 141 2.072220e-03 6.552935e-03 0 1 0 2 6.361971e-15 0.000000e+00
15 142 2.072220e-03 8.249656e-03 0 1 0 2 6.485569e-15 0.000000e+00
16 132 2.608770e-03 8.249656e-04 0 1 0 2 6.945248e-18 0.000000e+00
16 133 2.608770e-03 1.038570e-03 0 1 0 2 1.779948e-17 0.000000e+00
16 134 2.608770e-03 1.307482e-03 0 1 0 2 4.903957e-17 0.000000e+00
16 135 2.608770e-03 1.646023e-03 0 1 0 2 1.428114e-16 0.000000e+00
16 136 2.608770e-03 2.072220e-03 0 1 0 2 4.431187e-16 0.000000e+00
16 137 2.608770e-03 2.608770e-03 0 1 0 2 -1.520470e-15 0.000000e+00
16 138 2.608770e-03 3.284247e-03 0 1 0 2 -6.245205e-15 0.000000e+00
16 139 2.608770e-03 4.134622e-03 0 1 0 2 -2.677142e-15 0.000000e+00
16 140 2.608770e-03 5.205181e-03 0 1 0 2 1.778110e-15 0.000000e+00
16 141 2.608770e-03 6.552935e-03 0 1 0 2 4.355756e-15 0.000000e+00
16 142 2.608770e-03 8.249656e-03 0 1 0 2 5.360794e-15 0.000000e+00
17 132 3.284247e-03 8.249656e-04 0 1 0 2 2.586607e-18 0.000000e+00
17 133 3.284247e-03 1.038570e-03 0 1 0 2 6.122117e-18 0.000000e+00
17 134 3.284247e-03 1.307482e-03 0 1 0 2 1.655766e-17 0.000000e+00
17 135 3.284247e-03 1.646023e-03 0 1 0 2 4.659731e-17 0.000000e+00
17 136 3.284247e-03 2.072220e-03 0 1 0 2 1.408788e-16 0.000000e+00
17 137 3.284247e-03 2.608770e-03 0 1 0 2 4.786723e-16 0.000000e+00
17 138 3.284247e-03 3.284247e-03 0 1 0 2 -1.202499e-15 0.000000e+00
17 139 3.284247e-03 4.134622e-03 0 1 0 2 -5.560868e-15 0.000000e+00
17 140 3.284247e-03 5.205181e-03 0 1 0 2 -2.304900e-15 0.000000e+00
17 141 3.284247e-03 6.552935e-03 0 1 0 2 1.531647e-15 0.000000e+00
17 142 3.284247e-03 8.249656e-03 0 1 0 2 3.687013e-15 0.000000e+00
18 132 4.134622e-03 8.249656e-04 0 1 0 2 1.016988e-18 0.000000e+00
18 133 4.134622e-03 1.038570e-03 0 1 0 2 1.974747e-18 0.000000e+00
18 134 4.134622e-03 1.307482e-03 0 1 0 2 5.264754e-18 0.000000e+00
18 135 4.134622e-03 1.646023e-03 0 1 0 2 1.441173e-17 0.000000e+00
18 136 4.134622e-03 2.072220e-03 0 1 0 2 4.116795e-17 0.000000e+00
18 137 4.134622e-03 2.608770e-03 0 1 0 2 1.292514e-16 0.000000e+00
18 138 4.134622e-03 3.284247e-03 0 1 0 2 4.804570e-16 0.000000e+00
18 139 4.134622e-03 4.134622e-03 0 1 0 2 -9.201593e-16 0.000000e+00
18 140 4.134622e-03 5.205181e-03 0 1 0 2 -4.859515e-15 0.000000e+00
18 141 4.134622e-03 6.552935e-03 0 1 0 2 -1.939829e-15 0.000000e+00
18 142 4.134622e-03 8.249656e-03 0 1 0 2 1.324146e-15 0.000000e+00
19 132 5.205181e-03 8.249656e-04 0 1 0 2 4.606158e-19 0.000000e+00
19 133 5.205181e-03 1.038570e-03 0 1 0 2 5.808571e-19 0.000000e+00
19 134 5.205181e-03 1.307482e-03 0 1 0 2 1.576839e-18 0.000000e+00
19 135 5.205181e-03 1.646023e-03 0 1 0 2 4.301567e-18 0.000000e+00
19 136 5.205181e-03 2.072220e-03 0 1 0 2 1.173762e-17 0.000000e+00
19 137 5.205181e-03 2.608770e-03 0 1 0 2 3.419243e-17 0.000000e+00
19 138 5.205181e-03 3.284247e-03 0 1 0 2 1.112484e-16 0.000000e+00
19 139 5.205181e-03 4.134622e-03 0 1 0 2 4.528061e-16 0.000000e+00
19 140 5.205181e-03 5.205181e-03 0 1 0 2 -6.868920e-16 0.000000e+00
19 141 5.205181e-03 6.552935e-03 0 1 0 2 -4.179842e-15 0.000000e+00
19 142 5.205181e-03 8.249656e-03 0 1 0 2 -1.604020e-15 0.000000e+00
20 132 6.552935e-03 8.249656e-04 0 1 0 2 3.038598e-19 0.000000e+00
20 133 6.552935e-03 1.038570e-03 0 1 0 2 1.311166e-19 0.000000e+00
20 134 6.552935e-03 1.307482e-03 0 1 0 2 4.338347e-19 0.000000e+00
20 135 6.552935e-03 1.646023e-03 0 1 0 2 1.228734e-18 0.000000e+00
20 136 6.552935e-03 2.072220e-03 0 1 0 2 3.242170e-18 0.000000e+00
20 137 6.552935e-03 2.608770e-03 0 1 0 2 9.021441e-18 0.000000e+00
20 138 6.552935e-03 3.284247e-03 0 1 0 2 2.677450e-17 0.000000e+00
20 139 6.552935e-03 4.134622e-03 0 1 0 2 9.029883e-17 0.000000e+00
20 140 6.552935e-03 5.205181e-03 0 1 0 2 4.036646e-16 0.000000e+00
20 141 6.552935e-03 6.552935e-03 0 1 0 2 -5.077467e-16 0.000000e+00
20 142 6.552935e-03 8.249656e-03 0 1 0 2 -3.552287e-15 0.000000e+00
21 132 8.249656e-03 8.249656e-04 0 1 0 2 2.430917e-19 0.000000e+00
21 133 8.249656e-03 1.038570e-03 0 1 0 2 3.903914e-21 0.000000e+00
21 134 8.249656e-03 1.307482e-03 0 1 0 2 1.057984e-19 0.000000e+00
21 135 8.249656e-03 1.646023e-03 0 1 0 2 3.524867e-19 0.000000e+00
21 136 8.249656e-03 2.072220e-03 0 1 0 2 8.926178e-19 0.000000e+00
21 137 8.249656e-03 2.608770e-03 0 1 0 2 2.372186e-18 0.000000e+00
21 138 8.249656e-03 3.284247e-03 0 1 0 2 6.612511e-18 0.000000e+00
21 139 8.249656e-03 4.134622e-03 0 1 0 2 1.991762e-17 0.000000e+00
21 140 8.249656e-03 5.205181e-03 0 1 0 2 6.949300e-17 0.000000e+00
21 141 8.249656e-03 6.552935e-03 0 1 0 2 3.422301e-16 0.000000e+00
21 142 8.249656e-03 8.249656e-03 0 1 0 2 -3.808719e-16 0.000000e+00
