# Please cite the following papers in research using this covariance:
# arXiv: 1601.05779, https://arxiv.org/abs/1601.05779
# arXiv: 1911.11947, https://arxiv.org/abs/1911.11947
# arXiv: 2004.04833, https://arxiv.org/abs/2004.04833
# arXiv: 1804.10663, https://arxiv.org/abs/1804.10663
########################################################
88 154 8.249656e-04 8.249656e-04 2 3 1 1 -2.695570e-17 0.000000e+00
88 155 8.249656e-04 1.038570e-03 2 3 1 1 -3.343622e-17 0.000000e+00
88 156 8.249656e-04 1.307482e-03 2 3 1 1 3.360222e-17 0.000000e+00
88 157 8.249656e-04 1.646023e-03 2 3 1 1 2.040525e-16 0.000000e+00
88 158 8.249656e-04 2.072220e-03 2 3 1 1 4.597414e-16 0.000000e+00
88 159 8.249656e-04 2.608770e-03 2 3 1 1 7.627558e-16 0.000000e+00
88 160 8.249656e-04 3.284247e-03 2 3 1 1 1.074136e-15 0.000000e+00
88 161 8.249656e-04 4.134622e-03 2 3 1 1 1.365134e-15 0.000000e+00
88 162 8.249656e-04 5.205181e-03 2 3 1 1 1.622257e-15 0.000000e+00
88 163 8.249656e-04 6.552935e-03 2 3 1 1 1.847991e-15 0.000000e+00
88 164 8.249656e-04 8.249656e-03 2 3 1 1 2.058401e-15 0.000000e+00
89 154 1.038570e-03 8.249656e-04 2 3 1 1 -1.758577e-17 0.000000e+00
89 155 1.038570e-03 1.038570e-03 2 3 1 1 -4.496528e-17 0.000000e+00
89 156 1.038570e-03 1.307482e-03 2 3 1 1 -6.193820e-17 0.000000e+00
89 157 1.038570e-03 1.646023e-03 2 3 1 1 2.270883e-17 0.000000e+00
89 158 1.038570e-03 2.072220e-03 2 3 1 1 2.399569e-16 0.000000e+00
89 159 1.038570e-03 2.608770e-03 2 3 1 1 5.495493e-16 0.000000e+00
89 160 1.038570e-03 3.284247e-03 2 3 1 1 8.933779e-16 0.000000e+00
89 161 1.038570e-03 4.134622e-03 2 3 1 1 1.225052e-15 0.000000e+00
89 162 1.038570e-03 5.205181e-03 2 3 1 1 1.520146e-15 0.000000e+00
89 163 1.038570e-03 6.552935e-03 2 3 1 1 1.776427e-15 0.000000e+00
89 164 1.038570e-03 8.249656e-03 2 3 1 1 2.009245e-15 0.000000e+00
90 154 1.307482e-03 8.249656e-04 2 3 1 1 -8.910017e-18 0.000000e+00
90 155 1.307482e-03 1.038570e-03 2 3 1 1 -2.570234e-17 0.000000e+00
90 156 1.307482e-03 1.307482e-03 2 3 1 1 -6.777859e-17 0.000000e+00
90 157 1.307482e-03 1.646023e-03 2 3 1 1 -1.014789e-16 0.000000e+00
90 158 1.307482e-03 2.072220e-03 2 3 1 1 3.289392e-18 0.000000e+00
90 159 1.307482e-03 2.608770e-03 2 3 1 1 2.733674e-16 0.000000e+00
90 160 1.307482e-03 3.284247e-03 2 3 1 1 6.371191e-16 0.000000e+00
90 161 1.307482e-03 4.134622e-03 2 3 1 1 1.016714e-15 0.000000e+00
90 162 1.307482e-03 5.205181e-03 2 3 1 1 1.364197e-15 0.000000e+00
90 163 1.307482e-03 6.552935e-03 2 3 1 1 1.665475e-15 0.000000e+00
90 164 1.307482e-03 8.249656e-03 2 3 1 1 1.932371e-15 0.000000e+00
91 154 1.646023e-03 8.249656e-04 2 3 1 1 -3.790957e-18 0.000000e+00
91 155 1.646023e-03 1.038570e-03 2 3 1 1 -1.168090e-17 0.000000e+00
91 156 1.646023e-03 1.307482e-03 2 3 1 1 -3.340145e-17 0.000000e+00
91 157 1.646023e-03 1.646023e-03 2 3 1 1 -9.478850e-17 0.000000e+00
91 158 1.646023e-03 2.072220e-03 2 3 1 1 -1.517498e-16 0.000000e+00
91 159 1.646023e-03 2.608770e-03 2 3 1 1 -2.344278e-17 0.000000e+00
91 160 1.646023e-03 3.284247e-03 2 3 1 1 3.039854e-16 0.000000e+00
91 161 1.646023e-03 4.134622e-03 2 3 1 1 7.203517e-16 0.000000e+00
91 162 1.646023e-03 5.205181e-03 2 3 1 1 1.131737e-15 0.000000e+00
91 163 1.646023e-03 6.552935e-03 2 3 1 1 1.495813e-15 0.000000e+00
91 164 1.646023e-03 8.249656e-03 2 3 1 1 1.813123e-15 0.000000e+00
92 154 2.072220e-03 8.249656e-04 2 3 1 1 -1.245885e-18 0.000000e+00
92 155 2.072220e-03 1.038570e-03 2 3 1 1 -4.654685e-18 0.000000e+00
92 156 2.072220e-03 1.307482e-03 2 3 1 1 -1.303571e-17 0.000000e+00
92 157 2.072220e-03 1.646023e-03 2 3 1 1 -3.969919e-17 0.000000e+00
92 158 2.072220e-03 2.072220e-03 2 3 1 1 -1.239410e-16 0.000000e+00
92 159 2.072220e-03 2.608770e-03 2 3 1 1 -2.100357e-16 0.000000e+00
92 160 2.072220e-03 3.284247e-03 2 3 1 1 -5.452615e-17 0.000000e+00
92 161 2.072220e-03 4.134622e-03 2 3 1 1 3.331889e-16 0.000000e+00
92 162 2.072220e-03 5.205181e-03 2 3 1 1 7.998549e-16 0.000000e+00
92 163 2.072220e-03 6.552935e-03 2 3 1 1 1.242393e-15 0.000000e+00
92 164 2.072220e-03 8.249656e-03 2 3 1 1 1.630618e-15 0.000000e+00
93 154 2.608770e-03 8.249656e-04 2 3 1 1 -1.492123e-19 0.000000e+00
93 155 2.608770e-03 1.038570e-03 2 3 1 1 -1.659549e-18 0.000000e+00
93 156 2.608770e-03 1.307482e-03 2 3 1 1 -4.432885e-18 0.000000e+00
93 157 2.608770e-03 1.646023e-03 2 3 1 1 -1.299085e-17 0.000000e+00
93 158 2.608770e-03 2.072220e-03 2 3 1 1 -4.332708e-17 0.000000e+00
93 159 2.608770e-03 2.608770e-03 2 3 1 1 -1.519865e-16 0.000000e+00
93 160 2.608770e-03 3.284247e-03 2 3 1 1 -2.722299e-16 0.000000e+00
93 161 2.608770e-03 4.134622e-03 2 3 1 1 -8.545098e-17 0.000000e+00
93 162 2.608770e-03 5.205181e-03 2 3 1 1 3.638030e-16 0.000000e+00
93 163 2.608770e-03 6.552935e-03 2 3 1 1 8.793479e-16 0.000000e+00
93 164 2.608770e-03 8.249656e-03 2 3 1 1 1.357609e-15 0.000000e+00
94 154 3.284247e-03 8.249656e-04 2 3 1 1 2.596269e-19 0.000000e+00
94 155 3.284247e-03 1.038570e-03 2 3 1 1 -5.569198e-19 0.000000e+00
94 156 3.284247e-03 1.307482e-03 2 3 1 1 -1.329906e-18 0.000000e+00
94 157 3.284247e-03 1.646023e-03 2 3 1 1 -3.625972e-18 0.000000e+00
94 158 3.284247e-03 2.072220e-03 2 3 1 1 -1.165251e-17 0.000000e+00
94 159 3.284247e-03 2.608770e-03 2 3 1 1 -4.311495e-17 0.000000e+00
94 160 3.284247e-03 3.284247e-03 2 3 1 1 -1.760181e-16 0.000000e+00
94 161 3.284247e-03 4.134622e-03 2 3 1 1 -3.334329e-16 0.000000e+00
94 162 3.284247e-03 5.205181e-03 2 3 1 1 -1.112989e-16 0.000000e+00
94 163 3.284247e-03 6.552935e-03 2 3 1 1 3.995865e-16 0.000000e+00
94 164 3.284247e-03 8.249656e-03 2 3 1 1 9.654622e-16 0.000000e+00
95 154 4.134622e-03 8.249656e-04 2 3 1 1 3.896661e-19 0.000000e+00
95 155 4.134622e-03 1.038570e-03 2 3 1 1 -2.102659e-19 0.000000e+00
95 156 4.134622e-03 1.307482e-03 2 3 1 1 -3.734376e-19 0.000000e+00
95 157 4.134622e-03 1.646023e-03 2 3 1 1 -8.297848e-19 0.000000e+00
95 158 4.134622e-03 2.072220e-03 2 3 1 1 -2.660400e-18 0.000000e+00
95 159 4.134622e-03 2.608770e-03 2 3 1 1 -9.169928e-18 0.000000e+00
95 160 4.134622e-03 3.284247e-03 2 3 1 1 -3.916218e-17 0.000000e+00
95 161 4.134622e-03 4.134622e-03 2 3 1 1 -1.940693e-16 0.000000e+00
95 162 4.134622e-03 5.205181e-03 2 3 1 1 -3.892780e-16 0.000000e+00
95 163 4.134622e-03 6.552935e-03 2 3 1 1 -1.280681e-16 0.000000e+00
95 164 4.134622e-03 8.249656e-03 2 3 1 1 4.446727e-16 0.000000e+00
96 154 5.205181e-03 8.249656e-04 2 3 1 1 4.235097e-19 0.000000e+00
96 155 5.205181e-03 1.038570e-03 2 3 1 1 -1.204408e-19 0.000000e+00
96 156 5.205181e-03 1.307482e-03 2 3 1 1 -1.290953e-19 0.000000e+00
96 157 5.205181e-03 1.646023e-03 2 3 1 1 -1.322933e-19 0.000000e+00
96 158 5.205181e-03 2.072220e-03 2 3 1 1 -5.104993e-19 0.000000e+00
96 159 5.205181e-03 2.608770e-03 2 3 1 1 -1.643983e-18 0.000000e+00
96 160 5.205181e-03 3.284247e-03 2 3 1 1 -6.348687e-18 0.000000e+00
96 161 5.205181e-03 4.134622e-03 2 3 1 1 -3.264246e-17 0.000000e+00
96 162 5.205181e-03 5.205181e-03 2 3 1 1 -2.059153e-16 0.000000e+00
96 163 5.205181e-03 6.552935e-03 2 3 1 1 -4.371667e-16 0.000000e+00
96 164 5.205181e-03 8.249656e-03 2 3 1 1 -1.336704e-16 0.000000e+00
97 154 6.552935e-03 8.249656e-04 2 3 1 1 4.298461e-19 0.000000e+00
97 155 6.552935e-03 1.038570e-03 2 3 1 1 -1.031119e-19 0.000000e+00
97 156 6.552935e-03 1.307482e-03 2 3 1 1 -8.216555e-20 0.000000e+00
97 157 6.552935e-03 1.646023e-03 2 3 1 1 6.221378e-22 0.000000e+00
97 158 6.552935e-03 2.072220e-03 2 3 1 1 -1.080305e-19 0.000000e+00
97 159 6.552935e-03 2.608770e-03 2 3 1 1 -2.925632e-19 0.000000e+00
97 160 6.552935e-03 3.284247e-03 2 3 1 1 -9.806402e-19 0.000000e+00
97 161 6.552935e-03 4.134622e-03 2 3 1 1 -4.104781e-18 0.000000e+00
97 162 6.552935e-03 5.205181e-03 2 3 1 1 -2.560362e-17 0.000000e+00
97 163 6.552935e-03 6.552935e-03 2 3 1 1 -2.133000e-16 0.000000e+00
97 164 6.552935e-03 8.249656e-03 2 3 1 1 -4.771161e-16 0.000000e+00
98 154 8.249656e-03 8.249656e-04 2 3 1 1 4.304689e-19 0.000000e+00
98 155 8.249656e-03 1.038570e-03 2 3 1 1 -1.005394e-19 0.000000e+00
98 156 8.249656e-03 1.307482e-03 2 3 1 1 -7.560678e-20 0.000000e+00
98 157 8.249656e-03 1.646023e-03 2 3 1 1 1.855490e-20 0.000000e+00
98 158 8.249656e-03 2.072220e-03 2 3 1 1 -5.481423e-20 0.000000e+00
98 159 8.249656e-03 2.608770e-03 2 3 1 1 -1.182738e-19 0.000000e+00
98 160 8.249656e-03 3.284247e-03 2 3 1 1 -3.143620e-19 0.000000e+00
98 161 8.249656e-03 4.134622e-03 2 3 1 1 -9.109362e-19 0.000000e+00
98 162 8.249656e-03 5.205181e-03 2 3 1 1 -3.244186e-18 0.000000e+00
98 163 8.249656e-03 6.552935e-03 2 3 1 1 -2.048901e-17 0.000000e+00
98 164 8.249656e-03 8.249656e-03 2 3 1 1 -2.197281e-16 0.000000e+00
