# Please cite the following papers in research using this covariance:
# arXiv: 1601.05779, https://arxiv.org/abs/1601.05779
# arXiv: 1911.11947, https://arxiv.org/abs/1911.11947
# arXiv: 2004.04833, https://arxiv.org/abs/2004.04833
# arXiv: 1804.10663, https://arxiv.org/abs/1804.10663
########################################################
55 187 8.249656e-04 8.249656e-04 1 2 2 2 -5.942438e-15 0.000000e+00
55 188 8.249656e-04 1.038570e-03 1 2 2 2 -1.682692e-14 0.000000e+00
55 189 8.249656e-04 1.307482e-03 1 2 2 2 -7.604675e-15 0.000000e+00
55 190 8.249656e-04 1.646023e-03 1 2 2 2 7.490668e-15 0.000000e+00
55 191 8.249656e-04 2.072220e-03 1 2 2 2 1.891939e-14 0.000000e+00
55 192 8.249656e-04 2.608770e-03 1 2 2 2 2.508368e-14 0.000000e+00
55 193 8.249656e-04 3.284247e-03 1 2 2 2 2.703499e-14 0.000000e+00
55 194 8.249656e-04 4.134622e-03 1 2 2 2 2.630035e-14 0.000000e+00
55 195 8.249656e-04 5.205181e-03 1 2 2 2 2.416535e-14 0.000000e+00
55 196 8.249656e-04 6.552935e-03 1 2 2 2 2.152845e-14 0.000000e+00
55 197 8.249656e-04 8.249656e-03 1 2 2 2 1.894641e-14 0.000000e+00
56 187 1.038570e-03 8.249656e-04 1 2 2 2 1.073194e-16 0.000000e+00
56 188 1.038570e-03 1.038570e-03 1 2 2 2 -5.638852e-15 0.000000e+00
56 189 1.038570e-03 1.307482e-03 1 2 2 2 -1.672025e-14 0.000000e+00
56 190 1.038570e-03 1.646023e-03 1 2 2 2 -7.600982e-15 0.000000e+00
56 191 1.038570e-03 2.072220e-03 1 2 2 2 6.723969e-15 0.000000e+00
56 192 1.038570e-03 2.608770e-03 1 2 2 2 1.702423e-14 0.000000e+00
56 193 1.038570e-03 3.284247e-03 1 2 2 2 2.219551e-14 0.000000e+00
56 194 1.038570e-03 4.134622e-03 1 2 2 2 2.354760e-14 0.000000e+00
56 195 1.038570e-03 5.205181e-03 1 2 2 2 2.264785e-14 0.000000e+00
56 196 1.038570e-03 6.552935e-03 1 2 2 2 2.070462e-14 0.000000e+00
56 197 1.038570e-03 8.249656e-03 1 2 2 2 1.849983e-14 0.000000e+00
57 187 1.307482e-03 8.249656e-04 1 2 2 2 1.638816e-16 0.000000e+00
57 188 1.307482e-03 1.038570e-03 1 2 2 2 3.278645e-16 0.000000e+00
57 189 1.307482e-03 1.307482e-03 1 2 2 2 -5.194244e-15 0.000000e+00
57 190 1.307482e-03 1.646023e-03 1 2 2 2 -1.628824e-14 0.000000e+00
57 191 1.307482e-03 2.072220e-03 1 2 2 2 -7.381899e-15 0.000000e+00
57 192 1.307482e-03 2.608770e-03 1 2 2 2 5.965210e-15 0.000000e+00
57 193 1.307482e-03 3.284247e-03 1 2 2 2 1.507743e-14 0.000000e+00
57 194 1.307482e-03 4.134622e-03 1 2 2 2 1.936113e-14 0.000000e+00
57 195 1.307482e-03 5.205181e-03 1 2 2 2 2.029935e-14 0.000000e+00
57 196 1.307482e-03 6.552935e-03 1 2 2 2 1.941745e-14 0.000000e+00
57 197 1.307482e-03 8.249656e-03 1 2 2 2 1.779836e-14 0.000000e+00
58 187 1.646023e-03 8.249656e-04 1 2 2 2 8.362148e-17 0.000000e+00
58 188 1.646023e-03 1.038570e-03 1 2 2 2 2.212824e-16 0.000000e+00
58 189 1.646023e-03 1.307482e-03 1 2 2 2 5.471619e-16 0.000000e+00
58 190 1.646023e-03 1.646023e-03 1 2 2 2 -4.628498e-15 0.000000e+00
58 191 1.646023e-03 2.072220e-03 1 2 2 2 -1.553853e-14 0.000000e+00
58 192 1.646023e-03 2.608770e-03 1 2 2 2 -6.959270e-15 0.000000e+00
58 193 1.646023e-03 3.284247e-03 1 2 2 2 5.249023e-15 0.000000e+00
58 194 1.646023e-03 4.134622e-03 1 2 2 2 1.318291e-14 0.000000e+00
58 195 1.646023e-03 5.205181e-03 1 2 2 2 1.672212e-14 0.000000e+00
58 196 1.646023e-03 6.552935e-03 1 2 2 2 1.742423e-14 0.000000e+00
58 197 1.646023e-03 8.249656e-03 1 2 2 2 1.670226e-14 0.000000e+00
59 187 2.072220e-03 8.249656e-04 1 2 2 2 3.570086e-17 0.000000e+00
59 188 2.072220e-03 1.038570e-03 1 2 2 2 9.482672e-17 0.000000e+00
59 189 2.072220e-03 1.307482e-03 1 2 2 2 2.646022e-16 0.000000e+00
59 190 2.072220e-03 1.646023e-03 1 2 2 2 7.391628e-16 0.000000e+00
59 191 2.072220e-03 2.072220e-03 1 2 2 2 -3.985390e-15 0.000000e+00
59 192 2.072220e-03 2.608770e-03 1 2 2 2 -1.450985e-14 0.000000e+00
59 193 2.072220e-03 3.284247e-03 1 2 2 2 -6.368813e-15 0.000000e+00
59 194 2.072220e-03 4.134622e-03 1 2 2 2 4.600684e-15 0.000000e+00
59 195 2.072220e-03 5.205181e-03 1 2 2 2 1.142836e-14 0.000000e+00
59 196 2.072220e-03 6.552935e-03 1 2 2 2 1.438520e-14 0.000000e+00
59 197 2.072220e-03 8.249656e-03 1 2 2 2 1.500502e-14 0.000000e+00
60 187 2.608770e-03 8.249656e-04 1 2 2 2 1.413543e-17 0.000000e+00
60 188 2.608770e-03 1.038570e-03 1 2 2 2 3.581496e-17 0.000000e+00
60 189 2.608770e-03 1.307482e-03 1 2 2 2 9.858135e-17 0.000000e+00
60 190 2.608770e-03 1.646023e-03 1 2 2 2 2.861550e-16 0.000000e+00
60 191 2.608770e-03 2.072220e-03 1 2 2 2 8.812682e-16 0.000000e+00
60 192 2.608770e-03 2.608770e-03 1 2 2 2 -3.315285e-15 0.000000e+00
60 193 2.608770e-03 3.284247e-03 1 2 2 2 -1.326784e-14 0.000000e+00
60 194 2.608770e-03 4.134622e-03 1 2 2 2 -5.663883e-15 0.000000e+00
60 195 2.608770e-03 5.205181e-03 1 2 2 2 4.036038e-15 0.000000e+00
60 196 2.608770e-03 6.552935e-03 1 2 2 2 9.879539e-15 0.000000e+00
60 197 2.608770e-03 8.249656e-03 1 2 2 2 1.241679e-14 0.000000e+00
61 187 3.284247e-03 8.249656e-04 1 2 2 2 5.398944e-18 0.000000e+00
61 188 3.284247e-03 1.038570e-03 1 2 2 2 1.243917e-17 0.000000e+00
61 189 3.284247e-03 1.307482e-03 1 2 2 2 3.369832e-17 0.000000e+00
61 190 3.284247e-03 1.646023e-03 1 2 2 2 9.465544e-17 0.000000e+00
61 191 3.284247e-03 2.072220e-03 1 2 2 2 2.848303e-16 0.000000e+00
61 192 3.284247e-03 2.608770e-03 1 2 2 2 9.596531e-16 0.000000e+00
61 193 3.284247e-03 3.284247e-03 1 2 2 2 -2.669647e-15 0.000000e+00
61 194 3.284247e-03 4.134622e-03 1 2 2 2 -1.189487e-14 0.000000e+00
61 195 3.284247e-03 5.205181e-03 1 2 2 2 -4.904476e-15 0.000000e+00
61 196 3.284247e-03 6.552935e-03 1 2 2 2 3.563309e-15 0.000000e+00
61 197 3.284247e-03 8.249656e-03 1 2 2 2 8.577322e-15 0.000000e+00
62 187 4.134622e-03 8.249656e-04 1 2 2 2 2.213135e-18 0.000000e+00
62 188 4.134622e-03 1.038570e-03 1 2 2 2 4.029709e-18 0.000000e+00
62 189 4.134622e-03 1.307482e-03 1 2 2 2 1.083625e-17 0.000000e+00
62 190 4.134622e-03 1.646023e-03 1 2 2 2 2.967638e-17 0.000000e+00
62 191 4.134622e-03 2.072220e-03 1 2 2 2 8.445598e-17 0.000000e+00
62 192 4.134622e-03 2.608770e-03 1 2 2 2 2.637754e-16 0.000000e+00
62 193 4.134622e-03 3.284247e-03 1 2 2 2 9.706123e-16 0.000000e+00
62 194 4.134622e-03 4.134622e-03 1 2 2 2 -2.091311e-15 0.000000e+00
62 195 4.134622e-03 5.205181e-03 1 2 2 2 -1.047756e-14 0.000000e+00
62 196 4.134622e-03 6.552935e-03 1 2 2 2 -4.148025e-15 0.000000e+00
62 197 4.134622e-03 8.249656e-03 1 2 2 2 3.185010e-15 0.000000e+00
63 187 5.205181e-03 8.249656e-04 1 2 2 2 1.067061e-18 0.000000e+00
63 188 5.205181e-03 1.038570e-03 1 2 2 2 1.162036e-18 0.000000e+00
63 189 5.205181e-03 1.307482e-03 1 2 2 2 3.258996e-18 0.000000e+00
63 190 5.205181e-03 1.646023e-03 1 2 2 2 8.948130e-18 0.000000e+00
63 191 5.205181e-03 2.072220e-03 1 2 2 2 2.432590e-17 0.000000e+00
63 192 5.205181e-03 2.608770e-03 1 2 2 2 7.069883e-17 0.000000e+00
63 193 5.205181e-03 3.284247e-03 1 2 2 2 2.288327e-16 0.000000e+00
63 194 5.205181e-03 4.134622e-03 1 2 2 2 9.209214e-16 0.000000e+00
63 195 5.205181e-03 5.205181e-03 1 2 2 2 -1.610125e-15 0.000000e+00
63 196 5.205181e-03 6.552935e-03 1 2 2 2 -9.096439e-15 0.000000e+00
63 197 5.205181e-03 8.249656e-03 1 2 2 2 -3.440964e-15 0.000000e+00
64 187 6.552935e-03 8.249656e-04 1 2 2 2 7.398693e-19 0.000000e+00
64 188 6.552935e-03 1.038570e-03 1 2 2 2 2.248080e-19 0.000000e+00
64 189 6.552935e-03 1.307482e-03 1 2 2 2 8.786904e-19 0.000000e+00
64 190 6.552935e-03 1.646023e-03 1 2 2 2 2.557331e-18 0.000000e+00
64 191 6.552935e-03 2.072220e-03 1 2 2 2 6.695520e-18 0.000000e+00
64 192 6.552935e-03 2.608770e-03 1 2 2 2 1.865665e-17 0.000000e+00
64 193 6.552935e-03 3.284247e-03 1 2 2 2 5.535373e-17 0.000000e+00
64 194 6.552935e-03 4.134622e-03 1 2 2 2 1.862449e-16 0.000000e+00
64 195 6.552935e-03 5.205181e-03 1 2 2 2 8.244843e-16 0.000000e+00
64 196 6.552935e-03 6.552935e-03 1 2 2 2 -1.240281e-15 0.000000e+00
64 197 6.552935e-03 8.249656e-03 1 2 2 2 -7.817906e-15 0.000000e+00
65 187 8.249656e-03 8.249656e-04 1 2 2 2 6.125534e-19 0.000000e+00
65 188 8.249656e-03 1.038570e-03 1 2 2 2 -4.130245e-20 0.000000e+00
65 189 8.249656e-03 1.307482e-03 1 2 2 2 1.922289e-19 0.000000e+00
65 190 8.249656e-03 1.646023e-03 1 2 2 2 7.239069e-19 0.000000e+00
65 191 8.249656e-03 2.072220e-03 1 2 2 2 1.781515e-18 0.000000e+00
65 192 8.249656e-03 2.608770e-03 1 2 2 2 4.765292e-18 0.000000e+00
65 193 8.249656e-03 3.284247e-03 1 2 2 2 1.333718e-17 0.000000e+00
65 194 8.249656e-03 4.134622e-03 1 2 2 2 4.041830e-17 0.000000e+00
65 195 8.249656e-03 5.205181e-03 1 2 2 2 1.419134e-16 0.000000e+00
65 196 8.249656e-03 6.552935e-03 1 2 2 2 6.980874e-16 0.000000e+00
65 197 8.249656e-03 8.249656e-03 1 2 2 2 -9.827864e-16 0.000000e+00
