# Please cite the following papers in research using this covariance:
# arXiv: 1601.05779, https://arxiv.org/abs/1601.05779
# arXiv: 1911.11947, https://arxiv.org/abs/1911.11947
# arXiv: 2004.04833, https://arxiv.org/abs/2004.04833
# arXiv: 1804.10663, https://arxiv.org/abs/1804.10663
########################################################
88 187 8.249656e-04 8.249656e-04 2 3 2 2 -1.377875e-14 0.000000e+00
88 188 8.249656e-04 1.038570e-03 2 3 2 2 -4.201351e-14 0.000000e+00
88 189 8.249656e-04 1.307482e-03 2 3 2 2 -1.910111e-14 0.000000e+00
88 190 8.249656e-04 1.646023e-03 2 3 2 2 1.596127e-14 0.000000e+00
88 191 8.249656e-04 2.072220e-03 2 3 2 2 4.039353e-14 0.000000e+00
88 192 8.249656e-04 2.608770e-03 2 3 2 2 5.215182e-14 0.000000e+00
88 193 8.249656e-04 3.284247e-03 2 3 2 2 5.484639e-14 0.000000e+00
88 194 8.249656e-04 4.134622e-03 2 3 2 2 5.239956e-14 0.000000e+00
88 195 8.249656e-04 5.205181e-03 2 3 2 2 4.768118e-14 0.000000e+00
88 196 8.249656e-04 6.552935e-03 2 3 2 2 4.246507e-14 0.000000e+00
88 197 8.249656e-04 8.249656e-03 2 3 2 2 3.771145e-14 0.000000e+00
89 187 1.038570e-03 8.249656e-04 2 3 2 2 1.178544e-15 0.000000e+00
89 188 1.038570e-03 1.038570e-03 2 3 2 2 -1.242766e-14 0.000000e+00
89 189 1.038570e-03 1.307482e-03 2 3 2 2 -4.043899e-14 0.000000e+00
89 190 1.038570e-03 1.646023e-03 2 3 2 2 -1.823249e-14 0.000000e+00
89 191 1.038570e-03 2.072220e-03 2 3 2 2 1.407222e-14 0.000000e+00
89 192 1.038570e-03 2.608770e-03 2 3 2 2 3.545555e-14 0.000000e+00
89 193 1.038570e-03 3.284247e-03 2 3 2 2 4.512940e-14 0.000000e+00
89 194 1.038570e-03 4.134622e-03 2 3 2 2 4.698574e-14 0.000000e+00
89 195 1.038570e-03 5.205181e-03 2 3 2 2 4.472490e-14 0.000000e+00
89 196 1.038570e-03 6.552935e-03 2 3 2 2 4.085668e-14 0.000000e+00
89 197 1.038570e-03 8.249656e-03 2 3 2 2 3.682811e-14 0.000000e+00
90 187 1.307482e-03 8.249656e-04 2 3 2 2 6.420306e-16 0.000000e+00
90 188 1.307482e-03 1.038570e-03 2 3 2 2 1.702644e-15 0.000000e+00
90 189 1.307482e-03 1.307482e-03 2 3 2 2 -1.084855e-14 0.000000e+00
90 190 1.307482e-03 1.646023e-03 2 3 2 2 -3.810140e-14 0.000000e+00
90 191 1.307482e-03 2.072220e-03 2 3 2 2 -1.689713e-14 0.000000e+00
90 192 1.307482e-03 2.608770e-03 2 3 2 2 1.231880e-14 0.000000e+00
90 193 1.307482e-03 3.284247e-03 2 3 2 2 3.076500e-14 0.000000e+00
90 194 1.307482e-03 4.134622e-03 2 3 2 2 3.873342e-14 0.000000e+00
90 195 1.307482e-03 5.205181e-03 2 3 2 2 4.014603e-14 0.000000e+00
90 196 1.307482e-03 6.552935e-03 2 3 2 2 3.834358e-14 0.000000e+00
90 197 1.307482e-03 8.249656e-03 2 3 2 2 3.544091e-14 0.000000e+00
91 187 1.646023e-03 8.249656e-04 2 3 2 2 2.496171e-16 0.000000e+00
91 188 1.646023e-03 1.038570e-03 2 3 2 2 7.121864e-16 0.000000e+00
91 189 1.646023e-03 1.307482e-03 2 3 2 2 2.117928e-15 0.000000e+00
91 190 1.646023e-03 1.646023e-03 2 3 2 2 -9.150115e-15 0.000000e+00
91 191 1.646023e-03 2.072220e-03 2 3 2 2 -3.514785e-14 0.000000e+00
91 192 1.646023e-03 2.608770e-03 2 3 2 2 -1.522114e-14 0.000000e+00
91 193 1.646023e-03 3.284247e-03 2 3 2 2 1.074755e-14 0.000000e+00
91 194 1.646023e-03 4.134622e-03 2 3 2 2 2.650525e-14 0.000000e+00
91 195 1.646023e-03 5.205181e-03 2 3 2 2 3.316162e-14 0.000000e+00
91 196 1.646023e-03 6.552935e-03 2 3 2 2 3.445138e-14 0.000000e+00
91 197 1.646023e-03 8.249656e-03 2 3 2 2 3.327404e-14 0.000000e+00
92 187 2.072220e-03 8.249656e-04 2 3 2 2 8.865831e-17 0.000000e+00
92 188 2.072220e-03 1.038570e-03 2 3 2 2 2.456011e-16 0.000000e+00
92 189 2.072220e-03 1.307482e-03 2 3 2 2 7.301315e-16 0.000000e+00
92 190 2.072220e-03 1.646023e-03 2 3 2 2 2.380775e-15 0.000000e+00
92 191 2.072220e-03 2.072220e-03 2 3 2 2 -7.468236e-15 0.000000e+00
92 192 2.072220e-03 2.608770e-03 2 3 2 2 -3.177358e-14 0.000000e+00
92 193 2.072220e-03 3.284247e-03 2 3 2 2 -1.335286e-14 0.000000e+00
92 194 2.072220e-03 4.134622e-03 2 3 2 2 9.385622e-15 0.000000e+00
92 195 2.072220e-03 5.205181e-03 2 3 2 2 2.279773e-14 0.000000e+00
92 196 2.072220e-03 6.552935e-03 2 3 2 2 2.851484e-14 0.000000e+00
92 197 2.072220e-03 8.249656e-03 2 3 2 2 2.992053e-14 0.000000e+00
93 187 2.608770e-03 8.249656e-04 2 3 2 2 3.039600e-17 0.000000e+00
93 188 2.608770e-03 1.038570e-03 2 3 2 2 7.972249e-17 0.000000e+00
93 189 2.608770e-03 1.307482e-03 2 3 2 2 2.260086e-16 0.000000e+00
93 190 2.608770e-03 1.646023e-03 2 3 2 2 6.957233e-16 0.000000e+00
93 191 2.608770e-03 2.072220e-03 2 3 2 2 2.474667e-15 0.000000e+00
93 192 2.608770e-03 2.608770e-03 2 3 2 2 -5.916942e-15 0.000000e+00
93 193 2.608770e-03 3.284247e-03 2 3 2 2 -2.819507e-14 0.000000e+00
93 194 2.608770e-03 4.134622e-03 2 3 2 2 -1.143965e-14 0.000000e+00
93 195 2.608770e-03 5.205181e-03 2 3 2 2 8.243167e-15 0.000000e+00
93 196 2.608770e-03 6.552935e-03 2 3 2 2 1.970460e-14 0.000000e+00
93 197 2.608770e-03 8.249656e-03 2 3 2 2 2.481018e-14 0.000000e+00
94 187 3.284247e-03 8.249656e-04 2 3 2 2 1.020019e-17 0.000000e+00
94 188 3.284247e-03 1.038570e-03 2 3 2 2 2.461547e-17 0.000000e+00
94 189 3.284247e-03 1.307482e-03 2 3 2 2 6.765421e-17 0.000000e+00
94 190 3.284247e-03 1.646023e-03 2 3 2 2 1.953162e-16 0.000000e+00
94 191 3.284247e-03 2.072220e-03 2 3 2 2 6.216283e-16 0.000000e+00
94 192 3.284247e-03 2.608770e-03 2 3 2 2 2.410255e-15 0.000000e+00
94 193 3.284247e-03 3.284247e-03 2 3 2 2 -4.581041e-15 0.000000e+00
94 194 3.284247e-03 4.134622e-03 2 3 2 2 -2.462157e-14 0.000000e+00
94 195 3.284247e-03 5.205181e-03 2 3 2 2 -9.606937e-15 0.000000e+00
94 196 3.284247e-03 6.552935e-03 2 3 2 2 7.318603e-15 0.000000e+00
94 197 3.284247e-03 8.249656e-03 2 3 2 2 1.723575e-14 0.000000e+00
95 187 4.134622e-03 8.249656e-04 2 3 2 2 3.723768e-18 0.000000e+00
95 188 4.134622e-03 1.038570e-03 2 3 2 2 7.292762e-18 0.000000e+00
95 189 4.134622e-03 1.307482e-03 2 3 2 2 1.964291e-17 0.000000e+00
95 190 4.134622e-03 1.646023e-03 2 3 2 2 5.443363e-17 0.000000e+00
95 191 4.134622e-03 2.072220e-03 2 3 2 2 1.590823e-16 0.000000e+00
95 192 4.134622e-03 2.608770e-03 2 3 2 2 5.238088e-16 0.000000e+00
95 193 4.134622e-03 3.284247e-03 2 3 2 2 2.217019e-15 0.000000e+00
95 194 4.134622e-03 4.134622e-03 2 3 2 2 -3.507508e-15 0.000000e+00
95 195 4.134622e-03 5.205181e-03 2 3 2 2 -2.123112e-14 0.000000e+00
95 196 4.134622e-03 6.552935e-03 2 3 2 2 -7.947437e-15 0.000000e+00
95 197 4.134622e-03 8.249656e-03 2 3 2 2 6.601374e-15 0.000000e+00
96 187 5.205181e-03 8.249656e-04 2 3 2 2 1.552284e-18 0.000000e+00
96 188 5.205181e-03 1.038570e-03 2 3 2 2 1.933499e-18 0.000000e+00
96 189 5.205181e-03 1.307482e-03 2 3 2 2 5.390522e-18 0.000000e+00
96 190 5.205181e-03 1.646023e-03 2 3 2 2 1.487996e-17 0.000000e+00
96 191 5.205181e-03 2.072220e-03 2 3 2 2 4.107277e-17 0.000000e+00
96 192 5.205181e-03 2.608770e-03 2 3 2 2 1.225259e-16 0.000000e+00
96 193 5.205181e-03 3.284247e-03 2 3 2 2 4.175083e-16 0.000000e+00
96 194 5.205181e-03 4.134622e-03 2 3 2 2 1.935981e-15 0.000000e+00
96 195 5.205181e-03 5.205181e-03 2 3 2 2 -2.708413e-15 0.000000e+00
96 196 5.205181e-03 6.552935e-03 2 3 2 2 -1.815836e-14 0.000000e+00
96 197 5.205181e-03 8.249656e-03 2 3 2 2 -6.516781e-15 0.000000e+00
97 187 6.552935e-03 8.249656e-04 2 3 2 2 1.037651e-18 0.000000e+00
97 188 6.552935e-03 1.038570e-03 2 3 2 2 3.436710e-19 0.000000e+00
97 189 6.552935e-03 1.307482e-03 2 3 2 2 1.367495e-18 0.000000e+00
97 190 6.552935e-03 1.646023e-03 2 3 2 2 3.908288e-18 0.000000e+00
97 191 6.552935e-03 2.072220e-03 2 3 2 2 1.031279e-17 0.000000e+00
97 192 6.552935e-03 2.608770e-03 2 3 2 2 2.914791e-17 0.000000e+00
97 193 6.552935e-03 3.284247e-03 2 3 2 2 8.869871e-17 0.000000e+00
97 194 6.552935e-03 4.134622e-03 2 3 2 2 3.141322e-16 0.000000e+00
97 195 6.552935e-03 5.205181e-03 2 3 2 2 1.609139e-15 0.000000e+00
97 196 6.552935e-03 6.552935e-03 2 3 2 2 -2.167127e-15 0.000000e+00
97 197 6.552935e-03 8.249656e-03 2 3 2 2 -1.548946e-14 0.000000e+00
98 187 8.249656e-03 8.249656e-04 2 3 2 2 8.145223e-19 0.000000e+00
98 188 8.249656e-03 1.038570e-03 2 3 2 2 -7.533181e-20 0.000000e+00
98 189 8.249656e-03 1.307482e-03 2 3 2 2 2.802312e-19 0.000000e+00
98 190 8.249656e-03 1.646023e-03 2 3 2 2 9.892871e-19 0.000000e+00
98 191 8.249656e-03 2.072220e-03 2 3 2 2 2.475884e-18 0.000000e+00
98 192 8.249656e-03 2.608770e-03 2 3 2 2 6.689090e-18 0.000000e+00
98 193 8.249656e-03 3.284247e-03 2 3 2 2 1.908320e-17 0.000000e+00
98 194 8.249656e-03 4.134622e-03 2 3 2 2 5.964766e-17 0.000000e+00
98 195 8.249656e-03 5.205181e-03 2 3 2 2 2.215247e-16 0.000000e+00
98 196 8.249656e-03 6.552935e-03 2 3 2 2 1.272856e-15 0.000000e+00
98 197 8.249656e-03 8.249656e-03 2 3 2 2 -1.849214e-15 0.000000e+00
