# Please cite the following papers in research using this covariance:
# arXiv: 1601.05779, https://arxiv.org/abs/1601.05779
# arXiv: 1911.11947, https://arxiv.org/abs/1911.11947
# arXiv: 2004.04833, https://arxiv.org/abs/2004.04833
# arXiv: 1804.10663, https://arxiv.org/abs/1804.10663
########################################################
121 143 8.249656e-04 8.249656e-04 0 1 0 3 1.180391e-14 0.000000e+00
121 144 8.249656e-04 1.038570e-03 0 1 0 3 6.731214e-15 0.000000e+00
121 145 8.249656e-04 1.307482e-03 0 1 0 3 2.491304e-15 0.000000e+00
121 146 8.249656e-04 1.646023e-03 0 1 0 3 8.713115e-16 0.000000e+00
121 147 8.249656e-04 2.072220e-03 0 1 0 3 2.939904e-16 0.000000e+00
121 148 8.249656e-04 2.608770e-03 0 1 0 3 9.652278e-17 0.000000e+00
121 149 8.249656e-04 3.284247e-03 0 1 0 3 3.106281e-17 0.000000e+00
121 150 8.249656e-04 4.134622e-03 0 1 0 3 9.891189e-18 0.000000e+00
121 151 8.249656e-04 5.205181e-03 0 1 0 3 3.133070e-18 0.000000e+00
121 152 8.249656e-04 6.552935e-03 0 1 0 3 1.015638e-18 0.000000e+00
121 153 8.249656e-04 8.249656e-03 0 1 0 3 3.287123e-19 0.000000e+00
122 143 1.038570e-03 8.249656e-04 0 1 0 3 6.731214e-15 0.000000e+00
122 144 1.038570e-03 1.038570e-03 0 1 0 3 1.169454e-14 0.000000e+00
122 145 1.038570e-03 1.307482e-03 0 1 0 3 6.451807e-15 0.000000e+00
122 146 1.038570e-03 1.646023e-03 0 1 0 3 2.274784e-15 0.000000e+00
122 147 1.038570e-03 2.072220e-03 0 1 0 3 7.627397e-16 0.000000e+00
122 148 1.038570e-03 2.608770e-03 0 1 0 3 2.483767e-16 0.000000e+00
122 149 1.038570e-03 3.284247e-03 0 1 0 3 7.934035e-17 0.000000e+00
122 150 1.038570e-03 4.134622e-03 0 1 0 3 2.510729e-17 0.000000e+00
122 151 1.038570e-03 5.205181e-03 0 1 0 3 7.965291e-18 0.000000e+00
122 152 1.038570e-03 6.552935e-03 0 1 0 3 2.546875e-18 0.000000e+00
122 153 1.038570e-03 8.249656e-03 0 1 0 3 8.386886e-19 0.000000e+00
123 143 1.307482e-03 8.249656e-04 0 1 0 3 2.491304e-15 0.000000e+00
123 144 1.307482e-03 1.038570e-03 0 1 0 3 6.451807e-15 0.000000e+00
123 145 1.307482e-03 1.307482e-03 0 1 0 3 1.137463e-14 0.000000e+00
123 146 1.307482e-03 1.646023e-03 0 1 0 3 6.042021e-15 0.000000e+00
123 147 1.307482e-03 2.072220e-03 0 1 0 3 2.019992e-15 0.000000e+00
123 148 1.307482e-03 2.608770e-03 0 1 0 3 6.492136e-16 0.000000e+00
123 149 1.307482e-03 3.284247e-03 0 1 0 3 2.049215e-16 0.000000e+00
123 150 1.307482e-03 4.134622e-03 0 1 0 3 6.422425e-17 0.000000e+00
123 151 1.307482e-03 5.205181e-03 0 1 0 3 2.022232e-17 0.000000e+00
123 152 1.307482e-03 6.552935e-03 0 1 0 3 6.462083e-18 0.000000e+00
123 153 1.307482e-03 8.249656e-03 0 1 0 3 2.137307e-18 0.000000e+00
124 143 1.646023e-03 8.249656e-04 0 1 0 3 8.713115e-16 0.000000e+00
124 144 1.646023e-03 1.038570e-03 0 1 0 3 2.274784e-15 0.000000e+00
124 145 1.646023e-03 1.307482e-03 0 1 0 3 6.042021e-15 0.000000e+00
124 146 1.646023e-03 1.646023e-03 0 1 0 3 1.084999e-14 0.000000e+00
124 147 1.646023e-03 2.072220e-03 0 1 0 3 5.522061e-15 0.000000e+00
124 148 1.646023e-03 2.608770e-03 0 1 0 3 1.744906e-15 0.000000e+00
124 149 1.646023e-03 3.284247e-03 0 1 0 3 5.393553e-16 0.000000e+00
124 150 1.646023e-03 4.134622e-03 0 1 0 3 1.663228e-16 0.000000e+00
124 151 1.646023e-03 5.205181e-03 0 1 0 3 5.176431e-17 0.000000e+00
124 152 1.646023e-03 6.552935e-03 0 1 0 3 1.639914e-17 0.000000e+00
124 153 1.646023e-03 8.249656e-03 0 1 0 3 5.365929e-18 0.000000e+00
125 143 2.072220e-03 8.249656e-04 0 1 0 3 2.939904e-16 0.000000e+00
125 144 2.072220e-03 1.038570e-03 0 1 0 3 7.627397e-16 0.000000e+00
125 145 2.072220e-03 1.307482e-03 0 1 0 3 2.019992e-15 0.000000e+00
125 146 2.072220e-03 1.646023e-03 0 1 0 3 5.522061e-15 0.000000e+00
125 147 2.072220e-03 2.072220e-03 0 1 0 3 1.014098e-14 0.000000e+00
125 148 2.072220e-03 2.608770e-03 0 1 0 3 4.924917e-15 0.000000e+00
125 149 2.072220e-03 3.284247e-03 0 1 0 3 1.470104e-15 0.000000e+00
125 150 2.072220e-03 4.134622e-03 0 1 0 3 4.400895e-16 0.000000e+00
125 151 2.072220e-03 5.205181e-03 0 1 0 3 1.341550e-16 0.000000e+00
125 152 2.072220e-03 6.552935e-03 0 1 0 3 4.196468e-17 0.000000e+00
125 153 2.072220e-03 8.249656e-03 0 1 0 3 1.363124e-17 0.000000e+00
126 143 2.608770e-03 8.249656e-04 0 1 0 3 9.652278e-17 0.000000e+00
126 144 2.608770e-03 1.038570e-03 0 1 0 3 2.483767e-16 0.000000e+00
126 145 2.608770e-03 1.307482e-03 0 1 0 3 6.492136e-16 0.000000e+00
126 146 2.608770e-03 1.646023e-03 0 1 0 3 1.744906e-15 0.000000e+00
126 147 2.608770e-03 2.072220e-03 0 1 0 3 4.924917e-15 0.000000e+00
126 148 2.608770e-03 2.608770e-03 0 1 0 3 9.286874e-15 0.000000e+00
126 149 2.608770e-03 3.284247e-03 0 1 0 3 4.290929e-15 0.000000e+00
126 150 2.608770e-03 4.134622e-03 0 1 0 3 1.213731e-15 0.000000e+00
126 151 2.608770e-03 5.205181e-03 0 1 0 3 3.558775e-16 0.000000e+00
126 152 2.608770e-03 6.552935e-03 0 1 0 3 1.087253e-16 0.000000e+00
126 153 2.608770e-03 8.249656e-03 0 1 0 3 3.476328e-17 0.000000e+00
127 143 3.284247e-03 8.249656e-04 0 1 0 3 3.106281e-17 0.000000e+00
127 144 3.284247e-03 1.038570e-03 0 1 0 3 7.934035e-17 0.000000e+00
127 145 3.284247e-03 1.307482e-03 0 1 0 3 2.049215e-16 0.000000e+00
127 146 3.284247e-03 1.646023e-03 0 1 0 3 5.393553e-16 0.000000e+00
127 147 3.284247e-03 2.072220e-03 0 1 0 3 1.470104e-15 0.000000e+00
127 148 3.284247e-03 2.608770e-03 0 1 0 3 4.290929e-15 0.000000e+00
127 149 3.284247e-03 3.284247e-03 0 1 0 3 8.338780e-15 0.000000e+00
127 150 3.284247e-03 4.134622e-03 0 1 0 3 3.661339e-15 0.000000e+00
127 151 3.284247e-03 5.205181e-03 0 1 0 3 9.890510e-16 0.000000e+00
127 152 3.284247e-03 6.552935e-03 0 1 0 3 2.882954e-16 0.000000e+00
127 153 3.284247e-03 8.249656e-03 0 1 0 3 8.973436e-17 0.000000e+00
128 143 4.134622e-03 8.249656e-04 0 1 0 3 9.891189e-18 0.000000e+00
128 144 4.134622e-03 1.038570e-03 0 1 0 3 2.510729e-17 0.000000e+00
128 145 4.134622e-03 1.307482e-03 0 1 0 3 6.422425e-17 0.000000e+00
128 146 4.134622e-03 1.646023e-03 0 1 0 3 1.663228e-16 0.000000e+00
128 147 4.134622e-03 2.072220e-03 0 1 0 3 4.400895e-16 0.000000e+00
128 148 4.134622e-03 2.608770e-03 0 1 0 3 1.213731e-15 0.000000e+00
128 149 4.134622e-03 3.284247e-03 0 1 0 3 3.661339e-15 0.000000e+00
128 150 4.134622e-03 4.134622e-03 0 1 0 3 7.352775e-15 0.000000e+00
128 151 4.134622e-03 5.205181e-03 0 1 0 3 3.071885e-15 0.000000e+00
128 152 4.134622e-03 6.552935e-03 0 1 0 3 8.030064e-16 0.000000e+00
128 153 4.134622e-03 8.249656e-03 0 1 0 3 2.368790e-16 0.000000e+00
129 143 5.205181e-03 8.249656e-04 0 1 0 3 3.133070e-18 0.000000e+00
129 144 5.205181e-03 1.038570e-03 0 1 0 3 7.965291e-18 0.000000e+00
129 145 5.205181e-03 1.307482e-03 0 1 0 3 2.022232e-17 0.000000e+00
129 146 5.205181e-03 1.646023e-03 0 1 0 3 5.176431e-17 0.000000e+00
129 147 5.205181e-03 2.072220e-03 0 1 0 3 1.341550e-16 0.000000e+00
129 148 5.205181e-03 2.608770e-03 0 1 0 3 3.558775e-16 0.000000e+00
129 149 5.205181e-03 3.284247e-03 0 1 0 3 9.890510e-16 0.000000e+00
129 150 5.205181e-03 4.134622e-03 0 1 0 3 3.071885e-15 0.000000e+00
129 151 5.205181e-03 5.205181e-03 0 1 0 3 6.381910e-15 0.000000e+00
129 152 5.205181e-03 6.552935e-03 0 1 0 3 2.548697e-15 0.000000e+00
129 153 5.205181e-03 8.249656e-03 0 1 0 3 6.568079e-16 0.000000e+00
130 143 6.552935e-03 8.249656e-04 0 1 0 3 1.015638e-18 0.000000e+00
130 144 6.552935e-03 1.038570e-03 0 1 0 3 2.546875e-18 0.000000e+00
130 145 6.552935e-03 1.307482e-03 0 1 0 3 6.462083e-18 0.000000e+00
130 146 6.552935e-03 1.646023e-03 0 1 0 3 1.639914e-17 0.000000e+00
130 147 6.552935e-03 2.072220e-03 0 1 0 3 4.196468e-17 0.000000e+00
130 148 6.552935e-03 2.608770e-03 0 1 0 3 1.087253e-16 0.000000e+00
130 149 6.552935e-03 3.284247e-03 0 1 0 3 2.882954e-16 0.000000e+00
130 150 6.552935e-03 4.134622e-03 0 1 0 3 8.030064e-16 0.000000e+00
130 151 6.552935e-03 5.205181e-03 0 1 0 3 2.548697e-15 0.000000e+00
130 152 6.552935e-03 6.552935e-03 0 1 0 3 5.470540e-15 0.000000e+00
130 153 6.552935e-03 8.249656e-03 0 1 0 3 2.106223e-15 0.000000e+00
131 143 8.249656e-03 8.249656e-04 0 1 0 3 3.287123e-19 0.000000e+00
131 144 8.249656e-03 1.038570e-03 0 1 0 3 8.386886e-19 0.000000e+00
131 145 8.249656e-03 1.307482e-03 0 1 0 3 2.137307e-18 0.000000e+00
131 146 8.249656e-03 1.646023e-03 0 1 0 3 5.365929e-18 0.000000e+00
131 147 8.249656e-03 2.072220e-03 0 1 0 3 1.363124e-17 0.000000e+00
131 148 8.249656e-03 2.608770e-03 0 1 0 3 3.476328e-17 0.000000e+00
131 149 8.249656e-03 3.284247e-03 0 1 0 3 8.973436e-17 0.000000e+00
131 150 8.249656e-03 4.134622e-03 0 1 0 3 2.368790e-16 0.000000e+00
131 151 8.249656e-03 5.205181e-03 0 1 0 3 6.568079e-16 0.000000e+00
131 152 8.249656e-03 6.552935e-03 0 1 0 3 2.106223e-15 0.000000e+00
131 153 8.249656e-03 8.249656e-03 0 1 0 3 4.650503e-15 0.000000e+00
