# Please cite the following papers in research using this covariance:
# arXiv: 1601.05779, https://arxiv.org/abs/1601.05779
# arXiv: 1911.11947, https://arxiv.org/abs/1911.11947
# arXiv: 2004.04833, https://arxiv.org/abs/2004.04833
# arXiv: 1804.10663, https://arxiv.org/abs/1804.10663
########################################################
110 143 8.249656e-04 8.249656e-04 0 0 0 3 1.453654e-14 0.000000e+00
110 144 8.249656e-04 1.038570e-03 0 0 0 3 8.177622e-15 0.000000e+00
110 145 8.249656e-04 1.307482e-03 0 0 0 3 2.996735e-15 0.000000e+00
110 146 8.249656e-04 1.646023e-03 0 0 0 3 1.051212e-15 0.000000e+00
110 147 8.249656e-04 2.072220e-03 0 0 0 3 3.586910e-16 0.000000e+00
110 148 8.249656e-04 2.608770e-03 0 0 0 3 1.196164e-16 0.000000e+00
110 149 8.249656e-04 3.284247e-03 0 0 0 3 3.911741e-17 0.000000e+00
110 150 8.249656e-04 4.134622e-03 0 0 0 3 1.263378e-17 0.000000e+00
110 151 8.249656e-04 5.205181e-03 0 0 0 3 4.027630e-18 0.000000e+00
110 152 8.249656e-04 6.552935e-03 0 0 0 3 1.310578e-18 0.000000e+00
110 153 8.249656e-04 8.249656e-03 0 0 0 3 4.174953e-19 0.000000e+00
111 143 1.038570e-03 8.249656e-04 0 0 0 3 8.177622e-15 0.000000e+00
111 144 1.038570e-03 1.038570e-03 0 0 0 3 1.431565e-14 0.000000e+00
111 145 1.038570e-03 1.307482e-03 0 0 0 3 7.806949e-15 0.000000e+00
111 146 1.038570e-03 1.646023e-03 0 0 0 3 2.742127e-15 0.000000e+00
111 147 1.038570e-03 2.072220e-03 0 0 0 3 9.283992e-16 0.000000e+00
111 148 1.038570e-03 2.608770e-03 0 0 0 3 3.071231e-16 0.000000e+00
111 149 1.038570e-03 3.284247e-03 0 0 0 3 9.977324e-17 0.000000e+00
111 150 1.038570e-03 4.134622e-03 0 0 0 3 3.203851e-17 0.000000e+00
111 151 1.038570e-03 5.205181e-03 0 0 0 3 1.023834e-17 0.000000e+00
111 152 1.038570e-03 6.552935e-03 0 0 0 3 3.285555e-18 0.000000e+00
111 153 1.038570e-03 8.249656e-03 0 0 0 3 1.065096e-18 0.000000e+00
112 143 1.307482e-03 8.249656e-04 0 0 0 3 2.996735e-15 0.000000e+00
112 144 1.307482e-03 1.038570e-03 0 0 0 3 7.806949e-15 0.000000e+00
112 145 1.307482e-03 1.307482e-03 0 0 0 3 1.386530e-14 0.000000e+00
112 146 1.307482e-03 1.646023e-03 0 0 0 3 7.304215e-15 0.000000e+00
112 147 1.307482e-03 2.072220e-03 0 0 0 3 2.450684e-15 0.000000e+00
112 148 1.307482e-03 2.608770e-03 0 0 0 3 7.999590e-16 0.000000e+00
112 149 1.307482e-03 3.284247e-03 0 0 0 3 2.570856e-16 0.000000e+00
112 150 1.307482e-03 4.134622e-03 0 0 0 3 8.184154e-17 0.000000e+00
112 151 1.307482e-03 5.205181e-03 0 0 0 3 2.598728e-17 0.000000e+00
112 152 1.307482e-03 6.552935e-03 0 0 0 3 8.331750e-18 0.000000e+00
112 153 1.307482e-03 8.249656e-03 0 0 0 3 2.714868e-18 0.000000e+00
113 143 1.646023e-03 8.249656e-04 0 0 0 3 1.051212e-15 0.000000e+00
113 144 1.646023e-03 1.038570e-03 0 0 0 3 2.742127e-15 0.000000e+00
113 145 1.646023e-03 1.307482e-03 0 0 0 3 7.304215e-15 0.000000e+00
113 146 1.646023e-03 1.646023e-03 0 0 0 3 1.319846e-14 0.000000e+00
113 147 1.646023e-03 2.072220e-03 0 0 0 3 6.691102e-15 0.000000e+00
113 148 1.646023e-03 2.608770e-03 0 0 0 3 2.138263e-15 0.000000e+00
113 149 1.646023e-03 3.284247e-03 0 0 0 3 6.738981e-16 0.000000e+00
113 150 1.646023e-03 4.134622e-03 0 0 0 3 2.114579e-16 0.000000e+00
113 151 1.646023e-03 5.205181e-03 0 0 0 3 6.647961e-17 0.000000e+00
113 152 1.646023e-03 6.552935e-03 0 0 0 3 2.113338e-17 0.000000e+00
113 153 1.646023e-03 8.249656e-03 0 0 0 3 6.825757e-18 0.000000e+00
114 143 2.072220e-03 8.249656e-04 0 0 0 3 3.586910e-16 0.000000e+00
114 144 2.072220e-03 1.038570e-03 0 0 0 3 9.283992e-16 0.000000e+00
114 145 2.072220e-03 1.307482e-03 0 0 0 3 2.450684e-15 0.000000e+00
114 146 2.072220e-03 1.646023e-03 0 0 0 3 6.691102e-15 0.000000e+00
114 147 2.072220e-03 2.072220e-03 0 0 0 3 1.233853e-14 0.000000e+00
114 148 2.072220e-03 2.608770e-03 0 0 0 3 5.999527e-15 0.000000e+00
114 149 2.072220e-03 3.284247e-03 0 0 0 3 1.823840e-15 0.000000e+00
114 150 2.072220e-03 4.134622e-03 0 0 0 3 5.572547e-16 0.000000e+00
114 151 2.072220e-03 5.205181e-03 0 0 0 3 1.720674e-16 0.000000e+00
114 152 2.072220e-03 6.552935e-03 0 0 0 3 5.403998e-17 0.000000e+00
114 153 2.072220e-03 8.249656e-03 0 0 0 3 1.736212e-17 0.000000e+00
115 143 2.608770e-03 8.249656e-04 0 0 0 3 1.196164e-16 0.000000e+00
115 144 2.608770e-03 1.038570e-03 0 0 0 3 3.071231e-16 0.000000e+00
115 145 2.608770e-03 1.307482e-03 0 0 0 3 7.999590e-16 0.000000e+00
115 146 2.608770e-03 1.646023e-03 0 0 0 3 2.138263e-15 0.000000e+00
115 147 2.608770e-03 2.072220e-03 0 0 0 3 5.999527e-15 0.000000e+00
115 148 2.608770e-03 2.608770e-03 0 0 0 3 1.132584e-14 0.000000e+00
115 149 2.608770e-03 3.284247e-03 0 0 0 3 5.267920e-15 0.000000e+00
115 150 2.608770e-03 4.134622e-03 0 0 0 3 1.525134e-15 0.000000e+00
115 151 2.608770e-03 5.205181e-03 0 0 0 3 4.551359e-16 0.000000e+00
115 152 2.608770e-03 6.552935e-03 0 0 0 3 1.398847e-16 0.000000e+00
115 153 2.608770e-03 8.249656e-03 0 0 0 3 4.435085e-17 0.000000e+00
116 143 3.284247e-03 8.249656e-04 0 0 0 3 3.911741e-17 0.000000e+00
116 144 3.284247e-03 1.038570e-03 0 0 0 3 9.977324e-17 0.000000e+00
116 145 3.284247e-03 1.307482e-03 0 0 0 3 2.570856e-16 0.000000e+00
116 146 3.284247e-03 1.646023e-03 0 0 0 3 6.738981e-16 0.000000e+00
116 147 3.284247e-03 2.072220e-03 0 0 0 3 1.823840e-15 0.000000e+00
116 148 3.284247e-03 2.608770e-03 0 0 0 3 5.267920e-15 0.000000e+00
116 149 3.284247e-03 3.284247e-03 0 0 0 3 1.021145e-14 0.000000e+00
116 150 3.284247e-03 4.134622e-03 0 0 0 3 4.536301e-15 0.000000e+00
116 151 3.284247e-03 5.205181e-03 0 0 0 3 1.256562e-15 0.000000e+00
116 152 3.284247e-03 6.552935e-03 0 0 0 3 3.703382e-16 0.000000e+00
116 153 3.284247e-03 8.249656e-03 0 0 0 3 1.146719e-16 0.000000e+00
117 143 4.134622e-03 8.249656e-04 0 0 0 3 1.263378e-17 0.000000e+00
117 144 4.134622e-03 1.038570e-03 0 0 0 3 3.203851e-17 0.000000e+00
117 145 4.134622e-03 1.307482e-03 0 0 0 3 8.184154e-17 0.000000e+00
117 146 4.134622e-03 1.646023e-03 0 0 0 3 2.114579e-16 0.000000e+00
117 147 4.134622e-03 2.072220e-03 0 0 0 3 5.572547e-16 0.000000e+00
117 148 4.134622e-03 2.608770e-03 0 0 0 3 1.525134e-15 0.000000e+00
117 149 4.134622e-03 3.284247e-03 0 0 0 3 4.536301e-15 0.000000e+00
117 150 4.134622e-03 4.134622e-03 0 0 0 3 9.051912e-15 0.000000e+00
117 151 4.134622e-03 5.205181e-03 0 0 0 3 3.841510e-15 0.000000e+00
117 152 4.134622e-03 6.552935e-03 0 0 0 3 1.027130e-15 0.000000e+00
117 153 4.134622e-03 8.249656e-03 0 0 0 3 3.031170e-16 0.000000e+00
118 143 5.205181e-03 8.249656e-04 0 0 0 3 4.027630e-18 0.000000e+00
118 144 5.205181e-03 1.038570e-03 0 0 0 3 1.023834e-17 0.000000e+00
118 145 5.205181e-03 1.307482e-03 0 0 0 3 2.598728e-17 0.000000e+00
118 146 5.205181e-03 1.646023e-03 0 0 0 3 6.647961e-17 0.000000e+00
118 147 5.205181e-03 2.072220e-03 0 0 0 3 1.720674e-16 0.000000e+00
118 148 5.205181e-03 2.608770e-03 0 0 0 3 4.551359e-16 0.000000e+00
118 149 5.205181e-03 3.284247e-03 0 0 0 3 1.256562e-15 0.000000e+00
118 150 5.205181e-03 4.134622e-03 0 0 0 3 3.841510e-15 0.000000e+00
118 151 5.205181e-03 5.205181e-03 0 0 0 3 7.902391e-15 0.000000e+00
118 152 5.205181e-03 6.552935e-03 0 0 0 3 3.212232e-15 0.000000e+00
118 153 5.205181e-03 8.249656e-03 0 0 0 3 8.402883e-16 0.000000e+00
119 143 6.552935e-03 8.249656e-04 0 0 0 3 1.310578e-18 0.000000e+00
119 144 6.552935e-03 1.038570e-03 0 0 0 3 3.285555e-18 0.000000e+00
119 145 6.552935e-03 1.307482e-03 0 0 0 3 8.331750e-18 0.000000e+00
119 146 6.552935e-03 1.646023e-03 0 0 0 3 2.113338e-17 0.000000e+00
119 147 6.552935e-03 2.072220e-03 0 0 0 3 5.403998e-17 0.000000e+00
119 148 6.552935e-03 2.608770e-03 0 0 0 3 1.398847e-16 0.000000e+00
119 149 6.552935e-03 3.284247e-03 0 0 0 3 3.703382e-16 0.000000e+00
119 150 6.552935e-03 4.134622e-03 0 0 0 3 1.027130e-15 0.000000e+00
119 151 6.552935e-03 5.205181e-03 0 0 0 3 3.212232e-15 0.000000e+00
119 152 6.552935e-03 6.552935e-03 0 0 0 3 6.810804e-15 0.000000e+00
119 153 6.552935e-03 8.249656e-03 0 0 0 3 2.666865e-15 0.000000e+00
120 143 8.249656e-03 8.249656e-04 0 0 0 3 4.174953e-19 0.000000e+00
120 144 8.249656e-03 1.038570e-03 0 0 0 3 1.065096e-18 0.000000e+00
120 145 8.249656e-03 1.307482e-03 0 0 0 3 2.714868e-18 0.000000e+00
120 146 8.249656e-03 1.646023e-03 0 0 0 3 6.825757e-18 0.000000e+00
120 147 8.249656e-03 2.072220e-03 0 0 0 3 1.736212e-17 0.000000e+00
120 148 8.249656e-03 2.608770e-03 0 0 0 3 4.435085e-17 0.000000e+00
120 149 8.249656e-03 3.284247e-03 0 0 0 3 1.146719e-16 0.000000e+00
120 150 8.249656e-03 4.134622e-03 0 0 0 3 3.031170e-16 0.000000e+00
120 151 8.249656e-03 5.205181e-03 0 0 0 3 8.402883e-16 0.000000e+00
120 152 8.249656e-03 6.552935e-03 0 0 0 3 2.666865e-15 0.000000e+00
120 153 8.249656e-03 8.249656e-03 0 0 0 3 5.813545e-15 0.000000e+00
