# Please cite the following papers in research using this covariance:
# arXiv: 1601.05779, https://arxiv.org/abs/1601.05779
# arXiv: 1911.11947, https://arxiv.org/abs/1911.11947
# arXiv: 2004.04833, https://arxiv.org/abs/2004.04833
# arXiv: 1804.10663, https://arxiv.org/abs/1804.10663
########################################################
165 209 8.249656e-04 8.249656e-04 1 2 3 3 1.601649e-16 0.000000e+00
165 210 8.249656e-04 1.038570e-03 1 2 3 3 1.557411e-16 0.000000e+00
165 211 8.249656e-04 1.307482e-03 1 2 3 3 1.090251e-16 0.000000e+00
165 212 8.249656e-04 1.646023e-03 1 2 3 3 6.396704e-17 0.000000e+00
165 213 8.249656e-04 2.072220e-03 1 2 3 3 3.352910e-17 0.000000e+00
165 214 8.249656e-04 2.608770e-03 1 2 3 3 1.619471e-17 0.000000e+00
165 215 8.249656e-04 3.284247e-03 1 2 3 3 7.356116e-18 0.000000e+00
165 216 8.249656e-04 4.134622e-03 1 2 3 3 3.198552e-18 0.000000e+00
165 217 8.249656e-04 5.205181e-03 1 2 3 3 1.356350e-18 0.000000e+00
165 218 8.249656e-04 6.552935e-03 1 2 3 3 5.713661e-19 0.000000e+00
165 219 8.249656e-04 8.249656e-03 1 2 3 3 2.439707e-19 0.000000e+00
166 209 1.038570e-03 8.249656e-04 1 2 3 3 1.557411e-16 0.000000e+00
166 210 1.038570e-03 1.038570e-03 1 2 3 3 2.352462e-16 0.000000e+00
166 211 1.038570e-03 1.307482e-03 1 2 3 3 2.204344e-16 0.000000e+00
166 212 1.038570e-03 1.646023e-03 1 2 3 3 1.457731e-16 0.000000e+00
166 213 1.038570e-03 2.072220e-03 1 2 3 3 8.052002e-17 0.000000e+00
166 214 1.038570e-03 2.608770e-03 1 2 3 3 3.985582e-17 0.000000e+00
166 215 1.038570e-03 3.284247e-03 1 2 3 3 1.831348e-17 0.000000e+00
166 216 1.038570e-03 4.134622e-03 1 2 3 3 8.004416e-18 0.000000e+00
166 217 1.038570e-03 5.205181e-03 1 2 3 3 3.401392e-18 0.000000e+00
166 218 1.038570e-03 6.552935e-03 1 2 3 3 1.433965e-18 0.000000e+00
166 219 1.038570e-03 8.249656e-03 1 2 3 3 6.124358e-19 0.000000e+00
167 209 1.307482e-03 8.249656e-04 1 2 3 3 1.090251e-16 0.000000e+00
167 210 1.307482e-03 1.038570e-03 1 2 3 3 2.204344e-16 0.000000e+00
167 211 1.307482e-03 1.307482e-03 1 2 3 3 3.318188e-16 0.000000e+00
167 212 1.307482e-03 1.646023e-03 1 2 3 3 2.985229e-16 0.000000e+00
167 213 1.307482e-03 2.072220e-03 1 2 3 3 1.856825e-16 0.000000e+00
167 214 1.307482e-03 2.608770e-03 1 2 3 3 9.650262e-17 0.000000e+00
167 215 1.307482e-03 3.284247e-03 1 2 3 3 4.529545e-17 0.000000e+00
167 216 1.307482e-03 4.134622e-03 1 2 3 3 1.997942e-17 0.000000e+00
167 217 1.307482e-03 5.205181e-03 1 2 3 3 8.520544e-18 0.000000e+00
167 218 1.307482e-03 6.552935e-03 1 2 3 3 3.597035e-18 0.000000e+00
167 219 1.307482e-03 8.249656e-03 1 2 3 3 1.536843e-18 0.000000e+00
168 209 1.646023e-03 8.249656e-04 1 2 3 3 6.396704e-17 0.000000e+00
168 210 1.646023e-03 1.038570e-03 1 2 3 3 1.457731e-16 0.000000e+00
168 211 1.646023e-03 1.307482e-03 1 2 3 3 2.985229e-16 0.000000e+00
168 212 1.646023e-03 1.646023e-03 1 2 3 3 4.488782e-16 0.000000e+00
168 213 1.646023e-03 2.072220e-03 1 2 3 3 3.865342e-16 0.000000e+00
168 214 1.646023e-03 2.608770e-03 1 2 3 3 2.255490e-16 0.000000e+00
168 215 1.646023e-03 3.284247e-03 1 2 3 3 1.105920e-16 0.000000e+00
168 216 1.646023e-03 4.134622e-03 1 2 3 3 4.963289e-17 0.000000e+00
168 217 1.646023e-03 5.205181e-03 1 2 3 3 2.130522e-17 0.000000e+00
168 218 1.646023e-03 6.552935e-03 1 2 3 3 9.014676e-18 0.000000e+00
168 219 1.646023e-03 8.249656e-03 1 2 3 3 3.853009e-18 0.000000e+00
169 209 2.072220e-03 8.249656e-04 1 2 3 3 3.352910e-17 0.000000e+00
169 210 2.072220e-03 1.038570e-03 1 2 3 3 8.052002e-17 0.000000e+00
169 211 2.072220e-03 1.307482e-03 1 2 3 3 1.856825e-16 0.000000e+00
169 212 2.072220e-03 1.646023e-03 1 2 3 3 3.865342e-16 0.000000e+00
169 213 2.072220e-03 2.072220e-03 1 2 3 3 5.823704e-16 0.000000e+00
169 214 2.072220e-03 2.608770e-03 1 2 3 3 4.789713e-16 0.000000e+00
169 215 2.072220e-03 3.284247e-03 1 2 3 3 2.621787e-16 0.000000e+00
169 216 2.072220e-03 4.134622e-03 1 2 3 3 1.221082e-16 0.000000e+00
169 217 2.072220e-03 5.205181e-03 1 2 3 3 5.309147e-17 0.000000e+00
169 218 2.072220e-03 6.552935e-03 1 2 3 3 2.255779e-17 0.000000e+00
169 219 2.072220e-03 8.249656e-03 1 2 3 3 9.651027e-18 0.000000e+00
170 209 2.608770e-03 8.249656e-04 1 2 3 3 1.619471e-17 0.000000e+00
170 210 2.608770e-03 1.038570e-03 1 2 3 3 3.985582e-17 0.000000e+00
170 211 2.608770e-03 1.307482e-03 1 2 3 3 9.650262e-17 0.000000e+00
170 212 2.608770e-03 1.646023e-03 1 2 3 3 2.255490e-16 0.000000e+00
170 213 2.608770e-03 2.072220e-03 1 2 3 3 4.789713e-16 0.000000e+00
170 214 2.608770e-03 2.608770e-03 1 2 3 3 7.256917e-16 0.000000e+00
170 215 2.608770e-03 3.284247e-03 1 2 3 3 5.695865e-16 0.000000e+00
170 216 2.608770e-03 4.134622e-03 1 2 3 3 2.934842e-16 0.000000e+00
170 217 2.608770e-03 5.205181e-03 1 2 3 3 1.313747e-16 0.000000e+00
170 218 2.608770e-03 6.552935e-03 1 2 3 3 5.629304e-17 0.000000e+00
170 219 2.608770e-03 8.249656e-03 1 2 3 3 2.413203e-17 0.000000e+00
171 209 3.284247e-03 8.249656e-04 1 2 3 3 7.356116e-18 0.000000e+00
171 210 3.284247e-03 1.038570e-03 1 2 3 3 1.831348e-17 0.000000e+00
171 211 3.284247e-03 1.307482e-03 1 2 3 3 4.529545e-17 0.000000e+00
171 212 3.284247e-03 1.646023e-03 1 2 3 3 1.105920e-16 0.000000e+00
171 213 3.284247e-03 2.072220e-03 1 2 3 3 2.621787e-16 0.000000e+00
171 214 3.284247e-03 2.608770e-03 1 2 3 3 5.695865e-16 0.000000e+00
171 215 3.284247e-03 3.284247e-03 1 2 3 3 8.711680e-16 0.000000e+00
171 216 3.284247e-03 4.134622e-03 1 2 3 3 6.532513e-16 0.000000e+00
171 217 3.284247e-03 5.205181e-03 1 2 3 3 3.194056e-16 0.000000e+00
171 218 3.284247e-03 6.552935e-03 1 2 3 3 1.397225e-16 0.000000e+00
171 219 3.284247e-03 8.249656e-03 1 2 3 3 6.017234e-17 0.000000e+00
172 209 4.134622e-03 8.249656e-04 1 2 3 3 3.198552e-18 0.000000e+00
172 210 4.134622e-03 1.038570e-03 1 2 3 3 8.004416e-18 0.000000e+00
172 211 4.134622e-03 1.307482e-03 1 2 3 3 1.997942e-17 0.000000e+00
172 212 4.134622e-03 1.646023e-03 1 2 3 3 4.963289e-17 0.000000e+00
172 213 4.134622e-03 2.072220e-03 1 2 3 3 1.221082e-16 0.000000e+00
172 214 4.134622e-03 2.608770e-03 1 2 3 3 2.934842e-16 0.000000e+00
172 215 4.134622e-03 3.284247e-03 1 2 3 3 6.532513e-16 0.000000e+00
172 216 4.134622e-03 4.134622e-03 1 2 3 3 1.012240e-15 0.000000e+00
172 217 4.134622e-03 5.205181e-03 1 2 3 3 7.277849e-16 0.000000e+00
172 218 4.134622e-03 6.552935e-03 1 2 3 3 3.422405e-16 0.000000e+00
172 219 4.134622e-03 8.249656e-03 1 2 3 3 1.492844e-16 0.000000e+00
173 209 5.205181e-03 8.249656e-04 1 2 3 3 1.356350e-18 0.000000e+00
173 210 5.205181e-03 1.038570e-03 1 2 3 3 3.401392e-18 0.000000e+00
173 211 5.205181e-03 1.307482e-03 1 2 3 3 8.520544e-18 0.000000e+00
173 212 5.205181e-03 1.646023e-03 1 2 3 3 2.130522e-17 0.000000e+00
173 213 5.205181e-03 2.072220e-03 1 2 3 3 5.309147e-17 0.000000e+00
173 214 5.205181e-03 2.608770e-03 1 2 3 3 1.313747e-16 0.000000e+00
173 215 5.205181e-03 3.284247e-03 1 2 3 3 3.194056e-16 0.000000e+00
173 216 5.205181e-03 4.134622e-03 1 2 3 3 7.277849e-16 0.000000e+00
173 217 5.205181e-03 5.205181e-03 1 2 3 3 1.145622e-15 0.000000e+00
173 218 5.205181e-03 6.552935e-03 1 2 3 3 7.951922e-16 0.000000e+00
173 219 5.205181e-03 8.249656e-03 1 2 3 3 3.663499e-16 0.000000e+00
174 209 6.552935e-03 8.249656e-04 1 2 3 3 5.713661e-19 0.000000e+00
174 210 6.552935e-03 1.038570e-03 1 2 3 3 1.433965e-18 0.000000e+00
174 211 6.552935e-03 1.307482e-03 1 2 3 3 3.597035e-18 0.000000e+00
174 212 6.552935e-03 1.646023e-03 1 2 3 3 9.014676e-18 0.000000e+00
174 213 6.552935e-03 2.072220e-03 1 2 3 3 2.255779e-17 0.000000e+00
174 214 6.552935e-03 2.608770e-03 1 2 3 3 5.629304e-17 0.000000e+00
174 215 6.552935e-03 3.284247e-03 1 2 3 3 1.397225e-16 0.000000e+00
174 216 6.552935e-03 4.134622e-03 1 2 3 3 3.422405e-16 0.000000e+00
174 217 6.552935e-03 5.205181e-03 1 2 3 3 7.951922e-16 0.000000e+00
174 218 6.552935e-03 6.552935e-03 1 2 3 3 1.272918e-15 0.000000e+00
174 219 6.552935e-03 8.249656e-03 1 2 3 3 8.618238e-16 0.000000e+00
175 209 8.249656e-03 8.249656e-04 1 2 3 3 2.439707e-19 0.000000e+00
175 210 8.249656e-03 1.038570e-03 1 2 3 3 6.124358e-19 0.000000e+00
175 211 8.249656e-03 1.307482e-03 1 2 3 3 1.536843e-18 0.000000e+00
175 212 8.249656e-03 1.646023e-03 1 2 3 3 3.853009e-18 0.000000e+00
175 213 8.249656e-03 2.072220e-03 1 2 3 3 9.651027e-18 0.000000e+00
175 214 8.249656e-03 2.608770e-03 1 2 3 3 2.413203e-17 0.000000e+00
175 215 8.249656e-03 3.284247e-03 1 2 3 3 6.017234e-17 0.000000e+00
175 216 8.249656e-03 4.134622e-03 1 2 3 3 1.492844e-16 0.000000e+00
175 217 8.249656e-03 5.205181e-03 1 2 3 3 3.663499e-16 0.000000e+00
175 218 8.249656e-03 6.552935e-03 1 2 3 3 8.618238e-16 0.000000e+00
175 219 8.249656e-03 8.249656e-03 1 2 3 3 1.401186e-15 0.000000e+00
