# Please cite the following papers in research using this covariance:
# arXiv: 1601.05779, https://arxiv.org/abs/1601.05779
# arXiv: 1911.11947, https://arxiv.org/abs/1911.11947
# arXiv: 2004.04833, https://arxiv.org/abs/2004.04833
# arXiv: 1804.10663, https://arxiv.org/abs/1804.10663
########################################################
22 99 8.249656e-04 8.249656e-04 0 2 3 3 1.065085e-13 0.000000e+00
22 100 8.249656e-04 1.038570e-03 0 2 3 3 1.054684e-13 0.000000e+00
22 101 8.249656e-04 1.307482e-03 0 2 3 3 1.039679e-13 0.000000e+00
22 102 8.249656e-04 1.646023e-03 0 2 3 3 1.020576e-13 0.000000e+00
22 103 8.249656e-04 2.072220e-03 0 2 3 3 9.979462e-14 0.000000e+00
22 104 8.249656e-04 2.608770e-03 0 2 3 3 9.721798e-14 0.000000e+00
22 105 8.249656e-04 3.284247e-03 0 2 3 3 9.433697e-14 0.000000e+00
22 106 8.249656e-04 4.134622e-03 0 2 3 3 9.112708e-14 0.000000e+00
22 107 8.249656e-04 5.205181e-03 0 2 3 3 8.753183e-14 0.000000e+00
22 108 8.249656e-04 6.552935e-03 0 2 3 3 8.347062e-14 0.000000e+00
22 109 8.249656e-04 8.249656e-03 0 2 3 3 7.885191e-14 0.000000e+00
23 99 1.038570e-03 8.249656e-04 0 2 3 3 1.054684e-13 0.000000e+00
23 100 1.038570e-03 1.038570e-03 0 2 3 3 1.047739e-13 0.000000e+00
23 101 1.038570e-03 1.307482e-03 0 2 3 3 1.035684e-13 0.000000e+00
23 102 1.038570e-03 1.646023e-03 0 2 3 3 1.018338e-13 0.000000e+00
23 103 1.038570e-03 2.072220e-03 0 2 3 3 9.966494e-14 0.000000e+00
23 104 1.038570e-03 2.608770e-03 0 2 3 3 9.713639e-14 0.000000e+00
23 105 1.038570e-03 3.284247e-03 0 2 3 3 9.428026e-14 0.000000e+00
23 106 1.038570e-03 4.134622e-03 0 2 3 3 9.108465e-14 0.000000e+00
23 107 1.038570e-03 5.205181e-03 0 2 3 3 8.749921e-14 0.000000e+00
23 108 1.038570e-03 6.552935e-03 0 2 3 3 8.344584e-14 0.000000e+00
23 109 1.038570e-03 8.249656e-03 0 2 3 3 7.883376e-14 0.000000e+00
24 99 1.307482e-03 8.249656e-04 0 2 3 3 1.039679e-13 0.000000e+00
24 100 1.307482e-03 1.038570e-03 0 2 3 3 1.035684e-13 0.000000e+00
24 101 1.307482e-03 1.307482e-03 0 2 3 3 1.028035e-13 0.000000e+00
24 102 1.307482e-03 1.646023e-03 0 2 3 3 1.014217e-13 0.000000e+00
24 103 1.307482e-03 2.072220e-03 0 2 3 3 9.943920e-14 0.000000e+00
24 104 1.307482e-03 2.608770e-03 0 2 3 3 9.700084e-14 0.000000e+00
24 105 1.307482e-03 3.284247e-03 0 2 3 3 9.418879e-14 0.000000e+00
24 106 1.307482e-03 4.134622e-03 0 2 3 3 9.101719e-14 0.000000e+00
24 107 1.307482e-03 5.205181e-03 0 2 3 3 8.744764e-14 0.000000e+00
24 108 1.307482e-03 6.552935e-03 0 2 3 3 8.340677e-14 0.000000e+00
24 109 1.307482e-03 8.249656e-03 0 2 3 3 7.880523e-14 0.000000e+00
25 99 1.646023e-03 8.249656e-04 0 2 3 3 1.020576e-13 0.000000e+00
25 100 1.646023e-03 1.038570e-03 0 2 3 3 1.018338e-13 0.000000e+00
25 101 1.646023e-03 1.307482e-03 0 2 3 3 1.014217e-13 0.000000e+00
25 102 1.646023e-03 1.646023e-03 0 2 3 3 1.005878e-13 0.000000e+00
25 103 1.646023e-03 2.072220e-03 0 2 3 3 9.901453e-14 0.000000e+00
25 104 1.646023e-03 2.608770e-03 0 2 3 3 9.676585e-14 0.000000e+00
25 105 1.646023e-03 3.284247e-03 0 2 3 3 9.403829e-14 0.000000e+00
25 106 1.646023e-03 4.134622e-03 0 2 3 3 9.090886e-14 0.000000e+00
25 107 1.646023e-03 5.205181e-03 0 2 3 3 8.736554e-14 0.000000e+00
25 108 1.646023e-03 6.552935e-03 0 2 3 3 8.334471e-14 0.000000e+00
25 109 1.646023e-03 8.249656e-03 0 2 3 3 7.875994e-14 0.000000e+00
26 99 2.072220e-03 8.249656e-04 0 2 3 3 9.979462e-14 0.000000e+00
26 100 2.072220e-03 1.038570e-03 0 2 3 3 9.966494e-14 0.000000e+00
26 101 2.072220e-03 1.307482e-03 0 2 3 3 9.943920e-14 0.000000e+00
26 102 2.072220e-03 1.646023e-03 0 2 3 3 9.901453e-14 0.000000e+00
26 103 2.072220e-03 2.072220e-03 0 2 3 3 9.810802e-14 0.000000e+00
26 104 2.072220e-03 2.608770e-03 0 2 3 3 9.632167e-14 0.000000e+00
26 105 2.072220e-03 3.284247e-03 0 2 3 3 9.378165e-14 0.000000e+00
26 106 2.072220e-03 4.134622e-03 0 2 3 3 9.073284e-14 0.000000e+00
26 107 2.072220e-03 5.205181e-03 0 2 3 3 8.723430e-14 0.000000e+00
26 108 2.072220e-03 6.552935e-03 0 2 3 3 8.324591e-14 0.000000e+00
26 109 2.072220e-03 8.249656e-03 0 2 3 3 7.868788e-14 0.000000e+00
27 99 2.608770e-03 8.249656e-04 0 2 3 3 9.721798e-14 0.000000e+00
27 100 2.608770e-03 1.038570e-03 0 2 3 3 9.713639e-14 0.000000e+00
27 101 2.608770e-03 1.307482e-03 0 2 3 3 9.700084e-14 0.000000e+00
27 102 2.608770e-03 1.646023e-03 0 2 3 3 9.676585e-14 0.000000e+00
27 103 2.608770e-03 2.072220e-03 0 2 3 3 9.632167e-14 0.000000e+00
27 104 2.608770e-03 2.608770e-03 0 2 3 3 9.533202e-14 0.000000e+00
27 105 2.608770e-03 3.284247e-03 0 2 3 3 9.330380e-14 0.000000e+00
27 106 2.608770e-03 4.134622e-03 0 2 3 3 9.043905e-14 0.000000e+00
27 107 2.608770e-03 5.205181e-03 0 2 3 3 8.702310e-14 0.000000e+00
27 108 2.608770e-03 6.552935e-03 0 2 3 3 8.308839e-14 0.000000e+00
27 109 2.608770e-03 8.249656e-03 0 2 3 3 7.857321e-14 0.000000e+00
28 99 3.284247e-03 8.249656e-04 0 2 3 3 9.433697e-14 0.000000e+00
28 100 3.284247e-03 1.038570e-03 0 2 3 3 9.428026e-14 0.000000e+00
28 101 3.284247e-03 1.307482e-03 0 2 3 3 9.418879e-14 0.000000e+00
28 102 3.284247e-03 1.646023e-03 0 2 3 3 9.403829e-14 0.000000e+00
28 103 3.284247e-03 2.072220e-03 0 2 3 3 9.378165e-14 0.000000e+00
28 104 3.284247e-03 2.608770e-03 0 2 3 3 9.330380e-14 0.000000e+00
28 105 3.284247e-03 3.284247e-03 0 2 3 3 9.221292e-14 0.000000e+00
28 106 3.284247e-03 4.134622e-03 0 2 3 3 8.990760e-14 0.000000e+00
28 107 3.284247e-03 5.205181e-03 0 2 3 3 8.667667e-14 0.000000e+00
28 108 3.284247e-03 6.552935e-03 0 2 3 3 8.283585e-14 0.000000e+00
28 109 3.284247e-03 8.249656e-03 0 2 3 3 7.839016e-14 0.000000e+00
29 99 4.134622e-03 8.249656e-04 0 2 3 3 9.112708e-14 0.000000e+00
29 100 4.134622e-03 1.038570e-03 0 2 3 3 9.108465e-14 0.000000e+00
29 101 4.134622e-03 1.307482e-03 0 2 3 3 9.101719e-14 0.000000e+00
29 102 4.134622e-03 1.646023e-03 0 2 3 3 9.090886e-14 0.000000e+00
29 103 4.134622e-03 2.072220e-03 0 2 3 3 9.073284e-14 0.000000e+00
29 104 4.134622e-03 2.608770e-03 0 2 3 3 9.043905e-14 0.000000e+00
29 105 4.134622e-03 3.284247e-03 0 2 3 3 8.990760e-14 0.000000e+00
29 106 4.134622e-03 4.134622e-03 0 2 3 3 8.869152e-14 0.000000e+00
29 107 4.134622e-03 5.205181e-03 0 2 3 3 8.606990e-14 0.000000e+00
29 108 4.134622e-03 6.552935e-03 0 2 3 3 8.242575e-14 0.000000e+00
29 109 4.134622e-03 8.249656e-03 0 2 3 3 7.809652e-14 0.000000e+00
30 99 5.205181e-03 8.249656e-04 0 2 3 3 8.753183e-14 0.000000e+00
30 100 5.205181e-03 1.038570e-03 0 2 3 3 8.749921e-14 0.000000e+00
30 101 5.205181e-03 1.307482e-03 0 2 3 3 8.744764e-14 0.000000e+00
30 102 5.205181e-03 1.646023e-03 0 2 3 3 8.736554e-14 0.000000e+00
30 103 5.205181e-03 2.072220e-03 0 2 3 3 8.723430e-14 0.000000e+00
30 104 5.205181e-03 2.608770e-03 0 2 3 3 8.702310e-14 0.000000e+00
30 105 5.205181e-03 3.284247e-03 0 2 3 3 8.667667e-14 0.000000e+00
30 106 5.205181e-03 4.134622e-03 0 2 3 3 8.606990e-14 0.000000e+00
30 107 5.205181e-03 5.205181e-03 0 2 3 3 8.470230e-14 0.000000e+00
30 108 5.205181e-03 6.552935e-03 0 2 3 3 8.172558e-14 0.000000e+00
30 109 5.205181e-03 8.249656e-03 0 2 3 3 7.762062e-14 0.000000e+00
31 99 6.552935e-03 8.249656e-04 0 2 3 3 8.347062e-14 0.000000e+00
31 100 6.552935e-03 1.038570e-03 0 2 3 3 8.344584e-14 0.000000e+00
31 101 6.552935e-03 1.307482e-03 0 2 3 3 8.340677e-14 0.000000e+00
31 102 6.552935e-03 1.646023e-03 0 2 3 3 8.334471e-14 0.000000e+00
31 103 6.552935e-03 2.072220e-03 0 2 3 3 8.324591e-14 0.000000e+00
31 104 6.552935e-03 2.608770e-03 0 2 3 3 8.308839e-14 0.000000e+00
31 105 6.552935e-03 3.284247e-03 0 2 3 3 8.283585e-14 0.000000e+00
31 106 6.552935e-03 4.134622e-03 0 2 3 3 8.242575e-14 0.000000e+00
31 107 6.552935e-03 5.205181e-03 0 2 3 3 8.172558e-14 0.000000e+00
31 108 6.552935e-03 6.552935e-03 0 2 3 3 8.018340e-14 0.000000e+00
31 109 6.552935e-03 8.249656e-03 0 2 3 3 7.681937e-14 0.000000e+00
32 99 8.249656e-03 8.249656e-04 0 2 3 3 7.885191e-14 0.000000e+00
32 100 8.249656e-03 1.038570e-03 0 2 3 3 7.883376e-14 0.000000e+00
32 101 8.249656e-03 1.307482e-03 0 2 3 3 7.880523e-14 0.000000e+00
32 102 8.249656e-03 1.646023e-03 0 2 3 3 7.875994e-14 0.000000e+00
32 103 8.249656e-03 2.072220e-03 0 2 3 3 7.868788e-14 0.000000e+00
32 104 8.249656e-03 2.608770e-03 0 2 3 3 7.857321e-14 0.000000e+00
32 105 8.249656e-03 3.284247e-03 0 2 3 3 7.839016e-14 0.000000e+00
32 106 8.249656e-03 4.134622e-03 0 2 3 3 7.809652e-14 0.000000e+00
32 107 8.249656e-03 5.205181e-03 0 2 3 3 7.762062e-14 0.000000e+00
32 108 8.249656e-03 6.552935e-03 0 2 3 3 7.681937e-14 0.000000e+00
32 109 8.249656e-03 8.249656e-03 0 2 3 3 7.509029e-14 0.000000e+00
