# Please cite the following papers in research using this covariance:
# arXiv: 1601.05779, https://arxiv.org/abs/1601.05779
# arXiv: 1911.11947, https://arxiv.org/abs/1911.11947
# arXiv: 2004.04833, https://arxiv.org/abs/2004.04833
# arXiv: 1804.10663, https://arxiv.org/abs/1804.10663
########################################################
22 132 8.249656e-04 8.249656e-04 0 2 0 2 -6.026111e-15 0.000000e+00
22 133 8.249656e-04 1.038570e-03 0 2 0 2 -1.777583e-14 0.000000e+00
22 134 8.249656e-04 1.307482e-03 0 2 0 2 -8.104404e-15 0.000000e+00
22 135 8.249656e-04 1.646023e-03 0 2 0 2 7.119628e-15 0.000000e+00
22 136 8.249656e-04 2.072220e-03 0 2 0 2 1.804779e-14 0.000000e+00
22 137 8.249656e-04 2.608770e-03 0 2 0 2 2.347732e-14 0.000000e+00
22 138 8.249656e-04 3.284247e-03 0 2 0 2 2.478750e-14 0.000000e+00
22 139 8.249656e-04 4.134622e-03 0 2 0 2 2.363789e-14 0.000000e+00
22 140 8.249656e-04 5.205181e-03 0 2 0 2 2.130727e-14 0.000000e+00
22 141 8.249656e-04 6.552935e-03 0 2 0 2 1.862014e-14 0.000000e+00
22 142 8.249656e-04 8.249656e-03 0 2 0 2 1.604072e-14 0.000000e+00
23 132 1.038570e-03 8.249656e-04 0 2 0 2 3.404786e-16 0.000000e+00
23 133 1.038570e-03 1.038570e-03 0 2 0 2 -5.548381e-15 0.000000e+00
23 134 1.038570e-03 1.307482e-03 0 2 0 2 -1.733467e-14 0.000000e+00
23 135 1.038570e-03 1.646023e-03 0 2 0 2 -7.887034e-15 0.000000e+00
23 136 1.038570e-03 2.072220e-03 0 2 0 2 6.288897e-15 0.000000e+00
23 137 1.038570e-03 2.608770e-03 0 2 0 2 1.592462e-14 0.000000e+00
23 138 1.038570e-03 3.284247e-03 0 2 0 2 2.036470e-14 0.000000e+00
23 139 1.038570e-03 4.134622e-03 0 2 0 2 2.117646e-14 0.000000e+00
23 140 1.038570e-03 5.205181e-03 0 2 0 2 1.997624e-14 0.000000e+00
23 141 1.038570e-03 6.552935e-03 0 2 0 2 1.791033e-14 0.000000e+00
23 142 1.038570e-03 8.249656e-03 0 2 0 2 1.566312e-14 0.000000e+00
24 132 1.307482e-03 8.249656e-04 0 2 0 2 2.373504e-16 0.000000e+00
24 133 1.307482e-03 1.038570e-03 0 2 0 2 5.771414e-16 0.000000e+00
24 134 1.307482e-03 1.307482e-03 0 2 0 2 -4.945603e-15 0.000000e+00
24 135 1.307482e-03 1.646023e-03 0 2 0 2 -1.654966e-14 0.000000e+00
24 136 1.307482e-03 2.072220e-03 0 2 0 2 -7.451138e-15 0.000000e+00
24 137 1.307482e-03 2.608770e-03 0 2 0 2 5.494064e-15 0.000000e+00
24 138 1.307482e-03 3.284247e-03 0 2 0 2 1.383518e-14 0.000000e+00
24 139 1.307482e-03 4.134622e-03 0 2 0 2 1.742525e-14 0.000000e+00
24 140 1.307482e-03 5.205181e-03 0 2 0 2 1.791393e-14 0.000000e+00
24 141 1.307482e-03 6.552935e-03 0 2 0 2 1.680062e-14 0.000000e+00
24 142 1.307482e-03 8.249656e-03 0 2 0 2 1.506976e-14 0.000000e+00
25 132 1.646023e-03 8.249656e-04 0 2 0 2 1.017054e-16 0.000000e+00
25 133 1.646023e-03 1.038570e-03 0 2 0 2 2.824486e-16 0.000000e+00
25 134 1.646023e-03 1.307482e-03 0 2 0 2 7.853427e-16 0.000000e+00
25 135 1.646023e-03 1.646023e-03 0 2 0 2 -4.255728e-15 0.000000e+00
25 136 1.646023e-03 2.072220e-03 0 2 0 2 -1.546191e-14 0.000000e+00
25 137 1.646023e-03 2.608770e-03 0 2 0 2 -6.836078e-15 0.000000e+00
25 138 1.646023e-03 3.284247e-03 0 2 0 2 4.760261e-15 0.000000e+00
25 139 1.646023e-03 4.134622e-03 0 2 0 2 1.186966e-14 0.000000e+00
25 140 1.646023e-03 5.205181e-03 0 2 0 2 1.476659e-14 0.000000e+00
25 141 1.646023e-03 6.552935e-03 0 2 0 2 1.508037e-14 0.000000e+00
25 142 1.646023e-03 8.249656e-03 0 2 0 2 1.414200e-14 0.000000e+00
26 132 2.072220e-03 8.249656e-04 0 2 0 2 3.868398e-17 0.000000e+00
26 133 2.072220e-03 1.038570e-03 0 2 0 2 1.058521e-16 0.000000e+00
26 134 2.072220e-03 1.307482e-03 0 2 0 2 3.066996e-16 0.000000e+00
26 135 2.072220e-03 1.646023e-03 0 2 0 2 9.411669e-16 0.000000e+00
26 136 2.072220e-03 2.072220e-03 0 2 0 2 -3.534607e-15 0.000000e+00
26 137 2.072220e-03 2.608770e-03 0 2 0 2 -1.413996e-14 0.000000e+00
26 138 2.072220e-03 3.284247e-03 0 2 0 2 -6.098326e-15 0.000000e+00
26 139 2.072220e-03 4.134622e-03 0 2 0 2 4.103041e-15 0.000000e+00
26 140 2.072220e-03 5.205181e-03 0 2 0 2 1.009361e-14 0.000000e+00
26 141 2.072220e-03 6.552935e-03 0 2 0 2 1.245296e-14 0.000000e+00
26 142 2.072220e-03 8.249656e-03 0 2 0 2 1.270397e-14 0.000000e+00
27 132 2.608770e-03 8.249656e-04 0 2 0 2 1.395385e-17 0.000000e+00
27 133 2.608770e-03 1.038570e-03 0 2 0 2 3.654807e-17 0.000000e+00
27 134 2.608770e-03 1.307482e-03 0 2 0 2 1.022379e-16 0.000000e+00
27 135 2.608770e-03 1.646023e-03 0 2 0 2 3.070874e-16 0.000000e+00
27 136 2.608770e-03 2.072220e-03 0 2 0 2 1.029817e-15 0.000000e+00
27 137 2.608770e-03 2.608770e-03 0 2 0 2 -2.835490e-15 0.000000e+00
27 138 2.608770e-03 3.284247e-03 0 2 0 2 -1.266982e-14 0.000000e+00
27 139 2.608770e-03 4.134622e-03 0 2 0 2 -5.301564e-15 0.000000e+00
27 140 2.608770e-03 5.205181e-03 0 2 0 2 3.529053e-15 0.000000e+00
27 141 2.608770e-03 6.552935e-03 0 2 0 2 8.545802e-15 0.000000e+00
27 142 2.608770e-03 8.249656e-03 0 2 0 2 1.050730e-14 0.000000e+00
28 132 3.284247e-03 8.249656e-04 0 2 0 2 4.846135e-18 0.000000e+00
28 133 3.284247e-03 1.038570e-03 0 2 0 2 1.189318e-17 0.000000e+00
28 134 3.284247e-03 1.307482e-03 0 2 0 2 3.237520e-17 0.000000e+00
28 135 3.284247e-03 1.646023e-03 0 2 0 2 9.228835e-17 0.000000e+00
28 136 3.284247e-03 2.072220e-03 0 2 0 2 2.868869e-16 0.000000e+00
28 137 3.284247e-03 2.608770e-03 0 2 0 2 1.048168e-15 0.000000e+00
28 138 3.284247e-03 3.284247e-03 0 2 0 2 -2.203261e-15 0.000000e+00
28 139 3.284247e-03 4.134622e-03 0 2 0 2 -1.114250e-14 0.000000e+00
28 140 3.284247e-03 5.205181e-03 0 2 0 2 -4.506181e-15 0.000000e+00
28 141 3.284247e-03 6.552935e-03 0 2 0 2 3.038330e-15 0.000000e+00
28 142 3.284247e-03 8.249656e-03 0 2 0 2 7.239364e-15 0.000000e+00
29 132 4.134622e-03 8.249656e-04 0 2 0 2 1.776754e-18 0.000000e+00
29 133 4.134622e-03 1.038570e-03 0 2 0 2 3.725131e-18 0.000000e+00
29 134 4.134622e-03 1.307482e-03 0 2 0 2 9.905893e-18 0.000000e+00
29 135 4.134622e-03 1.646023e-03 0 2 0 2 2.718019e-17 0.000000e+00
29 136 4.134622e-03 2.072220e-03 0 2 0 2 7.847876e-17 0.000000e+00
29 137 4.134622e-03 2.608770e-03 0 2 0 2 2.521655e-16 0.000000e+00
29 138 4.134622e-03 3.284247e-03 0 2 0 2 1.003234e-15 0.000000e+00
29 139 4.134622e-03 4.134622e-03 0 2 0 2 -1.668413e-15 0.000000e+00
29 140 4.134622e-03 5.205181e-03 0 2 0 2 -9.641910e-15 0.000000e+00
29 141 4.134622e-03 6.552935e-03 0 2 0 2 -3.761732e-15 0.000000e+00
29 142 4.134622e-03 8.249656e-03 0 2 0 2 2.626072e-15 0.000000e+00
30 132 5.205181e-03 8.249656e-04 0 2 0 2 7.075089e-19 0.000000e+00
30 133 5.205181e-03 1.038570e-03 0 2 0 2 1.068929e-18 0.000000e+00
30 134 5.205181e-03 1.307482e-03 0 2 0 2 2.876610e-18 0.000000e+00
30 135 5.205181e-03 1.646023e-03 0 2 0 2 7.829151e-18 0.000000e+00
30 136 5.205181e-03 2.072220e-03 0 2 0 2 2.150885e-17 0.000000e+00
30 137 5.205181e-03 2.608770e-03 0 2 0 2 6.323752e-17 0.000000e+00
30 138 5.205181e-03 3.284247e-03 0 2 0 2 2.098191e-16 0.000000e+00
30 139 5.205181e-03 4.134622e-03 0 2 0 2 9.098214e-16 0.000000e+00
30 140 5.205181e-03 5.205181e-03 0 2 0 2 -1.245533e-15 0.000000e+00
30 141 5.205181e-03 6.552935e-03 0 2 0 2 -8.236605e-15 0.000000e+00
30 142 5.205181e-03 8.249656e-03 0 2 0 2 -3.101931e-15 0.000000e+00
31 132 6.552935e-03 8.249656e-04 0 2 0 2 4.323094e-19 0.000000e+00
31 133 6.552935e-03 1.038570e-03 0 2 0 2 2.513601e-19 0.000000e+00
31 134 6.552935e-03 1.307482e-03 0 2 0 2 7.978717e-19 0.000000e+00
31 135 6.552935e-03 1.646023e-03 0 2 0 2 2.191881e-18 0.000000e+00
31 136 6.552935e-03 2.072220e-03 0 2 0 2 5.807118e-18 0.000000e+00
31 137 6.552935e-03 2.608770e-03 0 2 0 2 1.620201e-17 0.000000e+00
31 138 6.552935e-03 3.284247e-03 0 2 0 2 4.840752e-17 0.000000e+00
31 139 6.552935e-03 4.134622e-03 0 2 0 2 1.659002e-16 0.000000e+00
31 140 6.552935e-03 5.205181e-03 0 2 0 2 7.861891e-16 0.000000e+00
31 141 6.552935e-03 6.552935e-03 0 2 0 2 -9.339898e-16 0.000000e+00
31 142 6.552935e-03 8.249656e-03 0 2 0 2 -6.974460e-15 0.000000e+00
32 132 8.249656e-03 8.249656e-04 0 2 0 2 3.177287e-19 0.000000e+00
32 133 8.249656e-03 1.038570e-03 0 2 0 2 2.116043e-20 0.000000e+00
32 134 8.249656e-03 1.307482e-03 0 2 0 2 2.040213e-19 0.000000e+00
32 135 8.249656e-03 1.646023e-03 0 2 0 2 6.075037e-19 0.000000e+00
32 136 8.249656e-03 2.072220e-03 0 2 0 2 1.569985e-18 0.000000e+00
32 137 8.249656e-03 2.608770e-03 0 2 0 2 4.183137e-18 0.000000e+00
32 138 8.249656e-03 3.284247e-03 0 2 0 2 1.171341e-17 0.000000e+00
32 139 8.249656e-03 4.134622e-03 0 2 0 2 3.549270e-17 0.000000e+00
32 140 8.249656e-03 5.205181e-03 0 2 0 2 1.253770e-16 0.000000e+00
32 141 8.249656e-03 6.552935e-03 0 2 0 2 6.504929e-16 0.000000e+00
32 142 8.249656e-03 8.249656e-03 0 2 0 2 -7.219271e-16 0.000000e+00
