# Please cite the following papers in research using this covariance:
# arXiv: 1601.05779, https://arxiv.org/abs/1601.05779
# arXiv: 1911.11947, https://arxiv.org/abs/1911.11947
# arXiv: 2004.04833, https://arxiv.org/abs/2004.04833
# arXiv: 1804.10663, https://arxiv.org/abs/1804.10663
########################################################
88 143 8.249656e-04 8.249656e-04 2 3 0 3 -2.515086e-15 0.000000e+00
88 144 8.249656e-04 1.038570e-03 2 3 0 3 -7.098091e-15 0.000000e+00
88 145 8.249656e-04 1.307482e-03 2 3 0 3 -3.141186e-15 0.000000e+00
88 146 8.249656e-04 1.646023e-03 2 3 0 3 3.392586e-15 0.000000e+00
88 147 8.249656e-04 2.072220e-03 2 3 0 3 8.493968e-15 0.000000e+00
88 148 8.249656e-04 2.608770e-03 2 3 0 3 1.144422e-14 0.000000e+00
88 149 8.249656e-04 3.284247e-03 2 3 0 3 1.262272e-14 0.000000e+00
88 150 8.249656e-04 4.134622e-03 2 3 0 3 1.262590e-14 0.000000e+00
88 151 8.249656e-04 5.205181e-03 2 3 0 3 1.197744e-14 0.000000e+00
88 152 8.249656e-04 6.552935e-03 2 3 0 3 1.106352e-14 0.000000e+00
88 153 8.249656e-04 8.249656e-03 2 3 0 3 1.014269e-14 0.000000e+00
89 143 1.038570e-03 8.249656e-04 2 3 0 3 2.532410e-17 0.000000e+00
89 144 1.038570e-03 1.038570e-03 2 3 0 3 -2.412515e-15 0.000000e+00
89 145 1.038570e-03 1.307482e-03 2 3 0 3 -7.086687e-15 0.000000e+00
89 146 1.038570e-03 1.646023e-03 2 3 0 3 -3.157368e-15 0.000000e+00
89 147 1.038570e-03 2.072220e-03 2 3 0 3 3.107984e-15 0.000000e+00
89 148 1.038570e-03 2.608770e-03 2 3 0 3 7.799450e-15 0.000000e+00
89 149 1.038570e-03 3.284247e-03 2 3 0 3 1.037184e-14 0.000000e+00
89 150 1.038570e-03 4.134622e-03 2 3 0 3 1.130470e-14 0.000000e+00
89 151 1.038570e-03 5.205181e-03 2 3 0 3 1.122360e-14 0.000000e+00
89 152 1.038570e-03 6.552935e-03 2 3 0 3 1.063860e-14 0.000000e+00
89 153 1.038570e-03 8.249656e-03 2 3 0 3 9.902664e-15 0.000000e+00
90 143 1.307482e-03 8.249656e-04 2 3 0 3 5.512142e-17 0.000000e+00
90 144 1.307482e-03 1.038570e-03 2 3 0 3 1.036486e-16 0.000000e+00
90 145 1.307482e-03 1.307482e-03 2 3 0 3 -2.259810e-15 0.000000e+00
90 146 1.307482e-03 1.646023e-03 2 3 0 3 -6.957361e-15 0.000000e+00
90 147 1.307482e-03 2.072220e-03 2 3 0 3 -3.098035e-15 0.000000e+00
90 148 1.307482e-03 2.608770e-03 2 3 0 3 2.820066e-15 0.000000e+00
90 149 1.307482e-03 3.284247e-03 2 3 0 3 7.073082e-15 0.000000e+00
90 150 1.307482e-03 4.134622e-03 2 3 0 3 9.300724e-15 0.000000e+00
90 151 1.307482e-03 5.205181e-03 2 3 0 3 1.005913e-14 0.000000e+00
90 152 1.307482e-03 6.552935e-03 2 3 0 3 9.975542e-15 0.000000e+00
90 153 1.307482e-03 8.249656e-03 2 3 0 3 9.525948e-15 0.000000e+00
91 143 1.646023e-03 8.249656e-04 2 3 0 3 2.902008e-17 0.000000e+00
91 144 1.646023e-03 1.038570e-03 2 3 0 3 7.561283e-17 0.000000e+00
91 145 1.646023e-03 1.307482e-03 2 3 0 3 1.829109e-16 0.000000e+00
91 146 1.646023e-03 1.646023e-03 2 3 0 3 -2.061787e-15 0.000000e+00
91 147 1.646023e-03 2.072220e-03 2 3 0 3 -6.710335e-15 0.000000e+00
91 148 1.646023e-03 2.608770e-03 2 3 0 3 -2.963695e-15 0.000000e+00
91 149 1.646023e-03 3.284247e-03 2 3 0 3 2.544459e-15 0.000000e+00
91 150 1.646023e-03 4.134622e-03 2 3 0 3 6.356107e-15 0.000000e+00
91 151 1.646023e-03 5.205181e-03 2 3 0 3 8.290793e-15 0.000000e+00
91 152 1.646023e-03 6.552935e-03 2 3 0 3 8.950917e-15 0.000000e+00
91 153 1.646023e-03 8.249656e-03 2 3 0 3 8.938126e-15 0.000000e+00
92 143 2.072220e-03 8.249656e-04 2 3 0 3 1.298172e-17 0.000000e+00
92 144 2.072220e-03 1.038570e-03 2 3 0 3 3.356068e-17 0.000000e+00
92 145 2.072220e-03 1.307482e-03 2 3 0 3 9.294308e-17 0.000000e+00
92 146 2.072220e-03 1.646023e-03 2 3 0 3 2.552053e-16 0.000000e+00
92 147 2.072220e-03 2.072220e-03 2 3 0 3 -1.831352e-15 0.000000e+00
92 148 2.072220e-03 2.608770e-03 2 3 0 3 -6.355230e-15 0.000000e+00
92 149 2.072220e-03 3.284247e-03 2 3 0 3 -2.762189e-15 0.000000e+00
92 150 2.072220e-03 4.134622e-03 2 3 0 3 2.294615e-15 0.000000e+00
92 151 2.072220e-03 5.205181e-03 2 3 0 3 5.686892e-15 0.000000e+00
92 152 2.072220e-03 6.552935e-03 2 3 0 3 7.393937e-15 0.000000e+00
92 153 2.072220e-03 8.249656e-03 2 3 0 3 8.029942e-15 0.000000e+00
93 143 2.608770e-03 8.249656e-04 2 3 0 3 5.532876e-18 0.000000e+00
93 144 2.608770e-03 1.038570e-03 2 3 0 3 1.324941e-17 0.000000e+00
93 145 2.608770e-03 1.307482e-03 2 3 0 3 3.626881e-17 0.000000e+00
93 146 2.608770e-03 1.646023e-03 2 3 0 3 1.039813e-16 0.000000e+00
93 147 2.608770e-03 2.072220e-03 2 3 0 3 3.131863e-16 0.000000e+00
93 148 2.608770e-03 2.608770e-03 2 3 0 3 -1.583838e-15 0.000000e+00
93 149 2.608770e-03 3.284247e-03 2 3 0 3 -5.911473e-15 0.000000e+00
93 150 2.608770e-03 4.134622e-03 2 3 0 3 -2.508096e-15 0.000000e+00
93 151 2.608770e-03 5.205181e-03 2 3 0 3 2.080798e-15 0.000000e+00
93 152 2.608770e-03 6.552935e-03 2 3 0 3 5.098333e-15 0.000000e+00
93 153 2.608770e-03 8.249656e-03 2 3 0 3 6.650031e-15 0.000000e+00
94 143 3.284247e-03 8.249656e-04 2 3 0 3 2.362419e-18 0.000000e+00
94 144 3.284247e-03 1.038570e-03 2 3 0 3 4.810770e-18 0.000000e+00
94 145 3.284247e-03 1.307482e-03 2 3 0 3 1.305309e-17 0.000000e+00
94 146 3.284247e-03 1.646023e-03 2 3 0 3 3.639596e-17 0.000000e+00
94 147 3.284247e-03 2.072220e-03 2 3 0 3 1.074630e-16 0.000000e+00
94 148 3.284247e-03 2.608770e-03 2 3 0 3 3.513950e-16 0.000000e+00
94 149 3.284247e-03 3.284247e-03 2 3 0 3 -1.336913e-15 0.000000e+00
94 150 3.284247e-03 4.134622e-03 2 3 0 3 -5.406025e-15 0.000000e+00
94 151 3.284247e-03 5.205181e-03 2 3 0 3 -2.220311e-15 0.000000e+00
94 152 3.284247e-03 6.552935e-03 2 3 0 3 1.910236e-15 0.000000e+00
94 153 3.284247e-03 8.249656e-03 2 3 0 3 4.615354e-15 0.000000e+00
95 143 4.134622e-03 8.249656e-04 2 3 0 3 1.141577e-18 0.000000e+00
95 144 4.134622e-03 1.038570e-03 2 3 0 3 1.600940e-18 0.000000e+00
95 145 4.134622e-03 1.307482e-03 2 3 0 3 4.386278e-18 0.000000e+00
95 146 4.134622e-03 1.646023e-03 2 3 0 3 1.205216e-17 0.000000e+00
95 147 4.134622e-03 2.072220e-03 2 3 0 3 3.383324e-17 0.000000e+00
95 148 4.134622e-03 2.608770e-03 2 3 0 3 1.034734e-16 0.000000e+00
95 149 4.134622e-03 3.284247e-03 2 3 0 3 3.663947e-16 0.000000e+00
95 150 4.134622e-03 4.134622e-03 2 3 0 3 -1.107367e-15 0.000000e+00
95 151 4.134622e-03 5.205181e-03 2 3 0 3 -4.869908e-15 0.000000e+00
95 152 4.134622e-03 6.552935e-03 2 3 0 3 -1.919622e-15 0.000000e+00
95 153 4.134622e-03 8.249656e-03 2 3 0 3 1.787029e-15 0.000000e+00
96 143 5.205181e-03 8.249656e-04 2 3 0 3 6.764168e-19 0.000000e+00
96 144 5.205181e-03 1.038570e-03 2 3 0 3 4.436120e-19 0.000000e+00
96 145 5.205181e-03 1.307482e-03 2 3 0 3 1.344084e-18 0.000000e+00
96 146 5.205181e-03 1.646023e-03 2 3 0 3 3.797184e-18 0.000000e+00
96 147 5.205181e-03 2.072220e-03 2 3 0 3 1.020560e-17 0.000000e+00
96 148 5.205181e-03 2.608770e-03 2 3 0 3 2.936227e-17 0.000000e+00
96 149 5.205181e-03 3.284247e-03 2 3 0 3 9.304204e-17 0.000000e+00
96 150 5.205181e-03 4.134622e-03 2 3 0 3 3.579520e-16 0.000000e+00
96 151 5.205181e-03 5.205181e-03 2 3 0 3 -9.094093e-16 0.000000e+00
96 152 5.205181e-03 6.552935e-03 2 3 0 3 -4.335205e-15 0.000000e+00
96 153 5.205181e-03 8.249656e-03 2 3 0 3 -1.625902e-15 0.000000e+00
97 143 6.552935e-03 8.249656e-04 2 3 0 3 5.387491e-19 0.000000e+00
97 144 6.552935e-03 1.038570e-03 2 3 0 3 4.998690e-20 0.000000e+00
97 145 6.552935e-03 1.307482e-03 2 3 0 3 3.458917e-19 0.000000e+00
97 146 6.552935e-03 1.646023e-03 2 3 0 3 1.125276e-18 0.000000e+00
97 147 6.552935e-03 2.072220e-03 2 3 0 3 2.879526e-18 0.000000e+00
97 148 6.552935e-03 2.608770e-03 2 3 0 3 7.996318e-18 0.000000e+00
97 149 6.552935e-03 3.284247e-03 2 3 0 3 2.351940e-17 0.000000e+00
97 150 6.552935e-03 4.134622e-03 2 3 0 3 7.771588e-17 0.000000e+00
97 151 6.552935e-03 5.205181e-03 2 3 0 3 3.283639e-16 0.000000e+00
97 152 6.552935e-03 6.552935e-03 2 3 0 3 -7.531555e-16 0.000000e+00
97 153 6.552935e-03 8.249656e-03 2 3 0 3 -3.831739e-15 0.000000e+00
98 143 8.249656e-03 8.249656e-04 2 3 0 3 4.821839e-19 0.000000e+00
98 144 8.249656e-03 1.038570e-03 2 3 0 3 -6.860388e-20 0.000000e+00
98 145 8.249656e-03 1.307482e-03 2 3 0 3 4.077197e-20 0.000000e+00
98 146 8.249656e-03 1.646023e-03 2 3 0 3 3.155022e-19 0.000000e+00
98 147 8.249656e-03 2.072220e-03 2 3 0 3 7.252752e-19 0.000000e+00
98 148 8.249656e-03 2.608770e-03 2 3 0 3 1.969344e-18 0.000000e+00
98 149 8.249656e-03 3.284247e-03 2 3 0 3 5.558161e-18 0.000000e+00
98 150 8.249656e-03 4.134622e-03 2 3 0 3 1.694728e-17 0.000000e+00
98 151 8.249656e-03 5.205181e-03 2 3 0 3 5.937877e-17 0.000000e+00
98 152 8.249656e-03 6.552935e-03 2 3 0 3 2.818659e-16 0.000000e+00
98 153 8.249656e-03 8.249656e-03 2 3 0 3 -6.442727e-16 0.000000e+00
