# Please cite the following papers in research using this covariance:
# arXiv: 1601.05779, https://arxiv.org/abs/1601.05779
# arXiv: 1911.11947, https://arxiv.org/abs/1911.11947
# arXiv: 2004.04833, https://arxiv.org/abs/2004.04833
# arXiv: 1804.10663, https://arxiv.org/abs/1804.10663
########################################################
110 187 8.249656e-04 8.249656e-04 0 0 2 2 1.937730e-17 0.000000e+00
110 188 8.249656e-04 1.038570e-03 0 0 2 2 1.947077e-17 0.000000e+00
110 189 8.249656e-04 1.307482e-03 0 0 2 2 1.439118e-17 0.000000e+00
110 190 8.249656e-04 1.646023e-03 0 0 2 2 9.011668e-18 0.000000e+00
110 191 8.249656e-04 2.072220e-03 0 0 2 2 5.067472e-18 0.000000e+00
110 192 8.249656e-04 2.608770e-03 0 0 2 2 2.626308e-18 0.000000e+00
110 193 8.249656e-04 3.284247e-03 0 0 2 2 1.273150e-18 0.000000e+00
110 194 8.249656e-04 4.134622e-03 0 0 2 2 5.839326e-19 0.000000e+00
110 195 8.249656e-04 5.205181e-03 0 0 2 2 2.565431e-19 0.000000e+00
110 196 8.249656e-04 6.552935e-03 0 0 2 2 1.093964e-19 0.000000e+00
110 197 8.249656e-04 8.249656e-03 0 0 2 2 4.607712e-20 0.000000e+00
111 187 1.038570e-03 8.249656e-04 0 0 2 2 1.947077e-17 0.000000e+00
111 188 1.038570e-03 1.038570e-03 0 0 2 2 2.959613e-17 0.000000e+00
111 189 1.038570e-03 1.307482e-03 0 0 2 2 2.883625e-17 0.000000e+00
111 190 1.038570e-03 1.646023e-03 0 0 2 2 2.031775e-17 0.000000e+00
111 191 1.038570e-03 2.072220e-03 0 0 2 2 1.206259e-17 0.000000e+00
111 192 1.038570e-03 2.608770e-03 0 0 2 2 6.422759e-18 0.000000e+00
111 193 1.038570e-03 3.284247e-03 0 0 2 2 3.156807e-18 0.000000e+00
111 194 1.038570e-03 4.134622e-03 0 0 2 2 1.458014e-18 0.000000e+00
111 195 1.038570e-03 5.205181e-03 0 0 2 2 6.426969e-19 0.000000e+00
111 196 1.038570e-03 6.552935e-03 0 0 2 2 2.744792e-19 0.000000e+00
111 197 1.038570e-03 8.249656e-03 0 0 2 2 1.156742e-19 0.000000e+00
112 187 1.307482e-03 8.249656e-04 0 0 2 2 1.439118e-17 0.000000e+00
112 188 1.307482e-03 1.038570e-03 0 0 2 2 2.883625e-17 0.000000e+00
112 189 1.307482e-03 1.307482e-03 0 0 2 2 4.362697e-17 0.000000e+00
112 190 1.307482e-03 1.646023e-03 0 0 2 2 4.106262e-17 0.000000e+00
112 191 1.307482e-03 2.072220e-03 0 0 2 2 2.743968e-17 0.000000e+00
112 192 1.307482e-03 2.608770e-03 0 0 2 2 1.539340e-17 0.000000e+00
112 193 1.307482e-03 3.284247e-03 0 0 2 2 7.756533e-18 0.000000e+00
112 194 1.307482e-03 4.134622e-03 0 0 2 2 3.625925e-18 0.000000e+00
112 195 1.307482e-03 5.205181e-03 0 0 2 2 1.607325e-18 0.000000e+00
112 196 1.307482e-03 6.552935e-03 0 0 2 2 6.882090e-19 0.000000e+00
112 197 1.307482e-03 8.249656e-03 0 0 2 2 2.903148e-19 0.000000e+00
113 187 1.646023e-03 8.249656e-04 0 0 2 2 9.011668e-18 0.000000e+00
113 188 1.646023e-03 1.038570e-03 0 0 2 2 2.031775e-17 0.000000e+00
113 189 1.646023e-03 1.307482e-03 0 0 2 2 4.106262e-17 0.000000e+00
113 190 1.646023e-03 1.646023e-03 0 0 2 2 6.191536e-17 0.000000e+00
113 191 1.646023e-03 2.072220e-03 0 0 2 2 5.609669e-17 0.000000e+00
113 192 1.646023e-03 2.608770e-03 0 0 2 2 3.539439e-17 0.000000e+00
113 193 1.646023e-03 3.284247e-03 0 0 2 2 1.873258e-17 0.000000e+00
113 194 1.646023e-03 4.134622e-03 0 0 2 2 8.952500e-18 0.000000e+00
113 195 1.646023e-03 5.205181e-03 0 0 2 2 4.007952e-18 0.000000e+00
113 196 1.646023e-03 6.552935e-03 0 0 2 2 1.723460e-18 0.000000e+00
113 197 1.646023e-03 8.249656e-03 0 0 2 2 7.280881e-19 0.000000e+00
114 187 2.072220e-03 8.249656e-04 0 0 2 2 5.067472e-18 0.000000e+00
114 188 2.072220e-03 1.038570e-03 0 0 2 2 1.206259e-17 0.000000e+00
114 189 2.072220e-03 1.307482e-03 0 0 2 2 2.743968e-17 0.000000e+00
114 190 2.072220e-03 1.646023e-03 0 0 2 2 5.609669e-17 0.000000e+00
114 191 2.072220e-03 2.072220e-03 0 0 2 2 8.446377e-17 0.000000e+00
114 192 2.072220e-03 2.608770e-03 0 0 2 2 7.343326e-17 0.000000e+00
114 193 2.072220e-03 3.284247e-03 0 0 2 2 4.360799e-17 0.000000e+00
114 194 2.072220e-03 4.134622e-03 0 0 2 2 2.179551e-17 0.000000e+00
114 195 2.072220e-03 5.205181e-03 0 0 2 2 9.940125e-18 0.000000e+00
114 196 2.072220e-03 6.552935e-03 0 0 2 2 4.306935e-18 0.000000e+00
114 197 2.072220e-03 8.249656e-03 0 0 2 2 1.824442e-18 0.000000e+00
115 187 2.608770e-03 8.249656e-04 0 0 2 2 2.626308e-18 0.000000e+00
115 188 2.608770e-03 1.038570e-03 0 0 2 2 6.422759e-18 0.000000e+00
115 189 2.608770e-03 1.307482e-03 0 0 2 2 1.539340e-17 0.000000e+00
115 190 2.608770e-03 1.646023e-03 0 0 2 2 3.539439e-17 0.000000e+00
115 191 2.608770e-03 2.072220e-03 0 0 2 2 7.343326e-17 0.000000e+00
115 192 2.608770e-03 2.608770e-03 0 0 2 2 1.106978e-16 0.000000e+00
115 193 2.608770e-03 3.284247e-03 0 0 2 2 9.212402e-17 0.000000e+00
115 194 2.608770e-03 4.134622e-03 0 0 2 2 5.142702e-17 0.000000e+00
115 195 2.608770e-03 5.205181e-03 0 0 2 2 2.438639e-17 0.000000e+00
115 196 2.608770e-03 6.552935e-03 0 0 2 2 1.072097e-17 0.000000e+00
115 197 2.608770e-03 8.249656e-03 0 0 2 2 4.564255e-18 0.000000e+00
116 187 3.284247e-03 8.249656e-04 0 0 2 2 1.273150e-18 0.000000e+00
116 188 3.284247e-03 1.038570e-03 0 0 2 2 3.156807e-18 0.000000e+00
116 189 3.284247e-03 1.307482e-03 0 0 2 2 7.756533e-18 0.000000e+00
116 190 3.284247e-03 1.646023e-03 0 0 2 2 1.873258e-17 0.000000e+00
116 191 3.284247e-03 2.072220e-03 0 0 2 2 4.360799e-17 0.000000e+00
116 192 3.284247e-03 2.608770e-03 0 0 2 2 9.212402e-17 0.000000e+00
116 193 3.284247e-03 3.284247e-03 0 0 2 2 1.394804e-16 0.000000e+00
116 194 3.284247e-03 4.134622e-03 0 0 2 2 1.109575e-16 0.000000e+00
116 195 3.284247e-03 5.205181e-03 0 0 2 2 5.832462e-17 0.000000e+00
116 196 3.284247e-03 6.552935e-03 0 0 2 2 2.647349e-17 0.000000e+00
116 197 3.284247e-03 8.249656e-03 0 0 2 2 1.138543e-17 0.000000e+00
117 187 4.134622e-03 8.249656e-04 0 0 2 2 5.839326e-19 0.000000e+00
117 188 4.134622e-03 1.038570e-03 0 0 2 2 1.458014e-18 0.000000e+00
117 189 4.134622e-03 1.307482e-03 0 0 2 2 3.625925e-18 0.000000e+00
117 190 4.134622e-03 1.646023e-03 0 0 2 2 8.952500e-18 0.000000e+00
117 191 4.134622e-03 2.072220e-03 0 0 2 2 2.179551e-17 0.000000e+00
117 192 4.134622e-03 2.608770e-03 0 0 2 2 5.142702e-17 0.000000e+00
117 193 4.134622e-03 3.284247e-03 0 0 2 2 1.109575e-16 0.000000e+00
117 194 4.134622e-03 4.134622e-03 0 0 2 2 1.693280e-16 0.000000e+00
117 195 4.134622e-03 5.205181e-03 0 0 2 2 1.287768e-16 0.000000e+00
117 196 4.134622e-03 6.552935e-03 0 0 2 2 6.409545e-17 0.000000e+00
117 197 4.134622e-03 8.249656e-03 0 0 2 2 2.823315e-17 0.000000e+00
118 187 5.205181e-03 8.249656e-04 0 0 2 2 2.565431e-19 0.000000e+00
118 188 5.205181e-03 1.038570e-03 0 0 2 2 6.426969e-19 0.000000e+00
118 189 5.205181e-03 1.307482e-03 0 0 2 2 1.607325e-18 0.000000e+00
118 190 5.205181e-03 1.646023e-03 0 0 2 2 4.007952e-18 0.000000e+00
118 191 5.205181e-03 2.072220e-03 0 0 2 2 9.940125e-18 0.000000e+00
118 192 5.205181e-03 2.608770e-03 0 0 2 2 2.438639e-17 0.000000e+00
118 193 5.205181e-03 3.284247e-03 0 0 2 2 5.832462e-17 0.000000e+00
118 194 5.205181e-03 4.134622e-03 0 0 2 2 1.287768e-16 0.000000e+00
118 195 5.205181e-03 5.205181e-03 0 0 2 2 1.987793e-16 0.000000e+00
118 196 5.205181e-03 6.552935e-03 0 0 2 2 1.448564e-16 0.000000e+00
118 197 5.205181e-03 8.249656e-03 0 0 2 2 6.898287e-17 0.000000e+00
119 187 6.552935e-03 8.249656e-04 0 0 2 2 1.093964e-19 0.000000e+00
119 188 6.552935e-03 1.038570e-03 0 0 2 2 2.744792e-19 0.000000e+00
119 189 6.552935e-03 1.307482e-03 0 0 2 2 6.882090e-19 0.000000e+00
119 190 6.552935e-03 1.646023e-03 0 0 2 2 1.723460e-18 0.000000e+00
119 191 6.552935e-03 2.072220e-03 0 0 2 2 4.306935e-18 0.000000e+00
119 192 6.552935e-03 2.608770e-03 0 0 2 2 1.072097e-17 0.000000e+00
119 193 6.552935e-03 3.284247e-03 0 0 2 2 2.647349e-17 0.000000e+00
119 194 6.552935e-03 4.134622e-03 0 0 2 2 6.409545e-17 0.000000e+00
119 195 6.552935e-03 5.205181e-03 0 0 2 2 1.448564e-16 0.000000e+00
119 196 6.552935e-03 6.552935e-03 0 0 2 2 2.268419e-16 0.000000e+00
119 197 6.552935e-03 8.249656e-03 0 0 2 2 1.592001e-16 0.000000e+00
120 187 8.249656e-03 8.249656e-04 0 0 2 2 4.607712e-20 0.000000e+00
120 188 8.249656e-03 1.038570e-03 0 0 2 2 1.156742e-19 0.000000e+00
120 189 8.249656e-03 1.307482e-03 0 0 2 2 2.903148e-19 0.000000e+00
120 190 8.249656e-03 1.646023e-03 0 0 2 2 7.280881e-19 0.000000e+00
120 191 8.249656e-03 2.072220e-03 0 0 2 2 1.824442e-18 0.000000e+00
120 192 8.249656e-03 2.608770e-03 0 0 2 2 4.564255e-18 0.000000e+00
120 193 8.249656e-03 3.284247e-03 0 0 2 2 1.138543e-17 0.000000e+00
120 194 8.249656e-03 4.134622e-03 0 0 2 2 2.823315e-17 0.000000e+00
120 195 8.249656e-03 5.205181e-03 0 0 2 2 6.898287e-17 0.000000e+00
120 196 8.249656e-03 6.552935e-03 0 0 2 2 1.592001e-16 0.000000e+00
120 197 8.249656e-03 8.249656e-03 0 0 2 2 2.533541e-16 0.000000e+00
