# Please cite the following papers in research using this covariance:
# arXiv: 1601.05779, https://arxiv.org/abs/1601.05779
# arXiv: 1911.11947, https://arxiv.org/abs/1911.11947
# arXiv: 2004.04833, https://arxiv.org/abs/2004.04833
# arXiv: 1804.10663, https://arxiv.org/abs/1804.10663
########################################################
66 209 8.249656e-04 8.249656e-04 1 3 3 3 -9.762517e-15 0.000000e+00
66 210 8.249656e-04 1.038570e-03 1 3 3 3 -2.803190e-14 0.000000e+00
66 211 8.249656e-04 1.307482e-03 1 3 3 3 -1.268335e-14 0.000000e+00
66 212 8.249656e-04 1.646023e-03 1 3 3 3 1.212540e-14 0.000000e+00
66 213 8.249656e-04 2.072220e-03 1 3 3 3 3.064024e-14 0.000000e+00
66 214 8.249656e-04 2.608770e-03 1 3 3 3 4.044544e-14 0.000000e+00
66 215 8.249656e-04 3.284247e-03 1 3 3 3 4.342426e-14 0.000000e+00
66 216 8.249656e-04 4.134622e-03 1 3 3 3 4.214752e-14 0.000000e+00
66 217 8.249656e-04 5.205181e-03 1 3 3 3 3.872688e-14 0.000000e+00
66 218 8.249656e-04 6.552935e-03 1 3 3 3 3.460842e-14 0.000000e+00
66 219 8.249656e-04 8.249656e-03 1 3 3 3 3.066819e-14 0.000000e+00
67 209 1.038570e-03 8.249656e-04 1 3 3 3 2.927454e-16 0.000000e+00
67 210 1.038570e-03 1.038570e-03 1 3 3 3 -9.182981e-15 0.000000e+00
67 211 1.038570e-03 1.307482e-03 1 3 3 3 -2.768772e-14 0.000000e+00
67 212 1.038570e-03 1.646023e-03 1 3 3 3 -1.256884e-14 0.000000e+00
67 213 1.038570e-03 2.072220e-03 1 3 3 3 1.085262e-14 0.000000e+00
67 214 1.038570e-03 2.608770e-03 1 3 3 3 2.746026e-14 0.000000e+00
67 215 1.038570e-03 3.284247e-03 1 3 3 3 3.566796e-14 0.000000e+00
67 216 1.038570e-03 4.134622e-03 1 3 3 3 3.774931e-14 0.000000e+00
67 217 1.038570e-03 5.205181e-03 1 3 3 3 3.630311e-14 0.000000e+00
67 218 1.038570e-03 6.552935e-03 1 3 3 3 3.328835e-14 0.000000e+00
67 219 1.038570e-03 8.249656e-03 1 3 3 3 2.994722e-14 0.000000e+00
68 209 1.307482e-03 8.249656e-04 1 3 3 3 3.020908e-16 0.000000e+00
68 210 1.307482e-03 1.038570e-03 1 3 3 3 6.573524e-16 0.000000e+00
68 211 1.307482e-03 1.307482e-03 1 3 3 3 -8.382880e-15 0.000000e+00
68 212 1.307482e-03 1.646023e-03 1 3 3 3 -2.680636e-14 0.000000e+00
68 213 1.307482e-03 2.072220e-03 1 3 3 3 -1.210094e-14 0.000000e+00
68 214 1.307482e-03 2.608770e-03 1 3 3 3 9.612484e-15 0.000000e+00
68 215 1.307482e-03 3.284247e-03 1 3 3 3 2.424979e-14 0.000000e+00
68 216 1.307482e-03 4.134622e-03 1 3 3 3 3.105779e-14 0.000000e+00
68 217 1.307482e-03 5.205181e-03 1 3 3 3 3.255165e-14 0.000000e+00
68 218 1.307482e-03 6.552935e-03 1 3 3 3 3.122595e-14 0.000000e+00
68 219 1.307482e-03 8.249656e-03 1 3 3 3 2.881488e-14 0.000000e+00
69 209 1.646023e-03 8.249656e-04 1 3 3 3 1.448473e-16 0.000000e+00
69 210 1.646023e-03 1.038570e-03 1 3 3 3 3.898705e-16 0.000000e+00
69 211 1.646023e-03 1.307482e-03 1 3 3 3 1.007887e-15 0.000000e+00
69 212 1.646023e-03 1.646023e-03 1 3 3 3 -7.401793e-15 0.000000e+00
69 213 1.646023e-03 2.072220e-03 1 3 3 3 -2.541548e-14 0.000000e+00
69 214 1.646023e-03 2.608770e-03 1 3 3 3 -1.131061e-14 0.000000e+00
69 215 1.646023e-03 3.284247e-03 1 3 3 3 8.459029e-15 0.000000e+00
69 216 1.646023e-03 4.134622e-03 1 3 3 3 2.117590e-14 0.000000e+00
69 217 1.646023e-03 5.205181e-03 1 3 3 3 2.683638e-14 0.000000e+00
69 218 1.646023e-03 6.552935e-03 1 3 3 3 2.803253e-14 0.000000e+00
69 219 1.646023e-03 8.249656e-03 1 3 3 3 2.704588e-14 0.000000e+00
70 209 2.072220e-03 8.249656e-04 1 3 3 3 5.959047e-17 0.000000e+00
70 210 2.072220e-03 1.038570e-03 1 3 3 3 1.599764e-16 0.000000e+00
70 211 2.072220e-03 1.307482e-03 1 3 3 3 4.516544e-16 0.000000e+00
70 212 2.072220e-03 1.646023e-03 1 3 3 3 1.302854e-15 0.000000e+00
70 213 2.072220e-03 2.072220e-03 1 3 3 3 -6.316639e-15 0.000000e+00
70 214 2.072220e-03 2.608770e-03 1 3 3 3 -2.359233e-14 0.000000e+00
70 215 2.072220e-03 3.284247e-03 1 3 3 3 -1.026525e-14 0.000000e+00
70 216 2.072220e-03 4.134622e-03 1 3 3 3 7.430489e-15 0.000000e+00
70 217 2.072220e-03 5.205181e-03 1 3 3 3 1.837530e-14 0.000000e+00
70 218 2.072220e-03 6.552935e-03 1 3 3 3 2.316404e-14 0.000000e+00
70 219 2.072220e-03 8.249656e-03 1 3 3 3 2.430756e-14 0.000000e+00
71 209 2.608770e-03 8.249656e-04 1 3 3 3 2.285692e-17 0.000000e+00
71 210 2.608770e-03 1.038570e-03 1 3 3 3 5.877845e-17 0.000000e+00
71 211 2.608770e-03 1.307482e-03 1 3 3 3 1.625475e-16 0.000000e+00
71 212 2.608770e-03 1.646023e-03 1 3 3 3 4.766276e-16 0.000000e+00
71 213 2.608770e-03 2.072220e-03 1 3 3 3 1.508316e-15 0.000000e+00
71 214 2.608770e-03 2.608770e-03 1 3 3 3 -5.211587e-15 0.000000e+00
71 215 2.608770e-03 3.284247e-03 1 3 3 3 -2.145453e-14 0.000000e+00
71 216 2.608770e-03 4.134622e-03 1 3 3 3 -9.057463e-15 0.000000e+00
71 217 2.608770e-03 5.205181e-03 1 3 3 3 6.549531e-15 0.000000e+00
71 218 2.608770e-03 6.552935e-03 1 3 3 3 1.594643e-14 0.000000e+00
71 219 2.608770e-03 8.249656e-03 1 3 3 3 2.013365e-14 0.000000e+00
72 209 3.284247e-03 8.249656e-04 1 3 3 3 8.420858e-18 0.000000e+00
72 210 3.284247e-03 1.038570e-03 1 3 3 3 1.997534e-17 0.000000e+00
72 211 3.284247e-03 1.307482e-03 1 3 3 3 5.418418e-17 0.000000e+00
72 212 3.284247e-03 1.646023e-03 1 3 3 3 1.528834e-16 0.000000e+00
72 213 3.284247e-03 2.072220e-03 1 3 3 3 4.646910e-16 0.000000e+00
72 214 3.284247e-03 2.608770e-03 1 3 3 3 1.605605e-15 0.000000e+00
72 215 3.284247e-03 3.284247e-03 1 3 3 3 -4.169135e-15 0.000000e+00
72 216 3.284247e-03 4.134622e-03 1 3 3 3 -1.914251e-14 0.000000e+00
72 217 3.284247e-03 5.205181e-03 1 3 3 3 -7.786880e-15 0.000000e+00
72 218 3.284247e-03 6.552935e-03 1 3 3 3 5.826508e-15 0.000000e+00
72 219 3.284247e-03 8.249656e-03 1 3 3 3 1.394598e-14 0.000000e+00
73 209 4.134622e-03 8.249656e-04 1 3 3 3 3.270763e-18 0.000000e+00
73 210 4.134622e-03 1.038570e-03 1 3 3 3 6.356908e-18 0.000000e+00
73 211 4.134622e-03 1.307482e-03 1 3 3 3 1.704381e-17 0.000000e+00
73 212 4.134622e-03 1.646023e-03 1 3 3 3 4.672738e-17 0.000000e+00
73 213 4.134622e-03 2.072220e-03 1 3 3 3 1.337451e-16 0.000000e+00
73 214 4.134622e-03 2.608770e-03 1 3 3 3 4.220329e-16 0.000000e+00
73 215 4.134622e-03 3.284247e-03 1 3 3 3 1.592773e-15 0.000000e+00
73 216 4.134622e-03 4.134622e-03 1 3 3 3 -3.255232e-15 0.000000e+00
73 217 4.134622e-03 5.205181e-03 1 3 3 3 -1.679916e-14 0.000000e+00
73 218 4.134622e-03 6.552935e-03 1 3 3 3 -6.545728e-15 0.000000e+00
73 219 4.134622e-03 8.249656e-03 1 3 3 3 5.262481e-15 0.000000e+00
74 209 5.205181e-03 8.249656e-04 1 3 3 3 1.451205e-18 0.000000e+00
74 210 5.205181e-03 1.038570e-03 1 3 3 3 1.811083e-18 0.000000e+00
74 211 5.205181e-03 1.307482e-03 1 3 3 3 5.013047e-18 0.000000e+00
74 212 5.205181e-03 1.646023e-03 1 3 3 3 1.371497e-17 0.000000e+00
74 213 5.205181e-03 2.072220e-03 1 3 3 3 3.745323e-17 0.000000e+00
74 214 5.205181e-03 2.608770e-03 1 3 3 3 1.095595e-16 0.000000e+00
74 215 5.205181e-03 3.284247e-03 1 3 3 3 3.587980e-16 0.000000e+00
74 216 5.205181e-03 4.134622e-03 1 3 3 3 1.484177e-15 0.000000e+00
74 217 5.205181e-03 5.205181e-03 1 3 3 3 -2.513297e-15 0.000000e+00
74 218 5.205181e-03 6.552935e-03 1 3 3 3 -1.455351e-14 0.000000e+00
74 219 5.205181e-03 8.249656e-03 1 3 3 3 -5.406400e-15 0.000000e+00
75 209 6.552935e-03 8.249656e-04 1 3 3 3 9.492390e-19 0.000000e+00
75 210 6.552935e-03 1.038570e-03 1 3 3 3 3.586513e-19 0.000000e+00
75 211 6.552935e-03 1.307482e-03 1 3 3 3 1.325339e-18 0.000000e+00
75 212 6.552935e-03 1.646023e-03 1 3 3 3 3.783042e-18 0.000000e+00
75 213 6.552935e-03 2.072220e-03 1 3 3 3 9.960965e-18 0.000000e+00
75 214 6.552935e-03 2.608770e-03 1 3 3 3 2.790558e-17 0.000000e+00
75 215 6.552935e-03 3.284247e-03 1 3 3 3 8.351648e-17 0.000000e+00
75 216 6.552935e-03 4.134622e-03 1 3 3 3 2.852547e-16 0.000000e+00
75 217 6.552935e-03 5.205181e-03 1 3 3 3 1.304517e-15 0.000000e+00
75 218 6.552935e-03 6.552935e-03 1 3 3 3 -1.961160e-15 0.000000e+00
75 219 6.552935e-03 8.249656e-03 1 3 3 3 -1.250902e-14 0.000000e+00
76 209 8.249656e-03 8.249656e-04 1 3 3 3 7.540941e-19 0.000000e+00
76 210 8.249656e-03 1.038570e-03 1 3 3 3 -4.143642e-20 0.000000e+00
76 211 8.249656e-03 1.307482e-03 1 3 3 3 2.912802e-19 0.000000e+00
76 212 8.249656e-03 1.646023e-03 1 3 3 3 1.014561e-18 0.000000e+00
76 213 8.249656e-03 2.072220e-03 1 3 3 3 2.521428e-18 0.000000e+00
76 214 8.249656e-03 2.608770e-03 1 3 3 3 6.770165e-18 0.000000e+00
76 215 8.249656e-03 3.284247e-03 1 3 3 3 1.910188e-17 0.000000e+00
76 216 8.249656e-03 4.134622e-03 1 3 3 3 5.868501e-17 0.000000e+00
76 217 8.249656e-03 5.205181e-03 1 3 3 3 2.106764e-16 0.000000e+00
76 218 8.249656e-03 6.552935e-03 1 3 3 3 1.081828e-15 0.000000e+00
76 219 8.249656e-03 8.249656e-03 1 3 3 3 -1.596011e-15 0.000000e+00
