# Please cite the following papers in research using this covariance:
# arXiv: 1601.05779, https://arxiv.org/abs/1601.05779
# arXiv: 1911.11947, https://arxiv.org/abs/1911.11947
# arXiv: 2004.04833, https://arxiv.org/abs/2004.04833
# arXiv: 1804.10663, https://arxiv.org/abs/1804.10663
########################################################
55 66 8.249656e-04 8.249656e-04 1 2 1 3 3.208970e-13 0.000000e+00
55 67 8.249656e-04 1.038570e-03 1 2 1 3 2.824444e-13 0.000000e+00
55 68 8.249656e-04 1.307482e-03 1 2 1 3 2.413475e-13 0.000000e+00
55 69 8.249656e-04 1.646023e-03 1 2 1 3 2.097446e-13 0.000000e+00
55 70 8.249656e-04 2.072220e-03 1 2 1 3 1.852813e-13 0.000000e+00
55 71 8.249656e-04 2.608770e-03 1 2 1 3 1.658309e-13 0.000000e+00
55 72 8.249656e-04 3.284247e-03 1 2 1 3 1.498143e-13 0.000000e+00
55 73 8.249656e-04 4.134622e-03 1 2 1 3 1.360977e-13 0.000000e+00
55 74 8.249656e-04 5.205181e-03 1 2 1 3 1.238789e-13 0.000000e+00
55 75 8.249656e-04 6.552935e-03 1 2 1 3 1.126001e-13 0.000000e+00
55 76 8.249656e-04 8.249656e-03 1 2 1 3 1.018835e-13 0.000000e+00
56 66 1.038570e-03 8.249656e-04 1 2 1 3 2.824444e-13 0.000000e+00
56 67 1.038570e-03 1.038570e-03 1 2 1 3 2.856872e-13 0.000000e+00
56 68 1.038570e-03 1.307482e-03 1 2 1 3 2.503652e-13 0.000000e+00
56 69 1.038570e-03 1.646023e-03 1 2 1 3 2.141042e-13 0.000000e+00
56 70 1.038570e-03 2.072220e-03 1 2 1 3 1.872771e-13 0.000000e+00
56 71 1.038570e-03 2.608770e-03 1 2 1 3 1.667190e-13 0.000000e+00
56 72 1.038570e-03 3.284247e-03 1 2 1 3 1.501982e-13 0.000000e+00
56 73 1.038570e-03 4.134622e-03 1 2 1 3 1.362580e-13 0.000000e+00
56 74 1.038570e-03 5.205181e-03 1 2 1 3 1.239430e-13 0.000000e+00
56 75 1.038570e-03 6.552935e-03 1 2 1 3 1.126243e-13 0.000000e+00
56 76 1.038570e-03 8.249656e-03 1 2 1 3 1.018920e-13 0.000000e+00
57 66 1.307482e-03 8.249656e-04 1 2 1 3 2.413475e-13 0.000000e+00
57 67 1.307482e-03 1.038570e-03 1 2 1 3 2.503652e-13 0.000000e+00
57 68 1.307482e-03 1.307482e-03 1 2 1 3 2.548351e-13 0.000000e+00
57 69 1.307482e-03 1.646023e-03 1 2 1 3 2.226482e-13 0.000000e+00
57 70 1.307482e-03 2.072220e-03 1 2 1 3 1.909933e-13 0.000000e+00
57 71 1.307482e-03 2.608770e-03 1 2 1 3 1.682948e-13 0.000000e+00
57 72 1.307482e-03 3.284247e-03 1 2 1 3 1.508566e-13 0.000000e+00
57 73 1.307482e-03 4.134622e-03 1 2 1 3 1.365268e-13 0.000000e+00
57 74 1.307482e-03 5.205181e-03 1 2 1 3 1.240490e-13 0.000000e+00
57 75 1.307482e-03 6.552935e-03 1 2 1 3 1.126642e-13 0.000000e+00
57 76 1.307482e-03 8.249656e-03 1 2 1 3 1.019061e-13 0.000000e+00
58 66 1.646023e-03 8.249656e-04 1 2 1 3 2.097446e-13 0.000000e+00
58 67 1.646023e-03 1.038570e-03 1 2 1 3 2.141042e-13 0.000000e+00
58 68 1.646023e-03 1.307482e-03 1 2 1 3 2.226482e-13 0.000000e+00
58 69 1.646023e-03 1.646023e-03 1 2 1 3 2.278666e-13 0.000000e+00
58 70 1.646023e-03 2.072220e-03 1 2 1 3 1.987426e-13 0.000000e+00
58 71 1.646023e-03 2.608770e-03 1 2 1 3 1.713209e-13 0.000000e+00
58 72 1.646023e-03 3.284247e-03 1 2 1 3 1.520450e-13 0.000000e+00
58 73 1.646023e-03 4.134622e-03 1 2 1 3 1.369924e-13 0.000000e+00
58 74 1.646023e-03 5.205181e-03 1 2 1 3 1.242277e-13 0.000000e+00
58 75 1.646023e-03 6.552935e-03 1 2 1 3 1.127302e-13 0.000000e+00
58 76 1.646023e-03 8.249656e-03 1 2 1 3 1.019292e-13 0.000000e+00
59 66 2.072220e-03 8.249656e-04 1 2 1 3 1.852813e-13 0.000000e+00
59 67 2.072220e-03 1.038570e-03 1 2 1 3 1.872771e-13 0.000000e+00
59 68 2.072220e-03 1.307482e-03 1 2 1 3 1.909933e-13 0.000000e+00
59 69 2.072220e-03 1.646023e-03 1 2 1 3 1.987426e-13 0.000000e+00
59 70 2.072220e-03 2.072220e-03 1 2 1 3 2.042544e-13 0.000000e+00
59 71 2.072220e-03 2.608770e-03 1 2 1 3 1.780666e-13 0.000000e+00
59 72 2.072220e-03 3.284247e-03 1 2 1 3 1.544022e-13 0.000000e+00
59 73 2.072220e-03 4.134622e-03 1 2 1 3 1.378485e-13 0.000000e+00
59 74 2.072220e-03 5.205181e-03 1 2 1 3 1.245410e-13 0.000000e+00
59 75 2.072220e-03 6.552935e-03 1 2 1 3 1.128425e-13 0.000000e+00
59 76 2.072220e-03 8.249656e-03 1 2 1 3 1.019677e-13 0.000000e+00
60 66 2.608770e-03 8.249656e-04 1 2 1 3 1.658309e-13 0.000000e+00
60 67 2.608770e-03 1.038570e-03 1 2 1 3 1.667190e-13 0.000000e+00
60 68 2.608770e-03 1.307482e-03 1 2 1 3 1.682948e-13 0.000000e+00
60 69 2.608770e-03 1.646023e-03 1 2 1 3 1.713209e-13 0.000000e+00
60 70 2.608770e-03 2.072220e-03 1 2 1 3 1.780666e-13 0.000000e+00
60 71 2.608770e-03 2.608770e-03 1 2 1 3 1.834758e-13 0.000000e+00
60 72 2.608770e-03 3.284247e-03 1 2 1 3 1.600481e-13 0.000000e+00
60 73 2.608770e-03 4.134622e-03 1 2 1 3 1.396056e-13 0.000000e+00
60 74 2.608770e-03 5.205181e-03 1 2 1 3 1.251291e-13 0.000000e+00
60 75 2.608770e-03 6.552935e-03 1 2 1 3 1.130422e-13 0.000000e+00
60 76 2.608770e-03 8.249656e-03 1 2 1 3 1.020340e-13 0.000000e+00
61 66 3.284247e-03 8.249656e-04 1 2 1 3 1.498143e-13 0.000000e+00
61 67 3.284247e-03 1.038570e-03 1 2 1 3 1.501982e-13 0.000000e+00
61 68 3.284247e-03 1.307482e-03 1 2 1 3 1.508566e-13 0.000000e+00
61 69 3.284247e-03 1.646023e-03 1 2 1 3 1.520450e-13 0.000000e+00
61 70 3.284247e-03 2.072220e-03 1 2 1 3 1.544022e-13 0.000000e+00
61 71 3.284247e-03 2.608770e-03 1 2 1 3 1.600481e-13 0.000000e+00
61 72 3.284247e-03 3.284247e-03 1 2 1 3 1.650398e-13 0.000000e+00
61 73 3.284247e-03 4.134622e-03 1 2 1 3 1.441543e-13 0.000000e+00
61 74 3.284247e-03 5.205181e-03 1 2 1 3 1.263819e-13 0.000000e+00
61 75 3.284247e-03 6.552935e-03 1 2 1 3 1.134262e-13 0.000000e+00
61 76 3.284247e-03 8.249656e-03 1 2 1 3 1.021541e-13 0.000000e+00
62 66 4.134622e-03 8.249656e-04 1 2 1 3 1.360977e-13 0.000000e+00
62 67 4.134622e-03 1.038570e-03 1 2 1 3 1.362580e-13 0.000000e+00
62 68 4.134622e-03 1.307482e-03 1 2 1 3 1.365268e-13 0.000000e+00
62 69 4.134622e-03 1.646023e-03 1 2 1 3 1.369924e-13 0.000000e+00
62 70 4.134622e-03 2.072220e-03 1 2 1 3 1.378485e-13 0.000000e+00
62 71 4.134622e-03 2.608770e-03 1 2 1 3 1.396056e-13 0.000000e+00
62 72 4.134622e-03 3.284247e-03 1 2 1 3 1.441543e-13 0.000000e+00
62 73 4.134622e-03 4.134622e-03 1 2 1 3 1.485059e-13 0.000000e+00
62 74 4.134622e-03 5.205181e-03 1 2 1 3 1.299127e-13 0.000000e+00
62 75 4.134622e-03 6.552935e-03 1 2 1 3 1.142792e-13 0.000000e+00
62 76 4.134622e-03 8.249656e-03 1 2 1 3 1.023916e-13 0.000000e+00
63 66 5.205181e-03 8.249656e-04 1 2 1 3 1.238789e-13 0.000000e+00
63 67 5.205181e-03 1.038570e-03 1 2 1 3 1.239430e-13 0.000000e+00
63 68 5.205181e-03 1.307482e-03 1 2 1 3 1.240490e-13 0.000000e+00
63 69 5.205181e-03 1.646023e-03 1 2 1 3 1.242277e-13 0.000000e+00
63 70 5.205181e-03 2.072220e-03 1 2 1 3 1.245410e-13 0.000000e+00
63 71 5.205181e-03 2.608770e-03 1 2 1 3 1.251291e-13 0.000000e+00
63 72 5.205181e-03 3.284247e-03 1 2 1 3 1.263819e-13 0.000000e+00
63 73 5.205181e-03 4.134622e-03 1 2 1 3 1.299127e-13 0.000000e+00
63 74 5.205181e-03 5.205181e-03 1 2 1 3 1.334929e-13 0.000000e+00
63 75 5.205181e-03 6.552935e-03 1 2 1 3 1.169214e-13 0.000000e+00
63 76 5.205181e-03 8.249656e-03 1 2 1 3 1.029455e-13 0.000000e+00
64 66 6.552935e-03 8.249656e-04 1 2 1 3 1.126001e-13 0.000000e+00
64 67 6.552935e-03 1.038570e-03 1 2 1 3 1.126243e-13 0.000000e+00
64 68 6.552935e-03 1.307482e-03 1 2 1 3 1.126642e-13 0.000000e+00
64 69 6.552935e-03 1.646023e-03 1 2 1 3 1.127302e-13 0.000000e+00
64 70 6.552935e-03 2.072220e-03 1 2 1 3 1.128425e-13 0.000000e+00
64 71 6.552935e-03 2.608770e-03 1 2 1 3 1.130422e-13 0.000000e+00
64 72 6.552935e-03 3.284247e-03 1 2 1 3 1.134262e-13 0.000000e+00
64 73 6.552935e-03 4.134622e-03 1 2 1 3 1.142792e-13 0.000000e+00
64 74 6.552935e-03 5.205181e-03 1 2 1 3 1.169214e-13 0.000000e+00
64 75 6.552935e-03 6.552935e-03 1 2 1 3 1.196809e-13 0.000000e+00
64 76 6.552935e-03 8.249656e-03 1 2 1 3 1.048539e-13 0.000000e+00
65 66 8.249656e-03 8.249656e-04 1 2 1 3 1.018835e-13 0.000000e+00
65 67 8.249656e-03 1.038570e-03 1 2 1 3 1.018920e-13 0.000000e+00
65 68 8.249656e-03 1.307482e-03 1 2 1 3 1.019061e-13 0.000000e+00
65 69 8.249656e-03 1.646023e-03 1 2 1 3 1.019292e-13 0.000000e+00
65 70 8.249656e-03 2.072220e-03 1 2 1 3 1.019677e-13 0.000000e+00
65 71 8.249656e-03 2.608770e-03 1 2 1 3 1.020340e-13 0.000000e+00
65 72 8.249656e-03 3.284247e-03 1 2 1 3 1.021541e-13 0.000000e+00
65 73 8.249656e-03 4.134622e-03 1 2 1 3 1.023916e-13 0.000000e+00
65 74 8.249656e-03 5.205181e-03 1 2 1 3 1.029455e-13 0.000000e+00
65 75 8.249656e-03 6.552935e-03 1 2 1 3 1.048539e-13 0.000000e+00
65 76 8.249656e-03 8.249656e-03 1 2 1 3 1.068127e-13 0.000000e+00
