# Please cite the following papers in research using this covariance:
# arXiv: 1601.05779, https://arxiv.org/abs/1601.05779
# arXiv: 1911.11947, https://arxiv.org/abs/1911.11947
# arXiv: 2004.04833, https://arxiv.org/abs/2004.04833
# arXiv: 1804.10663, https://arxiv.org/abs/1804.10663
########################################################
44 165 8.249656e-04 8.249656e-04 1 1 1 2 -6.329868e-15 0.000000e+00
44 166 8.249656e-04 1.038570e-03 1 1 1 2 -1.797896e-14 0.000000e+00
44 167 8.249656e-04 1.307482e-03 1 1 1 2 -8.171526e-15 0.000000e+00
44 168 8.249656e-04 1.646023e-03 1 1 1 2 7.812718e-15 0.000000e+00
44 169 8.249656e-04 2.072220e-03 1 1 1 2 1.978464e-14 0.000000e+00
44 170 8.249656e-04 2.608770e-03 1 1 1 2 2.608209e-14 0.000000e+00
44 171 8.249656e-04 3.284247e-03 1 1 1 2 2.787350e-14 0.000000e+00
44 172 8.249656e-04 4.134622e-03 1 1 1 2 2.681810e-14 0.000000e+00
44 173 8.249656e-04 5.205181e-03 1 1 1 2 2.429623e-14 0.000000e+00
44 174 8.249656e-04 6.552935e-03 1 1 1 2 2.125680e-14 0.000000e+00
44 175 8.249656e-04 8.249656e-03 1 1 1 2 1.827157e-14 0.000000e+00
45 165 1.038570e-03 8.249656e-04 1 1 1 2 1.369827e-16 0.000000e+00
45 166 1.038570e-03 1.038570e-03 1 1 1 2 -5.984098e-15 0.000000e+00
45 167 1.038570e-03 1.307482e-03 1 1 1 2 -1.783010e-14 0.000000e+00
45 168 1.038570e-03 1.646023e-03 1 1 1 2 -8.150998e-15 0.000000e+00
45 169 1.038570e-03 2.072220e-03 1 1 1 2 6.960525e-15 0.000000e+00
45 170 1.038570e-03 2.608770e-03 1 1 1 2 1.767376e-14 0.000000e+00
45 171 1.038570e-03 3.284247e-03 1 1 1 2 2.287392e-14 0.000000e+00
45 172 1.038570e-03 4.134622e-03 1 1 1 2 2.400827e-14 0.000000e+00
45 173 1.038570e-03 5.205181e-03 1 1 1 2 2.276992e-14 0.000000e+00
45 174 1.038570e-03 6.552935e-03 1 1 1 2 2.044327e-14 0.000000e+00
45 175 1.038570e-03 8.249656e-03 1 1 1 2 1.784079e-14 0.000000e+00
46 165 1.307482e-03 8.249656e-04 1 1 1 2 1.857290e-16 0.000000e+00
46 166 1.307482e-03 1.038570e-03 1 1 1 2 3.807979e-16 0.000000e+00
46 167 1.307482e-03 1.307482e-03 1 1 1 2 -5.483342e-15 0.000000e+00
46 168 1.307482e-03 1.646023e-03 1 1 1 2 -1.732275e-14 0.000000e+00
46 169 1.307482e-03 2.072220e-03 1 1 1 2 -7.892552e-15 0.000000e+00
46 170 1.307482e-03 2.608770e-03 1 1 1 2 6.119349e-15 0.000000e+00
46 171 1.307482e-03 3.284247e-03 1 1 1 2 1.551123e-14 0.000000e+00
46 172 1.307482e-03 4.134622e-03 1 1 1 2 1.973070e-14 0.000000e+00
46 173 1.307482e-03 5.205181e-03 1 1 1 2 2.040591e-14 0.000000e+00
46 174 1.307482e-03 6.552935e-03 1 1 1 2 1.917142e-14 0.000000e+00
46 175 1.307482e-03 8.249656e-03 1 1 1 2 1.716382e-14 0.000000e+00
47 165 1.646023e-03 8.249656e-04 1 1 1 2 9.354479e-17 0.000000e+00
47 166 1.646023e-03 1.038570e-03 1 1 1 2 2.489378e-16 0.000000e+00
47 167 1.646023e-03 1.307482e-03 1 1 1 2 6.219346e-16 0.000000e+00
47 168 1.646023e-03 1.646023e-03 1 1 1 2 -4.850657e-15 0.000000e+00
47 169 1.646023e-03 2.072220e-03 1 1 1 2 -1.646708e-14 0.000000e+00
47 170 1.646023e-03 2.608770e-03 1 1 1 2 -7.411685e-15 0.000000e+00
47 171 1.646023e-03 3.284247e-03 1 1 1 2 5.325095e-15 0.000000e+00
47 172 1.646023e-03 4.134622e-03 1 1 1 2 1.340789e-14 0.000000e+00
47 173 1.646023e-03 5.205181e-03 1 1 1 2 1.680054e-14 0.000000e+00
47 174 1.646023e-03 6.552935e-03 1 1 1 2 1.719997e-14 0.000000e+00
47 175 1.646023e-03 8.249656e-03 1 1 1 2 1.610519e-14 0.000000e+00
48 165 2.072220e-03 8.249656e-04 1 1 1 2 3.948322e-17 0.000000e+00
48 166 2.072220e-03 1.038570e-03 1 1 1 2 1.057056e-16 0.000000e+00
48 167 2.072220e-03 1.307482e-03 1 1 1 2 2.955374e-16 0.000000e+00
48 168 2.072220e-03 1.646023e-03 1 1 1 2 8.312901e-16 0.000000e+00
48 169 2.072220e-03 2.072220e-03 1 1 1 2 -4.135650e-15 0.000000e+00
48 170 2.072220e-03 2.608770e-03 1 1 1 2 -1.530852e-14 0.000000e+00
48 171 2.072220e-03 3.284247e-03 1 1 1 2 -6.750812e-15 0.000000e+00
48 172 2.072220e-03 4.134622e-03 1 1 1 2 4.602162e-15 0.000000e+00
48 173 2.072220e-03 5.205181e-03 1 1 1 2 1.145425e-14 0.000000e+00
48 174 2.072220e-03 6.552935e-03 1 1 1 2 1.418938e-14 0.000000e+00
48 175 2.072220e-03 8.249656e-03 1 1 1 2 1.446393e-14 0.000000e+00
49 165 2.608770e-03 8.249656e-04 1 1 1 2 1.535498e-17 0.000000e+00
49 166 2.608770e-03 1.038570e-03 1 1 1 2 3.961475e-17 0.000000e+00
49 167 2.608770e-03 1.307482e-03 1 1 1 2 1.090837e-16 0.000000e+00
49 168 2.608770e-03 1.646023e-03 1 1 1 2 3.173991e-16 0.000000e+00
49 169 2.608770e-03 2.072220e-03 1 1 1 2 9.837691e-16 0.000000e+00
49 170 2.608770e-03 2.608770e-03 1 1 1 2 -3.395279e-15 0.000000e+00
49 171 2.608770e-03 3.284247e-03 1 1 1 2 -1.392193e-14 0.000000e+00
49 172 2.608770e-03 4.134622e-03 1 1 1 2 -5.971798e-15 0.000000e+00
49 173 2.608770e-03 5.205181e-03 1 1 1 2 3.963895e-15 0.000000e+00
49 174 2.608770e-03 6.552935e-03 1 1 1 2 9.714461e-15 0.000000e+00
49 175 2.608770e-03 8.249656e-03 1 1 1 2 1.195609e-14 0.000000e+00
50 165 3.284247e-03 8.249656e-04 1 1 1 2 5.669458e-18 0.000000e+00
50 166 3.284247e-03 1.038570e-03 1 1 1 2 1.367291e-17 0.000000e+00
50 167 3.284247e-03 1.307482e-03 1 1 1 2 3.695327e-17 0.000000e+00
50 168 3.284247e-03 1.646023e-03 1 1 1 2 1.038772e-16 0.000000e+00
50 169 3.284247e-03 2.072220e-03 1 1 1 2 3.137498e-16 0.000000e+00
50 170 3.284247e-03 2.608770e-03 1 1 1 2 1.064348e-15 0.000000e+00
50 171 3.284247e-03 3.284247e-03 1 1 1 2 -2.686604e-15 0.000000e+00
50 172 3.284247e-03 4.134622e-03 1 1 1 2 -1.239974e-14 0.000000e+00
50 173 3.284247e-03 5.205181e-03 1 1 1 2 -5.142871e-15 0.000000e+00
50 174 3.284247e-03 6.552935e-03 1 1 1 2 3.415110e-15 0.000000e+00
50 175 3.284247e-03 8.249656e-03 1 1 1 2 8.223894e-15 0.000000e+00
51 165 4.134622e-03 8.249656e-04 1 1 1 2 2.171144e-18 0.000000e+00
51 166 4.134622e-03 1.038570e-03 1 1 1 2 4.431742e-18 0.000000e+00
51 167 4.134622e-03 1.307482e-03 1 1 1 2 1.180051e-17 0.000000e+00
51 168 4.134622e-03 1.646023e-03 1 1 1 2 3.223533e-17 0.000000e+00
51 169 4.134622e-03 2.072220e-03 1 1 1 2 9.202315e-17 0.000000e+00
51 170 4.134622e-03 2.608770e-03 1 1 1 2 2.885325e-16 0.000000e+00
51 171 4.134622e-03 3.284247e-03 1 1 1 2 1.070142e-15 0.000000e+00
51 172 4.134622e-03 4.134622e-03 1 1 1 2 -2.055880e-15 0.000000e+00
51 173 4.134622e-03 5.205181e-03 1 1 1 2 -1.083736e-14 0.000000e+00
51 174 4.134622e-03 6.552935e-03 1 1 1 2 -4.327699e-15 0.000000e+00
51 175 4.134622e-03 8.249656e-03 1 1 1 2 2.954632e-15 0.000000e+00
52 165 5.205181e-03 8.249656e-04 1 1 1 2 9.271164e-19 0.000000e+00
52 166 5.205181e-03 1.038570e-03 1 1 1 2 1.315091e-18 0.000000e+00
52 167 5.205181e-03 1.307482e-03 1 1 1 2 3.556998e-18 0.000000e+00
52 168 5.205181e-03 1.646023e-03 1 1 1 2 9.647644e-18 0.000000e+00
52 169 5.205181e-03 2.072220e-03 1 1 1 2 2.632613e-17 0.000000e+00
52 170 5.205181e-03 2.608770e-03 1 1 1 2 7.662637e-17 0.000000e+00
52 171 5.205181e-03 3.284247e-03 1 1 1 2 2.489334e-16 0.000000e+00
52 172 5.205181e-03 4.134622e-03 1 1 1 2 1.010331e-15 0.000000e+00
52 173 5.205181e-03 5.205181e-03 1 1 1 2 -1.533526e-15 0.000000e+00
52 174 5.205181e-03 6.552935e-03 1 1 1 2 -9.321171e-15 0.000000e+00
52 175 5.205181e-03 8.249656e-03 1 1 1 2 -3.575836e-15 0.000000e+00
53 165 6.552935e-03 8.249656e-04 1 1 1 2 5.749931e-19 0.000000e+00
53 166 6.552935e-03 1.038570e-03 1 1 1 2 3.059702e-19 0.000000e+00
53 167 6.552935e-03 1.307482e-03 1 1 1 2 9.924375e-19 0.000000e+00
53 168 6.552935e-03 1.646023e-03 1 1 1 2 2.756172e-18 0.000000e+00
53 169 6.552935e-03 2.072220e-03 1 1 1 2 7.284312e-18 0.000000e+00
53 170 6.552935e-03 2.608770e-03 1 1 1 2 2.026323e-17 0.000000e+00
53 171 6.552935e-03 3.284247e-03 1 1 1 2 6.010230e-17 0.000000e+00
53 172 6.552935e-03 4.134622e-03 1 1 1 2 2.024408e-16 0.000000e+00
53 173 6.552935e-03 5.205181e-03 1 1 1 2 9.021267e-16 0.000000e+00
53 174 6.552935e-03 6.552935e-03 1 1 1 2 -1.131524e-15 0.000000e+00
53 175 6.552935e-03 8.249656e-03 1 1 1 2 -7.919680e-15 0.000000e+00
54 165 8.249656e-03 8.249656e-04 1 1 1 2 4.386247e-19 0.000000e+00
54 166 8.249656e-03 1.038570e-03 1 1 1 2 1.996949e-20 0.000000e+00
54 167 8.249656e-03 1.307482e-03 1 1 1 2 2.549252e-19 0.000000e+00
54 168 8.249656e-03 1.646023e-03 1 1 1 2 7.865476e-19 0.000000e+00
54 169 8.249656e-03 2.072220e-03 1 1 1 2 2.003497e-18 0.000000e+00
54 170 8.249656e-03 2.608770e-03 1 1 1 2 5.324665e-18 0.000000e+00
54 171 8.249656e-03 3.284247e-03 1 1 1 2 1.484078e-17 0.000000e+00
54 172 8.249656e-03 4.134622e-03 1 1 1 2 4.470495e-17 0.000000e+00
54 173 8.249656e-03 5.205181e-03 1 1 1 2 1.559005e-16 0.000000e+00
54 174 8.249656e-03 6.552935e-03 1 1 1 2 7.656804e-16 0.000000e+00
54 175 8.249656e-03 8.249656e-03 1 1 1 2 -8.465539e-16 0.000000e+00
