# Please cite the following papers in research using this covariance:
# arXiv: 1601.05779, https://arxiv.org/abs/1601.05779
# arXiv: 1911.11947, https://arxiv.org/abs/1911.11947
# arXiv: 2004.04833, https://arxiv.org/abs/2004.04833
# arXiv: 1804.10663, https://arxiv.org/abs/1804.10663
########################################################
0 176 8.249656e-04 8.249656e-04 0 0 1 3 -5.370977e-18 0.000000e+00
0 177 8.249656e-04 1.038570e-03 0 0 1 3 -6.083336e-18 0.000000e+00
0 178 8.249656e-04 1.307482e-03 0 0 1 3 1.084936e-17 0.000000e+00
0 179 8.249656e-04 1.646023e-03 0 0 1 3 5.334887e-17 0.000000e+00
0 180 8.249656e-04 2.072220e-03 0 0 1 3 1.191332e-16 0.000000e+00
0 181 8.249656e-04 2.608770e-03 0 0 1 3 2.011544e-16 0.000000e+00
0 182 8.249656e-04 3.284247e-03 0 0 1 3 2.908312e-16 0.000000e+00
0 183 8.249656e-04 4.134622e-03 0 0 1 3 3.803825e-16 0.000000e+00
0 184 8.249656e-04 5.205181e-03 0 0 1 3 4.643590e-16 0.000000e+00
0 185 8.249656e-04 6.552935e-03 0 0 1 3 5.405775e-16 0.000000e+00
0 186 8.249656e-04 8.249656e-03 0 0 1 3 6.103892e-16 0.000000e+00
1 176 1.038570e-03 8.249656e-04 0 0 1 3 -3.688154e-18 0.000000e+00
1 177 1.038570e-03 1.038570e-03 0 0 1 3 -9.545368e-18 0.000000e+00
1 178 1.038570e-03 1.307482e-03 0 0 1 3 -1.221488e-17 0.000000e+00
1 179 1.038570e-03 1.646023e-03 0 0 1 3 9.615523e-18 0.000000e+00
1 180 1.038570e-03 2.072220e-03 0 0 1 3 6.487690e-17 0.000000e+00
1 181 1.038570e-03 2.608770e-03 0 0 1 3 1.467392e-16 0.000000e+00
1 182 1.038570e-03 3.284247e-03 0 0 1 3 2.429185e-16 0.000000e+00
1 183 1.038570e-03 4.134622e-03 0 0 1 3 3.417981e-16 0.000000e+00
1 184 1.038570e-03 5.205181e-03 0 0 1 3 4.352217e-16 0.000000e+00
1 185 1.038570e-03 6.552935e-03 0 0 1 3 5.195589e-16 0.000000e+00
1 186 1.038570e-03 8.249656e-03 0 0 1 3 5.956737e-16 0.000000e+00
2 176 1.307482e-03 8.249656e-04 0 0 1 3 -1.966966e-18 0.000000e+00
2 177 1.307482e-03 1.038570e-03 0 0 1 3 -5.861919e-18 0.000000e+00
2 178 1.307482e-03 1.307482e-03 0 0 1 3 -1.502280e-17 0.000000e+00
2 179 1.307482e-03 1.646023e-03 0 0 1 3 -2.128241e-17 0.000000e+00
2 180 1.307482e-03 2.072220e-03 0 0 1 3 6.149685e-18 0.000000e+00
2 181 1.307482e-03 2.608770e-03 0 0 1 3 7.629629e-17 0.000000e+00
2 182 1.307482e-03 3.284247e-03 0 0 1 3 1.751237e-16 0.000000e+00
2 183 1.307482e-03 4.134622e-03 0 0 1 3 2.845177e-16 0.000000e+00
2 184 1.307482e-03 5.205181e-03 0 0 1 3 3.907807e-16 0.000000e+00
2 185 1.307482e-03 6.552935e-03 0 0 1 3 4.869983e-16 0.000000e+00
2 186 1.307482e-03 8.249656e-03 0 0 1 3 5.726699e-16 0.000000e+00
3 176 1.646023e-03 8.249656e-04 0 0 1 3 -8.746405e-19 0.000000e+00
3 177 1.646023e-03 1.038570e-03 0 0 1 3 -2.929356e-18 0.000000e+00
3 178 1.646023e-03 1.307482e-03 0 0 1 3 -8.090694e-18 0.000000e+00
3 179 1.646023e-03 1.646023e-03 0 0 1 3 -2.199914e-17 0.000000e+00
3 180 1.646023e-03 2.072220e-03 0 0 1 3 -3.368214e-17 0.000000e+00
3 181 1.646023e-03 2.608770e-03 0 0 1 3 3.393130e-19 0.000000e+00
3 182 1.646023e-03 3.284247e-03 0 0 1 3 8.718018e-17 0.000000e+00
3 183 1.646023e-03 4.134622e-03 0 0 1 3 2.032565e-16 0.000000e+00
3 184 1.646023e-03 5.205181e-03 0 0 1 3 3.246737e-16 0.000000e+00
3 185 1.646023e-03 6.552935e-03 0 0 1 3 4.372740e-16 0.000000e+00
3 186 1.646023e-03 8.249656e-03 0 0 1 3 5.370098e-16 0.000000e+00
4 176 2.072220e-03 8.249656e-04 0 0 1 3 -2.784665e-19 0.000000e+00
4 177 2.072220e-03 1.038570e-03 0 0 1 3 -1.316954e-18 0.000000e+00
4 178 2.072220e-03 1.307482e-03 0 0 1 3 -3.560778e-18 0.000000e+00
4 179 2.072220e-03 1.646023e-03 0 0 1 3 -1.029045e-17 0.000000e+00
4 180 2.072220e-03 2.072220e-03 0 0 1 3 -3.025807e-17 0.000000e+00
4 181 2.072220e-03 2.608770e-03 0 0 1 3 -4.915865e-17 0.000000e+00
4 182 2.072220e-03 3.284247e-03 0 0 1 3 -7.531052e-18 0.000000e+00
4 183 2.072220e-03 4.134622e-03 0 0 1 3 9.748431e-17 0.000000e+00
4 184 2.072220e-03 5.205181e-03 0 0 1 3 2.305999e-16 0.000000e+00
4 185 2.072220e-03 6.552935e-03 0 0 1 3 3.631592e-16 0.000000e+00
4 186 2.072220e-03 8.249656e-03 0 0 1 3 4.824926e-16 0.000000e+00
5 176 2.608770e-03 8.249656e-04 0 0 1 3 9.976512e-21 0.000000e+00
5 177 2.608770e-03 1.038570e-03 0 0 1 3 -5.441073e-19 0.000000e+00
5 178 2.608770e-03 1.307482e-03 0 0 1 3 -1.407211e-18 0.000000e+00
5 179 2.608770e-03 1.646023e-03 0 0 1 3 -3.911703e-18 0.000000e+00
5 180 2.608770e-03 2.072220e-03 0 0 1 3 -1.216804e-17 0.000000e+00
5 181 2.608770e-03 2.608770e-03 0 0 1 3 -3.908124e-17 0.000000e+00
5 182 2.608770e-03 3.284247e-03 0 0 1 3 -6.702802e-17 0.000000e+00
5 183 2.608770e-03 4.134622e-03 0 0 1 3 -1.662194e-17 0.000000e+00
5 184 2.608770e-03 5.205181e-03 0 0 1 3 1.075966e-16 0.000000e+00
5 185 2.608770e-03 6.552935e-03 0 0 1 3 2.573472e-16 0.000000e+00
5 186 2.608770e-03 8.249656e-03 0 0 1 3 4.010883e-16 0.000000e+00
6 176 3.284247e-03 8.249656e-04 0 0 1 3 1.336178e-19 0.000000e+00
6 177 3.284247e-03 1.038570e-03 0 0 1 3 -2.162246e-19 0.000000e+00
6 178 3.284247e-03 1.307482e-03 0 0 1 3 -5.089881e-19 0.000000e+00
6 179 3.284247e-03 1.646023e-03 0 0 1 3 -1.315066e-18 0.000000e+00
6 180 3.284247e-03 2.072220e-03 0 0 1 3 -3.965877e-18 0.000000e+00
6 181 3.284247e-03 2.608770e-03 0 0 1 3 -1.324312e-17 0.000000e+00
6 182 3.284247e-03 3.284247e-03 0 0 1 3 -4.766491e-17 0.000000e+00
6 183 3.284247e-03 4.134622e-03 0 0 1 3 -8.615358e-17 0.000000e+00
6 184 3.284247e-03 5.205181e-03 0 0 1 3 -2.570566e-17 0.000000e+00
6 185 3.284247e-03 6.552935e-03 0 0 1 3 1.182834e-16 0.000000e+00
6 186 3.284247e-03 8.249656e-03 0 0 1 3 2.845214e-16 0.000000e+00
7 176 4.134622e-03 8.249656e-04 0 0 1 3 1.803913e-19 0.000000e+00
7 177 4.134622e-03 1.038570e-03 0 0 1 3 -9.343726e-20 0.000000e+00
7 178 4.134622e-03 1.307482e-03 0 0 1 3 -1.782699e-19 0.000000e+00
7 179 4.134622e-03 1.646023e-03 0 0 1 3 -3.847042e-19 0.000000e+00
7 180 4.134622e-03 2.072220e-03 0 0 1 3 -1.152219e-18 0.000000e+00
7 181 4.134622e-03 2.608770e-03 0 0 1 3 -3.615409e-18 0.000000e+00
7 182 4.134622e-03 3.284247e-03 0 0 1 3 -1.329484e-17 0.000000e+00
7 183 4.134622e-03 4.134622e-03 0 0 1 3 -5.522079e-17 0.000000e+00
7 184 4.134622e-03 5.205181e-03 0 0 1 3 -1.052106e-16 0.000000e+00
7 185 4.134622e-03 6.552935e-03 0 0 1 3 -3.347424e-17 0.000000e+00
7 186 4.134622e-03 8.249656e-03 0 0 1 3 1.305429e-16 0.000000e+00
8 176 5.205181e-03 8.249656e-04 0 0 1 3 1.956529e-19 0.000000e+00
8 177 5.205181e-03 1.038570e-03 0 0 1 3 -5.356655e-20 0.000000e+00
8 178 5.205181e-03 1.307482e-03 0 0 1 3 -7.221885e-20 0.000000e+00
8 179 5.205181e-03 1.646023e-03 0 0 1 3 -9.263502e-20 0.000000e+00
8 180 5.205181e-03 2.072220e-03 0 0 1 3 -3.013413e-19 0.000000e+00
8 181 5.205181e-03 2.608770e-03 0 0 1 3 -8.904519e-19 0.000000e+00
8 182 5.205181e-03 3.284247e-03 0 0 1 3 -2.981922e-18 0.000000e+00
8 183 5.205181e-03 4.134622e-03 0 0 1 3 -1.234976e-17 0.000000e+00
8 184 5.205181e-03 5.205181e-03 0 0 1 3 -6.123906e-17 0.000000e+00
8 185 5.205181e-03 6.552935e-03 0 0 1 3 -1.230536e-16 0.000000e+00
8 186 5.205181e-03 8.249656e-03 0 0 1 3 -3.889376e-17 0.000000e+00
9 176 6.552935e-03 8.249656e-04 0 0 1 3 1.999945e-19 0.000000e+00
9 177 6.552935e-03 1.038570e-03 0 0 1 3 -4.219200e-20 0.000000e+00
9 178 6.552935e-03 1.307482e-03 0 0 1 3 -4.243255e-20 0.000000e+00
9 179 6.552935e-03 1.646023e-03 0 0 1 3 -1.243579e-20 0.000000e+00
9 180 6.552935e-03 2.072220e-03 0 0 1 3 -7.558870e-20 0.000000e+00
9 181 6.552935e-03 2.608770e-03 0 0 1 3 -2.066946e-19 0.000000e+00
9 182 6.552935e-03 3.284247e-03 0 0 1 3 -6.355927e-19 0.000000e+00
9 183 6.552935e-03 4.134622e-03 0 0 1 3 -2.272033e-18 0.000000e+00
9 184 6.552935e-03 5.205181e-03 0 0 1 3 -1.074105e-17 0.000000e+00
9 185 6.552935e-03 6.552935e-03 0 0 1 3 -6.570129e-17 0.000000e+00
9 186 6.552935e-03 8.249656e-03 0 0 1 3 -1.390367e-16 0.000000e+00
10 176 8.249656e-03 8.249656e-04 0 0 1 3 2.009005e-19 0.000000e+00
10 177 8.249656e-03 1.038570e-03 0 0 1 3 -3.957185e-20 0.000000e+00
10 178 8.249656e-03 1.307482e-03 0 0 1 3 -3.564173e-20 0.000000e+00
10 179 8.249656e-03 1.646023e-03 0 0 1 3 5.736289e-21 0.000000e+00
10 180 8.249656e-03 2.072220e-03 0 0 1 3 -2.502731e-20 0.000000e+00
10 181 8.249656e-03 2.608770e-03 0 0 1 3 -5.834363e-20 0.000000e+00
10 182 8.249656e-03 3.284247e-03 0 0 1 3 -1.592160e-19 0.000000e+00
10 183 8.249656e-03 4.134622e-03 0 0 1 3 -4.837981e-19 0.000000e+00
10 184 8.249656e-03 5.205181e-03 0 0 1 3 -1.734042e-18 0.000000e+00
10 185 8.249656e-03 6.552935e-03 0 0 1 3 -9.043438e-18 0.000000e+00
10 186 8.249656e-03 8.249656e-03 0 0 1 3 -6.912448e-17 0.000000e+00
