# Please cite the following papers in research using this covariance:
# arXiv: 1601.05779, https://arxiv.org/abs/1601.05779
# arXiv: 1911.11947, https://arxiv.org/abs/1911.11947
# arXiv: 2004.04833, https://arxiv.org/abs/2004.04833
# arXiv: 1804.10663, https://arxiv.org/abs/1804.10663
########################################################
132 132 8.249656e-04 8.249656e-04 0 2 0 2 1.612958e-11 0.000000e+00
132 133 8.249656e-04 1.038570e-03 0 2 0 2 1.263898e-14 0.000000e+00
132 134 8.249656e-04 1.307482e-03 0 2 0 2 4.566770e-15 0.000000e+00
132 135 8.249656e-04 1.646023e-03 0 2 0 2 1.563911e-15 0.000000e+00
132 136 8.249656e-04 2.072220e-03 0 2 0 2 5.191928e-16 0.000000e+00
132 137 8.249656e-04 2.608770e-03 0 2 0 2 1.687139e-16 0.000000e+00
132 138 8.249656e-04 3.284247e-03 0 2 0 2 5.402141e-17 0.000000e+00
132 139 8.249656e-04 4.134622e-03 0 2 0 2 1.722311e-17 0.000000e+00
132 140 8.249656e-04 5.205181e-03 0 2 0 2 5.468615e-18 0.000000e+00
132 141 8.249656e-04 6.552935e-03 0 2 0 2 1.790418e-18 0.000000e+00
132 142 8.249656e-04 8.249656e-03 0 2 0 2 5.824251e-19 0.000000e+00
133 132 1.038570e-03 8.249656e-04 0 2 0 2 1.263898e-14 0.000000e+00
133 133 1.038570e-03 1.038570e-03 0 2 0 2 1.023827e-11 0.000000e+00
133 134 1.038570e-03 1.307482e-03 0 2 0 2 1.197404e-14 0.000000e+00
133 135 1.038570e-03 1.646023e-03 0 2 0 2 4.112061e-15 0.000000e+00
133 136 1.038570e-03 2.072220e-03 0 2 0 2 1.351840e-15 0.000000e+00
133 137 1.038570e-03 2.608770e-03 0 2 0 2 4.347401e-16 0.000000e+00
133 138 1.038570e-03 3.284247e-03 0 2 0 2 1.380456e-16 0.000000e+00
133 139 1.038570e-03 4.134622e-03 0 2 0 2 4.370433e-17 0.000000e+00
133 140 1.038570e-03 5.205181e-03 0 2 0 2 1.391190e-17 0.000000e+00
133 141 1.038570e-03 6.552935e-03 0 2 0 2 4.485529e-18 0.000000e+00
133 142 1.038570e-03 8.249656e-03 0 2 0 2 1.487043e-18 0.000000e+00
134 132 1.307482e-03 8.249656e-04 0 2 0 2 4.566770e-15 0.000000e+00
134 133 1.307482e-03 1.038570e-03 0 2 0 2 1.197404e-14 0.000000e+00
134 134 1.307482e-03 1.307482e-03 0 2 0 2 6.495922e-12 0.000000e+00
134 135 1.307482e-03 1.646023e-03 0 2 0 2 1.107899e-14 0.000000e+00
134 136 1.307482e-03 2.072220e-03 0 2 0 2 3.604838e-15 0.000000e+00
134 137 1.307482e-03 2.608770e-03 0 2 0 2 1.139462e-15 0.000000e+00
134 138 1.307482e-03 3.284247e-03 0 2 0 2 3.568580e-16 0.000000e+00
134 139 1.307482e-03 4.134622e-03 0 2 0 2 1.117742e-16 0.000000e+00
134 140 1.307482e-03 5.205181e-03 0 2 0 2 3.531622e-17 0.000000e+00
134 141 1.307482e-03 6.552935e-03 0 2 0 2 1.138071e-17 0.000000e+00
134 142 1.307482e-03 8.249656e-03 0 2 0 2 3.791998e-18 0.000000e+00
135 132 1.646023e-03 8.249656e-04 0 2 0 2 1.563911e-15 0.000000e+00
135 133 1.646023e-03 1.038570e-03 0 2 0 2 4.112061e-15 0.000000e+00
135 134 1.646023e-03 1.307482e-03 0 2 0 2 1.107899e-14 0.000000e+00
135 135 1.646023e-03 1.646023e-03 0 2 0 2 4.126260e-12 0.000000e+00
135 136 1.646023e-03 2.072220e-03 0 2 0 2 1.000739e-14 0.000000e+00
135 137 1.646023e-03 2.608770e-03 0 2 0 2 3.080788e-15 0.000000e+00
135 138 1.646023e-03 3.284247e-03 0 2 0 2 9.409024e-16 0.000000e+00
135 139 1.646023e-03 4.134622e-03 0 2 0 2 2.894537e-16 0.000000e+00
135 140 1.646023e-03 5.205181e-03 0 2 0 2 9.038589e-17 0.000000e+00
135 141 1.646023e-03 6.552935e-03 0 2 0 2 2.886319e-17 0.000000e+00
135 142 1.646023e-03 8.249656e-03 0 2 0 2 9.516448e-18 0.000000e+00
136 132 2.072220e-03 8.249656e-04 0 2 0 2 5.191928e-16 0.000000e+00
136 133 2.072220e-03 1.038570e-03 0 2 0 2 1.351840e-15 0.000000e+00
136 134 2.072220e-03 1.307482e-03 0 2 0 2 3.604838e-15 0.000000e+00
136 135 2.072220e-03 1.646023e-03 0 2 0 2 1.000739e-14 0.000000e+00
136 136 2.072220e-03 2.072220e-03 0 2 0 2 2.622043e-12 0.000000e+00
136 137 2.072220e-03 2.608770e-03 0 2 0 2 8.830465e-15 0.000000e+00
136 138 2.072220e-03 3.284247e-03 0 2 0 2 2.575784e-15 0.000000e+00
136 139 2.072220e-03 4.134622e-03 0 2 0 2 7.662384e-16 0.000000e+00
136 140 2.072220e-03 5.205181e-03 0 2 0 2 2.341536e-16 0.000000e+00
136 141 2.072220e-03 6.552935e-03 0 2 0 2 7.379781e-17 0.000000e+00
136 142 2.072220e-03 8.249656e-03 0 2 0 2 2.417178e-17 0.000000e+00
137 132 2.608770e-03 8.249656e-04 0 2 0 2 1.687139e-16 0.000000e+00
137 133 2.608770e-03 1.038570e-03 0 2 0 2 4.347401e-16 0.000000e+00
137 134 2.608770e-03 1.307482e-03 0 2 0 2 1.139462e-15 0.000000e+00
137 135 2.608770e-03 1.646023e-03 0 2 0 2 3.080788e-15 0.000000e+00
137 136 2.608770e-03 2.072220e-03 0 2 0 2 8.830465e-15 0.000000e+00
137 137 2.608770e-03 2.608770e-03 0 2 0 2 1.666506e-12 0.000000e+00
137 138 2.608770e-03 3.284247e-03 0 2 0 2 7.625303e-15 0.000000e+00
137 139 2.608770e-03 4.134622e-03 0 2 0 2 2.117950e-15 0.000000e+00
137 140 2.608770e-03 5.205181e-03 0 2 0 2 6.207822e-16 0.000000e+00
137 141 2.608770e-03 6.552935e-03 0 2 0 2 1.909750e-16 0.000000e+00
137 142 2.608770e-03 8.249656e-03 0 2 0 2 6.160906e-17 0.000000e+00
138 132 3.284247e-03 8.249656e-04 0 2 0 2 5.402141e-17 0.000000e+00
138 133 3.284247e-03 1.038570e-03 0 2 0 2 1.380456e-16 0.000000e+00
138 134 3.284247e-03 1.307482e-03 0 2 0 2 3.568580e-16 0.000000e+00
138 135 3.284247e-03 1.646023e-03 0 2 0 2 9.409024e-16 0.000000e+00
138 136 3.284247e-03 2.072220e-03 0 2 0 2 2.575784e-15 0.000000e+00
138 137 3.284247e-03 2.608770e-03 0 2 0 2 7.625303e-15 0.000000e+00
138 138 3.284247e-03 3.284247e-03 0 2 0 2 1.059703e-12 0.000000e+00
138 139 3.284247e-03 4.134622e-03 0 2 0 2 6.463069e-15 0.000000e+00
138 140 3.284247e-03 5.205181e-03 0 2 0 2 1.725323e-15 0.000000e+00
138 141 3.284247e-03 6.552935e-03 0 2 0 2 5.055378e-16 0.000000e+00
138 142 3.284247e-03 8.249656e-03 0 2 0 2 1.588514e-16 0.000000e+00
139 132 4.134622e-03 8.249656e-04 0 2 0 2 1.722311e-17 0.000000e+00
139 133 4.134622e-03 1.038570e-03 0 2 0 2 4.370433e-17 0.000000e+00
139 134 4.134622e-03 1.307482e-03 0 2 0 2 1.117742e-16 0.000000e+00
139 135 4.134622e-03 1.646023e-03 0 2 0 2 2.894537e-16 0.000000e+00
139 136 4.134622e-03 2.072220e-03 0 2 0 2 7.662384e-16 0.000000e+00
139 137 4.134622e-03 2.608770e-03 0 2 0 2 2.117950e-15 0.000000e+00
139 138 4.134622e-03 3.284247e-03 0 2 0 2 6.463069e-15 0.000000e+00
139 139 4.134622e-03 4.134622e-03 0 2 0 2 6.752396e-13 0.000000e+00
139 140 4.134622e-03 5.205181e-03 0 2 0 2 5.400353e-15 0.000000e+00
139 141 4.134622e-03 6.552935e-03 0 2 0 2 1.405203e-15 0.000000e+00
139 142 4.134622e-03 8.249656e-03 0 2 0 2 4.184389e-16 0.000000e+00
140 132 5.205181e-03 8.249656e-04 0 2 0 2 5.468615e-18 0.000000e+00
140 133 5.205181e-03 1.038570e-03 0 2 0 2 1.391190e-17 0.000000e+00
140 134 5.205181e-03 1.307482e-03 0 2 0 2 3.531622e-17 0.000000e+00
140 135 5.205181e-03 1.646023e-03 0 2 0 2 9.038589e-17 0.000000e+00
140 136 5.205181e-03 2.072220e-03 0 2 0 2 2.341536e-16 0.000000e+00
140 137 5.205181e-03 2.608770e-03 0 2 0 2 6.207822e-16 0.000000e+00
140 138 5.205181e-03 3.284247e-03 0 2 0 2 1.725323e-15 0.000000e+00
140 139 5.205181e-03 4.134622e-03 0 2 0 2 5.400353e-15 0.000000e+00
140 140 5.205181e-03 5.205181e-03 0 2 0 2 4.309321e-13 0.000000e+00
140 141 5.205181e-03 6.552935e-03 0 2 0 2 4.474356e-15 0.000000e+00
140 142 5.205181e-03 8.249656e-03 0 2 0 2 1.156087e-15 0.000000e+00
141 132 6.552935e-03 8.249656e-04 0 2 0 2 1.790418e-18 0.000000e+00
141 133 6.552935e-03 1.038570e-03 0 2 0 2 4.485529e-18 0.000000e+00
141 134 6.552935e-03 1.307482e-03 0 2 0 2 1.138071e-17 0.000000e+00
141 135 6.552935e-03 1.646023e-03 0 2 0 2 2.886319e-17 0.000000e+00
141 136 6.552935e-03 2.072220e-03 0 2 0 2 7.379781e-17 0.000000e+00
141 137 6.552935e-03 2.608770e-03 0 2 0 2 1.909750e-16 0.000000e+00
141 138 6.552935e-03 3.284247e-03 0 2 0 2 5.055378e-16 0.000000e+00
141 139 6.552935e-03 4.134622e-03 0 2 0 2 1.405203e-15 0.000000e+00
141 140 6.552935e-03 5.205181e-03 0 2 0 2 4.474356e-15 0.000000e+00
141 141 6.552935e-03 6.552935e-03 0 2 0 2 2.755086e-13 0.000000e+00
141 142 6.552935e-03 8.249656e-03 0 2 0 2 3.701861e-15 0.000000e+00
142 132 8.249656e-03 8.249656e-04 0 2 0 2 5.824251e-19 0.000000e+00
142 133 8.249656e-03 1.038570e-03 0 2 0 2 1.487043e-18 0.000000e+00
142 134 8.249656e-03 1.307482e-03 0 2 0 2 3.791998e-18 0.000000e+00
142 135 8.249656e-03 1.646023e-03 0 2 0 2 9.516448e-18 0.000000e+00
142 136 8.249656e-03 2.072220e-03 0 2 0 2 2.417178e-17 0.000000e+00
142 137 8.249656e-03 2.608770e-03 0 2 0 2 6.160906e-17 0.000000e+00
142 138 8.249656e-03 3.284247e-03 0 2 0 2 1.588514e-16 0.000000e+00
142 139 8.249656e-03 4.134622e-03 0 2 0 2 4.184389e-16 0.000000e+00
142 140 8.249656e-03 5.205181e-03 0 2 0 2 1.156087e-15 0.000000e+00
142 141 8.249656e-03 6.552935e-03 0 2 0 2 3.701861e-15 0.000000e+00
142 142 8.249656e-03 8.249656e-03 0 2 0 2 1.767162e-13 0.000000e+00
