# Please cite the following papers in research using this covariance:
# arXiv: 1601.05779, https://arxiv.org/abs/1601.05779
# arXiv: 1911.11947, https://arxiv.org/abs/1911.11947
# arXiv: 2004.04833, https://arxiv.org/abs/2004.04833
# arXiv: 1804.10663, https://arxiv.org/abs/1804.10663
########################################################
99 176 8.249656e-04 8.249656e-04 3 3 1 3 -9.762517e-15 0.000000e+00
99 177 8.249656e-04 1.038570e-03 3 3 1 3 -2.803190e-14 0.000000e+00
99 178 8.249656e-04 1.307482e-03 3 3 1 3 -1.268335e-14 0.000000e+00
99 179 8.249656e-04 1.646023e-03 3 3 1 3 1.212540e-14 0.000000e+00
99 180 8.249656e-04 2.072220e-03 3 3 1 3 3.064024e-14 0.000000e+00
99 181 8.249656e-04 2.608770e-03 3 3 1 3 4.044544e-14 0.000000e+00
99 182 8.249656e-04 3.284247e-03 3 3 1 3 4.342426e-14 0.000000e+00
99 183 8.249656e-04 4.134622e-03 3 3 1 3 4.214752e-14 0.000000e+00
99 184 8.249656e-04 5.205181e-03 3 3 1 3 3.872688e-14 0.000000e+00
99 185 8.249656e-04 6.552935e-03 3 3 1 3 3.460842e-14 0.000000e+00
99 186 8.249656e-04 8.249656e-03 3 3 1 3 3.066819e-14 0.000000e+00
100 176 1.038570e-03 8.249656e-04 3 3 1 3 2.927454e-16 0.000000e+00
100 177 1.038570e-03 1.038570e-03 3 3 1 3 -9.182981e-15 0.000000e+00
100 178 1.038570e-03 1.307482e-03 3 3 1 3 -2.768772e-14 0.000000e+00
100 179 1.038570e-03 1.646023e-03 3 3 1 3 -1.256884e-14 0.000000e+00
100 180 1.038570e-03 2.072220e-03 3 3 1 3 1.085262e-14 0.000000e+00
100 181 1.038570e-03 2.608770e-03 3 3 1 3 2.746026e-14 0.000000e+00
100 182 1.038570e-03 3.284247e-03 3 3 1 3 3.566796e-14 0.000000e+00
100 183 1.038570e-03 4.134622e-03 3 3 1 3 3.774931e-14 0.000000e+00
100 184 1.038570e-03 5.205181e-03 3 3 1 3 3.630311e-14 0.000000e+00
100 185 1.038570e-03 6.552935e-03 3 3 1 3 3.328835e-14 0.000000e+00
100 186 1.038570e-03 8.249656e-03 3 3 1 3 2.994722e-14 0.000000e+00
101 176 1.307482e-03 8.249656e-04 3 3 1 3 3.020908e-16 0.000000e+00
101 177 1.307482e-03 1.038570e-03 3 3 1 3 6.573524e-16 0.000000e+00
101 178 1.307482e-03 1.307482e-03 3 3 1 3 -8.382880e-15 0.000000e+00
101 179 1.307482e-03 1.646023e-03 3 3 1 3 -2.680636e-14 0.000000e+00
101 180 1.307482e-03 2.072220e-03 3 3 1 3 -1.210094e-14 0.000000e+00
101 181 1.307482e-03 2.608770e-03 3 3 1 3 9.612484e-15 0.000000e+00
101 182 1.307482e-03 3.284247e-03 3 3 1 3 2.424979e-14 0.000000e+00
101 183 1.307482e-03 4.134622e-03 3 3 1 3 3.105779e-14 0.000000e+00
101 184 1.307482e-03 5.205181e-03 3 3 1 3 3.255165e-14 0.000000e+00
101 185 1.307482e-03 6.552935e-03 3 3 1 3 3.122595e-14 0.000000e+00
101 186 1.307482e-03 8.249656e-03 3 3 1 3 2.881488e-14 0.000000e+00
102 176 1.646023e-03 8.249656e-04 3 3 1 3 1.448473e-16 0.000000e+00
102 177 1.646023e-03 1.038570e-03 3 3 1 3 3.898705e-16 0.000000e+00
102 178 1.646023e-03 1.307482e-03 3 3 1 3 1.007887e-15 0.000000e+00
102 179 1.646023e-03 1.646023e-03 3 3 1 3 -7.401793e-15 0.000000e+00
102 180 1.646023e-03 2.072220e-03 3 3 1 3 -2.541548e-14 0.000000e+00
102 181 1.646023e-03 2.608770e-03 3 3 1 3 -1.131061e-14 0.000000e+00
102 182 1.646023e-03 3.284247e-03 3 3 1 3 8.459029e-15 0.000000e+00
102 183 1.646023e-03 4.134622e-03 3 3 1 3 2.117590e-14 0.000000e+00
102 184 1.646023e-03 5.205181e-03 3 3 1 3 2.683638e-14 0.000000e+00
102 185 1.646023e-03 6.552935e-03 3 3 1 3 2.803253e-14 0.000000e+00
102 186 1.646023e-03 8.249656e-03 3 3 1 3 2.704588e-14 0.000000e+00
103 176 2.072220e-03 8.249656e-04 3 3 1 3 5.959047e-17 0.000000e+00
103 177 2.072220e-03 1.038570e-03 3 3 1 3 1.599764e-16 0.000000e+00
103 178 2.072220e-03 1.307482e-03 3 3 1 3 4.516544e-16 0.000000e+00
103 179 2.072220e-03 1.646023e-03 3 3 1 3 1.302854e-15 0.000000e+00
103 180 2.072220e-03 2.072220e-03 3 3 1 3 -6.316639e-15 0.000000e+00
103 181 2.072220e-03 2.608770e-03 3 3 1 3 -2.359233e-14 0.000000e+00
103 182 2.072220e-03 3.284247e-03 3 3 1 3 -1.026525e-14 0.000000e+00
103 183 2.072220e-03 4.134622e-03 3 3 1 3 7.430489e-15 0.000000e+00
103 184 2.072220e-03 5.205181e-03 3 3 1 3 1.837530e-14 0.000000e+00
103 185 2.072220e-03 6.552935e-03 3 3 1 3 2.316404e-14 0.000000e+00
103 186 2.072220e-03 8.249656e-03 3 3 1 3 2.430756e-14 0.000000e+00
104 176 2.608770e-03 8.249656e-04 3 3 1 3 2.285692e-17 0.000000e+00
104 177 2.608770e-03 1.038570e-03 3 3 1 3 5.877845e-17 0.000000e+00
104 178 2.608770e-03 1.307482e-03 3 3 1 3 1.625475e-16 0.000000e+00
104 179 2.608770e-03 1.646023e-03 3 3 1 3 4.766276e-16 0.000000e+00
104 180 2.608770e-03 2.072220e-03 3 3 1 3 1.508316e-15 0.000000e+00
104 181 2.608770e-03 2.608770e-03 3 3 1 3 -5.211587e-15 0.000000e+00
104 182 2.608770e-03 3.284247e-03 3 3 1 3 -2.145453e-14 0.000000e+00
104 183 2.608770e-03 4.134622e-03 3 3 1 3 -9.057463e-15 0.000000e+00
104 184 2.608770e-03 5.205181e-03 3 3 1 3 6.549531e-15 0.000000e+00
104 185 2.608770e-03 6.552935e-03 3 3 1 3 1.594643e-14 0.000000e+00
104 186 2.608770e-03 8.249656e-03 3 3 1 3 2.013365e-14 0.000000e+00
105 176 3.284247e-03 8.249656e-04 3 3 1 3 8.420858e-18 0.000000e+00
105 177 3.284247e-03 1.038570e-03 3 3 1 3 1.997534e-17 0.000000e+00
105 178 3.284247e-03 1.307482e-03 3 3 1 3 5.418418e-17 0.000000e+00
105 179 3.284247e-03 1.646023e-03 3 3 1 3 1.528834e-16 0.000000e+00
105 180 3.284247e-03 2.072220e-03 3 3 1 3 4.646910e-16 0.000000e+00
105 181 3.284247e-03 2.608770e-03 3 3 1 3 1.605605e-15 0.000000e+00
105 182 3.284247e-03 3.284247e-03 3 3 1 3 -4.169135e-15 0.000000e+00
105 183 3.284247e-03 4.134622e-03 3 3 1 3 -1.914251e-14 0.000000e+00
105 184 3.284247e-03 5.205181e-03 3 3 1 3 -7.786880e-15 0.000000e+00
105 185 3.284247e-03 6.552935e-03 3 3 1 3 5.826508e-15 0.000000e+00
105 186 3.284247e-03 8.249656e-03 3 3 1 3 1.394598e-14 0.000000e+00
106 176 4.134622e-03 8.249656e-04 3 3 1 3 3.270763e-18 0.000000e+00
106 177 4.134622e-03 1.038570e-03 3 3 1 3 6.356908e-18 0.000000e+00
106 178 4.134622e-03 1.307482e-03 3 3 1 3 1.704381e-17 0.000000e+00
106 179 4.134622e-03 1.646023e-03 3 3 1 3 4.672738e-17 0.000000e+00
106 180 4.134622e-03 2.072220e-03 3 3 1 3 1.337451e-16 0.000000e+00
106 181 4.134622e-03 2.608770e-03 3 3 1 3 4.220329e-16 0.000000e+00
106 182 4.134622e-03 3.284247e-03 3 3 1 3 1.592773e-15 0.000000e+00
106 183 4.134622e-03 4.134622e-03 3 3 1 3 -3.255232e-15 0.000000e+00
106 184 4.134622e-03 5.205181e-03 3 3 1 3 -1.679916e-14 0.000000e+00
106 185 4.134622e-03 6.552935e-03 3 3 1 3 -6.545728e-15 0.000000e+00
106 186 4.134622e-03 8.249656e-03 3 3 1 3 5.262481e-15 0.000000e+00
107 176 5.205181e-03 8.249656e-04 3 3 1 3 1.451205e-18 0.000000e+00
107 177 5.205181e-03 1.038570e-03 3 3 1 3 1.811083e-18 0.000000e+00
107 178 5.205181e-03 1.307482e-03 3 3 1 3 5.013047e-18 0.000000e+00
107 179 5.205181e-03 1.646023e-03 3 3 1 3 1.371497e-17 0.000000e+00
107 180 5.205181e-03 2.072220e-03 3 3 1 3 3.745323e-17 0.000000e+00
107 181 5.205181e-03 2.608770e-03 3 3 1 3 1.095595e-16 0.000000e+00
107 182 5.205181e-03 3.284247e-03 3 3 1 3 3.587980e-16 0.000000e+00
107 183 5.205181e-03 4.134622e-03 3 3 1 3 1.484177e-15 0.000000e+00
107 184 5.205181e-03 5.205181e-03 3 3 1 3 -2.513297e-15 0.000000e+00
107 185 5.205181e-03 6.552935e-03 3 3 1 3 -1.455351e-14 0.000000e+00
107 186 5.205181e-03 8.249656e-03 3 3 1 3 -5.406400e-15 0.000000e+00
108 176 6.552935e-03 8.249656e-04 3 3 1 3 9.492390e-19 0.000000e+00
108 177 6.552935e-03 1.038570e-03 3 3 1 3 3.586513e-19 0.000000e+00
108 178 6.552935e-03 1.307482e-03 3 3 1 3 1.325339e-18 0.000000e+00
108 179 6.552935e-03 1.646023e-03 3 3 1 3 3.783042e-18 0.000000e+00
108 180 6.552935e-03 2.072220e-03 3 3 1 3 9.960965e-18 0.000000e+00
108 181 6.552935e-03 2.608770e-03 3 3 1 3 2.790558e-17 0.000000e+00
108 182 6.552935e-03 3.284247e-03 3 3 1 3 8.351648e-17 0.000000e+00
108 183 6.552935e-03 4.134622e-03 3 3 1 3 2.852547e-16 0.000000e+00
108 184 6.552935e-03 5.205181e-03 3 3 1 3 1.304517e-15 0.000000e+00
108 185 6.552935e-03 6.552935e-03 3 3 1 3 -1.961160e-15 0.000000e+00
108 186 6.552935e-03 8.249656e-03 3 3 1 3 -1.250902e-14 0.000000e+00
109 176 8.249656e-03 8.249656e-04 3 3 1 3 7.540941e-19 0.000000e+00
109 177 8.249656e-03 1.038570e-03 3 3 1 3 -4.143642e-20 0.000000e+00
109 178 8.249656e-03 1.307482e-03 3 3 1 3 2.912802e-19 0.000000e+00
109 179 8.249656e-03 1.646023e-03 3 3 1 3 1.014561e-18 0.000000e+00
109 180 8.249656e-03 2.072220e-03 3 3 1 3 2.521428e-18 0.000000e+00
109 181 8.249656e-03 2.608770e-03 3 3 1 3 6.770165e-18 0.000000e+00
109 182 8.249656e-03 3.284247e-03 3 3 1 3 1.910188e-17 0.000000e+00
109 183 8.249656e-03 4.134622e-03 3 3 1 3 5.868501e-17 0.000000e+00
109 184 8.249656e-03 5.205181e-03 3 3 1 3 2.106764e-16 0.000000e+00
109 185 8.249656e-03 6.552935e-03 3 3 1 3 1.081828e-15 0.000000e+00
109 186 8.249656e-03 8.249656e-03 3 3 1 3 -1.596011e-15 0.000000e+00
