# Please cite the following papers in research using this covariance:
# arXiv: 1601.05779, https://arxiv.org/abs/1601.05779
# arXiv: 1911.11947, https://arxiv.org/abs/1911.11947
# arXiv: 2004.04833, https://arxiv.org/abs/2004.04833
# arXiv: 1804.10663, https://arxiv.org/abs/1804.10663
########################################################
77 143 8.249656e-04 8.249656e-04 2 2 0 3 -3.475297e-17 0.000000e+00
77 144 8.249656e-04 1.038570e-03 2 2 0 3 -4.570961e-17 0.000000e+00
77 145 8.249656e-04 1.307482e-03 2 2 0 3 3.164124e-17 0.000000e+00
77 146 8.249656e-04 1.646023e-03 2 2 0 3 2.287563e-16 0.000000e+00
77 147 8.249656e-04 2.072220e-03 2 2 0 3 5.186588e-16 0.000000e+00
77 148 8.249656e-04 2.608770e-03 2 2 0 3 8.562229e-16 0.000000e+00
77 149 8.249656e-04 3.284247e-03 2 2 0 3 1.200464e-15 0.000000e+00
77 150 8.249656e-04 4.134622e-03 2 2 0 3 1.524832e-15 0.000000e+00
77 151 8.249656e-04 5.205181e-03 2 2 0 3 1.820077e-15 0.000000e+00
77 152 8.249656e-04 6.552935e-03 2 2 0 3 2.093095e-15 0.000000e+00
77 153 8.249656e-04 8.249656e-03 2 2 0 3 2.363380e-15 0.000000e+00
78 143 1.038570e-03 8.249656e-04 2 2 0 3 -2.091057e-17 0.000000e+00
78 144 1.038570e-03 1.038570e-03 2 2 0 3 -5.508997e-17 0.000000e+00
78 145 1.038570e-03 1.307482e-03 2 2 0 3 -7.888907e-17 0.000000e+00
78 146 1.038570e-03 1.646023e-03 2 2 0 3 1.848545e-17 0.000000e+00
78 147 1.038570e-03 2.072220e-03 2 2 0 3 2.677232e-16 0.000000e+00
78 148 1.038570e-03 2.608770e-03 2 2 0 3 6.164113e-16 0.000000e+00
78 149 1.038570e-03 3.284247e-03 2 2 0 3 9.992108e-16 0.000000e+00
78 150 1.038570e-03 4.134622e-03 2 2 0 3 1.369479e-15 0.000000e+00
78 151 1.038570e-03 5.205181e-03 2 2 0 3 1.706511e-15 0.000000e+00
78 152 1.038570e-03 6.552935e-03 2 2 0 3 2.012742e-15 0.000000e+00
78 153 1.038570e-03 8.249656e-03 2 2 0 3 2.307344e-15 0.000000e+00
79 143 1.307482e-03 8.249656e-04 2 2 0 3 -9.931799e-18 0.000000e+00
79 144 1.307482e-03 1.038570e-03 2 2 0 3 -2.915731e-17 0.000000e+00
79 145 1.307482e-03 1.307482e-03 2 2 0 3 -7.997178e-17 0.000000e+00
79 146 1.307482e-03 1.646023e-03 2 2 0 3 -1.231132e-16 0.000000e+00
79 147 1.307482e-03 2.072220e-03 2 2 0 3 -2.649604e-18 0.000000e+00
79 148 1.307482e-03 2.608770e-03 2 2 0 3 3.051685e-16 0.000000e+00
79 149 1.307482e-03 3.284247e-03 2 2 0 3 7.135346e-16 0.000000e+00
79 150 1.307482e-03 4.134622e-03 2 2 0 3 1.138297e-15 0.000000e+00
79 151 1.307482e-03 5.205181e-03 2 2 0 3 1.533044e-15 0.000000e+00
79 152 1.307482e-03 6.552935e-03 2 2 0 3 1.888174e-15 0.000000e+00
79 153 1.307482e-03 8.249656e-03 2 2 0 3 2.219724e-15 0.000000e+00
80 143 1.646023e-03 8.249656e-04 2 2 0 3 -4.030492e-18 0.000000e+00
80 144 1.646023e-03 1.038570e-03 2 2 0 3 -1.245956e-17 0.000000e+00
80 145 1.646023e-03 1.307482e-03 2 2 0 3 -3.659521e-17 0.000000e+00
80 146 1.646023e-03 1.646023e-03 2 2 0 3 -1.085018e-16 0.000000e+00
80 147 1.646023e-03 2.072220e-03 2 2 0 3 -1.775926e-16 0.000000e+00
80 148 1.646023e-03 2.608770e-03 2 2 0 3 -3.002802e-17 0.000000e+00
80 149 1.646023e-03 3.284247e-03 2 2 0 3 3.413762e-16 0.000000e+00
80 150 1.646023e-03 4.134622e-03 2 2 0 3 8.090984e-16 0.000000e+00
80 151 1.646023e-03 5.205181e-03 2 2 0 3 1.274400e-15 0.000000e+00
80 152 1.646023e-03 6.552935e-03 2 2 0 3 1.697713e-15 0.000000e+00
80 153 1.646023e-03 8.249656e-03 2 2 0 3 2.083840e-15 0.000000e+00
81 143 2.072220e-03 8.249656e-04 2 2 0 3 -1.290738e-18 0.000000e+00
81 144 2.072220e-03 1.038570e-03 2 2 0 3 -4.762117e-18 0.000000e+00
81 145 2.072220e-03 1.307482e-03 2 2 0 3 -1.352085e-17 0.000000e+00
81 146 2.072220e-03 1.646023e-03 2 2 0 3 -4.231059e-17 0.000000e+00
81 147 2.072220e-03 2.072220e-03 2 2 0 3 -1.385605e-16 0.000000e+00
81 148 2.072220e-03 2.608770e-03 2 2 0 3 -2.393470e-16 0.000000e+00
81 149 2.072220e-03 3.284247e-03 2 2 0 3 -6.042857e-17 0.000000e+00
81 150 2.072220e-03 4.134622e-03 2 2 0 3 3.782116e-16 0.000000e+00
81 151 2.072220e-03 5.205181e-03 2 2 0 3 9.049215e-16 0.000000e+00
81 152 2.072220e-03 6.552935e-03 2 2 0 3 1.413266e-15 0.000000e+00
81 153 2.072220e-03 8.249656e-03 2 2 0 3 1.875954e-15 0.000000e+00
82 143 2.608770e-03 8.249656e-04 2 2 0 3 -1.661540e-19 0.000000e+00
82 144 2.608770e-03 1.038570e-03 2 2 0 3 -1.663455e-18 0.000000e+00
82 145 2.608770e-03 1.307482e-03 2 2 0 3 -4.472256e-18 0.000000e+00
82 146 2.608770e-03 1.646023e-03 2 2 0 3 -1.324594e-17 0.000000e+00
82 147 2.608770e-03 2.072220e-03 2 2 0 3 -4.528558e-17 0.000000e+00
82 148 2.608770e-03 2.608770e-03 2 2 0 3 -1.671263e-16 0.000000e+00
82 149 2.608770e-03 3.284247e-03 2 2 0 3 -3.043613e-16 0.000000e+00
82 150 2.608770e-03 4.134622e-03 2 2 0 3 -8.946400e-17 0.000000e+00
82 151 2.608770e-03 5.205181e-03 2 2 0 3 4.188158e-16 0.000000e+00
82 152 2.608770e-03 6.552935e-03 2 2 0 3 1.005792e-15 0.000000e+00
82 153 2.608770e-03 8.249656e-03 2 2 0 3 1.565151e-15 0.000000e+00
83 143 3.284247e-03 8.249656e-04 2 2 0 3 2.403922e-19 0.000000e+00
83 144 3.284247e-03 1.038570e-03 2 2 0 3 -5.624438e-19 0.000000e+00
83 145 3.284247e-03 1.307482e-03 2 2 0 3 -1.351041e-18 0.000000e+00
83 146 3.284247e-03 1.646023e-03 2 2 0 3 -3.688770e-18 0.000000e+00
83 147 3.284247e-03 2.072220e-03 2 2 0 3 -1.187556e-17 0.000000e+00
83 148 3.284247e-03 2.608770e-03 2 2 0 3 -4.469976e-17 0.000000e+00
83 149 3.284247e-03 3.284247e-03 2 2 0 3 -1.917863e-16 0.000000e+00
83 150 3.284247e-03 4.134622e-03 2 2 0 3 -3.682355e-16 0.000000e+00
83 151 3.284247e-03 5.205181e-03 2 2 0 3 -1.127175e-16 0.000000e+00
83 152 3.284247e-03 6.552935e-03 2 2 0 3 4.670797e-16 0.000000e+00
83 153 3.284247e-03 8.249656e-03 2 2 0 3 1.119054e-15 0.000000e+00
84 143 4.134622e-03 8.249656e-04 2 2 0 3 3.688207e-19 0.000000e+00
84 144 4.134622e-03 1.038570e-03 2 2 0 3 -2.198669e-19 0.000000e+00
84 145 4.134622e-03 1.307482e-03 2 2 0 3 -4.045303e-19 0.000000e+00
84 146 4.134622e-03 1.646023e-03 2 2 0 3 -9.114446e-19 0.000000e+00
84 147 4.134622e-03 2.072220e-03 2 2 0 3 -2.856374e-18 0.000000e+00
84 148 4.134622e-03 2.608770e-03 2 2 0 3 -9.652148e-18 0.000000e+00
84 149 4.134622e-03 3.284247e-03 2 2 0 3 -4.098346e-17 0.000000e+00
84 150 4.134622e-03 4.134622e-03 2 2 0 3 -2.112239e-16 0.000000e+00
84 151 4.134622e-03 5.205181e-03 2 2 0 3 -4.274435e-16 0.000000e+00
84 152 4.134622e-03 6.552935e-03 2 2 0 3 -1.269667e-16 0.000000e+00
84 153 4.134622e-03 8.249656e-03 2 2 0 3 5.270272e-16 0.000000e+00
85 143 5.205181e-03 8.249656e-04 2 2 0 3 4.035018e-19 0.000000e+00
85 144 5.205181e-03 1.038570e-03 2 2 0 3 -1.279667e-19 0.000000e+00
85 145 5.205181e-03 1.307482e-03 2 2 0 3 -1.554363e-19 0.000000e+00
85 146 5.205181e-03 1.646023e-03 2 2 0 3 -2.038318e-19 0.000000e+00
85 147 5.205181e-03 2.072220e-03 2 2 0 3 -6.873061e-19 0.000000e+00
85 148 5.205181e-03 2.608770e-03 2 2 0 3 -2.077042e-18 0.000000e+00
85 149 5.205181e-03 3.284247e-03 2 2 0 3 -7.394563e-18 0.000000e+00
85 150 5.205181e-03 4.134622e-03 2 2 0 3 -3.551435e-17 0.000000e+00
85 151 5.205181e-03 5.205181e-03 2 2 0 3 -2.258776e-16 0.000000e+00
85 152 5.205181e-03 6.552935e-03 2 2 0 3 -4.804680e-16 0.000000e+00
85 153 5.205181e-03 8.249656e-03 2 2 0 3 -1.310782e-16 0.000000e+00
86 143 6.552935e-03 8.249656e-04 2 2 0 3 4.115064e-19 0.000000e+00
86 144 6.552935e-03 1.038570e-03 2 2 0 3 -1.064028e-19 0.000000e+00
86 145 6.552935e-03 1.307482e-03 2 2 0 3 -9.808782e-20 0.000000e+00
86 146 6.552935e-03 1.646023e-03 2 2 0 3 -4.560026e-20 0.000000e+00
86 147 6.552935e-03 2.072220e-03 2 2 0 3 -2.245011e-19 0.000000e+00
86 148 6.552935e-03 2.608770e-03 2 2 0 3 -5.871330e-19 0.000000e+00
86 149 6.552935e-03 3.284247e-03 2 2 0 3 -1.726113e-18 0.000000e+00
86 150 6.552935e-03 4.134622e-03 2 2 0 3 -5.972668e-18 0.000000e+00
86 151 6.552935e-03 5.205181e-03 2 2 0 3 -3.040499e-17 0.000000e+00
86 152 6.552935e-03 6.552935e-03 2 2 0 3 -2.380684e-16 0.000000e+00
86 153 6.552935e-03 8.249656e-03 2 2 0 3 -5.284862e-16 0.000000e+00
87 143 8.249656e-03 8.249656e-04 2 2 0 3 4.132519e-19 0.000000e+00
87 144 8.249656e-03 1.038570e-03 2 2 0 3 -1.008160e-19 0.000000e+00
87 145 8.249656e-03 1.307482e-03 2 2 0 3 -8.393032e-20 0.000000e+00
87 146 8.249656e-03 1.646023e-03 2 2 0 3 -8.406163e-21 0.000000e+00
87 147 8.249656e-03 2.072220e-03 2 2 0 3 -1.222649e-19 0.000000e+00
87 148 8.249656e-03 2.608770e-03 2 2 0 3 -2.884488e-19 0.000000e+00
87 149 8.249656e-03 3.284247e-03 2 2 0 3 -7.476411e-19 0.000000e+00
87 150 8.249656e-03 4.134622e-03 2 2 0 3 -2.022252e-18 0.000000e+00
87 151 8.249656e-03 5.205181e-03 2 2 0 3 -6.118957e-18 0.000000e+00
87 152 8.249656e-03 6.552935e-03 2 2 0 3 -2.801039e-17 0.000000e+00
87 153 8.249656e-03 8.249656e-03 2 2 0 3 -2.517033e-16 0.000000e+00
