# Please cite the following papers in research using this covariance:
# arXiv: 1601.05779, https://arxiv.org/abs/1601.05779
# arXiv: 1911.11947, https://arxiv.org/abs/1911.11947
# arXiv: 2004.04833, https://arxiv.org/abs/2004.04833
# arXiv: 1804.10663, https://arxiv.org/abs/1804.10663
########################################################
33 143 8.249656e-04 8.249656e-04 0 3 0 3 -9.793039e-15 0.000000e+00
33 144 8.249656e-04 1.038570e-03 0 3 0 3 -3.114386e-14 0.000000e+00
33 145 8.249656e-04 1.307482e-03 0 3 0 3 -1.405861e-14 0.000000e+00
33 146 8.249656e-04 1.646023e-03 0 3 0 3 1.123754e-14 0.000000e+00
33 147 8.249656e-04 2.072220e-03 0 3 0 3 2.834047e-14 0.000000e+00
33 148 8.249656e-04 2.608770e-03 0 3 0 3 3.627188e-14 0.000000e+00
33 149 8.249656e-04 3.284247e-03 0 3 0 3 3.784439e-14 0.000000e+00
33 150 8.249656e-04 4.134622e-03 0 3 0 3 3.588208e-14 0.000000e+00
33 151 8.249656e-04 5.205181e-03 0 3 0 3 3.236734e-14 0.000000e+00
33 152 8.249656e-04 6.552935e-03 0 3 0 3 2.848048e-14 0.000000e+00
33 153 8.249656e-04 8.249656e-03 0 3 0 3 2.482950e-14 0.000000e+00
34 143 1.038570e-03 8.249656e-04 0 3 0 3 1.147270e-15 0.000000e+00
34 144 1.038570e-03 1.038570e-03 0 3 0 3 -8.666748e-15 0.000000e+00
34 145 1.038570e-03 1.307482e-03 0 3 0 3 -2.958795e-14 0.000000e+00
34 146 1.038570e-03 1.646023e-03 0 3 0 3 -1.320031e-14 0.000000e+00
34 147 1.038570e-03 2.072220e-03 0 3 0 3 9.841914e-15 0.000000e+00
34 148 1.038570e-03 2.608770e-03 0 3 0 3 2.467249e-14 0.000000e+00
34 149 1.038570e-03 3.284247e-03 0 3 0 3 3.114901e-14 0.000000e+00
34 150 1.038570e-03 4.134622e-03 0 3 0 3 3.217656e-14 0.000000e+00
34 151 1.038570e-03 5.205181e-03 0 3 0 3 3.035815e-14 0.000000e+00
34 152 1.038570e-03 6.552935e-03 0 3 0 3 2.739816e-14 0.000000e+00
34 153 1.038570e-03 8.249656e-03 0 3 0 3 2.424458e-14 0.000000e+00
35 143 1.307482e-03 8.249656e-04 0 3 0 3 5.124549e-16 0.000000e+00
35 144 1.307482e-03 1.038570e-03 0 3 0 3 1.475966e-15 0.000000e+00
35 145 1.307482e-03 1.307482e-03 0 3 0 3 -7.436244e-15 0.000000e+00
35 146 1.307482e-03 1.646023e-03 0 3 0 3 -2.754009e-14 0.000000e+00
35 147 1.307482e-03 2.072220e-03 0 3 0 3 -1.206279e-14 0.000000e+00
35 148 1.307482e-03 2.608770e-03 0 3 0 3 8.553536e-15 0.000000e+00
35 149 1.307482e-03 3.284247e-03 0 3 0 3 2.123916e-14 0.000000e+00
35 150 1.307482e-03 4.134622e-03 0 3 0 3 2.652495e-14 0.000000e+00
35 151 1.307482e-03 5.205181e-03 0 3 0 3 2.724514e-14 0.000000e+00
35 152 1.307482e-03 6.552935e-03 0 3 0 3 2.570660e-14 0.000000e+00
35 153 1.307482e-03 8.249656e-03 0 3 0 3 2.332580e-14 0.000000e+00
36 143 1.646023e-03 8.249656e-04 0 3 0 3 1.836989e-16 0.000000e+00
36 144 1.646023e-03 1.038570e-03 0 3 0 3 5.377077e-16 0.000000e+00
36 145 1.646023e-03 1.307482e-03 0 3 0 3 1.707669e-15 0.000000e+00
36 146 1.646023e-03 1.646023e-03 0 3 0 3 -6.178179e-15 0.000000e+00
36 147 1.646023e-03 2.072220e-03 0 3 0 3 -2.512827e-14 0.000000e+00
36 148 1.646023e-03 2.608770e-03 0 3 0 3 -1.074621e-14 0.000000e+00
36 149 1.646023e-03 3.284247e-03 0 3 0 3 7.396877e-15 0.000000e+00
36 150 1.646023e-03 4.134622e-03 0 3 0 3 1.814194e-14 0.000000e+00
36 151 1.646023e-03 5.205181e-03 0 3 0 3 2.249407e-14 0.000000e+00
36 152 1.646023e-03 6.552935e-03 0 3 0 3 2.308566e-14 0.000000e+00
36 153 1.646023e-03 8.249656e-03 0 3 0 3 2.188999e-14 0.000000e+00
37 143 2.072220e-03 8.249656e-04 0 3 0 3 6.223279e-17 0.000000e+00
37 144 2.072220e-03 1.038570e-03 0 3 0 3 1.747485e-16 0.000000e+00
37 145 2.072220e-03 1.307482e-03 0 3 0 3 5.293260e-16 0.000000e+00
37 146 2.072220e-03 1.646023e-03 0 3 0 3 1.824995e-15 0.000000e+00
37 147 2.072220e-03 2.072220e-03 0 3 0 3 -4.980343e-15 0.000000e+00
37 148 2.072220e-03 2.608770e-03 0 3 0 3 -2.250054e-14 0.000000e+00
37 149 2.072220e-03 3.284247e-03 0 3 0 3 -9.354504e-15 0.000000e+00
37 150 2.072220e-03 4.134622e-03 0 3 0 3 6.382916e-15 0.000000e+00
37 151 2.072220e-03 5.205181e-03 0 3 0 3 1.543753e-14 0.000000e+00
37 152 2.072220e-03 6.552935e-03 0 3 0 3 1.908539e-14 0.000000e+00
37 153 2.072220e-03 8.249656e-03 0 3 0 3 1.966643e-14 0.000000e+00
38 143 2.608770e-03 8.249656e-04 0 3 0 3 2.067213e-17 0.000000e+00
38 144 2.608770e-03 1.038570e-03 0 3 0 3 5.503967e-17 0.000000e+00
38 145 2.608770e-03 1.307482e-03 0 3 0 3 1.569358e-16 0.000000e+00
38 146 2.608770e-03 1.646023e-03 0 3 0 3 4.900653e-16 0.000000e+00
38 147 2.608770e-03 2.072220e-03 0 3 0 3 1.828638e-15 0.000000e+00
38 148 2.608770e-03 2.608770e-03 0 3 0 3 -3.908761e-15 0.000000e+00
38 149 2.608770e-03 3.284247e-03 0 3 0 3 -1.980742e-14 0.000000e+00
38 150 2.608770e-03 4.134622e-03 0 3 0 3 -7.982937e-15 0.000000e+00
38 151 2.608770e-03 5.205181e-03 0 3 0 3 5.510805e-15 0.000000e+00
38 152 2.608770e-03 6.552935e-03 0 3 0 3 1.314220e-14 0.000000e+00
38 153 2.608770e-03 8.249656e-03 0 3 0 3 1.627447e-14 0.000000e+00
39 143 3.284247e-03 8.249656e-04 0 3 0 3 6.730949e-18 0.000000e+00
39 144 3.284247e-03 1.038570e-03 0 3 0 3 1.680081e-17 0.000000e+00
39 145 3.284247e-03 1.307482e-03 0 3 0 3 4.612466e-17 0.000000e+00
39 146 3.284247e-03 1.646023e-03 0 3 0 3 1.335739e-16 0.000000e+00
39 147 3.284247e-03 2.072220e-03 0 3 0 3 4.296324e-16 0.000000e+00
39 148 3.284247e-03 2.608770e-03 0 3 0 3 1.734089e-15 0.000000e+00
39 149 3.284247e-03 3.284247e-03 0 3 0 3 -3.006703e-15 0.000000e+00
39 150 3.284247e-03 4.134622e-03 0 3 0 3 -1.718466e-14 0.000000e+00
39 151 3.284247e-03 5.205181e-03 0 3 0 3 -6.707406e-15 0.000000e+00
39 152 3.284247e-03 6.552935e-03 0 3 0 3 4.771644e-15 0.000000e+00
39 153 3.284247e-03 8.249656e-03 0 3 0 3 1.123884e-14 0.000000e+00
40 143 4.134622e-03 8.249656e-04 0 3 0 3 2.338099e-18 0.000000e+00
40 144 4.134622e-03 1.038570e-03 0 3 0 3 5.017844e-18 0.000000e+00
40 145 4.134622e-03 1.307482e-03 0 3 0 3 1.337183e-17 0.000000e+00
40 146 4.134622e-03 1.646023e-03 0 3 0 3 3.695874e-17 0.000000e+00
40 147 4.134622e-03 2.072220e-03 0 3 0 3 1.082748e-16 0.000000e+00
40 148 4.134622e-03 2.608770e-03 0 3 0 3 3.584719e-16 0.000000e+00
40 149 4.134622e-03 3.284247e-03 0 3 0 3 1.566052e-15 0.000000e+00
40 150 4.134622e-03 4.134622e-03 0 3 0 3 -2.292213e-15 0.000000e+00
40 151 4.134622e-03 5.205181e-03 0 3 0 3 -1.474002e-14 0.000000e+00
40 152 4.134622e-03 6.552935e-03 0 3 0 3 -5.579594e-15 0.000000e+00
40 153 4.134622e-03 8.249656e-03 0 3 0 3 4.151129e-15 0.000000e+00
41 143 5.205181e-03 8.249656e-04 0 3 0 3 8.560608e-19 0.000000e+00
41 144 5.205181e-03 1.038570e-03 0 3 0 3 1.398559e-18 0.000000e+00
41 145 5.205181e-03 1.307482e-03 0 3 0 3 3.751264e-18 0.000000e+00
41 146 5.205181e-03 1.646023e-03 0 3 0 3 1.022368e-17 0.000000e+00
41 147 5.205181e-03 2.072220e-03 0 3 0 3 2.824634e-17 0.000000e+00
41 148 5.205181e-03 2.608770e-03 0 3 0 3 8.402323e-17 0.000000e+00
41 149 5.205181e-03 3.284247e-03 0 3 0 3 2.860358e-16 0.000000e+00
41 150 5.205181e-03 4.134622e-03 0 3 0 3 1.353764e-15 0.000000e+00
41 151 5.205181e-03 5.205181e-03 0 3 0 3 -1.761448e-15 0.000000e+00
41 152 5.205181e-03 6.552935e-03 0 3 0 3 -1.254766e-14 0.000000e+00
41 153 5.205181e-03 8.249656e-03 0 3 0 3 -4.625617e-15 0.000000e+00
42 143 6.552935e-03 8.249656e-04 0 3 0 3 5.179580e-19 0.000000e+00
42 144 6.552935e-03 1.038570e-03 0 3 0 3 3.213856e-19 0.000000e+00
42 145 6.552935e-03 1.307482e-03 0 3 0 3 1.032381e-18 0.000000e+00
42 146 6.552935e-03 1.646023e-03 0 3 0 3 2.797985e-18 0.000000e+00
42 147 6.552935e-03 2.072220e-03 0 3 0 3 7.434082e-18 0.000000e+00
42 148 6.552935e-03 2.608770e-03 0 3 0 3 2.082623e-17 0.000000e+00
42 149 6.552935e-03 3.284247e-03 0 3 0 3 6.272259e-17 0.000000e+00
42 150 6.552935e-03 4.134622e-03 0 3 0 3 2.192523e-16 0.000000e+00
42 151 6.552935e-03 5.205181e-03 0 3 0 3 1.125264e-15 0.000000e+00
42 152 6.552935e-03 6.552935e-03 0 3 0 3 -1.393402e-15 0.000000e+00
42 153 6.552935e-03 8.249656e-03 0 3 0 3 -1.064685e-14 0.000000e+00
43 143 8.249656e-03 8.249656e-04 0 3 0 3 3.594687e-19 0.000000e+00
43 144 8.249656e-03 1.038570e-03 0 3 0 3 2.945173e-20 0.000000e+00
43 145 8.249656e-03 1.307482e-03 0 3 0 3 2.746344e-19 0.000000e+00
43 146 8.249656e-03 1.646023e-03 0 3 0 3 7.725490e-19 0.000000e+00
43 147 8.249656e-03 2.072220e-03 0 3 0 3 2.016990e-18 0.000000e+00
43 148 8.249656e-03 2.608770e-03 0 3 0 3 5.359393e-18 0.000000e+00
43 149 8.249656e-03 3.284247e-03 0 3 0 3 1.500899e-17 0.000000e+00
43 150 8.249656e-03 4.134622e-03 0 3 0 3 4.559291e-17 0.000000e+00
43 151 8.249656e-03 5.205181e-03 0 3 0 3 1.628302e-16 0.000000e+00
43 152 8.249656e-03 6.552935e-03 0 3 0 3 9.039649e-16 0.000000e+00
43 153 8.249656e-03 8.249656e-03 0 3 0 3 -1.156885e-15 0.000000e+00
