# Please cite the following papers in research using this covariance:
# arXiv: 1601.05779, https://arxiv.org/abs/1601.05779
# arXiv: 1911.11947, https://arxiv.org/abs/1911.11947
# arXiv: 2004.04833, https://arxiv.org/abs/2004.04833
# arXiv: 1804.10663, https://arxiv.org/abs/1804.10663
########################################################
66 132 8.249656e-04 8.249656e-04 1 3 0 2 -1.846045e-17 0.000000e+00
66 133 8.249656e-04 1.038570e-03 1 3 0 2 -2.297509e-17 0.000000e+00
66 134 8.249656e-04 1.307482e-03 1 3 0 2 2.383567e-17 0.000000e+00
66 135 8.249656e-04 1.646023e-03 1 3 0 2 1.424749e-16 0.000000e+00
66 136 8.249656e-04 2.072220e-03 1 3 0 2 3.208573e-16 0.000000e+00
66 137 8.249656e-04 2.608770e-03 1 3 0 2 5.343644e-16 0.000000e+00
66 138 8.249656e-04 3.284247e-03 1 3 0 2 7.578486e-16 0.000000e+00
66 139 8.249656e-04 4.134622e-03 1 3 0 2 9.724813e-16 0.000000e+00
66 140 8.249656e-04 5.205181e-03 1 3 0 2 1.168838e-15 0.000000e+00
66 141 8.249656e-04 6.552935e-03 1 3 0 2 1.347522e-15 0.000000e+00
66 142 8.249656e-04 8.249656e-03 1 3 0 2 1.517916e-15 0.000000e+00
67 132 1.038570e-03 8.249656e-04 1 3 0 2 -1.180223e-17 0.000000e+00
67 133 1.038570e-03 1.038570e-03 1 3 0 2 -3.058609e-17 0.000000e+00
67 134 1.038570e-03 1.307482e-03 1 3 0 2 -4.202991e-17 0.000000e+00
67 135 1.038570e-03 1.646023e-03 1 3 0 2 1.738861e-17 0.000000e+00
67 136 1.038570e-03 2.072220e-03 1 3 0 2 1.690928e-16 0.000000e+00
67 137 1.038570e-03 2.608770e-03 1 3 0 2 3.864624e-16 0.000000e+00
67 138 1.038570e-03 3.284247e-03 1 3 0 2 6.314203e-16 0.000000e+00
67 139 1.038570e-03 4.134622e-03 1 3 0 2 8.733971e-16 0.000000e+00
67 140 1.038570e-03 5.205181e-03 1 3 0 2 1.095642e-15 0.000000e+00
67 141 1.038570e-03 6.552935e-03 1 3 0 2 1.295484e-15 0.000000e+00
67 142 1.038570e-03 8.249656e-03 1 3 0 2 1.481676e-15 0.000000e+00
68 132 1.307482e-03 8.249656e-04 1 3 0 2 -5.923494e-18 0.000000e+00
68 133 1.307482e-03 1.038570e-03 1 3 0 2 -1.728951e-17 0.000000e+00
68 134 1.307482e-03 1.307482e-03 1 3 0 2 -4.593570e-17 0.000000e+00
68 135 1.307482e-03 1.646023e-03 1 3 0 2 -6.852635e-17 0.000000e+00
68 136 1.307482e-03 2.072220e-03 1 3 0 2 5.377205e-18 0.000000e+00
68 137 1.307482e-03 2.608770e-03 1 3 0 2 1.947745e-16 0.000000e+00
68 138 1.307482e-03 3.284247e-03 1 3 0 2 4.522091e-16 0.000000e+00
68 139 1.307482e-03 4.134622e-03 1 3 0 2 7.260894e-16 0.000000e+00
68 140 1.307482e-03 5.205181e-03 1 3 0 2 9.838995e-16 0.000000e+00
68 141 1.307482e-03 6.552935e-03 1 3 0 2 1.214830e-15 0.000000e+00
68 142 1.307482e-03 8.249656e-03 1 3 0 2 1.425014e-15 0.000000e+00
69 132 1.646023e-03 8.249656e-04 1 3 0 2 -2.520414e-18 0.000000e+00
69 133 1.646023e-03 1.038570e-03 1 3 0 2 -7.897762e-18 0.000000e+00
69 134 1.646023e-03 1.307482e-03 1 3 0 2 -2.256735e-17 0.000000e+00
69 135 1.646023e-03 1.646023e-03 1 3 0 2 -6.430940e-17 0.000000e+00
69 136 1.646023e-03 2.072220e-03 1 3 0 2 -1.025241e-16 0.000000e+00
69 137 1.646023e-03 2.608770e-03 1 3 0 2 -1.160854e-17 0.000000e+00
69 138 1.646023e-03 3.284247e-03 1 3 0 2 2.192110e-16 0.000000e+00
69 139 1.646023e-03 4.134622e-03 1 3 0 2 5.166457e-16 0.000000e+00
69 140 1.646023e-03 5.205181e-03 1 3 0 2 8.174313e-16 0.000000e+00
69 141 1.646023e-03 6.552935e-03 1 3 0 2 1.091562e-15 0.000000e+00
69 142 1.646023e-03 8.249656e-03 1 3 0 2 1.337149e-15 0.000000e+00
70 132 2.072220e-03 8.249656e-04 1 3 0 2 -8.276384e-19 0.000000e+00
70 133 2.072220e-03 1.038570e-03 1 3 0 2 -3.222596e-18 0.000000e+00
70 134 2.072220e-03 1.307482e-03 1 3 0 2 -8.965314e-18 0.000000e+00
70 135 2.072220e-03 1.646023e-03 1 3 0 2 -2.711398e-17 0.000000e+00
70 136 2.072220e-03 2.072220e-03 1 3 0 2 -8.456384e-17 0.000000e+00
70 137 2.072220e-03 2.608770e-03 1 3 0 2 -1.425164e-16 0.000000e+00
70 138 2.072220e-03 3.284247e-03 1 3 0 2 -3.190489e-17 0.000000e+00
70 139 2.072220e-03 4.134622e-03 1 3 0 2 2.431548e-16 0.000000e+00
70 140 2.072220e-03 5.205181e-03 1 3 0 2 5.799696e-16 0.000000e+00
70 141 2.072220e-03 6.552935e-03 1 3 0 2 9.075827e-16 0.000000e+00
70 142 2.072220e-03 8.249656e-03 1 3 0 2 1.202748e-15 0.000000e+00
71 132 2.608770e-03 8.249656e-04 1 3 0 2 -8.479857e-20 0.000000e+00
71 133 2.608770e-03 1.038570e-03 1 3 0 2 -1.200057e-18 0.000000e+00
71 134 2.608770e-03 1.307482e-03 1 3 0 2 -3.177687e-18 0.000000e+00
71 135 2.608770e-03 1.646023e-03 1 3 0 2 -9.182843e-18 0.000000e+00
71 136 2.608770e-03 2.072220e-03 1 3 0 2 -3.015543e-17 0.000000e+00
71 137 2.608770e-03 2.608770e-03 1 3 0 2 -1.046887e-16 0.000000e+00
71 138 2.608770e-03 3.284247e-03 1 3 0 2 -1.860933e-16 0.000000e+00
71 139 2.608770e-03 4.134622e-03 1 3 0 2 -5.278704e-17 0.000000e+00
71 140 2.608770e-03 5.205181e-03 1 3 0 2 2.683098e-16 0.000000e+00
71 141 2.608770e-03 6.552935e-03 1 3 0 2 6.443324e-16 0.000000e+00
71 142 2.608770e-03 8.249656e-03 1 3 0 2 1.001874e-15 0.000000e+00
72 132 3.284247e-03 8.249656e-04 1 3 0 2 2.021399e-19 0.000000e+00
72 133 3.284247e-03 1.038570e-03 1 3 0 2 -4.295921e-19 0.000000e+00
72 134 3.284247e-03 1.307482e-03 1 3 0 2 -1.023983e-18 0.000000e+00
72 135 3.284247e-03 1.646023e-03 1 3 0 2 -2.744431e-18 0.000000e+00
72 136 3.284247e-03 2.072220e-03 1 3 0 2 -8.609356e-18 0.000000e+00
72 137 3.284247e-03 2.608770e-03 1 3 0 2 -3.085889e-17 0.000000e+00
72 138 3.284247e-03 3.284247e-03 1 3 0 2 -1.228284e-16 0.000000e+00
72 139 3.284247e-03 4.134622e-03 1 3 0 2 -2.302329e-16 0.000000e+00
72 140 3.284247e-03 5.205181e-03 1 3 0 2 -7.115414e-17 0.000000e+00
72 141 3.284247e-03 6.552935e-03 1 3 0 2 2.970325e-16 0.000000e+00
72 142 3.284247e-03 8.249656e-03 1 3 0 2 7.137483e-16 0.000000e+00
73 132 4.134622e-03 8.249656e-04 1 3 0 2 2.991474e-19 0.000000e+00
73 133 4.134622e-03 1.038570e-03 1 3 0 2 -1.724637e-19 0.000000e+00
73 134 4.134622e-03 1.307482e-03 1 3 0 2 -3.206754e-19 0.000000e+00
73 135 4.134622e-03 1.646023e-03 1 3 0 2 -7.151206e-19 0.000000e+00
73 136 4.134622e-03 2.072220e-03 1 3 0 2 -2.206221e-18 0.000000e+00
73 137 4.134622e-03 2.608770e-03 1 3 0 2 -7.263825e-18 0.000000e+00
73 138 4.134622e-03 3.284247e-03 1 3 0 2 -2.918714e-17 0.000000e+00
73 139 4.134622e-03 4.134622e-03 1 3 0 2 -1.376331e-16 0.000000e+00
73 140 4.134622e-03 5.205181e-03 1 3 0 2 -2.721215e-16 0.000000e+00
73 141 4.134622e-03 6.552935e-03 1 3 0 2 -8.436738e-17 0.000000e+00
73 142 4.134622e-03 8.249656e-03 1 3 0 2 3.319244e-16 0.000000e+00
74 132 5.205181e-03 8.249656e-04 1 3 0 2 3.271041e-19 0.000000e+00
74 133 5.205181e-03 1.038570e-03 1 3 0 2 -9.878085e-20 0.000000e+00
74 134 5.205181e-03 1.307482e-03 1 3 0 2 -1.222924e-19 0.000000e+00
74 135 5.205181e-03 1.646023e-03 1 3 0 2 -1.578866e-19 0.000000e+00
74 136 5.205181e-03 2.072220e-03 1 3 0 2 -5.301368e-19 0.000000e+00
74 137 5.205181e-03 2.608770e-03 1 3 0 2 -1.601668e-18 0.000000e+00
74 138 5.205181e-03 3.284247e-03 1 3 0 2 -5.630515e-18 0.000000e+00
74 139 5.205181e-03 4.134622e-03 1 3 0 2 -2.577404e-17 0.000000e+00
74 140 5.205181e-03 5.205181e-03 1 3 0 2 -1.487977e-16 0.000000e+00
74 141 5.205181e-03 6.552935e-03 1 3 0 2 -3.099901e-16 0.000000e+00
74 142 5.205181e-03 8.249656e-03 1 3 0 2 -9.097247e-17 0.000000e+00
75 132 6.552935e-03 8.249656e-04 1 3 0 2 3.340199e-19 0.000000e+00
75 133 6.552935e-03 1.038570e-03 1 3 0 2 -8.039241e-20 0.000000e+00
75 134 6.552935e-03 1.307482e-03 1 3 0 2 -7.367998e-20 0.000000e+00
75 135 6.552935e-03 1.646023e-03 1 3 0 2 -2.494941e-20 0.000000e+00
75 136 6.552935e-03 2.072220e-03 1 3 0 2 -1.464842e-19 0.000000e+00
75 137 6.552935e-03 2.608770e-03 1 3 0 2 -3.920877e-19 0.000000e+00
75 138 6.552935e-03 3.284247e-03 1 3 0 2 -1.193025e-18 0.000000e+00
75 139 6.552935e-03 4.134622e-03 1 3 0 2 -4.290248e-18 0.000000e+00
75 140 6.552935e-03 5.205181e-03 1 3 0 2 -2.186727e-17 0.000000e+00
75 141 6.552935e-03 6.552935e-03 1 3 0 2 -1.573014e-16 0.000000e+00
75 142 6.552935e-03 8.249656e-03 1 3 0 2 -3.437012e-16 0.000000e+00
76 132 8.249656e-03 8.249656e-04 1 3 0 2 3.353505e-19 0.000000e+00
76 133 8.249656e-03 1.038570e-03 1 3 0 2 -7.625434e-20 0.000000e+00
76 134 8.249656e-03 1.307482e-03 1 3 0 2 -6.303081e-20 0.000000e+00
76 135 8.249656e-03 1.646023e-03 1 3 0 2 3.511738e-21 0.000000e+00
76 136 8.249656e-03 2.072220e-03 1 3 0 2 -6.688109e-20 0.000000e+00
76 137 8.249656e-03 2.608770e-03 1 3 0 2 -1.555803e-19 0.000000e+00
76 138 8.249656e-03 3.284247e-03 1 3 0 2 -4.105807e-19 0.000000e+00
76 139 8.249656e-03 4.134622e-03 1 3 0 2 -1.159876e-18 0.000000e+00
76 140 8.249656e-03 5.205181e-03 1 3 0 2 -3.790322e-18 0.000000e+00
76 141 8.249656e-03 6.552935e-03 1 3 0 2 -1.902838e-17 0.000000e+00
76 142 8.249656e-03 8.249656e-03 1 3 0 2 -1.652903e-16 0.000000e+00
