# Please cite the following papers in research using this covariance:
# arXiv: 1601.05779, https://arxiv.org/abs/1601.05779
# arXiv: 1911.11947, https://arxiv.org/abs/1911.11947
# arXiv: 2004.04833, https://arxiv.org/abs/2004.04833
# arXiv: 1804.10663, https://arxiv.org/abs/1804.10663
########################################################
66 165 8.249656e-04 8.249656e-04 1 3 1 2 -7.347511e-15 0.000000e+00
66 166 8.249656e-04 1.038570e-03 1 3 1 2 -2.245582e-14 0.000000e+00
66 167 8.249656e-04 1.307482e-03 1 3 1 2 -1.022782e-14 0.000000e+00
66 168 8.249656e-04 1.646023e-03 1 3 1 2 8.433660e-15 0.000000e+00
66 169 8.249656e-04 2.072220e-03 1 3 1 2 2.136289e-14 0.000000e+00
66 170 8.249656e-04 2.608770e-03 1 3 1 2 2.750483e-14 0.000000e+00
66 171 8.249656e-04 3.284247e-03 1 3 1 2 2.881517e-14 0.000000e+00
66 172 8.249656e-04 4.134622e-03 1 3 1 2 2.739664e-14 0.000000e+00
66 173 8.249656e-04 5.205181e-03 1 3 1 2 2.477373e-14 0.000000e+00
66 174 8.249656e-04 6.552935e-03 1 3 1 2 2.187645e-14 0.000000e+00
66 175 8.249656e-04 8.249656e-03 1 3 1 2 1.919726e-14 0.000000e+00
67 165 1.038570e-03 8.249656e-04 1 3 1 2 6.480008e-16 0.000000e+00
67 166 1.038570e-03 1.038570e-03 1 3 1 2 -6.610725e-15 0.000000e+00
67 167 1.038570e-03 1.307482e-03 1 3 1 2 -2.158758e-14 0.000000e+00
67 168 1.038570e-03 1.646023e-03 1 3 1 2 -9.747572e-15 0.000000e+00
67 169 1.038570e-03 2.072220e-03 1 3 1 2 7.412760e-15 0.000000e+00
67 170 1.038570e-03 2.608770e-03 1 3 1 2 1.868998e-14 0.000000e+00
67 171 1.038570e-03 3.284247e-03 1 3 1 2 2.370726e-14 0.000000e+00
67 172 1.038570e-03 4.134622e-03 1 3 1 2 2.456485e-14 0.000000e+00
67 173 1.038570e-03 5.205181e-03 1 3 1 2 2.323671e-14 0.000000e+00
67 174 1.038570e-03 6.552935e-03 1 3 1 2 2.104686e-14 0.000000e+00
67 175 1.038570e-03 8.249656e-03 1 3 1 2 1.874672e-14 0.000000e+00
68 165 1.307482e-03 8.249656e-04 1 3 1 2 3.500584e-16 0.000000e+00
68 166 1.307482e-03 1.038570e-03 1 3 1 2 9.311056e-16 0.000000e+00
68 167 1.307482e-03 1.307482e-03 1 3 1 2 -5.751720e-15 0.000000e+00
68 168 1.307482e-03 1.646023e-03 1 3 1 2 -2.030804e-14 0.000000e+00
68 169 1.307482e-03 2.072220e-03 1 3 1 2 -9.016500e-15 0.000000e+00
68 170 1.307482e-03 2.608770e-03 1 3 1 2 6.464955e-15 0.000000e+00
68 171 1.307482e-03 3.284247e-03 1 3 1 2 1.615191e-14 0.000000e+00
68 172 1.307482e-03 4.134622e-03 1 3 1 2 2.024652e-14 0.000000e+00
68 173 1.307482e-03 5.205181e-03 1 3 1 2 2.085534e-14 0.000000e+00
68 174 1.307482e-03 6.552935e-03 1 3 1 2 1.975034e-14 0.000000e+00
68 175 1.307482e-03 8.249656e-03 1 3 1 2 1.803906e-14 0.000000e+00
69 165 1.646023e-03 8.249656e-04 1 3 1 2 1.355375e-16 0.000000e+00
69 166 1.646023e-03 1.038570e-03 1 3 1 2 3.869999e-16 0.000000e+00
69 167 1.646023e-03 1.307482e-03 1 3 1 2 1.153958e-15 0.000000e+00
69 168 1.646023e-03 1.646023e-03 1 3 1 2 -4.830738e-15 0.000000e+00
69 169 1.646023e-03 2.072220e-03 1 3 1 2 -1.869893e-14 0.000000e+00
69 170 1.646023e-03 2.608770e-03 1 3 1 2 -8.105260e-15 0.000000e+00
69 171 1.646023e-03 3.284247e-03 1 3 1 2 5.612873e-15 0.000000e+00
69 172 1.646023e-03 4.134622e-03 1 3 1 2 1.384330e-14 0.000000e+00
69 173 1.646023e-03 5.205181e-03 1 3 1 2 1.722110e-14 0.000000e+00
69 174 1.646023e-03 6.552935e-03 1 3 1 2 1.774154e-14 0.000000e+00
69 175 1.646023e-03 8.249656e-03 1 3 1 2 1.693328e-14 0.000000e+00
70 165 2.072220e-03 8.249656e-04 1 3 1 2 4.791347e-17 0.000000e+00
70 166 2.072220e-03 1.038570e-03 1 3 1 2 1.326878e-16 0.000000e+00
70 167 2.072220e-03 1.307482e-03 1 3 1 2 3.951845e-16 0.000000e+00
70 168 2.072220e-03 1.646023e-03 1 3 1 2 1.292738e-15 0.000000e+00
70 169 2.072220e-03 2.072220e-03 1 3 1 2 -3.922212e-15 0.000000e+00
70 170 2.072220e-03 2.608770e-03 1 3 1 2 -1.686777e-14 0.000000e+00
70 171 2.072220e-03 3.284247e-03 1 3 1 2 -7.096223e-15 0.000000e+00
70 172 2.072220e-03 4.134622e-03 1 3 1 2 4.868406e-15 0.000000e+00
70 173 2.072220e-03 5.205181e-03 1 3 1 2 1.182402e-14 0.000000e+00
70 174 2.072220e-03 6.552935e-03 1 3 1 2 1.467572e-14 0.000000e+00
70 175 2.072220e-03 8.249656e-03 1 3 1 2 1.522106e-14 0.000000e+00
71 165 2.608770e-03 8.249656e-04 1 3 1 2 1.636499e-17 0.000000e+00
71 166 2.608770e-03 1.038570e-03 1 3 1 2 4.277722e-17 0.000000e+00
71 167 2.608770e-03 1.307482e-03 1 3 1 2 1.214626e-16 0.000000e+00
71 168 2.608770e-03 1.646023e-03 1 3 1 2 3.748490e-16 0.000000e+00
71 169 2.608770e-03 2.072220e-03 1 3 1 2 1.338956e-15 0.000000e+00
71 170 2.608770e-03 2.608770e-03 1 3 1 2 -3.087905e-15 0.000000e+00
71 171 2.608770e-03 3.284247e-03 1 3 1 2 -1.493266e-14 0.000000e+00
71 172 2.608770e-03 4.134622e-03 1 3 1 2 -6.070237e-15 0.000000e+00
71 173 2.608770e-03 5.205181e-03 1 3 1 2 4.234412e-15 0.000000e+00
71 174 2.608770e-03 6.552935e-03 1 3 1 2 1.012126e-14 0.000000e+00
71 175 2.608770e-03 8.249656e-03 1 3 1 2 1.260968e-14 0.000000e+00
72 165 3.284247e-03 8.249656e-04 1 3 1 2 5.507593e-18 0.000000e+00
72 166 3.284247e-03 1.038570e-03 1 3 1 2 1.312182e-17 0.000000e+00
72 167 3.284247e-03 1.307482e-03 1 3 1 2 3.610997e-17 0.000000e+00
72 168 3.284247e-03 1.646023e-03 1 3 1 2 1.044431e-16 0.000000e+00
72 169 3.284247e-03 2.072220e-03 1 3 1 2 3.333582e-16 0.000000e+00
72 170 3.284247e-03 2.608770e-03 1 3 1 2 1.299435e-15 0.000000e+00
72 171 3.284247e-03 3.284247e-03 1 3 1 2 -2.372635e-15 0.000000e+00
72 172 3.284247e-03 4.134622e-03 1 3 1 2 -1.300634e-14 0.000000e+00
72 173 3.284247e-03 5.205181e-03 1 3 1 2 -5.094868e-15 0.000000e+00
72 174 3.284247e-03 6.552935e-03 1 3 1 2 3.707755e-15 0.000000e+00
72 175 3.284247e-03 8.249656e-03 1 3 1 2 8.734004e-15 0.000000e+00
73 165 4.134622e-03 8.249656e-04 1 3 1 2 2.051059e-18 0.000000e+00
73 166 4.134622e-03 1.038570e-03 1 3 1 2 3.870185e-18 0.000000e+00
73 167 4.134622e-03 1.307482e-03 1 3 1 2 1.044026e-17 0.000000e+00
73 168 4.134622e-03 1.646023e-03 1 3 1 2 2.897852e-17 0.000000e+00
73 169 4.134622e-03 2.072220e-03 1 3 1 2 8.478944e-17 0.000000e+00
73 170 4.134622e-03 2.608770e-03 1 3 1 2 2.798775e-16 0.000000e+00
73 171 4.134622e-03 3.284247e-03 1 3 1 2 1.191523e-15 0.000000e+00
73 172 4.134622e-03 4.134622e-03 1 3 1 2 -1.799739e-15 0.000000e+00
73 173 4.134622e-03 5.205181e-03 1 3 1 2 -1.118299e-14 0.000000e+00
73 174 4.134622e-03 6.552935e-03 1 3 1 2 -4.218545e-15 0.000000e+00
73 175 4.134622e-03 8.249656e-03 1 3 1 2 3.281003e-15 0.000000e+00
74 165 5.205181e-03 8.249656e-04 1 3 1 2 8.984932e-19 0.000000e+00
74 166 5.205181e-03 1.038570e-03 1 3 1 2 1.025766e-18 0.000000e+00
74 167 5.205181e-03 1.307482e-03 1 3 1 2 2.871394e-18 0.000000e+00
74 168 5.205181e-03 1.646023e-03 1 3 1 2 7.951236e-18 0.000000e+00
74 169 5.205181e-03 2.072220e-03 1 3 1 2 2.193791e-17 0.000000e+00
74 170 5.205181e-03 2.608770e-03 1 3 1 2 6.541091e-17 0.000000e+00
74 171 5.205181e-03 3.284247e-03 1 3 1 2 2.230041e-16 0.000000e+00
74 172 5.205181e-03 4.134622e-03 1 3 1 2 1.038714e-15 0.000000e+00
74 173 5.205181e-03 5.205181e-03 1 3 1 2 -1.372983e-15 0.000000e+00
74 174 5.205181e-03 6.552935e-03 1 3 1 2 -9.531818e-15 0.000000e+00
74 175 5.205181e-03 8.249656e-03 1 3 1 2 -3.468445e-15 0.000000e+00
75 165 6.552935e-03 8.249656e-04 1 3 1 2 6.261951e-19 0.000000e+00
75 166 6.552935e-03 1.038570e-03 1 3 1 2 1.825023e-19 0.000000e+00
75 167 6.552935e-03 1.307482e-03 1 3 1 2 7.383097e-19 0.000000e+00
75 168 6.552935e-03 1.646023e-03 1 3 1 2 2.132609e-18 0.000000e+00
75 169 6.552935e-03 2.072220e-03 1 3 1 2 5.620072e-18 0.000000e+00
75 170 6.552935e-03 2.608770e-03 1 3 1 2 1.582877e-17 0.000000e+00
75 171 6.552935e-03 3.284247e-03 1 3 1 2 4.796213e-17 0.000000e+00
75 172 6.552935e-03 4.134622e-03 1 3 1 2 1.690192e-16 0.000000e+00
75 173 6.552935e-03 5.205181e-03 1 3 1 2 8.646773e-16 0.000000e+00
75 174 6.552935e-03 6.552935e-03 1 3 1 2 -1.080373e-15 0.000000e+00
75 175 6.552935e-03 8.249656e-03 1 3 1 2 -8.094568e-15 0.000000e+00
76 165 8.249656e-03 8.249656e-04 1 3 1 2 5.069656e-19 0.000000e+00
76 166 8.249656e-03 1.038570e-03 1 3 1 2 -4.174968e-20 0.000000e+00
76 167 8.249656e-03 1.307482e-03 1 3 1 2 1.567623e-19 0.000000e+00
76 168 8.249656e-03 1.646023e-03 1 3 1 2 5.723006e-19 0.000000e+00
76 169 8.249656e-03 2.072220e-03 1 3 1 2 1.434420e-18 0.000000e+00
76 170 8.249656e-03 2.608770e-03 1 3 1 2 3.847243e-18 0.000000e+00
76 171 8.249656e-03 3.284247e-03 1 3 1 2 1.087169e-17 0.000000e+00
76 172 8.249656e-03 4.134622e-03 1 3 1 2 3.349744e-17 0.000000e+00
76 173 8.249656e-03 5.205181e-03 1 3 1 2 1.221095e-16 0.000000e+00
76 174 8.249656e-03 6.552935e-03 1 3 1 2 6.895760e-16 0.000000e+00
76 175 8.249656e-03 8.249656e-03 1 3 1 2 -9.003213e-16 0.000000e+00
