# Please cite the following papers in research using this covariance:
# arXiv: 1601.05779, https://arxiv.org/abs/1601.05779
# arXiv: 1911.11947, https://arxiv.org/abs/1911.11947
# arXiv: 2004.04833, https://arxiv.org/abs/2004.04833
# arXiv: 1804.10663, https://arxiv.org/abs/1804.10663
########################################################
0 132 8.249656e-04 8.249656e-04 0 0 0 2 -3.310235e-15 0.000000e+00
0 133 8.249656e-04 1.038570e-03 0 0 0 2 -9.427759e-15 0.000000e+00
0 134 8.249656e-04 1.307482e-03 0 0 0 2 -4.245990e-15 0.000000e+00
0 135 8.249656e-04 1.646023e-03 0 0 0 2 4.202919e-15 0.000000e+00
0 136 8.249656e-04 2.072220e-03 0 0 0 2 1.059885e-14 0.000000e+00
0 137 8.249656e-04 2.608770e-03 0 0 0 2 1.405207e-14 0.000000e+00
0 138 8.249656e-04 3.284247e-03 0 0 0 2 1.513051e-14 0.000000e+00
0 139 8.249656e-04 4.134622e-03 0 0 0 2 1.466635e-14 0.000000e+00
0 140 8.249656e-04 5.205181e-03 0 0 0 2 1.336674e-14 0.000000e+00
0 141 8.249656e-04 6.552935e-03 0 0 0 2 1.173146e-14 0.000000e+00
0 142 8.249656e-04 8.249656e-03 0 0 0 2 1.007333e-14 0.000000e+00
1 132 1.038570e-03 8.249656e-04 0 0 0 2 6.733252e-17 0.000000e+00
1 133 1.038570e-03 1.038570e-03 0 0 0 2 -3.141908e-15 0.000000e+00
1 134 1.038570e-03 1.307482e-03 0 0 0 2 -9.360344e-15 0.000000e+00
1 135 1.038570e-03 1.646023e-03 0 0 0 2 -4.245468e-15 0.000000e+00
1 136 1.038570e-03 2.072220e-03 0 0 0 2 3.767058e-15 0.000000e+00
1 137 1.038570e-03 2.608770e-03 0 0 0 2 9.530029e-15 0.000000e+00
1 138 1.038570e-03 3.284247e-03 0 0 0 2 1.241369e-14 0.000000e+00
1 139 1.038570e-03 4.134622e-03 0 0 0 2 1.312469e-14 0.000000e+00
1 140 1.038570e-03 5.205181e-03 0 0 0 2 1.252303e-14 0.000000e+00
1 141 1.038570e-03 6.552935e-03 0 0 0 2 1.127999e-14 0.000000e+00
1 142 1.038570e-03 8.249656e-03 0 0 0 2 9.834534e-15 0.000000e+00
2 132 1.307482e-03 8.249656e-04 0 0 0 2 8.893201e-17 0.000000e+00
2 133 1.307482e-03 1.038570e-03 0 0 0 2 1.834972e-16 0.000000e+00
2 134 1.307482e-03 1.307482e-03 0 0 0 2 -2.900587e-15 0.000000e+00
2 135 1.307482e-03 1.646023e-03 0 0 0 2 -9.120007e-15 0.000000e+00
2 136 1.307482e-03 2.072220e-03 0 0 0 2 -4.133600e-15 0.000000e+00
2 137 1.307482e-03 2.608770e-03 0 0 0 2 3.328238e-15 0.000000e+00
2 138 1.307482e-03 3.284247e-03 0 0 0 2 8.418850e-15 0.000000e+00
2 139 1.307482e-03 4.134622e-03 0 0 0 2 1.078002e-14 0.000000e+00
2 140 1.307482e-03 5.205181e-03 0 0 0 2 1.121695e-14 0.000000e+00
2 141 1.307482e-03 6.552935e-03 0 0 0 2 1.057433e-14 0.000000e+00
2 142 1.307482e-03 8.249656e-03 0 0 0 2 9.459265e-15 0.000000e+00
3 132 1.646023e-03 8.249656e-04 0 0 0 2 4.478062e-17 0.000000e+00
3 133 1.646023e-03 1.038570e-03 0 0 0 2 1.192795e-16 0.000000e+00
3 134 1.646023e-03 1.307482e-03 0 0 0 2 2.992496e-16 0.000000e+00
3 135 1.646023e-03 1.646023e-03 0 0 0 2 -2.594619e-15 0.000000e+00
3 136 1.646023e-03 2.072220e-03 0 0 0 2 -8.709151e-15 0.000000e+00
3 137 1.646023e-03 2.608770e-03 0 0 0 2 -3.914432e-15 0.000000e+00
3 138 1.646023e-03 3.284247e-03 0 0 0 2 2.905970e-15 0.000000e+00
3 139 1.646023e-03 4.134622e-03 0 0 0 2 7.319965e-15 0.000000e+00
3 140 1.646023e-03 5.205181e-03 0 0 0 2 9.226784e-15 0.000000e+00
3 141 1.646023e-03 6.552935e-03 0 0 0 2 9.480920e-15 0.000000e+00
3 142 1.646023e-03 8.249656e-03 0 0 0 2 8.872452e-15 0.000000e+00
4 132 2.072220e-03 8.249656e-04 0 0 0 2 1.927327e-17 0.000000e+00
4 133 2.072220e-03 1.038570e-03 0 0 0 2 5.147041e-17 0.000000e+00
4 134 2.072220e-03 1.307482e-03 0 0 0 2 1.433335e-16 0.000000e+00
4 135 2.072220e-03 1.646023e-03 0 0 0 2 4.026499e-16 0.000000e+00
4 136 2.072220e-03 2.072220e-03 0 0 0 2 -2.244573e-15 0.000000e+00
4 137 2.072220e-03 2.608770e-03 0 0 0 2 -8.145456e-15 0.000000e+00
4 138 2.072220e-03 3.284247e-03 0 0 0 2 -3.603644e-15 0.000000e+00
4 139 2.072220e-03 4.134622e-03 0 0 0 2 2.514730e-15 0.000000e+00
4 140 2.072220e-03 5.205181e-03 0 0 0 2 6.280143e-15 0.000000e+00
4 141 2.072220e-03 6.552935e-03 0 0 0 2 7.812259e-15 0.000000e+00
4 142 2.072220e-03 8.249656e-03 0 0 0 2 7.962771e-15 0.000000e+00
5 132 2.608770e-03 8.249656e-04 0 0 0 2 7.731550e-18 0.000000e+00
5 133 2.608770e-03 1.038570e-03 0 0 0 2 1.990974e-17 0.000000e+00
5 134 2.608770e-03 1.307482e-03 0 0 0 2 5.447865e-17 0.000000e+00
5 135 2.608770e-03 1.646023e-03 0 0 0 2 1.571342e-16 0.000000e+00
5 136 2.608770e-03 2.072220e-03 0 0 0 2 4.826976e-16 0.000000e+00
5 137 2.608770e-03 2.608770e-03 0 0 0 2 -1.874964e-15 0.000000e+00
5 138 2.608770e-03 3.284247e-03 0 0 0 2 -7.460702e-15 0.000000e+00
5 139 2.608770e-03 4.134622e-03 0 0 0 2 -3.226956e-15 0.000000e+00
5 140 2.608770e-03 5.205181e-03 0 0 0 2 2.163241e-15 0.000000e+00
5 141 2.608770e-03 6.552935e-03 0 0 0 2 5.334878e-15 0.000000e+00
5 142 2.608770e-03 8.249656e-03 0 0 0 2 6.573076e-15 0.000000e+00
6 132 3.284247e-03 8.249656e-04 0 0 0 2 2.949207e-18 0.000000e+00
6 133 3.284247e-03 1.038570e-03 0 0 0 2 7.144998e-18 0.000000e+00
6 134 3.284247e-03 1.307482e-03 0 0 0 2 1.918816e-17 0.000000e+00
6 135 3.284247e-03 1.646023e-03 0 0 0 2 5.349512e-17 0.000000e+00
6 136 3.284247e-03 2.072220e-03 0 0 0 2 1.594922e-16 0.000000e+00
6 137 3.284247e-03 2.608770e-03 0 0 0 2 5.315305e-16 0.000000e+00
6 138 3.284247e-03 3.284247e-03 0 0 0 2 -1.512143e-15 0.000000e+00
6 139 3.284247e-03 4.134622e-03 0 0 0 2 -6.696560e-15 0.000000e+00
6 140 3.284247e-03 5.205181e-03 0 0 0 2 -2.815173e-15 0.000000e+00
6 141 3.284247e-03 6.552935e-03 0 0 0 2 1.855506e-15 0.000000e+00
6 142 3.284247e-03 8.249656e-03 0 0 0 2 4.506003e-15 0.000000e+00
7 132 4.134622e-03 8.249656e-04 0 0 0 2 1.153025e-18 0.000000e+00
7 133 4.134622e-03 1.038570e-03 0 0 0 2 2.414233e-18 0.000000e+00
7 134 4.134622e-03 1.307482e-03 0 0 0 2 6.378226e-18 0.000000e+00
7 135 4.134622e-03 1.646023e-03 0 0 0 2 1.731522e-17 0.000000e+00
7 136 4.134622e-03 2.072220e-03 0 0 0 2 4.898717e-17 0.000000e+00
7 137 4.134622e-03 2.608770e-03 0 0 0 2 1.511163e-16 0.000000e+00
7 138 4.134622e-03 3.284247e-03 0 0 0 2 5.457565e-16 0.000000e+00
7 139 4.134622e-03 4.134622e-03 0 0 0 2 -1.179362e-15 0.000000e+00
7 140 4.134622e-03 5.205181e-03 0 0 0 2 -5.898209e-15 0.000000e+00
7 141 4.134622e-03 6.552935e-03 0 0 0 2 -2.399356e-15 0.000000e+00
7 142 4.134622e-03 8.249656e-03 0 0 0 2 1.591614e-15 0.000000e+00
8 132 5.205181e-03 8.249656e-04 0 0 0 2 4.882374e-19 0.000000e+00
8 133 5.205181e-03 1.038570e-03 0 0 0 2 7.529852e-19 0.000000e+00
8 134 5.205181e-03 1.307482e-03 0 0 0 2 2.000862e-18 0.000000e+00
8 135 5.205181e-03 1.646023e-03 0 0 0 2 5.391801e-18 0.000000e+00
8 136 5.205181e-03 2.072220e-03 0 0 0 2 1.464734e-17 0.000000e+00
8 137 5.205181e-03 2.608770e-03 0 0 0 2 4.221115e-17 0.000000e+00
8 138 5.205181e-03 3.284247e-03 0 0 0 2 1.346227e-16 0.000000e+00
8 139 5.205181e-03 4.134622e-03 0 0 0 2 5.274734e-16 0.000000e+00
8 140 5.205181e-03 5.205181e-03 0 0 0 2 -8.938166e-16 0.000000e+00
8 141 5.205181e-03 6.552935e-03 0 0 0 2 -5.108933e-15 0.000000e+00
8 142 5.205181e-03 8.249656e-03 0 0 0 2 -2.005998e-15 0.000000e+00
9 132 6.552935e-03 8.249656e-04 0 0 0 2 2.936238e-19 0.000000e+00
9 133 6.552935e-03 1.038570e-03 0 0 0 2 1.981644e-19 0.000000e+00
9 134 6.552935e-03 1.307482e-03 0 0 0 2 5.908650e-19 0.000000e+00
9 135 6.552935e-03 1.646023e-03 0 0 0 2 1.612917e-18 0.000000e+00
9 136 6.552935e-03 2.072220e-03 0 0 0 2 4.253536e-18 0.000000e+00
9 137 6.552935e-03 2.608770e-03 0 0 0 2 1.173017e-17 0.000000e+00
9 138 6.552935e-03 3.284247e-03 0 0 0 2 3.436109e-17 0.000000e+00
9 139 6.552935e-03 4.134622e-03 0 0 0 2 1.132550e-16 0.000000e+00
9 140 6.552935e-03 5.205181e-03 0 0 0 2 4.829373e-16 0.000000e+00
9 141 6.552935e-03 6.552935e-03 0 0 0 2 -6.647006e-16 0.000000e+00
9 142 6.552935e-03 8.249656e-03 0 0 0 2 -4.364978e-15 0.000000e+00
10 132 8.249656e-03 8.249656e-04 0 0 0 2 2.149363e-19 0.000000e+00
10 133 8.249656e-03 1.038570e-03 0 0 0 2 3.018834e-20 0.000000e+00
10 134 8.249656e-03 1.307482e-03 0 0 0 2 1.591767e-19 0.000000e+00
10 135 8.249656e-03 1.646023e-03 0 0 0 2 4.686650e-19 0.000000e+00
10 136 8.249656e-03 2.072220e-03 0 0 0 2 1.208018e-18 0.000000e+00
10 137 8.249656e-03 2.608770e-03 0 0 0 2 3.207108e-18 0.000000e+00
10 138 8.249656e-03 3.284247e-03 0 0 0 2 8.905396e-18 0.000000e+00
10 139 8.249656e-03 4.134622e-03 0 0 0 2 2.654058e-17 0.000000e+00
10 140 8.249656e-03 5.205181e-03 0 0 0 2 9.042765e-17 0.000000e+00
10 141 8.249656e-03 6.552935e-03 0 0 0 2 4.210311e-16 0.000000e+00
10 142 8.249656e-03 8.249656e-03 0 0 0 2 -4.933492e-16 0.000000e+00
