# Please cite the following papers in research using this covariance:
# arXiv: 1601.05779, https://arxiv.org/abs/1601.05779
# arXiv: 1911.11947, https://arxiv.org/abs/1911.11947
# arXiv: 2004.04833, https://arxiv.org/abs/2004.04833
# arXiv: 1804.10663, https://arxiv.org/abs/1804.10663
########################################################
22 121 8.249656e-04 8.249656e-04 0 2 0 1 -2.842880e-15 0.000000e+00
22 122 8.249656e-04 1.038570e-03 0 2 0 1 -8.077057e-15 0.000000e+00
22 123 8.249656e-04 1.307482e-03 0 2 0 1 -3.672196e-15 0.000000e+00
22 124 8.249656e-04 1.646023e-03 0 2 0 1 3.504515e-15 0.000000e+00
22 125 8.249656e-04 2.072220e-03 0 2 0 1 8.876035e-15 0.000000e+00
22 126 8.249656e-04 2.608770e-03 0 2 0 1 1.169812e-14 0.000000e+00
22 127 8.249656e-04 3.284247e-03 0 2 0 1 1.249814e-14 0.000000e+00
22 128 8.249656e-04 4.134622e-03 0 2 0 1 1.202279e-14 0.000000e+00
22 129 8.249656e-04 5.205181e-03 0 2 0 1 1.089199e-14 0.000000e+00
22 130 8.249656e-04 6.552935e-03 0 2 0 1 9.530603e-15 0.000000e+00
22 131 8.249656e-04 8.249656e-03 0 2 0 1 8.193435e-15 0.000000e+00
23 121 1.038570e-03 8.249656e-04 0 2 0 1 6.256049e-17 0.000000e+00
23 122 1.038570e-03 1.038570e-03 0 2 0 1 -2.686667e-15 0.000000e+00
23 123 1.038570e-03 1.307482e-03 0 2 0 1 -8.008597e-15 0.000000e+00
23 124 1.038570e-03 1.646023e-03 0 2 0 1 -3.661754e-15 0.000000e+00
23 125 1.038570e-03 2.072220e-03 0 2 0 1 3.121644e-15 0.000000e+00
23 126 1.038570e-03 2.608770e-03 0 2 0 1 7.926972e-15 0.000000e+00
23 127 1.038570e-03 3.284247e-03 0 2 0 1 1.025675e-14 0.000000e+00
23 128 1.038570e-03 4.134622e-03 0 2 0 1 1.076339e-14 0.000000e+00
23 129 1.038570e-03 5.205181e-03 0 2 0 1 1.020786e-14 0.000000e+00
23 130 1.038570e-03 6.552935e-03 0 2 0 1 9.165853e-15 0.000000e+00
23 131 1.038570e-03 8.249656e-03 0 2 0 1 8.000208e-15 0.000000e+00
24 121 1.307482e-03 8.249656e-04 0 2 0 1 8.395750e-17 0.000000e+00
24 122 1.307482e-03 1.038570e-03 0 2 0 1 1.723788e-16 0.000000e+00
24 123 1.307482e-03 1.307482e-03 0 2 0 1 -2.460622e-15 0.000000e+00
24 124 1.307482e-03 1.646023e-03 0 2 0 1 -7.778647e-15 0.000000e+00
24 125 1.307482e-03 2.072220e-03 0 2 0 1 -3.544037e-15 0.000000e+00
24 126 1.307482e-03 2.608770e-03 0 2 0 1 2.744209e-15 0.000000e+00
24 127 1.307482e-03 3.284247e-03 0 2 0 1 6.955694e-15 0.000000e+00
24 128 1.307482e-03 4.134622e-03 0 2 0 1 8.846076e-15 0.000000e+00
24 129 1.307482e-03 5.205181e-03 0 2 0 1 9.148251e-15 0.000000e+00
24 130 1.307482e-03 6.552935e-03 0 2 0 1 8.595614e-15 0.000000e+00
24 131 1.307482e-03 8.249656e-03 0 2 0 1 7.696554e-15 0.000000e+00
25 121 1.646023e-03 8.249656e-04 0 2 0 1 4.224621e-17 0.000000e+00
25 122 1.646023e-03 1.038570e-03 0 2 0 1 1.123334e-16 0.000000e+00
25 123 1.646023e-03 1.307482e-03 0 2 0 1 2.809239e-16 0.000000e+00
25 124 1.646023e-03 1.646023e-03 0 2 0 1 -2.175323e-15 0.000000e+00
25 125 1.646023e-03 2.072220e-03 0 2 0 1 -7.392039e-15 0.000000e+00
25 126 1.646023e-03 2.608770e-03 0 2 0 1 -3.326270e-15 0.000000e+00
25 127 1.646023e-03 3.284247e-03 0 2 0 1 2.388183e-15 0.000000e+00
25 128 1.646023e-03 4.134622e-03 0 2 0 1 6.011871e-15 0.000000e+00
25 129 1.646023e-03 5.205181e-03 0 2 0 1 7.532218e-15 0.000000e+00
25 130 1.646023e-03 6.552935e-03 0 2 0 1 7.711725e-15 0.000000e+00
25 131 1.646023e-03 8.249656e-03 0 2 0 1 7.221713e-15 0.000000e+00
26 121 2.072220e-03 8.249656e-04 0 2 0 1 1.782759e-17 0.000000e+00
26 122 2.072220e-03 1.038570e-03 0 2 0 1 4.761398e-17 0.000000e+00
26 123 2.072220e-03 1.307482e-03 0 2 0 1 1.331845e-16 0.000000e+00
26 124 2.072220e-03 1.646023e-03 0 2 0 1 3.749631e-16 0.000000e+00
26 125 2.072220e-03 2.072220e-03 0 2 0 1 -1.853334e-15 0.000000e+00
26 126 2.072220e-03 2.608770e-03 0 2 0 1 -6.869544e-15 0.000000e+00
26 127 2.072220e-03 3.284247e-03 0 2 0 1 -3.027906e-15 0.000000e+00
26 128 2.072220e-03 4.134622e-03 0 2 0 1 2.064254e-15 0.000000e+00
26 129 2.072220e-03 5.205181e-03 0 2 0 1 5.135796e-15 0.000000e+00
26 130 2.072220e-03 6.552935e-03 0 2 0 1 6.361971e-15 0.000000e+00
26 131 2.072220e-03 8.249656e-03 0 2 0 1 6.485569e-15 0.000000e+00
27 121 2.608770e-03 8.249656e-04 0 2 0 1 6.945248e-18 0.000000e+00
27 122 2.608770e-03 1.038570e-03 0 2 0 1 1.779948e-17 0.000000e+00
27 123 2.608770e-03 1.307482e-03 0 2 0 1 4.903957e-17 0.000000e+00
27 124 2.608770e-03 1.646023e-03 0 2 0 1 1.428114e-16 0.000000e+00
27 125 2.608770e-03 2.072220e-03 0 2 0 1 4.431187e-16 0.000000e+00
27 126 2.608770e-03 2.608770e-03 0 2 0 1 -1.520470e-15 0.000000e+00
27 127 2.608770e-03 3.284247e-03 0 2 0 1 -6.245205e-15 0.000000e+00
27 128 2.608770e-03 4.134622e-03 0 2 0 1 -2.677142e-15 0.000000e+00
27 129 2.608770e-03 5.205181e-03 0 2 0 1 1.778110e-15 0.000000e+00
27 130 2.608770e-03 6.552935e-03 0 2 0 1 4.355756e-15 0.000000e+00
27 131 2.608770e-03 8.249656e-03 0 2 0 1 5.360794e-15 0.000000e+00
28 121 3.284247e-03 8.249656e-04 0 2 0 1 2.586607e-18 0.000000e+00
28 122 3.284247e-03 1.038570e-03 0 2 0 1 6.122117e-18 0.000000e+00
28 123 3.284247e-03 1.307482e-03 0 2 0 1 1.655766e-17 0.000000e+00
28 124 3.284247e-03 1.646023e-03 0 2 0 1 4.659731e-17 0.000000e+00
28 125 3.284247e-03 2.072220e-03 0 2 0 1 1.408788e-16 0.000000e+00
28 126 3.284247e-03 2.608770e-03 0 2 0 1 4.786723e-16 0.000000e+00
28 127 3.284247e-03 3.284247e-03 0 2 0 1 -1.202499e-15 0.000000e+00
28 128 3.284247e-03 4.134622e-03 0 2 0 1 -5.560868e-15 0.000000e+00
28 129 3.284247e-03 5.205181e-03 0 2 0 1 -2.304900e-15 0.000000e+00
28 130 3.284247e-03 6.552935e-03 0 2 0 1 1.531647e-15 0.000000e+00
28 131 3.284247e-03 8.249656e-03 0 2 0 1 3.687013e-15 0.000000e+00
29 121 4.134622e-03 8.249656e-04 0 2 0 1 1.016988e-18 0.000000e+00
29 122 4.134622e-03 1.038570e-03 0 2 0 1 1.974747e-18 0.000000e+00
29 123 4.134622e-03 1.307482e-03 0 2 0 1 5.264754e-18 0.000000e+00
29 124 4.134622e-03 1.646023e-03 0 2 0 1 1.441173e-17 0.000000e+00
29 125 4.134622e-03 2.072220e-03 0 2 0 1 4.116795e-17 0.000000e+00
29 126 4.134622e-03 2.608770e-03 0 2 0 1 1.292514e-16 0.000000e+00
29 127 4.134622e-03 3.284247e-03 0 2 0 1 4.804570e-16 0.000000e+00
29 128 4.134622e-03 4.134622e-03 0 2 0 1 -9.201593e-16 0.000000e+00
29 129 4.134622e-03 5.205181e-03 0 2 0 1 -4.859515e-15 0.000000e+00
29 130 4.134622e-03 6.552935e-03 0 2 0 1 -1.939829e-15 0.000000e+00
29 131 4.134622e-03 8.249656e-03 0 2 0 1 1.324146e-15 0.000000e+00
30 121 5.205181e-03 8.249656e-04 0 2 0 1 4.606158e-19 0.000000e+00
30 122 5.205181e-03 1.038570e-03 0 2 0 1 5.808571e-19 0.000000e+00
30 123 5.205181e-03 1.307482e-03 0 2 0 1 1.576839e-18 0.000000e+00
30 124 5.205181e-03 1.646023e-03 0 2 0 1 4.301567e-18 0.000000e+00
30 125 5.205181e-03 2.072220e-03 0 2 0 1 1.173762e-17 0.000000e+00
30 126 5.205181e-03 2.608770e-03 0 2 0 1 3.419243e-17 0.000000e+00
30 127 5.205181e-03 3.284247e-03 0 2 0 1 1.112484e-16 0.000000e+00
30 128 5.205181e-03 4.134622e-03 0 2 0 1 4.528061e-16 0.000000e+00
30 129 5.205181e-03 5.205181e-03 0 2 0 1 -6.868920e-16 0.000000e+00
30 130 5.205181e-03 6.552935e-03 0 2 0 1 -4.179842e-15 0.000000e+00
30 131 5.205181e-03 8.249656e-03 0 2 0 1 -1.604020e-15 0.000000e+00
31 121 6.552935e-03 8.249656e-04 0 2 0 1 3.038598e-19 0.000000e+00
31 122 6.552935e-03 1.038570e-03 0 2 0 1 1.311166e-19 0.000000e+00
31 123 6.552935e-03 1.307482e-03 0 2 0 1 4.338347e-19 0.000000e+00
31 124 6.552935e-03 1.646023e-03 0 2 0 1 1.228734e-18 0.000000e+00
31 125 6.552935e-03 2.072220e-03 0 2 0 1 3.242170e-18 0.000000e+00
31 126 6.552935e-03 2.608770e-03 0 2 0 1 9.021441e-18 0.000000e+00
31 127 6.552935e-03 3.284247e-03 0 2 0 1 2.677450e-17 0.000000e+00
31 128 6.552935e-03 4.134622e-03 0 2 0 1 9.029883e-17 0.000000e+00
31 129 6.552935e-03 5.205181e-03 0 2 0 1 4.036646e-16 0.000000e+00
31 130 6.552935e-03 6.552935e-03 0 2 0 1 -5.077467e-16 0.000000e+00
31 131 6.552935e-03 8.249656e-03 0 2 0 1 -3.552287e-15 0.000000e+00
32 121 8.249656e-03 8.249656e-04 0 2 0 1 2.430917e-19 0.000000e+00
32 122 8.249656e-03 1.038570e-03 0 2 0 1 3.903914e-21 0.000000e+00
32 123 8.249656e-03 1.307482e-03 0 2 0 1 1.057984e-19 0.000000e+00
32 124 8.249656e-03 1.646023e-03 0 2 0 1 3.524867e-19 0.000000e+00
32 125 8.249656e-03 2.072220e-03 0 2 0 1 8.926178e-19 0.000000e+00
32 126 8.249656e-03 2.608770e-03 0 2 0 1 2.372186e-18 0.000000e+00
32 127 8.249656e-03 3.284247e-03 0 2 0 1 6.612511e-18 0.000000e+00
32 128 8.249656e-03 4.134622e-03 0 2 0 1 1.991762e-17 0.000000e+00
32 129 8.249656e-03 5.205181e-03 0 2 0 1 6.949300e-17 0.000000e+00
32 130 8.249656e-03 6.552935e-03 0 2 0 1 3.422301e-16 0.000000e+00
32 131 8.249656e-03 8.249656e-03 0 2 0 1 -3.808719e-16 0.000000e+00
