# Please cite the following papers in research using this covariance:
# arXiv: 1601.05779, https://arxiv.org/abs/1601.05779
# arXiv: 1911.11947, https://arxiv.org/abs/1911.11947
# arXiv: 2004.04833, https://arxiv.org/abs/2004.04833
# arXiv: 1804.10663, https://arxiv.org/abs/1804.10663
########################################################
187 209 8.249656e-04 8.249656e-04 2 2 3 3 3.414467e-16 0.000000e+00
187 210 8.249656e-04 1.038570e-03 2 2 3 3 3.251643e-16 0.000000e+00
187 211 8.249656e-04 1.307482e-03 2 2 3 3 2.202063e-16 0.000000e+00
187 212 8.249656e-04 1.646023e-03 2 2 3 3 1.245829e-16 0.000000e+00
187 213 8.249656e-04 2.072220e-03 2 2 3 3 6.304433e-17 0.000000e+00
187 214 8.249656e-04 2.608770e-03 2 2 3 3 2.952520e-17 0.000000e+00
187 215 8.249656e-04 3.284247e-03 2 2 3 3 1.309363e-17 0.000000e+00
187 216 8.249656e-04 4.134622e-03 2 2 3 3 5.610934e-18 0.000000e+00
187 217 8.249656e-04 5.205181e-03 2 2 3 3 2.370873e-18 0.000000e+00
187 218 8.249656e-04 6.552935e-03 2 2 3 3 1.007025e-18 0.000000e+00
187 219 8.249656e-04 8.249656e-03 2 2 3 3 4.377648e-19 0.000000e+00
188 209 1.038570e-03 8.249656e-04 2 2 3 3 3.251643e-16 0.000000e+00
188 210 1.038570e-03 1.038570e-03 2 2 3 3 4.898838e-16 0.000000e+00
188 211 1.038570e-03 1.307482e-03 2 2 3 3 4.483539e-16 0.000000e+00
188 212 1.038570e-03 1.646023e-03 2 2 3 3 2.858936e-16 0.000000e+00
188 213 1.038570e-03 2.072220e-03 2 2 3 3 1.521559e-16 0.000000e+00
188 214 1.038570e-03 2.608770e-03 2 2 3 3 7.288379e-17 0.000000e+00
188 215 1.038570e-03 3.284247e-03 2 2 3 3 3.265009e-17 0.000000e+00
188 216 1.038570e-03 4.134622e-03 2 2 3 3 1.405077e-17 0.000000e+00
188 217 1.038570e-03 5.205181e-03 2 2 3 3 5.946427e-18 0.000000e+00
188 218 1.038570e-03 6.552935e-03 2 2 3 3 2.527038e-18 0.000000e+00
188 219 1.038570e-03 8.249656e-03 2 2 3 3 1.098767e-18 0.000000e+00
189 209 1.307482e-03 8.249656e-04 2 2 3 3 2.202063e-16 0.000000e+00
189 210 1.307482e-03 1.038570e-03 2 2 3 3 4.483539e-16 0.000000e+00
189 211 1.307482e-03 1.307482e-03 2 2 3 3 6.740609e-16 0.000000e+00
189 212 1.307482e-03 1.646023e-03 2 2 3 3 5.909702e-16 0.000000e+00
189 213 1.307482e-03 2.072220e-03 2 2 3 3 3.537148e-16 0.000000e+00
189 214 1.307482e-03 2.608770e-03 2 2 3 3 1.773730e-16 0.000000e+00
189 215 1.307482e-03 3.284247e-03 2 2 3 3 8.097368e-17 0.000000e+00
189 216 1.307482e-03 4.134622e-03 2 2 3 3 3.511069e-17 0.000000e+00
189 217 1.307482e-03 5.205181e-03 2 2 3 3 1.489943e-17 0.000000e+00
189 218 1.307482e-03 6.552935e-03 2 2 3 3 6.337817e-18 0.000000e+00
189 219 1.307482e-03 8.249656e-03 2 2 3 3 2.756590e-18 0.000000e+00
190 209 1.646023e-03 8.249656e-04 2 2 3 3 1.245829e-16 0.000000e+00
190 210 1.646023e-03 1.038570e-03 2 2 3 3 2.858936e-16 0.000000e+00
190 211 1.646023e-03 1.307482e-03 2 2 3 3 5.909702e-16 0.000000e+00
190 212 1.646023e-03 1.646023e-03 2 2 3 3 8.891591e-16 0.000000e+00
190 213 1.646023e-03 2.072220e-03 2 2 3 3 7.449637e-16 0.000000e+00
190 214 1.646023e-03 2.608770e-03 2 2 3 3 4.181502e-16 0.000000e+00
190 215 1.646023e-03 3.284247e-03 2 2 3 3 1.986297e-16 0.000000e+00
190 216 1.646023e-03 4.134622e-03 2 2 3 3 8.739317e-17 0.000000e+00
190 217 1.646023e-03 5.205181e-03 2 2 3 3 3.727194e-17 0.000000e+00
190 218 1.646023e-03 6.552935e-03 2 2 3 3 1.587906e-17 0.000000e+00
190 219 1.646023e-03 8.249656e-03 2 2 3 3 6.907976e-18 0.000000e+00
191 209 2.072220e-03 8.249656e-04 2 2 3 3 6.304433e-17 0.000000e+00
191 210 2.072220e-03 1.038570e-03 2 2 3 3 1.521559e-16 0.000000e+00
191 211 2.072220e-03 1.307482e-03 2 2 3 3 3.537148e-16 0.000000e+00
191 212 2.072220e-03 1.646023e-03 2 2 3 3 7.449637e-16 0.000000e+00
191 213 2.072220e-03 2.072220e-03 2 2 3 3 1.125600e-15 0.000000e+00
191 214 2.072220e-03 2.608770e-03 2 2 3 3 9.000996e-16 0.000000e+00
191 215 2.072220e-03 3.284247e-03 2 2 3 3 4.748540e-16 0.000000e+00
191 216 2.072220e-03 4.134622e-03 2 2 3 3 2.157846e-16 0.000000e+00
191 217 2.072220e-03 5.205181e-03 2 2 3 3 9.296179e-17 0.000000e+00
191 218 2.072220e-03 6.552935e-03 2 2 3 3 3.971986e-17 0.000000e+00
191 219 2.072220e-03 8.249656e-03 2 2 3 3 1.729169e-17 0.000000e+00
192 209 2.608770e-03 8.249656e-04 2 2 3 3 2.952520e-17 0.000000e+00
192 210 2.608770e-03 1.038570e-03 2 2 3 3 7.288379e-17 0.000000e+00
192 211 2.608770e-03 1.307482e-03 2 2 3 3 1.773730e-16 0.000000e+00
192 212 2.608770e-03 1.646023e-03 2 2 3 3 4.181502e-16 0.000000e+00
192 213 2.608770e-03 2.072220e-03 2 2 3 3 9.000996e-16 0.000000e+00
192 214 2.608770e-03 2.608770e-03 2 2 3 3 1.370950e-15 0.000000e+00
192 215 2.608770e-03 3.284247e-03 2 2 3 3 1.046780e-15 0.000000e+00
192 216 2.608770e-03 4.134622e-03 2 2 3 3 5.223283e-16 0.000000e+00
192 217 2.608770e-03 5.205181e-03 2 2 3 3 2.304763e-16 0.000000e+00
192 218 2.608770e-03 6.552935e-03 2 2 3 3 9.907776e-17 0.000000e+00
192 219 2.608770e-03 8.249656e-03 2 2 3 3 4.319194e-17 0.000000e+00
193 209 3.284247e-03 8.249656e-04 2 2 3 3 1.309363e-17 0.000000e+00
193 210 3.284247e-03 1.038570e-03 2 2 3 3 3.265009e-17 0.000000e+00
193 211 3.284247e-03 1.307482e-03 2 2 3 3 8.097368e-17 0.000000e+00
193 212 3.284247e-03 1.646023e-03 2 2 3 3 1.986297e-16 0.000000e+00
193 213 3.284247e-03 2.072220e-03 2 2 3 3 4.748540e-16 0.000000e+00
193 214 3.284247e-03 2.608770e-03 2 2 3 3 1.046780e-15 0.000000e+00
193 215 3.284247e-03 3.284247e-03 2 2 3 3 1.613164e-15 0.000000e+00
193 216 3.284247e-03 4.134622e-03 2 2 3 3 1.179257e-15 0.000000e+00
193 217 3.284247e-03 5.205181e-03 2 2 3 3 5.629621e-16 0.000000e+00
193 218 3.284247e-03 6.552935e-03 2 2 3 3 2.458625e-16 0.000000e+00
193 219 3.284247e-03 8.249656e-03 2 2 3 3 1.075250e-16 0.000000e+00
194 209 4.134622e-03 8.249656e-04 2 2 3 3 5.610934e-18 0.000000e+00
194 210 4.134622e-03 1.038570e-03 2 2 3 3 1.405077e-17 0.000000e+00
194 211 4.134622e-03 1.307482e-03 2 2 3 3 3.511069e-17 0.000000e+00
194 212 4.134622e-03 1.646023e-03 2 2 3 3 8.739317e-17 0.000000e+00
194 213 4.134622e-03 2.072220e-03 2 2 3 3 2.157846e-16 0.000000e+00
194 214 4.134622e-03 2.608770e-03 2 2 3 3 5.223283e-16 0.000000e+00
194 215 4.134622e-03 3.284247e-03 2 2 3 3 1.179257e-15 0.000000e+00
194 216 4.134622e-03 4.134622e-03 2 2 3 3 1.844417e-15 0.000000e+00
194 217 4.134622e-03 5.205181e-03 2 2 3 3 1.298175e-15 0.000000e+00
194 218 4.134622e-03 6.552935e-03 2 2 3 3 6.029651e-16 0.000000e+00
194 219 4.134622e-03 8.249656e-03 2 2 3 3 2.661517e-16 0.000000e+00
195 209 5.205181e-03 8.249656e-04 2 2 3 3 2.370873e-18 0.000000e+00
195 210 5.205181e-03 1.038570e-03 2 2 3 3 5.946427e-18 0.000000e+00
195 211 5.205181e-03 1.307482e-03 2 2 3 3 1.489943e-17 0.000000e+00
195 212 5.205181e-03 1.646023e-03 2 2 3 3 3.727194e-17 0.000000e+00
195 213 5.205181e-03 2.072220e-03 2 2 3 3 9.296179e-17 0.000000e+00
195 214 5.205181e-03 2.608770e-03 2 2 3 3 2.304763e-16 0.000000e+00
195 215 5.205181e-03 3.284247e-03 2 2 3 3 5.629621e-16 0.000000e+00
195 216 5.205181e-03 4.134622e-03 2 2 3 3 1.298175e-15 0.000000e+00
195 217 5.205181e-03 5.205181e-03 2 2 3 3 2.064257e-15 0.000000e+00
195 218 5.205181e-03 6.552935e-03 2 2 3 3 1.411743e-15 0.000000e+00
195 219 5.205181e-03 8.249656e-03 2 2 3 3 6.514999e-16 0.000000e+00
196 209 6.552935e-03 8.249656e-04 2 2 3 3 1.007025e-18 0.000000e+00
196 210 6.552935e-03 1.038570e-03 2 2 3 3 2.527038e-18 0.000000e+00
196 211 6.552935e-03 1.307482e-03 2 2 3 3 6.337817e-18 0.000000e+00
196 212 6.552935e-03 1.646023e-03 2 2 3 3 1.587906e-17 0.000000e+00
196 213 6.552935e-03 2.072220e-03 2 2 3 3 3.971986e-17 0.000000e+00
196 214 6.552935e-03 2.608770e-03 2 2 3 3 9.907776e-17 0.000000e+00
196 215 6.552935e-03 3.284247e-03 2 2 3 3 2.458625e-16 0.000000e+00
196 216 6.552935e-03 4.134622e-03 2 2 3 3 6.029651e-16 0.000000e+00
196 217 6.552935e-03 5.205181e-03 2 2 3 3 1.411743e-15 0.000000e+00
196 218 6.552935e-03 6.552935e-03 2 2 3 3 2.281510e-15 0.000000e+00
196 219 6.552935e-03 8.249656e-03 2 2 3 3 1.535207e-15 0.000000e+00
197 209 8.249656e-03 8.249656e-04 2 2 3 3 4.377648e-19 0.000000e+00
197 210 8.249656e-03 1.038570e-03 2 2 3 3 1.098767e-18 0.000000e+00
197 211 8.249656e-03 1.307482e-03 2 2 3 3 2.756590e-18 0.000000e+00
197 212 8.249656e-03 1.646023e-03 2 2 3 3 6.907976e-18 0.000000e+00
197 213 8.249656e-03 2.072220e-03 2 2 3 3 1.729169e-17 0.000000e+00
197 214 8.249656e-03 2.608770e-03 2 2 3 3 4.319194e-17 0.000000e+00
197 215 8.249656e-03 3.284247e-03 2 2 3 3 1.075250e-16 0.000000e+00
197 216 8.249656e-03 4.134622e-03 2 2 3 3 2.661517e-16 0.000000e+00
197 217 8.249656e-03 5.205181e-03 2 2 3 3 6.514999e-16 0.000000e+00
197 218 8.249656e-03 6.552935e-03 2 2 3 3 1.535207e-15 0.000000e+00
197 219 8.249656e-03 8.249656e-03 2 2 3 3 2.514373e-15 0.000000e+00
