# Please cite the following papers in research using this covariance:
# arXiv: 1601.05779, https://arxiv.org/abs/1601.05779
# arXiv: 1911.11947, https://arxiv.org/abs/1911.11947
# arXiv: 2004.04833, https://arxiv.org/abs/2004.04833
# arXiv: 1804.10663, https://arxiv.org/abs/1804.10663
########################################################
55 99 8.249656e-04 8.249656e-04 1 2 3 3 1.655672e-13 0.000000e+00
55 100 8.249656e-04 1.038570e-03 1 2 3 3 1.639143e-13 0.000000e+00
55 101 8.249656e-04 1.307482e-03 1 2 3 3 1.615322e-13 0.000000e+00
55 102 8.249656e-04 1.646023e-03 1 2 3 3 1.585149e-13 0.000000e+00
55 103 8.249656e-04 2.072220e-03 1 2 3 3 1.549687e-13 0.000000e+00
55 104 8.249656e-04 2.608770e-03 1 2 3 3 1.509656e-13 0.000000e+00
55 105 8.249656e-04 3.284247e-03 1 2 3 3 1.465222e-13 0.000000e+00
55 106 8.249656e-04 4.134622e-03 1 2 3 3 1.415934e-13 0.000000e+00
55 107 8.249656e-04 5.205181e-03 1 2 3 3 1.360782e-13 0.000000e+00
55 108 8.249656e-04 6.552935e-03 1 2 3 3 1.298341e-13 0.000000e+00
55 109 8.249656e-04 8.249656e-03 1 2 3 3 1.226994e-13 0.000000e+00
56 99 1.038570e-03 8.249656e-04 1 2 3 3 1.639143e-13 0.000000e+00
56 100 1.038570e-03 1.038570e-03 1 2 3 3 1.628236e-13 0.000000e+00
56 101 1.038570e-03 1.307482e-03 1 2 3 3 1.609202e-13 0.000000e+00
56 102 1.038570e-03 1.646023e-03 1 2 3 3 1.581833e-13 0.000000e+00
56 103 1.038570e-03 2.072220e-03 1 2 3 3 1.547815e-13 0.000000e+00
56 104 1.038570e-03 2.608770e-03 1 2 3 3 1.508481e-13 0.000000e+00
56 105 1.038570e-03 3.284247e-03 1 2 3 3 1.464387e-13 0.000000e+00
56 106 1.038570e-03 4.134622e-03 1 2 3 3 1.415289e-13 0.000000e+00
56 107 1.038570e-03 5.205181e-03 1 2 3 3 1.360272e-13 0.000000e+00
56 108 1.038570e-03 6.552935e-03 1 2 3 3 1.297945e-13 0.000000e+00
56 109 1.038570e-03 8.249656e-03 1 2 3 3 1.226701e-13 0.000000e+00
57 99 1.307482e-03 8.249656e-04 1 2 3 3 1.615322e-13 0.000000e+00
57 100 1.307482e-03 1.038570e-03 1 2 3 3 1.609202e-13 0.000000e+00
57 101 1.307482e-03 1.307482e-03 1 2 3 3 1.597305e-13 0.000000e+00
57 102 1.307482e-03 1.646023e-03 1 2 3 3 1.575618e-13 0.000000e+00
57 103 1.307482e-03 2.072220e-03 1 2 3 3 1.544519e-13 0.000000e+00
57 104 1.307482e-03 2.608770e-03 1 2 3 3 1.506523e-13 0.000000e+00
57 105 1.307482e-03 3.284247e-03 1 2 3 3 1.463040e-13 0.000000e+00
57 106 1.307482e-03 4.134622e-03 1 2 3 3 1.414265e-13 0.000000e+00
57 107 1.307482e-03 5.205181e-03 1 2 3 3 1.359467e-13 0.000000e+00
57 108 1.307482e-03 6.552935e-03 1 2 3 3 1.297322e-13 0.000000e+00
57 109 1.307482e-03 8.249656e-03 1 2 3 3 1.226238e-13 0.000000e+00
58 99 1.646023e-03 8.249656e-04 1 2 3 3 1.585149e-13 0.000000e+00
58 100 1.646023e-03 1.038570e-03 1 2 3 3 1.581833e-13 0.000000e+00
58 101 1.646023e-03 1.307482e-03 1 2 3 3 1.575618e-13 0.000000e+00
58 102 1.646023e-03 1.646023e-03 1 2 3 3 1.562766e-13 0.000000e+00
58 103 1.646023e-03 2.072220e-03 1 2 3 3 1.538198e-13 0.000000e+00
58 104 1.646023e-03 2.608770e-03 1 2 3 3 1.503104e-13 0.000000e+00
58 105 1.646023e-03 3.284247e-03 1 2 3 3 1.460827e-13 0.000000e+00
58 106 1.646023e-03 4.134622e-03 1 2 3 3 1.412623e-13 0.000000e+00
58 107 1.646023e-03 5.205181e-03 1 2 3 3 1.358186e-13 0.000000e+00
58 108 1.646023e-03 6.552935e-03 1 2 3 3 1.296332e-13 0.000000e+00
58 109 1.646023e-03 8.249656e-03 1 2 3 3 1.225504e-13 0.000000e+00
59 99 2.072220e-03 8.249656e-04 1 2 3 3 1.549687e-13 0.000000e+00
59 100 2.072220e-03 1.038570e-03 1 2 3 3 1.547815e-13 0.000000e+00
59 101 2.072220e-03 1.307482e-03 1 2 3 3 1.544519e-13 0.000000e+00
59 102 2.072220e-03 1.646023e-03 1 2 3 3 1.538198e-13 0.000000e+00
59 103 2.072220e-03 2.072220e-03 1 2 3 3 1.524327e-13 0.000000e+00
59 104 2.072220e-03 2.608770e-03 1 2 3 3 1.496535e-13 0.000000e+00
59 105 2.072220e-03 3.284247e-03 1 2 3 3 1.457052e-13 0.000000e+00
59 106 2.072220e-03 4.134622e-03 1 2 3 3 1.409966e-13 0.000000e+00
59 107 2.072220e-03 5.205181e-03 1 2 3 3 1.356143e-13 0.000000e+00
59 108 2.072220e-03 6.552935e-03 1 2 3 3 1.294758e-13 0.000000e+00
59 109 2.072220e-03 8.249656e-03 1 2 3 3 1.224337e-13 0.000000e+00
60 99 2.608770e-03 8.249656e-04 1 2 3 3 1.509656e-13 0.000000e+00
60 100 2.608770e-03 1.038570e-03 1 2 3 3 1.508481e-13 0.000000e+00
60 101 2.608770e-03 1.307482e-03 1 2 3 3 1.506523e-13 0.000000e+00
60 102 2.608770e-03 1.646023e-03 1 2 3 3 1.503104e-13 0.000000e+00
60 103 2.608770e-03 2.072220e-03 1 2 3 3 1.496535e-13 0.000000e+00
60 104 2.608770e-03 2.608770e-03 1 2 3 3 1.481453e-13 0.000000e+00
60 105 2.608770e-03 3.284247e-03 1 2 3 3 1.449965e-13 0.000000e+00
60 106 2.608770e-03 4.134622e-03 1 2 3 3 1.405551e-13 0.000000e+00
60 107 2.608770e-03 5.205181e-03 1 2 3 3 1.352870e-13 0.000000e+00
60 108 2.608770e-03 6.552935e-03 1 2 3 3 1.292255e-13 0.000000e+00
60 109 2.608770e-03 8.249656e-03 1 2 3 3 1.222482e-13 0.000000e+00
61 99 3.284247e-03 8.249656e-04 1 2 3 3 1.465222e-13 0.000000e+00
61 100 3.284247e-03 1.038570e-03 1 2 3 3 1.464387e-13 0.000000e+00
61 101 3.284247e-03 1.307482e-03 1 2 3 3 1.463040e-13 0.000000e+00
61 102 3.284247e-03 1.646023e-03 1 2 3 3 1.460827e-13 0.000000e+00
61 103 3.284247e-03 2.072220e-03 1 2 3 3 1.457052e-13 0.000000e+00
61 104 3.284247e-03 2.608770e-03 1 2 3 3 1.449965e-13 0.000000e+00
61 105 3.284247e-03 3.284247e-03 1 2 3 3 1.433345e-13 0.000000e+00
61 106 3.284247e-03 4.134622e-03 1 2 3 3 1.397574e-13 0.000000e+00
61 107 3.284247e-03 5.205181e-03 1 2 3 3 1.347536e-13 0.000000e+00
61 108 3.284247e-03 6.552935e-03 1 2 3 3 1.288255e-13 0.000000e+00
61 109 3.284247e-03 8.249656e-03 1 2 3 3 1.219525e-13 0.000000e+00
62 99 4.134622e-03 8.249656e-04 1 2 3 3 1.415934e-13 0.000000e+00
62 100 4.134622e-03 1.038570e-03 1 2 3 3 1.415289e-13 0.000000e+00
62 101 4.134622e-03 1.307482e-03 1 2 3 3 1.414265e-13 0.000000e+00
62 102 4.134622e-03 1.646023e-03 1 2 3 3 1.412623e-13 0.000000e+00
62 103 4.134622e-03 2.072220e-03 1 2 3 3 1.409966e-13 0.000000e+00
62 104 4.134622e-03 2.608770e-03 1 2 3 3 1.405551e-13 0.000000e+00
62 105 4.134622e-03 3.284247e-03 1 2 3 3 1.397574e-13 0.000000e+00
62 106 4.134622e-03 4.134622e-03 1 2 3 3 1.378984e-13 0.000000e+00
62 107 4.134622e-03 5.205181e-03 1 2 3 3 1.338271e-13 0.000000e+00
62 108 4.134622e-03 6.552935e-03 1 2 3 3 1.281802e-13 0.000000e+00
62 109 4.134622e-03 8.249656e-03 1 2 3 3 1.214796e-13 0.000000e+00
63 99 5.205181e-03 8.249656e-04 1 2 3 3 1.360782e-13 0.000000e+00
63 100 5.205181e-03 1.038570e-03 1 2 3 3 1.360272e-13 0.000000e+00
63 101 5.205181e-03 1.307482e-03 1 2 3 3 1.359467e-13 0.000000e+00
63 102 5.205181e-03 1.646023e-03 1 2 3 3 1.358186e-13 0.000000e+00
63 103 5.205181e-03 2.072220e-03 1 2 3 3 1.356143e-13 0.000000e+00
63 104 5.205181e-03 2.608770e-03 1 2 3 3 1.352870e-13 0.000000e+00
63 105 5.205181e-03 3.284247e-03 1 2 3 3 1.347536e-13 0.000000e+00
63 106 5.205181e-03 4.134622e-03 1 2 3 3 1.338271e-13 0.000000e+00
63 107 5.205181e-03 5.205181e-03 1 2 3 3 1.317228e-13 0.000000e+00
63 108 5.205181e-03 6.552935e-03 1 2 3 3 1.270910e-13 0.000000e+00
63 109 5.205181e-03 8.249656e-03 1 2 3 3 1.207176e-13 0.000000e+00
64 99 6.552935e-03 8.249656e-04 1 2 3 3 1.298341e-13 0.000000e+00
64 100 6.552935e-03 1.038570e-03 1 2 3 3 1.297945e-13 0.000000e+00
64 101 6.552935e-03 1.307482e-03 1 2 3 3 1.297322e-13 0.000000e+00
64 102 6.552935e-03 1.646023e-03 1 2 3 3 1.296332e-13 0.000000e+00
64 103 6.552935e-03 2.072220e-03 1 2 3 3 1.294758e-13 0.000000e+00
64 104 6.552935e-03 2.608770e-03 1 2 3 3 1.292255e-13 0.000000e+00
64 105 6.552935e-03 3.284247e-03 1 2 3 3 1.288255e-13 0.000000e+00
64 106 6.552935e-03 4.134622e-03 1 2 3 3 1.281802e-13 0.000000e+00
64 107 6.552935e-03 5.205181e-03 1 2 3 3 1.270910e-13 0.000000e+00
64 108 6.552935e-03 6.552935e-03 1 2 3 3 1.246985e-13 0.000000e+00
64 109 6.552935e-03 8.249656e-03 1 2 3 3 1.194497e-13 0.000000e+00
65 99 8.249656e-03 8.249656e-04 1 2 3 3 1.226994e-13 0.000000e+00
65 100 8.249656e-03 1.038570e-03 1 2 3 3 1.226701e-13 0.000000e+00
65 101 8.249656e-03 1.307482e-03 1 2 3 3 1.226238e-13 0.000000e+00
65 102 8.249656e-03 1.646023e-03 1 2 3 3 1.225504e-13 0.000000e+00
65 103 8.249656e-03 2.072220e-03 1 2 3 3 1.224337e-13 0.000000e+00
65 104 8.249656e-03 2.608770e-03 1 2 3 3 1.222482e-13 0.000000e+00
65 105 8.249656e-03 3.284247e-03 1 2 3 3 1.219525e-13 0.000000e+00
65 106 8.249656e-03 4.134622e-03 1 2 3 3 1.214796e-13 0.000000e+00
65 107 8.249656e-03 5.205181e-03 1 2 3 3 1.207176e-13 0.000000e+00
65 108 8.249656e-03 6.552935e-03 1 2 3 3 1.194497e-13 0.000000e+00
65 109 8.249656e-03 8.249656e-03 1 2 3 3 1.167435e-13 0.000000e+00
