# Please cite the following papers in research using this covariance:
# arXiv: 1601.05779, https://arxiv.org/abs/1601.05779
# arXiv: 1911.11947, https://arxiv.org/abs/1911.11947
# arXiv: 2004.04833, https://arxiv.org/abs/2004.04833
# arXiv: 1804.10663, https://arxiv.org/abs/1804.10663
########################################################
55 198 8.249656e-04 8.249656e-04 1 2 2 3 -3.418354e-15 0.000000e+00
55 199 8.249656e-04 1.038570e-03 1 2 2 3 -9.777347e-15 0.000000e+00
55 200 8.249656e-04 1.307482e-03 1 2 2 3 -4.382473e-15 0.000000e+00
55 201 8.249656e-04 1.646023e-03 1 2 2 3 4.390909e-15 0.000000e+00
55 202 8.249656e-04 2.072220e-03 1 2 2 3 1.104813e-14 0.000000e+00
55 203 8.249656e-04 2.608770e-03 1 2 2 3 1.471468e-14 0.000000e+00
55 204 8.249656e-04 3.284247e-03 1 2 2 3 1.601018e-14 0.000000e+00
55 205 8.249656e-04 4.134622e-03 1 2 2 3 1.580327e-14 0.000000e+00
55 206 8.249656e-04 5.205181e-03 1 2 2 3 1.481740e-14 0.000000e+00
55 207 8.249656e-04 6.552935e-03 1 2 2 3 1.355920e-14 0.000000e+00
55 208 8.249656e-04 8.249656e-03 1 2 2 3 1.234904e-14 0.000000e+00
56 198 1.038570e-03 8.249656e-04 1 2 2 3 8.624236e-17 0.000000e+00
56 199 1.038570e-03 1.038570e-03 1 2 2 3 -3.232744e-15 0.000000e+00
56 200 1.038570e-03 1.307482e-03 1 2 2 3 -9.682931e-15 0.000000e+00
56 201 1.038570e-03 1.646023e-03 1 2 2 3 -4.353252e-15 0.000000e+00
56 202 1.038570e-03 2.072220e-03 1 2 2 3 3.977291e-15 0.000000e+00
56 203 1.038570e-03 2.608770e-03 1 2 2 3 1.001593e-14 0.000000e+00
56 204 1.038570e-03 3.284247e-03 1 2 2 3 1.315885e-14 0.000000e+00
56 205 1.038570e-03 4.134622e-03 1 2 2 3 1.415555e-14 0.000000e+00
56 206 1.038570e-03 5.205181e-03 1 2 2 3 1.388928e-14 0.000000e+00
56 207 1.038570e-03 6.552935e-03 1 2 2 3 1.304105e-14 0.000000e+00
56 208 1.038570e-03 8.249656e-03 1 2 2 3 1.205813e-14 0.000000e+00
57 198 1.307482e-03 8.249656e-04 1 2 2 3 9.710167e-17 0.000000e+00
57 199 1.307482e-03 1.038570e-03 1 2 2 3 2.058927e-16 0.000000e+00
57 200 1.307482e-03 1.307482e-03 1 2 2 3 -2.974636e-15 0.000000e+00
57 201 1.307482e-03 1.646023e-03 1 2 2 3 -9.411376e-15 0.000000e+00
57 202 1.307482e-03 2.072220e-03 1 2 2 3 -4.208734e-15 0.000000e+00
57 203 1.307482e-03 2.608770e-03 1 2 2 3 3.572210e-15 0.000000e+00
57 204 1.307482e-03 3.284247e-03 1 2 2 3 8.969690e-15 0.000000e+00
57 205 1.307482e-03 4.134622e-03 1 2 2 3 1.165266e-14 0.000000e+00
57 206 1.307482e-03 5.205181e-03 1 2 2 3 1.245447e-14 0.000000e+00
57 207 1.307482e-03 6.552935e-03 1 2 2 3 1.223222e-14 0.000000e+00
57 208 1.307482e-03 8.249656e-03 1 2 2 3 1.160150e-14 0.000000e+00
58 198 1.646023e-03 8.249656e-04 1 2 2 3 4.701126e-17 0.000000e+00
58 199 1.646023e-03 1.038570e-03 1 2 2 3 1.253374e-16 0.000000e+00
58 200 1.646023e-03 1.307482e-03 1 2 2 3 3.211602e-16 0.000000e+00
58 201 1.646023e-03 1.646023e-03 1 2 2 3 -2.656983e-15 0.000000e+00
58 202 1.646023e-03 2.072220e-03 1 2 2 3 -8.971677e-15 0.000000e+00
58 203 1.646023e-03 2.608770e-03 1 2 2 3 -3.958277e-15 0.000000e+00
58 204 1.646023e-03 3.284247e-03 1 2 2 3 3.194399e-15 0.000000e+00
58 205 1.646023e-03 4.134622e-03 1 2 2 3 7.965849e-15 0.000000e+00
58 206 1.646023e-03 5.205181e-03 1 2 2 3 1.027273e-14 0.000000e+00
58 207 1.646023e-03 6.552935e-03 1 2 2 3 1.098151e-14 0.000000e+00
58 208 1.646023e-03 8.249656e-03 1 2 2 3 1.088880e-14 0.000000e+00
59 198 2.072220e-03 8.249656e-04 1 2 2 3 1.963067e-17 0.000000e+00
59 199 2.072220e-03 1.038570e-03 1 2 2 3 5.165952e-17 0.000000e+00
59 200 2.072220e-03 1.307482e-03 1 2 2 3 1.458485e-16 0.000000e+00
59 201 2.072220e-03 1.646023e-03 1 2 2 3 4.186240e-16 0.000000e+00
59 202 2.072220e-03 2.072220e-03 1 2 2 3 -2.304462e-15 0.000000e+00
59 203 2.072220e-03 2.608770e-03 1 2 2 3 -8.387932e-15 0.000000e+00
59 204 2.072220e-03 3.284247e-03 1 2 2 3 -3.622348e-15 0.000000e+00
59 205 2.072220e-03 4.134622e-03 1 2 2 3 2.858592e-15 0.000000e+00
59 206 2.072220e-03 5.205181e-03 1 2 2 3 7.052831e-15 0.000000e+00
59 207 2.072220e-03 6.552935e-03 1 2 2 3 9.078958e-15 0.000000e+00
59 208 2.072220e-03 8.249656e-03 1 2 2 3 9.787203e-15 0.000000e+00
60 198 2.608770e-03 8.249656e-04 1 2 2 3 7.810804e-18 0.000000e+00
60 199 2.608770e-03 1.038570e-03 1 2 2 3 1.908479e-17 0.000000e+00
60 200 2.608770e-03 1.307482e-03 1 2 2 3 5.287064e-17 0.000000e+00
60 201 2.608770e-03 1.646023e-03 1 2 2 3 1.548780e-16 0.000000e+00
60 202 2.608770e-03 2.072220e-03 1 2 2 3 4.876278e-16 0.000000e+00
60 203 2.608770e-03 2.608770e-03 1 2 2 3 -1.943343e-15 0.000000e+00
60 204 2.608770e-03 3.284247e-03 1 2 2 3 -7.697098e-15 0.000000e+00
60 205 2.608770e-03 4.134622e-03 1 2 2 3 -3.228915e-15 0.000000e+00
60 206 2.608770e-03 5.205181e-03 1 2 2 3 2.575331e-15 0.000000e+00
60 207 2.608770e-03 6.552935e-03 1 2 2 3 6.268541e-15 0.000000e+00
60 208 2.608770e-03 8.249656e-03 1 2 2 3 8.112168e-15 0.000000e+00
61 198 3.284247e-03 8.249656e-04 1 2 2 3 3.132894e-18 0.000000e+00
61 199 3.284247e-03 1.038570e-03 1 2 2 3 6.518801e-18 0.000000e+00
61 200 3.284247e-03 1.307482e-03 1 2 2 3 1.781865e-17 0.000000e+00
61 201 3.284247e-03 1.646023e-03 1 2 2 3 5.032812e-17 0.000000e+00
61 202 3.284247e-03 2.072220e-03 1 2 2 3 1.522472e-16 0.000000e+00
61 203 3.284247e-03 2.608770e-03 1 2 2 3 5.225900e-16 0.000000e+00
61 204 3.284247e-03 3.284247e-03 1 2 2 3 -1.599755e-15 0.000000e+00
61 205 3.284247e-03 4.134622e-03 1 2 2 3 -6.943547e-15 0.000000e+00
61 206 3.284247e-03 5.205181e-03 1 2 2 3 -2.808234e-15 0.000000e+00
61 207 3.284247e-03 6.552935e-03 1 2 2 3 2.351623e-15 0.000000e+00
61 208 3.284247e-03 8.249656e-03 1 2 2 3 5.638930e-15 0.000000e+00
62 198 4.134622e-03 8.249656e-04 1 2 2 3 1.444710e-18 0.000000e+00
62 199 4.134622e-03 1.038570e-03 1 2 2 3 2.058409e-18 0.000000e+00
62 200 4.134622e-03 1.307482e-03 1 2 2 3 5.669486e-18 0.000000e+00
62 201 4.134622e-03 1.646023e-03 1 2 2 3 1.568275e-17 0.000000e+00
62 202 4.134622e-03 2.072220e-03 1 2 2 3 4.460845e-17 0.000000e+00
62 203 4.134622e-03 2.608770e-03 1 2 2 3 1.398750e-16 0.000000e+00
62 204 4.134622e-03 3.284247e-03 1 2 2 3 5.225651e-16 0.000000e+00
62 205 4.134622e-03 4.134622e-03 1 2 2 3 -1.295066e-15 0.000000e+00
62 206 4.134622e-03 5.205181e-03 1 2 2 3 -6.173164e-15 0.000000e+00
62 207 4.134622e-03 6.552935e-03 1 2 2 3 -2.388987e-15 0.000000e+00
62 208 4.134622e-03 8.249656e-03 1 2 2 3 2.191533e-15 0.000000e+00
63 198 5.205181e-03 8.249656e-04 1 2 2 3 8.357677e-19 0.000000e+00
63 199 5.205181e-03 1.038570e-03 1 2 2 3 5.414332e-19 0.000000e+00
63 200 5.205181e-03 1.307482e-03 1 2 2 3 1.661817e-18 0.000000e+00
63 201 5.205181e-03 1.646023e-03 1 2 2 3 4.715262e-18 0.000000e+00
63 202 5.205181e-03 2.072220e-03 1 2 2 3 1.274775e-17 0.000000e+00
63 203 5.205181e-03 2.608770e-03 1 2 2 3 3.712269e-17 0.000000e+00
63 204 5.205181e-03 3.284247e-03 1 2 2 3 1.205225e-16 0.000000e+00
63 205 5.205181e-03 4.134622e-03 1 2 2 3 4.913256e-16 0.000000e+00
63 206 5.205181e-03 5.205181e-03 1 2 2 3 -1.044438e-15 0.000000e+00
63 207 5.205181e-03 6.552935e-03 1 2 2 3 -5.428741e-15 0.000000e+00
63 208 5.205181e-03 8.249656e-03 1 2 2 3 -1.994732e-15 0.000000e+00
64 198 6.552935e-03 8.249656e-04 1 2 2 3 6.643927e-19 0.000000e+00
64 199 6.552935e-03 1.038570e-03 1 2 2 3 4.544029e-20 0.000000e+00
64 200 6.552935e-03 1.307482e-03 1 2 2 3 4.048247e-19 0.000000e+00
64 201 6.552935e-03 1.646023e-03 1 2 2 3 1.336803e-18 0.000000e+00
64 202 6.552935e-03 2.072220e-03 1 2 2 3 3.430285e-18 0.000000e+00
64 203 6.552935e-03 2.608770e-03 1 2 2 3 9.610161e-18 0.000000e+00
64 204 6.552935e-03 3.284247e-03 1 2 2 3 2.863573e-17 0.000000e+00
64 205 6.552935e-03 4.134622e-03 1 2 2 3 9.694825e-17 0.000000e+00
64 206 6.552935e-03 5.205181e-03 1 2 2 3 4.355424e-16 0.000000e+00
64 207 6.552935e-03 6.552935e-03 1 2 2 3 -8.558536e-16 0.000000e+00
64 208 6.552935e-03 8.249656e-03 1 2 2 3 -4.746523e-15 0.000000e+00
65 198 8.249656e-03 8.249656e-04 1 2 2 3 5.961799e-19 0.000000e+00
65 199 8.249656e-03 1.038570e-03 1 2 2 3 -9.375801e-20 0.000000e+00
65 200 8.249656e-03 1.307482e-03 1 2 2 3 4.507051e-20 0.000000e+00
65 201 8.249656e-03 1.646023e-03 1 2 2 3 3.745658e-19 0.000000e+00
65 202 8.249656e-03 2.072220e-03 1 2 2 3 8.499701e-19 0.000000e+00
65 203 8.249656e-03 2.608770e-03 1 2 2 3 2.305570e-18 0.000000e+00
65 204 8.249656e-03 3.284247e-03 1 2 2 3 6.515150e-18 0.000000e+00
65 205 8.249656e-03 4.134622e-03 1 2 2 3 2.003023e-17 0.000000e+00
65 206 8.249656e-03 5.205181e-03 1 2 2 3 7.171905e-17 0.000000e+00
65 207 8.249656e-03 6.552935e-03 1 2 2 3 3.628316e-16 0.000000e+00
65 208 8.249656e-03 8.249656e-03 1 2 2 3 -7.315603e-16 0.000000e+00
