# Please cite the following papers in research using this covariance:
# arXiv: 1601.05779, https://arxiv.org/abs/1601.05779
# arXiv: 1911.11947, https://arxiv.org/abs/1911.11947
# arXiv: 2004.04833, https://arxiv.org/abs/2004.04833
# arXiv: 1804.10663, https://arxiv.org/abs/1804.10663
########################################################
0 33 8.249656e-04 8.249656e-04 0 0 0 3 1.564687e-13 0.000000e+00
0 34 8.249656e-04 1.038570e-03 0 0 0 3 1.353909e-13 0.000000e+00
0 35 8.249656e-04 1.307482e-03 0 0 0 3 1.121315e-13 0.000000e+00
0 36 8.249656e-04 1.646023e-03 0 0 0 3 9.332093e-14 0.000000e+00
0 37 8.249656e-04 2.072220e-03 0 0 0 3 7.833924e-14 0.000000e+00
0 38 8.249656e-04 2.608770e-03 0 0 0 3 6.641831e-14 0.000000e+00
0 39 8.249656e-04 3.284247e-03 0 0 0 3 5.686707e-14 0.000000e+00
0 40 8.249656e-04 4.134622e-03 0 0 0 3 4.910392e-14 0.000000e+00
0 41 8.249656e-04 5.205181e-03 0 0 0 3 4.266189e-14 0.000000e+00
0 42 8.249656e-04 6.552935e-03 0 0 0 3 3.718314e-14 0.000000e+00
0 43 8.249656e-04 8.249656e-03 0 0 0 3 3.240637e-14 0.000000e+00
1 33 1.038570e-03 8.249656e-04 0 0 0 3 1.353909e-13 0.000000e+00
1 34 1.038570e-03 1.038570e-03 0 0 0 3 1.360787e-13 0.000000e+00
1 35 1.038570e-03 1.307482e-03 0 0 0 3 1.165679e-13 0.000000e+00
1 36 1.038570e-03 1.646023e-03 0 0 0 3 9.575220e-14 0.000000e+00
1 37 1.038570e-03 2.072220e-03 0 0 0 3 7.959504e-14 0.000000e+00
1 38 1.038570e-03 2.608770e-03 0 0 0 3 6.704496e-14 0.000000e+00
1 39 1.038570e-03 3.284247e-03 0 0 0 3 5.717053e-14 0.000000e+00
1 40 1.038570e-03 4.134622e-03 0 0 0 3 4.924718e-14 0.000000e+00
1 41 1.038570e-03 5.205181e-03 0 0 0 3 4.272841e-14 0.000000e+00
1 42 1.038570e-03 6.552935e-03 0 0 0 3 3.721385e-14 0.000000e+00
1 43 1.038570e-03 8.249656e-03 0 0 0 3 3.242079e-14 0.000000e+00
2 33 1.307482e-03 8.249656e-04 0 0 0 3 1.121315e-13 0.000000e+00
2 34 1.307482e-03 1.038570e-03 0 0 0 3 1.165679e-13 0.000000e+00
2 35 1.307482e-03 1.307482e-03 0 0 0 3 1.180978e-13 0.000000e+00
2 36 1.307482e-03 1.646023e-03 0 0 0 3 1.002105e-13 0.000000e+00
2 37 1.307482e-03 2.072220e-03 0 0 0 3 8.183046e-14 0.000000e+00
2 38 1.307482e-03 2.608770e-03 0 0 0 3 6.812496e-14 0.000000e+00
2 39 1.307482e-03 3.284247e-03 0 0 0 3 5.768087e-14 0.000000e+00
2 40 1.307482e-03 4.134622e-03 0 0 0 3 4.948387e-14 0.000000e+00
2 41 1.307482e-03 5.205181e-03 0 0 0 3 4.283690e-14 0.000000e+00
2 42 1.307482e-03 6.552935e-03 0 0 0 3 3.726359e-14 0.000000e+00
2 43 1.307482e-03 8.249656e-03 0 0 0 3 3.244410e-14 0.000000e+00
3 33 1.646023e-03 8.249656e-04 0 0 0 3 9.332093e-14 0.000000e+00
3 34 1.646023e-03 1.038570e-03 0 0 0 3 9.575220e-14 0.000000e+00
3 35 1.646023e-03 1.307482e-03 0 0 0 3 1.002105e-13 0.000000e+00
3 36 1.646023e-03 1.646023e-03 0 0 0 3 1.023842e-13 0.000000e+00
3 37 1.646023e-03 2.072220e-03 0 0 0 3 8.612872e-14 0.000000e+00
3 38 1.646023e-03 2.608770e-03 0 0 0 3 7.009554e-14 0.000000e+00
3 39 1.646023e-03 3.284247e-03 0 0 0 3 5.857264e-14 0.000000e+00
3 40 1.646023e-03 4.134622e-03 0 0 0 3 4.988489e-14 0.000000e+00
3 41 1.646023e-03 5.205181e-03 0 0 0 3 4.301667e-14 0.000000e+00
3 42 1.646023e-03 6.552935e-03 0 0 0 3 3.734469e-14 0.000000e+00
3 43 1.646023e-03 8.249656e-03 0 0 0 3 3.248163e-14 0.000000e+00
4 33 2.072220e-03 8.249656e-04 0 0 0 3 7.833924e-14 0.000000e+00
4 34 2.072220e-03 1.038570e-03 0 0 0 3 7.959504e-14 0.000000e+00
4 35 2.072220e-03 1.307482e-03 0 0 0 3 8.183046e-14 0.000000e+00
4 36 2.072220e-03 1.646023e-03 0 0 0 3 8.612872e-14 0.000000e+00
4 37 2.072220e-03 2.072220e-03 0 0 0 3 8.873386e-14 0.000000e+00
4 38 2.072220e-03 2.608770e-03 0 0 0 3 7.408293e-14 0.000000e+00
4 39 2.072220e-03 3.284247e-03 0 0 0 3 6.024212e-14 0.000000e+00
4 40 2.072220e-03 4.134622e-03 0 0 0 3 5.059509e-14 0.000000e+00
4 41 2.072220e-03 5.205181e-03 0 0 0 3 4.332310e-14 0.000000e+00
4 42 2.072220e-03 6.552935e-03 0 0 0 3 3.747939e-14 0.000000e+00
4 43 2.072220e-03 8.249656e-03 0 0 0 3 3.254281e-14 0.000000e+00
5 33 2.608770e-03 8.249656e-04 0 0 0 3 6.641831e-14 0.000000e+00
5 34 2.608770e-03 1.038570e-03 0 0 0 3 6.704496e-14 0.000000e+00
5 35 2.608770e-03 1.307482e-03 0 0 0 3 6.812496e-14 0.000000e+00
5 36 2.608770e-03 1.646023e-03 0 0 0 3 7.009554e-14 0.000000e+00
5 37 2.608770e-03 2.072220e-03 0 0 0 3 7.408293e-14 0.000000e+00
5 38 2.608770e-03 2.608770e-03 0 0 0 3 7.691306e-14 0.000000e+00
5 39 2.608770e-03 3.284247e-03 0 0 0 3 6.381022e-14 0.000000e+00
5 40 2.608770e-03 4.134622e-03 0 0 0 3 5.195904e-14 0.000000e+00
5 41 2.608770e-03 5.205181e-03 0 0 0 3 4.387230e-14 0.000000e+00
5 42 2.608770e-03 6.552935e-03 0 0 0 3 3.771004e-14 0.000000e+00
5 43 2.608770e-03 8.249656e-03 0 0 0 3 3.264437e-14 0.000000e+00
6 33 3.284247e-03 8.249656e-04 0 0 0 3 5.686707e-14 0.000000e+00
6 34 3.284247e-03 1.038570e-03 0 0 0 3 5.717053e-14 0.000000e+00
6 35 3.284247e-03 1.307482e-03 0 0 0 3 5.768087e-14 0.000000e+00
6 36 3.284247e-03 1.646023e-03 0 0 0 3 5.857264e-14 0.000000e+00
6 37 3.284247e-03 2.072220e-03 0 0 0 3 6.024212e-14 0.000000e+00
6 38 3.284247e-03 2.608770e-03 0 0 0 3 6.381022e-14 0.000000e+00
6 39 3.284247e-03 3.284247e-03 0 0 0 3 6.668079e-14 0.000000e+00
6 40 3.284247e-03 4.134622e-03 0 0 0 3 5.504668e-14 0.000000e+00
6 41 3.284247e-03 5.205181e-03 0 0 0 3 4.495231e-14 0.000000e+00
6 42 3.284247e-03 6.552935e-03 0 0 0 3 3.812685e-14 0.000000e+00
6 43 3.284247e-03 8.249656e-03 0 0 0 3 3.281831e-14 0.000000e+00
7 33 4.134622e-03 8.249656e-04 0 0 0 3 4.910392e-14 0.000000e+00
7 34 4.134622e-03 1.038570e-03 0 0 0 3 4.924718e-14 0.000000e+00
7 35 4.134622e-03 1.307482e-03 0 0 0 3 4.948387e-14 0.000000e+00
7 36 4.134622e-03 1.646023e-03 0 0 0 3 4.988489e-14 0.000000e+00
7 37 4.134622e-03 2.072220e-03 0 0 0 3 5.059509e-14 0.000000e+00
7 38 4.134622e-03 2.608770e-03 0 0 0 3 5.195904e-14 0.000000e+00
7 39 4.134622e-03 3.284247e-03 0 0 0 3 5.504668e-14 0.000000e+00
7 40 4.134622e-03 4.134622e-03 0 0 0 3 5.780645e-14 0.000000e+00
7 41 4.134622e-03 5.205181e-03 0 0 0 3 4.754431e-14 0.000000e+00
7 42 4.134622e-03 6.552935e-03 0 0 0 3 3.896225e-14 0.000000e+00
7 43 4.134622e-03 8.249656e-03 0 0 0 3 3.313345e-14 0.000000e+00
8 33 5.205181e-03 8.249656e-04 0 0 0 3 4.266189e-14 0.000000e+00
8 34 5.205181e-03 1.038570e-03 0 0 0 3 4.272841e-14 0.000000e+00
8 35 5.205181e-03 1.307482e-03 0 0 0 3 4.283690e-14 0.000000e+00
8 36 5.205181e-03 1.646023e-03 0 0 0 3 4.301667e-14 0.000000e+00
8 37 5.205181e-03 2.072220e-03 0 0 0 3 4.332310e-14 0.000000e+00
8 38 5.205181e-03 2.608770e-03 0 0 0 3 4.387230e-14 0.000000e+00
8 39 5.205181e-03 3.284247e-03 0 0 0 3 4.495231e-14 0.000000e+00
8 40 5.205181e-03 4.134622e-03 0 0 0 3 4.754431e-14 0.000000e+00
8 41 5.205181e-03 5.205181e-03 0 0 0 3 5.008192e-14 0.000000e+00
8 42 5.205181e-03 6.552935e-03 0 0 0 3 4.108205e-14 0.000000e+00
8 43 5.205181e-03 8.249656e-03 0 0 0 3 3.377188e-14 0.000000e+00
9 33 6.552935e-03 8.249656e-04 0 0 0 3 3.718314e-14 0.000000e+00
9 34 6.552935e-03 1.038570e-03 0 0 0 3 3.721385e-14 0.000000e+00
9 35 6.552935e-03 1.307482e-03 0 0 0 3 3.726359e-14 0.000000e+00
9 36 6.552935e-03 1.646023e-03 0 0 0 3 3.734469e-14 0.000000e+00
9 37 6.552935e-03 2.072220e-03 0 0 0 3 3.747939e-14 0.000000e+00
9 38 6.552935e-03 2.608770e-03 0 0 0 3 3.771004e-14 0.000000e+00
9 39 6.552935e-03 3.284247e-03 0 0 0 3 3.812685e-14 0.000000e+00
9 40 6.552935e-03 4.134622e-03 0 0 0 3 3.896225e-14 0.000000e+00
9 41 6.552935e-03 5.205181e-03 0 0 0 3 4.108205e-14 0.000000e+00
9 42 6.552935e-03 6.552935e-03 0 0 0 3 4.332692e-14 0.000000e+00
9 43 6.552935e-03 8.249656e-03 0 0 0 3 3.547070e-14 0.000000e+00
10 33 8.249656e-03 8.249656e-04 0 0 0 3 3.240637e-14 0.000000e+00
10 34 8.249656e-03 1.038570e-03 0 0 0 3 3.242079e-14 0.000000e+00
10 35 8.249656e-03 1.307482e-03 0 0 0 3 3.244410e-14 0.000000e+00
10 36 8.249656e-03 1.646023e-03 0 0 0 3 3.248163e-14 0.000000e+00
10 37 8.249656e-03 2.072220e-03 0 0 0 3 3.254281e-14 0.000000e+00
10 38 8.249656e-03 2.608770e-03 0 0 0 3 3.264437e-14 0.000000e+00
10 39 8.249656e-03 3.284247e-03 0 0 0 3 3.281831e-14 0.000000e+00
10 40 8.249656e-03 4.134622e-03 0 0 0 3 3.313345e-14 0.000000e+00
10 41 8.249656e-03 5.205181e-03 0 0 0 3 3.377188e-14 0.000000e+00
10 42 8.249656e-03 6.552935e-03 0 0 0 3 3.547070e-14 0.000000e+00
10 43 8.249656e-03 8.249656e-03 0 0 0 3 3.739033e-14 0.000000e+00
