# Please cite the following papers in research using this covariance:
# arXiv: 1601.05779, https://arxiv.org/abs/1601.05779
# arXiv: 1911.11947, https://arxiv.org/abs/1911.11947
# arXiv: 2004.04833, https://arxiv.org/abs/2004.04833
# arXiv: 1804.10663, https://arxiv.org/abs/1804.10663
########################################################
11 154 8.249656e-04 8.249656e-04 0 1 1 1 -2.360828e-15 0.000000e+00
11 155 8.249656e-04 1.038570e-03 0 1 1 1 -6.485008e-15 0.000000e+00
11 156 8.249656e-04 1.307482e-03 0 1 1 1 -2.881538e-15 0.000000e+00
11 157 8.249656e-04 1.646023e-03 0 1 1 1 3.204767e-15 0.000000e+00
11 158 8.249656e-04 2.072220e-03 0 1 1 1 8.042077e-15 0.000000e+00
11 159 8.249656e-04 2.608770e-03 0 1 1 1 1.084723e-14 0.000000e+00
11 160 8.249656e-04 3.284247e-03 0 1 1 1 1.190122e-14 0.000000e+00
11 161 8.249656e-04 4.134622e-03 0 1 1 1 1.174034e-14 0.000000e+00
11 162 8.249656e-04 5.205181e-03 0 1 1 1 1.086450e-14 0.000000e+00
11 163 8.249656e-04 6.552935e-03 0 1 1 1 9.654769e-15 0.000000e+00
11 164 8.249656e-04 8.249656e-03 0 1 1 1 8.369495e-15 0.000000e+00
12 154 1.038570e-03 8.249656e-04 0 1 1 1 -3.222152e-17 0.000000e+00
12 155 1.038570e-03 1.038570e-03 0 1 1 1 -2.302365e-15 0.000000e+00
12 156 1.038570e-03 1.307482e-03 0 1 1 1 -6.554287e-15 0.000000e+00
12 157 1.038570e-03 1.646023e-03 0 1 1 1 -2.956566e-15 0.000000e+00
12 158 1.038570e-03 2.072220e-03 0 1 1 1 2.917176e-15 0.000000e+00
12 159 1.038570e-03 2.608770e-03 0 1 1 1 7.363417e-15 0.000000e+00
12 160 1.038570e-03 3.284247e-03 0 1 1 1 9.757859e-15 0.000000e+00
12 161 1.038570e-03 4.134622e-03 0 1 1 1 1.049911e-14 0.000000e+00
12 162 1.038570e-03 5.205181e-03 0 1 1 1 1.017391e-14 0.000000e+00
12 163 1.038570e-03 6.552935e-03 0 1 1 1 9.280555e-15 0.000000e+00
12 164 1.038570e-03 8.249656e-03 0 1 1 1 8.169919e-15 0.000000e+00
13 154 1.307482e-03 8.249656e-04 0 1 1 1 3.659881e-17 0.000000e+00
13 155 1.307482e-03 1.038570e-03 0 1 1 1 4.235488e-17 0.000000e+00
13 156 1.307482e-03 1.307482e-03 0 1 1 1 -2.189166e-15 0.000000e+00
13 157 1.307482e-03 1.646023e-03 0 1 1 1 -6.510835e-15 0.000000e+00
13 158 1.307482e-03 2.072220e-03 0 1 1 1 -2.958327e-15 0.000000e+00
13 159 1.307482e-03 2.608770e-03 0 1 1 1 2.612944e-15 0.000000e+00
13 160 1.307482e-03 3.284247e-03 0 1 1 1 6.617096e-15 0.000000e+00
13 161 1.307482e-03 4.134622e-03 0 1 1 1 8.615071e-15 0.000000e+00
13 162 1.307482e-03 5.205181e-03 0 1 1 1 9.105969e-15 0.000000e+00
13 163 1.307482e-03 6.552935e-03 0 1 1 1 8.695962e-15 0.000000e+00
13 164 1.307482e-03 8.249656e-03 0 1 1 1 7.856348e-15 0.000000e+00
14 154 1.646023e-03 8.249656e-04 0 1 1 1 2.453307e-17 0.000000e+00
14 155 1.646023e-03 1.038570e-03 0 1 1 1 6.111599e-17 0.000000e+00
14 156 1.646023e-03 1.307482e-03 0 1 1 1 1.252333e-16 0.000000e+00
14 157 1.646023e-03 1.646023e-03 0 1 1 1 -2.020601e-15 0.000000e+00
14 158 1.646023e-03 2.072220e-03 0 1 1 1 -6.344906e-15 0.000000e+00
14 159 1.646023e-03 2.608770e-03 0 1 1 1 -2.879917e-15 0.000000e+00
14 160 1.646023e-03 3.284247e-03 0 1 1 1 2.308712e-15 0.000000e+00
14 161 1.646023e-03 4.134622e-03 0 1 1 1 5.844044e-15 0.000000e+00
14 162 1.646023e-03 5.205181e-03 0 1 1 1 7.481512e-15 0.000000e+00
14 163 1.646023e-03 6.552935e-03 0 1 1 1 7.790959e-15 0.000000e+00
14 164 1.646023e-03 8.249656e-03 0 1 1 1 7.366189e-15 0.000000e+00
15 154 2.072220e-03 8.249656e-04 0 1 1 1 1.220911e-17 0.000000e+00
15 155 2.072220e-03 1.038570e-03 0 1 1 1 3.152504e-17 0.000000e+00
15 156 2.072220e-03 1.307482e-03 0 1 1 1 8.404525e-17 0.000000e+00
15 157 2.072220e-03 1.646023e-03 0 1 1 1 2.084850e-16 0.000000e+00
15 158 2.072220e-03 2.072220e-03 0 1 1 1 -1.805502e-15 0.000000e+00
15 159 2.072220e-03 2.608770e-03 0 1 1 1 -6.057269e-15 0.000000e+00
15 160 2.072220e-03 3.284247e-03 0 1 1 1 -2.723615e-15 0.000000e+00
15 161 2.072220e-03 4.134622e-03 0 1 1 1 2.018465e-15 0.000000e+00
15 162 2.072220e-03 5.205181e-03 0 1 1 1 5.083612e-15 0.000000e+00
15 163 2.072220e-03 6.552935e-03 0 1 1 1 6.411859e-15 0.000000e+00
15 164 2.072220e-03 8.249656e-03 0 1 1 1 6.606796e-15 0.000000e+00
16 154 2.608770e-03 8.249656e-04 0 1 1 1 5.473437e-18 0.000000e+00
16 155 2.608770e-03 1.038570e-03 0 1 1 1 1.359906e-17 0.000000e+00
16 156 2.608770e-03 1.307482e-03 0 1 1 1 3.653735e-17 0.000000e+00
16 157 2.608770e-03 1.646023e-03 0 1 1 1 1.015500e-16 0.000000e+00
16 158 2.608770e-03 2.072220e-03 0 1 1 1 2.830008e-16 0.000000e+00
16 159 2.608770e-03 2.608770e-03 0 1 1 1 -1.558130e-15 0.000000e+00
16 160 2.608770e-03 3.284247e-03 0 1 1 1 -5.660805e-15 0.000000e+00
16 161 2.608770e-03 4.134622e-03 0 1 1 1 -2.501271e-15 0.000000e+00
16 162 2.608770e-03 5.205181e-03 0 1 1 1 1.751920e-15 0.000000e+00
16 163 2.608770e-03 6.552935e-03 0 1 1 1 4.369635e-15 0.000000e+00
16 164 2.608770e-03 8.249656e-03 0 1 1 1 5.447925e-15 0.000000e+00
17 154 3.284247e-03 8.249656e-04 0 1 1 1 2.309012e-18 0.000000e+00
17 155 3.284247e-03 1.038570e-03 0 1 1 1 5.269700e-18 0.000000e+00
17 156 3.284247e-03 1.307482e-03 0 1 1 1 1.405944e-17 0.000000e+00
17 157 3.284247e-03 1.646023e-03 0 1 1 1 3.858917e-17 0.000000e+00
17 158 3.284247e-03 2.072220e-03 0 1 1 1 1.112214e-16 0.000000e+00
17 159 3.284247e-03 2.608770e-03 0 1 1 1 3.403397e-16 0.000000e+00
17 160 3.284247e-03 3.284247e-03 0 1 1 1 -1.297188e-15 0.000000e+00
17 161 3.284247e-03 4.134622e-03 0 1 1 1 -5.179105e-15 0.000000e+00
17 162 3.284247e-03 5.205181e-03 0 1 1 1 -2.232277e-15 0.000000e+00
17 163 3.284247e-03 6.552935e-03 0 1 1 1 1.515273e-15 0.000000e+00
17 164 3.284247e-03 8.249656e-03 0 1 1 1 3.727537e-15 0.000000e+00
18 154 4.134622e-03 8.249656e-04 0 1 1 1 1.015360e-18 0.000000e+00
18 155 4.134622e-03 1.038570e-03 0 1 1 1 1.885781e-18 0.000000e+00
18 156 4.134622e-03 1.307482e-03 0 1 1 1 4.997258e-18 0.000000e+00
18 157 4.134622e-03 1.646023e-03 0 1 1 1 1.349482e-17 0.000000e+00
18 158 4.134622e-03 2.072220e-03 0 1 1 1 3.754581e-17 0.000000e+00
18 159 4.134622e-03 2.608770e-03 0 1 1 1 1.122496e-16 0.000000e+00
18 160 4.134622e-03 3.284247e-03 0 1 1 1 3.742250e-16 0.000000e+00
18 161 4.134622e-03 4.134622e-03 0 1 1 1 -1.042370e-15 0.000000e+00
18 162 4.134622e-03 5.205181e-03 0 1 1 1 -4.642495e-15 0.000000e+00
18 163 4.134622e-03 6.552935e-03 0 1 1 1 -1.939403e-15 0.000000e+00
18 164 4.134622e-03 8.249656e-03 0 1 1 1 1.311266e-15 0.000000e+00
19 154 5.205181e-03 8.249656e-04 0 1 1 1 5.003668e-19 0.000000e+00
19 155 5.205181e-03 1.038570e-03 0 1 1 1 5.979467e-19 0.000000e+00
19 156 5.205181e-03 1.307482e-03 0 1 1 1 1.628450e-18 0.000000e+00
19 157 5.205181e-03 1.646023e-03 0 1 1 1 4.426994e-18 0.000000e+00
19 158 5.205181e-03 2.072220e-03 0 1 1 1 1.194030e-17 0.000000e+00
19 159 5.205181e-03 2.608770e-03 0 1 1 1 3.398397e-17 0.000000e+00
19 160 5.205181e-03 3.284247e-03 0 1 1 1 1.054231e-16 0.000000e+00
19 161 5.205181e-03 4.134622e-03 0 1 1 1 3.826233e-16 0.000000e+00
19 162 5.205181e-03 5.205181e-03 0 1 1 1 -8.106144e-16 0.000000e+00
19 163 5.205181e-03 6.552935e-03 0 1 1 1 -4.083959e-15 0.000000e+00
19 164 5.205181e-03 8.249656e-03 0 1 1 1 -1.645167e-15 0.000000e+00
20 154 6.552935e-03 8.249656e-04 0 1 1 1 3.446517e-19 0.000000e+00
20 155 6.552935e-03 1.038570e-03 0 1 1 1 1.599931e-19 0.000000e+00
20 156 6.552935e-03 1.307482e-03 0 1 1 1 5.074515e-19 0.000000e+00
20 157 6.552935e-03 1.646023e-03 0 1 1 1 1.418116e-18 0.000000e+00
20 158 6.552935e-03 2.072220e-03 0 1 1 1 3.678606e-18 0.000000e+00
20 159 6.552935e-03 2.608770e-03 0 1 1 1 1.002778e-17 0.000000e+00
20 160 6.552935e-03 3.284247e-03 0 1 1 1 2.894034e-17 0.000000e+00
20 161 6.552935e-03 4.134622e-03 0 1 1 1 9.285433e-17 0.000000e+00
20 162 6.552935e-03 5.205181e-03 0 1 1 1 3.673395e-16 0.000000e+00
20 163 6.552935e-03 6.552935e-03 0 1 1 1 -6.141635e-16 0.000000e+00
20 164 6.552935e-03 8.249656e-03 0 1 1 1 -3.534632e-15 0.000000e+00
21 154 8.249656e-03 8.249656e-04 0 1 1 1 2.756585e-19 0.000000e+00
21 155 8.249656e-03 1.038570e-03 0 1 1 1 7.976422e-21 0.000000e+00
21 156 8.249656e-03 1.307482e-03 0 1 1 1 1.226405e-19 0.000000e+00
21 157 8.249656e-03 1.646023e-03 0 1 1 1 4.175540e-19 0.000000e+00
21 158 8.249656e-03 2.072220e-03 0 1 1 1 1.061464e-18 0.000000e+00
21 159 8.249656e-03 2.608770e-03 0 1 1 1 2.836924e-18 0.000000e+00
21 160 8.249656e-03 3.284247e-03 0 1 1 1 7.861315e-18 0.000000e+00
21 161 8.249656e-03 4.134622e-03 0 1 1 1 2.317125e-17 0.000000e+00
21 162 8.249656e-03 5.205181e-03 0 1 1 1 7.703457e-17 0.000000e+00
21 163 8.249656e-03 6.552935e-03 0 1 1 1 3.333451e-16 0.000000e+00
21 164 8.249656e-03 8.249656e-03 0 1 1 1 -4.592538e-16 0.000000e+00
