# Please cite the following papers in research using this covariance:
# arXiv: 1601.05779, https://arxiv.org/abs/1601.05779
# arXiv: 1911.11947, https://arxiv.org/abs/1911.11947
# arXiv: 2004.04833, https://arxiv.org/abs/2004.04833
# arXiv: 1804.10663, https://arxiv.org/abs/1804.10663
########################################################
110 176 8.249656e-04 8.249656e-04 0 0 1 3 1.459796e-17 0.000000e+00
110 177 8.249656e-04 1.038570e-03 0 0 1 3 1.470802e-17 0.000000e+00
110 178 8.249656e-04 1.307482e-03 0 0 1 3 1.093633e-17 0.000000e+00
110 179 8.249656e-04 1.646023e-03 0 0 1 3 6.911024e-18 0.000000e+00
110 180 8.249656e-04 2.072220e-03 0 0 1 3 3.930399e-18 0.000000e+00
110 181 8.249656e-04 2.608770e-03 0 0 1 3 2.062644e-18 0.000000e+00
110 182 8.249656e-04 3.284247e-03 0 0 1 3 1.012701e-18 0.000000e+00
110 183 8.249656e-04 4.134622e-03 0 0 1 3 4.701708e-19 0.000000e+00
110 184 8.249656e-04 5.205181e-03 0 0 1 3 2.086726e-19 0.000000e+00
110 185 8.249656e-04 6.552935e-03 0 0 1 3 8.977081e-20 0.000000e+00
110 186 8.249656e-04 8.249656e-03 0 0 1 3 3.794808e-20 0.000000e+00
111 176 1.038570e-03 8.249656e-04 0 0 1 3 1.470802e-17 0.000000e+00
111 177 1.038570e-03 1.038570e-03 0 0 1 3 2.238422e-17 0.000000e+00
111 178 1.038570e-03 1.307482e-03 0 0 1 3 2.190275e-17 0.000000e+00
111 179 1.038570e-03 1.646023e-03 0 0 1 3 1.556223e-17 0.000000e+00
111 180 1.038570e-03 2.072220e-03 0 0 1 3 9.344035e-18 0.000000e+00
111 181 1.038570e-03 2.608770e-03 0 0 1 3 5.039098e-18 0.000000e+00
111 182 1.038570e-03 3.284247e-03 0 0 1 3 2.509195e-18 0.000000e+00
111 183 1.038570e-03 4.134622e-03 0 0 1 3 1.173389e-18 0.000000e+00
111 184 1.038570e-03 5.205181e-03 0 0 1 3 5.226451e-19 0.000000e+00
111 185 1.038570e-03 6.552935e-03 0 0 1 3 2.251930e-19 0.000000e+00
111 186 1.038570e-03 8.249656e-03 0 0 1 3 9.526503e-20 0.000000e+00
112 176 1.307482e-03 8.249656e-04 0 0 1 3 1.093633e-17 0.000000e+00
112 177 1.307482e-03 1.038570e-03 0 0 1 3 2.190275e-17 0.000000e+00
112 178 1.307482e-03 1.307482e-03 0 0 1 3 3.317934e-17 0.000000e+00
112 179 1.307482e-03 1.646023e-03 0 0 1 3 3.141279e-17 0.000000e+00
112 180 1.307482e-03 2.072220e-03 0 0 1 3 2.121602e-17 0.000000e+00
112 181 1.307482e-03 2.608770e-03 0 0 1 3 1.205755e-17 0.000000e+00
112 182 1.307482e-03 3.284247e-03 0 0 1 3 6.158079e-18 0.000000e+00
112 183 1.307482e-03 4.134622e-03 0 0 1 3 2.915806e-18 0.000000e+00
112 184 1.307482e-03 5.205181e-03 0 0 1 3 1.306568e-18 0.000000e+00
112 185 1.307482e-03 6.552935e-03 0 0 1 3 5.644592e-19 0.000000e+00
112 186 1.307482e-03 8.249656e-03 0 0 1 3 2.390859e-19 0.000000e+00
113 176 1.646023e-03 8.249656e-04 0 0 1 3 6.911024e-18 0.000000e+00
113 177 1.646023e-03 1.038570e-03 0 0 1 3 1.556223e-17 0.000000e+00
113 178 1.646023e-03 1.307482e-03 0 0 1 3 3.141279e-17 0.000000e+00
113 179 1.646023e-03 1.646023e-03 0 0 1 3 4.741669e-17 0.000000e+00
113 180 1.646023e-03 2.072220e-03 0 0 1 3 4.327979e-17 0.000000e+00
113 181 1.646023e-03 2.608770e-03 0 0 1 3 2.765522e-17 0.000000e+00
113 182 1.646023e-03 3.284247e-03 0 0 1 3 1.484400e-17 0.000000e+00
113 183 1.646023e-03 4.134622e-03 0 0 1 3 7.190067e-18 0.000000e+00
113 184 1.646023e-03 5.205181e-03 0 0 1 3 3.255813e-18 0.000000e+00
113 185 1.646023e-03 6.552935e-03 0 0 1 3 1.412900e-18 0.000000e+00
113 186 1.646023e-03 8.249656e-03 0 0 1 3 5.995808e-19 0.000000e+00
114 176 2.072220e-03 8.249656e-04 0 0 1 3 3.930399e-18 0.000000e+00
114 177 2.072220e-03 1.038570e-03 0 0 1 3 9.344035e-18 0.000000e+00
114 178 2.072220e-03 1.307482e-03 0 0 1 3 2.121602e-17 0.000000e+00
114 179 2.072220e-03 1.646023e-03 0 0 1 3 4.327979e-17 0.000000e+00
114 180 2.072220e-03 2.072220e-03 0 0 1 3 6.520857e-17 0.000000e+00
114 181 2.072220e-03 2.608770e-03 0 0 1 3 5.719332e-17 0.000000e+00
114 182 2.072220e-03 3.284247e-03 0 0 1 3 3.445090e-17 0.000000e+00
114 183 2.072220e-03 4.134622e-03 0 0 1 3 1.746833e-17 0.000000e+00
114 184 2.072220e-03 5.205181e-03 0 0 1 3 8.065468e-18 0.000000e+00
114 185 2.072220e-03 6.552935e-03 0 0 1 3 3.528327e-18 0.000000e+00
114 186 2.072220e-03 8.249656e-03 0 0 1 3 1.502227e-18 0.000000e+00
115 176 2.608770e-03 8.249656e-04 0 0 1 3 2.062644e-18 0.000000e+00
115 177 2.608770e-03 1.038570e-03 0 0 1 3 5.039098e-18 0.000000e+00
115 178 2.608770e-03 1.307482e-03 0 0 1 3 1.205755e-17 0.000000e+00
115 179 2.608770e-03 1.646023e-03 0 0 1 3 2.765522e-17 0.000000e+00
115 180 2.608770e-03 2.072220e-03 0 0 1 3 5.719332e-17 0.000000e+00
115 181 2.608770e-03 2.608770e-03 0 0 1 3 8.621682e-17 0.000000e+00
115 182 2.608770e-03 3.284247e-03 0 0 1 3 7.246922e-17 0.000000e+00
115 183 2.608770e-03 4.134622e-03 0 0 1 3 4.107516e-17 0.000000e+00
115 184 2.608770e-03 5.205181e-03 0 0 1 3 1.974765e-17 0.000000e+00
115 185 2.608770e-03 6.552935e-03 0 0 1 3 8.773002e-18 0.000000e+00
115 186 2.608770e-03 8.249656e-03 0 0 1 3 3.757035e-18 0.000000e+00
116 176 3.284247e-03 8.249656e-04 0 0 1 3 1.012701e-18 0.000000e+00
116 177 3.284247e-03 1.038570e-03 0 0 1 3 2.509195e-18 0.000000e+00
116 178 3.284247e-03 1.307482e-03 0 0 1 3 6.158079e-18 0.000000e+00
116 179 3.284247e-03 1.646023e-03 0 0 1 3 1.484400e-17 0.000000e+00
116 180 3.284247e-03 2.072220e-03 0 0 1 3 3.445090e-17 0.000000e+00
116 181 3.284247e-03 2.608770e-03 0 0 1 3 7.246922e-17 0.000000e+00
116 182 3.284247e-03 3.284247e-03 0 0 1 3 1.096286e-16 0.000000e+00
116 183 3.284247e-03 4.134622e-03 0 0 1 3 8.815935e-17 0.000000e+00
116 184 3.284247e-03 5.205181e-03 0 0 1 3 4.706295e-17 0.000000e+00
116 185 3.284247e-03 6.552935e-03 0 0 1 3 2.162290e-17 0.000000e+00
116 186 3.284247e-03 8.249656e-03 0 0 1 3 9.365838e-18 0.000000e+00
117 176 4.134622e-03 8.249656e-04 0 0 1 3 4.701708e-19 0.000000e+00
117 177 4.134622e-03 1.038570e-03 0 0 1 3 1.173389e-18 0.000000e+00
117 178 4.134622e-03 1.307482e-03 0 0 1 3 2.915806e-18 0.000000e+00
117 179 4.134622e-03 1.646023e-03 0 0 1 3 7.190067e-18 0.000000e+00
117 180 4.134622e-03 2.072220e-03 0 0 1 3 1.746833e-17 0.000000e+00
117 181 4.134622e-03 2.608770e-03 0 0 1 3 4.107516e-17 0.000000e+00
117 182 4.134622e-03 3.284247e-03 0 0 1 3 8.815935e-17 0.000000e+00
117 183 4.134622e-03 4.134622e-03 0 0 1 3 1.342941e-16 0.000000e+00
117 184 4.134622e-03 5.205181e-03 0 0 1 3 1.032952e-16 0.000000e+00
117 185 4.134622e-03 6.552935e-03 0 0 1 3 5.217472e-17 0.000000e+00
117 186 4.134622e-03 8.249656e-03 0 0 1 3 2.319460e-17 0.000000e+00
118 176 5.205181e-03 8.249656e-04 0 0 1 3 2.086726e-19 0.000000e+00
118 177 5.205181e-03 1.038570e-03 0 0 1 3 5.226451e-19 0.000000e+00
118 178 5.205181e-03 1.307482e-03 0 0 1 3 1.306568e-18 0.000000e+00
118 179 5.205181e-03 1.646023e-03 0 0 1 3 3.255813e-18 0.000000e+00
118 180 5.205181e-03 2.072220e-03 0 0 1 3 8.065468e-18 0.000000e+00
118 181 5.205181e-03 2.608770e-03 0 0 1 3 1.974765e-17 0.000000e+00
118 182 5.205181e-03 3.284247e-03 0 0 1 3 4.706295e-17 0.000000e+00
118 183 5.205181e-03 4.134622e-03 0 0 1 3 1.032952e-16 0.000000e+00
118 184 5.205181e-03 5.205181e-03 0 0 1 3 1.590022e-16 0.000000e+00
118 185 5.205181e-03 6.552935e-03 0 0 1 3 1.171806e-16 0.000000e+00
118 186 5.205181e-03 8.249656e-03 0 0 1 3 5.651748e-17 0.000000e+00
119 176 6.552935e-03 8.249656e-04 0 0 1 3 8.977081e-20 0.000000e+00
119 177 6.552935e-03 1.038570e-03 0 0 1 3 2.251930e-19 0.000000e+00
119 178 6.552935e-03 1.307482e-03 0 0 1 3 5.644592e-19 0.000000e+00
119 179 6.552935e-03 1.646023e-03 0 0 1 3 1.412900e-18 0.000000e+00
119 180 6.552935e-03 2.072220e-03 0 0 1 3 3.528327e-18 0.000000e+00
119 181 6.552935e-03 2.608770e-03 0 0 1 3 8.773002e-18 0.000000e+00
119 182 6.552935e-03 3.284247e-03 0 0 1 3 2.162290e-17 0.000000e+00
119 183 6.552935e-03 4.134622e-03 0 0 1 3 5.217472e-17 0.000000e+00
119 184 6.552935e-03 5.205181e-03 0 0 1 3 1.171806e-16 0.000000e+00
119 185 6.552935e-03 6.552935e-03 0 0 1 3 1.828329e-16 0.000000e+00
119 186 6.552935e-03 8.249656e-03 0 0 1 3 1.296640e-16 0.000000e+00
120 176 8.249656e-03 8.249656e-04 0 0 1 3 3.794808e-20 0.000000e+00
120 177 8.249656e-03 1.038570e-03 0 0 1 3 9.526503e-20 0.000000e+00
120 178 8.249656e-03 1.307482e-03 0 0 1 3 2.390859e-19 0.000000e+00
120 179 8.249656e-03 1.646023e-03 0 0 1 3 5.995808e-19 0.000000e+00
120 180 8.249656e-03 2.072220e-03 0 0 1 3 1.502227e-18 0.000000e+00
120 181 8.249656e-03 2.608770e-03 0 0 1 3 3.757035e-18 0.000000e+00
120 182 8.249656e-03 3.284247e-03 0 0 1 3 9.365838e-18 0.000000e+00
120 183 8.249656e-03 4.134622e-03 0 0 1 3 2.319460e-17 0.000000e+00
120 184 8.249656e-03 5.205181e-03 0 0 1 3 5.651748e-17 0.000000e+00
120 185 8.249656e-03 6.552935e-03 0 0 1 3 1.296640e-16 0.000000e+00
120 186 8.249656e-03 8.249656e-03 0 0 1 3 2.054735e-16 0.000000e+00
