# Please cite the following papers in research using this covariance:
# arXiv: 1601.05779, https://arxiv.org/abs/1601.05779
# arXiv: 1911.11947, https://arxiv.org/abs/1911.11947
# arXiv: 2004.04833, https://arxiv.org/abs/2004.04833
# arXiv: 1804.10663, https://arxiv.org/abs/1804.10663
########################################################
132 176 8.249656e-04 8.249656e-04 0 2 1 3 4.532615e-17 0.000000e+00
132 177 8.249656e-04 1.038570e-03 0 2 1 3 4.497810e-17 0.000000e+00
132 178 8.249656e-04 1.307482e-03 0 2 1 3 3.257959e-17 0.000000e+00
132 179 8.249656e-04 1.646023e-03 0 2 1 3 1.992311e-17 0.000000e+00
132 180 8.249656e-04 2.072220e-03 0 2 1 3 1.092316e-17 0.000000e+00
132 181 8.249656e-04 2.608770e-03 0 2 1 3 5.520037e-18 0.000000e+00
132 182 8.249656e-04 3.284247e-03 0 2 1 3 2.614487e-18 0.000000e+00
132 183 8.249656e-04 4.134622e-03 0 2 1 3 1.176853e-18 0.000000e+00
132 184 8.249656e-04 5.205181e-03 0 2 1 3 5.107775e-19 0.000000e+00
132 185 8.249656e-04 6.552935e-03 0 2 1 3 2.172814e-19 0.000000e+00
132 186 8.249656e-04 8.249656e-03 0 2 1 3 9.214210e-20 0.000000e+00
133 176 1.038570e-03 8.249656e-04 0 2 1 3 4.497810e-17 0.000000e+00
133 177 1.038570e-03 1.038570e-03 0 2 1 3 6.820545e-17 0.000000e+00
133 178 1.038570e-03 1.307482e-03 0 2 1 3 6.549196e-17 0.000000e+00
133 179 1.038570e-03 1.646023e-03 0 2 1 3 4.508756e-17 0.000000e+00
133 180 1.038570e-03 2.072220e-03 0 2 1 3 2.608139e-17 0.000000e+00
133 181 1.038570e-03 2.608770e-03 0 2 1 3 1.352914e-17 0.000000e+00
133 182 1.038570e-03 3.284247e-03 0 2 1 3 6.491861e-18 0.000000e+00
133 183 1.038570e-03 4.134622e-03 0 2 1 3 2.940751e-18 0.000000e+00
133 184 1.038570e-03 5.205181e-03 0 2 1 3 1.280081e-18 0.000000e+00
133 185 1.038570e-03 6.552935e-03 0 2 1 3 5.451876e-19 0.000000e+00
133 186 1.038570e-03 8.249656e-03 0 2 1 3 2.313118e-19 0.000000e+00
134 176 1.307482e-03 8.249656e-04 0 2 1 3 3.257959e-17 0.000000e+00
134 177 1.307482e-03 1.038570e-03 0 2 1 3 6.549196e-17 0.000000e+00
134 178 1.307482e-03 1.307482e-03 0 2 1 3 9.889057e-17 0.000000e+00
134 179 1.307482e-03 1.646023e-03 0 2 1 3 9.154423e-17 0.000000e+00
134 180 1.307482e-03 2.072220e-03 0 2 1 3 5.961091e-17 0.000000e+00
134 181 1.307482e-03 2.608770e-03 0 2 1 3 3.254022e-17 0.000000e+00
134 182 1.307482e-03 3.284247e-03 0 2 1 3 1.598781e-17 0.000000e+00
134 183 1.307482e-03 4.134622e-03 0 2 1 3 7.322633e-18 0.000000e+00
134 184 1.307482e-03 5.205181e-03 0 2 1 3 3.203254e-18 0.000000e+00
134 185 1.307482e-03 6.552935e-03 0 2 1 3 1.367070e-18 0.000000e+00
134 186 1.307482e-03 8.249656e-03 0 2 1 3 5.805036e-19 0.000000e+00
135 176 1.646023e-03 8.249656e-04 0 2 1 3 1.992311e-17 0.000000e+00
135 177 1.646023e-03 1.038570e-03 0 2 1 3 4.508756e-17 0.000000e+00
135 178 1.646023e-03 1.307482e-03 0 2 1 3 9.154423e-17 0.000000e+00
135 179 1.646023e-03 1.646023e-03 0 2 1 3 1.378703e-16 0.000000e+00
135 180 1.646023e-03 2.072220e-03 0 2 1 3 1.226297e-16 0.000000e+00
135 181 1.646023e-03 2.608770e-03 0 2 1 3 7.524419e-17 0.000000e+00
135 182 1.646023e-03 3.284247e-03 0 2 1 3 3.875850e-17 0.000000e+00
135 183 1.646023e-03 4.134622e-03 0 2 1 3 1.811817e-17 0.000000e+00
135 184 1.646023e-03 5.205181e-03 0 2 1 3 7.995317e-18 0.000000e+00
135 185 1.646023e-03 6.552935e-03 0 2 1 3 3.424044e-18 0.000000e+00
135 186 1.646023e-03 8.249656e-03 0 2 1 3 1.455668e-18 0.000000e+00
136 176 2.072220e-03 8.249656e-04 0 2 1 3 1.092316e-17 0.000000e+00
136 177 2.072220e-03 1.038570e-03 0 2 1 3 2.608139e-17 0.000000e+00
136 178 2.072220e-03 1.307482e-03 0 2 1 3 5.961091e-17 0.000000e+00
136 179 2.072220e-03 1.646023e-03 0 2 1 3 1.226297e-16 0.000000e+00
136 180 2.072220e-03 2.072220e-03 0 2 1 3 1.846378e-16 0.000000e+00
136 181 2.072220e-03 2.608770e-03 0 2 1 3 1.573611e-16 0.000000e+00
136 182 2.072220e-03 3.284247e-03 0 2 1 3 9.079594e-17 0.000000e+00
136 183 2.072220e-03 4.134622e-03 0 2 1 3 4.427038e-17 0.000000e+00
136 184 2.072220e-03 5.205181e-03 0 2 1 3 1.986228e-17 0.000000e+00
136 185 2.072220e-03 6.552935e-03 0 2 1 3 8.559542e-18 0.000000e+00
136 186 2.072220e-03 8.249656e-03 0 2 1 3 3.646934e-18 0.000000e+00
137 176 2.608770e-03 8.249656e-04 0 2 1 3 5.520037e-18 0.000000e+00
137 177 2.608770e-03 1.038570e-03 0 2 1 3 1.352914e-17 0.000000e+00
137 178 2.608770e-03 1.307482e-03 0 2 1 3 3.254022e-17 0.000000e+00
137 179 2.608770e-03 1.646023e-03 0 2 1 3 7.524419e-17 0.000000e+00
137 180 2.608770e-03 2.072220e-03 0 2 1 3 1.573611e-16 0.000000e+00
137 181 2.608770e-03 2.608770e-03 0 2 1 3 2.375728e-16 0.000000e+00
137 182 2.608770e-03 3.284247e-03 0 2 1 3 1.936554e-16 0.000000e+00
137 183 2.608770e-03 4.134622e-03 0 2 1 3 1.051240e-16 0.000000e+00
137 184 2.608770e-03 5.205181e-03 0 2 1 3 4.887388e-17 0.000000e+00
137 185 2.608770e-03 6.552935e-03 0 2 1 3 2.132202e-17 0.000000e+00
137 186 2.608770e-03 8.249656e-03 0 2 1 3 9.121065e-18 0.000000e+00
138 176 3.284247e-03 8.249656e-04 0 2 1 3 2.614487e-18 0.000000e+00
138 177 3.284247e-03 1.038570e-03 0 2 1 3 6.491861e-18 0.000000e+00
138 178 3.284247e-03 1.307482e-03 0 2 1 3 1.598781e-17 0.000000e+00
138 179 3.284247e-03 1.646023e-03 0 2 1 3 3.875850e-17 0.000000e+00
138 180 3.284247e-03 2.072220e-03 0 2 1 3 9.079594e-17 0.000000e+00
138 181 3.284247e-03 2.608770e-03 0 2 1 3 1.936554e-16 0.000000e+00
138 182 3.284247e-03 3.284247e-03 0 2 1 3 2.941654e-16 0.000000e+00
138 183 3.284247e-03 4.134622e-03 0 2 1 3 2.292372e-16 0.000000e+00
138 184 3.284247e-03 5.205181e-03 0 2 1 3 1.175518e-16 0.000000e+00
138 185 3.284247e-03 6.552935e-03 0 2 1 3 5.273556e-17 0.000000e+00
138 186 3.284247e-03 8.249656e-03 0 2 1 3 2.274434e-17 0.000000e+00
139 176 4.134622e-03 8.249656e-04 0 2 1 3 1.176853e-18 0.000000e+00
139 177 4.134622e-03 1.038570e-03 0 2 1 3 2.940751e-18 0.000000e+00
139 178 4.134622e-03 1.307482e-03 0 2 1 3 7.322633e-18 0.000000e+00
139 179 4.134622e-03 1.646023e-03 0 2 1 3 1.811817e-17 0.000000e+00
139 180 4.134622e-03 2.072220e-03 0 2 1 3 4.427038e-17 0.000000e+00
139 181 4.134622e-03 2.608770e-03 0 2 1 3 1.051240e-16 0.000000e+00
139 182 4.134622e-03 3.284247e-03 0 2 1 3 2.292372e-16 0.000000e+00
139 183 4.134622e-03 4.134622e-03 0 2 1 3 3.516174e-16 0.000000e+00
139 184 4.134622e-03 5.205181e-03 0 2 1 3 2.623379e-16 0.000000e+00
139 185 4.134622e-03 6.552935e-03 0 2 1 3 1.281666e-16 0.000000e+00
139 186 4.134622e-03 8.249656e-03 0 2 1 3 5.639012e-17 0.000000e+00
140 176 5.205181e-03 8.249656e-04 0 2 1 3 5.107775e-19 0.000000e+00
140 177 5.205181e-03 1.038570e-03 0 2 1 3 1.280081e-18 0.000000e+00
140 178 5.205181e-03 1.307482e-03 0 2 1 3 3.203254e-18 0.000000e+00
140 179 5.205181e-03 1.646023e-03 0 2 1 3 7.995317e-18 0.000000e+00
140 180 5.205181e-03 2.072220e-03 0 2 1 3 1.986228e-17 0.000000e+00
140 181 5.205181e-03 2.608770e-03 0 2 1 3 4.887388e-17 0.000000e+00
140 182 5.205181e-03 3.284247e-03 0 2 1 3 1.175518e-16 0.000000e+00
140 183 5.205181e-03 4.134622e-03 0 2 1 3 2.623379e-16 0.000000e+00
140 184 5.205181e-03 5.205181e-03 0 2 1 3 4.076407e-16 0.000000e+00
140 185 5.205181e-03 6.552935e-03 0 2 1 3 2.923447e-16 0.000000e+00
140 186 5.205181e-03 8.249656e-03 0 2 1 3 1.379193e-16 0.000000e+00
141 176 6.552935e-03 8.249656e-04 0 2 1 3 2.172814e-19 0.000000e+00
141 177 6.552935e-03 1.038570e-03 0 2 1 3 5.451876e-19 0.000000e+00
141 178 6.552935e-03 1.307482e-03 0 2 1 3 1.367070e-18 0.000000e+00
141 179 6.552935e-03 1.646023e-03 0 2 1 3 3.424044e-18 0.000000e+00
141 180 6.552935e-03 2.072220e-03 0 2 1 3 8.559542e-18 0.000000e+00
141 181 6.552935e-03 2.608770e-03 0 2 1 3 2.132202e-17 0.000000e+00
141 182 6.552935e-03 3.284247e-03 0 2 1 3 5.273556e-17 0.000000e+00
141 183 6.552935e-03 4.134622e-03 0 2 1 3 1.281666e-16 0.000000e+00
141 184 6.552935e-03 5.205181e-03 0 2 1 3 2.923447e-16 0.000000e+00
141 185 6.552935e-03 6.552935e-03 0 2 1 3 4.612451e-16 0.000000e+00
141 186 6.552935e-03 8.249656e-03 0 2 1 3 3.201946e-16 0.000000e+00
142 176 8.249656e-03 8.249656e-04 0 2 1 3 9.214210e-20 0.000000e+00
142 177 8.249656e-03 1.038570e-03 0 2 1 3 2.313118e-19 0.000000e+00
142 178 8.249656e-03 1.307482e-03 0 2 1 3 5.805036e-19 0.000000e+00
142 179 8.249656e-03 1.646023e-03 0 2 1 3 1.455668e-18 0.000000e+00
142 180 8.249656e-03 2.072220e-03 0 2 1 3 3.646934e-18 0.000000e+00
142 181 8.249656e-03 2.608770e-03 0 2 1 3 9.121065e-18 0.000000e+00
142 182 8.249656e-03 3.284247e-03 0 2 1 3 2.274434e-17 0.000000e+00
142 183 8.249656e-03 4.134622e-03 0 2 1 3 5.639012e-17 0.000000e+00
142 184 8.249656e-03 5.205181e-03 0 2 1 3 1.379193e-16 0.000000e+00
142 185 8.249656e-03 6.552935e-03 0 2 1 3 3.201946e-16 0.000000e+00
142 186 8.249656e-03 8.249656e-03 0 2 1 3 5.132539e-16 0.000000e+00
