# Please cite the following papers in research using this covariance:
# arXiv: 1601.05779, https://arxiv.org/abs/1601.05779
# arXiv: 1911.11947, https://arxiv.org/abs/1911.11947
# arXiv: 2004.04833, https://arxiv.org/abs/2004.04833
# arXiv: 1804.10663, https://arxiv.org/abs/1804.10663
########################################################
99 143 8.249656e-04 8.249656e-04 3 3 0 3 -5.848296e-15 0.000000e+00
99 144 8.249656e-04 1.038570e-03 3 3 0 3 -1.717552e-14 0.000000e+00
99 145 8.249656e-04 1.307482e-03 3 3 0 3 -7.657855e-15 0.000000e+00
99 146 8.249656e-04 1.646023e-03 3 3 0 3 7.504548e-15 0.000000e+00
99 147 8.249656e-04 2.072220e-03 3 3 0 3 1.884038e-14 0.000000e+00
99 148 8.249656e-04 2.608770e-03 3 3 0 3 2.499024e-14 0.000000e+00
99 149 8.249656e-04 3.284247e-03 3 3 0 3 2.706836e-14 0.000000e+00
99 150 8.249656e-04 4.134622e-03 3 3 0 3 2.655932e-14 0.000000e+00
99 151 8.249656e-04 5.205181e-03 3 3 0 3 2.468567e-14 0.000000e+00
99 152 8.249656e-04 6.552935e-03 3 3 0 3 2.230016e-14 0.000000e+00
99 153 8.249656e-04 8.249656e-03 3 3 0 3 1.993722e-14 0.000000e+00
100 143 1.038570e-03 8.249656e-04 3 3 0 3 2.461960e-16 0.000000e+00
100 144 1.038570e-03 1.038570e-03 3 3 0 3 -5.484009e-15 0.000000e+00
100 145 1.038570e-03 1.307482e-03 3 3 0 3 -1.687628e-14 0.000000e+00
100 146 1.038570e-03 1.646023e-03 3 3 0 3 -7.541470e-15 0.000000e+00
100 147 1.038570e-03 2.072220e-03 3 3 0 3 6.765744e-15 0.000000e+00
100 148 1.038570e-03 2.608770e-03 3 3 0 3 1.700219e-14 0.000000e+00
100 149 1.038570e-03 3.284247e-03 3 3 0 3 2.223999e-14 0.000000e+00
100 150 1.038570e-03 4.134622e-03 3 3 0 3 2.378392e-14 0.000000e+00
100 151 1.038570e-03 5.205181e-03 3 3 0 3 2.313523e-14 0.000000e+00
100 152 1.038570e-03 6.552935e-03 3 3 0 3 2.144523e-14 0.000000e+00
100 153 1.038570e-03 8.249656e-03 3 3 0 3 1.946587e-14 0.000000e+00
101 143 1.307482e-03 8.249656e-04 3 3 0 3 1.793567e-16 0.000000e+00
101 144 1.307482e-03 1.038570e-03 3 3 0 3 4.307136e-16 0.000000e+00
101 145 1.307482e-03 1.307482e-03 3 3 0 3 -5.018068e-15 0.000000e+00
101 146 1.307482e-03 1.646023e-03 3 3 0 3 -1.629734e-14 0.000000e+00
101 147 1.307482e-03 2.072220e-03 3 3 0 3 -7.251131e-15 0.000000e+00
101 148 1.307482e-03 2.608770e-03 3 3 0 3 6.038025e-15 0.000000e+00
101 149 1.307482e-03 3.284247e-03 3 3 0 3 1.514332e-14 0.000000e+00
101 150 1.307482e-03 4.134622e-03 3 3 0 3 1.956665e-14 0.000000e+00
101 151 1.307482e-03 5.205181e-03 3 3 0 3 2.073745e-14 0.000000e+00
101 152 1.307482e-03 6.552935e-03 3 3 0 3 2.011022e-14 0.000000e+00
101 153 1.307482e-03 8.249656e-03 3 3 0 3 1.872575e-14 0.000000e+00
102 143 1.646023e-03 8.249656e-04 3 3 0 3 8.031147e-17 0.000000e+00
102 144 1.646023e-03 1.038570e-03 3 3 0 3 2.198047e-16 0.000000e+00
102 145 1.646023e-03 1.307482e-03 3 3 0 3 6.034506e-16 0.000000e+00
102 146 1.646023e-03 1.646023e-03 3 3 0 3 -4.468103e-15 0.000000e+00
102 147 1.646023e-03 2.072220e-03 3 3 0 3 -1.545705e-14 0.000000e+00
102 148 1.646023e-03 2.608770e-03 3 3 0 3 -6.801432e-15 0.000000e+00
102 149 1.646023e-03 3.284247e-03 3 3 0 3 5.352567e-15 0.000000e+00
102 150 1.646023e-03 4.134622e-03 3 3 0 3 1.335121e-14 0.000000e+00
102 151 1.646023e-03 5.205181e-03 3 3 0 3 1.708936e-14 0.000000e+00
102 152 1.646023e-03 6.552935e-03 3 3 0 3 1.804477e-14 0.000000e+00
102 153 1.646023e-03 8.249656e-03 3 3 0 3 1.756993e-14 0.000000e+00
103 143 2.072220e-03 8.249656e-04 3 3 0 3 3.274683e-17 0.000000e+00
103 144 2.072220e-03 1.038570e-03 3 3 0 3 8.778712e-17 0.000000e+00
103 145 2.072220e-03 1.307482e-03 3 3 0 3 2.498463e-16 0.000000e+00
103 146 2.072220e-03 1.646023e-03 3 3 0 3 7.483856e-16 0.000000e+00
103 147 2.072220e-03 2.072220e-03 3 3 0 3 -3.868982e-15 0.000000e+00
103 148 2.072220e-03 2.608770e-03 3 3 0 3 -1.439419e-14 0.000000e+00
103 149 2.072220e-03 3.284247e-03 3 3 0 3 -6.221456e-15 0.000000e+00
103 150 2.072220e-03 4.134622e-03 3 3 0 3 4.733807e-15 0.000000e+00
103 151 2.072220e-03 5.205181e-03 3 3 0 3 1.170062e-14 0.000000e+00
103 152 2.072220e-03 6.552935e-03 3 3 0 3 1.490012e-14 0.000000e+00
103 153 2.072220e-03 8.249656e-03 3 3 0 3 1.578193e-14 0.000000e+00
104 143 2.608770e-03 8.249656e-04 3 3 0 3 1.285622e-17 0.000000e+00
104 144 2.608770e-03 1.038570e-03 3 3 0 3 3.262537e-17 0.000000e+00
104 145 2.608770e-03 1.307482e-03 3 3 0 3 9.006137e-17 0.000000e+00
104 146 2.608770e-03 1.646023e-03 3 3 0 3 2.639655e-16 0.000000e+00
104 147 2.608770e-03 2.072220e-03 3 3 0 3 8.519077e-16 0.000000e+00
104 148 2.608770e-03 2.608770e-03 3 3 0 3 -3.258090e-15 0.000000e+00
104 149 2.608770e-03 3.284247e-03 3 3 0 3 -1.316564e-14 0.000000e+00
104 150 2.608770e-03 4.134622e-03 3 3 0 3 -5.552010e-15 0.000000e+00
104 151 2.608770e-03 5.205181e-03 3 3 0 3 4.197471e-15 0.000000e+00
104 152 2.608770e-03 6.552935e-03 3 3 0 3 1.024855e-14 0.000000e+00
104 153 2.608770e-03 8.249656e-03 3 3 0 3 1.305955e-14 0.000000e+00
105 143 3.284247e-03 8.249656e-04 3 3 0 3 4.939290e-18 0.000000e+00
105 144 3.284247e-03 1.038570e-03 3 3 0 3 1.138805e-17 0.000000e+00
105 145 3.284247e-03 1.307482e-03 3 3 0 3 3.082570e-17 0.000000e+00
105 146 3.284247e-03 1.646023e-03 3 3 0 3 8.654960e-17 0.000000e+00
105 147 3.284247e-03 2.072220e-03 3 3 0 3 2.610774e-16 0.000000e+00
105 148 3.284247e-03 2.608770e-03 3 3 0 3 9.054943e-16 0.000000e+00
105 149 3.284247e-03 3.284247e-03 3 3 0 3 -2.673788e-15 0.000000e+00
105 150 3.284247e-03 4.134622e-03 3 3 0 3 -1.184023e-14 0.000000e+00
105 151 3.284247e-03 5.205181e-03 3 3 0 3 -4.840225e-15 0.000000e+00
105 152 3.284247e-03 6.552935e-03 3 3 0 3 3.752149e-15 0.000000e+00
105 153 3.284247e-03 8.249656e-03 3 3 0 3 9.031647e-15 0.000000e+00
106 143 4.134622e-03 8.249656e-04 3 3 0 3 2.054403e-18 0.000000e+00
106 144 4.134622e-03 1.038570e-03 3 3 0 3 3.761457e-18 0.000000e+00
106 145 4.134622e-03 1.307482e-03 3 3 0 3 1.007555e-17 0.000000e+00
106 146 4.134622e-03 1.646023e-03 3 3 0 3 2.751273e-17 0.000000e+00
106 147 4.134622e-03 2.072220e-03 3 3 0 3 7.801611e-17 0.000000e+00
106 148 4.134622e-03 2.608770e-03 3 3 0 3 2.427869e-16 0.000000e+00
106 149 4.134622e-03 3.284247e-03 3 3 0 3 9.059843e-16 0.000000e+00
106 150 4.134622e-03 4.134622e-03 3 3 0 3 -2.149792e-15 0.000000e+00
106 151 4.134622e-03 5.205181e-03 3 3 0 3 -1.049016e-14 0.000000e+00
106 152 4.134622e-03 6.552935e-03 3 3 0 3 -4.132480e-15 0.000000e+00
106 153 4.134622e-03 8.249656e-03 3 3 0 3 3.399638e-15 0.000000e+00
107 143 5.205181e-03 8.249656e-04 3 3 0 3 9.772829e-19 0.000000e+00
107 144 5.205181e-03 1.038570e-03 3 3 0 3 1.093065e-18 0.000000e+00
107 145 5.205181e-03 1.307482e-03 3 3 0 3 3.051576e-18 0.000000e+00
107 146 5.205181e-03 1.646023e-03 3 3 0 3 8.376199e-18 0.000000e+00
107 147 5.205181e-03 2.072220e-03 3 3 0 3 2.275789e-17 0.000000e+00
107 148 5.205181e-03 2.608770e-03 3 3 0 3 6.597807e-17 0.000000e+00
107 149 5.205181e-03 3.284247e-03 3 3 0 3 2.124165e-16 0.000000e+00
107 150 5.205181e-03 4.134622e-03 3 3 0 3 8.573457e-16 0.000000e+00
107 151 5.205181e-03 5.205181e-03 3 3 0 3 -1.710756e-15 0.000000e+00
107 152 5.205181e-03 6.552935e-03 3 3 0 3 -9.183726e-15 0.000000e+00
107 153 5.205181e-03 8.249656e-03 3 3 0 3 -3.469334e-15 0.000000e+00
108 143 6.552935e-03 8.249656e-04 3 3 0 3 6.821704e-19 0.000000e+00
108 144 6.552935e-03 1.038570e-03 3 3 0 3 2.294695e-19 0.000000e+00
108 145 6.552935e-03 1.307482e-03 3 3 0 3 8.563259e-19 0.000000e+00
108 146 6.552935e-03 1.646023e-03 3 3 0 3 2.457791e-18 0.000000e+00
108 147 6.552935e-03 2.072220e-03 3 3 0 3 6.398796e-18 0.000000e+00
108 148 6.552935e-03 2.608770e-03 3 3 0 3 1.772183e-17 0.000000e+00
108 149 6.552935e-03 3.284247e-03 3 3 0 3 5.227400e-17 0.000000e+00
108 150 6.552935e-03 4.134622e-03 3 3 0 3 1.745538e-16 0.000000e+00
108 151 6.552935e-03 5.205181e-03 3 3 0 3 7.686701e-16 0.000000e+00
108 152 6.552935e-03 6.552935e-03 3 3 0 3 -1.370833e-15 0.000000e+00
108 153 6.552935e-03 8.249656e-03 3 3 0 3 -7.978779e-15 0.000000e+00
109 143 8.249656e-03 8.249656e-04 3 3 0 3 5.528464e-19 0.000000e+00
109 144 8.249656e-03 1.038570e-03 3 3 0 3 -3.743503e-20 0.000000e+00
109 145 8.249656e-03 1.307482e-03 3 3 0 3 1.731523e-19 0.000000e+00
109 146 8.249656e-03 1.646023e-03 3 3 0 3 6.583032e-19 0.000000e+00
109 147 8.249656e-03 2.072220e-03 3 3 0 3 1.643976e-18 0.000000e+00
109 148 8.249656e-03 2.608770e-03 3 3 0 3 4.453635e-18 0.000000e+00
109 149 8.249656e-03 3.284247e-03 3 3 0 3 1.257258e-17 0.000000e+00
109 150 8.249656e-03 4.134622e-03 3 3 0 3 3.819947e-17 0.000000e+00
109 151 8.249656e-03 5.205181e-03 3 3 0 3 1.336922e-16 0.000000e+00
109 152 8.249656e-03 6.552935e-03 3 3 0 3 6.524217e-16 0.000000e+00
109 153 8.249656e-03 8.249656e-03 3 3 0 3 -1.133141e-15 0.000000e+00
