# Please cite the following papers in research using this covariance:
# arXiv: 1601.05779, https://arxiv.org/abs/1601.05779
# arXiv: 1911.11947, https://arxiv.org/abs/1911.11947
# arXiv: 2004.04833, https://arxiv.org/abs/2004.04833
# arXiv: 1804.10663, https://arxiv.org/abs/1804.10663
########################################################
33 88 8.249656e-04 8.249656e-04 0 3 2 3 2.042451e-13 0.000000e+00
33 89 8.249656e-04 1.038570e-03 0 3 2 3 1.898501e-13 0.000000e+00
33 90 8.249656e-04 1.307482e-03 0 3 2 3 1.733139e-13 0.000000e+00
33 91 8.249656e-04 1.646023e-03 0 3 2 3 1.590194e-13 0.000000e+00
33 92 8.249656e-04 2.072220e-03 0 3 2 3 1.468357e-13 0.000000e+00
33 93 8.249656e-04 2.608770e-03 0 3 2 3 1.363822e-13 0.000000e+00
33 94 8.249656e-04 3.284247e-03 0 3 2 3 1.272373e-13 0.000000e+00
33 95 8.249656e-04 4.134622e-03 0 3 2 3 1.189891e-13 0.000000e+00
33 96 8.249656e-04 5.205181e-03 0 3 2 3 1.112578e-13 0.000000e+00
33 97 8.249656e-04 6.552935e-03 0 3 2 3 1.037098e-13 0.000000e+00
33 98 8.249656e-04 8.249656e-03 0 3 2 3 9.606822e-14 0.000000e+00
34 88 1.038570e-03 8.249656e-04 0 3 2 3 1.898501e-13 0.000000e+00
34 89 1.038570e-03 1.038570e-03 0 3 2 3 1.892701e-13 0.000000e+00
34 90 1.038570e-03 1.307482e-03 0 3 2 3 1.756480e-13 0.000000e+00
34 91 1.038570e-03 1.646023e-03 0 3 2 3 1.603831e-13 0.000000e+00
34 92 1.038570e-03 2.072220e-03 0 3 2 3 1.475507e-13 0.000000e+00
34 93 1.038570e-03 2.608770e-03 0 3 2 3 1.367287e-13 0.000000e+00
34 94 1.038570e-03 3.284247e-03 0 3 2 3 1.273890e-13 0.000000e+00
34 95 1.038570e-03 4.134622e-03 0 3 2 3 1.190446e-13 0.000000e+00
34 96 1.038570e-03 5.205181e-03 0 3 2 3 1.112700e-13 0.000000e+00
34 97 1.038570e-03 6.552935e-03 0 3 2 3 1.037053e-13 0.000000e+00
34 98 1.038570e-03 8.249656e-03 0 3 2 3 9.605945e-14 0.000000e+00
35 88 1.307482e-03 8.249656e-04 0 3 2 3 1.733139e-13 0.000000e+00
35 89 1.307482e-03 1.038570e-03 0 3 2 3 1.756480e-13 0.000000e+00
35 90 1.307482e-03 1.307482e-03 0 3 2 3 1.756037e-13 0.000000e+00
35 91 1.307482e-03 1.646023e-03 0 3 2 3 1.627929e-13 0.000000e+00
35 92 1.307482e-03 2.072220e-03 0 3 2 3 1.488120e-13 0.000000e+00
35 93 1.307482e-03 2.608770e-03 0 3 2 3 1.373278e-13 0.000000e+00
35 94 1.307482e-03 3.284247e-03 0 3 2 3 1.276474e-13 0.000000e+00
35 95 1.307482e-03 4.134622e-03 0 3 2 3 1.191389e-13 0.000000e+00
35 96 1.307482e-03 5.205181e-03 0 3 2 3 1.112916e-13 0.000000e+00
35 97 1.307482e-03 6.552935e-03 0 3 2 3 1.036991e-13 0.000000e+00
35 98 1.307482e-03 8.249656e-03 0 3 2 3 9.604602e-14 0.000000e+00
36 88 1.646023e-03 8.249656e-04 0 3 2 3 1.590194e-13 0.000000e+00
36 89 1.646023e-03 1.038570e-03 0 3 2 3 1.603831e-13 0.000000e+00
36 90 1.646023e-03 1.307482e-03 0 3 2 3 1.627929e-13 0.000000e+00
36 91 1.646023e-03 1.646023e-03 0 3 2 3 1.631645e-13 0.000000e+00
36 92 1.646023e-03 2.072220e-03 0 3 2 3 1.511665e-13 0.000000e+00
36 93 1.646023e-03 2.608770e-03 0 3 2 3 1.384215e-13 0.000000e+00
36 94 1.646023e-03 3.284247e-03 0 3 2 3 1.281069e-13 0.000000e+00
36 95 1.646023e-03 4.134622e-03 0 3 2 3 1.193047e-13 0.000000e+00
36 96 1.646023e-03 5.205181e-03 0 3 2 3 1.113309e-13 0.000000e+00
36 97 1.646023e-03 6.552935e-03 0 3 2 3 1.036907e-13 0.000000e+00
36 98 1.646023e-03 8.249656e-03 0 3 2 3 9.602507e-14 0.000000e+00
37 88 2.072220e-03 8.249656e-04 0 3 2 3 1.468357e-13 0.000000e+00
37 89 2.072220e-03 1.038570e-03 0 3 2 3 1.475507e-13 0.000000e+00
37 90 2.072220e-03 1.307482e-03 0 3 2 3 1.488120e-13 0.000000e+00
37 91 2.072220e-03 1.646023e-03 0 3 2 3 1.511665e-13 0.000000e+00
37 92 2.072220e-03 2.072220e-03 0 3 2 3 1.518123e-13 0.000000e+00
37 93 2.072220e-03 2.608770e-03 0 3 2 3 1.405986e-13 0.000000e+00
37 94 2.072220e-03 3.284247e-03 0 3 2 3 1.289853e-13 0.000000e+00
37 95 2.072220e-03 4.134622e-03 0 3 2 3 1.196141e-13 0.000000e+00
37 96 2.072220e-03 5.205181e-03 0 3 2 3 1.114070e-13 0.000000e+00
37 97 2.072220e-03 6.552935e-03 0 3 2 3 1.036813e-13 0.000000e+00
37 98 2.072220e-03 8.249656e-03 0 3 2 3 9.599280e-14 0.000000e+00
38 88 2.608770e-03 8.249656e-04 0 3 2 3 1.363822e-13 0.000000e+00
38 89 2.608770e-03 1.038570e-03 0 3 2 3 1.367287e-13 0.000000e+00
38 90 2.608770e-03 1.307482e-03 0 3 2 3 1.373278e-13 0.000000e+00
38 91 2.608770e-03 1.646023e-03 0 3 2 3 1.384215e-13 0.000000e+00
38 92 2.608770e-03 2.072220e-03 0 3 2 3 1.405986e-13 0.000000e+00
38 93 2.608770e-03 2.608770e-03 0 3 2 3 1.413673e-13 0.000000e+00
38 94 2.608770e-03 3.284247e-03 0 3 2 3 1.308820e-13 0.000000e+00
38 95 2.608770e-03 4.134622e-03 0 3 2 3 1.202502e-13 0.000000e+00
38 96 2.608770e-03 5.205181e-03 0 3 2 3 1.115685e-13 0.000000e+00
38 97 2.608770e-03 6.552935e-03 0 3 2 3 1.036774e-13 0.000000e+00
38 98 2.608770e-03 8.249656e-03 0 3 2 3 9.594437e-14 0.000000e+00
39 88 3.284247e-03 8.249656e-04 0 3 2 3 1.272373e-13 0.000000e+00
39 89 3.284247e-03 1.038570e-03 0 3 2 3 1.273890e-13 0.000000e+00
39 90 3.284247e-03 1.307482e-03 0 3 2 3 1.276474e-13 0.000000e+00
39 91 3.284247e-03 1.646023e-03 0 3 2 3 1.281069e-13 0.000000e+00
39 92 3.284247e-03 2.072220e-03 0 3 2 3 1.289853e-13 0.000000e+00
39 93 3.284247e-03 2.608770e-03 0 3 2 3 1.308820e-13 0.000000e+00
39 94 3.284247e-03 3.284247e-03 0 3 2 3 1.316246e-13 0.000000e+00
39 95 3.284247e-03 4.134622e-03 0 3 2 3 1.217904e-13 0.000000e+00
39 96 3.284247e-03 5.205181e-03 0 3 2 3 1.119564e-13 0.000000e+00
39 97 3.284247e-03 6.552935e-03 0 3 2 3 1.037040e-13 0.000000e+00
39 98 3.284247e-03 8.249656e-03 0 3 2 3 9.587528e-14 0.000000e+00
40 88 4.134622e-03 8.249656e-04 0 3 2 3 1.189891e-13 0.000000e+00
40 89 4.134622e-03 1.038570e-03 0 3 2 3 1.190446e-13 0.000000e+00
40 90 4.134622e-03 1.307482e-03 0 3 2 3 1.191389e-13 0.000000e+00
40 91 4.134622e-03 1.646023e-03 0 3 2 3 1.193047e-13 0.000000e+00
40 92 4.134622e-03 2.072220e-03 0 3 2 3 1.196141e-13 0.000000e+00
40 93 4.134622e-03 2.608770e-03 0 3 2 3 1.202502e-13 0.000000e+00
40 94 4.134622e-03 3.284247e-03 0 3 2 3 1.217904e-13 0.000000e+00
40 95 4.134622e-03 4.134622e-03 0 3 2 3 1.223719e-13 0.000000e+00
40 96 4.134622e-03 5.205181e-03 0 3 2 3 1.130959e-13 0.000000e+00
40 97 4.134622e-03 6.552935e-03 0 3 2 3 1.038573e-13 0.000000e+00
40 98 4.134622e-03 8.249656e-03 0 3 2 3 9.578965e-14 0.000000e+00
41 88 5.205181e-03 8.249656e-04 0 3 2 3 1.112578e-13 0.000000e+00
41 89 5.205181e-03 1.038570e-03 0 3 2 3 1.112700e-13 0.000000e+00
41 90 5.205181e-03 1.307482e-03 0 3 2 3 1.112916e-13 0.000000e+00
41 91 5.205181e-03 1.646023e-03 0 3 2 3 1.113309e-13 0.000000e+00
41 92 5.205181e-03 2.072220e-03 0 3 2 3 1.114070e-13 0.000000e+00
41 93 5.205181e-03 2.608770e-03 0 3 2 3 1.115685e-13 0.000000e+00
41 94 5.205181e-03 3.284247e-03 0 3 2 3 1.119564e-13 0.000000e+00
41 95 5.205181e-03 4.134622e-03 0 3 2 3 1.130959e-13 0.000000e+00
41 96 5.205181e-03 5.205181e-03 0 3 2 3 1.134051e-13 0.000000e+00
41 97 5.205181e-03 6.552935e-03 0 3 2 3 1.045862e-13 0.000000e+00
41 98 5.205181e-03 8.249656e-03 0 3 2 3 9.573984e-14 0.000000e+00
42 88 6.552935e-03 8.249656e-04 0 3 2 3 1.037098e-13 0.000000e+00
42 89 6.552935e-03 1.038570e-03 0 3 2 3 1.037053e-13 0.000000e+00
42 90 6.552935e-03 1.307482e-03 0 3 2 3 1.036991e-13 0.000000e+00
42 91 6.552935e-03 1.646023e-03 0 3 2 3 1.036907e-13 0.000000e+00
42 92 6.552935e-03 2.072220e-03 0 3 2 3 1.036813e-13 0.000000e+00
42 93 6.552935e-03 2.608770e-03 0 3 2 3 1.036774e-13 0.000000e+00
42 94 6.552935e-03 3.284247e-03 0 3 2 3 1.037040e-13 0.000000e+00
42 95 6.552935e-03 4.134622e-03 0 3 2 3 1.038573e-13 0.000000e+00
42 96 6.552935e-03 5.205181e-03 0 3 2 3 1.045862e-13 0.000000e+00
42 97 6.552935e-03 6.552935e-03 0 3 2 3 1.045441e-13 0.000000e+00
42 98 6.552935e-03 8.249656e-03 0 3 2 3 9.608176e-14 0.000000e+00
43 88 8.249656e-03 8.249656e-04 0 3 2 3 9.606822e-14 0.000000e+00
43 89 8.249656e-03 1.038570e-03 0 3 2 3 9.605945e-14 0.000000e+00
43 90 8.249656e-03 1.307482e-03 0 3 2 3 9.604602e-14 0.000000e+00
43 91 8.249656e-03 1.646023e-03 0 3 2 3 9.602507e-14 0.000000e+00
43 92 8.249656e-03 2.072220e-03 0 3 2 3 9.599280e-14 0.000000e+00
43 93 8.249656e-03 2.608770e-03 0 3 2 3 9.594437e-14 0.000000e+00
43 94 8.249656e-03 3.284247e-03 0 3 2 3 9.587528e-14 0.000000e+00
43 95 8.249656e-03 4.134622e-03 0 3 2 3 9.578965e-14 0.000000e+00
43 96 8.249656e-03 5.205181e-03 0 3 2 3 9.573984e-14 0.000000e+00
43 97 8.249656e-03 6.552935e-03 0 3 2 3 9.608176e-14 0.000000e+00
43 98 8.249656e-03 8.249656e-03 0 3 2 3 9.564821e-14 0.000000e+00
