# Please cite the following papers in research using this covariance:
# arXiv: 1601.05779, https://arxiv.org/abs/1601.05779
# arXiv: 1911.11947, https://arxiv.org/abs/1911.11947
# arXiv: 2004.04833, https://arxiv.org/abs/2004.04833
# arXiv: 1804.10663, https://arxiv.org/abs/1804.10663
########################################################
77 88 8.249656e-04 8.249656e-04 2 2 2 3 6.676585e-13 0.000000e+00
77 89 8.249656e-04 1.038570e-03 2 2 2 3 5.950323e-13 0.000000e+00
77 90 8.249656e-04 1.307482e-03 2 2 2 3 5.171006e-13 0.000000e+00
77 91 8.249656e-04 1.646023e-03 2 2 2 3 4.566307e-13 0.000000e+00
77 92 8.249656e-04 2.072220e-03 2 2 2 3 4.093006e-13 0.000000e+00
77 93 8.249656e-04 2.608770e-03 2 2 2 3 3.711504e-13 0.000000e+00
77 94 8.249656e-04 3.284247e-03 2 2 2 3 3.391861e-13 0.000000e+00
77 95 8.249656e-04 4.134622e-03 2 2 2 3 3.112045e-13 0.000000e+00
77 96 8.249656e-04 5.205181e-03 2 2 2 3 2.855996e-13 0.000000e+00
77 97 8.249656e-04 6.552935e-03 2 2 2 3 2.612185e-13 0.000000e+00
77 98 8.249656e-04 8.249656e-03 2 2 2 3 2.372608e-13 0.000000e+00
78 88 1.038570e-03 8.249656e-04 2 2 2 3 5.950323e-13 0.000000e+00
78 89 1.038570e-03 1.038570e-03 2 2 2 3 6.005911e-13 0.000000e+00
78 90 1.038570e-03 1.307482e-03 2 2 2 3 5.337065e-13 0.000000e+00
78 91 1.038570e-03 1.646023e-03 2 2 2 3 4.646574e-13 0.000000e+00
78 92 1.038570e-03 2.072220e-03 2 2 2 3 4.129533e-13 0.000000e+00
78 93 1.038570e-03 2.608770e-03 2 2 2 3 3.727474e-13 0.000000e+00
78 94 1.038570e-03 3.284247e-03 2 2 2 3 3.398487e-13 0.000000e+00
78 95 1.038570e-03 4.134622e-03 2 2 2 3 3.114575e-13 0.000000e+00
78 96 1.038570e-03 5.205181e-03 2 2 2 3 2.856822e-13 0.000000e+00
78 97 1.038570e-03 6.552935e-03 2 2 2 3 2.612360e-13 0.000000e+00
78 98 1.038570e-03 8.249656e-03 2 2 2 3 2.372575e-13 0.000000e+00
79 88 1.307482e-03 8.249656e-04 2 2 2 3 5.171006e-13 0.000000e+00
79 89 1.307482e-03 1.038570e-03 2 2 2 3 5.337065e-13 0.000000e+00
79 90 1.307482e-03 1.307482e-03 2 2 2 3 5.415269e-13 0.000000e+00
79 91 1.307482e-03 1.646023e-03 2 2 2 3 4.803771e-13 0.000000e+00
79 92 1.307482e-03 2.072220e-03 2 2 2 3 4.197640e-13 0.000000e+00
79 93 1.307482e-03 2.608770e-03 2 2 2 3 3.755912e-13 0.000000e+00
79 94 1.307482e-03 3.284247e-03 2 2 2 3 3.409920e-13 0.000000e+00
79 95 1.307482e-03 4.134622e-03 2 2 2 3 3.118858e-13 0.000000e+00
79 96 1.307482e-03 5.205181e-03 2 2 2 3 2.858210e-13 0.000000e+00
79 97 1.307482e-03 6.552935e-03 2 2 2 3 2.612663e-13 0.000000e+00
79 98 1.307482e-03 8.249656e-03 2 2 2 3 2.372533e-13 0.000000e+00
80 88 1.646023e-03 8.249656e-04 2 2 2 3 4.566307e-13 0.000000e+00
80 89 1.646023e-03 1.038570e-03 2 2 2 3 4.646574e-13 0.000000e+00
80 90 1.646023e-03 1.307482e-03 2 2 2 3 4.803771e-13 0.000000e+00
80 91 1.646023e-03 1.646023e-03 2 2 2 3 4.895549e-13 0.000000e+00
80 92 1.646023e-03 2.072220e-03 2 2 2 3 4.339807e-13 0.000000e+00
80 93 1.646023e-03 2.608770e-03 2 2 2 3 3.810791e-13 0.000000e+00
80 94 1.646023e-03 3.284247e-03 2 2 2 3 3.430751e-13 0.000000e+00
80 95 1.646023e-03 4.134622e-03 2 2 2 3 3.126391e-13 0.000000e+00
80 96 1.646023e-03 5.205181e-03 2 2 2 3 2.860611e-13 0.000000e+00
80 97 1.646023e-03 6.552935e-03 2 2 2 3 2.613195e-13 0.000000e+00
80 98 1.646023e-03 8.249656e-03 2 2 2 3 2.372479e-13 0.000000e+00
81 88 2.072220e-03 8.249656e-04 2 2 2 3 4.093006e-13 0.000000e+00
81 89 2.072220e-03 1.038570e-03 2 2 2 3 4.129533e-13 0.000000e+00
81 90 2.072220e-03 1.307482e-03 2 2 2 3 4.197640e-13 0.000000e+00
81 91 2.072220e-03 1.646023e-03 2 2 2 3 4.339807e-13 0.000000e+00
81 92 2.072220e-03 2.072220e-03 2 2 2 3 4.436456e-13 0.000000e+00
81 93 2.072220e-03 2.608770e-03 2 2 2 3 3.933776e-13 0.000000e+00
81 94 2.072220e-03 3.284247e-03 2 2 2 3 3.472592e-13 0.000000e+00
81 95 2.072220e-03 4.134622e-03 2 2 2 3 3.140546e-13 0.000000e+00
81 96 2.072220e-03 5.205181e-03 2 2 2 3 2.864980e-13 0.000000e+00
81 97 2.072220e-03 6.552935e-03 2 2 2 3 2.614178e-13 0.000000e+00
81 98 2.072220e-03 8.249656e-03 2 2 2 3 2.372425e-13 0.000000e+00
82 88 2.608770e-03 8.249656e-04 2 2 2 3 3.711504e-13 0.000000e+00
82 89 2.608770e-03 1.038570e-03 2 2 2 3 3.727474e-13 0.000000e+00
82 90 2.608770e-03 1.307482e-03 2 2 2 3 3.755912e-13 0.000000e+00
82 91 2.608770e-03 1.646023e-03 2 2 2 3 3.810791e-13 0.000000e+00
82 92 2.608770e-03 2.072220e-03 2 2 2 3 3.933776e-13 0.000000e+00
82 93 2.608770e-03 2.608770e-03 2 2 2 3 4.027614e-13 0.000000e+00
82 94 2.608770e-03 3.284247e-03 2 2 2 3 3.574309e-13 0.000000e+00
82 95 2.608770e-03 4.134622e-03 2 2 2 3 3.170466e-13 0.000000e+00
82 96 2.608770e-03 5.205181e-03 2 2 2 3 2.873621e-13 0.000000e+00
82 97 2.608770e-03 6.552935e-03 2 2 2 3 2.616139e-13 0.000000e+00
82 98 2.608770e-03 8.249656e-03 2 2 2 3 2.372432e-13 0.000000e+00
83 88 3.284247e-03 8.249656e-04 2 2 2 3 3.391861e-13 0.000000e+00
83 89 3.284247e-03 1.038570e-03 2 2 2 3 3.398487e-13 0.000000e+00
83 90 3.284247e-03 1.307482e-03 2 2 2 3 3.409920e-13 0.000000e+00
83 91 3.284247e-03 1.646023e-03 2 2 2 3 3.430751e-13 0.000000e+00
83 92 3.284247e-03 2.072220e-03 2 2 2 3 3.472592e-13 0.000000e+00
83 93 3.284247e-03 2.608770e-03 2 2 2 3 3.574309e-13 0.000000e+00
83 94 3.284247e-03 3.284247e-03 2 2 2 3 3.659119e-13 0.000000e+00
83 95 3.284247e-03 4.134622e-03 2 2 2 3 3.250690e-13 0.000000e+00
83 96 3.284247e-03 5.205181e-03 2 2 2 3 2.893319e-13 0.000000e+00
83 97 3.284247e-03 6.552935e-03 2 2 2 3 2.620494e-13 0.000000e+00
83 98 3.284247e-03 8.249656e-03 2 2 2 3 2.372707e-13 0.000000e+00
84 88 4.134622e-03 8.249656e-04 2 2 2 3 3.112045e-13 0.000000e+00
84 89 4.134622e-03 1.038570e-03 2 2 2 3 3.114575e-13 0.000000e+00
84 90 4.134622e-03 1.307482e-03 2 2 2 3 3.118858e-13 0.000000e+00
84 91 4.134622e-03 1.646023e-03 2 2 2 3 3.126391e-13 0.000000e+00
84 92 4.134622e-03 2.072220e-03 2 2 2 3 3.140546e-13 0.000000e+00
84 93 4.134622e-03 2.608770e-03 2 2 2 3 3.170466e-13 0.000000e+00
84 94 4.134622e-03 3.284247e-03 2 2 2 3 3.250690e-13 0.000000e+00
84 95 4.134622e-03 4.134622e-03 2 2 2 3 3.321973e-13 0.000000e+00
84 96 4.134622e-03 5.205181e-03 2 2 2 3 2.953337e-13 0.000000e+00
84 97 4.134622e-03 6.552935e-03 2 2 2 3 2.631943e-13 0.000000e+00
84 98 4.134622e-03 8.249656e-03 2 2 2 3 2.373987e-13 0.000000e+00
85 88 5.205181e-03 8.249656e-04 2 2 2 3 2.855996e-13 0.000000e+00
85 89 5.205181e-03 1.038570e-03 2 2 2 3 2.856822e-13 0.000000e+00
85 90 5.205181e-03 1.307482e-03 2 2 2 3 2.858210e-13 0.000000e+00
85 91 5.205181e-03 1.646023e-03 2 2 2 3 2.860611e-13 0.000000e+00
85 92 5.205181e-03 2.072220e-03 2 2 2 3 2.864980e-13 0.000000e+00
85 93 5.205181e-03 2.608770e-03 2 2 2 3 2.873621e-13 0.000000e+00
85 94 5.205181e-03 3.284247e-03 2 2 2 3 2.893319e-13 0.000000e+00
85 95 5.205181e-03 4.134622e-03 2 2 2 3 2.953337e-13 0.000000e+00
85 96 5.205181e-03 5.205181e-03 2 2 2 3 3.008355e-13 0.000000e+00
85 97 5.205181e-03 6.552935e-03 2 2 2 3 2.674120e-13 0.000000e+00
85 98 5.205181e-03 8.249656e-03 2 2 2 3 2.379246e-13 0.000000e+00
86 88 6.552935e-03 8.249656e-04 2 2 2 3 2.612185e-13 0.000000e+00
86 89 6.552935e-03 1.038570e-03 2 2 2 3 2.612360e-13 0.000000e+00
86 90 6.552935e-03 1.307482e-03 2 2 2 3 2.612663e-13 0.000000e+00
86 91 6.552935e-03 1.646023e-03 2 2 2 3 2.613195e-13 0.000000e+00
86 92 6.552935e-03 2.072220e-03 2 2 2 3 2.614178e-13 0.000000e+00
86 93 6.552935e-03 2.608770e-03 2 2 2 3 2.616139e-13 0.000000e+00
86 94 6.552935e-03 3.284247e-03 2 2 2 3 2.620494e-13 0.000000e+00
86 95 6.552935e-03 4.134622e-03 2 2 2 3 2.631943e-13 0.000000e+00
86 96 6.552935e-03 5.205181e-03 2 2 2 3 2.674120e-13 0.000000e+00
86 97 6.552935e-03 6.552935e-03 2 2 2 3 2.711825e-13 0.000000e+00
86 98 6.552935e-03 8.249656e-03 2 2 2 3 2.406643e-13 0.000000e+00
87 88 8.249656e-03 8.249656e-04 2 2 2 3 2.372608e-13 0.000000e+00
87 89 8.249656e-03 1.038570e-03 2 2 2 3 2.372575e-13 0.000000e+00
87 90 8.249656e-03 1.307482e-03 2 2 2 3 2.372533e-13 0.000000e+00
87 91 8.249656e-03 1.646023e-03 2 2 2 3 2.372479e-13 0.000000e+00
87 92 8.249656e-03 2.072220e-03 2 2 2 3 2.372425e-13 0.000000e+00
87 93 8.249656e-03 2.608770e-03 2 2 2 3 2.372432e-13 0.000000e+00
87 94 8.249656e-03 3.284247e-03 2 2 2 3 2.372707e-13 0.000000e+00
87 95 8.249656e-03 4.134622e-03 2 2 2 3 2.373987e-13 0.000000e+00
87 96 8.249656e-03 5.205181e-03 2 2 2 3 2.379246e-13 0.000000e+00
87 97 8.249656e-03 6.552935e-03 2 2 2 3 2.406643e-13 0.000000e+00
87 98 8.249656e-03 8.249656e-03 2 2 2 3 2.427515e-13 0.000000e+00
