# Please cite the following papers in research using this covariance:
# arXiv: 1601.05779, https://arxiv.org/abs/1601.05779
# arXiv: 1911.11947, https://arxiv.org/abs/1911.11947
# arXiv: 2004.04833, https://arxiv.org/abs/2004.04833
# arXiv: 1804.10663, https://arxiv.org/abs/1804.10663
########################################################
165 187 8.249656e-04 8.249656e-04 1 2 2 2 2.123397e-14 0.000000e+00
165 188 8.249656e-04 1.038570e-03 1 2 2 2 1.226334e-14 0.000000e+00
165 189 8.249656e-04 1.307482e-03 1 2 2 2 4.629736e-15 0.000000e+00
165 190 8.249656e-04 1.646023e-03 1 2 2 2 1.651542e-15 0.000000e+00
165 191 8.249656e-04 2.072220e-03 1 2 2 2 5.685174e-16 0.000000e+00
165 192 8.249656e-04 2.608770e-03 1 2 2 2 1.904875e-16 0.000000e+00
165 193 8.249656e-04 3.284247e-03 1 2 2 2 6.255271e-17 0.000000e+00
165 194 8.249656e-04 4.134622e-03 1 2 2 2 2.031904e-17 0.000000e+00
165 195 8.249656e-04 5.205181e-03 1 2 2 2 6.572067e-18 0.000000e+00
165 196 8.249656e-04 6.552935e-03 1 2 2 2 2.174277e-18 0.000000e+00
165 197 8.249656e-04 8.249656e-03 1 2 2 2 7.249325e-19 0.000000e+00
166 187 1.038570e-03 8.249656e-04 1 2 2 2 1.226334e-14 0.000000e+00
166 188 1.038570e-03 1.038570e-03 1 2 2 2 2.119498e-14 0.000000e+00
166 189 1.038570e-03 1.307482e-03 1 2 2 2 1.187248e-14 0.000000e+00
166 190 1.038570e-03 1.646023e-03 1 2 2 2 4.284290e-15 0.000000e+00
166 191 1.038570e-03 2.072220e-03 1 2 2 2 1.468785e-15 0.000000e+00
166 192 1.038570e-03 2.608770e-03 1 2 2 2 4.887899e-16 0.000000e+00
166 193 1.038570e-03 3.284247e-03 1 2 2 2 1.594949e-16 0.000000e+00
166 194 1.038570e-03 4.134622e-03 1 2 2 2 5.152762e-17 0.000000e+00
166 195 1.038570e-03 5.205181e-03 1 2 2 2 1.668523e-17 0.000000e+00
166 196 1.038570e-03 6.552935e-03 1 2 2 2 5.455464e-18 0.000000e+00
166 197 1.038570e-03 8.249656e-03 1 2 2 2 1.844819e-18 0.000000e+00
167 187 1.307482e-03 8.249656e-04 1 2 2 2 4.629736e-15 0.000000e+00
167 188 1.307482e-03 1.038570e-03 1 2 2 2 1.187248e-14 0.000000e+00
167 189 1.307482e-03 1.307482e-03 1 2 2 2 2.079032e-14 0.000000e+00
167 190 1.307482e-03 1.646023e-03 1 2 2 2 1.124375e-14 0.000000e+00
167 191 1.307482e-03 2.072220e-03 1 2 2 2 3.861002e-15 0.000000e+00
167 192 1.307482e-03 2.608770e-03 1 2 2 2 1.271625e-15 0.000000e+00
167 193 1.307482e-03 3.284247e-03 1 2 2 2 4.107345e-16 0.000000e+00
167 194 1.307482e-03 4.134622e-03 1 2 2 2 1.315735e-16 0.000000e+00
167 195 1.307482e-03 5.205181e-03 1 2 2 2 4.231753e-17 0.000000e+00
167 196 1.307482e-03 6.552935e-03 1 2 2 2 1.382491e-17 0.000000e+00
167 197 1.307482e-03 8.249656e-03 1 2 2 2 4.690289e-18 0.000000e+00
168 187 1.646023e-03 8.249656e-04 1 2 2 2 1.651542e-15 0.000000e+00
168 188 1.646023e-03 1.038570e-03 1 2 2 2 4.284290e-15 0.000000e+00
168 189 1.646023e-03 1.307482e-03 1 2 2 2 1.124375e-14 0.000000e+00
168 190 1.646023e-03 1.646023e-03 1 2 2 2 2.001818e-14 0.000000e+00
168 191 1.646023e-03 2.072220e-03 1 2 2 2 1.040395e-14 0.000000e+00
168 192 1.646023e-03 2.608770e-03 1 2 2 2 3.389038e-15 0.000000e+00
168 193 1.646023e-03 3.284247e-03 1 2 2 2 1.075575e-15 0.000000e+00
168 194 1.646023e-03 4.134622e-03 1 2 2 2 3.396996e-16 0.000000e+00
168 195 1.646023e-03 5.205181e-03 1 2 2 2 1.081202e-16 0.000000e+00
168 196 1.646023e-03 6.552935e-03 1 2 2 2 3.504868e-17 0.000000e+00
168 197 1.646023e-03 8.249656e-03 1 2 2 2 1.177758e-17 0.000000e+00
169 187 2.072220e-03 8.249656e-04 1 2 2 2 5.685174e-16 0.000000e+00
169 188 2.072220e-03 1.038570e-03 1 2 2 2 1.468785e-15 0.000000e+00
169 189 2.072220e-03 1.307482e-03 1 2 2 2 3.861002e-15 0.000000e+00
169 190 2.072220e-03 1.646023e-03 1 2 2 2 1.040395e-14 0.000000e+00
169 191 2.072220e-03 2.072220e-03 1 2 2 2 1.890212e-14 0.000000e+00
169 192 2.072220e-03 2.608770e-03 1 2 2 2 9.404224e-15 0.000000e+00
169 193 2.072220e-03 3.284247e-03 1 2 2 2 2.904396e-15 0.000000e+00
169 194 2.072220e-03 4.134622e-03 1 2 2 2 8.940725e-16 0.000000e+00
169 195 2.072220e-03 5.205181e-03 1 2 2 2 2.793489e-16 0.000000e+00
169 196 2.072220e-03 6.552935e-03 1 2 2 2 8.951051e-17 0.000000e+00
169 197 2.072220e-03 8.249656e-03 1 2 2 2 2.986984e-17 0.000000e+00
170 187 2.608770e-03 8.249656e-04 1 2 2 2 1.904875e-16 0.000000e+00
170 188 2.608770e-03 1.038570e-03 1 2 2 2 4.887899e-16 0.000000e+00
170 189 2.608770e-03 1.307482e-03 1 2 2 2 1.271625e-15 0.000000e+00
170 190 2.608770e-03 1.646023e-03 1 2 2 2 3.389038e-15 0.000000e+00
170 191 2.608770e-03 2.072220e-03 1 2 2 2 9.404224e-15 0.000000e+00
170 192 2.608770e-03 2.608770e-03 1 2 2 2 1.750102e-14 0.000000e+00
170 193 2.608770e-03 3.284247e-03 1 2 2 2 8.312211e-15 0.000000e+00
170 194 2.608770e-03 4.134622e-03 1 2 2 2 2.441172e-15 0.000000e+00
170 195 2.608770e-03 5.205181e-03 1 2 2 2 7.369979e-16 0.000000e+00
170 196 2.608770e-03 6.552935e-03 1 2 2 2 2.311526e-16 0.000000e+00
170 197 2.608770e-03 8.249656e-03 1 2 2 2 7.601672e-17 0.000000e+00
171 187 3.284247e-03 8.249656e-04 1 2 2 2 6.255271e-17 0.000000e+00
171 188 3.284247e-03 1.038570e-03 1 2 2 2 1.594949e-16 0.000000e+00
171 189 3.284247e-03 1.307482e-03 1 2 2 2 4.107345e-16 0.000000e+00
171 190 3.284247e-03 1.646023e-03 1 2 2 2 1.075575e-15 0.000000e+00
171 191 3.284247e-03 2.072220e-03 1 2 2 2 2.904396e-15 0.000000e+00
171 192 3.284247e-03 2.608770e-03 1 2 2 2 8.312211e-15 0.000000e+00
171 193 3.284247e-03 3.284247e-03 1 2 2 2 1.589855e-14 0.000000e+00
171 194 3.284247e-03 4.134622e-03 1 2 2 2 7.201658e-15 0.000000e+00
171 195 3.284247e-03 5.205181e-03 1 2 2 2 2.026833e-15 0.000000e+00
171 196 3.284247e-03 6.552935e-03 1 2 2 2 6.094333e-16 0.000000e+00
171 197 3.284247e-03 8.249656e-03 1 2 2 2 1.955075e-16 0.000000e+00
172 187 4.134622e-03 8.249656e-04 1 2 2 2 2.031904e-17 0.000000e+00
172 188 4.134622e-03 1.038570e-03 1 2 2 2 5.152762e-17 0.000000e+00
172 189 4.134622e-03 1.307482e-03 1 2 2 2 1.315735e-16 0.000000e+00
172 190 4.134622e-03 1.646023e-03 1 2 2 2 3.396996e-16 0.000000e+00
172 191 4.134622e-03 2.072220e-03 1 2 2 2 8.940725e-16 0.000000e+00
172 192 4.134622e-03 2.608770e-03 1 2 2 2 2.441172e-15 0.000000e+00
172 193 4.134622e-03 3.284247e-03 1 2 2 2 7.201658e-15 0.000000e+00
172 194 4.134622e-03 4.134622e-03 1 2 2 2 1.419262e-14 0.000000e+00
172 195 4.134622e-03 5.205181e-03 1 2 2 2 6.141045e-15 0.000000e+00
172 196 4.134622e-03 6.552935e-03 1 2 2 2 1.678882e-15 0.000000e+00
172 197 4.134622e-03 8.249656e-03 1 2 2 2 5.128301e-16 0.000000e+00
173 187 5.205181e-03 8.249656e-04 1 2 2 2 6.572067e-18 0.000000e+00
173 188 5.205181e-03 1.038570e-03 1 2 2 2 1.668523e-17 0.000000e+00
173 189 5.205181e-03 1.307482e-03 1 2 2 2 4.231753e-17 0.000000e+00
173 190 5.205181e-03 1.646023e-03 1 2 2 2 1.081202e-16 0.000000e+00
173 191 5.205181e-03 2.072220e-03 1 2 2 2 2.793489e-16 0.000000e+00
173 192 5.205181e-03 2.608770e-03 1 2 2 2 7.369979e-16 0.000000e+00
173 193 5.205181e-03 3.284247e-03 1 2 2 2 2.026833e-15 0.000000e+00
173 194 5.205181e-03 4.134622e-03 1 2 2 2 6.141045e-15 0.000000e+00
173 195 5.205181e-03 5.205181e-03 1 2 2 2 1.248153e-14 0.000000e+00
173 196 5.205181e-03 6.552935e-03 1 2 2 2 5.185475e-15 0.000000e+00
173 197 5.205181e-03 8.249656e-03 1 2 2 2 1.404947e-15 0.000000e+00
174 187 6.552935e-03 8.249656e-04 1 2 2 2 2.174277e-18 0.000000e+00
174 188 6.552935e-03 1.038570e-03 1 2 2 2 5.455464e-18 0.000000e+00
174 189 6.552935e-03 1.307482e-03 1 2 2 2 1.382491e-17 0.000000e+00
174 190 6.552935e-03 1.646023e-03 1 2 2 2 3.504868e-17 0.000000e+00
174 191 6.552935e-03 2.072220e-03 1 2 2 2 8.951051e-17 0.000000e+00
174 192 6.552935e-03 2.608770e-03 1 2 2 2 2.311526e-16 0.000000e+00
174 193 6.552935e-03 3.284247e-03 1 2 2 2 6.094333e-16 0.000000e+00
174 194 6.552935e-03 4.134622e-03 1 2 2 2 1.678882e-15 0.000000e+00
174 195 6.552935e-03 5.205181e-03 1 2 2 2 5.185475e-15 0.000000e+00
174 196 6.552935e-03 6.552935e-03 1 2 2 2 1.085336e-14 0.000000e+00
174 197 6.552935e-03 8.249656e-03 1 2 2 2 4.371379e-15 0.000000e+00
175 187 8.249656e-03 8.249656e-04 1 2 2 2 7.249325e-19 0.000000e+00
175 188 8.249656e-03 1.038570e-03 1 2 2 2 1.844819e-18 0.000000e+00
175 189 8.249656e-03 1.307482e-03 1 2 2 2 4.690289e-18 0.000000e+00
175 190 8.249656e-03 1.646023e-03 1 2 2 2 1.177758e-17 0.000000e+00
175 191 8.249656e-03 2.072220e-03 1 2 2 2 2.986984e-17 0.000000e+00
175 192 8.249656e-03 2.608770e-03 1 2 2 2 7.601672e-17 0.000000e+00
175 193 8.249656e-03 3.284247e-03 1 2 2 2 1.955075e-16 0.000000e+00
175 194 8.249656e-03 4.134622e-03 1 2 2 2 5.128301e-16 0.000000e+00
175 195 8.249656e-03 5.205181e-03 1 2 2 2 1.404947e-15 0.000000e+00
175 196 8.249656e-03 6.552935e-03 1 2 2 2 4.371379e-15 0.000000e+00
175 197 8.249656e-03 8.249656e-03 1 2 2 2 9.377703e-15 0.000000e+00
