# Please cite the following papers in research using this covariance:
# arXiv: 1601.05779, https://arxiv.org/abs/1601.05779
# arXiv: 1911.11947, https://arxiv.org/abs/1911.11947
# arXiv: 2004.04833, https://arxiv.org/abs/2004.04833
# arXiv: 1804.10663, https://arxiv.org/abs/1804.10663
########################################################
44 99 8.249656e-04 8.249656e-04 1 1 3 3 9.450706e-14 0.000000e+00
44 100 8.249656e-04 1.038570e-03 1 1 3 3 9.361033e-14 0.000000e+00
44 101 8.249656e-04 1.307482e-03 1 1 3 3 9.231717e-14 0.000000e+00
44 102 8.249656e-04 1.646023e-03 1 1 3 3 9.066412e-14 0.000000e+00
44 103 8.249656e-04 2.072220e-03 1 1 3 3 8.870617e-14 0.000000e+00
44 104 8.249656e-04 2.608770e-03 1 1 3 3 8.649132e-14 0.000000e+00
44 105 8.249656e-04 3.284247e-03 1 1 3 3 8.404455e-14 0.000000e+00
44 106 8.249656e-04 4.134622e-03 1 1 3 3 8.135910e-14 0.000000e+00
44 107 8.249656e-04 5.205181e-03 1 1 3 3 7.839463e-14 0.000000e+00
44 108 8.249656e-04 6.552935e-03 1 1 3 3 7.508193e-14 0.000000e+00
44 109 8.249656e-04 8.249656e-03 1 1 3 3 7.133307e-14 0.000000e+00
45 99 1.038570e-03 8.249656e-04 1 1 3 3 9.361033e-14 0.000000e+00
45 100 1.038570e-03 1.038570e-03 1 1 3 3 9.300284e-14 0.000000e+00
45 101 1.038570e-03 1.307482e-03 1 1 3 3 9.196491e-14 0.000000e+00
45 102 1.038570e-03 1.646023e-03 1 1 3 3 9.047170e-14 0.000000e+00
45 103 1.038570e-03 2.072220e-03 1 1 3 3 8.860111e-14 0.000000e+00
45 104 1.038570e-03 2.608770e-03 1 1 3 3 8.642982e-14 0.000000e+00
45 105 1.038570e-03 3.284247e-03 1 1 3 3 8.400369e-14 0.000000e+00
45 106 1.038570e-03 4.134622e-03 1 1 3 3 8.132850e-14 0.000000e+00
45 107 1.038570e-03 5.205181e-03 1 1 3 3 7.837030e-14 0.000000e+00
45 108 1.038570e-03 6.552935e-03 1 1 3 3 7.506256e-14 0.000000e+00
45 109 1.038570e-03 8.249656e-03 1 1 3 3 7.131815e-14 0.000000e+00
46 99 1.307482e-03 8.249656e-04 1 1 3 3 9.231717e-14 0.000000e+00
46 100 1.307482e-03 1.038570e-03 1 1 3 3 9.196491e-14 0.000000e+00
46 101 1.307482e-03 1.307482e-03 1 1 3 3 9.129975e-14 0.000000e+00
46 102 1.307482e-03 1.646023e-03 1 1 3 3 9.011521e-14 0.000000e+00
46 103 1.307482e-03 2.072220e-03 1 1 3 3 8.841520e-14 0.000000e+00
46 104 1.307482e-03 2.608770e-03 1 1 3 3 8.632617e-14 0.000000e+00
46 105 1.307482e-03 3.284247e-03 1 1 3 3 8.393738e-14 0.000000e+00
46 106 1.307482e-03 4.134622e-03 1 1 3 3 8.127984e-14 0.000000e+00
46 107 1.307482e-03 5.205181e-03 1 1 3 3 7.833193e-14 0.000000e+00
46 108 1.307482e-03 6.552935e-03 1 1 3 3 7.503212e-14 0.000000e+00
46 109 1.307482e-03 8.249656e-03 1 1 3 3 7.129477e-14 0.000000e+00
47 99 1.646023e-03 8.249656e-04 1 1 3 3 9.066412e-14 0.000000e+00
47 100 1.646023e-03 1.038570e-03 1 1 3 3 9.047170e-14 0.000000e+00
47 101 1.646023e-03 1.307482e-03 1 1 3 3 9.011521e-14 0.000000e+00
47 102 1.646023e-03 1.646023e-03 1 1 3 3 8.939814e-14 0.000000e+00
47 103 1.646023e-03 2.072220e-03 1 1 3 3 8.805851e-14 0.000000e+00
47 104 1.646023e-03 2.608770e-03 1 1 3 3 8.614212e-14 0.000000e+00
47 105 1.646023e-03 3.284247e-03 1 1 3 3 8.382686e-14 0.000000e+00
47 106 1.646023e-03 4.134622e-03 1 1 3 3 8.120146e-14 0.000000e+00
47 107 1.646023e-03 5.205181e-03 1 1 3 3 7.827086e-14 0.000000e+00
47 108 1.646023e-03 6.552935e-03 1 1 3 3 7.498381e-14 0.000000e+00
47 109 1.646023e-03 8.249656e-03 1 1 3 3 7.125768e-14 0.000000e+00
48 99 2.072220e-03 8.249656e-04 1 1 3 3 8.870617e-14 0.000000e+00
48 100 2.072220e-03 1.038570e-03 1 1 3 3 8.860111e-14 0.000000e+00
48 101 2.072220e-03 1.307482e-03 1 1 3 3 8.841520e-14 0.000000e+00
48 102 2.072220e-03 1.646023e-03 1 1 3 3 8.805851e-14 0.000000e+00
48 103 2.072220e-03 2.072220e-03 1 1 3 3 8.729095e-14 0.000000e+00
48 104 2.072220e-03 2.608770e-03 1 1 3 3 8.578222e-14 0.000000e+00
48 105 2.072220e-03 3.284247e-03 1 1 3 3 8.363390e-14 0.000000e+00
48 106 2.072220e-03 4.134622e-03 1 1 3 3 8.107322e-14 0.000000e+00
48 107 2.072220e-03 5.205181e-03 1 1 3 3 7.817326e-14 0.000000e+00
48 108 2.072220e-03 6.552935e-03 1 1 3 3 7.490701e-14 0.000000e+00
48 109 2.072220e-03 8.249656e-03 1 1 3 3 7.119874e-14 0.000000e+00
49 99 2.608770e-03 8.249656e-04 1 1 3 3 8.649132e-14 0.000000e+00
49 100 2.608770e-03 1.038570e-03 1 1 3 3 8.642982e-14 0.000000e+00
49 101 2.608770e-03 1.307482e-03 1 1 3 3 8.632617e-14 0.000000e+00
49 102 2.608770e-03 1.646023e-03 1 1 3 3 8.614212e-14 0.000000e+00
49 103 2.608770e-03 2.072220e-03 1 1 3 3 8.578222e-14 0.000000e+00
49 104 2.608770e-03 2.608770e-03 1 1 3 3 8.495886e-14 0.000000e+00
49 105 2.608770e-03 3.284247e-03 1 1 3 3 8.325969e-14 0.000000e+00
49 106 2.608770e-03 4.134622e-03 1 1 3 3 8.085595e-14 0.000000e+00
49 107 2.608770e-03 5.205181e-03 1 1 3 3 7.801613e-14 0.000000e+00
49 108 2.608770e-03 6.552935e-03 1 1 3 3 7.478487e-14 0.000000e+00
49 109 2.608770e-03 8.249656e-03 1 1 3 3 7.110516e-14 0.000000e+00
50 99 3.284247e-03 8.249656e-04 1 1 3 3 8.404455e-14 0.000000e+00
50 100 3.284247e-03 1.038570e-03 1 1 3 3 8.400369e-14 0.000000e+00
50 101 3.284247e-03 1.307482e-03 1 1 3 3 8.393738e-14 0.000000e+00
50 102 3.284247e-03 1.646023e-03 1 1 3 3 8.382686e-14 0.000000e+00
50 103 3.284247e-03 2.072220e-03 1 1 3 3 8.363390e-14 0.000000e+00
50 104 3.284247e-03 2.608770e-03 1 1 3 3 8.325969e-14 0.000000e+00
50 105 3.284247e-03 3.284247e-03 1 1 3 3 8.236698e-14 0.000000e+00
50 106 3.284247e-03 4.134622e-03 1 1 3 3 8.044874e-14 0.000000e+00
50 107 3.284247e-03 5.205181e-03 1 1 3 3 7.775718e-14 0.000000e+00
50 108 3.284247e-03 6.552935e-03 1 1 3 3 7.458971e-14 0.000000e+00
50 109 3.284247e-03 8.249656e-03 1 1 3 3 7.095630e-14 0.000000e+00
51 99 4.134622e-03 8.249656e-04 1 1 3 3 8.135910e-14 0.000000e+00
51 100 4.134622e-03 1.038570e-03 1 1 3 3 8.132850e-14 0.000000e+00
51 101 4.134622e-03 1.307482e-03 1 1 3 3 8.127984e-14 0.000000e+00
51 102 4.134622e-03 1.646023e-03 1 1 3 3 8.120146e-14 0.000000e+00
51 103 4.134622e-03 2.072220e-03 1 1 3 3 8.107322e-14 0.000000e+00
51 104 4.134622e-03 2.608770e-03 1 1 3 3 8.085595e-14 0.000000e+00
51 105 4.134622e-03 3.284247e-03 1 1 3 3 8.044874e-14 0.000000e+00
51 106 4.134622e-03 4.134622e-03 1 1 3 3 7.946555e-14 0.000000e+00
51 107 4.134622e-03 5.205181e-03 1 1 3 3 7.729377e-14 0.000000e+00
51 108 4.134622e-03 6.552935e-03 1 1 3 3 7.427379e-14 0.000000e+00
51 109 4.134622e-03 8.249656e-03 1 1 3 3 7.071882e-14 0.000000e+00
52 99 5.205181e-03 8.249656e-04 1 1 3 3 7.839463e-14 0.000000e+00
52 100 5.205181e-03 1.038570e-03 1 1 3 3 7.837030e-14 0.000000e+00
52 101 5.205181e-03 1.307482e-03 1 1 3 3 7.833193e-14 0.000000e+00
52 102 5.205181e-03 1.646023e-03 1 1 3 3 7.827086e-14 0.000000e+00
52 103 5.205181e-03 2.072220e-03 1 1 3 3 7.817326e-14 0.000000e+00
52 104 5.205181e-03 2.608770e-03 1 1 3 3 7.801613e-14 0.000000e+00
52 105 5.205181e-03 3.284247e-03 1 1 3 3 7.775718e-14 0.000000e+00
52 106 5.205181e-03 4.134622e-03 1 1 3 3 7.729377e-14 0.000000e+00
52 107 5.205181e-03 5.205181e-03 1 1 3 3 7.619365e-14 0.000000e+00
52 108 5.205181e-03 6.552935e-03 1 1 3 3 7.373111e-14 0.000000e+00
52 109 5.205181e-03 8.249656e-03 1 1 3 3 7.033703e-14 0.000000e+00
53 99 6.552935e-03 8.249656e-04 1 1 3 3 7.508193e-14 0.000000e+00
53 100 6.552935e-03 1.038570e-03 1 1 3 3 7.506256e-14 0.000000e+00
53 101 6.552935e-03 1.307482e-03 1 1 3 3 7.503212e-14 0.000000e+00
53 102 6.552935e-03 1.646023e-03 1 1 3 3 7.498381e-14 0.000000e+00
53 103 6.552935e-03 2.072220e-03 1 1 3 3 7.490701e-14 0.000000e+00
53 104 6.552935e-03 2.608770e-03 1 1 3 3 7.478487e-14 0.000000e+00
53 105 6.552935e-03 3.284247e-03 1 1 3 3 7.458971e-14 0.000000e+00
53 106 6.552935e-03 4.134622e-03 1 1 3 3 7.427379e-14 0.000000e+00
53 107 6.552935e-03 5.205181e-03 1 1 3 3 7.373111e-14 0.000000e+00
53 108 6.552935e-03 6.552935e-03 1 1 3 3 7.248672e-14 0.000000e+00
53 109 6.552935e-03 8.249656e-03 1 1 3 3 6.969822e-14 0.000000e+00
54 99 8.249656e-03 8.249656e-04 1 1 3 3 7.133307e-14 0.000000e+00
54 100 8.249656e-03 1.038570e-03 1 1 3 3 7.131815e-14 0.000000e+00
54 101 8.249656e-03 1.307482e-03 1 1 3 3 7.129477e-14 0.000000e+00
54 102 8.249656e-03 1.646023e-03 1 1 3 3 7.125768e-14 0.000000e+00
54 103 8.249656e-03 2.072220e-03 1 1 3 3 7.119874e-14 0.000000e+00
54 104 8.249656e-03 2.608770e-03 1 1 3 3 7.110516e-14 0.000000e+00
54 105 8.249656e-03 3.284247e-03 1 1 3 3 7.095630e-14 0.000000e+00
54 106 8.249656e-03 4.134622e-03 1 1 3 3 7.071882e-14 0.000000e+00
54 107 8.249656e-03 5.205181e-03 1 1 3 3 7.033703e-14 0.000000e+00
54 108 8.249656e-03 6.552935e-03 1 1 3 3 6.969822e-14 0.000000e+00
54 109 8.249656e-03 8.249656e-03 1 1 3 3 6.828761e-14 0.000000e+00
