# Please cite the following papers in research using this covariance:
# arXiv: 1601.05779, https://arxiv.org/abs/1601.05779
# arXiv: 1911.11947, https://arxiv.org/abs/1911.11947
# arXiv: 2004.04833, https://arxiv.org/abs/2004.04833
# arXiv: 1804.10663, https://arxiv.org/abs/1804.10663
########################################################
99 121 8.249656e-04 8.249656e-04 3 3 0 1 -1.892335e-17 0.000000e+00
99 122 8.249656e-04 1.038570e-03 3 3 0 1 -2.393095e-17 0.000000e+00
99 123 8.249656e-04 1.307482e-03 3 3 0 1 2.275734e-17 0.000000e+00
99 124 8.249656e-04 1.646023e-03 3 3 0 1 1.411387e-16 0.000000e+00
99 125 8.249656e-04 2.072220e-03 3 3 0 1 3.182315e-16 0.000000e+00
99 126 8.249656e-04 2.608770e-03 3 3 0 1 5.289523e-16 0.000000e+00
99 127 8.249656e-04 3.284247e-03 3 3 0 1 7.481717e-16 0.000000e+00
99 128 8.249656e-04 4.134622e-03 3 3 0 1 9.573631e-16 0.000000e+00
99 129 8.249656e-04 5.205181e-03 3 3 0 1 1.147484e-15 0.000000e+00
99 130 8.249656e-04 6.552935e-03 3 3 0 1 1.319496e-15 0.000000e+00
99 131 8.249656e-04 8.249656e-03 3 3 0 1 1.483101e-15 0.000000e+00
100 121 1.038570e-03 8.249656e-04 3 3 0 1 -1.189259e-17 0.000000e+00
100 122 1.038570e-03 1.038570e-03 3 3 0 1 -3.103394e-17 0.000000e+00
100 123 1.038570e-03 1.307482e-03 3 3 0 1 -4.310216e-17 0.000000e+00
100 124 1.038570e-03 1.646023e-03 3 3 0 1 1.603209e-17 0.000000e+00
100 125 1.038570e-03 2.072220e-03 3 3 0 1 1.669802e-16 0.000000e+00
100 126 1.038570e-03 2.608770e-03 3 3 0 1 3.821211e-16 0.000000e+00
100 127 1.038570e-03 3.284247e-03 3 3 0 1 6.231207e-16 0.000000e+00
100 128 1.038570e-03 4.134622e-03 3 3 0 1 8.596948e-16 0.000000e+00
100 129 1.038570e-03 5.205181e-03 3 3 0 1 1.075569e-15 0.000000e+00
100 130 1.038570e-03 6.552935e-03 3 3 0 1 1.268525e-15 0.000000e+00
100 131 1.038570e-03 8.249656e-03 3 3 0 1 1.447700e-15 0.000000e+00
101 121 1.307482e-03 8.249656e-04 3 3 0 1 -5.900579e-18 0.000000e+00
101 122 1.307482e-03 1.038570e-03 3 3 0 1 -1.727893e-17 0.000000e+00
101 123 1.307482e-03 1.307482e-03 3 3 0 1 -4.626817e-17 0.000000e+00
101 124 1.307482e-03 1.646023e-03 3 3 0 1 -6.956325e-17 0.000000e+00
101 125 1.307482e-03 2.072220e-03 3 3 0 1 3.841971e-18 0.000000e+00
101 126 1.307482e-03 2.608770e-03 3 3 0 1 1.917735e-16 0.000000e+00
101 127 1.307482e-03 3.284247e-03 3 3 0 1 4.458213e-16 0.000000e+00
101 128 1.307482e-03 4.134622e-03 3 3 0 1 7.144690e-16 0.000000e+00
101 129 1.307482e-03 5.205181e-03 3 3 0 1 9.657681e-16 0.000000e+00
101 130 1.307482e-03 6.552935e-03 3 3 0 1 1.189518e-15 0.000000e+00
101 131 1.307482e-03 8.249656e-03 3 3 0 1 1.392348e-15 0.000000e+00
102 121 1.646023e-03 8.249656e-04 3 3 0 1 -2.488256e-18 0.000000e+00
102 122 1.646023e-03 1.038570e-03 3 3 0 1 -7.808244e-18 0.000000e+00
102 123 1.646023e-03 1.307482e-03 3 3 0 1 -2.240894e-17 0.000000e+00
102 124 1.646023e-03 1.646023e-03 3 3 0 1 -6.438697e-17 0.000000e+00
102 125 1.646023e-03 2.072220e-03 3 3 0 1 -1.033012e-16 0.000000e+00
102 126 1.646023e-03 2.608770e-03 3 3 0 1 -1.317406e-17 0.000000e+00
102 127 1.646023e-03 3.284247e-03 3 3 0 1 2.152377e-16 0.000000e+00
102 128 1.646023e-03 4.134622e-03 3 3 0 1 5.079346e-16 0.000000e+00
102 129 1.646023e-03 5.205181e-03 3 3 0 1 8.021660e-16 0.000000e+00
102 130 1.646023e-03 6.552935e-03 3 3 0 1 1.068753e-15 0.000000e+00
102 131 1.646023e-03 8.249656e-03 3 3 0 1 1.306508e-15 0.000000e+00
103 121 2.072220e-03 8.249656e-04 3 3 0 1 -8.088703e-19 0.000000e+00
103 122 2.072220e-03 1.038570e-03 3 3 0 1 -3.158178e-18 0.000000e+00
103 123 2.072220e-03 1.307482e-03 3 3 0 1 -8.807583e-18 0.000000e+00
103 124 2.072220e-03 1.646023e-03 3 3 0 1 -2.676523e-17 0.000000e+00
103 125 2.072220e-03 2.072220e-03 3 3 0 1 -8.423324e-17 0.000000e+00
103 126 2.072220e-03 2.608770e-03 3 3 0 1 -1.427656e-16 0.000000e+00
103 127 2.072220e-03 3.284247e-03 3 3 0 1 -3.332361e-17 0.000000e+00
103 128 2.072220e-03 4.134622e-03 3 3 0 1 2.381478e-16 0.000000e+00
103 129 2.072220e-03 5.205181e-03 3 3 0 1 5.687314e-16 0.000000e+00
103 130 2.072220e-03 6.552935e-03 3 3 0 1 8.884784e-16 0.000000e+00
103 131 2.072220e-03 8.249656e-03 3 3 0 1 1.175190e-15 0.000000e+00
104 121 2.608770e-03 8.249656e-04 3 3 0 1 -7.850106e-20 0.000000e+00
104 122 2.608770e-03 1.038570e-03 3 3 0 1 -1.166419e-18 0.000000e+00
104 123 2.608770e-03 1.307482e-03 3 3 0 1 -3.092476e-18 0.000000e+00
104 124 2.608770e-03 1.646023e-03 3 3 0 1 -8.961656e-18 0.000000e+00
104 125 2.608770e-03 2.072220e-03 3 3 0 1 -2.959543e-17 0.000000e+00
104 126 2.608770e-03 2.608770e-03 3 3 0 1 -1.038133e-16 0.000000e+00
104 127 2.608770e-03 3.284247e-03 3 3 0 1 -1.855266e-16 0.000000e+00
104 128 2.608770e-03 4.134622e-03 3 3 0 1 -5.387869e-17 0.000000e+00
104 129 2.608770e-03 5.205181e-03 3 3 0 1 2.622370e-16 0.000000e+00
104 130 2.608770e-03 6.552935e-03 3 3 0 1 6.304553e-16 0.000000e+00
104 131 2.608770e-03 8.249656e-03 3 3 0 1 9.788881e-16 0.000000e+00
105 121 3.284247e-03 8.249656e-04 3 3 0 1 2.014070e-19 0.000000e+00
105 122 3.284247e-03 1.038570e-03 3 3 0 1 -4.141317e-19 0.000000e+00
105 123 3.284247e-03 1.307482e-03 3 3 0 1 -9.860893e-19 0.000000e+00
105 124 3.284247e-03 1.646023e-03 3 3 0 1 -2.646132e-18 0.000000e+00
105 125 3.284247e-03 2.072220e-03 3 3 0 1 -8.336060e-18 0.000000e+00
105 126 3.284247e-03 2.608770e-03 3 3 0 1 -3.009749e-17 0.000000e+00
105 127 3.284247e-03 3.284247e-03 3 3 0 1 -1.212997e-16 0.000000e+00
105 128 3.284247e-03 4.134622e-03 3 3 0 1 -2.285658e-16 0.000000e+00
105 129 3.284247e-03 5.205181e-03 3 3 0 1 -7.174583e-17 0.000000e+00
105 130 3.284247e-03 6.552935e-03 3 3 0 1 2.899028e-16 0.000000e+00
105 131 3.284247e-03 8.249656e-03 3 3 0 1 6.972339e-16 0.000000e+00
106 121 4.134622e-03 8.249656e-04 3 3 0 1 2.952078e-19 0.000000e+00
106 122 4.134622e-03 1.038570e-03 3 3 0 1 -1.653086e-19 0.000000e+00
106 123 4.134622e-03 1.307482e-03 3 3 0 1 -3.046790e-19 0.000000e+00
106 124 4.134622e-03 1.646023e-03 3 3 0 1 -6.760710e-19 0.000000e+00
106 125 4.134622e-03 2.072220e-03 3 3 0 1 -2.098180e-18 0.000000e+00
106 126 4.134622e-03 2.608770e-03 3 3 0 1 -6.954660e-18 0.000000e+00
106 127 4.134622e-03 3.284247e-03 3 3 0 1 -2.825050e-17 0.000000e+00
106 128 4.134622e-03 4.134622e-03 3 3 0 1 -1.353728e-16 0.000000e+00
106 129 4.134622e-03 5.205181e-03 3 3 0 1 -2.690886e-16 0.000000e+00
106 130 4.134622e-03 6.552935e-03 3 3 0 1 -8.429497e-17 0.000000e+00
106 131 4.134622e-03 8.249656e-03 3 3 0 1 3.238073e-16 0.000000e+00
107 121 5.205181e-03 8.249656e-04 3 3 0 1 3.218822e-19 0.000000e+00
107 122 5.205181e-03 1.038570e-03 3 3 0 1 -9.494838e-20 0.000000e+00
107 123 5.205181e-03 1.307482e-03 3 3 0 1 -1.150247e-19 0.000000e+00
107 124 5.205181e-03 1.646023e-03 3 3 0 1 -1.423258e-19 0.000000e+00
107 125 5.205181e-03 2.072220e-03 3 3 0 1 -4.877382e-19 0.000000e+00
107 126 5.205181e-03 2.608770e-03 3 3 0 1 -1.486654e-18 0.000000e+00
107 127 5.205181e-03 3.284247e-03 3 3 0 1 -5.296147e-18 0.000000e+00
107 128 5.205181e-03 4.134622e-03 3 3 0 1 -2.469541e-17 0.000000e+00
107 129 5.205181e-03 5.205181e-03 3 3 0 1 -1.457545e-16 0.000000e+00
107 130 5.205181e-03 6.552935e-03 3 3 0 1 -3.053511e-16 0.000000e+00
107 131 5.205181e-03 8.249656e-03 3 3 0 1 -9.007592e-17 0.000000e+00
108 121 6.552935e-03 8.249656e-04 3 3 0 1 3.281892e-19 0.000000e+00
108 122 6.552935e-03 1.038570e-03 3 3 0 1 -7.809660e-20 0.000000e+00
108 123 6.552935e-03 1.307482e-03 3 3 0 1 -7.028653e-20 0.000000e+00
108 124 6.552935e-03 1.646023e-03 3 3 0 1 -1.928126e-20 0.000000e+00
108 125 6.552935e-03 2.072220e-03 3 3 0 1 -1.300073e-19 0.000000e+00
108 126 6.552935e-03 2.608770e-03 3 3 0 1 -3.484594e-19 0.000000e+00
108 127 6.552935e-03 3.284247e-03 3 3 0 1 -1.072933e-18 0.000000e+00
108 128 6.552935e-03 4.134622e-03 3 3 0 1 -3.937293e-18 0.000000e+00
108 129 6.552935e-03 5.205181e-03 3 3 0 1 -2.067754e-17 0.000000e+00
108 130 6.552935e-03 6.552935e-03 3 3 0 1 -1.534473e-16 0.000000e+00
108 131 6.552935e-03 8.249656e-03 3 3 0 1 -3.372582e-16 0.000000e+00
109 121 8.249656e-03 8.249656e-04 3 3 0 1 3.293276e-19 0.000000e+00
109 122 8.249656e-03 1.038570e-03 3 3 0 1 -7.446930e-20 0.000000e+00
109 123 8.249656e-03 1.307482e-03 3 3 0 1 -6.097845e-20 0.000000e+00
109 124 8.249656e-03 1.646023e-03 3 3 0 1 5.605143e-21 0.000000e+00
109 125 8.249656e-03 2.072220e-03 3 3 0 1 -6.006438e-20 0.000000e+00
109 126 8.249656e-03 2.608770e-03 3 3 0 1 -1.384736e-19 0.000000e+00
109 127 8.249656e-03 3.284247e-03 3 3 0 1 -3.656748e-19 0.000000e+00
109 128 8.249656e-03 4.134622e-03 3 3 0 1 -1.036890e-18 0.000000e+00
109 129 8.249656e-03 5.205181e-03 3 3 0 1 -3.427467e-18 0.000000e+00
109 130 8.249656e-03 6.552935e-03 3 3 0 1 -1.776453e-17 0.000000e+00
109 131 8.249656e-03 8.249656e-03 3 3 0 1 -1.606350e-16 0.000000e+00
