# Please cite the following papers in research using this covariance:
# arXiv: 1601.05779, https://arxiv.org/abs/1601.05779
# arXiv: 1911.11947, https://arxiv.org/abs/1911.11947
# arXiv: 2004.04833, https://arxiv.org/abs/2004.04833
# arXiv: 1804.10663, https://arxiv.org/abs/1804.10663
########################################################
22 33 8.249656e-04 8.249656e-04 0 2 0 3 2.442689e-13 0.000000e+00
22 34 8.249656e-04 1.038570e-03 0 2 0 3 2.101524e-13 0.000000e+00
22 35 8.249656e-04 1.307482e-03 0 2 0 3 1.738540e-13 0.000000e+00
22 36 8.249656e-04 1.646023e-03 0 2 0 3 1.462585e-13 0.000000e+00
22 37 8.249656e-04 2.072220e-03 0 2 0 3 1.252174e-13 0.000000e+00
22 38 8.249656e-04 2.608770e-03 0 2 0 3 1.087929e-13 0.000000e+00
22 39 8.249656e-04 3.284247e-03 0 2 0 3 9.555421e-14 0.000000e+00
22 40 8.249656e-04 4.134622e-03 0 2 0 3 8.448950e-14 0.000000e+00
22 41 8.249656e-04 5.205181e-03 0 2 0 3 7.490321e-14 0.000000e+00
22 42 8.249656e-04 6.552935e-03 0 2 0 3 6.633392e-14 0.000000e+00
22 43 8.249656e-04 8.249656e-03 0 2 0 3 5.849058e-14 0.000000e+00
23 33 1.038570e-03 8.249656e-04 0 2 0 3 2.101524e-13 0.000000e+00
23 34 1.038570e-03 1.038570e-03 0 2 0 3 2.133604e-13 0.000000e+00
23 35 1.038570e-03 1.307482e-03 0 2 0 3 1.821224e-13 0.000000e+00
23 36 1.038570e-03 1.646023e-03 0 2 0 3 1.502621e-13 0.000000e+00
23 37 1.038570e-03 2.072220e-03 0 2 0 3 1.270559e-13 0.000000e+00
23 38 1.038570e-03 2.608770e-03 0 2 0 3 1.096173e-13 0.000000e+00
23 39 1.038570e-03 3.284247e-03 0 2 0 3 9.591750e-14 0.000000e+00
23 40 1.038570e-03 4.134622e-03 0 2 0 3 8.464809e-14 0.000000e+00
23 41 1.038570e-03 5.205181e-03 0 2 0 3 7.497288e-14 0.000000e+00
23 42 1.038570e-03 6.552935e-03 0 2 0 3 6.636548e-14 0.000000e+00
23 43 1.038570e-03 8.249656e-03 0 2 0 3 5.850581e-14 0.000000e+00
24 33 1.307482e-03 8.249656e-04 0 2 0 3 1.738540e-13 0.000000e+00
24 34 1.307482e-03 1.038570e-03 0 2 0 3 1.821224e-13 0.000000e+00
24 35 1.307482e-03 1.307482e-03 0 2 0 3 1.864568e-13 0.000000e+00
24 36 1.307482e-03 1.646023e-03 0 2 0 3 1.581032e-13 0.000000e+00
24 37 1.307482e-03 2.072220e-03 0 2 0 3 1.304767e-13 0.000000e+00
24 38 1.307482e-03 2.608770e-03 0 2 0 3 1.110780e-13 0.000000e+00
24 39 1.307482e-03 3.284247e-03 0 2 0 3 9.653877e-14 0.000000e+00
24 40 1.307482e-03 4.134622e-03 0 2 0 3 8.491263e-14 0.000000e+00
24 41 1.307482e-03 5.205181e-03 0 2 0 3 7.508708e-14 0.000000e+00
24 42 1.307482e-03 6.552935e-03 0 2 0 3 6.641676e-14 0.000000e+00
24 43 1.307482e-03 8.249656e-03 0 2 0 3 5.853049e-14 0.000000e+00
25 33 1.646023e-03 8.249656e-04 0 2 0 3 1.462585e-13 0.000000e+00
25 34 1.646023e-03 1.038570e-03 0 2 0 3 1.502621e-13 0.000000e+00
25 35 1.646023e-03 1.307482e-03 0 2 0 3 1.581032e-13 0.000000e+00
25 36 1.646023e-03 1.646023e-03 0 2 0 3 1.631310e-13 0.000000e+00
25 37 1.646023e-03 2.072220e-03 0 2 0 3 1.376010e-13 0.000000e+00
25 38 1.646023e-03 2.608770e-03 0 2 0 3 1.138775e-13 0.000000e+00
25 39 1.646023e-03 3.284247e-03 0 2 0 3 9.765596e-14 0.000000e+00
25 40 1.646023e-03 4.134622e-03 0 2 0 3 8.536798e-14 0.000000e+00
25 41 1.646023e-03 5.205181e-03 0 2 0 3 7.527777e-14 0.000000e+00
25 42 1.646023e-03 6.552935e-03 0 2 0 3 6.650048e-14 0.000000e+00
25 43 1.646023e-03 8.249656e-03 0 2 0 3 5.857019e-14 0.000000e+00
26 33 2.072220e-03 8.249656e-04 0 2 0 3 1.252174e-13 0.000000e+00
26 34 2.072220e-03 1.038570e-03 0 2 0 3 1.270559e-13 0.000000e+00
26 35 2.072220e-03 1.307482e-03 0 2 0 3 1.304767e-13 0.000000e+00
26 36 2.072220e-03 1.646023e-03 0 2 0 3 1.376010e-13 0.000000e+00
26 37 2.072220e-03 2.072220e-03 0 2 0 3 1.429131e-13 0.000000e+00
26 38 2.072220e-03 2.608770e-03 0 2 0 3 1.201002e-13 0.000000e+00
26 39 2.072220e-03 3.284247e-03 0 2 0 3 9.986005e-14 0.000000e+00
26 40 2.072220e-03 4.134622e-03 0 2 0 3 8.619725e-14 0.000000e+00
26 41 2.072220e-03 5.205181e-03 0 2 0 3 7.560720e-14 0.000000e+00
26 42 2.072220e-03 6.552935e-03 0 2 0 3 6.664011e-14 0.000000e+00
26 43 2.072220e-03 8.249656e-03 0 2 0 3 5.863488e-14 0.000000e+00
27 33 2.608770e-03 8.249656e-04 0 2 0 3 1.087929e-13 0.000000e+00
27 34 2.608770e-03 1.038570e-03 0 2 0 3 1.096173e-13 0.000000e+00
27 35 2.608770e-03 1.307482e-03 0 2 0 3 1.110780e-13 0.000000e+00
27 36 2.608770e-03 1.646023e-03 0 2 0 3 1.138775e-13 0.000000e+00
27 37 2.608770e-03 2.072220e-03 0 2 0 3 1.201002e-13 0.000000e+00
27 38 2.608770e-03 2.608770e-03 0 2 0 3 1.253446e-13 0.000000e+00
27 39 2.608770e-03 3.284247e-03 0 2 0 3 1.051020e-13 0.000000e+00
27 40 2.608770e-03 4.134622e-03 0 2 0 3 8.787670e-14 0.000000e+00
27 41 2.608770e-03 5.205181e-03 0 2 0 3 7.621229e-14 0.000000e+00
27 42 2.608770e-03 6.552935e-03 0 2 0 3 6.688110e-14 0.000000e+00
27 43 2.608770e-03 8.249656e-03 0 2 0 3 5.874215e-14 0.000000e+00
28 33 3.284247e-03 8.249656e-04 0 2 0 3 9.555421e-14 0.000000e+00
28 34 3.284247e-03 1.038570e-03 0 2 0 3 9.591750e-14 0.000000e+00
28 35 3.284247e-03 1.307482e-03 0 2 0 3 9.653877e-14 0.000000e+00
28 36 3.284247e-03 1.646023e-03 0 2 0 3 9.765596e-14 0.000000e+00
28 37 3.284247e-03 2.072220e-03 0 2 0 3 9.986005e-14 0.000000e+00
28 38 3.284247e-03 2.608770e-03 0 2 0 3 1.051020e-13 0.000000e+00
28 39 3.284247e-03 3.284247e-03 0 2 0 3 1.100043e-13 0.000000e+00
28 40 3.284247e-03 4.134622e-03 0 2 0 3 9.215158e-14 0.000000e+00
28 41 3.284247e-03 5.205181e-03 0 2 0 3 7.746267e-14 0.000000e+00
28 42 3.284247e-03 6.552935e-03 0 2 0 3 6.732385e-14 0.000000e+00
28 43 3.284247e-03 8.249656e-03 0 2 0 3 5.892583e-14 0.000000e+00
29 33 4.134622e-03 8.249656e-04 0 2 0 3 8.448950e-14 0.000000e+00
29 34 4.134622e-03 1.038570e-03 0 2 0 3 8.464809e-14 0.000000e+00
29 35 4.134622e-03 1.307482e-03 0 2 0 3 8.491263e-14 0.000000e+00
29 36 4.134622e-03 1.646023e-03 0 2 0 3 8.536798e-14 0.000000e+00
29 37 4.134622e-03 2.072220e-03 0 2 0 3 8.619725e-14 0.000000e+00
29 38 4.134622e-03 2.608770e-03 0 2 0 3 8.787670e-14 0.000000e+00
29 39 4.134622e-03 3.284247e-03 0 2 0 3 9.215158e-14 0.000000e+00
29 40 4.134622e-03 4.134622e-03 0 2 0 3 9.652411e-14 0.000000e+00
29 41 4.134622e-03 5.205181e-03 0 2 0 3 8.085485e-14 0.000000e+00
29 42 4.134622e-03 6.552935e-03 0 2 0 3 6.824681e-14 0.000000e+00
29 43 4.134622e-03 8.249656e-03 0 2 0 3 5.925980e-14 0.000000e+00
30 33 5.205181e-03 8.249656e-04 0 2 0 3 7.490321e-14 0.000000e+00
30 34 5.205181e-03 1.038570e-03 0 2 0 3 7.497288e-14 0.000000e+00
30 35 5.205181e-03 1.307482e-03 0 2 0 3 7.508708e-14 0.000000e+00
30 36 5.205181e-03 1.646023e-03 0 2 0 3 7.527777e-14 0.000000e+00
30 37 5.205181e-03 2.072220e-03 0 2 0 3 7.560720e-14 0.000000e+00
30 38 5.205181e-03 2.608770e-03 0 2 0 3 7.621229e-14 0.000000e+00
30 39 5.205181e-03 3.284247e-03 0 2 0 3 7.746267e-14 0.000000e+00
30 40 5.205181e-03 4.134622e-03 0 2 0 3 8.085485e-14 0.000000e+00
30 41 5.205181e-03 5.205181e-03 0 2 0 3 8.459432e-14 0.000000e+00
30 42 5.205181e-03 6.552935e-03 0 2 0 3 7.088479e-14 0.000000e+00
30 43 5.205181e-03 8.249656e-03 0 2 0 3 5.994991e-14 0.000000e+00
31 33 6.552935e-03 8.249656e-04 0 2 0 3 6.633392e-14 0.000000e+00
31 34 6.552935e-03 1.038570e-03 0 2 0 3 6.636548e-14 0.000000e+00
31 35 6.552935e-03 1.307482e-03 0 2 0 3 6.641676e-14 0.000000e+00
31 36 6.552935e-03 1.646023e-03 0 2 0 3 6.650048e-14 0.000000e+00
31 37 6.552935e-03 2.072220e-03 0 2 0 3 6.664011e-14 0.000000e+00
31 38 6.552935e-03 2.608770e-03 0 2 0 3 6.688110e-14 0.000000e+00
31 39 6.552935e-03 3.284247e-03 0 2 0 3 6.732385e-14 0.000000e+00
31 40 6.552935e-03 4.134622e-03 0 2 0 3 6.824681e-14 0.000000e+00
31 41 6.552935e-03 5.205181e-03 0 2 0 3 7.088479e-14 0.000000e+00
31 42 6.552935e-03 6.552935e-03 0 2 0 3 7.396207e-14 0.000000e+00
31 43 6.552935e-03 8.249656e-03 0 2 0 3 6.198116e-14 0.000000e+00
32 33 8.249656e-03 8.249656e-04 0 2 0 3 5.849058e-14 0.000000e+00
32 34 8.249656e-03 1.038570e-03 0 2 0 3 5.850581e-14 0.000000e+00
32 35 8.249656e-03 1.307482e-03 0 2 0 3 5.853049e-14 0.000000e+00
32 36 8.249656e-03 1.646023e-03 0 2 0 3 5.857019e-14 0.000000e+00
32 37 8.249656e-03 2.072220e-03 0 2 0 3 5.863488e-14 0.000000e+00
32 38 8.249656e-03 2.608770e-03 0 2 0 3 5.874215e-14 0.000000e+00
32 39 8.249656e-03 3.284247e-03 0 2 0 3 5.892583e-14 0.000000e+00
32 40 8.249656e-03 4.134622e-03 0 2 0 3 5.925980e-14 0.000000e+00
32 41 8.249656e-03 5.205181e-03 0 2 0 3 5.994991e-14 0.000000e+00
32 42 8.249656e-03 6.552935e-03 0 2 0 3 6.198116e-14 0.000000e+00
32 43 8.249656e-03 8.249656e-03 0 2 0 3 6.442555e-14 0.000000e+00
