# Please cite the following papers in research using this covariance:
# arXiv: 1601.05779, https://arxiv.org/abs/1601.05779
# arXiv: 1911.11947, https://arxiv.org/abs/1911.11947
# arXiv: 2004.04833, https://arxiv.org/abs/2004.04833
# arXiv: 1804.10663, https://arxiv.org/abs/1804.10663
########################################################
22 165 8.249656e-04 8.249656e-04 0 2 1 2 -1.114211e-15 0.000000e+00
22 166 8.249656e-04 1.038570e-03 0 2 1 2 -3.041677e-15 0.000000e+00
22 167 8.249656e-04 1.307482e-03 0 2 1 2 -1.328169e-15 0.000000e+00
22 168 8.249656e-04 1.646023e-03 0 2 1 2 1.593059e-15 0.000000e+00
22 169 8.249656e-04 2.072220e-03 0 2 1 2 3.972436e-15 0.000000e+00
22 170 8.249656e-04 2.608770e-03 0 2 1 2 5.427327e-15 0.000000e+00
22 171 8.249656e-04 3.284247e-03 0 2 1 2 6.071087e-15 0.000000e+00
22 172 8.249656e-04 4.134622e-03 0 2 1 2 6.140632e-15 0.000000e+00
22 173 8.249656e-04 5.205181e-03 0 2 1 2 5.862662e-15 0.000000e+00
22 174 8.249656e-04 6.552935e-03 0 2 1 2 5.415642e-15 0.000000e+00
22 175 8.249656e-04 8.249656e-03 0 2 1 2 4.927026e-15 0.000000e+00
23 165 1.038570e-03 8.249656e-04 0 2 1 2 -2.318856e-17 0.000000e+00
23 166 1.038570e-03 1.038570e-03 0 2 1 2 -1.095328e-15 0.000000e+00
23 167 1.038570e-03 1.307482e-03 0 2 1 2 -3.087200e-15 0.000000e+00
23 168 1.038570e-03 1.646023e-03 0 2 1 2 -1.367824e-15 0.000000e+00
23 169 1.038570e-03 2.072220e-03 0 2 1 2 1.476792e-15 0.000000e+00
23 170 1.038570e-03 2.608770e-03 0 2 1 2 3.700153e-15 0.000000e+00
23 171 1.038570e-03 3.284247e-03 0 2 1 2 4.984316e-15 0.000000e+00
23 172 1.038570e-03 4.134622e-03 0 2 1 2 5.493784e-15 0.000000e+00
23 173 1.038570e-03 5.205181e-03 0 2 1 2 5.490658e-15 0.000000e+00
23 174 1.038570e-03 6.552935e-03 0 2 1 2 5.205826e-15 0.000000e+00
23 175 1.038570e-03 8.249656e-03 0 2 1 2 4.809506e-15 0.000000e+00
24 165 1.307482e-03 8.249656e-04 0 2 1 2 1.294401e-17 0.000000e+00
24 166 1.307482e-03 1.038570e-03 0 2 1 2 7.785205e-18 0.000000e+00
24 167 1.307482e-03 1.307482e-03 0 2 1 2 -1.053177e-15 0.000000e+00
24 168 1.307482e-03 1.646023e-03 0 2 1 2 -3.085326e-15 0.000000e+00
24 169 1.307482e-03 2.072220e-03 0 2 1 2 -1.377241e-15 0.000000e+00
24 170 1.307482e-03 2.608770e-03 0 2 1 2 1.351905e-15 0.000000e+00
24 171 1.307482e-03 3.284247e-03 0 2 1 2 3.395974e-15 0.000000e+00
24 172 1.307482e-03 4.134622e-03 0 2 1 2 4.514051e-15 0.000000e+00
24 173 1.307482e-03 5.205181e-03 0 2 1 2 4.916360e-15 0.000000e+00
24 174 1.307482e-03 6.552935e-03 0 2 1 2 4.878481e-15 0.000000e+00
24 175 1.307482e-03 8.249656e-03 0 2 1 2 4.625042e-15 0.000000e+00
25 165 1.646023e-03 8.249656e-04 0 2 1 2 9.679164e-18 0.000000e+00
25 166 1.646023e-03 1.038570e-03 0 2 1 2 2.302814e-17 0.000000e+00
25 167 1.646023e-03 1.307482e-03 0 2 1 2 4.277986e-17 0.000000e+00
25 168 1.646023e-03 1.646023e-03 0 2 1 2 -9.872764e-16 0.000000e+00
25 169 1.646023e-03 2.072220e-03 0 2 1 2 -3.031491e-15 0.000000e+00
25 170 1.646023e-03 2.608770e-03 0 2 1 2 -1.352737e-15 0.000000e+00
25 171 1.646023e-03 3.284247e-03 0 2 1 2 1.225970e-15 0.000000e+00
25 172 1.646023e-03 4.134622e-03 0 2 1 2 3.077981e-15 0.000000e+00
25 173 1.646023e-03 5.205181e-03 0 2 1 2 4.045152e-15 0.000000e+00
25 174 1.646023e-03 6.552935e-03 0 2 1 2 4.372783e-15 0.000000e+00
25 175 1.646023e-03 8.249656e-03 0 2 1 2 4.337167e-15 0.000000e+00
26 165 2.072220e-03 8.249656e-04 0 2 1 2 5.111604e-18 0.000000e+00
26 166 2.072220e-03 1.038570e-03 0 2 1 2 1.248274e-17 0.000000e+00
26 167 2.072220e-03 1.307482e-03 0 2 1 2 3.301111e-17 0.000000e+00
26 168 2.072220e-03 1.646023e-03 0 2 1 2 7.850355e-17 0.000000e+00
26 169 2.072220e-03 2.072220e-03 0 2 1 2 -9.008837e-16 0.000000e+00
26 170 2.072220e-03 2.608770e-03 0 2 1 2 -2.924928e-15 0.000000e+00
26 171 2.072220e-03 3.284247e-03 0 2 1 2 -1.294132e-15 0.000000e+00
26 172 2.072220e-03 4.134622e-03 0 2 1 2 1.106085e-15 0.000000e+00
26 173 2.072220e-03 5.205181e-03 0 2 1 2 2.764720e-15 0.000000e+00
26 174 2.072220e-03 6.552935e-03 0 2 1 2 3.604750e-15 0.000000e+00
26 175 2.072220e-03 8.249656e-03 0 2 1 2 3.892313e-15 0.000000e+00
27 165 2.608770e-03 8.249656e-04 0 2 1 2 2.486231e-18 0.000000e+00
27 166 2.608770e-03 1.038570e-03 0 2 1 2 5.528087e-18 0.000000e+00
27 167 2.608770e-03 1.307482e-03 0 2 1 2 1.487812e-17 0.000000e+00
27 168 2.608770e-03 1.646023e-03 0 2 1 2 4.108229e-17 0.000000e+00
27 169 2.608770e-03 2.072220e-03 0 2 1 2 1.112785e-16 0.000000e+00
27 170 2.608770e-03 2.608770e-03 0 2 1 2 -7.991962e-16 0.000000e+00
27 171 2.608770e-03 3.284247e-03 0 2 1 2 -2.769865e-15 0.000000e+00
27 172 2.608770e-03 4.134622e-03 0 2 1 2 -1.204959e-15 0.000000e+00
27 173 2.608770e-03 5.205181e-03 0 2 1 2 9.980308e-16 0.000000e+00
27 174 2.608770e-03 6.552935e-03 0 2 1 2 2.473569e-15 0.000000e+00
27 175 2.608770e-03 8.249656e-03 0 2 1 2 3.216249e-15 0.000000e+00
28 165 3.284247e-03 8.249656e-04 0 2 1 2 1.207392e-18 0.000000e+00
28 166 3.284247e-03 1.038570e-03 0 2 1 2 2.173141e-18 0.000000e+00
28 167 3.284247e-03 1.307482e-03 0 2 1 2 5.878689e-18 0.000000e+00
28 168 3.284247e-03 1.646023e-03 0 2 1 2 1.616644e-17 0.000000e+00
28 169 3.284247e-03 2.072220e-03 0 2 1 2 4.607920e-17 0.000000e+00
28 170 3.284247e-03 2.608770e-03 0 2 1 2 1.377451e-16 0.000000e+00
28 171 3.284247e-03 3.284247e-03 0 2 1 2 -6.896049e-16 0.000000e+00
28 172 3.284247e-03 4.134622e-03 0 2 1 2 -2.575117e-15 0.000000e+00
28 173 3.284247e-03 5.205181e-03 0 2 1 2 -1.092031e-15 0.000000e+00
28 174 3.284247e-03 6.552935e-03 0 2 1 2 9.063917e-16 0.000000e+00
28 175 3.284247e-03 8.249656e-03 0 2 1 2 2.219300e-15 0.000000e+00
29 165 4.134622e-03 8.249656e-04 0 2 1 2 6.691980e-19 0.000000e+00
29 166 4.134622e-03 1.038570e-03 0 2 1 2 7.679463e-19 0.000000e+00
29 167 4.134622e-03 1.307482e-03 0 2 1 2 2.126897e-18 0.000000e+00
29 168 4.134622e-03 1.646023e-03 0 2 1 2 5.838737e-18 0.000000e+00
29 169 4.134622e-03 2.072220e-03 0 2 1 2 1.608776e-17 0.000000e+00
29 170 4.134622e-03 2.608770e-03 0 2 1 2 4.758856e-17 0.000000e+00
29 171 4.134622e-03 3.284247e-03 0 2 1 2 1.549787e-16 0.000000e+00
29 172 4.134622e-03 4.134622e-03 0 2 1 2 -5.803514e-16 0.000000e+00
29 173 4.134622e-03 5.205181e-03 0 2 1 2 -2.352823e-15 0.000000e+00
29 174 4.134622e-03 6.552935e-03 0 2 1 2 -9.641072e-16 0.000000e+00
29 175 4.134622e-03 8.249656e-03 0 2 1 2 8.343006e-16 0.000000e+00
30 165 5.205181e-03 8.249656e-04 0 2 1 2 4.470450e-19 0.000000e+00
30 166 5.205181e-03 1.038570e-03 0 2 1 2 2.149946e-19 0.000000e+00
30 167 5.205181e-03 1.307482e-03 0 2 1 2 6.846308e-19 0.000000e+00
30 168 5.205181e-03 1.646023e-03 0 2 1 2 1.973970e-18 0.000000e+00
30 169 5.205181e-03 2.072220e-03 0 2 1 2 5.251749e-18 0.000000e+00
30 170 5.205181e-03 2.608770e-03 0 2 1 2 1.487217e-17 0.000000e+00
30 171 5.205181e-03 3.284247e-03 0 2 1 2 4.562150e-17 0.000000e+00
30 172 5.205181e-03 4.134622e-03 0 2 1 2 1.615450e-16 0.000000e+00
30 173 5.205181e-03 5.205181e-03 0 2 1 2 -4.791633e-16 0.000000e+00
30 174 5.205181e-03 6.552935e-03 0 2 1 2 -2.117140e-15 0.000000e+00
30 175 5.205181e-03 8.249656e-03 0 2 1 2 -8.306975e-16 0.000000e+00
31 165 6.552935e-03 8.249656e-04 0 2 1 2 3.785081e-19 0.000000e+00
31 166 6.552935e-03 1.038570e-03 0 2 1 2 2.167806e-20 0.000000e+00
31 167 6.552935e-03 1.307482e-03 0 2 1 2 1.909294e-19 0.000000e+00
31 168 6.552935e-03 1.646023e-03 0 2 1 2 6.511113e-19 0.000000e+00
31 169 6.552935e-03 2.072220e-03 0 2 1 2 1.634302e-18 0.000000e+00
31 170 6.552935e-03 2.608770e-03 0 2 1 2 4.458370e-18 0.000000e+00
31 171 6.552935e-03 3.284247e-03 0 2 1 2 1.281513e-17 0.000000e+00
31 172 6.552935e-03 4.134622e-03 0 2 1 2 4.074195e-17 0.000000e+00
31 173 6.552935e-03 5.205181e-03 0 2 1 2 1.573695e-16 0.000000e+00
31 174 6.552935e-03 6.552935e-03 0 2 1 2 -3.924946e-16 0.000000e+00
31 175 6.552935e-03 8.249656e-03 0 2 1 2 -1.882541e-15 0.000000e+00
32 165 8.249656e-03 8.249656e-04 0 2 1 2 3.469821e-19 0.000000e+00
32 166 8.249656e-03 1.038570e-03 0 2 1 2 -4.705564e-20 0.000000e+00
32 167 8.249656e-03 1.307482e-03 0 2 1 2 1.703067e-20 0.000000e+00
32 168 8.249656e-03 1.646023e-03 0 2 1 2 1.994741e-19 0.000000e+00
32 169 8.249656e-03 2.072220e-03 0 2 1 2 4.564267e-19 0.000000e+00
32 170 8.249656e-03 2.608770e-03 0 2 1 2 1.235120e-18 0.000000e+00
32 171 8.249656e-03 3.284247e-03 0 2 1 2 3.434220e-18 0.000000e+00
32 172 8.249656e-03 4.134622e-03 0 2 1 2 1.014820e-17 0.000000e+00
32 173 8.249656e-03 5.205181e-03 0 2 1 2 3.372983e-17 0.000000e+00
32 174 8.249656e-03 6.552935e-03 0 2 1 2 1.436552e-16 0.000000e+00
32 175 8.249656e-03 8.249656e-03 0 2 1 2 -3.248120e-16 0.000000e+00
