# Please cite the following papers in research using this covariance:
# arXiv: 1601.05779, https://arxiv.org/abs/1601.05779
# arXiv: 1911.11947, https://arxiv.org/abs/1911.11947
# arXiv: 2004.04833, https://arxiv.org/abs/2004.04833
# arXiv: 1804.10663, https://arxiv.org/abs/1804.10663
########################################################
121 121 8.249656e-04 8.249656e-04 0 1 0 1 1.726687e-11 0.000000e+00
121 122 8.249656e-04 1.038570e-03 0 1 0 1 5.160919e-15 0.000000e+00
121 123 8.249656e-04 1.307482e-03 0 1 0 1 2.007996e-15 0.000000e+00
121 124 8.249656e-04 1.646023e-03 0 1 0 1 7.382998e-16 0.000000e+00
121 125 8.249656e-04 2.072220e-03 0 1 0 1 2.612243e-16 0.000000e+00
121 126 8.249656e-04 2.608770e-03 0 1 0 1 8.945193e-17 0.000000e+00
121 127 8.249656e-04 3.284247e-03 0 1 0 1 2.975410e-17 0.000000e+00
121 128 8.249656e-04 4.134622e-03 0 1 0 1 9.671689e-18 0.000000e+00
121 129 8.249656e-04 5.205181e-03 0 1 0 1 3.080460e-18 0.000000e+00
121 130 8.249656e-04 6.552935e-03 0 1 0 1 9.837307e-19 0.000000e+00
121 131 8.249656e-04 8.249656e-03 0 1 0 1 3.093846e-19 0.000000e+00
122 121 1.038570e-03 8.249656e-04 0 1 0 1 5.160919e-15 0.000000e+00
122 122 1.038570e-03 1.038570e-03 0 1 0 1 1.095508e-11 0.000000e+00
122 123 1.038570e-03 1.307482e-03 0 1 0 1 5.074416e-15 0.000000e+00
122 124 1.038570e-03 1.646023e-03 0 1 0 1 1.896675e-15 0.000000e+00
122 125 1.038570e-03 2.072220e-03 0 1 0 1 6.709672e-16 0.000000e+00
122 126 1.038570e-03 2.608770e-03 0 1 0 1 2.288490e-16 0.000000e+00
122 127 1.038570e-03 3.284247e-03 0 1 0 1 7.578165e-17 0.000000e+00
122 128 1.038570e-03 4.134622e-03 0 1 0 1 2.452575e-17 0.000000e+00
122 129 1.038570e-03 5.205181e-03 0 1 0 1 7.821191e-18 0.000000e+00
122 130 1.038570e-03 6.552935e-03 0 1 0 1 2.471844e-18 0.000000e+00
122 131 1.038570e-03 8.249656e-03 0 1 0 1 7.881520e-19 0.000000e+00
123 121 1.307482e-03 8.249656e-04 0 1 0 1 2.007996e-15 0.000000e+00
123 122 1.307482e-03 1.038570e-03 0 1 0 1 5.074416e-15 0.000000e+00
123 123 1.307482e-03 1.307482e-03 0 1 0 1 6.946111e-12 0.000000e+00
123 124 1.307482e-03 1.646023e-03 0 1 0 1 4.888865e-15 0.000000e+00
123 125 1.307482e-03 2.072220e-03 0 1 0 1 1.745284e-15 0.000000e+00
123 126 1.307482e-03 2.608770e-03 0 1 0 1 5.921838e-16 0.000000e+00
123 127 1.307482e-03 3.284247e-03 0 1 0 1 1.947461e-16 0.000000e+00
123 128 1.307482e-03 4.134622e-03 0 1 0 1 6.261108e-17 0.000000e+00
123 129 1.307482e-03 5.205181e-03 0 1 0 1 1.985555e-17 0.000000e+00
123 130 1.307482e-03 6.552935e-03 0 1 0 1 6.269796e-18 0.000000e+00
123 131 1.307482e-03 8.249656e-03 0 1 0 1 2.006503e-18 0.000000e+00
124 121 1.646023e-03 8.249656e-04 0 1 0 1 7.382998e-16 0.000000e+00
124 122 1.646023e-03 1.038570e-03 0 1 0 1 1.896675e-15 0.000000e+00
124 123 1.646023e-03 1.307482e-03 0 1 0 1 4.888865e-15 0.000000e+00
124 124 1.646023e-03 1.646023e-03 0 1 0 1 4.408174e-12 0.000000e+00
124 125 1.646023e-03 2.072220e-03 0 1 0 1 4.605591e-15 0.000000e+00
124 126 1.646023e-03 2.608770e-03 0 1 0 1 1.561906e-15 0.000000e+00
124 127 1.646023e-03 3.284247e-03 0 1 0 1 5.079058e-16 0.000000e+00
124 128 1.646023e-03 4.134622e-03 0 1 0 1 1.615546e-16 0.000000e+00
124 129 1.646023e-03 5.205181e-03 0 1 0 1 5.079453e-17 0.000000e+00
124 130 1.646023e-03 6.552935e-03 0 1 0 1 1.592444e-17 0.000000e+00
124 131 1.646023e-03 8.249656e-03 0 1 0 1 5.049494e-18 0.000000e+00
125 121 2.072220e-03 8.249656e-04 0 1 0 1 2.612243e-16 0.000000e+00
125 122 2.072220e-03 1.038570e-03 0 1 0 1 6.709672e-16 0.000000e+00
125 123 2.072220e-03 1.307482e-03 0 1 0 1 1.745284e-15 0.000000e+00
125 124 2.072220e-03 1.646023e-03 0 1 0 1 4.605591e-15 0.000000e+00
125 125 2.072220e-03 2.072220e-03 0 1 0 1 2.797710e-12 0.000000e+00
125 126 2.072220e-03 2.608770e-03 0 1 0 1 4.236501e-15 0.000000e+00
125 127 2.072220e-03 3.284247e-03 0 1 0 1 1.359443e-15 0.000000e+00
125 128 2.072220e-03 4.134622e-03 0 1 0 1 4.244765e-16 0.000000e+00
125 129 2.072220e-03 5.205181e-03 0 1 0 1 1.314612e-16 0.000000e+00
125 130 2.072220e-03 6.552935e-03 0 1 0 1 4.078286e-17 0.000000e+00
125 131 2.072220e-03 8.249656e-03 0 1 0 1 1.284769e-17 0.000000e+00
126 121 2.608770e-03 8.249656e-04 0 1 0 1 8.945193e-17 0.000000e+00
126 122 2.608770e-03 1.038570e-03 0 1 0 1 2.288490e-16 0.000000e+00
126 123 2.608770e-03 1.307482e-03 0 1 0 1 5.921838e-16 0.000000e+00
126 124 2.608770e-03 1.646023e-03 0 1 0 1 1.561906e-15 0.000000e+00
126 125 2.608770e-03 2.072220e-03 0 1 0 1 4.236501e-15 0.000000e+00
126 126 2.608770e-03 2.608770e-03 0 1 0 1 1.775236e-12 0.000000e+00
126 127 2.608770e-03 3.284247e-03 0 1 0 1 3.803110e-15 0.000000e+00
126 128 2.608770e-03 4.134622e-03 0 1 0 1 1.152703e-15 0.000000e+00
126 129 2.608770e-03 5.205181e-03 0 1 0 1 3.474781e-16 0.000000e+00
126 130 2.608770e-03 6.552935e-03 0 1 0 1 1.057841e-16 0.000000e+00
126 131 2.608770e-03 8.249656e-03 0 1 0 1 3.286091e-17 0.000000e+00
127 121 3.284247e-03 8.249656e-04 0 1 0 1 2.975410e-17 0.000000e+00
127 122 3.284247e-03 1.038570e-03 0 1 0 1 7.578165e-17 0.000000e+00
127 123 3.284247e-03 1.307482e-03 0 1 0 1 1.947461e-16 0.000000e+00
127 124 3.284247e-03 1.646023e-03 0 1 0 1 5.079058e-16 0.000000e+00
127 125 3.284247e-03 2.072220e-03 0 1 0 1 1.359443e-15 0.000000e+00
127 126 3.284247e-03 2.608770e-03 0 1 0 1 3.803110e-15 0.000000e+00
127 127 3.284247e-03 3.284247e-03 0 1 0 1 1.126434e-12 0.000000e+00
127 128 3.284247e-03 4.134622e-03 0 1 0 1 3.333707e-15 0.000000e+00
127 129 3.284247e-03 5.205181e-03 0 1 0 1 9.557883e-16 0.000000e+00
127 130 3.284247e-03 6.552935e-03 0 1 0 1 2.807328e-16 0.000000e+00
127 131 3.284247e-03 8.249656e-03 0 1 0 1 8.518072e-17 0.000000e+00
128 121 4.134622e-03 8.249656e-04 0 1 0 1 9.671689e-18 0.000000e+00
128 122 4.134622e-03 1.038570e-03 0 1 0 1 2.452575e-17 0.000000e+00
128 123 4.134622e-03 1.307482e-03 0 1 0 1 6.261108e-17 0.000000e+00
128 124 4.134622e-03 1.646023e-03 0 1 0 1 1.615546e-16 0.000000e+00
128 125 4.134622e-03 2.072220e-03 0 1 0 1 4.244765e-16 0.000000e+00
128 126 4.134622e-03 2.608770e-03 0 1 0 1 1.152703e-15 0.000000e+00
128 127 4.134622e-03 3.284247e-03 0 1 0 1 3.333707e-15 0.000000e+00
128 128 4.134622e-03 4.134622e-03 0 1 0 1 7.158033e-13 0.000000e+00
128 129 4.134622e-03 5.205181e-03 0 1 0 1 2.858740e-15 0.000000e+00
128 130 4.134622e-03 6.552935e-03 0 1 0 1 7.797020e-16 0.000000e+00
128 131 4.134622e-03 8.249656e-03 0 1 0 1 2.261827e-16 0.000000e+00
129 121 5.205181e-03 8.249656e-04 0 1 0 1 3.080460e-18 0.000000e+00
129 122 5.205181e-03 1.038570e-03 0 1 0 1 7.821191e-18 0.000000e+00
129 123 5.205181e-03 1.307482e-03 0 1 0 1 1.985555e-17 0.000000e+00
129 124 5.205181e-03 1.646023e-03 0 1 0 1 5.079453e-17 0.000000e+00
129 125 5.205181e-03 2.072220e-03 0 1 0 1 1.314612e-16 0.000000e+00
129 126 5.205181e-03 2.608770e-03 0 1 0 1 3.474781e-16 0.000000e+00
129 127 5.205181e-03 3.284247e-03 0 1 0 1 9.557883e-16 0.000000e+00
129 128 5.205181e-03 4.134622e-03 0 1 0 1 2.858740e-15 0.000000e+00
129 129 5.205181e-03 5.205181e-03 0 1 0 1 4.552300e-13 0.000000e+00
129 130 5.205181e-03 6.552935e-03 0 1 0 1 2.406221e-15 0.000000e+00
129 131 5.205181e-03 8.249656e-03 0 1 0 1 6.310745e-16 0.000000e+00
130 121 6.552935e-03 8.249656e-04 0 1 0 1 9.837307e-19 0.000000e+00
130 122 6.552935e-03 1.038570e-03 0 1 0 1 2.471844e-18 0.000000e+00
130 123 6.552935e-03 1.307482e-03 0 1 0 1 6.269796e-18 0.000000e+00
130 124 6.552935e-03 1.646023e-03 0 1 0 1 1.592444e-17 0.000000e+00
130 125 6.552935e-03 2.072220e-03 0 1 0 1 4.078286e-17 0.000000e+00
130 126 6.552935e-03 2.608770e-03 0 1 0 1 1.057841e-16 0.000000e+00
130 127 6.552935e-03 3.284247e-03 0 1 0 1 2.807328e-16 0.000000e+00
130 128 6.552935e-03 4.134622e-03 0 1 0 1 7.797020e-16 0.000000e+00
130 129 6.552935e-03 5.205181e-03 0 1 0 1 2.406221e-15 0.000000e+00
130 130 6.552935e-03 6.552935e-03 0 1 0 1 2.897428e-13 0.000000e+00
130 131 6.552935e-03 8.249656e-03 0 1 0 1 1.997675e-15 0.000000e+00
131 121 8.249656e-03 8.249656e-04 0 1 0 1 3.093846e-19 0.000000e+00
131 122 8.249656e-03 1.038570e-03 0 1 0 1 7.881520e-19 0.000000e+00
131 123 8.249656e-03 1.307482e-03 0 1 0 1 2.006503e-18 0.000000e+00
131 124 8.249656e-03 1.646023e-03 0 1 0 1 5.049494e-18 0.000000e+00
131 125 8.249656e-03 2.072220e-03 0 1 0 1 1.284769e-17 0.000000e+00
131 126 8.249656e-03 2.608770e-03 0 1 0 1 3.286091e-17 0.000000e+00
131 127 8.249656e-03 3.284247e-03 0 1 0 1 8.518072e-17 0.000000e+00
131 128 8.249656e-03 4.134622e-03 0 1 0 1 2.261827e-16 0.000000e+00
131 129 8.249656e-03 5.205181e-03 0 1 0 1 6.310745e-16 0.000000e+00
131 130 8.249656e-03 6.552935e-03 0 1 0 1 1.997675e-15 0.000000e+00
131 131 8.249656e-03 8.249656e-03 0 1 0 1 1.847689e-13 0.000000e+00
