# Please cite the following papers in research using this covariance:
# arXiv: 1601.05779, https://arxiv.org/abs/1601.05779
# arXiv: 1911.11947, https://arxiv.org/abs/1911.11947
# arXiv: 2004.04833, https://arxiv.org/abs/2004.04833
# arXiv: 1804.10663, https://arxiv.org/abs/1804.10663
########################################################
22 44 8.249656e-04 8.249656e-04 0 2 1 1 3.626301e-14 0.000000e+00
22 45 8.249656e-04 1.038570e-03 0 2 1 1 3.595195e-14 0.000000e+00
22 46 8.249656e-04 1.307482e-03 0 2 1 1 3.550226e-14 0.000000e+00
22 47 8.249656e-04 1.646023e-03 0 2 1 1 3.491758e-14 0.000000e+00
22 48 8.249656e-04 2.072220e-03 0 2 1 1 3.421153e-14 0.000000e+00
22 49 8.249656e-04 2.608770e-03 0 2 1 1 3.340084e-14 0.000000e+00
22 50 8.249656e-04 3.284247e-03 0 2 1 1 3.249933e-14 0.000000e+00
22 51 8.249656e-04 4.134622e-03 0 2 1 1 3.151293e-14 0.000000e+00
22 52 8.249656e-04 5.205181e-03 0 2 1 1 3.043666e-14 0.000000e+00
22 53 8.249656e-04 6.552935e-03 0 2 1 1 2.925397e-14 0.000000e+00
22 54 8.249656e-04 8.249656e-03 0 2 1 1 2.793860e-14 0.000000e+00
23 44 1.038570e-03 8.249656e-04 0 2 1 1 3.595195e-14 0.000000e+00
23 45 1.038570e-03 1.038570e-03 0 2 1 1 3.573181e-14 0.000000e+00
23 46 1.038570e-03 1.307482e-03 0 2 1 1 3.536625e-14 0.000000e+00
23 47 1.038570e-03 1.646023e-03 0 2 1 1 3.483936e-14 0.000000e+00
23 48 1.038570e-03 2.072220e-03 0 2 1 1 3.416822e-14 0.000000e+00
23 49 1.038570e-03 2.608770e-03 0 2 1 1 3.337667e-14 0.000000e+00
23 50 1.038570e-03 3.284247e-03 0 2 1 1 3.248481e-14 0.000000e+00
23 51 1.038570e-03 4.134622e-03 0 2 1 1 3.150307e-14 0.000000e+00
23 52 1.038570e-03 5.205181e-03 0 2 1 1 3.042920e-14 0.000000e+00
23 53 1.038570e-03 6.552935e-03 0 2 1 1 2.924805e-14 0.000000e+00
23 54 1.038570e-03 8.249656e-03 0 2 1 1 2.793391e-14 0.000000e+00
24 44 1.307482e-03 8.249656e-04 0 2 1 1 3.550226e-14 0.000000e+00
24 45 1.307482e-03 1.038570e-03 0 2 1 1 3.536625e-14 0.000000e+00
24 46 1.307482e-03 1.307482e-03 0 2 1 1 3.512086e-14 0.000000e+00
24 47 1.307482e-03 1.646023e-03 0 2 1 1 3.469902e-14 0.000000e+00
24 48 1.307482e-03 2.072220e-03 0 2 1 1 3.409258e-14 0.000000e+00
24 49 1.307482e-03 2.608770e-03 0 2 1 1 3.333583e-14 0.000000e+00
24 50 1.307482e-03 3.284247e-03 0 2 1 1 3.246107e-14 0.000000e+00
24 51 1.307482e-03 4.134622e-03 0 2 1 1 3.148737e-14 0.000000e+00
24 52 1.307482e-03 5.205181e-03 0 2 1 1 3.041750e-14 0.000000e+00
24 53 1.307482e-03 6.552935e-03 0 2 1 1 2.923882e-14 0.000000e+00
24 54 1.307482e-03 8.249656e-03 0 2 1 1 2.792666e-14 0.000000e+00
25 44 1.646023e-03 8.249656e-04 0 2 1 1 3.491758e-14 0.000000e+00
25 45 1.646023e-03 1.038570e-03 0 2 1 1 3.483936e-14 0.000000e+00
25 46 1.646023e-03 1.307482e-03 0 2 1 1 3.469902e-14 0.000000e+00
25 47 1.646023e-03 1.646023e-03 0 2 1 1 3.443141e-14 0.000000e+00
25 48 1.646023e-03 2.072220e-03 0 2 1 1 3.395137e-14 0.000000e+00
25 49 1.646023e-03 2.608770e-03 0 2 1 1 3.326316e-14 0.000000e+00
25 50 1.646023e-03 3.284247e-03 0 2 1 1 3.242090e-14 0.000000e+00
25 51 1.646023e-03 4.134622e-03 0 2 1 1 3.146178e-14 0.000000e+00
25 52 1.646023e-03 5.205181e-03 0 2 1 1 3.039879e-14 0.000000e+00
25 53 1.646023e-03 6.552935e-03 0 2 1 1 2.922417e-14 0.000000e+00
25 54 1.646023e-03 8.249656e-03 0 2 1 1 2.791515e-14 0.000000e+00
26 44 2.072220e-03 8.249656e-04 0 2 1 1 3.421153e-14 0.000000e+00
26 45 2.072220e-03 1.038570e-03 0 2 1 1 3.416822e-14 0.000000e+00
26 46 2.072220e-03 1.307482e-03 0 2 1 1 3.409258e-14 0.000000e+00
26 47 2.072220e-03 1.646023e-03 0 2 1 1 3.395137e-14 0.000000e+00
26 48 2.072220e-03 2.072220e-03 0 2 1 1 3.366401e-14 0.000000e+00
26 49 2.072220e-03 2.608770e-03 0 2 1 1 3.312270e-14 0.000000e+00
26 50 2.072220e-03 3.284247e-03 0 2 1 1 3.234933e-14 0.000000e+00
26 51 2.072220e-03 4.134622e-03 0 2 1 1 3.141906e-14 0.000000e+00
26 52 2.072220e-03 5.205181e-03 0 2 1 1 3.036861e-14 0.000000e+00
26 53 2.072220e-03 6.552935e-03 0 2 1 1 2.920080e-14 0.000000e+00
26 54 2.072220e-03 8.249656e-03 0 2 1 1 2.789684e-14 0.000000e+00
27 44 2.608770e-03 8.249656e-04 0 2 1 1 3.340084e-14 0.000000e+00
27 45 2.608770e-03 1.038570e-03 0 2 1 1 3.337667e-14 0.000000e+00
27 46 2.608770e-03 1.307482e-03 0 2 1 1 3.333583e-14 0.000000e+00
27 47 2.608770e-03 1.646023e-03 0 2 1 1 3.326316e-14 0.000000e+00
27 48 2.608770e-03 2.072220e-03 0 2 1 1 3.312270e-14 0.000000e+00
27 49 2.608770e-03 2.608770e-03 0 2 1 1 3.281639e-14 0.000000e+00
27 50 2.608770e-03 3.284247e-03 0 2 1 1 3.220848e-14 0.000000e+00
27 51 2.608770e-03 4.134622e-03 0 2 1 1 3.134442e-14 0.000000e+00
27 52 2.608770e-03 5.205181e-03 0 2 1 1 3.031929e-14 0.000000e+00
27 53 2.608770e-03 6.552935e-03 0 2 1 1 2.916350e-14 0.000000e+00
27 54 2.608770e-03 8.249656e-03 0 2 1 1 2.786778e-14 0.000000e+00
28 44 3.284247e-03 8.249656e-04 0 2 1 1 3.249933e-14 0.000000e+00
28 45 3.284247e-03 1.038570e-03 0 2 1 1 3.248481e-14 0.000000e+00
28 46 3.284247e-03 1.307482e-03 0 2 1 1 3.246107e-14 0.000000e+00
28 47 3.284247e-03 1.646023e-03 0 2 1 1 3.242090e-14 0.000000e+00
28 48 3.284247e-03 2.072220e-03 0 2 1 1 3.234933e-14 0.000000e+00
28 49 3.284247e-03 2.608770e-03 0 2 1 1 3.220848e-14 0.000000e+00
28 50 3.284247e-03 3.284247e-03 0 2 1 1 3.188127e-14 0.000000e+00
28 51 3.284247e-03 4.134622e-03 0 2 1 1 3.119883e-14 0.000000e+00
28 52 3.284247e-03 5.205181e-03 0 2 1 1 3.023565e-14 0.000000e+00
28 53 3.284247e-03 6.552935e-03 0 2 1 1 2.910343e-14 0.000000e+00
28 54 3.284247e-03 8.249656e-03 0 2 1 1 2.782152e-14 0.000000e+00
29 44 4.134622e-03 8.249656e-04 0 2 1 1 3.151293e-14 0.000000e+00
29 45 4.134622e-03 1.038570e-03 0 2 1 1 3.150307e-14 0.000000e+00
29 46 4.134622e-03 1.307482e-03 0 2 1 1 3.148737e-14 0.000000e+00
29 47 4.134622e-03 1.646023e-03 0 2 1 1 3.146178e-14 0.000000e+00
29 48 4.134622e-03 2.072220e-03 0 2 1 1 3.141906e-14 0.000000e+00
29 49 4.134622e-03 2.608770e-03 0 2 1 1 3.134442e-14 0.000000e+00
29 50 4.134622e-03 3.284247e-03 0 2 1 1 3.119883e-14 0.000000e+00
29 51 4.134622e-03 4.134622e-03 0 2 1 1 3.084575e-14 0.000000e+00
29 52 4.134622e-03 5.205181e-03 0 2 1 1 3.007827e-14 0.000000e+00
29 53 4.134622e-03 6.552935e-03 0 2 1 1 2.900440e-14 0.000000e+00
29 54 4.134622e-03 8.249656e-03 0 2 1 1 2.774759e-14 0.000000e+00
30 44 5.205181e-03 8.249656e-04 0 2 1 1 3.043666e-14 0.000000e+00
30 45 5.205181e-03 1.038570e-03 0 2 1 1 3.042920e-14 0.000000e+00
30 46 5.205181e-03 1.307482e-03 0 2 1 1 3.041750e-14 0.000000e+00
30 47 5.205181e-03 1.646023e-03 0 2 1 1 3.039879e-14 0.000000e+00
30 48 5.205181e-03 2.072220e-03 0 2 1 1 3.036861e-14 0.000000e+00
30 49 5.205181e-03 2.608770e-03 0 2 1 1 3.031929e-14 0.000000e+00
30 50 5.205181e-03 3.284247e-03 0 2 1 1 3.023565e-14 0.000000e+00
30 51 5.205181e-03 4.134622e-03 0 2 1 1 3.007827e-14 0.000000e+00
30 52 5.205181e-03 5.205181e-03 0 2 1 1 2.969159e-14 0.000000e+00
30 53 5.205181e-03 6.552935e-03 0 2 1 1 2.882665e-14 0.000000e+00
30 54 5.205181e-03 8.249656e-03 0 2 1 1 2.762782e-14 0.000000e+00
31 44 6.552935e-03 8.249656e-04 0 2 1 1 2.925397e-14 0.000000e+00
31 45 6.552935e-03 1.038570e-03 0 2 1 1 2.924805e-14 0.000000e+00
31 46 6.552935e-03 1.307482e-03 0 2 1 1 2.923882e-14 0.000000e+00
31 47 6.552935e-03 1.646023e-03 0 2 1 1 2.922417e-14 0.000000e+00
31 48 6.552935e-03 2.072220e-03 0 2 1 1 2.920080e-14 0.000000e+00
31 49 6.552935e-03 2.608770e-03 0 2 1 1 2.916350e-14 0.000000e+00
31 50 6.552935e-03 3.284247e-03 0 2 1 1 2.910343e-14 0.000000e+00
31 51 6.552935e-03 4.134622e-03 0 2 1 1 2.900440e-14 0.000000e+00
31 52 6.552935e-03 5.205181e-03 0 2 1 1 2.882665e-14 0.000000e+00
31 53 6.552935e-03 6.552935e-03 0 2 1 1 2.839691e-14 0.000000e+00
31 54 6.552935e-03 8.249656e-03 0 2 1 1 2.742150e-14 0.000000e+00
32 44 8.249656e-03 8.249656e-04 0 2 1 1 2.793860e-14 0.000000e+00
32 45 8.249656e-03 1.038570e-03 0 2 1 1 2.793391e-14 0.000000e+00
32 46 8.249656e-03 1.307482e-03 0 2 1 1 2.792666e-14 0.000000e+00
32 47 8.249656e-03 1.646023e-03 0 2 1 1 2.791515e-14 0.000000e+00
32 48 8.249656e-03 2.072220e-03 0 2 1 1 2.789684e-14 0.000000e+00
32 49 8.249656e-03 2.608770e-03 0 2 1 1 2.786778e-14 0.000000e+00
32 50 8.249656e-03 3.284247e-03 0 2 1 1 2.782152e-14 0.000000e+00
32 51 8.249656e-03 4.134622e-03 0 2 1 1 2.774759e-14 0.000000e+00
32 52 8.249656e-03 5.205181e-03 0 2 1 1 2.762782e-14 0.000000e+00
32 53 8.249656e-03 6.552935e-03 0 2 1 1 2.742150e-14 0.000000e+00
32 54 8.249656e-03 8.249656e-03 0 2 1 1 2.693925e-14 0.000000e+00
