# Please cite the following papers in research using this covariance:
# arXiv: 1601.05779, https://arxiv.org/abs/1601.05779
# arXiv: 1911.11947, https://arxiv.org/abs/1911.11947
# arXiv: 2004.04833, https://arxiv.org/abs/2004.04833
# arXiv: 1804.10663, https://arxiv.org/abs/1804.10663
########################################################
55 110 8.249656e-04 8.249656e-04 1 2 0 0 -4.292345e-18 0.000000e+00
55 111 8.249656e-04 1.038570e-03 1 2 0 0 -4.599613e-18 0.000000e+00
55 112 8.249656e-04 1.307482e-03 1 2 0 0 1.009876e-17 0.000000e+00
55 113 8.249656e-04 1.646023e-03 1 2 0 0 4.692805e-17 0.000000e+00
55 114 8.249656e-04 2.072220e-03 1 2 0 0 1.045024e-16 0.000000e+00
55 115 8.249656e-04 2.608770e-03 1 2 0 0 1.770091e-16 0.000000e+00
55 116 8.249656e-04 3.284247e-03 1 2 0 0 2.568409e-16 0.000000e+00
55 117 8.249656e-04 4.134622e-03 1 2 0 0 3.367364e-16 0.000000e+00
55 118 8.249656e-04 5.205181e-03 1 2 0 0 4.113147e-16 0.000000e+00
55 119 8.249656e-04 6.552935e-03 1 2 0 0 4.781039e-16 0.000000e+00
55 120 8.249656e-04 8.249656e-03 1 2 0 0 5.379493e-16 0.000000e+00
56 110 1.038570e-03 8.249656e-04 1 2 0 0 -3.093569e-18 0.000000e+00
56 111 1.038570e-03 1.038570e-03 1 2 0 0 -7.922708e-18 0.000000e+00
56 112 1.038570e-03 1.307482e-03 1 2 0 0 -9.814050e-18 0.000000e+00
56 113 1.038570e-03 1.646023e-03 1 2 0 0 9.200294e-18 0.000000e+00
56 114 1.038570e-03 2.072220e-03 1 2 0 0 5.731973e-17 0.000000e+00
56 115 1.038570e-03 2.608770e-03 1 2 0 0 1.292948e-16 0.000000e+00
56 116 1.038570e-03 3.284247e-03 1 2 0 0 2.145476e-16 0.000000e+00
56 117 1.038570e-03 4.134622e-03 1 2 0 0 3.025276e-16 0.000000e+00
56 118 1.038570e-03 5.205181e-03 1 2 0 0 3.854350e-16 0.000000e+00
56 119 1.038570e-03 6.552935e-03 1 2 0 0 4.594535e-16 0.000000e+00
56 120 1.038570e-03 8.249656e-03 1 2 0 0 5.249391e-16 0.000000e+00
57 110 1.307482e-03 8.249656e-04 1 2 0 0 -1.699332e-18 0.000000e+00
57 111 1.307482e-03 1.038570e-03 1 2 0 0 -5.070735e-18 0.000000e+00
57 112 1.307482e-03 1.307482e-03 1 2 0 0 -1.274839e-17 0.000000e+00
57 113 1.307482e-03 1.646023e-03 1 2 0 0 -1.769915e-17 0.000000e+00
57 114 1.307482e-03 2.072220e-03 1 2 0 0 6.232973e-18 0.000000e+00
57 115 1.307482e-03 2.608770e-03 1 2 0 0 6.756828e-17 0.000000e+00
57 116 1.307482e-03 3.284247e-03 1 2 0 0 1.547379e-16 0.000000e+00
57 117 1.307482e-03 4.134622e-03 1 2 0 0 2.517597e-16 0.000000e+00
57 118 1.307482e-03 5.205181e-03 1 2 0 0 3.459687e-16 0.000000e+00
57 119 1.307482e-03 6.552935e-03 1 2 0 0 4.305625e-16 0.000000e+00
57 120 1.307482e-03 8.249656e-03 1 2 0 0 5.046004e-16 0.000000e+00
58 110 1.646023e-03 8.249656e-04 1 2 0 0 -7.676070e-19 0.000000e+00
58 111 1.646023e-03 1.038570e-03 1 2 0 0 -2.608529e-18 0.000000e+00
58 112 1.646023e-03 1.307482e-03 1 2 0 0 -7.124357e-18 0.000000e+00
58 113 1.646023e-03 1.646023e-03 1 2 0 0 -1.899170e-17 0.000000e+00
58 114 1.646023e-03 2.072220e-03 1 2 0 0 -2.867708e-17 0.000000e+00
58 115 1.646023e-03 2.608770e-03 1 2 0 0 1.034343e-18 0.000000e+00
58 116 1.646023e-03 3.284247e-03 1 2 0 0 7.721863e-17 0.000000e+00
58 117 1.646023e-03 4.134622e-03 1 2 0 0 1.797769e-16 0.000000e+00
58 118 1.646023e-03 5.205181e-03 1 2 0 0 2.872769e-16 0.000000e+00
58 119 1.646023e-03 6.552935e-03 1 2 0 0 3.864450e-16 0.000000e+00
58 120 1.646023e-03 8.249656e-03 1 2 0 0 4.730711e-16 0.000000e+00
59 110 2.072220e-03 8.249656e-04 1 2 0 0 -2.419354e-19 0.000000e+00
59 111 2.072220e-03 1.038570e-03 1 2 0 0 -1.197195e-18 0.000000e+00
59 112 2.072220e-03 1.307482e-03 1 2 0 0 -3.217045e-18 0.000000e+00
59 113 2.072220e-03 1.646023e-03 1 2 0 0 -9.190607e-18 0.000000e+00
59 114 2.072220e-03 2.072220e-03 1 2 0 0 -2.648334e-17 0.000000e+00
59 115 2.072220e-03 2.608770e-03 1 2 0 0 -4.255811e-17 0.000000e+00
59 116 2.072220e-03 3.284247e-03 1 2 0 0 -6.186476e-18 0.000000e+00
59 117 2.072220e-03 4.134622e-03 1 2 0 0 8.616700e-17 0.000000e+00
59 118 2.072220e-03 5.205181e-03 1 2 0 0 2.037930e-16 0.000000e+00
59 119 2.072220e-03 6.552935e-03 1 2 0 0 3.206955e-16 0.000000e+00
59 120 2.072220e-03 8.249656e-03 1 2 0 0 4.248673e-16 0.000000e+00
60 110 2.608770e-03 8.249656e-04 1 2 0 0 1.854753e-20 0.000000e+00
60 111 2.608770e-03 1.038570e-03 1 2 0 0 -5.018986e-19 0.000000e+00
60 112 2.608770e-03 1.307482e-03 1 2 0 0 -1.292874e-18 0.000000e+00
60 113 2.608770e-03 1.646023e-03 1 2 0 0 -3.571140e-18 0.000000e+00
60 114 2.608770e-03 2.072220e-03 1 2 0 0 -1.099291e-17 0.000000e+00
60 115 2.608770e-03 2.608770e-03 1 2 0 0 -3.456132e-17 0.000000e+00
60 116 2.608770e-03 3.284247e-03 1 2 0 0 -5.873636e-17 0.000000e+00
60 117 2.608770e-03 4.134622e-03 1 2 0 0 -1.467838e-17 0.000000e+00
60 118 2.608770e-03 5.205181e-03 1 2 0 0 9.472704e-17 0.000000e+00
60 119 2.608770e-03 6.552935e-03 1 2 0 0 2.268510e-16 0.000000e+00
60 120 2.608770e-03 8.249656e-03 1 2 0 0 3.528872e-16 0.000000e+00
61 110 3.284247e-03 8.249656e-04 1 2 0 0 1.321851e-19 0.000000e+00
61 111 3.284247e-03 1.038570e-03 1 2 0 0 -2.011623e-19 0.000000e+00
61 112 3.284247e-03 1.307482e-03 1 2 0 0 -4.719072e-19 0.000000e+00
61 113 3.284247e-03 1.646023e-03 1 2 0 0 -1.213153e-18 0.000000e+00
61 114 3.284247e-03 2.072220e-03 1 2 0 0 -3.646089e-18 0.000000e+00
61 115 3.284247e-03 2.608770e-03 1 2 0 0 -1.205803e-17 0.000000e+00
61 116 3.284247e-03 3.284247e-03 1 2 0 0 -4.245694e-17 0.000000e+00
61 117 3.284247e-03 4.134622e-03 1 2 0 0 -7.614552e-17 0.000000e+00
61 118 3.284247e-03 5.205181e-03 1 2 0 0 -2.328248e-17 0.000000e+00
61 119 3.284247e-03 6.552935e-03 1 2 0 0 1.035892e-16 0.000000e+00
61 120 3.284247e-03 8.249656e-03 1 2 0 0 2.498157e-16 0.000000e+00
62 110 4.134622e-03 8.249656e-04 1 2 0 0 1.756124e-19 0.000000e+00
62 111 4.134622e-03 1.038570e-03 1 2 0 0 -8.724823e-20 0.000000e+00
62 112 4.134622e-03 1.307482e-03 1 2 0 0 -1.655069e-19 0.000000e+00
62 113 4.134622e-03 1.646023e-03 1 2 0 0 -3.534870e-19 0.000000e+00
62 114 4.134622e-03 2.072220e-03 1 2 0 0 -1.060409e-18 0.000000e+00
62 115 4.134622e-03 2.608770e-03 1 2 0 0 -3.324149e-18 0.000000e+00
62 116 4.134622e-03 3.284247e-03 1 2 0 0 -1.214284e-17 0.000000e+00
62 117 4.134622e-03 4.134622e-03 1 2 0 0 -4.938299e-17 0.000000e+00
62 118 4.134622e-03 5.205181e-03 1 2 0 0 -9.349677e-17 0.000000e+00
62 119 4.134622e-03 6.552935e-03 1 2 0 0 -3.072040e-17 0.000000e+00
62 120 4.134622e-03 8.249656e-03 1 2 0 0 1.136929e-16 0.000000e+00
63 110 5.205181e-03 8.249656e-04 1 2 0 0 1.898643e-19 0.000000e+00
63 111 5.205181e-03 1.038570e-03 1 2 0 0 -5.004039e-20 0.000000e+00
63 112 5.205181e-03 1.307482e-03 1 2 0 0 -6.661105e-20 0.000000e+00
63 113 5.205181e-03 1.646023e-03 1 2 0 0 -8.144332e-20 0.000000e+00
63 114 5.205181e-03 2.072220e-03 1 2 0 0 -2.694694e-19 0.000000e+00
63 115 5.205181e-03 2.608770e-03 1 2 0 0 -8.018131e-19 0.000000e+00
63 116 5.205181e-03 3.284247e-03 1 2 0 0 -2.705825e-18 0.000000e+00
63 117 5.205181e-03 4.134622e-03 1 2 0 0 -1.123439e-17 0.000000e+00
63 118 5.205181e-03 5.205181e-03 1 2 0 0 -5.479293e-17 0.000000e+00
63 119 5.205181e-03 6.552935e-03 1 2 0 0 -1.096271e-16 0.000000e+00
63 120 5.205181e-03 8.249656e-03 1 2 0 0 -3.592950e-17 0.000000e+00
64 110 6.552935e-03 8.249656e-04 1 2 0 0 1.938240e-19 0.000000e+00
64 111 6.552935e-03 1.038570e-03 1 2 0 0 -3.965672e-20 0.000000e+00
64 112 6.552935e-03 1.307482e-03 1 2 0 0 -3.936544e-20 0.000000e+00
64 113 6.552935e-03 1.646023e-03 1 2 0 0 -7.891228e-21 0.000000e+00
64 114 6.552935e-03 2.072220e-03 1 2 0 0 -6.178253e-20 0.000000e+00
64 115 6.552935e-03 2.608770e-03 1 2 0 0 -1.708545e-19 0.000000e+00
64 116 6.552935e-03 3.284247e-03 1 2 0 0 -5.377446e-19 0.000000e+00
64 117 6.552935e-03 4.134622e-03 1 2 0 0 -1.981462e-18 0.000000e+00
64 118 6.552935e-03 5.205181e-03 1 2 0 0 -9.616326e-18 0.000000e+00
64 119 6.552935e-03 6.552935e-03 1 2 0 0 -5.859318e-17 0.000000e+00
64 120 6.552935e-03 8.249656e-03 1 2 0 0 -1.238148e-16 0.000000e+00
65 110 8.249656e-03 8.249656e-04 1 2 0 0 1.946076e-19 0.000000e+00
65 111 8.249656e-03 1.038570e-03 1 2 0 0 -3.738619e-20 0.000000e+00
65 112 8.249656e-03 1.307482e-03 1 2 0 0 -3.347737e-20 0.000000e+00
65 113 8.249656e-03 1.646023e-03 1 2 0 0 7.899477e-21 0.000000e+00
65 114 8.249656e-03 2.072220e-03 1 2 0 0 -1.763597e-20 0.000000e+00
65 115 8.249656e-03 2.608770e-03 1 2 0 0 -4.018759e-20 0.000000e+00
65 116 8.249656e-03 3.284247e-03 1 2 0 0 -1.125440e-19 0.000000e+00
65 117 8.249656e-03 4.134622e-03 1 2 0 0 -3.604670e-19 0.000000e+00
65 118 8.249656e-03 5.205181e-03 1 2 0 0 -1.387482e-18 0.000000e+00
65 119 8.249656e-03 6.552935e-03 1 2 0 0 -7.819284e-18 0.000000e+00
65 120 8.249656e-03 8.249656e-03 1 2 0 0 -6.120799e-17 0.000000e+00
