# Please cite the following papers in research using this covariance:
# arXiv: 1601.05779, https://arxiv.org/abs/1601.05779
# arXiv: 1911.11947, https://arxiv.org/abs/1911.11947
# arXiv: 2004.04833, https://arxiv.org/abs/2004.04833
# arXiv: 1804.10663, https://arxiv.org/abs/1804.10663
########################################################
33 209 8.249656e-04 8.249656e-04 0 3 3 3 -5.848296e-15 0.000000e+00
33 210 8.249656e-04 1.038570e-03 0 3 3 3 -1.717552e-14 0.000000e+00
33 211 8.249656e-04 1.307482e-03 0 3 3 3 -7.657855e-15 0.000000e+00
33 212 8.249656e-04 1.646023e-03 0 3 3 3 7.504548e-15 0.000000e+00
33 213 8.249656e-04 2.072220e-03 0 3 3 3 1.884038e-14 0.000000e+00
33 214 8.249656e-04 2.608770e-03 0 3 3 3 2.499024e-14 0.000000e+00
33 215 8.249656e-04 3.284247e-03 0 3 3 3 2.706836e-14 0.000000e+00
33 216 8.249656e-04 4.134622e-03 0 3 3 3 2.655932e-14 0.000000e+00
33 217 8.249656e-04 5.205181e-03 0 3 3 3 2.468567e-14 0.000000e+00
33 218 8.249656e-04 6.552935e-03 0 3 3 3 2.230016e-14 0.000000e+00
33 219 8.249656e-04 8.249656e-03 0 3 3 3 1.993722e-14 0.000000e+00
34 209 1.038570e-03 8.249656e-04 0 3 3 3 2.461960e-16 0.000000e+00
34 210 1.038570e-03 1.038570e-03 0 3 3 3 -5.484009e-15 0.000000e+00
34 211 1.038570e-03 1.307482e-03 0 3 3 3 -1.687628e-14 0.000000e+00
34 212 1.038570e-03 1.646023e-03 0 3 3 3 -7.541470e-15 0.000000e+00
34 213 1.038570e-03 2.072220e-03 0 3 3 3 6.765744e-15 0.000000e+00
34 214 1.038570e-03 2.608770e-03 0 3 3 3 1.700219e-14 0.000000e+00
34 215 1.038570e-03 3.284247e-03 0 3 3 3 2.223999e-14 0.000000e+00
34 216 1.038570e-03 4.134622e-03 0 3 3 3 2.378392e-14 0.000000e+00
34 217 1.038570e-03 5.205181e-03 0 3 3 3 2.313523e-14 0.000000e+00
34 218 1.038570e-03 6.552935e-03 0 3 3 3 2.144523e-14 0.000000e+00
34 219 1.038570e-03 8.249656e-03 0 3 3 3 1.946587e-14 0.000000e+00
35 209 1.307482e-03 8.249656e-04 0 3 3 3 1.793567e-16 0.000000e+00
35 210 1.307482e-03 1.038570e-03 0 3 3 3 4.307136e-16 0.000000e+00
35 211 1.307482e-03 1.307482e-03 0 3 3 3 -5.018068e-15 0.000000e+00
35 212 1.307482e-03 1.646023e-03 0 3 3 3 -1.629734e-14 0.000000e+00
35 213 1.307482e-03 2.072220e-03 0 3 3 3 -7.251131e-15 0.000000e+00
35 214 1.307482e-03 2.608770e-03 0 3 3 3 6.038025e-15 0.000000e+00
35 215 1.307482e-03 3.284247e-03 0 3 3 3 1.514332e-14 0.000000e+00
35 216 1.307482e-03 4.134622e-03 0 3 3 3 1.956665e-14 0.000000e+00
35 217 1.307482e-03 5.205181e-03 0 3 3 3 2.073745e-14 0.000000e+00
35 218 1.307482e-03 6.552935e-03 0 3 3 3 2.011022e-14 0.000000e+00
35 219 1.307482e-03 8.249656e-03 0 3 3 3 1.872575e-14 0.000000e+00
36 209 1.646023e-03 8.249656e-04 0 3 3 3 8.031147e-17 0.000000e+00
36 210 1.646023e-03 1.038570e-03 0 3 3 3 2.198047e-16 0.000000e+00
36 211 1.646023e-03 1.307482e-03 0 3 3 3 6.034506e-16 0.000000e+00
36 212 1.646023e-03 1.646023e-03 0 3 3 3 -4.468103e-15 0.000000e+00
36 213 1.646023e-03 2.072220e-03 0 3 3 3 -1.545705e-14 0.000000e+00
36 214 1.646023e-03 2.608770e-03 0 3 3 3 -6.801432e-15 0.000000e+00
36 215 1.646023e-03 3.284247e-03 0 3 3 3 5.352567e-15 0.000000e+00
36 216 1.646023e-03 4.134622e-03 0 3 3 3 1.335121e-14 0.000000e+00
36 217 1.646023e-03 5.205181e-03 0 3 3 3 1.708936e-14 0.000000e+00
36 218 1.646023e-03 6.552935e-03 0 3 3 3 1.804477e-14 0.000000e+00
36 219 1.646023e-03 8.249656e-03 0 3 3 3 1.756993e-14 0.000000e+00
37 209 2.072220e-03 8.249656e-04 0 3 3 3 3.274683e-17 0.000000e+00
37 210 2.072220e-03 1.038570e-03 0 3 3 3 8.778712e-17 0.000000e+00
37 211 2.072220e-03 1.307482e-03 0 3 3 3 2.498463e-16 0.000000e+00
37 212 2.072220e-03 1.646023e-03 0 3 3 3 7.483856e-16 0.000000e+00
37 213 2.072220e-03 2.072220e-03 0 3 3 3 -3.868982e-15 0.000000e+00
37 214 2.072220e-03 2.608770e-03 0 3 3 3 -1.439419e-14 0.000000e+00
37 215 2.072220e-03 3.284247e-03 0 3 3 3 -6.221456e-15 0.000000e+00
37 216 2.072220e-03 4.134622e-03 0 3 3 3 4.733807e-15 0.000000e+00
37 217 2.072220e-03 5.205181e-03 0 3 3 3 1.170062e-14 0.000000e+00
37 218 2.072220e-03 6.552935e-03 0 3 3 3 1.490012e-14 0.000000e+00
37 219 2.072220e-03 8.249656e-03 0 3 3 3 1.578193e-14 0.000000e+00
38 209 2.608770e-03 8.249656e-04 0 3 3 3 1.285622e-17 0.000000e+00
38 210 2.608770e-03 1.038570e-03 0 3 3 3 3.262537e-17 0.000000e+00
38 211 2.608770e-03 1.307482e-03 0 3 3 3 9.006137e-17 0.000000e+00
38 212 2.608770e-03 1.646023e-03 0 3 3 3 2.639655e-16 0.000000e+00
38 213 2.608770e-03 2.072220e-03 0 3 3 3 8.519077e-16 0.000000e+00
38 214 2.608770e-03 2.608770e-03 0 3 3 3 -3.258090e-15 0.000000e+00
38 215 2.608770e-03 3.284247e-03 0 3 3 3 -1.316564e-14 0.000000e+00
38 216 2.608770e-03 4.134622e-03 0 3 3 3 -5.552010e-15 0.000000e+00
38 217 2.608770e-03 5.205181e-03 0 3 3 3 4.197471e-15 0.000000e+00
38 218 2.608770e-03 6.552935e-03 0 3 3 3 1.024855e-14 0.000000e+00
38 219 2.608770e-03 8.249656e-03 0 3 3 3 1.305955e-14 0.000000e+00
39 209 3.284247e-03 8.249656e-04 0 3 3 3 4.939290e-18 0.000000e+00
39 210 3.284247e-03 1.038570e-03 0 3 3 3 1.138805e-17 0.000000e+00
39 211 3.284247e-03 1.307482e-03 0 3 3 3 3.082570e-17 0.000000e+00
39 212 3.284247e-03 1.646023e-03 0 3 3 3 8.654960e-17 0.000000e+00
39 213 3.284247e-03 2.072220e-03 0 3 3 3 2.610774e-16 0.000000e+00
39 214 3.284247e-03 2.608770e-03 0 3 3 3 9.054943e-16 0.000000e+00
39 215 3.284247e-03 3.284247e-03 0 3 3 3 -2.673788e-15 0.000000e+00
39 216 3.284247e-03 4.134622e-03 0 3 3 3 -1.184023e-14 0.000000e+00
39 217 3.284247e-03 5.205181e-03 0 3 3 3 -4.840225e-15 0.000000e+00
39 218 3.284247e-03 6.552935e-03 0 3 3 3 3.752149e-15 0.000000e+00
39 219 3.284247e-03 8.249656e-03 0 3 3 3 9.031647e-15 0.000000e+00
40 209 4.134622e-03 8.249656e-04 0 3 3 3 2.054403e-18 0.000000e+00
40 210 4.134622e-03 1.038570e-03 0 3 3 3 3.761457e-18 0.000000e+00
40 211 4.134622e-03 1.307482e-03 0 3 3 3 1.007555e-17 0.000000e+00
40 212 4.134622e-03 1.646023e-03 0 3 3 3 2.751273e-17 0.000000e+00
40 213 4.134622e-03 2.072220e-03 0 3 3 3 7.801611e-17 0.000000e+00
40 214 4.134622e-03 2.608770e-03 0 3 3 3 2.427869e-16 0.000000e+00
40 215 4.134622e-03 3.284247e-03 0 3 3 3 9.059843e-16 0.000000e+00
40 216 4.134622e-03 4.134622e-03 0 3 3 3 -2.149792e-15 0.000000e+00
40 217 4.134622e-03 5.205181e-03 0 3 3 3 -1.049016e-14 0.000000e+00
40 218 4.134622e-03 6.552935e-03 0 3 3 3 -4.132480e-15 0.000000e+00
40 219 4.134622e-03 8.249656e-03 0 3 3 3 3.399638e-15 0.000000e+00
41 209 5.205181e-03 8.249656e-04 0 3 3 3 9.772829e-19 0.000000e+00
41 210 5.205181e-03 1.038570e-03 0 3 3 3 1.093065e-18 0.000000e+00
41 211 5.205181e-03 1.307482e-03 0 3 3 3 3.051576e-18 0.000000e+00
41 212 5.205181e-03 1.646023e-03 0 3 3 3 8.376199e-18 0.000000e+00
41 213 5.205181e-03 2.072220e-03 0 3 3 3 2.275789e-17 0.000000e+00
41 214 5.205181e-03 2.608770e-03 0 3 3 3 6.597807e-17 0.000000e+00
41 215 5.205181e-03 3.284247e-03 0 3 3 3 2.124165e-16 0.000000e+00
41 216 5.205181e-03 4.134622e-03 0 3 3 3 8.573457e-16 0.000000e+00
41 217 5.205181e-03 5.205181e-03 0 3 3 3 -1.710756e-15 0.000000e+00
41 218 5.205181e-03 6.552935e-03 0 3 3 3 -9.183726e-15 0.000000e+00
41 219 5.205181e-03 8.249656e-03 0 3 3 3 -3.469334e-15 0.000000e+00
42 209 6.552935e-03 8.249656e-04 0 3 3 3 6.821704e-19 0.000000e+00
42 210 6.552935e-03 1.038570e-03 0 3 3 3 2.294695e-19 0.000000e+00
42 211 6.552935e-03 1.307482e-03 0 3 3 3 8.563259e-19 0.000000e+00
42 212 6.552935e-03 1.646023e-03 0 3 3 3 2.457791e-18 0.000000e+00
42 213 6.552935e-03 2.072220e-03 0 3 3 3 6.398796e-18 0.000000e+00
42 214 6.552935e-03 2.608770e-03 0 3 3 3 1.772183e-17 0.000000e+00
42 215 6.552935e-03 3.284247e-03 0 3 3 3 5.227400e-17 0.000000e+00
42 216 6.552935e-03 4.134622e-03 0 3 3 3 1.745538e-16 0.000000e+00
42 217 6.552935e-03 5.205181e-03 0 3 3 3 7.686701e-16 0.000000e+00
42 218 6.552935e-03 6.552935e-03 0 3 3 3 -1.370833e-15 0.000000e+00
42 219 6.552935e-03 8.249656e-03 0 3 3 3 -7.978779e-15 0.000000e+00
43 209 8.249656e-03 8.249656e-04 0 3 3 3 5.528464e-19 0.000000e+00
43 210 8.249656e-03 1.038570e-03 0 3 3 3 -3.743503e-20 0.000000e+00
43 211 8.249656e-03 1.307482e-03 0 3 3 3 1.731523e-19 0.000000e+00
43 212 8.249656e-03 1.646023e-03 0 3 3 3 6.583032e-19 0.000000e+00
43 213 8.249656e-03 2.072220e-03 0 3 3 3 1.643976e-18 0.000000e+00
43 214 8.249656e-03 2.608770e-03 0 3 3 3 4.453635e-18 0.000000e+00
43 215 8.249656e-03 3.284247e-03 0 3 3 3 1.257258e-17 0.000000e+00
43 216 8.249656e-03 4.134622e-03 0 3 3 3 3.819947e-17 0.000000e+00
43 217 8.249656e-03 5.205181e-03 0 3 3 3 1.336922e-16 0.000000e+00
43 218 8.249656e-03 6.552935e-03 0 3 3 3 6.524217e-16 0.000000e+00
43 219 8.249656e-03 8.249656e-03 0 3 3 3 -1.133141e-15 0.000000e+00
