# Please cite the following papers in research using this covariance:
# arXiv: 1601.05779, https://arxiv.org/abs/1601.05779
# arXiv: 1911.11947, https://arxiv.org/abs/1911.11947
# arXiv: 2004.04833, https://arxiv.org/abs/2004.04833
# arXiv: 1804.10663, https://arxiv.org/abs/1804.10663
########################################################
11 198 8.249656e-04 8.249656e-04 0 1 2 3 -1.574877e-17 0.000000e+00
11 199 8.249656e-04 1.038570e-03 0 1 2 3 -1.936838e-17 0.000000e+00
11 200 8.249656e-04 1.307482e-03 0 1 2 3 2.160400e-17 0.000000e+00
11 201 8.249656e-04 1.646023e-03 0 1 2 3 1.253638e-16 0.000000e+00
11 202 8.249656e-04 2.072220e-03 0 1 2 3 2.819467e-16 0.000000e+00
11 203 8.249656e-04 2.608770e-03 0 1 2 3 4.699907e-16 0.000000e+00
11 204 8.249656e-04 3.284247e-03 0 1 2 3 6.670171e-16 0.000000e+00
11 205 8.249656e-04 4.134622e-03 0 1 2 3 8.556308e-16 0.000000e+00
11 206 8.249656e-04 5.205181e-03 0 1 2 3 1.026555e-15 0.000000e+00
11 207 8.249656e-04 6.552935e-03 0 1 2 3 1.179524e-15 0.000000e+00
11 208 8.249656e-04 8.249656e-03 0 1 2 3 1.322451e-15 0.000000e+00
12 198 1.038570e-03 8.249656e-04 0 1 2 3 -1.022254e-17 0.000000e+00
12 199 1.038570e-03 1.038570e-03 0 1 2 3 -2.640059e-17 0.000000e+00
12 200 1.038570e-03 1.307482e-03 0 1 2 3 -3.597874e-17 0.000000e+00
12 201 1.038570e-03 1.646023e-03 0 1 2 3 1.605672e-17 0.000000e+00
12 202 1.038570e-03 2.072220e-03 0 1 2 3 1.489135e-16 0.000000e+00
12 203 1.038570e-03 2.608770e-03 0 1 2 3 3.399319e-16 0.000000e+00
12 204 1.038570e-03 3.284247e-03 0 1 2 3 5.555973e-16 0.000000e+00
12 205 1.038570e-03 4.134622e-03 0 1 2 3 7.682496e-16 0.000000e+00
12 206 1.038570e-03 5.205181e-03 0 1 2 3 9.620828e-16 0.000000e+00
12 207 1.038570e-03 6.552935e-03 0 1 2 3 1.133839e-15 0.000000e+00
12 208 1.038570e-03 8.249656e-03 0 1 2 3 1.290801e-15 0.000000e+00
13 198 1.307482e-03 8.249656e-04 0 1 2 3 -5.193705e-18 0.000000e+00
13 199 1.307482e-03 1.038570e-03 0 1 2 3 -1.515651e-17 0.000000e+00
13 200 1.307482e-03 1.307482e-03 0 1 2 3 -3.997006e-17 0.000000e+00
13 201 1.307482e-03 1.646023e-03 0 1 2 3 -5.928945e-17 0.000000e+00
13 202 1.307482e-03 2.072220e-03 0 1 2 3 5.405327e-18 0.000000e+00
13 203 1.307482e-03 2.608770e-03 0 1 2 3 1.714343e-16 0.000000e+00
13 204 1.307482e-03 3.284247e-03 0 1 2 3 3.977059e-16 0.000000e+00
13 205 1.307482e-03 4.134622e-03 0 1 2 3 6.383594e-16 0.000000e+00
13 206 1.307482e-03 5.205181e-03 0 1 2 3 8.636610e-16 0.000000e+00
13 207 1.307482e-03 6.552935e-03 0 1 2 3 1.063031e-15 0.000000e+00
13 208 1.307482e-03 8.249656e-03 0 1 2 3 1.241313e-15 0.000000e+00
14 198 1.646023e-03 8.249656e-04 0 1 2 3 -2.226857e-18 0.000000e+00
14 199 1.646023e-03 1.038570e-03 0 1 2 3 -7.019599e-18 0.000000e+00
14 200 1.646023e-03 1.307482e-03 0 1 2 3 -1.994208e-17 0.000000e+00
14 201 1.646023e-03 1.646023e-03 0 1 2 3 -5.633756e-17 0.000000e+00
14 202 1.646023e-03 2.072220e-03 0 1 2 3 -8.943834e-17 0.000000e+00
14 203 1.646023e-03 2.608770e-03 0 1 2 3 -9.911899e-18 0.000000e+00
14 204 1.646023e-03 3.284247e-03 0 1 2 3 1.925230e-16 0.000000e+00
14 205 1.646023e-03 4.134622e-03 0 1 2 3 4.537274e-16 0.000000e+00
14 206 1.646023e-03 5.205181e-03 0 1 2 3 7.170490e-16 0.000000e+00
14 207 1.646023e-03 6.552935e-03 0 1 2 3 9.548048e-16 0.000000e+00
14 208 1.646023e-03 8.249656e-03 0 1 2 3 1.164567e-15 0.000000e+00
15 198 2.072220e-03 8.249656e-04 0 1 2 3 -7.279897e-19 0.000000e+00
15 199 2.072220e-03 1.038570e-03 0 1 2 3 -2.895678e-18 0.000000e+00
15 200 2.072220e-03 1.307482e-03 0 1 2 3 -8.026158e-18 0.000000e+00
15 201 2.072220e-03 1.646023e-03 0 1 2 3 -2.412002e-17 0.000000e+00
15 202 2.072220e-03 2.072220e-03 0 1 2 3 -7.450011e-17 0.000000e+00
15 203 2.072220e-03 2.608770e-03 0 1 2 3 -1.251141e-16 0.000000e+00
15 204 2.072220e-03 3.284247e-03 0 1 2 3 -2.845786e-17 0.000000e+00
15 205 2.072220e-03 4.134622e-03 0 1 2 3 2.127503e-16 0.000000e+00
15 206 2.072220e-03 5.205181e-03 0 1 2 3 5.079443e-16 0.000000e+00
15 207 2.072220e-03 6.552935e-03 0 1 2 3 7.932691e-16 0.000000e+00
15 208 2.072220e-03 8.249656e-03 0 1 2 3 1.047158e-15 0.000000e+00
16 198 2.608770e-03 8.249656e-04 0 1 2 3 -6.213568e-20 0.000000e+00
16 199 2.608770e-03 1.038570e-03 0 1 2 3 -1.086561e-18 0.000000e+00
16 200 2.608770e-03 1.307482e-03 0 1 2 3 -2.869065e-18 0.000000e+00
16 201 2.608770e-03 1.646023e-03 0 1 2 3 -8.260284e-18 0.000000e+00
16 202 2.608770e-03 2.072220e-03 0 1 2 3 -2.696589e-17 0.000000e+00
16 203 2.608770e-03 2.608770e-03 0 1 2 3 -9.261191e-17 0.000000e+00
16 204 2.608770e-03 3.284247e-03 0 1 2 3 -1.641335e-16 0.000000e+00
16 205 2.608770e-03 4.134622e-03 0 1 2 3 -4.776386e-17 0.000000e+00
16 206 2.608770e-03 5.205181e-03 0 1 2 3 2.336029e-16 0.000000e+00
16 207 2.608770e-03 6.552935e-03 0 1 2 3 5.621272e-16 0.000000e+00
16 208 2.608770e-03 8.249656e-03 0 1 2 3 8.716477e-16 0.000000e+00
17 198 3.284247e-03 8.249656e-04 0 1 2 3 1.976299e-19 0.000000e+00
17 199 3.284247e-03 1.038570e-03 0 1 2 3 -3.899738e-19 0.000000e+00
17 200 3.284247e-03 1.307482e-03 0 1 2 3 -9.260564e-19 0.000000e+00
17 201 3.284247e-03 1.646023e-03 0 1 2 3 -2.474200e-18 0.000000e+00
17 202 3.284247e-03 2.072220e-03 0 1 2 3 -7.754125e-18 0.000000e+00
17 203 3.284247e-03 2.608770e-03 0 1 2 3 -2.766263e-17 0.000000e+00
17 204 3.284247e-03 3.284247e-03 0 1 2 3 -1.089127e-16 0.000000e+00
17 205 3.284247e-03 4.134622e-03 0 1 2 3 -2.036701e-16 0.000000e+00
17 206 3.284247e-03 5.205181e-03 0 1 2 3 -6.491942e-17 0.000000e+00
17 207 3.284247e-03 6.552935e-03 0 1 2 3 2.572253e-16 0.000000e+00
17 208 3.284247e-03 8.249656e-03 0 1 2 3 6.198384e-16 0.000000e+00
18 198 4.134622e-03 8.249656e-04 0 1 2 3 2.858561e-19 0.000000e+00
18 199 4.134622e-03 1.038570e-03 0 1 2 3 -1.562145e-19 0.000000e+00
18 200 4.134622e-03 1.307482e-03 0 1 2 3 -2.871426e-19 0.000000e+00
18 201 4.134622e-03 1.646023e-03 0 1 2 3 -6.335151e-19 0.000000e+00
18 202 4.134622e-03 2.072220e-03 0 1 2 3 -1.964970e-18 0.000000e+00
18 203 4.134622e-03 2.608770e-03 0 1 2 3 -6.492881e-18 0.000000e+00
18 204 4.134622e-03 3.284247e-03 0 1 2 3 -2.610058e-17 0.000000e+00
18 205 4.134622e-03 4.134622e-03 0 1 2 3 -1.220447e-16 0.000000e+00
18 206 4.134622e-03 5.205181e-03 0 1 2 3 -2.409981e-16 0.000000e+00
18 207 4.134622e-03 6.552935e-03 0 1 2 3 -7.735019e-17 0.000000e+00
18 208 4.134622e-03 8.249656e-03 0 1 2 3 2.860640e-16 0.000000e+00
19 198 5.205181e-03 8.249656e-04 0 1 2 3 3.112269e-19 0.000000e+00
19 199 5.205181e-03 1.038570e-03 0 1 2 3 -8.936960e-20 0.000000e+00
19 200 5.205181e-03 1.307482e-03 0 1 2 3 -1.071948e-19 0.000000e+00
19 201 5.205181e-03 1.646023e-03 0 1 2 3 -1.281409e-19 0.000000e+00
19 202 5.205181e-03 2.072220e-03 0 1 2 3 -4.453881e-19 0.000000e+00
19 203 5.205181e-03 2.608770e-03 0 1 2 3 -1.366666e-18 0.000000e+00
19 204 5.205181e-03 3.284247e-03 0 1 2 3 -4.898345e-18 0.000000e+00
19 205 5.205181e-03 4.134622e-03 0 1 2 3 -2.279234e-17 0.000000e+00
19 206 5.205181e-03 5.205181e-03 0 1 2 3 -1.315807e-16 0.000000e+00
19 207 5.205181e-03 6.552935e-03 0 1 2 3 -2.742758e-16 0.000000e+00
19 208 5.205181e-03 8.249656e-03 0 1 2 3 -8.349773e-17 0.000000e+00
20 198 6.552935e-03 8.249656e-04 0 1 2 3 3.171387e-19 0.000000e+00
20 199 6.552935e-03 1.038570e-03 0 1 2 3 -7.357839e-20 0.000000e+00
20 200 6.552935e-03 1.307482e-03 0 1 2 3 -6.520821e-20 0.000000e+00
20 201 6.552935e-03 1.646023e-03 0 1 2 3 -1.244907e-20 0.000000e+00
20 202 6.552935e-03 2.072220e-03 0 1 2 3 -1.084344e-19 0.000000e+00
20 203 6.552935e-03 2.608770e-03 0 1 2 3 -2.936451e-19 0.000000e+00
20 204 6.552935e-03 3.284247e-03 0 1 2 3 -9.258697e-19 0.000000e+00
20 205 6.552935e-03 4.134622e-03 0 1 2 3 -3.503864e-18 0.000000e+00
20 206 6.552935e-03 5.205181e-03 0 1 2 3 -1.883964e-17 0.000000e+00
20 207 6.552935e-03 6.552935e-03 0 1 2 3 -1.382743e-16 0.000000e+00
20 208 6.552935e-03 8.249656e-03 0 1 2 3 -3.031291e-16 0.000000e+00
21 198 8.249656e-03 8.249656e-04 0 1 2 3 3.181422e-19 0.000000e+00
21 199 8.249656e-03 1.038570e-03 0 1 2 3 -7.037833e-20 0.000000e+00
21 200 8.249656e-03 1.307482e-03 0 1 2 3 -5.698627e-20 0.000000e+00
21 201 8.249656e-03 1.646023e-03 0 1 2 3 9.604154e-21 0.000000e+00
21 202 8.249656e-03 2.072220e-03 0 1 2 3 -4.606765e-20 0.000000e+00
21 203 8.249656e-03 2.608770e-03 0 1 2 3 -1.044266e-19 0.000000e+00
21 204 8.249656e-03 3.284247e-03 0 1 2 3 -2.792465e-19 0.000000e+00
21 205 8.249656e-03 4.134622e-03 0 1 2 3 -8.143881e-19 0.000000e+00
21 206 8.249656e-03 5.205181e-03 0 1 2 3 -2.828609e-18 0.000000e+00
21 207 8.249656e-03 6.552935e-03 0 1 2 3 -1.568233e-17 0.000000e+00
21 208 8.249656e-03 8.249656e-03 0 1 2 3 -1.440017e-16 0.000000e+00
