# Please cite the following papers in research using this covariance:
# arXiv: 1601.05779, https://arxiv.org/abs/1601.05779
# arXiv: 1911.11947, https://arxiv.org/abs/1911.11947
# arXiv: 2004.04833, https://arxiv.org/abs/2004.04833
# arXiv: 1804.10663, https://arxiv.org/abs/1804.10663
########################################################
187 198 8.249656e-04 8.249656e-04 2 2 2 3 5.342493e-14 0.000000e+00
187 199 8.249656e-04 1.038570e-03 2 2 2 3 2.937892e-14 0.000000e+00
187 200 8.249656e-04 1.307482e-03 2 2 2 3 1.029689e-14 0.000000e+00
187 201 8.249656e-04 1.646023e-03 2 2 2 3 3.443219e-15 0.000000e+00
187 202 8.249656e-04 2.072220e-03 2 2 2 3 1.124811e-15 0.000000e+00
187 203 8.249656e-04 2.608770e-03 2 2 2 3 3.629559e-16 0.000000e+00
187 204 8.249656e-04 3.284247e-03 2 2 2 3 1.166409e-16 0.000000e+00
187 205 8.249656e-04 4.134622e-03 2 2 2 3 3.779104e-17 0.000000e+00
187 206 8.249656e-04 5.205181e-03 2 2 2 3 1.237510e-17 0.000000e+00
187 207 8.249656e-04 6.552935e-03 2 2 2 3 4.244877e-18 0.000000e+00
187 208 8.249656e-04 8.249656e-03 2 2 2 3 1.468221e-18 0.000000e+00
188 198 1.038570e-03 8.249656e-04 2 2 2 3 2.937892e-14 0.000000e+00
188 199 1.038570e-03 1.038570e-03 2 2 2 3 5.187255e-14 0.000000e+00
188 200 1.038570e-03 1.307482e-03 2 2 2 3 2.743858e-14 0.000000e+00
188 201 1.038570e-03 1.646023e-03 2 2 2 3 9.127802e-15 0.000000e+00
188 202 1.038570e-03 2.072220e-03 2 2 2 3 2.939344e-15 0.000000e+00
188 203 1.038570e-03 2.608770e-03 2 2 2 3 9.362230e-16 0.000000e+00
188 204 1.038570e-03 3.284247e-03 2 2 2 3 2.979651e-16 0.000000e+00
188 205 1.038570e-03 4.134622e-03 2 2 2 3 9.580094e-17 0.000000e+00
188 206 1.038570e-03 5.205181e-03 2 2 2 3 3.145817e-17 0.000000e+00
188 207 1.038570e-03 6.552935e-03 2 2 2 3 1.061967e-17 0.000000e+00
188 208 1.038570e-03 8.249656e-03 2 2 2 3 3.740340e-18 0.000000e+00
189 198 1.307482e-03 8.249656e-04 2 2 2 3 1.029689e-14 0.000000e+00
189 199 1.307482e-03 1.038570e-03 2 2 2 3 2.743858e-14 0.000000e+00
189 200 1.307482e-03 1.307482e-03 2 2 2 3 4.938282e-14 0.000000e+00
189 201 1.307482e-03 1.646023e-03 2 2 2 3 2.503232e-14 0.000000e+00
189 202 1.307482e-03 2.072220e-03 2 2 2 3 7.896034e-15 0.000000e+00
189 203 1.307482e-03 2.608770e-03 2 2 2 3 2.459274e-15 0.000000e+00
189 204 1.307482e-03 3.284247e-03 2 2 2 3 7.700457e-16 0.000000e+00
189 205 1.307482e-03 4.134622e-03 2 2 2 3 2.446925e-16 0.000000e+00
189 206 1.307482e-03 5.205181e-03 2 2 2 3 7.971558e-17 0.000000e+00
189 207 1.307482e-03 6.552935e-03 2 2 2 3 2.690119e-17 0.000000e+00
189 208 1.307482e-03 8.249656e-03 2 2 2 3 9.516311e-18 0.000000e+00
190 198 1.646023e-03 8.249656e-04 2 2 2 3 3.443219e-15 0.000000e+00
190 199 1.646023e-03 1.038570e-03 2 2 2 3 9.127802e-15 0.000000e+00
190 200 1.646023e-03 1.307482e-03 2 2 2 3 2.503232e-14 0.000000e+00
190 201 1.646023e-03 1.646023e-03 2 2 2 3 4.609484e-14 0.000000e+00
190 202 1.646023e-03 2.072220e-03 2 2 2 3 2.232037e-14 0.000000e+00
190 203 1.646023e-03 2.608770e-03 2 2 2 3 6.685519e-15 0.000000e+00
190 204 1.646023e-03 3.284247e-03 2 2 2 3 2.030547e-15 0.000000e+00
190 205 1.646023e-03 4.134622e-03 2 2 2 3 6.324320e-16 0.000000e+00
190 206 1.646023e-03 5.205181e-03 2 2 2 3 2.034656e-16 0.000000e+00
190 207 1.646023e-03 6.552935e-03 2 2 2 3 6.805425e-17 0.000000e+00
190 208 1.646023e-03 8.249656e-03 2 2 2 3 2.384951e-17 0.000000e+00
191 198 2.072220e-03 8.249656e-04 2 2 2 3 1.124811e-15 0.000000e+00
191 199 2.072220e-03 1.038570e-03 2 2 2 3 2.939344e-15 0.000000e+00
191 200 2.072220e-03 1.307482e-03 2 2 2 3 7.896034e-15 0.000000e+00
191 201 2.072220e-03 1.646023e-03 2 2 2 3 2.232037e-14 0.000000e+00
191 202 2.072220e-03 2.072220e-03 2 2 2 3 4.219679e-14 0.000000e+00
191 203 2.072220e-03 2.608770e-03 2 2 2 3 1.948664e-14 0.000000e+00
191 204 2.072220e-03 3.284247e-03 2 2 2 3 5.571028e-15 0.000000e+00
191 205 2.072220e-03 4.134622e-03 2 2 2 3 1.669683e-15 0.000000e+00
191 206 2.072220e-03 5.205181e-03 2 2 2 3 5.249056e-16 0.000000e+00
191 207 2.072220e-03 6.552935e-03 2 2 2 3 1.733158e-16 0.000000e+00
191 208 2.072220e-03 8.249656e-03 2 2 2 3 6.037690e-17 0.000000e+00
192 198 2.608770e-03 8.249656e-04 2 2 2 3 3.629559e-16 0.000000e+00
192 199 2.608770e-03 1.038570e-03 2 2 2 3 9.362230e-16 0.000000e+00
192 200 2.608770e-03 1.307482e-03 2 2 2 3 2.459274e-15 0.000000e+00
192 201 2.608770e-03 1.646023e-03 2 2 2 3 6.685519e-15 0.000000e+00
192 202 2.608770e-03 2.072220e-03 2 2 2 3 1.948664e-14 0.000000e+00
192 203 2.608770e-03 2.608770e-03 2 2 2 3 3.792762e-14 0.000000e+00
192 204 2.608770e-03 3.284247e-03 2 2 2 3 1.670918e-14 0.000000e+00
192 205 2.608770e-03 4.134622e-03 2 2 2 3 4.603669e-15 0.000000e+00
192 206 2.608770e-03 5.205181e-03 2 2 2 3 1.382910e-15 0.000000e+00
192 207 2.608770e-03 6.552935e-03 2 2 2 3 4.456804e-16 0.000000e+00
192 208 2.608770e-03 8.249656e-03 2 2 2 3 1.531198e-16 0.000000e+00
193 198 3.284247e-03 8.249656e-04 2 2 2 3 1.166409e-16 0.000000e+00
193 199 3.284247e-03 1.038570e-03 2 2 2 3 2.979651e-16 0.000000e+00
193 200 3.284247e-03 1.307482e-03 2 2 2 3 7.700457e-16 0.000000e+00
193 201 3.284247e-03 1.646023e-03 2 2 2 3 2.030547e-15 0.000000e+00
193 202 3.284247e-03 2.072220e-03 2 2 2 3 5.571028e-15 0.000000e+00
193 203 3.284247e-03 2.608770e-03 2 2 2 3 1.670918e-14 0.000000e+00
193 204 3.284247e-03 3.284247e-03 2 2 2 3 3.353644e-14 0.000000e+00
193 205 3.284247e-03 4.134622e-03 2 2 2 3 1.413694e-14 0.000000e+00
193 206 3.284247e-03 5.205181e-03 2 2 2 3 3.810187e-15 0.000000e+00
193 207 3.284247e-03 6.552935e-03 2 2 2 3 1.167864e-15 0.000000e+00
193 208 3.284247e-03 8.249656e-03 2 2 2 3 3.915517e-16 0.000000e+00
194 198 4.134622e-03 8.249656e-04 2 2 2 3 3.779104e-17 0.000000e+00
194 199 4.134622e-03 1.038570e-03 2 2 2 3 9.580094e-17 0.000000e+00
194 200 4.134622e-03 1.307482e-03 2 2 2 3 2.446925e-16 0.000000e+00
194 201 4.134622e-03 1.646023e-03 2 2 2 3 6.324320e-16 0.000000e+00
194 202 4.134622e-03 2.072220e-03 2 2 2 3 1.669683e-15 0.000000e+00
194 203 4.134622e-03 2.608770e-03 2 2 2 3 4.603669e-15 0.000000e+00
194 204 4.134622e-03 3.284247e-03 2 2 2 3 1.413694e-14 0.000000e+00
194 205 4.134622e-03 4.134622e-03 2 2 2 3 2.925448e-14 0.000000e+00
194 206 4.134622e-03 5.205181e-03 2 2 2 3 1.187592e-14 0.000000e+00
194 207 4.134622e-03 6.552935e-03 2 2 2 3 3.194806e-15 0.000000e+00
194 208 4.134622e-03 8.249656e-03 2 2 2 3 1.017336e-15 0.000000e+00
195 198 5.205181e-03 8.249656e-04 2 2 2 3 1.237510e-17 0.000000e+00
195 199 5.205181e-03 1.038570e-03 2 2 2 3 3.145817e-17 0.000000e+00
195 200 5.205181e-03 1.307482e-03 2 2 2 3 7.971558e-17 0.000000e+00
195 201 5.205181e-03 1.646023e-03 2 2 2 3 2.034656e-16 0.000000e+00
195 202 5.205181e-03 2.072220e-03 2 2 2 3 5.249056e-16 0.000000e+00
195 203 5.205181e-03 2.608770e-03 2 2 2 3 1.382910e-15 0.000000e+00
195 204 5.205181e-03 3.284247e-03 2 2 2 3 3.810187e-15 0.000000e+00
195 205 5.205181e-03 4.134622e-03 2 2 2 3 1.187592e-14 0.000000e+00
195 206 5.205181e-03 5.205181e-03 2 2 2 3 2.527109e-14 0.000000e+00
195 207 5.205181e-03 6.552935e-03 2 2 2 3 9.985443e-15 0.000000e+00
195 208 5.205181e-03 8.249656e-03 2 2 2 3 2.746074e-15 0.000000e+00
196 198 6.552935e-03 8.249656e-04 2 2 2 3 4.244877e-18 0.000000e+00
196 199 6.552935e-03 1.038570e-03 2 2 2 3 1.061967e-17 0.000000e+00
196 200 6.552935e-03 1.307482e-03 2 2 2 3 2.690119e-17 0.000000e+00
196 201 6.552935e-03 1.646023e-03 2 2 2 3 6.805425e-17 0.000000e+00
196 202 6.552935e-03 2.072220e-03 2 2 2 3 1.733158e-16 0.000000e+00
196 203 6.552935e-03 2.608770e-03 2 2 2 3 4.456804e-16 0.000000e+00
196 204 6.552935e-03 3.284247e-03 2 2 2 3 1.167864e-15 0.000000e+00
196 205 6.552935e-03 4.134622e-03 2 2 2 3 3.194806e-15 0.000000e+00
196 206 6.552935e-03 5.205181e-03 2 2 2 3 9.985443e-15 0.000000e+00
196 207 6.552935e-03 6.552935e-03 2 2 2 3 2.172308e-14 0.000000e+00
196 208 6.552935e-03 8.249656e-03 2 2 2 3 8.482139e-15 0.000000e+00
197 198 8.249656e-03 8.249656e-04 2 2 2 3 1.468221e-18 0.000000e+00
197 199 8.249656e-03 1.038570e-03 2 2 2 3 3.740340e-18 0.000000e+00
197 200 8.249656e-03 1.307482e-03 2 2 2 3 9.516311e-18 0.000000e+00
197 201 8.249656e-03 1.646023e-03 2 2 2 3 2.384951e-17 0.000000e+00
197 202 8.249656e-03 2.072220e-03 2 2 2 3 6.037690e-17 0.000000e+00
197 203 8.249656e-03 2.608770e-03 2 2 2 3 1.531198e-16 0.000000e+00
197 204 8.249656e-03 3.284247e-03 2 2 2 3 3.915517e-16 0.000000e+00
197 205 8.249656e-03 4.134622e-03 2 2 2 3 1.017336e-15 0.000000e+00
197 206 8.249656e-03 5.205181e-03 2 2 2 3 2.746074e-15 0.000000e+00
197 207 8.249656e-03 6.552935e-03 2 2 2 3 8.482139e-15 0.000000e+00
197 208 8.249656e-03 8.249656e-03 2 2 2 3 1.869135e-14 0.000000e+00
