# Please cite the following papers in research using this covariance:
# arXiv: 1601.05779, https://arxiv.org/abs/1601.05779
# arXiv: 1911.11947, https://arxiv.org/abs/1911.11947
# arXiv: 2004.04833, https://arxiv.org/abs/2004.04833
# arXiv: 1804.10663, https://arxiv.org/abs/1804.10663
########################################################
33 66 8.249656e-04 8.249656e-04 0 3 1 3 1.375526e-13 0.000000e+00
33 67 8.249656e-04 1.038570e-03 0 3 1 3 1.281082e-13 0.000000e+00
33 68 8.249656e-04 1.307482e-03 0 3 1 3 1.170103e-13 0.000000e+00
33 69 8.249656e-04 1.646023e-03 0 3 1 3 1.071270e-13 0.000000e+00
33 70 8.249656e-04 2.072220e-03 0 3 1 3 9.856374e-14 0.000000e+00
33 71 8.249656e-04 2.608770e-03 0 3 1 3 9.118612e-14 0.000000e+00
33 72 8.249656e-04 3.284247e-03 0 3 1 3 8.477742e-14 0.000000e+00
33 73 8.249656e-04 4.134622e-03 0 3 1 3 7.909063e-14 0.000000e+00
33 74 8.249656e-04 5.205181e-03 0 3 1 3 7.387762e-14 0.000000e+00
33 75 8.249656e-04 6.552935e-03 0 3 1 3 6.890798e-14 0.000000e+00
33 76 8.249656e-04 8.249656e-03 0 3 1 3 6.398125e-14 0.000000e+00
34 66 1.038570e-03 8.249656e-04 0 3 1 3 1.281082e-13 0.000000e+00
34 67 1.038570e-03 1.038570e-03 0 3 1 3 1.273571e-13 0.000000e+00
34 68 1.038570e-03 1.307482e-03 0 3 1 3 1.183536e-13 0.000000e+00
34 69 1.038570e-03 1.646023e-03 0 3 1 3 1.080049e-13 0.000000e+00
34 70 1.038570e-03 2.072220e-03 0 3 1 3 9.906249e-14 0.000000e+00
34 71 1.038570e-03 2.608770e-03 0 3 1 3 9.144578e-14 0.000000e+00
34 72 1.038570e-03 3.284247e-03 0 3 1 3 8.490066e-14 0.000000e+00
34 73 1.038570e-03 4.134622e-03 0 3 1 3 7.914201e-14 0.000000e+00
34 74 1.038570e-03 5.205181e-03 0 3 1 3 7.389429e-14 0.000000e+00
34 75 1.038570e-03 6.552935e-03 0 3 1 3 6.890965e-14 0.000000e+00
34 76 1.038570e-03 8.249656e-03 0 3 1 3 6.397777e-14 0.000000e+00
35 66 1.307482e-03 8.249656e-04 0 3 1 3 1.170103e-13 0.000000e+00
35 67 1.307482e-03 1.038570e-03 0 3 1 3 1.183536e-13 0.000000e+00
35 68 1.307482e-03 1.307482e-03 0 3 1 3 1.179952e-13 0.000000e+00
35 69 1.307482e-03 1.646023e-03 0 3 1 3 1.094750e-13 0.000000e+00
35 70 1.307482e-03 2.072220e-03 0 3 1 3 9.991877e-14 0.000000e+00
35 71 1.307482e-03 2.608770e-03 0 3 1 3 9.188735e-14 0.000000e+00
35 72 1.307482e-03 3.284247e-03 0 3 1 3 8.510801e-14 0.000000e+00
35 73 1.307482e-03 4.134622e-03 0 3 1 3 7.922796e-14 0.000000e+00
35 74 1.307482e-03 5.205181e-03 0 3 1 3 7.392237e-14 0.000000e+00
35 75 1.307482e-03 6.552935e-03 0 3 1 3 6.891302e-14 0.000000e+00
35 76 1.307482e-03 8.249656e-03 0 3 1 3 6.397265e-14 0.000000e+00
36 66 1.646023e-03 8.249656e-04 0 3 1 3 1.071270e-13 0.000000e+00
36 67 1.646023e-03 1.038570e-03 0 3 1 3 1.080049e-13 0.000000e+00
36 68 1.646023e-03 1.307482e-03 0 3 1 3 1.094750e-13 0.000000e+00
36 69 1.646023e-03 1.646023e-03 0 3 1 3 1.094504e-13 0.000000e+00
36 70 1.646023e-03 2.072220e-03 0 3 1 3 1.014305e-13 0.000000e+00
36 71 1.646023e-03 2.608770e-03 0 3 1 3 9.266979e-14 0.000000e+00
36 72 1.646023e-03 3.284247e-03 0 3 1 3 8.546893e-14 0.000000e+00
36 73 1.646023e-03 4.134622e-03 0 3 1 3 7.937567e-14 0.000000e+00
36 74 1.646023e-03 5.205181e-03 0 3 1 3 7.397063e-14 0.000000e+00
36 75 1.646023e-03 6.552935e-03 0 3 1 3 6.891951e-14 0.000000e+00
36 76 1.646023e-03 8.249656e-03 0 3 1 3 6.396483e-14 0.000000e+00
37 66 2.072220e-03 8.249656e-04 0 3 1 3 9.856374e-14 0.000000e+00
37 67 2.072220e-03 1.038570e-03 0 3 1 3 9.906249e-14 0.000000e+00
37 68 2.072220e-03 1.307482e-03 0 3 1 3 9.991877e-14 0.000000e+00
37 69 2.072220e-03 1.646023e-03 0 3 1 3 1.014305e-13 0.000000e+00
37 70 2.072220e-03 2.072220e-03 0 3 1 3 1.016595e-13 0.000000e+00
37 71 2.072220e-03 2.608770e-03 0 3 1 3 9.413603e-14 0.000000e+00
37 72 2.072220e-03 3.284247e-03 0 3 1 3 8.613445e-14 0.000000e+00
37 73 2.072220e-03 4.134622e-03 0 3 1 3 7.964186e-14 0.000000e+00
37 74 2.072220e-03 5.205181e-03 0 3 1 3 7.405733e-14 0.000000e+00
37 75 2.072220e-03 6.552935e-03 0 3 1 3 6.893285e-14 0.000000e+00
37 76 2.072220e-03 8.249656e-03 0 3 1 3 6.395322e-14 0.000000e+00
38 66 2.608770e-03 8.249656e-04 0 3 1 3 9.118612e-14 0.000000e+00
38 67 2.608770e-03 1.038570e-03 0 3 1 3 9.144578e-14 0.000000e+00
38 68 2.608770e-03 1.307482e-03 0 3 1 3 9.188735e-14 0.000000e+00
38 69 2.608770e-03 1.646023e-03 0 3 1 3 9.266979e-14 0.000000e+00
38 70 2.608770e-03 2.072220e-03 0 3 1 3 9.413603e-14 0.000000e+00
38 71 2.608770e-03 2.608770e-03 0 3 1 3 9.452467e-14 0.000000e+00
38 72 2.608770e-03 3.284247e-03 0 3 1 3 8.747457e-14 0.000000e+00
38 73 2.608770e-03 4.134622e-03 0 3 1 3 8.016078e-14 0.000000e+00
38 74 2.608770e-03 5.205181e-03 0 3 1 3 7.422436e-14 0.000000e+00
38 75 2.608770e-03 6.552935e-03 0 3 1 3 6.896259e-14 0.000000e+00
38 76 2.608770e-03 8.249656e-03 0 3 1 3 6.393713e-14 0.000000e+00
39 66 3.284247e-03 8.249656e-04 0 3 1 3 8.477742e-14 0.000000e+00
39 67 3.284247e-03 1.038570e-03 0 3 1 3 8.490066e-14 0.000000e+00
39 68 3.284247e-03 1.307482e-03 0 3 1 3 8.510801e-14 0.000000e+00
39 69 3.284247e-03 1.646023e-03 0 3 1 3 8.546893e-14 0.000000e+00
39 70 3.284247e-03 2.072220e-03 0 3 1 3 8.613445e-14 0.000000e+00
39 71 3.284247e-03 2.608770e-03 0 3 1 3 8.747457e-14 0.000000e+00
39 72 3.284247e-03 3.284247e-03 0 3 1 3 8.792352e-14 0.000000e+00
39 73 3.284247e-03 4.134622e-03 0 3 1 3 8.130812e-14 0.000000e+00
39 74 3.284247e-03 5.205181e-03 0 3 1 3 7.458201e-14 0.000000e+00
39 75 3.284247e-03 6.552935e-03 0 3 1 3 6.903482e-14 0.000000e+00
39 76 3.284247e-03 8.249656e-03 0 3 1 3 6.391805e-14 0.000000e+00
40 66 4.134622e-03 8.249656e-04 0 3 1 3 7.909063e-14 0.000000e+00
40 67 4.134622e-03 1.038570e-03 0 3 1 3 7.914201e-14 0.000000e+00
40 68 4.134622e-03 1.307482e-03 0 3 1 3 7.922796e-14 0.000000e+00
40 69 4.134622e-03 1.646023e-03 0 3 1 3 7.937567e-14 0.000000e+00
40 70 4.134622e-03 2.072220e-03 0 3 1 3 7.964186e-14 0.000000e+00
40 71 4.134622e-03 2.608770e-03 0 3 1 3 8.016078e-14 0.000000e+00
40 72 4.134622e-03 3.284247e-03 0 3 1 3 8.130812e-14 0.000000e+00
40 73 4.134622e-03 4.134622e-03 0 3 1 3 8.172110e-14 0.000000e+00
40 74 4.134622e-03 5.205181e-03 0 3 1 3 7.548999e-14 0.000000e+00
40 75 4.134622e-03 6.552935e-03 0 3 1 3 6.923177e-14 0.000000e+00
40 76 4.134622e-03 8.249656e-03 0 3 1 3 6.390731e-14 0.000000e+00
41 66 5.205181e-03 8.249656e-04 0 3 1 3 7.387762e-14 0.000000e+00
41 67 5.205181e-03 1.038570e-03 0 3 1 3 7.389429e-14 0.000000e+00
41 68 5.205181e-03 1.307482e-03 0 3 1 3 7.392237e-14 0.000000e+00
41 69 5.205181e-03 1.646023e-03 0 3 1 3 7.397063e-14 0.000000e+00
41 70 5.205181e-03 2.072220e-03 0 3 1 3 7.405733e-14 0.000000e+00
41 71 5.205181e-03 2.608770e-03 0 3 1 3 7.422436e-14 0.000000e+00
41 72 5.205181e-03 3.284247e-03 0 3 1 3 7.458201e-14 0.000000e+00
41 73 5.205181e-03 4.134622e-03 0 3 1 3 7.548999e-14 0.000000e+00
41 74 5.205181e-03 5.205181e-03 0 3 1 3 7.578193e-14 0.000000e+00
41 75 5.205181e-03 6.552935e-03 0 3 1 3 6.987697e-14 0.000000e+00
41 76 5.205181e-03 8.249656e-03 0 3 1 3 6.395773e-14 0.000000e+00
42 66 6.552935e-03 8.249656e-04 0 3 1 3 6.890798e-14 0.000000e+00
42 67 6.552935e-03 1.038570e-03 0 3 1 3 6.890965e-14 0.000000e+00
42 68 6.552935e-03 1.307482e-03 0 3 1 3 6.891302e-14 0.000000e+00
42 69 6.552935e-03 1.646023e-03 0 3 1 3 6.891951e-14 0.000000e+00
42 70 6.552935e-03 2.072220e-03 0 3 1 3 6.893285e-14 0.000000e+00
42 71 6.552935e-03 2.608770e-03 0 3 1 3 6.896259e-14 0.000000e+00
42 72 6.552935e-03 3.284247e-03 0 3 1 3 6.903482e-14 0.000000e+00
42 73 6.552935e-03 4.134622e-03 0 3 1 3 6.923177e-14 0.000000e+00
42 74 6.552935e-03 5.205181e-03 0 3 1 3 6.987697e-14 0.000000e+00
42 75 6.552935e-03 6.552935e-03 0 3 1 3 6.998066e-14 0.000000e+00
42 76 6.552935e-03 8.249656e-03 0 3 1 3 6.434084e-14 0.000000e+00
43 66 8.249656e-03 8.249656e-04 0 3 1 3 6.398125e-14 0.000000e+00
43 67 8.249656e-03 1.038570e-03 0 3 1 3 6.397777e-14 0.000000e+00
43 68 8.249656e-03 1.307482e-03 0 3 1 3 6.397265e-14 0.000000e+00
43 69 8.249656e-03 1.646023e-03 0 3 1 3 6.396483e-14 0.000000e+00
43 70 8.249656e-03 2.072220e-03 0 3 1 3 6.395322e-14 0.000000e+00
43 71 8.249656e-03 2.608770e-03 0 3 1 3 6.393713e-14 0.000000e+00
43 72 8.249656e-03 3.284247e-03 0 3 1 3 6.391805e-14 0.000000e+00
43 73 8.249656e-03 4.134622e-03 0 3 1 3 6.390731e-14 0.000000e+00
43 74 8.249656e-03 5.205181e-03 0 3 1 3 6.395773e-14 0.000000e+00
43 75 8.249656e-03 6.552935e-03 0 3 1 3 6.434084e-14 0.000000e+00
43 76 8.249656e-03 8.249656e-03 0 3 1 3 6.421255e-14 0.000000e+00
