# Please cite the following papers in research using this covariance:
# arXiv: 1601.05779, https://arxiv.org/abs/1601.05779
# arXiv: 1911.11947, https://arxiv.org/abs/1911.11947
# arXiv: 2004.04833, https://arxiv.org/abs/2004.04833
# arXiv: 1804.10663, https://arxiv.org/abs/1804.10663
########################################################
33 165 8.249656e-04 8.249656e-04 0 3 1 2 -1.804645e-17 0.000000e+00
33 166 8.249656e-04 1.038570e-03 0 3 1 2 -2.229660e-17 0.000000e+00
33 167 8.249656e-04 1.307482e-03 0 3 1 2 2.397106e-17 0.000000e+00
33 168 8.249656e-04 1.646023e-03 0 3 1 2 1.412385e-16 0.000000e+00
33 169 8.249656e-04 2.072220e-03 0 3 1 2 3.179035e-16 0.000000e+00
33 170 8.249656e-04 2.608770e-03 0 3 1 2 5.296800e-16 0.000000e+00
33 171 8.249656e-04 3.284247e-03 0 3 1 2 7.514846e-16 0.000000e+00
33 172 8.249656e-04 4.134622e-03 0 3 1 2 9.643722e-16 0.000000e+00
33 173 8.249656e-04 5.205181e-03 0 3 1 2 1.158732e-15 0.000000e+00
33 174 8.249656e-04 6.552935e-03 0 3 1 2 1.334995e-15 0.000000e+00
33 175 8.249656e-04 8.249656e-03 0 3 1 2 1.502427e-15 0.000000e+00
34 165 1.038570e-03 8.249656e-04 0 3 1 2 -1.164716e-17 0.000000e+00
34 166 1.038570e-03 1.038570e-03 0 3 1 2 -3.007141e-17 0.000000e+00
34 167 1.038570e-03 1.307482e-03 0 3 1 2 -4.113573e-17 0.000000e+00
34 168 1.038570e-03 1.646023e-03 0 3 1 2 1.761515e-17 0.000000e+00
34 169 1.038570e-03 2.072220e-03 0 3 1 2 1.676895e-16 0.000000e+00
34 170 1.038570e-03 2.608770e-03 0 3 1 2 3.830966e-16 0.000000e+00
34 171 1.038570e-03 3.284247e-03 0 3 1 2 6.260804e-16 0.000000e+00
34 172 1.038570e-03 4.134622e-03 0 3 1 2 8.660624e-16 0.000000e+00
34 173 1.038570e-03 5.205181e-03 0 3 1 2 1.086125e-15 0.000000e+00
34 174 1.038570e-03 6.552935e-03 0 3 1 2 1.283411e-15 0.000000e+00
34 175 1.038570e-03 8.249656e-03 0 3 1 2 1.466541e-15 0.000000e+00
35 165 1.307482e-03 8.249656e-04 0 3 1 2 -5.880307e-18 0.000000e+00
35 166 1.307482e-03 1.038570e-03 0 3 1 2 -1.713555e-17 0.000000e+00
35 167 1.307482e-03 1.307482e-03 0 3 1 2 -4.533496e-17 0.000000e+00
35 168 1.307482e-03 1.646023e-03 0 3 1 2 -6.742287e-17 0.000000e+00
35 169 1.307482e-03 2.072220e-03 0 3 1 2 5.662750e-18 0.000000e+00
35 170 1.307482e-03 2.608770e-03 0 3 1 2 1.931510e-16 0.000000e+00
35 171 1.307482e-03 3.284247e-03 0 3 1 2 4.483389e-16 0.000000e+00
35 172 1.307482e-03 4.134622e-03 0 3 1 2 7.199120e-16 0.000000e+00
35 173 1.307482e-03 5.205181e-03 0 3 1 2 9.752813e-16 0.000000e+00
35 174 1.307482e-03 6.552935e-03 0 3 1 2 1.203461e-15 0.000000e+00
35 175 1.307482e-03 8.249656e-03 0 3 1 2 1.410431e-15 0.000000e+00
36 165 1.646023e-03 8.249656e-04 0 3 1 2 -2.510519e-18 0.000000e+00
36 166 1.646023e-03 1.038570e-03 0 3 1 2 -7.866003e-18 0.000000e+00
36 167 1.646023e-03 1.307482e-03 0 3 1 2 -2.242889e-17 0.000000e+00
36 168 1.646023e-03 1.646023e-03 0 3 1 2 -6.364604e-17 0.000000e+00
36 169 1.646023e-03 2.072220e-03 0 3 1 2 -1.012344e-16 0.000000e+00
36 170 1.646023e-03 2.608770e-03 0 3 1 2 -1.131275e-17 0.000000e+00
36 171 1.646023e-03 3.284247e-03 0 3 1 2 2.172923e-16 0.000000e+00
36 172 1.646023e-03 4.134622e-03 0 3 1 2 5.121299e-16 0.000000e+00
36 173 1.646023e-03 5.205181e-03 0 3 1 2 8.101559e-16 0.000000e+00
36 174 1.646023e-03 6.552935e-03 0 3 1 2 1.081265e-15 0.000000e+00
36 175 1.646023e-03 8.249656e-03 0 3 1 2 1.323420e-15 0.000000e+00
37 165 2.072220e-03 8.249656e-04 0 3 1 2 -8.252730e-19 0.000000e+00
37 166 2.072220e-03 1.038570e-03 0 3 1 2 -3.217822e-18 0.000000e+00
37 167 2.072220e-03 1.307482e-03 0 3 1 2 -8.944493e-18 0.000000e+00
37 168 2.072220e-03 1.646023e-03 0 3 1 2 -2.699985e-17 0.000000e+00
37 169 2.072220e-03 2.072220e-03 0 3 1 2 -8.385874e-17 0.000000e+00
37 170 2.072220e-03 2.608770e-03 0 3 1 2 -1.410671e-16 0.000000e+00
37 171 2.072220e-03 3.284247e-03 0 3 1 2 -3.165048e-17 0.000000e+00
37 172 2.072220e-03 4.134622e-03 0 3 1 2 2.408487e-16 0.000000e+00
37 173 2.072220e-03 5.205181e-03 0 3 1 2 5.746192e-16 0.000000e+00
37 174 2.072220e-03 6.552935e-03 0 3 1 2 8.988861e-16 0.000000e+00
37 175 2.072220e-03 8.249656e-03 0 3 1 2 1.190324e-15 0.000000e+00
38 165 2.608770e-03 8.249656e-04 0 3 1 2 -8.339677e-20 0.000000e+00
38 166 2.608770e-03 1.038570e-03 0 3 1 2 -1.199019e-18 0.000000e+00
38 167 2.608770e-03 1.307482e-03 0 3 1 2 -3.173918e-18 0.000000e+00
38 168 2.608770e-03 1.646023e-03 0 3 1 2 -9.167391e-18 0.000000e+00
38 169 2.608770e-03 2.072220e-03 0 3 1 2 -3.006179e-17 0.000000e+00
38 170 2.608770e-03 2.608770e-03 0 3 1 2 -1.039473e-16 0.000000e+00
38 171 2.608770e-03 3.284247e-03 0 3 1 2 -1.844994e-16 0.000000e+00
38 172 2.608770e-03 4.134622e-03 0 3 1 2 -5.261391e-17 0.000000e+00
38 173 2.608770e-03 5.205181e-03 0 3 1 2 2.655159e-16 0.000000e+00
38 174 2.608770e-03 6.552935e-03 0 3 1 2 6.379228e-16 0.000000e+00
38 175 2.608770e-03 8.249656e-03 0 3 1 2 9.913915e-16 0.000000e+00
39 165 3.284247e-03 8.249656e-04 0 3 1 2 2.035815e-19 0.000000e+00
39 166 3.284247e-03 1.038570e-03 0 3 1 2 -4.286141e-19 0.000000e+00
39 167 3.284247e-03 1.307482e-03 0 3 1 2 -1.021184e-18 0.000000e+00
39 168 3.284247e-03 1.646023e-03 0 3 1 2 -2.737039e-18 0.000000e+00
39 169 3.284247e-03 2.072220e-03 0 3 1 2 -8.589084e-18 0.000000e+00
39 170 3.284247e-03 2.608770e-03 0 3 1 2 -3.076775e-17 0.000000e+00
39 171 3.284247e-03 3.284247e-03 0 3 1 2 -1.220333e-16 0.000000e+00
39 172 3.284247e-03 4.134622e-03 0 3 1 2 -2.284818e-16 0.000000e+00
39 173 3.284247e-03 5.205181e-03 0 3 1 2 -7.107401e-17 0.000000e+00
39 174 3.284247e-03 6.552935e-03 0 3 1 2 2.936490e-16 0.000000e+00
39 175 3.284247e-03 8.249656e-03 0 3 1 2 7.060340e-16 0.000000e+00
40 165 4.134622e-03 8.249656e-04 0 3 1 2 3.004700e-19 0.000000e+00
40 166 4.134622e-03 1.038570e-03 0 3 1 2 -1.717581e-19 0.000000e+00
40 167 4.134622e-03 1.307482e-03 0 3 1 2 -3.184819e-19 0.000000e+00
40 168 4.134622e-03 1.646023e-03 0 3 1 2 -7.091791e-19 0.000000e+00
40 169 4.134622e-03 2.072220e-03 0 3 1 2 -2.191470e-18 0.000000e+00
40 170 4.134622e-03 2.608770e-03 0 3 1 2 -7.226626e-18 0.000000e+00
40 171 4.134622e-03 3.284247e-03 0 3 1 2 -2.906877e-17 0.000000e+00
40 172 4.134622e-03 4.134622e-03 0 3 1 2 -1.367383e-16 0.000000e+00
40 173 4.134622e-03 5.205181e-03 0 3 1 2 -2.701610e-16 0.000000e+00
40 174 4.134622e-03 6.552935e-03 0 3 1 2 -8.435844e-17 0.000000e+00
40 175 4.134622e-03 8.249656e-03 0 3 1 2 3.278587e-16 0.000000e+00
41 165 5.205181e-03 8.249656e-04 0 3 1 2 3.283345e-19 0.000000e+00
41 166 5.205181e-03 1.038570e-03 0 3 1 2 -9.831692e-20 0.000000e+00
41 167 5.205181e-03 1.307482e-03 0 3 1 2 -1.207232e-19 0.000000e+00
41 168 5.205181e-03 1.646023e-03 0 3 1 2 -1.535503e-19 0.000000e+00
41 169 5.205181e-03 2.072220e-03 0 3 1 2 -5.194385e-19 0.000000e+00
41 170 5.205181e-03 2.608770e-03 0 3 1 2 -1.574993e-18 0.000000e+00
41 171 5.205181e-03 3.284247e-03 0 3 1 2 -5.564068e-18 0.000000e+00
41 172 5.205181e-03 4.134622e-03 0 3 1 2 -2.559364e-17 0.000000e+00
41 173 5.205181e-03 5.205181e-03 0 3 1 2 -1.477334e-16 0.000000e+00
41 174 5.205181e-03 6.552935e-03 0 3 1 2 -3.077229e-16 0.000000e+00
41 175 5.205181e-03 8.249656e-03 0 3 1 2 -9.097184e-17 0.000000e+00
42 165 6.552935e-03 8.249656e-04 0 3 1 2 3.351167e-19 0.000000e+00
42 166 6.552935e-03 1.038570e-03 0 3 1 2 -8.026118e-20 0.000000e+00
42 167 6.552935e-03 1.307482e-03 0 3 1 2 -7.292246e-20 0.000000e+00
42 168 6.552935e-03 1.646023e-03 0 3 1 2 -2.257464e-20 0.000000e+00
42 169 6.552935e-03 2.072220e-03 0 3 1 2 -1.404835e-19 0.000000e+00
42 170 6.552935e-03 2.608770e-03 0 3 1 2 -3.765770e-19 0.000000e+00
42 171 6.552935e-03 3.284247e-03 0 3 1 2 -1.152901e-18 0.000000e+00
42 172 6.552935e-03 4.134622e-03 0 3 1 2 -4.186447e-18 0.000000e+00
42 173 6.552935e-03 5.205181e-03 0 3 1 2 -2.159073e-17 0.000000e+00
42 174 6.552935e-03 6.552935e-03 0 3 1 2 -1.559768e-16 0.000000e+00
42 175 6.552935e-03 8.249656e-03 0 3 1 2 -3.409827e-16 0.000000e+00
43 165 8.249656e-03 8.249656e-04 0 3 1 2 3.363998e-19 0.000000e+00
43 166 8.249656e-03 1.038570e-03 0 3 1 2 -7.625707e-20 0.000000e+00
43 167 8.249656e-03 1.307482e-03 0 3 1 2 -6.262879e-20 0.000000e+00
43 168 8.249656e-03 1.646023e-03 0 3 1 2 4.926974e-21 0.000000e+00
43 169 8.249656e-03 2.072220e-03 0 3 1 2 -6.349035e-20 0.000000e+00
43 170 8.249656e-03 2.608770e-03 0 3 1 2 -1.471085e-19 0.000000e+00
43 171 8.249656e-03 3.284247e-03 0 3 1 2 -3.890865e-19 0.000000e+00
43 172 8.249656e-03 4.134622e-03 0 3 1 2 -1.104177e-18 0.000000e+00
43 173 8.249656e-03 5.205181e-03 0 3 1 2 -3.642831e-18 0.000000e+00
43 174 8.249656e-03 6.552935e-03 0 3 1 2 -1.862679e-17 0.000000e+00
43 175 8.249656e-03 8.249656e-03 0 3 1 2 -1.636030e-16 0.000000e+00
