# Please cite the following papers in research using this covariance:
# arXiv: 1601.05779, https://arxiv.org/abs/1601.05779
# arXiv: 1911.11947, https://arxiv.org/abs/1911.11947
# arXiv: 2004.04833, https://arxiv.org/abs/2004.04833
# arXiv: 1804.10663, https://arxiv.org/abs/1804.10663
########################################################
110 110 8.249656e-04 8.249656e-04 0 0 0 0 3.103033e-11 0.000000e+00
110 111 8.249656e-04 1.038570e-03 0 0 0 0 5.482947e-15 0.000000e+00
110 112 8.249656e-04 1.307482e-03 0 0 0 0 2.160254e-15 0.000000e+00
110 113 8.249656e-04 1.646023e-03 0 0 0 0 8.095553e-16 0.000000e+00
110 114 8.249656e-04 2.072220e-03 0 0 0 0 2.930551e-16 0.000000e+00
110 115 8.249656e-04 2.608770e-03 0 0 0 0 1.028370e-16 0.000000e+00
110 116 8.249656e-04 3.284247e-03 0 0 0 0 3.500000e-17 0.000000e+00
110 117 8.249656e-04 4.134622e-03 0 0 0 0 1.159808e-17 0.000000e+00
110 118 8.249656e-04 5.205181e-03 0 0 0 0 3.734413e-18 0.000000e+00
110 119 8.249656e-04 6.552935e-03 0 0 0 0 1.195975e-18 0.000000e+00
110 120 8.249656e-04 8.249656e-03 0 0 0 0 3.719987e-19 0.000000e+00
111 110 1.038570e-03 8.249656e-04 0 0 0 0 5.482947e-15 0.000000e+00
111 111 1.038570e-03 1.038570e-03 0 0 0 0 1.968500e-11 0.000000e+00
111 112 1.038570e-03 1.307482e-03 0 0 0 0 5.429531e-15 0.000000e+00
111 113 1.038570e-03 1.646023e-03 0 0 0 0 2.067644e-15 0.000000e+00
111 114 1.038570e-03 2.072220e-03 0 0 0 0 7.492401e-16 0.000000e+00
111 115 1.038570e-03 2.608770e-03 0 0 0 0 2.622414e-16 0.000000e+00
111 116 1.038570e-03 3.284247e-03 0 0 0 0 8.897080e-17 0.000000e+00
111 117 1.038570e-03 4.134622e-03 0 0 0 0 2.937518e-17 0.000000e+00
111 118 1.038570e-03 5.205181e-03 0 0 0 0 9.474847e-18 0.000000e+00
111 119 1.038570e-03 6.552935e-03 0 0 0 0 3.006901e-18 0.000000e+00
111 120 1.038570e-03 8.249656e-03 0 0 0 0 9.470758e-19 0.000000e+00
112 110 1.307482e-03 8.249656e-04 0 0 0 0 2.160254e-15 0.000000e+00
112 111 1.307482e-03 1.038570e-03 0 0 0 0 5.429531e-15 0.000000e+00
112 112 1.307482e-03 1.307482e-03 0 0 0 0 1.247906e-11 0.000000e+00
112 113 1.307482e-03 1.646023e-03 0 0 0 0 5.282949e-15 0.000000e+00
112 114 1.307482e-03 2.072220e-03 0 0 0 0 1.933913e-15 0.000000e+00
112 115 1.307482e-03 2.608770e-03 0 0 0 0 6.749031e-16 0.000000e+00
112 116 1.307482e-03 3.284247e-03 0 0 0 0 2.278827e-16 0.000000e+00
112 117 1.307482e-03 4.134622e-03 0 0 0 0 7.485001e-17 0.000000e+00
112 118 1.307482e-03 5.205181e-03 0 0 0 0 2.404350e-17 0.000000e+00
112 119 1.307482e-03 6.552935e-03 0 0 0 0 7.623166e-18 0.000000e+00
112 120 1.307482e-03 8.249656e-03 0 0 0 0 2.410279e-18 0.000000e+00
113 110 1.646023e-03 8.249656e-04 0 0 0 0 8.095553e-16 0.000000e+00
113 111 1.646023e-03 1.038570e-03 0 0 0 0 2.067644e-15 0.000000e+00
113 112 1.646023e-03 1.307482e-03 0 0 0 0 5.282949e-15 0.000000e+00
113 113 1.646023e-03 1.646023e-03 0 0 0 0 7.917396e-12 0.000000e+00
113 114 1.646023e-03 2.072220e-03 0 0 0 0 5.039498e-15 0.000000e+00
113 115 1.646023e-03 2.608770e-03 0 0 0 0 1.763345e-15 0.000000e+00
113 116 1.646023e-03 3.284247e-03 0 0 0 0 5.909139e-16 0.000000e+00
113 117 1.646023e-03 4.134622e-03 0 0 0 0 1.925438e-16 0.000000e+00
113 118 1.646023e-03 5.205181e-03 0 0 0 0 6.144490e-17 0.000000e+00
113 119 1.646023e-03 6.552935e-03 0 0 0 0 1.935570e-17 0.000000e+00
113 120 1.646023e-03 8.249656e-03 0 0 0 0 6.074253e-18 0.000000e+00
114 110 2.072220e-03 8.249656e-04 0 0 0 0 2.930551e-16 0.000000e+00
114 111 2.072220e-03 1.038570e-03 0 0 0 0 7.492401e-16 0.000000e+00
114 112 2.072220e-03 1.307482e-03 0 0 0 0 1.933913e-15 0.000000e+00
114 113 2.072220e-03 1.646023e-03 0 0 0 0 5.039498e-15 0.000000e+00
114 114 2.072220e-03 2.072220e-03 0 0 0 0 5.022967e-12 0.000000e+00
114 115 2.072220e-03 2.608770e-03 0 0 0 0 4.704037e-15 0.000000e+00
114 116 2.072220e-03 3.284247e-03 0 0 0 0 1.565100e-15 0.000000e+00
114 117 2.072220e-03 4.134622e-03 0 0 0 0 5.031699e-16 0.000000e+00
114 118 2.072220e-03 5.205181e-03 0 0 0 0 1.587016e-16 0.000000e+00
114 119 2.072220e-03 6.552935e-03 0 0 0 0 4.953795e-17 0.000000e+00
114 120 2.072220e-03 8.249656e-03 0 0 0 0 1.546551e-17 0.000000e+00
115 110 2.608770e-03 8.249656e-04 0 0 0 0 1.028370e-16 0.000000e+00
115 111 2.608770e-03 1.038570e-03 0 0 0 0 2.622414e-16 0.000000e+00
115 112 2.608770e-03 1.307482e-03 0 0 0 0 6.749031e-16 0.000000e+00
115 113 2.608770e-03 1.646023e-03 0 0 0 0 1.763345e-15 0.000000e+00
115 114 2.608770e-03 2.072220e-03 0 0 0 0 4.704037e-15 0.000000e+00
115 115 2.608770e-03 2.608770e-03 0 0 0 0 3.185542e-12 0.000000e+00
115 116 2.608770e-03 3.284247e-03 0 0 0 0 4.290677e-15 0.000000e+00
115 117 2.608770e-03 4.134622e-03 0 0 0 0 1.352085e-15 0.000000e+00
115 118 2.608770e-03 5.205181e-03 0 0 0 0 4.177455e-16 0.000000e+00
115 119 2.608770e-03 6.552935e-03 0 0 0 0 1.283632e-16 0.000000e+00
115 120 2.608770e-03 8.249656e-03 0 0 0 0 3.960008e-17 0.000000e+00
116 110 3.284247e-03 8.249656e-04 0 0 0 0 3.500000e-17 0.000000e+00
116 111 3.284247e-03 1.038570e-03 0 0 0 0 8.897080e-17 0.000000e+00
116 112 3.284247e-03 1.307482e-03 0 0 0 0 2.278827e-16 0.000000e+00
116 113 3.284247e-03 1.646023e-03 0 0 0 0 5.909139e-16 0.000000e+00
116 114 3.284247e-03 2.072220e-03 0 0 0 0 1.565100e-15 0.000000e+00
116 115 3.284247e-03 2.608770e-03 0 0 0 0 4.290677e-15 0.000000e+00
116 116 3.284247e-03 3.284247e-03 0 0 0 0 2.019862e-12 0.000000e+00
116 117 3.284247e-03 4.134622e-03 0 0 0 0 3.822121e-15 0.000000e+00
116 118 3.284247e-03 5.205181e-03 0 0 0 0 1.138664e-15 0.000000e+00
116 119 3.284247e-03 6.552935e-03 0 0 0 0 3.399074e-16 0.000000e+00
116 120 3.284247e-03 8.249656e-03 0 0 0 0 1.027700e-16 0.000000e+00
117 110 4.134622e-03 8.249656e-04 0 0 0 0 1.159808e-17 0.000000e+00
117 111 4.134622e-03 1.038570e-03 0 0 0 0 2.937518e-17 0.000000e+00
117 112 4.134622e-03 1.307482e-03 0 0 0 0 7.485001e-17 0.000000e+00
117 113 4.134622e-03 1.646023e-03 0 0 0 0 1.925438e-16 0.000000e+00
117 114 4.134622e-03 2.072220e-03 0 0 0 0 5.031699e-16 0.000000e+00
117 115 4.134622e-03 2.608770e-03 0 0 0 0 1.352085e-15 0.000000e+00
117 116 4.134622e-03 3.284247e-03 0 0 0 0 3.822121e-15 0.000000e+00
117 117 4.134622e-03 4.134622e-03 0 0 0 0 1.282328e-12 0.000000e+00
117 118 4.134622e-03 5.205181e-03 0 0 0 0 3.326782e-15 0.000000e+00
117 119 4.134622e-03 6.552935e-03 0 0 0 0 9.382858e-16 0.000000e+00
117 120 4.134622e-03 8.249656e-03 0 0 0 0 2.731225e-16 0.000000e+00
118 110 5.205181e-03 8.249656e-04 0 0 0 0 3.734413e-18 0.000000e+00
118 111 5.205181e-03 1.038570e-03 0 0 0 0 9.474847e-18 0.000000e+00
118 112 5.205181e-03 1.307482e-03 0 0 0 0 2.404350e-17 0.000000e+00
118 113 5.205181e-03 1.646023e-03 0 0 0 0 6.144490e-17 0.000000e+00
118 114 5.205181e-03 2.072220e-03 0 0 0 0 1.587016e-16 0.000000e+00
118 115 5.205181e-03 2.608770e-03 0 0 0 0 4.177455e-16 0.000000e+00
118 116 5.205181e-03 3.284247e-03 0 0 0 0 1.138664e-15 0.000000e+00
118 117 5.205181e-03 4.134622e-03 0 0 0 0 3.326782e-15 0.000000e+00
118 118 5.205181e-03 5.205181e-03 0 0 0 0 8.145242e-13 0.000000e+00
118 119 5.205181e-03 6.552935e-03 0 0 0 0 2.834400e-15 0.000000e+00
118 120 5.205181e-03 8.249656e-03 0 0 0 0 7.610019e-16 0.000000e+00
119 110 6.552935e-03 8.249656e-04 0 0 0 0 1.195975e-18 0.000000e+00
119 111 6.552935e-03 1.038570e-03 0 0 0 0 3.006901e-18 0.000000e+00
119 112 6.552935e-03 1.307482e-03 0 0 0 0 7.623166e-18 0.000000e+00
119 113 6.552935e-03 1.646023e-03 0 0 0 0 1.935570e-17 0.000000e+00
119 114 6.552935e-03 2.072220e-03 0 0 0 0 4.953795e-17 0.000000e+00
119 115 6.552935e-03 2.608770e-03 0 0 0 0 1.283632e-16 0.000000e+00
119 116 6.552935e-03 3.284247e-03 0 0 0 0 3.399074e-16 0.000000e+00
119 117 6.552935e-03 4.134622e-03 0 0 0 0 9.382858e-16 0.000000e+00
119 118 6.552935e-03 5.205181e-03 0 0 0 0 2.834400e-15 0.000000e+00
119 119 6.552935e-03 6.552935e-03 0 0 0 0 5.176075e-13 0.000000e+00
119 120 6.552935e-03 8.249656e-03 0 0 0 0 2.371322e-15 0.000000e+00
120 110 8.249656e-03 8.249656e-04 0 0 0 0 3.719987e-19 0.000000e+00
120 111 8.249656e-03 1.038570e-03 0 0 0 0 9.470758e-19 0.000000e+00
120 112 8.249656e-03 1.307482e-03 0 0 0 0 2.410279e-18 0.000000e+00
120 113 8.249656e-03 1.646023e-03 0 0 0 0 6.074253e-18 0.000000e+00
120 114 8.249656e-03 2.072220e-03 0 0 0 0 1.546551e-17 0.000000e+00
120 115 8.249656e-03 2.608770e-03 0 0 0 0 3.960008e-17 0.000000e+00
120 116 8.249656e-03 3.284247e-03 0 0 0 0 1.027700e-16 0.000000e+00
120 117 8.249656e-03 4.134622e-03 0 0 0 0 2.731225e-16 0.000000e+00
120 118 8.249656e-03 5.205181e-03 0 0 0 0 7.610019e-16 0.000000e+00
120 119 8.249656e-03 6.552935e-03 0 0 0 0 2.371322e-15 0.000000e+00
120 120 8.249656e-03 8.249656e-03 0 0 0 0 3.294103e-13 0.000000e+00
