# Please cite the following papers in research using this covariance:
# arXiv: 1601.05779, https://arxiv.org/abs/1601.05779
# arXiv: 1911.11947, https://arxiv.org/abs/1911.11947
# arXiv: 2004.04833, https://arxiv.org/abs/2004.04833
# arXiv: 1804.10663, https://arxiv.org/abs/1804.10663
########################################################
44 110 8.249656e-04 8.249656e-04 1 1 0 0 -2.438778e-18 0.000000e+00
44 111 8.249656e-04 1.038570e-03 1 1 0 0 -2.317179e-18 0.000000e+00
44 112 8.249656e-04 1.307482e-03 1 1 0 0 7.658685e-18 0.000000e+00
44 113 8.249656e-04 1.646023e-03 1 1 0 0 3.251524e-17 0.000000e+00
44 114 8.249656e-04 2.072220e-03 1 1 0 0 7.206164e-17 0.000000e+00
44 115 8.249656e-04 2.608770e-03 1 1 0 0 1.230095e-16 0.000000e+00
44 116 8.249656e-04 3.284247e-03 1 1 0 0 1.803671e-16 0.000000e+00
44 117 8.249656e-04 4.134622e-03 1 1 0 0 2.388408e-16 0.000000e+00
44 118 8.249656e-04 5.205181e-03 1 1 0 0 2.940200e-16 0.000000e+00
44 119 8.249656e-04 6.552935e-03 1 1 0 0 3.433284e-16 0.000000e+00
44 120 8.249656e-04 8.249656e-03 1 1 0 0 3.865757e-16 0.000000e+00
45 110 1.038570e-03 8.249656e-04 1 1 0 0 -1.890013e-18 0.000000e+00
45 111 1.038570e-03 1.038570e-03 1 1 0 0 -4.837279e-18 0.000000e+00
45 112 1.038570e-03 1.307482e-03 1 1 0 0 -5.589844e-18 0.000000e+00
45 113 1.038570e-03 1.646023e-03 1 1 0 0 7.438678e-18 0.000000e+00
45 114 1.038570e-03 2.072220e-03 1 1 0 0 4.024843e-17 0.000000e+00
45 115 1.038570e-03 2.608770e-03 1 1 0 0 9.027795e-17 0.000000e+00
45 116 1.038570e-03 3.284247e-03 1 1 0 0 1.508650e-16 0.000000e+00
45 117 1.038570e-03 4.134622e-03 1 1 0 0 2.146290e-16 0.000000e+00
45 118 1.038570e-03 5.205181e-03 1 1 0 0 2.754969e-16 0.000000e+00
45 119 1.038570e-03 6.552935e-03 1 1 0 0 3.298854e-16 0.000000e+00
45 120 1.038570e-03 8.249656e-03 1 1 0 0 3.771780e-16 0.000000e+00
46 110 1.307482e-03 8.249656e-04 1 1 0 0 -1.086808e-18 0.000000e+00
46 111 1.307482e-03 1.038570e-03 1 1 0 0 -3.307060e-18 0.000000e+00
46 112 1.307482e-03 1.307482e-03 1 1 0 0 -8.090461e-18 0.000000e+00
46 113 1.307482e-03 1.646023e-03 1 1 0 0 -1.076263e-17 0.000000e+00
46 114 1.307482e-03 2.072220e-03 1 1 0 0 5.732502e-18 0.000000e+00
46 115 1.307482e-03 2.608770e-03 1 1 0 0 4.796278e-17 0.000000e+00
46 116 1.307482e-03 3.284247e-03 1 1 0 0 1.091850e-16 0.000000e+00
46 117 1.307482e-03 4.134622e-03 1 1 0 0 1.787244e-16 0.000000e+00
46 118 1.307482e-03 5.205181e-03 1 1 0 0 2.472626e-16 0.000000e+00
46 119 1.307482e-03 6.552935e-03 1 1 0 0 3.090663e-16 0.000000e+00
46 120 1.307482e-03 8.249656e-03 1 1 0 0 3.624883e-16 0.000000e+00
47 110 1.646023e-03 8.249656e-04 1 1 0 0 -5.026033e-19 0.000000e+00
47 111 1.646023e-03 1.038570e-03 1 1 0 0 -1.798721e-18 0.000000e+00
47 112 1.646023e-03 1.307482e-03 1 1 0 0 -4.816374e-18 0.000000e+00
47 113 1.646023e-03 1.646023e-03 1 1 0 0 -1.244933e-17 0.000000e+00
47 114 1.646023e-03 2.072220e-03 1 1 0 0 -1.825992e-17 0.000000e+00
47 115 1.646023e-03 2.608770e-03 1 1 0 0 2.312878e-18 0.000000e+00
47 116 1.646023e-03 3.284247e-03 1 1 0 0 5.523067e-17 0.000000e+00
47 117 1.646023e-03 4.134622e-03 1 1 0 0 1.278756e-16 0.000000e+00
47 118 1.646023e-03 5.205181e-03 1 1 0 0 2.053060e-16 0.000000e+00
47 119 1.646023e-03 6.552935e-03 1 1 0 0 2.772877e-16 0.000000e+00
47 120 1.646023e-03 8.249656e-03 1 1 0 0 3.397194e-16 0.000000e+00
48 110 2.072220e-03 8.249656e-04 1 1 0 0 -1.513055e-19 0.000000e+00
48 111 2.072220e-03 1.038570e-03 1 1 0 0 -8.678426e-19 0.000000e+00
48 112 2.072220e-03 1.307482e-03 1 1 0 0 -2.300051e-18 0.000000e+00
48 113 2.072220e-03 1.646023e-03 1 1 0 0 -6.417119e-18 0.000000e+00
48 114 2.072220e-03 2.072220e-03 1 1 0 0 -1.787373e-17 0.000000e+00
48 115 2.072220e-03 2.608770e-03 1 1 0 0 -2.805657e-17 0.000000e+00
48 116 2.072220e-03 3.284247e-03 1 1 0 0 -2.796061e-18 0.000000e+00
48 117 2.072220e-03 4.134622e-03 1 1 0 0 6.186097e-17 0.000000e+00
48 118 2.072220e-03 5.205181e-03 1 1 0 0 1.456995e-16 0.000000e+00
48 119 2.072220e-03 6.552935e-03 1 1 0 0 2.299587e-16 0.000000e+00
48 120 2.072220e-03 8.249656e-03 1 1 0 0 3.049181e-16 0.000000e+00
49 110 2.608770e-03 8.249656e-04 1 1 0 0 3.260259e-20 0.000000e+00
49 111 2.608770e-03 1.038570e-03 1 1 0 0 -3.809983e-19 0.000000e+00
49 112 2.608770e-03 1.307482e-03 1 1 0 0 -9.717899e-19 0.000000e+00
49 113 2.608770e-03 1.646023e-03 1 1 0 0 -2.637562e-18 0.000000e+00
49 114 2.608770e-03 2.072220e-03 1 1 0 0 -7.921058e-18 0.000000e+00
49 115 2.608770e-03 2.608770e-03 1 1 0 0 -2.391696e-17 0.000000e+00
49 116 2.608770e-03 3.284247e-03 1 1 0 0 -3.981038e-17 0.000000e+00
49 117 2.608770e-03 4.134622e-03 1 1 0 0 -9.140137e-18 0.000000e+00
49 118 2.608770e-03 5.205181e-03 1 1 0 0 6.797879e-17 0.000000e+00
49 119 2.608770e-03 6.552935e-03 1 1 0 0 1.624815e-16 0.000000e+00
49 120 2.608770e-03 8.249656e-03 1 1 0 0 2.529749e-16 0.000000e+00
50 110 3.284247e-03 8.249656e-04 1 1 0 0 1.168929e-19 0.000000e+00
50 111 3.284247e-03 1.038570e-03 1 1 0 0 -1.591315e-19 0.000000e+00
50 112 3.284247e-03 1.307482e-03 1 1 0 0 -3.715549e-19 0.000000e+00
50 113 3.284247e-03 1.646023e-03 1 1 0 0 -9.402375e-19 0.000000e+00
50 114 3.284247e-03 2.072220e-03 1 1 0 0 -2.783841e-18 0.000000e+00
50 115 3.284247e-03 2.608770e-03 1 1 0 0 -8.940685e-18 0.000000e+00
50 116 3.284247e-03 3.284247e-03 1 1 0 0 -3.000916e-17 0.000000e+00
50 117 3.284247e-03 4.134622e-03 1 1 0 0 -5.278088e-17 0.000000e+00
50 118 3.284247e-03 5.205181e-03 1 1 0 0 -1.589372e-17 0.000000e+00
50 119 3.284247e-03 6.552935e-03 1 1 0 0 7.402291e-17 0.000000e+00
50 120 3.284247e-03 8.249656e-03 1 1 0 0 1.786564e-16 0.000000e+00
51 110 4.134622e-03 8.249656e-04 1 1 0 0 1.506322e-19 0.000000e+00
51 111 4.134622e-03 1.038570e-03 1 1 0 0 -7.095612e-20 0.000000e+00
51 112 4.134622e-03 1.307482e-03 1 1 0 0 -1.357968e-19 0.000000e+00
51 113 4.134622e-03 1.646023e-03 1 1 0 0 -2.853659e-19 0.000000e+00
51 114 4.134622e-03 2.072220e-03 1 1 0 0 -8.481905e-19 0.000000e+00
51 115 4.134622e-03 2.608770e-03 1 1 0 0 -2.614379e-18 0.000000e+00
51 116 4.134622e-03 3.284247e-03 1 1 0 0 -9.234404e-18 0.000000e+00
51 117 4.134622e-03 4.134622e-03 1 1 0 0 -3.550449e-17 0.000000e+00
51 118 4.134622e-03 5.205181e-03 1 1 0 0 -6.597544e-17 0.000000e+00
51 119 4.134622e-03 6.552935e-03 1 1 0 0 -2.205163e-17 0.000000e+00
51 120 4.134622e-03 8.249656e-03 1 1 0 0 8.066341e-17 0.000000e+00
52 110 5.205181e-03 8.249656e-04 1 1 0 0 1.621785e-19 0.000000e+00
52 111 5.205181e-03 1.038570e-03 1 1 0 0 -4.088989e-20 0.000000e+00
52 112 5.205181e-03 1.307482e-03 1 1 0 0 -5.617941e-20 0.000000e+00
52 113 5.205181e-03 1.646023e-03 1 1 0 0 -6.772464e-20 0.000000e+00
52 114 5.205181e-03 2.072220e-03 1 1 0 0 -2.221647e-19 0.000000e+00
52 115 5.205181e-03 2.608770e-03 1 1 0 0 -6.557926e-19 0.000000e+00
52 116 5.205181e-03 3.284247e-03 1 1 0 0 -2.176136e-18 0.000000e+00
52 117 5.205181e-03 4.134622e-03 1 1 0 0 -8.715469e-18 0.000000e+00
52 118 5.205181e-03 5.205181e-03 1 1 0 0 -3.987854e-17 0.000000e+00
52 119 5.205181e-03 6.552935e-03 1 1 0 0 -7.840775e-17 0.000000e+00
52 120 5.205181e-03 8.249656e-03 1 1 0 0 -2.669126e-17 0.000000e+00
53 110 6.552935e-03 8.249656e-04 1 1 0 0 1.655524e-19 0.000000e+00
53 111 6.552935e-03 1.038570e-03 1 1 0 0 -3.208517e-20 0.000000e+00
53 112 6.552935e-03 1.307482e-03 1 1 0 0 -3.316580e-20 0.000000e+00
53 113 6.552935e-03 1.646023e-03 1 1 0 0 -5.957385e-21 0.000000e+00
53 114 6.552935e-03 2.072220e-03 1 1 0 0 -4.925624e-20 0.000000e+00
53 115 6.552935e-03 2.608770e-03 1 1 0 0 -1.374153e-19 0.000000e+00
53 116 6.552935e-03 3.284247e-03 1 1 0 0 -4.339999e-19 0.000000e+00
53 117 6.552935e-03 4.134622e-03 1 1 0 0 -1.594597e-18 0.000000e+00
53 118 6.552935e-03 5.205181e-03 1 1 0 0 -7.527989e-18 0.000000e+00
53 119 6.552935e-03 6.552935e-03 1 1 0 0 -4.292270e-17 0.000000e+00
53 120 6.552935e-03 8.249656e-03 1 1 0 0 -8.935631e-17 0.000000e+00
54 110 8.249656e-03 8.249656e-04 1 1 0 0 1.662253e-19 0.000000e+00
54 111 8.249656e-03 1.038570e-03 1 1 0 0 -3.016520e-20 0.000000e+00
54 112 8.249656e-03 1.307482e-03 1 1 0 0 -2.816541e-20 0.000000e+00
54 113 8.249656e-03 1.646023e-03 1 1 0 0 7.492022e-21 0.000000e+00
54 114 8.249656e-03 2.072220e-03 1 1 0 0 -1.163124e-20 0.000000e+00
54 115 8.249656e-03 2.608770e-03 1 1 0 0 -2.636231e-20 0.000000e+00
54 116 8.249656e-03 3.284247e-03 1 1 0 0 -7.599908e-20 0.000000e+00
54 117 8.249656e-03 4.134622e-03 1 1 0 0 -2.576908e-19 0.000000e+00
54 118 8.249656e-03 5.205181e-03 1 1 0 0 -1.049087e-18 0.000000e+00
54 119 8.249656e-03 6.552935e-03 1 1 0 0 -6.035069e-18 0.000000e+00
54 120 8.249656e-03 8.249656e-03 1 1 0 0 -4.482539e-17 0.000000e+00
