# Please cite the following papers in research using this covariance:
# arXiv: 1601.05779, https://arxiv.org/abs/1601.05779
# arXiv: 1911.11947, https://arxiv.org/abs/1911.11947
# arXiv: 2004.04833, https://arxiv.org/abs/2004.04833
# arXiv: 1804.10663, https://arxiv.org/abs/1804.10663
########################################################
22 66 8.249656e-04 8.249656e-04 0 2 1 3 6.220628e-14 0.000000e+00
22 67 8.249656e-04 1.038570e-03 0 2 1 3 6.163439e-14 0.000000e+00
22 68 8.249656e-04 1.307482e-03 0 2 1 3 6.080839e-14 0.000000e+00
22 69 8.249656e-04 1.646023e-03 0 2 1 3 5.974498e-14 0.000000e+00
22 70 8.249656e-04 2.072220e-03 0 2 1 3 5.847258e-14 0.000000e+00
22 71 8.249656e-04 2.608770e-03 0 2 1 3 5.701755e-14 0.000000e+00
22 72 8.249656e-04 3.284247e-03 0 2 1 3 5.539504e-14 0.000000e+00
22 73 8.249656e-04 4.134622e-03 0 2 1 3 5.360339e-14 0.000000e+00
22 74 8.249656e-04 5.205181e-03 0 2 1 3 5.162203e-14 0.000000e+00
22 75 8.249656e-04 6.552935e-03 0 2 1 3 4.941349e-14 0.000000e+00
22 76 8.249656e-04 8.249656e-03 0 2 1 3 4.692887e-14 0.000000e+00
23 66 1.038570e-03 8.249656e-04 0 2 1 3 6.163439e-14 0.000000e+00
23 67 1.038570e-03 1.038570e-03 0 2 1 3 6.124047e-14 0.000000e+00
23 68 1.038570e-03 1.307482e-03 0 2 1 3 6.057295e-14 0.000000e+00
23 69 1.038570e-03 1.646023e-03 0 2 1 3 5.961136e-14 0.000000e+00
23 70 1.038570e-03 2.072220e-03 0 2 1 3 5.839708e-14 0.000000e+00
23 71 1.038570e-03 2.608770e-03 0 2 1 3 5.697284e-14 0.000000e+00
23 72 1.038570e-03 3.284247e-03 0 2 1 3 5.536599e-14 0.000000e+00
23 73 1.038570e-03 4.134622e-03 0 2 1 3 5.358254e-14 0.000000e+00
23 74 1.038570e-03 5.205181e-03 0 2 1 3 5.160612e-14 0.000000e+00
23 75 1.038570e-03 6.552935e-03 0 2 1 3 4.940120e-14 0.000000e+00
23 76 1.038570e-03 8.249656e-03 0 2 1 3 4.691958e-14 0.000000e+00
24 66 1.307482e-03 8.249656e-04 0 2 1 3 6.080839e-14 0.000000e+00
24 67 1.307482e-03 1.038570e-03 0 2 1 3 6.057295e-14 0.000000e+00
24 68 1.307482e-03 1.307482e-03 0 2 1 3 6.013639e-14 0.000000e+00
24 69 1.307482e-03 1.646023e-03 0 2 1 3 5.936854e-14 0.000000e+00
24 70 1.307482e-03 2.072220e-03 0 2 1 3 5.826533e-14 0.000000e+00
24 71 1.307482e-03 2.608770e-03 0 2 1 3 5.689790e-14 0.000000e+00
24 72 1.307482e-03 3.284247e-03 0 2 1 3 5.531883e-14 0.000000e+00
24 73 1.307482e-03 4.134622e-03 0 2 1 3 5.354935e-14 0.000000e+00
24 74 1.307482e-03 5.205181e-03 0 2 1 3 5.158105e-14 0.000000e+00
24 75 1.307482e-03 6.552935e-03 0 2 1 3 4.938192e-14 0.000000e+00
24 76 1.307482e-03 8.249656e-03 0 2 1 3 4.690506e-14 0.000000e+00
25 66 1.646023e-03 8.249656e-04 0 2 1 3 5.974498e-14 0.000000e+00
25 67 1.646023e-03 1.038570e-03 0 2 1 3 5.961136e-14 0.000000e+00
25 68 1.646023e-03 1.307482e-03 0 2 1 3 5.936854e-14 0.000000e+00
25 69 1.646023e-03 1.646023e-03 0 2 1 3 5.889253e-14 0.000000e+00
25 70 1.646023e-03 2.072220e-03 0 2 1 3 5.801827e-14 0.000000e+00
25 71 1.646023e-03 2.608770e-03 0 2 1 3 5.676627e-14 0.000000e+00
25 72 1.646023e-03 3.284247e-03 0 2 1 3 5.524024e-14 0.000000e+00
25 73 1.646023e-03 4.134622e-03 0 2 1 3 5.349573e-14 0.000000e+00
25 74 1.646023e-03 5.205181e-03 0 2 1 3 5.154105e-14 0.000000e+00
25 75 1.646023e-03 6.552935e-03 0 2 1 3 4.935128e-14 0.000000e+00
25 76 1.646023e-03 8.249656e-03 0 2 1 3 4.688202e-14 0.000000e+00
26 66 2.072220e-03 8.249656e-04 0 2 1 3 5.847258e-14 0.000000e+00
26 67 2.072220e-03 1.038570e-03 0 2 1 3 5.839708e-14 0.000000e+00
26 68 2.072220e-03 1.307482e-03 0 2 1 3 5.826533e-14 0.000000e+00
26 69 2.072220e-03 1.646023e-03 0 2 1 3 5.801827e-14 0.000000e+00
26 70 2.072220e-03 2.072220e-03 0 2 1 3 5.750401e-14 0.000000e+00
26 71 2.072220e-03 2.608770e-03 0 2 1 3 5.651445e-14 0.000000e+00
26 72 2.072220e-03 3.284247e-03 0 2 1 3 5.510347e-14 0.000000e+00
26 73 2.072220e-03 4.134622e-03 0 2 1 3 5.340762e-14 0.000000e+00
26 74 2.072220e-03 5.205181e-03 0 2 1 3 5.147687e-14 0.000000e+00
26 75 2.072220e-03 6.552935e-03 0 2 1 3 4.930247e-14 0.000000e+00
26 76 2.072220e-03 8.249656e-03 0 2 1 3 4.684537e-14 0.000000e+00
27 66 2.608770e-03 8.249656e-04 0 2 1 3 5.701755e-14 0.000000e+00
27 67 2.608770e-03 1.038570e-03 0 2 1 3 5.697284e-14 0.000000e+00
27 68 2.608770e-03 1.307482e-03 0 2 1 3 5.689790e-14 0.000000e+00
27 69 2.608770e-03 1.646023e-03 0 2 1 3 5.676627e-14 0.000000e+00
27 70 2.608770e-03 2.072220e-03 0 2 1 3 5.651445e-14 0.000000e+00
27 71 2.608770e-03 2.608770e-03 0 2 1 3 5.595966e-14 0.000000e+00
27 72 2.608770e-03 3.284247e-03 0 2 1 3 5.484187e-14 0.000000e+00
27 73 2.608770e-03 4.134622e-03 0 2 1 3 5.325759e-14 0.000000e+00
27 74 2.608770e-03 5.205181e-03 0 2 1 3 5.137293e-14 0.000000e+00
27 75 2.608770e-03 6.552935e-03 0 2 1 3 4.922461e-14 0.000000e+00
27 76 2.608770e-03 8.249656e-03 0 2 1 3 4.678709e-14 0.000000e+00
28 66 3.284247e-03 8.249656e-04 0 2 1 3 5.539504e-14 0.000000e+00
28 67 3.284247e-03 1.038570e-03 0 2 1 3 5.536599e-14 0.000000e+00
28 68 3.284247e-03 1.307482e-03 0 2 1 3 5.531883e-14 0.000000e+00
28 69 3.284247e-03 1.646023e-03 0 2 1 3 5.524024e-14 0.000000e+00
28 70 3.284247e-03 2.072220e-03 0 2 1 3 5.510347e-14 0.000000e+00
28 71 3.284247e-03 2.608770e-03 0 2 1 3 5.484187e-14 0.000000e+00
28 72 3.284247e-03 3.284247e-03 0 2 1 3 5.423974e-14 0.000000e+00
28 73 3.284247e-03 4.134622e-03 0 2 1 3 5.297668e-14 0.000000e+00
28 74 3.284247e-03 5.205181e-03 0 2 1 3 5.120003e-14 0.000000e+00
28 75 3.284247e-03 6.552935e-03 0 2 1 3 4.909952e-14 0.000000e+00
28 76 3.284247e-03 8.249656e-03 0 2 1 3 4.669417e-14 0.000000e+00
29 66 4.134622e-03 8.249656e-04 0 2 1 3 5.360339e-14 0.000000e+00
29 67 4.134622e-03 1.038570e-03 0 2 1 3 5.358254e-14 0.000000e+00
29 68 4.134622e-03 1.307482e-03 0 2 1 3 5.354935e-14 0.000000e+00
29 69 4.134622e-03 1.646023e-03 0 2 1 3 5.349573e-14 0.000000e+00
29 70 4.134622e-03 2.072220e-03 0 2 1 3 5.340762e-14 0.000000e+00
29 71 4.134622e-03 2.608770e-03 0 2 1 3 5.325759e-14 0.000000e+00
29 72 4.134622e-03 3.284247e-03 0 2 1 3 5.297668e-14 0.000000e+00
29 73 4.134622e-03 4.134622e-03 0 2 1 3 5.231611e-14 0.000000e+00
29 74 4.134622e-03 5.205181e-03 0 2 1 3 5.088745e-14 0.000000e+00
29 75 4.134622e-03 6.552935e-03 0 2 1 3 4.889504e-14 0.000000e+00
29 76 4.134622e-03 8.249656e-03 0 2 1 3 4.654530e-14 0.000000e+00
30 66 5.205181e-03 8.249656e-04 0 2 1 3 5.162203e-14 0.000000e+00
30 67 5.205181e-03 1.038570e-03 0 2 1 3 5.160612e-14 0.000000e+00
30 68 5.205181e-03 1.307482e-03 0 2 1 3 5.158105e-14 0.000000e+00
30 69 5.205181e-03 1.646023e-03 0 2 1 3 5.154105e-14 0.000000e+00
30 70 5.205181e-03 2.072220e-03 0 2 1 3 5.147687e-14 0.000000e+00
30 71 5.205181e-03 2.608770e-03 0 2 1 3 5.137293e-14 0.000000e+00
30 72 5.205181e-03 3.284247e-03 0 2 1 3 5.120003e-14 0.000000e+00
30 73 5.205181e-03 4.134622e-03 0 2 1 3 5.088745e-14 0.000000e+00
30 74 5.205181e-03 5.205181e-03 0 2 1 3 5.015423e-14 0.000000e+00
30 75 5.205181e-03 6.552935e-03 0 2 1 3 4.853812e-14 0.000000e+00
30 76 5.205181e-03 8.249656e-03 0 2 1 3 4.630398e-14 0.000000e+00
31 66 6.552935e-03 8.249656e-04 0 2 1 3 4.941349e-14 0.000000e+00
31 67 6.552935e-03 1.038570e-03 0 2 1 3 4.940120e-14 0.000000e+00
31 68 6.552935e-03 1.307482e-03 0 2 1 3 4.938192e-14 0.000000e+00
31 69 6.552935e-03 1.646023e-03 0 2 1 3 4.935128e-14 0.000000e+00
31 70 6.552935e-03 2.072220e-03 0 2 1 3 4.930247e-14 0.000000e+00
31 71 6.552935e-03 2.608770e-03 0 2 1 3 4.922461e-14 0.000000e+00
31 72 6.552935e-03 3.284247e-03 0 2 1 3 4.909952e-14 0.000000e+00
31 73 6.552935e-03 4.134622e-03 0 2 1 3 4.889504e-14 0.000000e+00
31 74 6.552935e-03 5.205181e-03 0 2 1 3 4.853812e-14 0.000000e+00
31 75 6.552935e-03 6.552935e-03 0 2 1 3 4.771745e-14 0.000000e+00
31 76 6.552935e-03 8.249656e-03 0 2 1 3 4.589334e-14 0.000000e+00
32 66 8.249656e-03 8.249656e-04 0 2 1 3 4.692887e-14 0.000000e+00
32 67 8.249656e-03 1.038570e-03 0 2 1 3 4.691958e-14 0.000000e+00
32 68 8.249656e-03 1.307482e-03 0 2 1 3 4.690506e-14 0.000000e+00
32 69 8.249656e-03 1.646023e-03 0 2 1 3 4.688202e-14 0.000000e+00
32 70 8.249656e-03 2.072220e-03 0 2 1 3 4.684537e-14 0.000000e+00
32 71 8.249656e-03 2.608770e-03 0 2 1 3 4.678709e-14 0.000000e+00
32 72 8.249656e-03 3.284247e-03 0 2 1 3 4.669417e-14 0.000000e+00
32 73 8.249656e-03 4.134622e-03 0 2 1 3 4.654530e-14 0.000000e+00
32 74 8.249656e-03 5.205181e-03 0 2 1 3 4.630398e-14 0.000000e+00
32 75 8.249656e-03 6.552935e-03 0 2 1 3 4.589334e-14 0.000000e+00
32 76 8.249656e-03 8.249656e-03 0 2 1 3 4.497334e-14 0.000000e+00
