# Please cite the following papers in research using this covariance:
# arXiv: 1601.05779, https://arxiv.org/abs/1601.05779
# arXiv: 1911.11947, https://arxiv.org/abs/1911.11947
# arXiv: 2004.04833, https://arxiv.org/abs/2004.04833
# arXiv: 1804.10663, https://arxiv.org/abs/1804.10663
########################################################
66 99 8.249656e-04 8.249656e-04 1 3 3 3 5.365151e-13 0.000000e+00
66 100 8.249656e-04 1.038570e-03 1 3 3 3 4.840128e-13 0.000000e+00
66 101 8.249656e-04 1.307482e-03 1 3 3 3 4.251830e-13 0.000000e+00
66 102 8.249656e-04 1.646023e-03 1 3 3 3 3.769033e-13 0.000000e+00
66 103 8.249656e-04 2.072220e-03 1 3 3 3 3.379134e-13 0.000000e+00
66 104 8.249656e-04 2.608770e-03 1 3 3 3 3.061618e-13 0.000000e+00
66 105 8.249656e-04 3.284247e-03 1 3 3 3 2.796951e-13 0.000000e+00
66 106 8.249656e-04 4.134622e-03 1 3 3 3 2.568388e-13 0.000000e+00
66 107 8.249656e-04 5.205181e-03 1 3 3 3 2.362299e-13 0.000000e+00
66 108 8.249656e-04 6.552935e-03 1 3 3 3 2.168042e-13 0.000000e+00
66 109 8.249656e-04 8.249656e-03 1 3 3 3 1.977721e-13 0.000000e+00
67 99 1.038570e-03 8.249656e-04 1 3 3 3 4.840128e-13 0.000000e+00
67 100 1.038570e-03 1.038570e-03 1 3 3 3 4.847966e-13 0.000000e+00
67 101 1.038570e-03 1.307482e-03 1 3 3 3 4.358763e-13 0.000000e+00
67 102 1.038570e-03 1.646023e-03 1 3 3 3 3.828014e-13 0.000000e+00
67 103 1.038570e-03 2.072220e-03 1 3 3 3 3.408656e-13 0.000000e+00
67 104 1.038570e-03 2.608770e-03 1 3 3 3 3.075480e-13 0.000000e+00
67 105 1.038570e-03 3.284247e-03 1 3 3 3 2.803021e-13 0.000000e+00
67 106 1.038570e-03 4.134622e-03 1 3 3 3 2.570798e-13 0.000000e+00
67 107 1.038570e-03 5.205181e-03 1 3 3 3 2.363103e-13 0.000000e+00
67 108 1.038570e-03 6.552935e-03 1 3 3 3 2.168206e-13 0.000000e+00
67 109 1.038570e-03 8.249656e-03 1 3 3 3 1.977674e-13 0.000000e+00
68 99 1.307482e-03 8.249656e-04 1 3 3 3 4.251830e-13 0.000000e+00
68 100 1.307482e-03 1.038570e-03 1 3 3 3 4.358763e-13 0.000000e+00
68 101 1.307482e-03 1.307482e-03 1 3 3 3 4.387743e-13 0.000000e+00
68 102 1.307482e-03 1.646023e-03 1 3 3 3 3.935354e-13 0.000000e+00
68 103 1.307482e-03 2.072220e-03 1 3 3 3 3.461686e-13 0.000000e+00
68 104 1.307482e-03 2.608770e-03 1 3 3 3 3.099687e-13 0.000000e+00
68 105 1.307482e-03 3.284247e-03 1 3 3 3 2.813387e-13 0.000000e+00
68 106 1.307482e-03 4.134622e-03 1 3 3 3 2.574856e-13 0.000000e+00
68 107 1.307482e-03 5.205181e-03 1 3 3 3 2.364450e-13 0.000000e+00
68 108 1.307482e-03 6.552935e-03 1 3 3 3 2.168491e-13 0.000000e+00
68 109 1.307482e-03 8.249656e-03 1 3 3 3 1.977609e-13 0.000000e+00
69 99 1.646023e-03 8.249656e-04 1 3 3 3 3.769033e-13 0.000000e+00
69 100 1.646023e-03 1.038570e-03 1 3 3 3 3.828014e-13 0.000000e+00
69 101 1.646023e-03 1.307482e-03 1 3 3 3 3.935354e-13 0.000000e+00
69 102 1.646023e-03 1.646023e-03 1 3 3 3 3.979898e-13 0.000000e+00
69 103 1.646023e-03 2.072220e-03 1 3 3 3 3.564057e-13 0.000000e+00
69 104 1.646023e-03 2.608770e-03 1 3 3 3 3.144698e-13 0.000000e+00
69 105 1.646023e-03 3.284247e-03 1 3 3 3 2.831923e-13 0.000000e+00
69 106 1.646023e-03 4.134622e-03 1 3 3 3 2.581925e-13 0.000000e+00
69 107 1.646023e-03 5.205181e-03 1 3 3 3 2.366769e-13 0.000000e+00
69 108 1.646023e-03 6.552935e-03 1 3 3 3 2.168991e-13 0.000000e+00
69 109 1.646023e-03 8.249656e-03 1 3 3 3 1.977518e-13 0.000000e+00
70 99 2.072220e-03 8.249656e-04 1 3 3 3 3.379134e-13 0.000000e+00
70 100 2.072220e-03 1.038570e-03 1 3 3 3 3.408656e-13 0.000000e+00
70 101 2.072220e-03 1.307482e-03 1 3 3 3 3.461686e-13 0.000000e+00
70 102 2.072220e-03 1.646023e-03 1 3 3 3 3.564057e-13 0.000000e+00
70 103 2.072220e-03 2.072220e-03 1 3 3 3 3.618096e-13 0.000000e+00
70 104 2.072220e-03 2.608770e-03 1 3 3 3 3.237605e-13 0.000000e+00
70 105 2.072220e-03 3.284247e-03 1 3 3 3 2.867838e-13 0.000000e+00
70 106 2.072220e-03 4.134622e-03 1 3 3 3 2.594981e-13 0.000000e+00
70 107 2.072220e-03 5.205181e-03 1 3 3 3 2.370957e-13 0.000000e+00
70 108 2.072220e-03 6.552935e-03 1 3 3 3 2.169919e-13 0.000000e+00
70 109 2.072220e-03 8.249656e-03 1 3 3 3 1.977407e-13 0.000000e+00
71 99 2.608770e-03 8.249656e-04 1 3 3 3 3.061618e-13 0.000000e+00
71 100 2.608770e-03 1.038570e-03 1 3 3 3 3.075480e-13 0.000000e+00
71 101 2.608770e-03 1.307482e-03 1 3 3 3 3.099687e-13 0.000000e+00
71 102 2.608770e-03 1.646023e-03 1 3 3 3 3.144698e-13 0.000000e+00
71 103 2.608770e-03 2.072220e-03 1 3 3 3 3.237605e-13 0.000000e+00
71 104 2.608770e-03 2.608770e-03 1 3 3 3 3.295155e-13 0.000000e+00
71 105 2.608770e-03 3.284247e-03 1 3 3 3 2.948027e-13 0.000000e+00
71 106 2.608770e-03 4.134622e-03 1 3 3 3 2.621658e-13 0.000000e+00
71 107 2.608770e-03 5.205181e-03 1 3 3 3 2.379123e-13 0.000000e+00
71 108 2.608770e-03 6.552935e-03 1 3 3 3 2.171775e-13 0.000000e+00
71 109 2.608770e-03 8.249656e-03 1 3 3 3 1.977323e-13 0.000000e+00
72 99 3.284247e-03 8.249656e-04 1 3 3 3 2.796951e-13 0.000000e+00
72 100 3.284247e-03 1.038570e-03 1 3 3 3 2.803021e-13 0.000000e+00
72 101 3.284247e-03 1.307482e-03 1 3 3 3 2.813387e-13 0.000000e+00
72 102 3.284247e-03 1.646023e-03 1 3 3 3 2.831923e-13 0.000000e+00
72 103 3.284247e-03 2.072220e-03 1 3 3 3 2.867838e-13 0.000000e+00
72 104 3.284247e-03 2.608770e-03 1 3 3 3 2.948027e-13 0.000000e+00
72 105 3.284247e-03 3.284247e-03 1 3 3 3 3.003659e-13 0.000000e+00
72 106 3.284247e-03 4.134622e-03 1 3 3 3 2.687273e-13 0.000000e+00
72 107 3.284247e-03 5.205181e-03 1 3 3 3 2.397188e-13 0.000000e+00
72 108 3.284247e-03 6.552935e-03 1 3 3 3 2.175887e-13 0.000000e+00
72 109 3.284247e-03 8.249656e-03 1 3 3 3 1.977455e-13 0.000000e+00
73 99 4.134622e-03 8.249656e-04 1 3 3 3 2.568388e-13 0.000000e+00
73 100 4.134622e-03 1.038570e-03 1 3 3 3 2.570798e-13 0.000000e+00
73 101 4.134622e-03 1.307482e-03 1 3 3 3 2.574856e-13 0.000000e+00
73 102 4.134622e-03 1.646023e-03 1 3 3 3 2.581925e-13 0.000000e+00
73 103 4.134622e-03 2.072220e-03 1 3 3 3 2.594981e-13 0.000000e+00
73 104 4.134622e-03 2.608770e-03 1 3 3 3 2.621658e-13 0.000000e+00
73 105 4.134622e-03 3.284247e-03 1 3 3 3 2.687273e-13 0.000000e+00
73 106 4.134622e-03 4.134622e-03 1 3 3 3 2.736497e-13 0.000000e+00
73 107 4.134622e-03 5.205181e-03 1 3 3 3 2.447755e-13 0.000000e+00
73 108 4.134622e-03 6.552935e-03 1 3 3 3 2.186509e-13 0.000000e+00
73 109 4.134622e-03 8.249656e-03 1 3 3 3 1.978490e-13 0.000000e+00
74 99 5.205181e-03 8.249656e-04 1 3 3 3 2.362299e-13 0.000000e+00
74 100 5.205181e-03 1.038570e-03 1 3 3 3 2.363103e-13 0.000000e+00
74 101 5.205181e-03 1.307482e-03 1 3 3 3 2.364450e-13 0.000000e+00
74 102 5.205181e-03 1.646023e-03 1 3 3 3 2.366769e-13 0.000000e+00
74 103 5.205181e-03 2.072220e-03 1 3 3 3 2.370957e-13 0.000000e+00
74 104 5.205181e-03 2.608770e-03 1 3 3 3 2.379123e-13 0.000000e+00
74 105 5.205181e-03 3.284247e-03 1 3 3 3 2.397188e-13 0.000000e+00
74 106 5.205181e-03 4.134622e-03 1 3 3 3 2.447755e-13 0.000000e+00
74 107 5.205181e-03 5.205181e-03 1 3 3 3 2.487253e-13 0.000000e+00
74 108 5.205181e-03 6.552935e-03 1 3 3 3 2.222763e-13 0.000000e+00
74 109 5.205181e-03 8.249656e-03 1 3 3 3 1.983189e-13 0.000000e+00
75 99 6.552935e-03 8.249656e-04 1 3 3 3 2.168042e-13 0.000000e+00
75 100 6.552935e-03 1.038570e-03 1 3 3 3 2.168206e-13 0.000000e+00
75 101 6.552935e-03 1.307482e-03 1 3 3 3 2.168491e-13 0.000000e+00
75 102 6.552935e-03 1.646023e-03 1 3 3 3 2.168991e-13 0.000000e+00
75 103 6.552935e-03 2.072220e-03 1 3 3 3 2.169919e-13 0.000000e+00
75 104 6.552935e-03 2.608770e-03 1 3 3 3 2.171775e-13 0.000000e+00
75 105 6.552935e-03 3.284247e-03 1 3 3 3 2.175887e-13 0.000000e+00
75 106 6.552935e-03 4.134622e-03 1 3 3 3 2.186509e-13 0.000000e+00
75 107 6.552935e-03 5.205181e-03 1 3 3 3 2.222763e-13 0.000000e+00
75 108 6.552935e-03 6.552935e-03 1 3 3 3 2.250536e-13 0.000000e+00
75 109 6.552935e-03 8.249656e-03 1 3 3 3 2.006836e-13 0.000000e+00
76 99 8.249656e-03 8.249656e-04 1 3 3 3 1.977721e-13 0.000000e+00
76 100 8.249656e-03 1.038570e-03 1 3 3 3 1.977674e-13 0.000000e+00
76 101 8.249656e-03 1.307482e-03 1 3 3 3 1.977609e-13 0.000000e+00
76 102 8.249656e-03 1.646023e-03 1 3 3 3 1.977518e-13 0.000000e+00
76 103 8.249656e-03 2.072220e-03 1 3 3 3 1.977407e-13 0.000000e+00
76 104 8.249656e-03 2.608770e-03 1 3 3 3 1.977323e-13 0.000000e+00
76 105 8.249656e-03 3.284247e-03 1 3 3 3 1.977455e-13 0.000000e+00
76 106 8.249656e-03 4.134622e-03 1 3 3 3 1.978490e-13 0.000000e+00
76 107 8.249656e-03 5.205181e-03 1 3 3 3 1.983189e-13 0.000000e+00
76 108 8.249656e-03 6.552935e-03 1 3 3 3 2.006836e-13 0.000000e+00
76 109 8.249656e-03 8.249656e-03 1 3 3 3 2.022224e-13 0.000000e+00
