# Please cite the following papers in research using this covariance:
# arXiv: 1601.05779, https://arxiv.org/abs/1601.05779
# arXiv: 1911.11947, https://arxiv.org/abs/1911.11947
# arXiv: 2004.04833, https://arxiv.org/abs/2004.04833
# arXiv: 1804.10663, https://arxiv.org/abs/1804.10663
########################################################
0 0 8.249656e-04 8.249656e-04 0 0 0 0 3.114439e-11 0.000000e+00
0 1 8.249656e-04 1.038570e-03 0 0 0 0 1.080367e-13 0.000000e+00
0 2 8.249656e-04 1.307482e-03 0 0 0 0 9.024864e-14 0.000000e+00
0 3 8.249656e-04 1.646023e-03 0 0 0 0 7.479085e-14 0.000000e+00
0 4 8.249656e-04 2.072220e-03 0 0 0 0 6.186443e-14 0.000000e+00
0 5 8.249656e-04 2.608770e-03 0 0 0 0 5.129680e-14 0.000000e+00
0 6 8.249656e-04 3.284247e-03 0 0 0 0 4.278210e-14 0.000000e+00
0 7 8.249656e-04 4.134622e-03 0 0 0 0 3.596564e-14 0.000000e+00
0 8 8.249656e-04 5.205181e-03 0 0 0 0 3.049450e-14 0.000000e+00
0 9 8.249656e-04 6.552935e-03 0 0 0 0 2.605089e-14 0.000000e+00
0 10 8.249656e-04 8.249656e-03 0 0 0 0 2.236959e-14 0.000000e+00
1 0 1.038570e-03 8.249656e-04 0 0 0 0 1.080367e-13 0.000000e+00
1 1 1.038570e-03 1.038570e-03 0 0 0 0 1.978282e-11 0.000000e+00
1 2 1.038570e-03 1.307482e-03 0 0 0 0 9.280230e-14 0.000000e+00
1 3 1.038570e-03 1.646023e-03 0 0 0 0 7.647954e-14 0.000000e+00
1 4 1.038570e-03 2.072220e-03 0 0 0 0 6.286198e-14 0.000000e+00
1 5 1.038570e-03 2.608770e-03 0 0 0 0 5.185027e-14 0.000000e+00
1 6 1.038570e-03 3.284247e-03 0 0 0 0 4.307394e-14 0.000000e+00
1 7 1.038570e-03 4.134622e-03 0 0 0 0 3.611277e-14 0.000000e+00
1 8 1.038570e-03 5.205181e-03 0 0 0 0 3.056586e-14 0.000000e+00
1 9 1.038570e-03 6.552935e-03 0 0 0 0 2.608441e-14 0.000000e+00
1 10 1.038570e-03 8.249656e-03 0 0 0 0 2.238499e-14 0.000000e+00
2 0 1.307482e-03 8.249656e-04 0 0 0 0 9.024864e-14 0.000000e+00
2 1 1.307482e-03 1.038570e-03 0 0 0 0 9.280230e-14 0.000000e+00
2 2 1.307482e-03 1.307482e-03 0 0 0 0 1.256240e-11 0.000000e+00
2 3 1.307482e-03 1.646023e-03 0 0 0 0 7.930613e-14 0.000000e+00
2 4 1.307482e-03 2.072220e-03 0 0 0 0 6.455845e-14 0.000000e+00
2 5 1.307482e-03 2.608770e-03 0 0 0 0 5.278051e-14 0.000000e+00
2 6 1.307482e-03 3.284247e-03 0 0 0 0 4.355794e-14 0.000000e+00
2 7 1.307482e-03 4.134622e-03 0 0 0 0 3.635400e-14 0.000000e+00
2 8 1.307482e-03 5.205181e-03 0 0 0 0 3.068181e-14 0.000000e+00
2 9 1.307482e-03 6.552935e-03 0 0 0 0 2.613859e-14 0.000000e+00
2 10 1.307482e-03 8.249656e-03 0 0 0 0 2.240985e-14 0.000000e+00
3 0 1.646023e-03 8.249656e-04 0 0 0 0 7.479085e-14 0.000000e+00
3 1 1.646023e-03 1.038570e-03 0 0 0 0 7.647954e-14 0.000000e+00
3 2 1.646023e-03 1.307482e-03 0 0 0 0 7.930613e-14 0.000000e+00
3 3 1.646023e-03 1.646023e-03 0 0 0 0 7.988052e-12 0.000000e+00
3 4 1.646023e-03 2.072220e-03 0 0 0 0 6.752631e-14 0.000000e+00
3 5 1.646023e-03 2.608770e-03 0 0 0 0 5.440132e-14 0.000000e+00
3 6 1.646023e-03 3.284247e-03 0 0 0 0 4.438340e-14 0.000000e+00
3 7 1.646023e-03 4.134622e-03 0 0 0 0 3.675758e-14 0.000000e+00
3 8 1.646023e-03 5.205181e-03 0 0 0 0 3.087284e-14 0.000000e+00
3 9 1.646023e-03 6.552935e-03 0 0 0 0 2.622676e-14 0.000000e+00
3 10 1.646023e-03 8.249656e-03 0 0 0 0 2.244993e-14 0.000000e+00
4 0 2.072220e-03 8.249656e-04 0 0 0 0 6.186443e-14 0.000000e+00
4 1 2.072220e-03 1.038570e-03 0 0 0 0 6.286198e-14 0.000000e+00
4 2 2.072220e-03 1.307482e-03 0 0 0 0 6.455845e-14 0.000000e+00
4 3 2.072220e-03 1.646023e-03 0 0 0 0 6.752631e-14 0.000000e+00
4 4 2.072220e-03 2.072220e-03 0 0 0 0 5.082696e-12 0.000000e+00
4 5 2.072220e-03 2.608770e-03 0 0 0 0 5.737404e-14 0.000000e+00
4 6 2.072220e-03 3.284247e-03 0 0 0 0 4.585966e-14 0.000000e+00
4 7 2.072220e-03 4.134622e-03 0 0 0 0 3.745650e-14 0.000000e+00
4 8 2.072220e-03 5.205181e-03 0 0 0 0 3.119522e-14 0.000000e+00
4 9 2.072220e-03 6.552935e-03 0 0 0 0 2.637268e-14 0.000000e+00
4 10 2.072220e-03 8.249656e-03 0 0 0 0 2.251533e-14 0.000000e+00
5 0 2.608770e-03 8.249656e-04 0 0 0 0 5.129680e-14 0.000000e+00
5 1 2.608770e-03 1.038570e-03 0 0 0 0 5.185027e-14 0.000000e+00
5 2 2.608770e-03 1.307482e-03 0 0 0 0 5.278051e-14 0.000000e+00
5 3 2.608770e-03 1.646023e-03 0 0 0 0 5.440132e-14 0.000000e+00
5 4 2.608770e-03 2.072220e-03 0 0 0 0 5.737404e-14 0.000000e+00
5 5 2.608770e-03 2.608770e-03 0 0 0 0 3.235982e-12 0.000000e+00
5 6 2.608770e-03 3.284247e-03 0 0 0 0 4.871034e-14 0.000000e+00
5 7 2.608770e-03 4.134622e-03 0 0 0 0 3.874158e-14 0.000000e+00
5 8 2.608770e-03 5.205181e-03 0 0 0 0 3.176215e-14 0.000000e+00
5 9 2.608770e-03 6.552935e-03 0 0 0 0 2.662096e-14 0.000000e+00
5 10 2.608770e-03 8.249656e-03 0 0 0 0 2.262399e-14 0.000000e+00
6 0 3.284247e-03 8.249656e-04 0 0 0 0 4.278210e-14 0.000000e+00
6 1 3.284247e-03 1.038570e-03 0 0 0 0 4.307394e-14 0.000000e+00
6 2 3.284247e-03 1.307482e-03 0 0 0 0 4.355794e-14 0.000000e+00
6 3 3.284247e-03 1.646023e-03 0 0 0 0 4.438340e-14 0.000000e+00
6 4 3.284247e-03 2.072220e-03 0 0 0 0 4.585966e-14 0.000000e+00
6 5 3.284247e-03 2.608770e-03 0 0 0 0 4.871034e-14 0.000000e+00
6 6 3.284247e-03 3.284247e-03 0 0 0 0 2.062487e-12 0.000000e+00
6 7 3.284247e-03 4.134622e-03 0 0 0 0 4.136617e-14 0.000000e+00
6 8 3.284247e-03 5.205181e-03 0 0 0 0 3.283447e-14 0.000000e+00
6 9 3.284247e-03 6.552935e-03 0 0 0 0 2.706388e-14 0.000000e+00
6 10 3.284247e-03 8.249656e-03 0 0 0 0 2.281011e-14 0.000000e+00
7 0 4.134622e-03 8.249656e-04 0 0 0 0 3.596564e-14 0.000000e+00
7 1 4.134622e-03 1.038570e-03 0 0 0 0 3.611277e-14 0.000000e+00
7 2 4.134622e-03 1.307482e-03 0 0 0 0 3.635400e-14 0.000000e+00
7 3 4.134622e-03 1.646023e-03 0 0 0 0 3.675758e-14 0.000000e+00
7 4 4.134622e-03 2.072220e-03 0 0 0 0 3.745650e-14 0.000000e+00
7 5 4.134622e-03 2.608770e-03 0 0 0 0 3.874158e-14 0.000000e+00
7 6 4.134622e-03 3.284247e-03 0 0 0 0 4.136617e-14 0.000000e+00
7 7 4.134622e-03 4.134622e-03 0 0 0 0 1.318423e-12 0.000000e+00
7 8 4.134622e-03 5.205181e-03 0 0 0 0 3.516054e-14 0.000000e+00
7 9 4.134622e-03 6.552935e-03 0 0 0 0 2.792517e-14 0.000000e+00
7 10 4.134622e-03 8.249656e-03 0 0 0 0 2.314620e-14 0.000000e+00
8 0 5.205181e-03 8.249656e-04 0 0 0 0 3.049450e-14 0.000000e+00
8 1 5.205181e-03 1.038570e-03 0 0 0 0 3.056586e-14 0.000000e+00
8 2 5.205181e-03 1.307482e-03 0 0 0 0 3.068181e-14 0.000000e+00
8 3 5.205181e-03 1.646023e-03 0 0 0 0 3.087284e-14 0.000000e+00
8 4 5.205181e-03 2.072220e-03 0 0 0 0 3.119522e-14 0.000000e+00
8 5 5.205181e-03 2.608770e-03 0 0 0 0 3.176215e-14 0.000000e+00
8 6 5.205181e-03 3.284247e-03 0 0 0 0 3.283447e-14 0.000000e+00
8 7 5.205181e-03 4.134622e-03 0 0 0 0 3.516054e-14 0.000000e+00
8 8 5.205181e-03 5.205181e-03 0 0 0 0 8.451701e-13 0.000000e+00
8 9 5.205181e-03 6.552935e-03 0 0 0 0 2.991533e-14 0.000000e+00
8 10 5.205181e-03 8.249656e-03 0 0 0 0 2.381628e-14 0.000000e+00
9 0 6.552935e-03 8.249656e-04 0 0 0 0 2.605089e-14 0.000000e+00
9 1 6.552935e-03 1.038570e-03 0 0 0 0 2.608441e-14 0.000000e+00
9 2 6.552935e-03 1.307482e-03 0 0 0 0 2.613859e-14 0.000000e+00
9 3 6.552935e-03 1.646023e-03 0 0 0 0 2.622676e-14 0.000000e+00
9 4 6.552935e-03 2.072220e-03 0 0 0 0 2.637268e-14 0.000000e+00
9 5 6.552935e-03 2.608770e-03 0 0 0 0 2.662096e-14 0.000000e+00
9 6 6.552935e-03 3.284247e-03 0 0 0 0 2.706388e-14 0.000000e+00
9 7 6.552935e-03 4.134622e-03 0 0 0 0 2.792517e-14 0.000000e+00
9 8 6.552935e-03 5.205181e-03 0 0 0 0 2.991533e-14 0.000000e+00
9 9 6.552935e-03 6.552935e-03 0 0 0 0 5.436921e-13 0.000000e+00
9 10 6.552935e-03 8.249656e-03 0 0 0 0 2.546618e-14 0.000000e+00
10 0 8.249656e-03 8.249656e-04 0 0 0 0 2.236959e-14 0.000000e+00
10 1 8.249656e-03 1.038570e-03 0 0 0 0 2.238499e-14 0.000000e+00
10 2 8.249656e-03 1.307482e-03 0 0 0 0 2.240985e-14 0.000000e+00
10 3 8.249656e-03 1.646023e-03 0 0 0 0 2.244993e-14 0.000000e+00
10 4 8.249656e-03 2.072220e-03 0 0 0 0 2.251533e-14 0.000000e+00
10 5 8.249656e-03 2.608770e-03 0 0 0 0 2.262399e-14 0.000000e+00
10 6 8.249656e-03 3.284247e-03 0 0 0 0 2.281011e-14 0.000000e+00
10 7 8.249656e-03 4.134622e-03 0 0 0 0 2.314620e-14 0.000000e+00
10 8 8.249656e-03 5.205181e-03 0 0 0 0 2.381628e-14 0.000000e+00
10 9 8.249656e-03 6.552935e-03 0 0 0 0 2.546618e-14 0.000000e+00
10 10 8.249656e-03 8.249656e-03 0 0 0 0 3.516462e-13 0.000000e+00
