# Please cite the following papers in research using this covariance:
# arXiv: 1601.05779, https://arxiv.org/abs/1601.05779
# arXiv: 1911.11947, https://arxiv.org/abs/1911.11947
# arXiv: 2004.04833, https://arxiv.org/abs/2004.04833
# arXiv: 1804.10663, https://arxiv.org/abs/1804.10663
########################################################
77 198 8.249656e-04 8.249656e-04 2 2 2 3 -1.377875e-14 0.000000e+00
77 199 8.249656e-04 1.038570e-03 2 2 2 3 -4.201351e-14 0.000000e+00
77 200 8.249656e-04 1.307482e-03 2 2 2 3 -1.910111e-14 0.000000e+00
77 201 8.249656e-04 1.646023e-03 2 2 2 3 1.596127e-14 0.000000e+00
77 202 8.249656e-04 2.072220e-03 2 2 2 3 4.039353e-14 0.000000e+00
77 203 8.249656e-04 2.608770e-03 2 2 2 3 5.215182e-14 0.000000e+00
77 204 8.249656e-04 3.284247e-03 2 2 2 3 5.484639e-14 0.000000e+00
77 205 8.249656e-04 4.134622e-03 2 2 2 3 5.239956e-14 0.000000e+00
77 206 8.249656e-04 5.205181e-03 2 2 2 3 4.768118e-14 0.000000e+00
77 207 8.249656e-04 6.552935e-03 2 2 2 3 4.246507e-14 0.000000e+00
77 208 8.249656e-04 8.249656e-03 2 2 2 3 3.771145e-14 0.000000e+00
78 198 1.038570e-03 8.249656e-04 2 2 2 3 1.178544e-15 0.000000e+00
78 199 1.038570e-03 1.038570e-03 2 2 2 3 -1.242766e-14 0.000000e+00
78 200 1.038570e-03 1.307482e-03 2 2 2 3 -4.043899e-14 0.000000e+00
78 201 1.038570e-03 1.646023e-03 2 2 2 3 -1.823249e-14 0.000000e+00
78 202 1.038570e-03 2.072220e-03 2 2 2 3 1.407222e-14 0.000000e+00
78 203 1.038570e-03 2.608770e-03 2 2 2 3 3.545555e-14 0.000000e+00
78 204 1.038570e-03 3.284247e-03 2 2 2 3 4.512940e-14 0.000000e+00
78 205 1.038570e-03 4.134622e-03 2 2 2 3 4.698574e-14 0.000000e+00
78 206 1.038570e-03 5.205181e-03 2 2 2 3 4.472490e-14 0.000000e+00
78 207 1.038570e-03 6.552935e-03 2 2 2 3 4.085668e-14 0.000000e+00
78 208 1.038570e-03 8.249656e-03 2 2 2 3 3.682811e-14 0.000000e+00
79 198 1.307482e-03 8.249656e-04 2 2 2 3 6.420306e-16 0.000000e+00
79 199 1.307482e-03 1.038570e-03 2 2 2 3 1.702644e-15 0.000000e+00
79 200 1.307482e-03 1.307482e-03 2 2 2 3 -1.084855e-14 0.000000e+00
79 201 1.307482e-03 1.646023e-03 2 2 2 3 -3.810140e-14 0.000000e+00
79 202 1.307482e-03 2.072220e-03 2 2 2 3 -1.689713e-14 0.000000e+00
79 203 1.307482e-03 2.608770e-03 2 2 2 3 1.231880e-14 0.000000e+00
79 204 1.307482e-03 3.284247e-03 2 2 2 3 3.076500e-14 0.000000e+00
79 205 1.307482e-03 4.134622e-03 2 2 2 3 3.873342e-14 0.000000e+00
79 206 1.307482e-03 5.205181e-03 2 2 2 3 4.014603e-14 0.000000e+00
79 207 1.307482e-03 6.552935e-03 2 2 2 3 3.834358e-14 0.000000e+00
79 208 1.307482e-03 8.249656e-03 2 2 2 3 3.544091e-14 0.000000e+00
80 198 1.646023e-03 8.249656e-04 2 2 2 3 2.496171e-16 0.000000e+00
80 199 1.646023e-03 1.038570e-03 2 2 2 3 7.121864e-16 0.000000e+00
80 200 1.646023e-03 1.307482e-03 2 2 2 3 2.117928e-15 0.000000e+00
80 201 1.646023e-03 1.646023e-03 2 2 2 3 -9.150115e-15 0.000000e+00
80 202 1.646023e-03 2.072220e-03 2 2 2 3 -3.514785e-14 0.000000e+00
80 203 1.646023e-03 2.608770e-03 2 2 2 3 -1.522114e-14 0.000000e+00
80 204 1.646023e-03 3.284247e-03 2 2 2 3 1.074755e-14 0.000000e+00
80 205 1.646023e-03 4.134622e-03 2 2 2 3 2.650525e-14 0.000000e+00
80 206 1.646023e-03 5.205181e-03 2 2 2 3 3.316162e-14 0.000000e+00
80 207 1.646023e-03 6.552935e-03 2 2 2 3 3.445138e-14 0.000000e+00
80 208 1.646023e-03 8.249656e-03 2 2 2 3 3.327404e-14 0.000000e+00
81 198 2.072220e-03 8.249656e-04 2 2 2 3 8.865831e-17 0.000000e+00
81 199 2.072220e-03 1.038570e-03 2 2 2 3 2.456011e-16 0.000000e+00
81 200 2.072220e-03 1.307482e-03 2 2 2 3 7.301315e-16 0.000000e+00
81 201 2.072220e-03 1.646023e-03 2 2 2 3 2.380775e-15 0.000000e+00
81 202 2.072220e-03 2.072220e-03 2 2 2 3 -7.468236e-15 0.000000e+00
81 203 2.072220e-03 2.608770e-03 2 2 2 3 -3.177358e-14 0.000000e+00
81 204 2.072220e-03 3.284247e-03 2 2 2 3 -1.335286e-14 0.000000e+00
81 205 2.072220e-03 4.134622e-03 2 2 2 3 9.385622e-15 0.000000e+00
81 206 2.072220e-03 5.205181e-03 2 2 2 3 2.279773e-14 0.000000e+00
81 207 2.072220e-03 6.552935e-03 2 2 2 3 2.851484e-14 0.000000e+00
81 208 2.072220e-03 8.249656e-03 2 2 2 3 2.992053e-14 0.000000e+00
82 198 2.608770e-03 8.249656e-04 2 2 2 3 3.039600e-17 0.000000e+00
82 199 2.608770e-03 1.038570e-03 2 2 2 3 7.972249e-17 0.000000e+00
82 200 2.608770e-03 1.307482e-03 2 2 2 3 2.260086e-16 0.000000e+00
82 201 2.608770e-03 1.646023e-03 2 2 2 3 6.957233e-16 0.000000e+00
82 202 2.608770e-03 2.072220e-03 2 2 2 3 2.474667e-15 0.000000e+00
82 203 2.608770e-03 2.608770e-03 2 2 2 3 -5.916942e-15 0.000000e+00
82 204 2.608770e-03 3.284247e-03 2 2 2 3 -2.819507e-14 0.000000e+00
82 205 2.608770e-03 4.134622e-03 2 2 2 3 -1.143965e-14 0.000000e+00
82 206 2.608770e-03 5.205181e-03 2 2 2 3 8.243167e-15 0.000000e+00
82 207 2.608770e-03 6.552935e-03 2 2 2 3 1.970460e-14 0.000000e+00
82 208 2.608770e-03 8.249656e-03 2 2 2 3 2.481018e-14 0.000000e+00
83 198 3.284247e-03 8.249656e-04 2 2 2 3 1.020019e-17 0.000000e+00
83 199 3.284247e-03 1.038570e-03 2 2 2 3 2.461547e-17 0.000000e+00
83 200 3.284247e-03 1.307482e-03 2 2 2 3 6.765421e-17 0.000000e+00
83 201 3.284247e-03 1.646023e-03 2 2 2 3 1.953162e-16 0.000000e+00
83 202 3.284247e-03 2.072220e-03 2 2 2 3 6.216283e-16 0.000000e+00
83 203 3.284247e-03 2.608770e-03 2 2 2 3 2.410255e-15 0.000000e+00
83 204 3.284247e-03 3.284247e-03 2 2 2 3 -4.581041e-15 0.000000e+00
83 205 3.284247e-03 4.134622e-03 2 2 2 3 -2.462157e-14 0.000000e+00
83 206 3.284247e-03 5.205181e-03 2 2 2 3 -9.606937e-15 0.000000e+00
83 207 3.284247e-03 6.552935e-03 2 2 2 3 7.318603e-15 0.000000e+00
83 208 3.284247e-03 8.249656e-03 2 2 2 3 1.723575e-14 0.000000e+00
84 198 4.134622e-03 8.249656e-04 2 2 2 3 3.723768e-18 0.000000e+00
84 199 4.134622e-03 1.038570e-03 2 2 2 3 7.292762e-18 0.000000e+00
84 200 4.134622e-03 1.307482e-03 2 2 2 3 1.964291e-17 0.000000e+00
84 201 4.134622e-03 1.646023e-03 2 2 2 3 5.443363e-17 0.000000e+00
84 202 4.134622e-03 2.072220e-03 2 2 2 3 1.590823e-16 0.000000e+00
84 203 4.134622e-03 2.608770e-03 2 2 2 3 5.238088e-16 0.000000e+00
84 204 4.134622e-03 3.284247e-03 2 2 2 3 2.217019e-15 0.000000e+00
84 205 4.134622e-03 4.134622e-03 2 2 2 3 -3.507508e-15 0.000000e+00
84 206 4.134622e-03 5.205181e-03 2 2 2 3 -2.123112e-14 0.000000e+00
84 207 4.134622e-03 6.552935e-03 2 2 2 3 -7.947437e-15 0.000000e+00
84 208 4.134622e-03 8.249656e-03 2 2 2 3 6.601374e-15 0.000000e+00
85 198 5.205181e-03 8.249656e-04 2 2 2 3 1.552284e-18 0.000000e+00
85 199 5.205181e-03 1.038570e-03 2 2 2 3 1.933499e-18 0.000000e+00
85 200 5.205181e-03 1.307482e-03 2 2 2 3 5.390522e-18 0.000000e+00
85 201 5.205181e-03 1.646023e-03 2 2 2 3 1.487996e-17 0.000000e+00
85 202 5.205181e-03 2.072220e-03 2 2 2 3 4.107277e-17 0.000000e+00
85 203 5.205181e-03 2.608770e-03 2 2 2 3 1.225259e-16 0.000000e+00
85 204 5.205181e-03 3.284247e-03 2 2 2 3 4.175083e-16 0.000000e+00
85 205 5.205181e-03 4.134622e-03 2 2 2 3 1.935981e-15 0.000000e+00
85 206 5.205181e-03 5.205181e-03 2 2 2 3 -2.708413e-15 0.000000e+00
85 207 5.205181e-03 6.552935e-03 2 2 2 3 -1.815836e-14 0.000000e+00
85 208 5.205181e-03 8.249656e-03 2 2 2 3 -6.516781e-15 0.000000e+00
86 198 6.552935e-03 8.249656e-04 2 2 2 3 1.037651e-18 0.000000e+00
86 199 6.552935e-03 1.038570e-03 2 2 2 3 3.436710e-19 0.000000e+00
86 200 6.552935e-03 1.307482e-03 2 2 2 3 1.367495e-18 0.000000e+00
86 201 6.552935e-03 1.646023e-03 2 2 2 3 3.908288e-18 0.000000e+00
86 202 6.552935e-03 2.072220e-03 2 2 2 3 1.031279e-17 0.000000e+00
86 203 6.552935e-03 2.608770e-03 2 2 2 3 2.914791e-17 0.000000e+00
86 204 6.552935e-03 3.284247e-03 2 2 2 3 8.869871e-17 0.000000e+00
86 205 6.552935e-03 4.134622e-03 2 2 2 3 3.141322e-16 0.000000e+00
86 206 6.552935e-03 5.205181e-03 2 2 2 3 1.609139e-15 0.000000e+00
86 207 6.552935e-03 6.552935e-03 2 2 2 3 -2.167127e-15 0.000000e+00
86 208 6.552935e-03 8.249656e-03 2 2 2 3 -1.548946e-14 0.000000e+00
87 198 8.249656e-03 8.249656e-04 2 2 2 3 8.145223e-19 0.000000e+00
87 199 8.249656e-03 1.038570e-03 2 2 2 3 -7.533181e-20 0.000000e+00
87 200 8.249656e-03 1.307482e-03 2 2 2 3 2.802312e-19 0.000000e+00
87 201 8.249656e-03 1.646023e-03 2 2 2 3 9.892871e-19 0.000000e+00
87 202 8.249656e-03 2.072220e-03 2 2 2 3 2.475884e-18 0.000000e+00
87 203 8.249656e-03 2.608770e-03 2 2 2 3 6.689090e-18 0.000000e+00
87 204 8.249656e-03 3.284247e-03 2 2 2 3 1.908320e-17 0.000000e+00
87 205 8.249656e-03 4.134622e-03 2 2 2 3 5.964766e-17 0.000000e+00
87 206 8.249656e-03 5.205181e-03 2 2 2 3 2.215247e-16 0.000000e+00
87 207 8.249656e-03 6.552935e-03 2 2 2 3 1.272856e-15 0.000000e+00
87 208 8.249656e-03 8.249656e-03 2 2 2 3 -1.849214e-15 0.000000e+00
