# Please cite the following papers in research using this covariance:
# arXiv: 1601.05779, https://arxiv.org/abs/1601.05779
# arXiv: 1911.11947, https://arxiv.org/abs/1911.11947
# arXiv: 2004.04833, https://arxiv.org/abs/2004.04833
# arXiv: 1804.10663, https://arxiv.org/abs/1804.10663
########################################################
77 99 8.249656e-04 8.249656e-04 2 2 3 3 2.925893e-13 0.000000e+00
77 100 8.249656e-04 1.038570e-03 2 2 3 3 2.895367e-13 0.000000e+00
77 101 8.249656e-04 1.307482e-03 2 2 3 3 2.851412e-13 0.000000e+00
77 102 8.249656e-04 1.646023e-03 2 2 3 3 2.796300e-13 0.000000e+00
77 103 8.249656e-04 2.072220e-03 2 2 3 3 2.732057e-13 0.000000e+00
77 104 8.249656e-04 2.608770e-03 2 2 3 3 2.659670e-13 0.000000e+00
77 105 8.249656e-04 3.284247e-03 2 2 3 3 2.578894e-13 0.000000e+00
77 106 8.249656e-04 4.134622e-03 2 2 3 3 2.488318e-13 0.000000e+00
77 107 8.249656e-04 5.205181e-03 2 2 3 3 2.385601e-13 0.000000e+00
77 108 8.249656e-04 6.552935e-03 2 2 3 3 2.267827e-13 0.000000e+00
77 109 8.249656e-04 8.249656e-03 2 2 3 3 2.131988e-13 0.000000e+00
78 99 1.038570e-03 8.249656e-04 2 2 3 3 2.895367e-13 0.000000e+00
78 100 1.038570e-03 1.038570e-03 2 2 3 3 2.875811e-13 0.000000e+00
78 101 1.038570e-03 1.307482e-03 2 2 3 3 2.840843e-13 0.000000e+00
78 102 1.038570e-03 1.646023e-03 2 2 3 3 2.790606e-13 0.000000e+00
78 103 1.038570e-03 2.072220e-03 2 2 3 3 2.728707e-13 0.000000e+00
78 104 1.038570e-03 2.608770e-03 2 2 3 3 2.657417e-13 0.000000e+00
78 105 1.038570e-03 3.284247e-03 2 2 3 3 2.577200e-13 0.000000e+00
78 106 1.038570e-03 4.134622e-03 2 2 3 3 2.486980e-13 0.000000e+00
78 107 1.038570e-03 5.205181e-03 2 2 3 3 2.384547e-13 0.000000e+00
78 108 1.038570e-03 6.552935e-03 2 2 3 3 2.267025e-13 0.000000e+00
78 109 1.038570e-03 8.249656e-03 2 2 3 3 2.131408e-13 0.000000e+00
79 99 1.307482e-03 8.249656e-04 2 2 3 3 2.851412e-13 0.000000e+00
79 100 1.307482e-03 1.038570e-03 2 2 3 3 2.840843e-13 0.000000e+00
79 101 1.307482e-03 1.307482e-03 2 2 3 3 2.819592e-13 0.000000e+00
79 102 1.307482e-03 1.646023e-03 2 2 3 3 2.779817e-13 0.000000e+00
79 103 1.307482e-03 2.072220e-03 2 2 3 3 2.722855e-13 0.000000e+00
79 104 1.307482e-03 2.608770e-03 2 2 3 3 2.653702e-13 0.000000e+00
79 105 1.307482e-03 3.284247e-03 2 2 3 3 2.574484e-13 0.000000e+00
79 106 1.307482e-03 4.134622e-03 2 2 3 3 2.484856e-13 0.000000e+00
79 107 1.307482e-03 5.205181e-03 2 2 3 3 2.382879e-13 0.000000e+00
79 108 1.307482e-03 6.552935e-03 2 2 3 3 2.265756e-13 0.000000e+00
79 109 1.307482e-03 8.249656e-03 2 2 3 3 2.130493e-13 0.000000e+00
80 99 1.646023e-03 8.249656e-04 2 2 3 3 2.796300e-13 0.000000e+00
80 100 1.646023e-03 1.038570e-03 2 2 3 3 2.790606e-13 0.000000e+00
80 101 1.646023e-03 1.307482e-03 2 2 3 3 2.779817e-13 0.000000e+00
80 102 1.646023e-03 1.646023e-03 2 2 3 3 2.756799e-13 0.000000e+00
80 103 1.646023e-03 2.072220e-03 2 2 3 3 2.711665e-13 0.000000e+00
80 104 1.646023e-03 2.608770e-03 2 2 3 3 2.647329e-13 0.000000e+00
80 105 1.646023e-03 3.284247e-03 2 2 3 3 2.570072e-13 0.000000e+00
80 106 1.646023e-03 4.134622e-03 2 2 3 3 2.481467e-13 0.000000e+00
80 107 1.646023e-03 5.205181e-03 2 2 3 3 2.380230e-13 0.000000e+00
80 108 1.646023e-03 6.552935e-03 2 2 3 3 2.263743e-13 0.000000e+00
80 109 1.646023e-03 8.249656e-03 2 2 3 3 2.129040e-13 0.000000e+00
81 99 2.072220e-03 8.249656e-04 2 2 3 3 2.732057e-13 0.000000e+00
81 100 2.072220e-03 1.038570e-03 2 2 3 3 2.728707e-13 0.000000e+00
81 101 2.072220e-03 1.307482e-03 2 2 3 3 2.722855e-13 0.000000e+00
81 102 2.072220e-03 1.646023e-03 2 2 3 3 2.711665e-13 0.000000e+00
81 103 2.072220e-03 2.072220e-03 2 2 3 3 2.686597e-13 0.000000e+00
81 104 2.072220e-03 2.608770e-03 2 2 3 3 2.635323e-13 0.000000e+00
81 105 2.072220e-03 3.284247e-03 2 2 3 3 2.562691e-13 0.000000e+00
81 106 2.072220e-03 4.134622e-03 2 2 3 3 2.476022e-13 0.000000e+00
81 107 2.072220e-03 5.205181e-03 2 2 3 3 2.376012e-13 0.000000e+00
81 108 2.072220e-03 6.552935e-03 2 2 3 3 2.260542e-13 0.000000e+00
81 109 2.072220e-03 8.249656e-03 2 2 3 3 2.126728e-13 0.000000e+00
82 99 2.608770e-03 8.249656e-04 2 2 3 3 2.659670e-13 0.000000e+00
82 100 2.608770e-03 1.038570e-03 2 2 3 3 2.657417e-13 0.000000e+00
82 101 2.608770e-03 1.307482e-03 2 2 3 3 2.653702e-13 0.000000e+00
82 102 2.608770e-03 1.646023e-03 2 2 3 3 2.647329e-13 0.000000e+00
82 103 2.608770e-03 2.072220e-03 2 2 3 3 2.635323e-13 0.000000e+00
82 104 2.608770e-03 2.608770e-03 2 2 3 3 2.607681e-13 0.000000e+00
82 105 2.608770e-03 3.284247e-03 2 2 3 3 2.549253e-13 0.000000e+00
82 106 2.608770e-03 4.134622e-03 2 2 3 3 2.467113e-13 0.000000e+00
82 107 2.608770e-03 5.205181e-03 2 2 3 3 2.369275e-13 0.000000e+00
82 108 2.608770e-03 6.552935e-03 2 2 3 3 2.255448e-13 0.000000e+00
82 109 2.608770e-03 8.249656e-03 2 2 3 3 2.123051e-13 0.000000e+00
83 99 3.284247e-03 8.249656e-04 2 2 3 3 2.578894e-13 0.000000e+00
83 100 3.284247e-03 1.038570e-03 2 2 3 3 2.577200e-13 0.000000e+00
83 101 3.284247e-03 1.307482e-03 2 2 3 3 2.574484e-13 0.000000e+00
83 102 3.284247e-03 1.646023e-03 2 2 3 3 2.570072e-13 0.000000e+00
83 103 3.284247e-03 2.072220e-03 2 2 3 3 2.562691e-13 0.000000e+00
83 104 3.284247e-03 2.608770e-03 2 2 3 3 2.549253e-13 0.000000e+00
83 105 3.284247e-03 3.284247e-03 2 2 3 3 2.518290e-13 0.000000e+00
83 106 3.284247e-03 4.134622e-03 2 2 3 3 2.451512e-13 0.000000e+00
83 107 3.284247e-03 5.205181e-03 2 2 3 3 2.358393e-13 0.000000e+00
83 108 3.284247e-03 6.552935e-03 2 2 3 3 2.247313e-13 0.000000e+00
83 109 3.284247e-03 8.249656e-03 2 2 3 3 2.117182e-13 0.000000e+00
84 99 4.134622e-03 8.249656e-04 2 2 3 3 2.488318e-13 0.000000e+00
84 100 4.134622e-03 1.038570e-03 2 2 3 3 2.486980e-13 0.000000e+00
84 101 4.134622e-03 1.307482e-03 2 2 3 3 2.484856e-13 0.000000e+00
84 102 4.134622e-03 1.646023e-03 2 2 3 3 2.481467e-13 0.000000e+00
84 103 4.134622e-03 2.072220e-03 2 2 3 3 2.476022e-13 0.000000e+00
84 104 4.134622e-03 2.608770e-03 2 2 3 3 2.467113e-13 0.000000e+00
84 105 4.134622e-03 3.284247e-03 2 2 3 3 2.451512e-13 0.000000e+00
84 106 4.134622e-03 4.134622e-03 2 2 3 3 2.416340e-13 0.000000e+00
84 107 4.134622e-03 5.205181e-03 2 2 3 3 2.339937e-13 0.000000e+00
84 108 4.134622e-03 6.552935e-03 2 2 3 3 2.234225e-13 0.000000e+00
84 109 4.134622e-03 8.249656e-03 2 2 3 3 2.107779e-13 0.000000e+00
85 99 5.205181e-03 8.249656e-04 2 2 3 3 2.385601e-13 0.000000e+00
85 100 5.205181e-03 1.038570e-03 2 2 3 3 2.384547e-13 0.000000e+00
85 101 5.205181e-03 1.307482e-03 2 2 3 3 2.382879e-13 0.000000e+00
85 102 5.205181e-03 1.646023e-03 2 2 3 3 2.380230e-13 0.000000e+00
85 103 5.205181e-03 2.072220e-03 2 2 3 3 2.376012e-13 0.000000e+00
85 104 5.205181e-03 2.608770e-03 2 2 3 3 2.369275e-13 0.000000e+00
85 105 5.205181e-03 3.284247e-03 2 2 3 3 2.358393e-13 0.000000e+00
85 106 5.205181e-03 4.134622e-03 2 2 3 3 2.339937e-13 0.000000e+00
85 107 5.205181e-03 5.205181e-03 2 2 3 3 2.299672e-13 0.000000e+00
85 108 5.205181e-03 6.552935e-03 2 2 3 3 2.212447e-13 0.000000e+00
85 109 5.205181e-03 8.249656e-03 2 2 3 3 2.092602e-13 0.000000e+00
86 99 6.552935e-03 8.249656e-04 2 2 3 3 2.267827e-13 0.000000e+00
86 100 6.552935e-03 1.038570e-03 2 2 3 3 2.267025e-13 0.000000e+00
86 101 6.552935e-03 1.307482e-03 2 2 3 3 2.265756e-13 0.000000e+00
86 102 6.552935e-03 1.646023e-03 2 2 3 3 2.263743e-13 0.000000e+00
86 103 6.552935e-03 2.072220e-03 2 2 3 3 2.260542e-13 0.000000e+00
86 104 6.552935e-03 2.608770e-03 2 2 3 3 2.255448e-13 0.000000e+00
86 105 6.552935e-03 3.284247e-03 2 2 3 3 2.247313e-13 0.000000e+00
86 106 6.552935e-03 4.134622e-03 2 2 3 3 2.234225e-13 0.000000e+00
86 107 6.552935e-03 5.205181e-03 2 2 3 3 2.212447e-13 0.000000e+00
86 108 6.552935e-03 6.552935e-03 2 2 3 3 2.166420e-13 0.000000e+00
86 109 6.552935e-03 8.249656e-03 2 2 3 3 2.067479e-13 0.000000e+00
87 99 8.249656e-03 8.249656e-04 2 2 3 3 2.131988e-13 0.000000e+00
87 100 8.249656e-03 1.038570e-03 2 2 3 3 2.131408e-13 0.000000e+00
87 101 8.249656e-03 1.307482e-03 2 2 3 3 2.130493e-13 0.000000e+00
87 102 8.249656e-03 1.646023e-03 2 2 3 3 2.129040e-13 0.000000e+00
87 103 8.249656e-03 2.072220e-03 2 2 3 3 2.126728e-13 0.000000e+00
87 104 8.249656e-03 2.608770e-03 2 2 3 3 2.123051e-13 0.000000e+00
87 105 8.249656e-03 3.284247e-03 2 2 3 3 2.117182e-13 0.000000e+00
87 106 8.249656e-03 4.134622e-03 2 2 3 3 2.107779e-13 0.000000e+00
87 107 8.249656e-03 5.205181e-03 2 2 3 3 2.092602e-13 0.000000e+00
87 108 8.249656e-03 6.552935e-03 2 2 3 3 2.067479e-13 0.000000e+00
87 109 8.249656e-03 8.249656e-03 2 2 3 3 2.015496e-13 0.000000e+00
