# Please cite the following papers in research using this covariance:
# arXiv: 1601.05779, https://arxiv.org/abs/1601.05779
# arXiv: 1911.11947, https://arxiv.org/abs/1911.11947
# arXiv: 2004.04833, https://arxiv.org/abs/2004.04833
# arXiv: 1804.10663, https://arxiv.org/abs/1804.10663
########################################################
22 22 8.249656e-04 8.249656e-04 0 2 0 2 1.634079e-11 0.000000e+00
22 23 8.249656e-04 1.038570e-03 0 2 0 2 2.021980e-13 0.000000e+00
22 24 8.249656e-04 1.307482e-03 0 2 0 2 1.677412e-13 0.000000e+00
22 25 8.249656e-04 1.646023e-03 0 2 0 2 1.405945e-13 0.000000e+00
22 26 8.249656e-04 2.072220e-03 0 2 0 2 1.194691e-13 0.000000e+00
22 27 8.249656e-04 2.608770e-03 0 2 0 2 1.028840e-13 0.000000e+00
22 28 8.249656e-04 3.284247e-03 0 2 0 2 8.961466e-14 0.000000e+00
22 29 8.249656e-04 4.134622e-03 0 2 0 2 7.871616e-14 0.000000e+00
22 30 8.249656e-04 5.205181e-03 0 2 0 2 6.948589e-14 0.000000e+00
22 31 8.249656e-04 6.552935e-03 0 2 0 2 6.142019e-14 0.000000e+00
22 32 8.249656e-04 8.249656e-03 0 2 0 2 5.417391e-14 0.000000e+00
23 22 1.038570e-03 8.249656e-04 0 2 0 2 2.021980e-13 0.000000e+00
23 23 1.038570e-03 1.038570e-03 0 2 0 2 1.042016e-11 0.000000e+00
23 24 1.038570e-03 1.307482e-03 0 2 0 2 1.749322e-13 0.000000e+00
23 25 1.038570e-03 1.646023e-03 0 2 0 2 1.443562e-13 0.000000e+00
23 26 1.038570e-03 2.072220e-03 0 2 0 2 1.213058e-13 0.000000e+00
23 27 1.038570e-03 2.608770e-03 0 2 0 2 1.037515e-13 0.000000e+00
23 28 1.038570e-03 3.284247e-03 0 2 0 2 9.001396e-14 0.000000e+00
23 29 1.038570e-03 4.134622e-03 0 2 0 2 7.889608e-14 0.000000e+00
23 30 1.038570e-03 5.205181e-03 0 2 0 2 6.956596e-14 0.000000e+00
23 31 1.038570e-03 6.552935e-03 0 2 0 2 6.145591e-14 0.000000e+00
23 32 1.038570e-03 8.249656e-03 0 2 0 2 5.419028e-14 0.000000e+00
24 22 1.307482e-03 8.249656e-04 0 2 0 2 1.677412e-13 0.000000e+00
24 23 1.307482e-03 1.038570e-03 0 2 0 2 1.749322e-13 0.000000e+00
24 24 1.307482e-03 1.307482e-03 0 2 0 2 6.652587e-12 0.000000e+00
24 25 1.307482e-03 1.646023e-03 0 2 0 2 1.514152e-13 0.000000e+00
24 26 1.307482e-03 2.072220e-03 0 2 0 2 1.246434e-13 0.000000e+00
24 27 1.307482e-03 2.608770e-03 0 2 0 2 1.052675e-13 0.000000e+00
24 28 1.307482e-03 3.284247e-03 0 2 0 2 9.069130e-14 0.000000e+00
24 29 1.307482e-03 4.134622e-03 0 2 0 2 7.919494e-14 0.000000e+00
24 30 1.307482e-03 5.205181e-03 0 2 0 2 6.969701e-14 0.000000e+00
24 31 1.307482e-03 6.552935e-03 0 2 0 2 6.151394e-14 0.000000e+00
24 32 1.307482e-03 8.249656e-03 0 2 0 2 5.421680e-14 0.000000e+00
25 22 1.646023e-03 8.249656e-04 0 2 0 2 1.405945e-13 0.000000e+00
25 23 1.646023e-03 1.038570e-03 0 2 0 2 1.443562e-13 0.000000e+00
25 24 1.646023e-03 1.307482e-03 0 2 0 2 1.514152e-13 0.000000e+00
25 25 1.646023e-03 1.646023e-03 0 2 0 2 4.261466e-12 0.000000e+00
25 26 1.646023e-03 2.072220e-03 0 2 0 2 1.312724e-13 0.000000e+00
25 27 1.646023e-03 2.608770e-03 0 2 0 2 1.081008e-13 0.000000e+00
25 28 1.646023e-03 3.284247e-03 0 2 0 2 9.189249e-14 0.000000e+00
25 29 1.646023e-03 4.134622e-03 0 2 0 2 7.970576e-14 0.000000e+00
25 30 1.646023e-03 5.205181e-03 0 2 0 2 6.991531e-14 0.000000e+00
25 31 1.646023e-03 6.552935e-03 0 2 0 2 6.160875e-14 0.000000e+00
25 32 1.646023e-03 8.249656e-03 0 2 0 2 5.425957e-14 0.000000e+00
26 22 2.072220e-03 8.249656e-04 0 2 0 2 1.194691e-13 0.000000e+00
26 23 2.072220e-03 1.038570e-03 0 2 0 2 1.213058e-13 0.000000e+00
26 24 2.072220e-03 1.307482e-03 0 2 0 2 1.246434e-13 0.000000e+00
26 25 2.072220e-03 1.646023e-03 0 2 0 2 1.312724e-13 0.000000e+00
26 26 2.072220e-03 2.072220e-03 0 2 0 2 2.739113e-12 0.000000e+00
26 27 2.072220e-03 2.608770e-03 0 2 0 2 1.140776e-13 0.000000e+00
26 28 2.072220e-03 3.284247e-03 0 2 0 2 9.420166e-14 0.000000e+00
26 29 2.072220e-03 4.134622e-03 0 2 0 2 8.062433e-14 0.000000e+00
26 30 2.072220e-03 5.205181e-03 0 2 0 2 7.029073e-14 0.000000e+00
26 31 2.072220e-03 6.552935e-03 0 2 0 2 6.176694e-14 0.000000e+00
26 32 2.072220e-03 8.249656e-03 0 2 0 2 5.432947e-14 0.000000e+00
27 22 2.608770e-03 8.249656e-04 0 2 0 2 1.028840e-13 0.000000e+00
27 23 2.608770e-03 1.038570e-03 0 2 0 2 1.037515e-13 0.000000e+00
27 24 2.608770e-03 1.307482e-03 0 2 0 2 1.052675e-13 0.000000e+00
27 25 2.608770e-03 1.646023e-03 0 2 0 2 1.081008e-13 0.000000e+00
27 26 2.608770e-03 2.072220e-03 0 2 0 2 1.140776e-13 0.000000e+00
27 27 2.608770e-03 2.608770e-03 0 2 0 2 1.768276e-12 0.000000e+00
27 28 2.608770e-03 3.284247e-03 0 2 0 2 9.939118e-14 0.000000e+00
27 29 2.608770e-03 4.134622e-03 0 2 0 2 8.243889e-14 0.000000e+00
27 30 2.608770e-03 5.205181e-03 0 2 0 2 7.097401e-14 0.000000e+00
27 31 2.608770e-03 6.552935e-03 0 2 0 2 6.203997e-14 0.000000e+00
27 32 2.608770e-03 8.249656e-03 0 2 0 2 5.444592e-14 0.000000e+00
28 22 3.284247e-03 8.249656e-04 0 2 0 2 8.961466e-14 0.000000e+00
28 23 3.284247e-03 1.038570e-03 0 2 0 2 9.001396e-14 0.000000e+00
28 24 3.284247e-03 1.307482e-03 0 2 0 2 9.069130e-14 0.000000e+00
28 25 3.284247e-03 1.646023e-03 0 2 0 2 9.189249e-14 0.000000e+00
28 26 3.284247e-03 2.072220e-03 0 2 0 2 9.420166e-14 0.000000e+00
28 27 3.284247e-03 2.608770e-03 0 2 0 2 9.939118e-14 0.000000e+00
28 28 3.284247e-03 3.284247e-03 0 2 0 2 1.148522e-12 0.000000e+00
28 29 3.284247e-03 4.134622e-03 0 2 0 2 8.679161e-14 0.000000e+00
28 30 3.284247e-03 5.205181e-03 0 2 0 2 7.235718e-14 0.000000e+00
28 31 3.284247e-03 6.552935e-03 0 2 0 2 6.254048e-14 0.000000e+00
28 32 3.284247e-03 8.249656e-03 0 2 0 2 5.464664e-14 0.000000e+00
29 22 4.134622e-03 8.249656e-04 0 2 0 2 7.871616e-14 0.000000e+00
29 23 4.134622e-03 1.038570e-03 0 2 0 2 7.889608e-14 0.000000e+00
29 24 4.134622e-03 1.307482e-03 0 2 0 2 7.919494e-14 0.000000e+00
29 25 4.134622e-03 1.646023e-03 0 2 0 2 7.970576e-14 0.000000e+00
29 26 4.134622e-03 2.072220e-03 0 2 0 2 8.062433e-14 0.000000e+00
29 27 4.134622e-03 2.608770e-03 0 2 0 2 8.243889e-14 0.000000e+00
29 28 4.134622e-03 3.284247e-03 0 2 0 2 8.679161e-14 0.000000e+00
29 29 4.134622e-03 4.134622e-03 0 2 0 2 7.529983e-13 0.000000e+00
29 30 4.134622e-03 5.205181e-03 0 2 0 2 7.589729e-14 0.000000e+00
29 31 4.134622e-03 6.552935e-03 0 2 0 2 6.357248e-14 0.000000e+00
29 32 4.134622e-03 8.249656e-03 0 2 0 2 5.501464e-14 0.000000e+00
30 22 5.205181e-03 8.249656e-04 0 2 0 2 6.948589e-14 0.000000e+00
30 23 5.205181e-03 1.038570e-03 0 2 0 2 6.956596e-14 0.000000e+00
30 24 5.205181e-03 1.307482e-03 0 2 0 2 6.969701e-14 0.000000e+00
30 25 5.205181e-03 1.646023e-03 0 2 0 2 6.991531e-14 0.000000e+00
30 26 5.205181e-03 2.072220e-03 0 2 0 2 7.029073e-14 0.000000e+00
30 27 5.205181e-03 2.608770e-03 0 2 0 2 7.097401e-14 0.000000e+00
30 28 5.205181e-03 3.284247e-03 0 2 0 2 7.235718e-14 0.000000e+00
30 29 5.205181e-03 4.134622e-03 0 2 0 2 7.589729e-14 0.000000e+00
30 30 5.205181e-03 5.205181e-03 0 2 0 2 4.991216e-13 0.000000e+00
30 31 5.205181e-03 6.552935e-03 0 2 0 2 6.637813e-14 0.000000e+00
30 32 5.205181e-03 8.249656e-03 0 2 0 2 5.577916e-14 0.000000e+00
31 22 6.552935e-03 8.249656e-04 0 2 0 2 6.142019e-14 0.000000e+00
31 23 6.552935e-03 1.038570e-03 0 2 0 2 6.145591e-14 0.000000e+00
31 24 6.552935e-03 1.307482e-03 0 2 0 2 6.151394e-14 0.000000e+00
31 25 6.552935e-03 1.646023e-03 0 2 0 2 6.160875e-14 0.000000e+00
31 26 6.552935e-03 2.072220e-03 0 2 0 2 6.176694e-14 0.000000e+00
31 27 6.552935e-03 2.608770e-03 0 2 0 2 6.203997e-14 0.000000e+00
31 28 6.552935e-03 3.284247e-03 0 2 0 2 6.254048e-14 0.000000e+00
31 29 6.552935e-03 4.134622e-03 0 2 0 2 6.357248e-14 0.000000e+00
31 30 6.552935e-03 5.205181e-03 0 2 0 2 6.637813e-14 0.000000e+00
31 31 6.552935e-03 6.552935e-03 0 2 0 2 3.352887e-13 0.000000e+00
31 32 6.552935e-03 8.249656e-03 0 2 0 2 5.796134e-14 0.000000e+00
32 22 8.249656e-03 8.249656e-04 0 2 0 2 5.417391e-14 0.000000e+00
32 23 8.249656e-03 1.038570e-03 0 2 0 2 5.419028e-14 0.000000e+00
32 24 8.249656e-03 1.307482e-03 0 2 0 2 5.421680e-14 0.000000e+00
32 25 8.249656e-03 1.646023e-03 0 2 0 2 5.425957e-14 0.000000e+00
32 26 8.249656e-03 2.072220e-03 0 2 0 2 5.432947e-14 0.000000e+00
32 27 8.249656e-03 2.608770e-03 0 2 0 2 5.444592e-14 0.000000e+00
32 28 8.249656e-03 3.284247e-03 0 2 0 2 5.464664e-14 0.000000e+00
32 29 8.249656e-03 4.134622e-03 0 2 0 2 5.501464e-14 0.000000e+00
32 30 8.249656e-03 5.205181e-03 0 2 0 2 5.577916e-14 0.000000e+00
32 31 8.249656e-03 6.552935e-03 0 2 0 2 5.796134e-14 0.000000e+00
32 32 8.249656e-03 8.249656e-03 0 2 0 2 2.289872e-13 0.000000e+00
