# Please cite the following papers in research using this covariance:
# arXiv: 1601.05779, https://arxiv.org/abs/1601.05779
# arXiv: 1911.11947, https://arxiv.org/abs/1911.11947
# arXiv: 2004.04833, https://arxiv.org/abs/2004.04833
# arXiv: 1804.10663, https://arxiv.org/abs/1804.10663
########################################################
55 154 8.249656e-04 8.249656e-04 1 2 1 1 -6.329868e-15 0.000000e+00
55 155 8.249656e-04 1.038570e-03 1 2 1 1 -1.797896e-14 0.000000e+00
55 156 8.249656e-04 1.307482e-03 1 2 1 1 -8.171526e-15 0.000000e+00
55 157 8.249656e-04 1.646023e-03 1 2 1 1 7.812718e-15 0.000000e+00
55 158 8.249656e-04 2.072220e-03 1 2 1 1 1.978464e-14 0.000000e+00
55 159 8.249656e-04 2.608770e-03 1 2 1 1 2.608209e-14 0.000000e+00
55 160 8.249656e-04 3.284247e-03 1 2 1 1 2.787350e-14 0.000000e+00
55 161 8.249656e-04 4.134622e-03 1 2 1 1 2.681810e-14 0.000000e+00
55 162 8.249656e-04 5.205181e-03 1 2 1 1 2.429623e-14 0.000000e+00
55 163 8.249656e-04 6.552935e-03 1 2 1 1 2.125680e-14 0.000000e+00
55 164 8.249656e-04 8.249656e-03 1 2 1 1 1.827157e-14 0.000000e+00
56 154 1.038570e-03 8.249656e-04 1 2 1 1 1.369827e-16 0.000000e+00
56 155 1.038570e-03 1.038570e-03 1 2 1 1 -5.984098e-15 0.000000e+00
56 156 1.038570e-03 1.307482e-03 1 2 1 1 -1.783010e-14 0.000000e+00
56 157 1.038570e-03 1.646023e-03 1 2 1 1 -8.150998e-15 0.000000e+00
56 158 1.038570e-03 2.072220e-03 1 2 1 1 6.960525e-15 0.000000e+00
56 159 1.038570e-03 2.608770e-03 1 2 1 1 1.767376e-14 0.000000e+00
56 160 1.038570e-03 3.284247e-03 1 2 1 1 2.287392e-14 0.000000e+00
56 161 1.038570e-03 4.134622e-03 1 2 1 1 2.400827e-14 0.000000e+00
56 162 1.038570e-03 5.205181e-03 1 2 1 1 2.276992e-14 0.000000e+00
56 163 1.038570e-03 6.552935e-03 1 2 1 1 2.044327e-14 0.000000e+00
56 164 1.038570e-03 8.249656e-03 1 2 1 1 1.784079e-14 0.000000e+00
57 154 1.307482e-03 8.249656e-04 1 2 1 1 1.857290e-16 0.000000e+00
57 155 1.307482e-03 1.038570e-03 1 2 1 1 3.807979e-16 0.000000e+00
57 156 1.307482e-03 1.307482e-03 1 2 1 1 -5.483342e-15 0.000000e+00
57 157 1.307482e-03 1.646023e-03 1 2 1 1 -1.732275e-14 0.000000e+00
57 158 1.307482e-03 2.072220e-03 1 2 1 1 -7.892552e-15 0.000000e+00
57 159 1.307482e-03 2.608770e-03 1 2 1 1 6.119349e-15 0.000000e+00
57 160 1.307482e-03 3.284247e-03 1 2 1 1 1.551123e-14 0.000000e+00
57 161 1.307482e-03 4.134622e-03 1 2 1 1 1.973070e-14 0.000000e+00
57 162 1.307482e-03 5.205181e-03 1 2 1 1 2.040591e-14 0.000000e+00
57 163 1.307482e-03 6.552935e-03 1 2 1 1 1.917142e-14 0.000000e+00
57 164 1.307482e-03 8.249656e-03 1 2 1 1 1.716382e-14 0.000000e+00
58 154 1.646023e-03 8.249656e-04 1 2 1 1 9.354479e-17 0.000000e+00
58 155 1.646023e-03 1.038570e-03 1 2 1 1 2.489378e-16 0.000000e+00
58 156 1.646023e-03 1.307482e-03 1 2 1 1 6.219346e-16 0.000000e+00
58 157 1.646023e-03 1.646023e-03 1 2 1 1 -4.850657e-15 0.000000e+00
58 158 1.646023e-03 2.072220e-03 1 2 1 1 -1.646708e-14 0.000000e+00
58 159 1.646023e-03 2.608770e-03 1 2 1 1 -7.411685e-15 0.000000e+00
58 160 1.646023e-03 3.284247e-03 1 2 1 1 5.325095e-15 0.000000e+00
58 161 1.646023e-03 4.134622e-03 1 2 1 1 1.340789e-14 0.000000e+00
58 162 1.646023e-03 5.205181e-03 1 2 1 1 1.680054e-14 0.000000e+00
58 163 1.646023e-03 6.552935e-03 1 2 1 1 1.719997e-14 0.000000e+00
58 164 1.646023e-03 8.249656e-03 1 2 1 1 1.610519e-14 0.000000e+00
59 154 2.072220e-03 8.249656e-04 1 2 1 1 3.948322e-17 0.000000e+00
59 155 2.072220e-03 1.038570e-03 1 2 1 1 1.057056e-16 0.000000e+00
59 156 2.072220e-03 1.307482e-03 1 2 1 1 2.955374e-16 0.000000e+00
59 157 2.072220e-03 1.646023e-03 1 2 1 1 8.312901e-16 0.000000e+00
59 158 2.072220e-03 2.072220e-03 1 2 1 1 -4.135650e-15 0.000000e+00
59 159 2.072220e-03 2.608770e-03 1 2 1 1 -1.530852e-14 0.000000e+00
59 160 2.072220e-03 3.284247e-03 1 2 1 1 -6.750812e-15 0.000000e+00
59 161 2.072220e-03 4.134622e-03 1 2 1 1 4.602162e-15 0.000000e+00
59 162 2.072220e-03 5.205181e-03 1 2 1 1 1.145425e-14 0.000000e+00
59 163 2.072220e-03 6.552935e-03 1 2 1 1 1.418938e-14 0.000000e+00
59 164 2.072220e-03 8.249656e-03 1 2 1 1 1.446393e-14 0.000000e+00
60 154 2.608770e-03 8.249656e-04 1 2 1 1 1.535498e-17 0.000000e+00
60 155 2.608770e-03 1.038570e-03 1 2 1 1 3.961475e-17 0.000000e+00
60 156 2.608770e-03 1.307482e-03 1 2 1 1 1.090837e-16 0.000000e+00
60 157 2.608770e-03 1.646023e-03 1 2 1 1 3.173991e-16 0.000000e+00
60 158 2.608770e-03 2.072220e-03 1 2 1 1 9.837691e-16 0.000000e+00
60 159 2.608770e-03 2.608770e-03 1 2 1 1 -3.395279e-15 0.000000e+00
60 160 2.608770e-03 3.284247e-03 1 2 1 1 -1.392193e-14 0.000000e+00
60 161 2.608770e-03 4.134622e-03 1 2 1 1 -5.971798e-15 0.000000e+00
60 162 2.608770e-03 5.205181e-03 1 2 1 1 3.963895e-15 0.000000e+00
60 163 2.608770e-03 6.552935e-03 1 2 1 1 9.714461e-15 0.000000e+00
60 164 2.608770e-03 8.249656e-03 1 2 1 1 1.195609e-14 0.000000e+00
61 154 3.284247e-03 8.249656e-04 1 2 1 1 5.669458e-18 0.000000e+00
61 155 3.284247e-03 1.038570e-03 1 2 1 1 1.367291e-17 0.000000e+00
61 156 3.284247e-03 1.307482e-03 1 2 1 1 3.695327e-17 0.000000e+00
61 157 3.284247e-03 1.646023e-03 1 2 1 1 1.038772e-16 0.000000e+00
61 158 3.284247e-03 2.072220e-03 1 2 1 1 3.137498e-16 0.000000e+00
61 159 3.284247e-03 2.608770e-03 1 2 1 1 1.064348e-15 0.000000e+00
61 160 3.284247e-03 3.284247e-03 1 2 1 1 -2.686604e-15 0.000000e+00
61 161 3.284247e-03 4.134622e-03 1 2 1 1 -1.239974e-14 0.000000e+00
61 162 3.284247e-03 5.205181e-03 1 2 1 1 -5.142871e-15 0.000000e+00
61 163 3.284247e-03 6.552935e-03 1 2 1 1 3.415110e-15 0.000000e+00
61 164 3.284247e-03 8.249656e-03 1 2 1 1 8.223894e-15 0.000000e+00
62 154 4.134622e-03 8.249656e-04 1 2 1 1 2.171144e-18 0.000000e+00
62 155 4.134622e-03 1.038570e-03 1 2 1 1 4.431742e-18 0.000000e+00
62 156 4.134622e-03 1.307482e-03 1 2 1 1 1.180051e-17 0.000000e+00
62 157 4.134622e-03 1.646023e-03 1 2 1 1 3.223533e-17 0.000000e+00
62 158 4.134622e-03 2.072220e-03 1 2 1 1 9.202315e-17 0.000000e+00
62 159 4.134622e-03 2.608770e-03 1 2 1 1 2.885325e-16 0.000000e+00
62 160 4.134622e-03 3.284247e-03 1 2 1 1 1.070142e-15 0.000000e+00
62 161 4.134622e-03 4.134622e-03 1 2 1 1 -2.055880e-15 0.000000e+00
62 162 4.134622e-03 5.205181e-03 1 2 1 1 -1.083736e-14 0.000000e+00
62 163 4.134622e-03 6.552935e-03 1 2 1 1 -4.327699e-15 0.000000e+00
62 164 4.134622e-03 8.249656e-03 1 2 1 1 2.954632e-15 0.000000e+00
63 154 5.205181e-03 8.249656e-04 1 2 1 1 9.271164e-19 0.000000e+00
63 155 5.205181e-03 1.038570e-03 1 2 1 1 1.315091e-18 0.000000e+00
63 156 5.205181e-03 1.307482e-03 1 2 1 1 3.556998e-18 0.000000e+00
63 157 5.205181e-03 1.646023e-03 1 2 1 1 9.647644e-18 0.000000e+00
63 158 5.205181e-03 2.072220e-03 1 2 1 1 2.632613e-17 0.000000e+00
63 159 5.205181e-03 2.608770e-03 1 2 1 1 7.662637e-17 0.000000e+00
63 160 5.205181e-03 3.284247e-03 1 2 1 1 2.489334e-16 0.000000e+00
63 161 5.205181e-03 4.134622e-03 1 2 1 1 1.010331e-15 0.000000e+00
63 162 5.205181e-03 5.205181e-03 1 2 1 1 -1.533526e-15 0.000000e+00
63 163 5.205181e-03 6.552935e-03 1 2 1 1 -9.321171e-15 0.000000e+00
63 164 5.205181e-03 8.249656e-03 1 2 1 1 -3.575836e-15 0.000000e+00
64 154 6.552935e-03 8.249656e-04 1 2 1 1 5.749931e-19 0.000000e+00
64 155 6.552935e-03 1.038570e-03 1 2 1 1 3.059702e-19 0.000000e+00
64 156 6.552935e-03 1.307482e-03 1 2 1 1 9.924375e-19 0.000000e+00
64 157 6.552935e-03 1.646023e-03 1 2 1 1 2.756172e-18 0.000000e+00
64 158 6.552935e-03 2.072220e-03 1 2 1 1 7.284312e-18 0.000000e+00
64 159 6.552935e-03 2.608770e-03 1 2 1 1 2.026323e-17 0.000000e+00
64 160 6.552935e-03 3.284247e-03 1 2 1 1 6.010230e-17 0.000000e+00
64 161 6.552935e-03 4.134622e-03 1 2 1 1 2.024408e-16 0.000000e+00
64 162 6.552935e-03 5.205181e-03 1 2 1 1 9.021267e-16 0.000000e+00
64 163 6.552935e-03 6.552935e-03 1 2 1 1 -1.131524e-15 0.000000e+00
64 164 6.552935e-03 8.249656e-03 1 2 1 1 -7.919680e-15 0.000000e+00
65 154 8.249656e-03 8.249656e-04 1 2 1 1 4.386247e-19 0.000000e+00
65 155 8.249656e-03 1.038570e-03 1 2 1 1 1.996949e-20 0.000000e+00
65 156 8.249656e-03 1.307482e-03 1 2 1 1 2.549252e-19 0.000000e+00
65 157 8.249656e-03 1.646023e-03 1 2 1 1 7.865476e-19 0.000000e+00
65 158 8.249656e-03 2.072220e-03 1 2 1 1 2.003497e-18 0.000000e+00
65 159 8.249656e-03 2.608770e-03 1 2 1 1 5.324665e-18 0.000000e+00
65 160 8.249656e-03 3.284247e-03 1 2 1 1 1.484078e-17 0.000000e+00
65 161 8.249656e-03 4.134622e-03 1 2 1 1 4.470495e-17 0.000000e+00
65 162 8.249656e-03 5.205181e-03 1 2 1 1 1.559005e-16 0.000000e+00
65 163 8.249656e-03 6.552935e-03 1 2 1 1 7.656804e-16 0.000000e+00
65 164 8.249656e-03 8.249656e-03 1 2 1 1 -8.465539e-16 0.000000e+00
