# Please cite the following papers in research using this covariance:
# arXiv: 1601.05779, https://arxiv.org/abs/1601.05779
# arXiv: 1911.11947, https://arxiv.org/abs/1911.11947
# arXiv: 2004.04833, https://arxiv.org/abs/2004.04833
# arXiv: 1804.10663, https://arxiv.org/abs/1804.10663
########################################################
77 77 8.249656e-04 8.249656e-04 2 2 2 2 3.435784e-11 0.000000e+00
77 78 8.249656e-04 1.038570e-03 2 2 2 2 7.894212e-13 0.000000e+00
77 79 8.249656e-04 1.307482e-03 2 2 2 2 6.642357e-13 0.000000e+00
77 80 8.249656e-04 1.646023e-03 2 2 2 2 5.666414e-13 0.000000e+00
77 81 8.249656e-04 2.072220e-03 2 2 2 2 4.911594e-13 0.000000e+00
77 82 8.249656e-04 2.608770e-03 2 2 2 2 4.318589e-13 0.000000e+00
77 83 8.249656e-04 3.284247e-03 2 2 2 2 3.839565e-13 0.000000e+00
77 84 8.249656e-04 4.134622e-03 2 2 2 2 3.438311e-13 0.000000e+00
77 85 8.249656e-04 5.205181e-03 2 2 2 2 3.088338e-13 0.000000e+00
77 86 8.249656e-04 6.552935e-03 2 2 2 2 2.770915e-13 0.000000e+00
77 87 8.249656e-04 8.249656e-03 2 2 2 2 2.473410e-13 0.000000e+00
78 77 1.038570e-03 8.249656e-04 2 2 2 2 7.894212e-13 0.000000e+00
78 78 1.038570e-03 1.038570e-03 2 2 2 2 2.201543e-11 0.000000e+00
78 79 1.038570e-03 1.307482e-03 2 2 2 2 6.911285e-13 0.000000e+00
78 80 1.038570e-03 1.646023e-03 2 2 2 2 5.803504e-13 0.000000e+00
78 81 1.038570e-03 2.072220e-03 2 2 2 2 4.976610e-13 0.000000e+00
78 82 1.038570e-03 2.608770e-03 2 2 2 2 4.348229e-13 0.000000e+00
78 83 1.038570e-03 3.284247e-03 2 2 2 2 3.852590e-13 0.000000e+00
78 84 1.038570e-03 4.134622e-03 2 2 2 2 3.443812e-13 0.000000e+00
78 85 1.038570e-03 5.205181e-03 2 2 2 2 3.090564e-13 0.000000e+00
78 86 1.038570e-03 6.552935e-03 2 2 2 2 2.771777e-13 0.000000e+00
78 87 1.038570e-03 8.249656e-03 2 2 2 2 2.473734e-13 0.000000e+00
79 77 1.307482e-03 8.249656e-04 2 2 2 2 6.642357e-13 0.000000e+00
79 78 1.307482e-03 1.038570e-03 2 2 2 2 6.911285e-13 0.000000e+00
79 79 1.307482e-03 1.307482e-03 2 2 2 2 1.415055e-11 0.000000e+00
79 80 1.307482e-03 1.646023e-03 2 2 2 2 6.064141e-13 0.000000e+00
79 81 1.307482e-03 2.072220e-03 2 2 2 2 5.095980e-13 0.000000e+00
79 82 1.307482e-03 2.608770e-03 2 2 2 2 4.400468e-13 0.000000e+00
79 83 1.307482e-03 3.284247e-03 2 2 2 2 3.874851e-13 0.000000e+00
79 84 1.307482e-03 4.134622e-03 2 2 2 2 3.453014e-13 0.000000e+00
79 85 1.307482e-03 5.205181e-03 2 2 2 2 3.094232e-13 0.000000e+00
79 86 1.307482e-03 6.552935e-03 2 2 2 2 2.773188e-13 0.000000e+00
79 87 1.307482e-03 8.249656e-03 2 2 2 2 2.474267e-13 0.000000e+00
80 77 1.646023e-03 8.249656e-04 2 2 2 2 5.666414e-13 0.000000e+00
80 78 1.646023e-03 1.038570e-03 2 2 2 2 5.803504e-13 0.000000e+00
80 79 1.646023e-03 1.307482e-03 2 2 2 2 6.064141e-13 0.000000e+00
80 80 1.646023e-03 1.646023e-03 2 2 2 2 9.149579e-12 0.000000e+00
80 81 1.646023e-03 2.072220e-03 2 2 2 2 5.337222e-13 0.000000e+00
80 82 1.646023e-03 2.608770e-03 2 2 2 2 4.499482e-13 0.000000e+00
80 83 1.646023e-03 3.284247e-03 2 2 2 2 3.914811e-13 0.000000e+00
80 84 1.646023e-03 4.134622e-03 2 2 2 2 3.468921e-13 0.000000e+00
80 85 1.646023e-03 5.205181e-03 2 2 2 2 3.100410e-13 0.000000e+00
80 86 1.646023e-03 6.552935e-03 2 2 2 2 2.775519e-13 0.000000e+00
80 87 1.646023e-03 8.249656e-03 2 2 2 2 2.475133e-13 0.000000e+00
81 77 2.072220e-03 8.249656e-04 2 2 2 2 4.911594e-13 0.000000e+00
81 78 2.072220e-03 1.038570e-03 2 2 2 2 4.976610e-13 0.000000e+00
81 79 2.072220e-03 1.307482e-03 2 2 2 2 5.095980e-13 0.000000e+00
81 80 2.072220e-03 1.646023e-03 2 2 2 2 5.337222e-13 0.000000e+00
81 81 2.072220e-03 2.072220e-03 2 2 2 2 5.957339e-12 0.000000e+00
81 82 2.072220e-03 2.608770e-03 2 2 2 2 4.713320e-13 0.000000e+00
81 83 2.072220e-03 3.284247e-03 2 2 2 2 3.993149e-13 0.000000e+00
81 84 2.072220e-03 4.134622e-03 2 2 2 2 3.498039e-13 0.000000e+00
81 85 2.072220e-03 5.205181e-03 2 2 2 2 3.111221e-13 0.000000e+00
81 86 2.072220e-03 6.552935e-03 2 2 2 2 2.779475e-13 0.000000e+00
81 87 2.072220e-03 8.249656e-03 2 2 2 2 2.476572e-13 0.000000e+00
82 77 2.608770e-03 8.249656e-04 2 2 2 2 4.318589e-13 0.000000e+00
82 78 2.608770e-03 1.038570e-03 2 2 2 2 4.348229e-13 0.000000e+00
82 79 2.608770e-03 1.307482e-03 2 2 2 2 4.400468e-13 0.000000e+00
82 80 2.608770e-03 1.646023e-03 2 2 2 2 4.499482e-13 0.000000e+00
82 81 2.608770e-03 2.072220e-03 2 2 2 2 4.713320e-13 0.000000e+00
82 82 2.608770e-03 2.608770e-03 2 2 2 2 3.914154e-12 0.000000e+00
82 83 2.608770e-03 3.284247e-03 2 2 2 2 4.175020e-13 0.000000e+00
82 84 2.608770e-03 4.134622e-03 2 2 2 2 3.557205e-13 0.000000e+00
82 85 2.608770e-03 5.205181e-03 2 2 2 2 3.131442e-13 0.000000e+00
82 86 2.608770e-03 6.552935e-03 2 2 2 2 2.786492e-13 0.000000e+00
82 87 2.608770e-03 8.249656e-03 2 2 2 2 2.479031e-13 0.000000e+00
83 77 3.284247e-03 8.249656e-04 2 2 2 2 3.839565e-13 0.000000e+00
83 78 3.284247e-03 1.038570e-03 2 2 2 2 3.852590e-13 0.000000e+00
83 79 3.284247e-03 1.307482e-03 2 2 2 2 3.874851e-13 0.000000e+00
83 80 3.284247e-03 1.646023e-03 2 2 2 2 3.914811e-13 0.000000e+00
83 81 3.284247e-03 2.072220e-03 2 2 2 2 3.993149e-13 0.000000e+00
83 82 3.284247e-03 2.608770e-03 2 2 2 2 4.175020e-13 0.000000e+00
83 83 3.284247e-03 3.284247e-03 2 2 2 2 2.603020e-12 0.000000e+00
83 84 3.284247e-03 4.134622e-03 2 2 2 2 3.705842e-13 0.000000e+00
83 85 3.284247e-03 5.205181e-03 2 2 2 2 3.174140e-13 0.000000e+00
83 86 3.284247e-03 6.552935e-03 2 2 2 2 2.799907e-13 0.000000e+00
83 87 3.284247e-03 8.249656e-03 2 2 2 2 2.483442e-13 0.000000e+00
84 77 4.134622e-03 8.249656e-04 2 2 2 2 3.438311e-13 0.000000e+00
84 78 4.134622e-03 1.038570e-03 2 2 2 2 3.443812e-13 0.000000e+00
84 79 4.134622e-03 1.307482e-03 2 2 2 2 3.453014e-13 0.000000e+00
84 80 4.134622e-03 1.646023e-03 2 2 2 2 3.468921e-13 0.000000e+00
84 81 4.134622e-03 2.072220e-03 2 2 2 2 3.498039e-13 0.000000e+00
84 82 4.134622e-03 2.608770e-03 2 2 2 2 3.557205e-13 0.000000e+00
84 83 4.134622e-03 3.284247e-03 2 2 2 2 3.705842e-13 0.000000e+00
84 84 4.134622e-03 4.134622e-03 2 2 2 2 1.759835e-12 0.000000e+00
84 85 4.134622e-03 5.205181e-03 2 2 2 2 3.291047e-13 0.000000e+00
84 86 4.134622e-03 6.552935e-03 2 2 2 2 2.829407e-13 0.000000e+00
84 87 4.134622e-03 8.249656e-03 2 2 2 2 2.492047e-13 0.000000e+00
85 77 5.205181e-03 8.249656e-04 2 2 2 2 3.088338e-13 0.000000e+00
85 78 5.205181e-03 1.038570e-03 2 2 2 2 3.090564e-13 0.000000e+00
85 79 5.205181e-03 1.307482e-03 2 2 2 2 3.094232e-13 0.000000e+00
85 80 5.205181e-03 1.646023e-03 2 2 2 2 3.100410e-13 0.000000e+00
85 81 5.205181e-03 2.072220e-03 2 2 2 2 3.111221e-13 0.000000e+00
85 82 5.205181e-03 2.608770e-03 2 2 2 2 3.131442e-13 0.000000e+00
85 83 5.205181e-03 3.284247e-03 2 2 2 2 3.174140e-13 0.000000e+00
85 84 5.205181e-03 4.134622e-03 2 2 2 2 3.291047e-13 0.000000e+00
85 85 5.205181e-03 5.205181e-03 2 2 2 2 1.212533e-12 0.000000e+00
85 86 5.205181e-03 6.552935e-03 2 2 2 2 2.918083e-13 0.000000e+00
85 87 5.205181e-03 8.249656e-03 2 2 2 2 2.511718e-13 0.000000e+00
86 77 6.552935e-03 8.249656e-04 2 2 2 2 2.770915e-13 0.000000e+00
86 78 6.552935e-03 1.038570e-03 2 2 2 2 2.771777e-13 0.000000e+00
86 79 6.552935e-03 1.307482e-03 2 2 2 2 2.773188e-13 0.000000e+00
86 80 6.552935e-03 1.646023e-03 2 2 2 2 2.775519e-13 0.000000e+00
86 81 6.552935e-03 2.072220e-03 2 2 2 2 2.779475e-13 0.000000e+00
86 82 6.552935e-03 2.608770e-03 2 2 2 2 2.786492e-13 0.000000e+00
86 83 6.552935e-03 3.284247e-03 2 2 2 2 2.799907e-13 0.000000e+00
86 84 6.552935e-03 4.134622e-03 2 2 2 2 2.829407e-13 0.000000e+00
86 85 6.552935e-03 5.205181e-03 2 2 2 2 2.918083e-13 0.000000e+00
86 86 6.552935e-03 6.552935e-03 2 2 2 2 8.534985e-13 0.000000e+00
86 87 6.552935e-03 8.249656e-03 2 2 2 2 2.576874e-13 0.000000e+00
87 77 8.249656e-03 8.249656e-04 2 2 2 2 2.473410e-13 0.000000e+00
87 78 8.249656e-03 1.038570e-03 2 2 2 2 2.473734e-13 0.000000e+00
87 79 8.249656e-03 1.307482e-03 2 2 2 2 2.474267e-13 0.000000e+00
87 80 8.249656e-03 1.646023e-03 2 2 2 2 2.475133e-13 0.000000e+00
87 81 8.249656e-03 2.072220e-03 2 2 2 2 2.476572e-13 0.000000e+00
87 82 8.249656e-03 2.608770e-03 2 2 2 2 2.479031e-13 0.000000e+00
87 83 8.249656e-03 3.284247e-03 2 2 2 2 2.483442e-13 0.000000e+00
87 84 8.249656e-03 4.134622e-03 2 2 2 2 2.492047e-13 0.000000e+00
87 85 8.249656e-03 5.205181e-03 2 2 2 2 2.511718e-13 0.000000e+00
87 86 8.249656e-03 6.552935e-03 2 2 2 2 2.576874e-13 0.000000e+00
87 87 8.249656e-03 8.249656e-03 2 2 2 2 6.148806e-13 0.000000e+00
