# Please cite the following papers in research using this covariance:
# arXiv: 1601.05779, https://arxiv.org/abs/1601.05779
# arXiv: 1911.11947, https://arxiv.org/abs/1911.11947
# arXiv: 2004.04833, https://arxiv.org/abs/2004.04833
# arXiv: 1804.10663, https://arxiv.org/abs/1804.10663
########################################################
44 55 8.249656e-04 8.249656e-04 1 1 1 2 2.721703e-13 0.000000e+00
44 56 8.249656e-04 1.038570e-03 1 1 1 2 2.386488e-13 0.000000e+00
44 57 8.249656e-04 1.307482e-03 1 1 1 2 2.010147e-13 0.000000e+00
44 58 8.249656e-04 1.646023e-03 1 1 1 2 1.703448e-13 0.000000e+00
44 59 8.249656e-04 2.072220e-03 1 1 1 2 1.460299e-13 0.000000e+00
44 60 8.249656e-04 2.608770e-03 1 1 1 2 1.268296e-13 0.000000e+00
44 61 8.249656e-04 3.284247e-03 1 1 1 2 1.115224e-13 0.000000e+00
44 62 8.249656e-04 4.134622e-03 1 1 1 2 9.905892e-14 0.000000e+00
44 63 8.249656e-04 5.205181e-03 1 1 1 2 8.859740e-14 0.000000e+00
44 64 8.249656e-04 6.552935e-03 1 1 1 2 7.949509e-14 0.000000e+00
44 65 8.249656e-04 8.249656e-03 1 1 1 2 7.128426e-14 0.000000e+00
45 55 1.038570e-03 8.249656e-04 1 1 1 2 2.386488e-13 0.000000e+00
45 56 1.038570e-03 1.038570e-03 1 1 1 2 2.392803e-13 0.000000e+00
45 57 1.038570e-03 1.307482e-03 1 1 1 2 2.081649e-13 0.000000e+00
45 58 1.038570e-03 1.646023e-03 1 1 1 2 1.744110e-13 0.000000e+00
45 59 1.038570e-03 2.072220e-03 1 1 1 2 1.481281e-13 0.000000e+00
45 60 1.038570e-03 2.608770e-03 1 1 1 2 1.278563e-13 0.000000e+00
45 61 1.038570e-03 3.284247e-03 1 1 1 2 1.120033e-13 0.000000e+00
45 62 1.038570e-03 4.134622e-03 1 1 1 2 9.927530e-14 0.000000e+00
45 63 1.038570e-03 5.205181e-03 1 1 1 2 8.869091e-14 0.000000e+00
45 64 1.038570e-03 6.552935e-03 1 1 1 2 7.953394e-14 0.000000e+00
45 65 1.038570e-03 8.249656e-03 1 1 1 2 7.129980e-14 0.000000e+00
46 55 1.307482e-03 8.249656e-04 1 1 1 2 2.010147e-13 0.000000e+00
46 56 1.307482e-03 1.038570e-03 1 1 1 2 2.081649e-13 0.000000e+00
46 57 1.307482e-03 1.307482e-03 1 1 1 2 2.103149e-13 0.000000e+00
46 58 1.307482e-03 1.646023e-03 1 1 1 2 1.817040e-13 0.000000e+00
46 59 1.307482e-03 2.072220e-03 1 1 1 2 1.518611e-13 0.000000e+00
46 60 1.307482e-03 2.608770e-03 1 1 1 2 1.296333e-13 0.000000e+00
46 61 1.307482e-03 3.284247e-03 1 1 1 2 1.128163e-13 0.000000e+00
46 62 1.307482e-03 4.134622e-03 1 1 1 2 9.963458e-14 0.000000e+00
46 63 1.307482e-03 5.205181e-03 1 1 1 2 8.884425e-14 0.000000e+00
46 64 1.307482e-03 6.552935e-03 1 1 1 2 7.959726e-14 0.000000e+00
46 65 1.307482e-03 8.249656e-03 1 1 1 2 7.132518e-14 0.000000e+00
47 55 1.646023e-03 8.249656e-04 1 1 1 2 1.703448e-13 0.000000e+00
47 56 1.646023e-03 1.038570e-03 1 1 1 2 1.744110e-13 0.000000e+00
47 57 1.646023e-03 1.307482e-03 1 1 1 2 1.817040e-13 0.000000e+00
47 58 1.646023e-03 1.646023e-03 1 1 1 2 1.850275e-13 0.000000e+00
47 59 1.646023e-03 2.072220e-03 1 1 1 2 1.589409e-13 0.000000e+00
47 60 1.646023e-03 2.608770e-03 1 1 1 2 1.328915e-13 0.000000e+00
47 61 1.646023e-03 3.284247e-03 1 1 1 2 1.142480e-13 0.000000e+00
47 62 1.646023e-03 4.134622e-03 1 1 1 2 1.002480e-13 0.000000e+00
47 63 1.646023e-03 5.205181e-03 1 1 1 2 8.910030e-14 0.000000e+00
47 64 1.646023e-03 6.552935e-03 1 1 1 2 7.970121e-14 0.000000e+00
47 65 1.646023e-03 8.249656e-03 1 1 1 2 7.136634e-14 0.000000e+00
48 55 2.072220e-03 8.249656e-04 1 1 1 2 1.460299e-13 0.000000e+00
48 56 2.072220e-03 1.038570e-03 1 1 1 2 1.481281e-13 0.000000e+00
48 57 2.072220e-03 1.307482e-03 1 1 1 2 1.518611e-13 0.000000e+00
48 58 2.072220e-03 1.646023e-03 1 1 1 2 1.589409e-13 0.000000e+00
48 59 2.072220e-03 2.072220e-03 1 1 1 2 1.630569e-13 0.000000e+00
48 60 2.072220e-03 2.608770e-03 1 1 1 2 1.394577e-13 0.000000e+00
48 61 2.072220e-03 3.284247e-03 1 1 1 2 1.169578e-13 0.000000e+00
48 62 2.072220e-03 4.134622e-03 1 1 1 2 1.013476e-13 0.000000e+00
48 63 2.072220e-03 5.205181e-03 1 1 1 2 8.954209e-14 0.000000e+00
48 64 2.072220e-03 6.552935e-03 1 1 1 2 7.987588e-14 0.000000e+00
48 65 2.072220e-03 8.249656e-03 1 1 1 2 7.143427e-14 0.000000e+00
49 55 2.608770e-03 8.249656e-04 1 1 1 2 1.268296e-13 0.000000e+00
49 56 2.608770e-03 1.038570e-03 1 1 1 2 1.278563e-13 0.000000e+00
49 57 2.608770e-03 1.307482e-03 1 1 1 2 1.296333e-13 0.000000e+00
49 58 2.608770e-03 1.646023e-03 1 1 1 2 1.328915e-13 0.000000e+00
49 59 2.608770e-03 2.072220e-03 1 1 1 2 1.394577e-13 0.000000e+00
49 60 2.608770e-03 2.608770e-03 1 1 1 2 1.439874e-13 0.000000e+00
49 61 2.608770e-03 3.284247e-03 1 1 1 2 1.227915e-13 0.000000e+00
49 62 2.608770e-03 4.134622e-03 1 1 1 2 1.034990e-13 0.000000e+00
49 63 2.608770e-03 5.205181e-03 1 1 1 2 9.034899e-14 0.000000e+00
49 64 2.608770e-03 6.552935e-03 1 1 1 2 8.018061e-14 0.000000e+00
49 65 2.608770e-03 8.249656e-03 1 1 1 2 7.154914e-14 0.000000e+00
50 55 3.284247e-03 8.249656e-04 1 1 1 2 1.115224e-13 0.000000e+00
50 56 3.284247e-03 1.038570e-03 1 1 1 2 1.120033e-13 0.000000e+00
50 57 3.284247e-03 1.307482e-03 1 1 1 2 1.128163e-13 0.000000e+00
50 58 3.284247e-03 1.646023e-03 1 1 1 2 1.142480e-13 0.000000e+00
50 59 3.284247e-03 2.072220e-03 1 1 1 2 1.169578e-13 0.000000e+00
50 60 3.284247e-03 2.608770e-03 1 1 1 2 1.227915e-13 0.000000e+00
50 61 3.284247e-03 3.284247e-03 1 1 1 2 1.273902e-13 0.000000e+00
50 62 3.284247e-03 4.134622e-03 1 1 1 2 1.084740e-13 0.000000e+00
50 63 3.284247e-03 5.205181e-03 1 1 1 2 9.198275e-14 0.000000e+00
50 64 3.284247e-03 6.552935e-03 1 1 1 2 8.074761e-14 0.000000e+00
50 65 3.284247e-03 8.249656e-03 1 1 1 2 7.175164e-14 0.000000e+00
51 55 4.134622e-03 8.249656e-04 1 1 1 2 9.905892e-14 0.000000e+00
51 56 4.134622e-03 1.038570e-03 1 1 1 2 9.927530e-14 0.000000e+00
51 57 4.134622e-03 1.307482e-03 1 1 1 2 9.963458e-14 0.000000e+00
51 58 4.134622e-03 1.646023e-03 1 1 1 2 1.002480e-13 0.000000e+00
51 59 4.134622e-03 2.072220e-03 1 1 1 2 1.013476e-13 0.000000e+00
51 60 4.134622e-03 2.608770e-03 1 1 1 2 1.034990e-13 0.000000e+00
51 61 4.134622e-03 3.284247e-03 1 1 1 2 1.084740e-13 0.000000e+00
51 62 4.134622e-03 4.134622e-03 1 1 1 2 1.128552e-13 0.000000e+00
51 63 4.134622e-03 5.205181e-03 1 1 1 2 9.606301e-14 0.000000e+00
51 64 4.134622e-03 6.552935e-03 1 1 1 2 8.193678e-14 0.000000e+00
51 65 4.134622e-03 8.249656e-03 1 1 1 2 7.213531e-14 0.000000e+00
52 55 5.205181e-03 8.249656e-04 1 1 1 2 8.859740e-14 0.000000e+00
52 56 5.205181e-03 1.038570e-03 1 1 1 2 8.869091e-14 0.000000e+00
52 57 5.205181e-03 1.307482e-03 1 1 1 2 8.884425e-14 0.000000e+00
52 58 5.205181e-03 1.646023e-03 1 1 1 2 8.910030e-14 0.000000e+00
52 59 5.205181e-03 2.072220e-03 1 1 1 2 8.954209e-14 0.000000e+00
52 60 5.205181e-03 2.608770e-03 1 1 1 2 9.034899e-14 0.000000e+00
52 61 5.205181e-03 3.284247e-03 1 1 1 2 9.198275e-14 0.000000e+00
52 62 5.205181e-03 4.134622e-03 1 1 1 2 9.606301e-14 0.000000e+00
52 63 5.205181e-03 5.205181e-03 1 1 1 2 1.000122e-13 0.000000e+00
52 64 5.205181e-03 6.552935e-03 1 1 1 2 8.516171e-14 0.000000e+00
52 65 5.205181e-03 8.249656e-03 1 1 1 2 7.296842e-14 0.000000e+00
53 55 6.552935e-03 8.249656e-04 1 1 1 2 7.949509e-14 0.000000e+00
53 56 6.552935e-03 1.038570e-03 1 1 1 2 7.953394e-14 0.000000e+00
53 57 6.552935e-03 1.307482e-03 1 1 1 2 7.959726e-14 0.000000e+00
53 58 6.552935e-03 1.646023e-03 1 1 1 2 7.970121e-14 0.000000e+00
53 59 6.552935e-03 2.072220e-03 1 1 1 2 7.987588e-14 0.000000e+00
53 60 6.552935e-03 2.608770e-03 1 1 1 2 8.018061e-14 0.000000e+00
53 61 6.552935e-03 3.284247e-03 1 1 1 2 8.074761e-14 0.000000e+00
53 62 6.552935e-03 4.134622e-03 1 1 1 2 8.193678e-14 0.000000e+00
53 63 6.552935e-03 5.205181e-03 1 1 1 2 8.516171e-14 0.000000e+00
53 64 6.552935e-03 6.552935e-03 1 1 1 2 8.854131e-14 0.000000e+00
53 65 6.552935e-03 8.249656e-03 1 1 1 2 7.543138e-14 0.000000e+00
54 55 8.249656e-03 8.249656e-04 1 1 1 2 7.128426e-14 0.000000e+00
54 56 8.249656e-03 1.038570e-03 1 1 1 2 7.129980e-14 0.000000e+00
54 57 8.249656e-03 1.307482e-03 1 1 1 2 7.132518e-14 0.000000e+00
54 58 8.249656e-03 1.646023e-03 1 1 1 2 7.136634e-14 0.000000e+00
54 59 8.249656e-03 2.072220e-03 1 1 1 2 7.143427e-14 0.000000e+00
54 60 8.249656e-03 2.608770e-03 1 1 1 2 7.154914e-14 0.000000e+00
54 61 8.249656e-03 3.284247e-03 1 1 1 2 7.175164e-14 0.000000e+00
54 62 8.249656e-03 4.134622e-03 1 1 1 2 7.213531e-14 0.000000e+00
54 63 8.249656e-03 5.205181e-03 1 1 1 2 7.296842e-14 0.000000e+00
54 64 8.249656e-03 6.552935e-03 1 1 1 2 7.543138e-14 0.000000e+00
54 65 8.249656e-03 8.249656e-03 1 1 1 2 7.817679e-14 0.000000e+00
