# Please cite the following papers in research using this covariance:
# arXiv: 1601.05779, https://arxiv.org/abs/1601.05779
# arXiv: 1911.11947, https://arxiv.org/abs/1911.11947
# arXiv: 2004.04833, https://arxiv.org/abs/2004.04833
# arXiv: 1804.10663, https://arxiv.org/abs/1804.10663
########################################################
99 110 8.249656e-04 8.249656e-04 3 3 0 0 -1.134263e-17 0.000000e+00
99 111 8.249656e-04 1.038570e-03 3 3 0 0 -1.435656e-17 0.000000e+00
99 112 8.249656e-04 1.307482e-03 3 3 0 0 1.455942e-17 0.000000e+00
99 113 8.249656e-04 1.646023e-03 3 3 0 0 8.758167e-17 0.000000e+00
99 114 8.249656e-04 2.072220e-03 3 3 0 0 1.972393e-16 0.000000e+00
99 115 8.249656e-04 2.608770e-03 3 3 0 0 3.292427e-16 0.000000e+00
99 116 8.249656e-04 3.284247e-03 3 3 0 0 4.691404e-16 0.000000e+00
99 117 8.249656e-04 4.134622e-03 3 3 0 0 6.058699e-16 0.000000e+00
99 118 8.249656e-04 5.205181e-03 3 3 0 0 7.333934e-16 0.000000e+00
99 119 8.249656e-04 6.552935e-03 3 3 0 0 8.512260e-16 0.000000e+00
99 120 8.249656e-04 8.249656e-03 3 3 0 0 9.640272e-16 0.000000e+00
100 110 1.038570e-03 8.249656e-04 3 3 0 0 -7.005695e-18 0.000000e+00
100 111 1.038570e-03 1.038570e-03 3 3 0 0 -1.857144e-17 0.000000e+00
100 112 1.038570e-03 1.307482e-03 3 3 0 0 -2.566009e-17 0.000000e+00
100 113 1.038570e-03 1.646023e-03 3 3 0 0 1.116187e-17 0.000000e+00
100 114 1.038570e-03 2.072220e-03 3 3 0 0 1.046187e-16 0.000000e+00
100 115 1.038570e-03 2.608770e-03 3 3 0 0 2.387587e-16 0.000000e+00
100 116 1.038570e-03 3.284247e-03 3 3 0 0 3.913432e-16 0.000000e+00
100 117 1.038570e-03 4.134622e-03 3 3 0 0 5.444026e-16 0.000000e+00
100 118 1.038570e-03 5.205181e-03 3 3 0 0 6.875732e-16 0.000000e+00
100 119 1.038570e-03 6.552935e-03 3 3 0 0 8.183665e-16 0.000000e+00
100 120 1.038570e-03 8.249656e-03 3 3 0 0 9.409827e-16 0.000000e+00
101 110 1.307482e-03 8.249656e-04 3 3 0 0 -3.458075e-18 0.000000e+00
101 111 1.307482e-03 1.038570e-03 3 3 0 0 -1.028334e-17 0.000000e+00
101 112 1.307482e-03 1.307482e-03 3 3 0 0 -2.768272e-17 0.000000e+00
101 113 1.307482e-03 1.646023e-03 3 3 0 0 -4.137770e-17 0.000000e+00
101 114 1.307482e-03 2.072220e-03 3 3 0 0 4.529114e-18 0.000000e+00
101 115 1.307482e-03 2.608770e-03 3 3 0 0 1.214185e-16 0.000000e+00
101 116 1.307482e-03 3.284247e-03 3 3 0 0 2.810736e-16 0.000000e+00
101 117 1.307482e-03 4.134622e-03 3 3 0 0 4.530463e-16 0.000000e+00
101 118 1.307482e-03 5.205181e-03 3 3 0 0 6.176424e-16 0.000000e+00
101 119 1.307482e-03 6.552935e-03 3 3 0 0 7.674485e-16 0.000000e+00
101 120 1.307482e-03 8.249656e-03 3 3 0 0 9.049560e-16 0.000000e+00
102 110 1.646023e-03 8.249656e-04 3 3 0 0 -1.460949e-18 0.000000e+00
102 111 1.646023e-03 1.038570e-03 3 3 0 0 -4.710721e-18 0.000000e+00
102 112 1.646023e-03 1.307482e-03 3 3 0 0 -1.346233e-17 0.000000e+00
102 113 1.646023e-03 1.646023e-03 3 3 0 0 -3.869625e-17 0.000000e+00
102 114 1.646023e-03 2.072220e-03 3 3 0 0 -6.171265e-17 0.000000e+00
102 115 1.646023e-03 2.608770e-03 3 3 0 0 -5.136217e-18 0.000000e+00
102 116 1.646023e-03 3.284247e-03 3 3 0 0 1.376853e-16 0.000000e+00
102 117 1.646023e-03 4.134622e-03 3 3 0 0 3.232057e-16 0.000000e+00
102 118 1.646023e-03 5.205181e-03 3 3 0 0 5.135108e-16 0.000000e+00
102 119 1.646023e-03 6.552935e-03 3 3 0 0 6.896538e-16 0.000000e+00
102 120 1.646023e-03 8.249656e-03 3 3 0 0 8.491014e-16 0.000000e+00
103 110 2.072220e-03 8.249656e-04 3 3 0 0 -4.680110e-19 0.000000e+00
103 111 2.072220e-03 1.038570e-03 3 3 0 0 -1.966815e-18 0.000000e+00
103 112 2.072220e-03 1.307482e-03 3 3 0 0 -5.434872e-18 0.000000e+00
103 113 2.072220e-03 1.646023e-03 3 3 0 0 -1.632879e-17 0.000000e+00
103 114 2.072220e-03 2.072220e-03 3 3 0 0 -5.108147e-17 0.000000e+00
103 115 2.072220e-03 2.608770e-03 3 3 0 0 -8.595215e-17 0.000000e+00
103 116 2.072220e-03 3.284247e-03 3 3 0 0 -1.705216e-17 0.000000e+00
103 117 2.072220e-03 4.134622e-03 3 3 0 0 1.537214e-16 0.000000e+00
103 118 2.072220e-03 5.205181e-03 3 3 0 0 3.650695e-16 0.000000e+00
103 119 2.072220e-03 6.552935e-03 3 3 0 0 5.736083e-16 0.000000e+00
103 120 2.072220e-03 8.249656e-03 3 3 0 0 7.636927e-16 0.000000e+00
104 110 2.608770e-03 8.249656e-04 3 3 0 0 -2.430799e-20 0.000000e+00
104 111 2.608770e-03 1.038570e-03 3 3 0 0 -7.623099e-19 0.000000e+00
104 112 2.608770e-03 1.307482e-03 3 3 0 0 -2.000673e-18 0.000000e+00
104 113 2.608770e-03 1.646023e-03 3 3 0 0 -5.702051e-18 0.000000e+00
104 114 2.608770e-03 2.072220e-03 3 3 0 0 -1.847240e-17 0.000000e+00
104 115 2.608770e-03 2.608770e-03 3 3 0 0 -6.373120e-17 0.000000e+00
104 116 2.608770e-03 3.284247e-03 3 3 0 0 -1.128524e-16 0.000000e+00
104 117 2.608770e-03 4.134622e-03 3 3 0 0 -2.976901e-17 0.000000e+00
104 118 2.608770e-03 5.205181e-03 3 3 0 0 1.704156e-16 0.000000e+00
104 119 2.608770e-03 6.552935e-03 3 3 0 0 4.077031e-16 0.000000e+00
104 120 2.608770e-03 8.249656e-03 3 3 0 0 6.361102e-16 0.000000e+00
105 110 3.284247e-03 8.249656e-04 3 3 0 0 1.531337e-19 0.000000e+00
105 111 3.284247e-03 1.038570e-03 3 3 0 0 -2.878722e-19 0.000000e+00
105 112 3.284247e-03 1.307482e-03 3 3 0 0 -6.829257e-19 0.000000e+00
105 113 3.284247e-03 1.646023e-03 3 3 0 0 -1.798621e-18 0.000000e+00
105 114 3.284247e-03 2.072220e-03 3 3 0 0 -5.540281e-18 0.000000e+00
105 115 3.284247e-03 2.608770e-03 3 3 0 0 -1.935000e-17 0.000000e+00
105 116 3.284247e-03 3.284247e-03 3 3 0 0 -7.556957e-17 0.000000e+00
105 117 3.284247e-03 4.134622e-03 3 3 0 0 -1.407251e-16 0.000000e+00
105 118 3.284247e-03 5.205181e-03 3 3 0 0 -4.150794e-17 0.000000e+00
105 119 3.284247e-03 6.552935e-03 3 3 0 0 1.891031e-16 0.000000e+00
105 120 3.284247e-03 8.249656e-03 3 3 0 0 4.532702e-16 0.000000e+00
106 110 4.134622e-03 8.249656e-04 3 3 0 0 2.163818e-19 0.000000e+00
106 111 4.134622e-03 1.038570e-03 3 3 0 0 -1.210174e-19 0.000000e+00
106 112 4.134622e-03 1.307482e-03 3 3 0 0 -2.298795e-19 0.000000e+00
106 113 4.134622e-03 1.646023e-03 3 3 0 0 -5.061105e-19 0.000000e+00
106 114 4.134622e-03 2.072220e-03 3 3 0 0 -1.530133e-18 0.000000e+00
106 115 4.134622e-03 2.608770e-03 3 3 0 0 -4.895729e-18 0.000000e+00
106 116 4.134622e-03 3.284247e-03 3 3 0 0 -1.885008e-17 0.000000e+00
106 117 4.134622e-03 4.134622e-03 3 3 0 0 -8.572230e-17 0.000000e+00
106 118 4.134622e-03 5.205181e-03 3 3 0 0 -1.678801e-16 0.000000e+00
106 119 4.134622e-03 6.552935e-03 3 3 0 0 -5.063151e-17 0.000000e+00
106 120 4.134622e-03 8.249656e-03 3 3 0 0 2.113156e-16 0.000000e+00
107 110 5.205181e-03 8.249656e-04 3 3 0 0 2.359740e-19 0.000000e+00
107 111 5.205181e-03 1.038570e-03 3 3 0 0 -6.963362e-20 0.000000e+00
107 112 5.205181e-03 1.307482e-03 3 3 0 0 -9.252390e-20 0.000000e+00
107 113 5.205181e-03 1.646023e-03 3 3 0 0 -1.246487e-19 0.000000e+00
107 114 5.205181e-03 2.072220e-03 3 3 0 0 -4.028489e-19 0.000000e+00
107 115 5.205181e-03 2.608770e-03 3 3 0 0 -1.189339e-18 0.000000e+00
107 116 5.205181e-03 3.284247e-03 3 3 0 0 -4.012948e-18 0.000000e+00
107 117 5.205181e-03 4.134622e-03 3 3 0 0 -1.723246e-17 0.000000e+00
107 118 5.205181e-03 5.205181e-03 3 3 0 0 -9.385194e-17 0.000000e+00
107 119 5.205181e-03 6.552935e-03 3 3 0 0 -1.931365e-16 0.000000e+00
107 120 5.205181e-03 8.249656e-03 3 3 0 0 -5.611749e-17 0.000000e+00
108 110 6.552935e-03 8.249656e-04 3 3 0 0 2.413820e-19 0.000000e+00
108 111 6.552935e-03 1.038570e-03 3 3 0 0 -5.538141e-20 0.000000e+00
108 112 6.552935e-03 1.307482e-03 3 3 0 0 -5.511198e-20 0.000000e+00
108 113 6.552935e-03 1.646023e-03 3 3 0 0 -2.353409e-20 0.000000e+00
108 114 6.552935e-03 2.072220e-03 3 3 0 0 -1.164153e-19 0.000000e+00
108 115 6.552935e-03 2.608770e-03 3 3 0 0 -3.118724e-19 0.000000e+00
108 116 6.552935e-03 3.284247e-03 3 3 0 0 -9.309279e-19 0.000000e+00
108 117 6.552935e-03 4.134622e-03 3 3 0 0 -3.218302e-18 0.000000e+00
108 118 6.552935e-03 5.205181e-03 3 3 0 0 -1.514913e-17 0.000000e+00
108 119 6.552935e-03 6.552935e-03 3 3 0 0 -1.003733e-16 0.000000e+00
108 120 6.552935e-03 8.249656e-03 3 3 0 0 -2.162170e-16 0.000000e+00
109 110 8.249656e-03 8.249656e-04 3 3 0 0 2.425876e-19 0.000000e+00
109 111 8.249656e-03 1.038570e-03 3 3 0 0 -5.182850e-20 0.000000e+00
109 112 8.249656e-03 1.307482e-03 3 3 0 0 -4.596932e-20 0.000000e+00
109 113 8.249656e-03 1.646023e-03 3 3 0 0 7.460666e-22 0.000000e+00
109 114 8.249656e-03 2.072220e-03 3 3 0 0 -4.939597e-20 0.000000e+00
109 115 8.249656e-03 2.608770e-03 3 3 0 0 -1.169730e-19 0.000000e+00
109 116 8.249656e-03 3.284247e-03 3 3 0 0 -3.094426e-19 0.000000e+00
109 117 8.249656e-03 4.134622e-03 3 3 0 0 -8.787034e-19 0.000000e+00
109 118 8.249656e-03 5.205181e-03 3 3 0 0 -2.855226e-18 0.000000e+00
109 119 8.249656e-03 6.552935e-03 3 3 0 0 -1.350099e-17 0.000000e+00
109 120 8.249656e-03 8.249656e-03 3 3 0 0 -1.064292e-16 0.000000e+00
