# Please cite the following papers in research using this covariance:
# arXiv: 1601.05779, https://arxiv.org/abs/1601.05779
# arXiv: 1911.11947, https://arxiv.org/abs/1911.11947
# arXiv: 2004.04833, https://arxiv.org/abs/2004.04833
# arXiv: 1804.10663, https://arxiv.org/abs/1804.10663
########################################################
0 110 8.249656e-04 8.249656e-04 0 0 0 0 -2.669007e-15 0.000000e+00
0 111 8.249656e-04 1.038570e-03 0 0 0 0 -7.349270e-15 0.000000e+00
0 112 8.249656e-04 1.307482e-03 0 0 0 0 -3.231360e-15 0.000000e+00
0 113 8.249656e-04 1.646023e-03 0 0 0 0 3.728949e-15 0.000000e+00
0 114 8.249656e-04 2.072220e-03 0 0 0 0 9.321919e-15 0.000000e+00
0 115 8.249656e-04 2.608770e-03 0 0 0 0 1.263889e-14 0.000000e+00
0 116 8.249656e-04 3.284247e-03 0 0 0 0 1.395747e-14 0.000000e+00
0 117 8.249656e-04 4.134622e-03 0 0 0 0 1.385134e-14 0.000000e+00
0 118 8.249656e-04 5.205181e-03 0 0 0 0 1.287060e-14 0.000000e+00
0 119 8.249656e-04 6.552935e-03 0 0 0 0 1.144790e-14 0.000000e+00
0 120 8.249656e-04 8.249656e-03 0 0 0 0 9.887308e-15 0.000000e+00
1 110 1.038570e-03 8.249656e-04 0 0 0 0 -4.311704e-17 0.000000e+00
1 111 1.038570e-03 1.038570e-03 0 0 0 0 -2.615837e-15 0.000000e+00
1 112 1.038570e-03 1.307482e-03 0 0 0 0 -7.439673e-15 0.000000e+00
1 113 1.038570e-03 1.646023e-03 0 0 0 0 -3.327349e-15 0.000000e+00
1 114 1.038570e-03 2.072220e-03 0 0 0 0 3.412753e-15 0.000000e+00
1 115 1.038570e-03 2.608770e-03 0 0 0 0 8.586039e-15 0.000000e+00
1 116 1.038570e-03 3.284247e-03 0 0 0 0 1.144107e-14 0.000000e+00
1 117 1.038570e-03 4.134622e-03 0 0 0 0 1.238240e-14 0.000000e+00
1 118 1.038570e-03 5.205181e-03 0 0 0 0 1.204885e-14 0.000000e+00
1 119 1.038570e-03 6.552935e-03 0 0 0 0 1.100192e-14 0.000000e+00
1 120 1.038570e-03 8.249656e-03 0 0 0 0 9.650278e-15 0.000000e+00
2 110 1.307482e-03 8.249656e-04 0 0 0 0 3.345800e-17 0.000000e+00
2 111 1.307482e-03 1.038570e-03 0 0 0 0 3.165828e-17 0.000000e+00
2 112 1.307482e-03 1.307482e-03 0 0 0 0 -2.507142e-15 0.000000e+00
2 113 1.307482e-03 1.646023e-03 0 0 0 0 -7.415142e-15 0.000000e+00
2 114 1.307482e-03 2.072220e-03 0 0 0 0 -3.351491e-15 0.000000e+00
2 115 1.307482e-03 2.608770e-03 0 0 0 0 3.069480e-15 0.000000e+00
2 116 1.307482e-03 3.284247e-03 0 0 0 0 7.758567e-15 0.000000e+00
2 117 1.307482e-03 4.134622e-03 0 0 0 0 1.015454e-14 0.000000e+00
2 118 1.307482e-03 5.205181e-03 0 0 0 0 1.077860e-14 0.000000e+00
2 119 1.307482e-03 6.552935e-03 0 0 0 0 1.030530e-14 0.000000e+00
2 120 1.307482e-03 8.249656e-03 0 0 0 0 9.277853e-15 0.000000e+00
3 110 1.646023e-03 8.249656e-04 0 0 0 0 2.403430e-17 0.000000e+00
3 111 1.646023e-03 1.038570e-03 0 0 0 0 5.941665e-17 0.000000e+00
3 112 1.646023e-03 1.307482e-03 0 0 0 0 1.170511e-16 0.000000e+00
3 113 1.646023e-03 1.646023e-03 0 0 0 0 -2.339038e-15 0.000000e+00
3 114 1.646023e-03 2.072220e-03 0 0 0 0 -7.262223e-15 0.000000e+00
3 115 1.646023e-03 2.608770e-03 0 0 0 0 -3.292861e-15 0.000000e+00
3 116 1.646023e-03 3.284247e-03 0 0 0 0 2.718048e-15 0.000000e+00
3 117 1.646023e-03 4.134622e-03 0 0 0 0 6.882270e-15 0.000000e+00
3 118 1.646023e-03 5.205181e-03 0 0 0 0 8.847759e-15 0.000000e+00
3 119 1.646023e-03 6.552935e-03 0 0 0 0 9.227093e-15 0.000000e+00
3 120 1.646023e-03 8.249656e-03 0 0 0 0 8.695688e-15 0.000000e+00
4 110 2.072220e-03 8.249656e-04 0 0 0 0 1.249721e-17 0.000000e+00
4 111 2.072220e-03 1.038570e-03 0 0 0 0 3.234352e-17 0.000000e+00
4 112 2.072220e-03 1.307482e-03 0 0 0 0 8.515601e-17 0.000000e+00
4 113 2.072220e-03 1.646023e-03 0 0 0 0 2.063272e-16 0.000000e+00
4 114 2.072220e-03 2.072220e-03 0 0 0 0 -2.117219e-15 0.000000e+00
4 115 2.072220e-03 2.608770e-03 0 0 0 0 -6.976510e-15 0.000000e+00
4 116 2.072220e-03 3.284247e-03 0 0 0 0 -3.148776e-15 0.000000e+00
4 117 2.072220e-03 4.134622e-03 0 0 0 0 2.375403e-15 0.000000e+00
4 118 2.072220e-03 5.205181e-03 0 0 0 0 6.001047e-15 0.000000e+00
4 119 2.072220e-03 6.552935e-03 0 0 0 0 7.584709e-15 0.000000e+00
4 120 2.072220e-03 8.249656e-03 0 0 0 0 7.793737e-15 0.000000e+00
5 110 2.608770e-03 8.249656e-04 0 0 0 0 5.765270e-18 0.000000e+00
5 111 2.608770e-03 1.038570e-03 0 0 0 0 1.461018e-17 0.000000e+00
5 112 2.608770e-03 1.307482e-03 0 0 0 0 3.895361e-17 0.000000e+00
5 113 2.608770e-03 1.646023e-03 0 0 0 0 1.068500e-16 0.000000e+00
5 114 2.608770e-03 2.072220e-03 0 0 0 0 2.910555e-16 0.000000e+00
5 115 2.608770e-03 2.608770e-03 0 0 0 0 -1.853418e-15 0.000000e+00
5 116 2.608770e-03 3.284247e-03 0 0 0 0 -6.566114e-15 0.000000e+00
5 117 2.608770e-03 4.134622e-03 0 0 0 0 -2.926762e-15 0.000000e+00
5 118 2.608770e-03 5.205181e-03 0 0 0 0 2.054550e-15 0.000000e+00
5 119 2.608770e-03 6.552935e-03 0 0 0 0 5.154538e-15 0.000000e+00
5 120 2.608770e-03 8.249656e-03 0 0 0 0 6.417337e-15 0.000000e+00
6 110 3.284247e-03 8.249656e-04 0 0 0 0 2.481745e-18 0.000000e+00
6 111 3.284247e-03 1.038570e-03 0 0 0 0 5.968394e-18 0.000000e+00
6 112 3.284247e-03 1.307482e-03 0 0 0 0 1.575409e-17 0.000000e+00
6 113 3.284247e-03 1.646023e-03 0 0 0 0 4.275847e-17 0.000000e+00
6 114 3.284247e-03 2.072220e-03 0 0 0 0 1.214091e-16 0.000000e+00
6 115 3.284247e-03 2.608770e-03 0 0 0 0 3.618084e-16 0.000000e+00
6 116 3.284247e-03 3.284247e-03 0 0 0 0 -1.565438e-15 0.000000e+00
6 117 3.284247e-03 4.134622e-03 0 0 0 0 -6.051186e-15 0.000000e+00
6 118 3.284247e-03 5.205181e-03 0 0 0 0 -2.643945e-15 0.000000e+00
6 119 3.284247e-03 6.552935e-03 0 0 0 0 1.763691e-15 0.000000e+00
6 120 3.284247e-03 8.249656e-03 0 0 0 0 4.374338e-15 0.000000e+00
7 110 4.134622e-03 8.249656e-04 0 0 0 0 1.048415e-18 0.000000e+00
7 111 4.134622e-03 1.038570e-03 0 0 0 0 2.238812e-18 0.000000e+00
7 112 4.134622e-03 1.307482e-03 0 0 0 0 5.849530e-18 0.000000e+00
7 113 4.134622e-03 1.646023e-03 0 0 0 0 1.565099e-17 0.000000e+00
7 114 4.134622e-03 2.072220e-03 0 0 0 0 4.320814e-17 0.000000e+00
7 115 4.134622e-03 2.608770e-03 0 0 0 0 1.270576e-16 0.000000e+00
7 116 4.134622e-03 3.284247e-03 0 0 0 0 4.104879e-16 0.000000e+00
7 117 4.134622e-03 4.134622e-03 0 0 0 0 -1.274192e-15 0.000000e+00
7 118 4.134622e-03 5.205181e-03 0 0 0 0 -5.461612e-15 0.000000e+00
7 119 4.134622e-03 6.552935e-03 0 0 0 0 -2.323823e-15 0.000000e+00
7 120 4.134622e-03 8.249656e-03 0 0 0 0 1.506960e-15 0.000000e+00
8 110 5.205181e-03 8.249656e-04 0 0 0 0 4.580424e-19 0.000000e+00
8 111 5.205181e-03 1.038570e-03 0 0 0 0 7.689239e-19 0.000000e+00
8 112 5.205181e-03 1.307482e-03 0 0 0 0 2.017842e-18 0.000000e+00
8 113 5.205181e-03 1.646023e-03 0 0 0 0 5.377730e-18 0.000000e+00
8 114 5.205181e-03 2.072220e-03 0 0 0 0 1.442345e-17 0.000000e+00
8 115 5.205181e-03 2.608770e-03 0 0 0 0 4.057245e-17 0.000000e+00
8 116 5.205181e-03 3.284247e-03 0 0 0 0 1.235276e-16 0.000000e+00
8 117 5.205181e-03 4.134622e-03 0 0 0 0 4.322818e-16 0.000000e+00
8 118 5.205181e-03 5.205181e-03 0 0 0 0 -9.999285e-16 0.000000e+00
8 119 5.205181e-03 6.552935e-03 0 0 0 0 -4.832422e-15 0.000000e+00
8 120 5.205181e-03 8.249656e-03 0 0 0 0 -1.991715e-15 0.000000e+00
9 110 6.552935e-03 8.249656e-04 0 0 0 0 2.646460e-19 0.000000e+00
9 111 6.552935e-03 1.038570e-03 0 0 0 0 2.314572e-19 0.000000e+00
9 112 6.552935e-03 1.307482e-03 0 0 0 0 6.498929e-19 0.000000e+00
9 113 6.552935e-03 1.646023e-03 0 0 0 0 1.742329e-18 0.000000e+00
9 114 6.552935e-03 2.072220e-03 0 0 0 0 4.565529e-18 0.000000e+00
9 115 6.552935e-03 2.608770e-03 0 0 0 0 1.243315e-17 0.000000e+00
9 116 6.552935e-03 3.284247e-03 0 0 0 0 3.564213e-17 0.000000e+00
9 117 6.552935e-03 4.134622e-03 0 0 0 0 1.123904e-16 0.000000e+00
9 118 6.552935e-03 5.205181e-03 0 0 0 0 4.269440e-16 0.000000e+00
9 119 6.552935e-03 6.552935e-03 0 0 0 0 -7.586976e-16 0.000000e+00
9 120 6.552935e-03 8.249656e-03 0 0 0 0 -4.198947e-15 0.000000e+00
10 110 8.249656e-03 8.249656e-04 0 0 0 0 1.838942e-19 0.000000e+00
10 111 8.249656e-03 1.038570e-03 0 0 0 0 5.158177e-20 0.000000e+00
10 112 8.249656e-03 1.307482e-03 0 0 0 0 1.913778e-19 0.000000e+00
10 113 8.249656e-03 1.646023e-03 0 0 0 0 5.420470e-19 0.000000e+00
10 114 8.249656e-03 2.072220e-03 0 0 0 0 1.400335e-18 0.000000e+00
10 115 8.249656e-03 2.608770e-03 0 0 0 0 3.698306e-18 0.000000e+00
10 116 8.249656e-03 3.284247e-03 0 0 0 0 1.014193e-17 0.000000e+00
10 117 8.249656e-03 4.134622e-03 0 0 0 0 2.953843e-17 0.000000e+00
10 118 8.249656e-03 5.205181e-03 0 0 0 0 9.631911e-17 0.000000e+00
10 119 8.249656e-03 6.552935e-03 0 0 0 0 3.982859e-16 0.000000e+00
10 120 8.249656e-03 8.249656e-03 0 0 0 0 -5.605154e-16 0.000000e+00
