# Please cite the following papers in research using this covariance:
# arXiv: 1601.05779, https://arxiv.org/abs/1601.05779
# arXiv: 1911.11947, https://arxiv.org/abs/1911.11947
# arXiv: 2004.04833, https://arxiv.org/abs/2004.04833
# arXiv: 1804.10663, https://arxiv.org/abs/1804.10663
########################################################
22 176 8.249656e-04 8.249656e-04 0 2 1 3 -1.846045e-17 0.000000e+00
22 177 8.249656e-04 1.038570e-03 0 2 1 3 -2.297509e-17 0.000000e+00
22 178 8.249656e-04 1.307482e-03 0 2 1 3 2.383567e-17 0.000000e+00
22 179 8.249656e-04 1.646023e-03 0 2 1 3 1.424749e-16 0.000000e+00
22 180 8.249656e-04 2.072220e-03 0 2 1 3 3.208573e-16 0.000000e+00
22 181 8.249656e-04 2.608770e-03 0 2 1 3 5.343644e-16 0.000000e+00
22 182 8.249656e-04 3.284247e-03 0 2 1 3 7.578486e-16 0.000000e+00
22 183 8.249656e-04 4.134622e-03 0 2 1 3 9.724813e-16 0.000000e+00
22 184 8.249656e-04 5.205181e-03 0 2 1 3 1.168838e-15 0.000000e+00
22 185 8.249656e-04 6.552935e-03 0 2 1 3 1.347522e-15 0.000000e+00
22 186 8.249656e-04 8.249656e-03 0 2 1 3 1.517916e-15 0.000000e+00
23 176 1.038570e-03 8.249656e-04 0 2 1 3 -1.180223e-17 0.000000e+00
23 177 1.038570e-03 1.038570e-03 0 2 1 3 -3.058609e-17 0.000000e+00
23 178 1.038570e-03 1.307482e-03 0 2 1 3 -4.202991e-17 0.000000e+00
23 179 1.038570e-03 1.646023e-03 0 2 1 3 1.738861e-17 0.000000e+00
23 180 1.038570e-03 2.072220e-03 0 2 1 3 1.690928e-16 0.000000e+00
23 181 1.038570e-03 2.608770e-03 0 2 1 3 3.864624e-16 0.000000e+00
23 182 1.038570e-03 3.284247e-03 0 2 1 3 6.314203e-16 0.000000e+00
23 183 1.038570e-03 4.134622e-03 0 2 1 3 8.733971e-16 0.000000e+00
23 184 1.038570e-03 5.205181e-03 0 2 1 3 1.095642e-15 0.000000e+00
23 185 1.038570e-03 6.552935e-03 0 2 1 3 1.295484e-15 0.000000e+00
23 186 1.038570e-03 8.249656e-03 0 2 1 3 1.481676e-15 0.000000e+00
24 176 1.307482e-03 8.249656e-04 0 2 1 3 -5.923494e-18 0.000000e+00
24 177 1.307482e-03 1.038570e-03 0 2 1 3 -1.728951e-17 0.000000e+00
24 178 1.307482e-03 1.307482e-03 0 2 1 3 -4.593570e-17 0.000000e+00
24 179 1.307482e-03 1.646023e-03 0 2 1 3 -6.852635e-17 0.000000e+00
24 180 1.307482e-03 2.072220e-03 0 2 1 3 5.377205e-18 0.000000e+00
24 181 1.307482e-03 2.608770e-03 0 2 1 3 1.947745e-16 0.000000e+00
24 182 1.307482e-03 3.284247e-03 0 2 1 3 4.522091e-16 0.000000e+00
24 183 1.307482e-03 4.134622e-03 0 2 1 3 7.260894e-16 0.000000e+00
24 184 1.307482e-03 5.205181e-03 0 2 1 3 9.838995e-16 0.000000e+00
24 185 1.307482e-03 6.552935e-03 0 2 1 3 1.214830e-15 0.000000e+00
24 186 1.307482e-03 8.249656e-03 0 2 1 3 1.425014e-15 0.000000e+00
25 176 1.646023e-03 8.249656e-04 0 2 1 3 -2.520414e-18 0.000000e+00
25 177 1.646023e-03 1.038570e-03 0 2 1 3 -7.897762e-18 0.000000e+00
25 178 1.646023e-03 1.307482e-03 0 2 1 3 -2.256735e-17 0.000000e+00
25 179 1.646023e-03 1.646023e-03 0 2 1 3 -6.430940e-17 0.000000e+00
25 180 1.646023e-03 2.072220e-03 0 2 1 3 -1.025241e-16 0.000000e+00
25 181 1.646023e-03 2.608770e-03 0 2 1 3 -1.160854e-17 0.000000e+00
25 182 1.646023e-03 3.284247e-03 0 2 1 3 2.192110e-16 0.000000e+00
25 183 1.646023e-03 4.134622e-03 0 2 1 3 5.166457e-16 0.000000e+00
25 184 1.646023e-03 5.205181e-03 0 2 1 3 8.174313e-16 0.000000e+00
25 185 1.646023e-03 6.552935e-03 0 2 1 3 1.091562e-15 0.000000e+00
25 186 1.646023e-03 8.249656e-03 0 2 1 3 1.337149e-15 0.000000e+00
26 176 2.072220e-03 8.249656e-04 0 2 1 3 -8.276384e-19 0.000000e+00
26 177 2.072220e-03 1.038570e-03 0 2 1 3 -3.222596e-18 0.000000e+00
26 178 2.072220e-03 1.307482e-03 0 2 1 3 -8.965314e-18 0.000000e+00
26 179 2.072220e-03 1.646023e-03 0 2 1 3 -2.711398e-17 0.000000e+00
26 180 2.072220e-03 2.072220e-03 0 2 1 3 -8.456384e-17 0.000000e+00
26 181 2.072220e-03 2.608770e-03 0 2 1 3 -1.425164e-16 0.000000e+00
26 182 2.072220e-03 3.284247e-03 0 2 1 3 -3.190489e-17 0.000000e+00
26 183 2.072220e-03 4.134622e-03 0 2 1 3 2.431548e-16 0.000000e+00
26 184 2.072220e-03 5.205181e-03 0 2 1 3 5.799696e-16 0.000000e+00
26 185 2.072220e-03 6.552935e-03 0 2 1 3 9.075827e-16 0.000000e+00
26 186 2.072220e-03 8.249656e-03 0 2 1 3 1.202748e-15 0.000000e+00
27 176 2.608770e-03 8.249656e-04 0 2 1 3 -8.479857e-20 0.000000e+00
27 177 2.608770e-03 1.038570e-03 0 2 1 3 -1.200057e-18 0.000000e+00
27 178 2.608770e-03 1.307482e-03 0 2 1 3 -3.177687e-18 0.000000e+00
27 179 2.608770e-03 1.646023e-03 0 2 1 3 -9.182843e-18 0.000000e+00
27 180 2.608770e-03 2.072220e-03 0 2 1 3 -3.015543e-17 0.000000e+00
27 181 2.608770e-03 2.608770e-03 0 2 1 3 -1.046887e-16 0.000000e+00
27 182 2.608770e-03 3.284247e-03 0 2 1 3 -1.860933e-16 0.000000e+00
27 183 2.608770e-03 4.134622e-03 0 2 1 3 -5.278704e-17 0.000000e+00
27 184 2.608770e-03 5.205181e-03 0 2 1 3 2.683098e-16 0.000000e+00
27 185 2.608770e-03 6.552935e-03 0 2 1 3 6.443324e-16 0.000000e+00
27 186 2.608770e-03 8.249656e-03 0 2 1 3 1.001874e-15 0.000000e+00
28 176 3.284247e-03 8.249656e-04 0 2 1 3 2.021399e-19 0.000000e+00
28 177 3.284247e-03 1.038570e-03 0 2 1 3 -4.295921e-19 0.000000e+00
28 178 3.284247e-03 1.307482e-03 0 2 1 3 -1.023983e-18 0.000000e+00
28 179 3.284247e-03 1.646023e-03 0 2 1 3 -2.744431e-18 0.000000e+00
28 180 3.284247e-03 2.072220e-03 0 2 1 3 -8.609356e-18 0.000000e+00
28 181 3.284247e-03 2.608770e-03 0 2 1 3 -3.085889e-17 0.000000e+00
28 182 3.284247e-03 3.284247e-03 0 2 1 3 -1.228284e-16 0.000000e+00
28 183 3.284247e-03 4.134622e-03 0 2 1 3 -2.302329e-16 0.000000e+00
28 184 3.284247e-03 5.205181e-03 0 2 1 3 -7.115414e-17 0.000000e+00
28 185 3.284247e-03 6.552935e-03 0 2 1 3 2.970325e-16 0.000000e+00
28 186 3.284247e-03 8.249656e-03 0 2 1 3 7.137483e-16 0.000000e+00
29 176 4.134622e-03 8.249656e-04 0 2 1 3 2.991474e-19 0.000000e+00
29 177 4.134622e-03 1.038570e-03 0 2 1 3 -1.724637e-19 0.000000e+00
29 178 4.134622e-03 1.307482e-03 0 2 1 3 -3.206754e-19 0.000000e+00
29 179 4.134622e-03 1.646023e-03 0 2 1 3 -7.151206e-19 0.000000e+00
29 180 4.134622e-03 2.072220e-03 0 2 1 3 -2.206221e-18 0.000000e+00
29 181 4.134622e-03 2.608770e-03 0 2 1 3 -7.263825e-18 0.000000e+00
29 182 4.134622e-03 3.284247e-03 0 2 1 3 -2.918714e-17 0.000000e+00
29 183 4.134622e-03 4.134622e-03 0 2 1 3 -1.376331e-16 0.000000e+00
29 184 4.134622e-03 5.205181e-03 0 2 1 3 -2.721215e-16 0.000000e+00
29 185 4.134622e-03 6.552935e-03 0 2 1 3 -8.436738e-17 0.000000e+00
29 186 4.134622e-03 8.249656e-03 0 2 1 3 3.319244e-16 0.000000e+00
30 176 5.205181e-03 8.249656e-04 0 2 1 3 3.271041e-19 0.000000e+00
30 177 5.205181e-03 1.038570e-03 0 2 1 3 -9.878085e-20 0.000000e+00
30 178 5.205181e-03 1.307482e-03 0 2 1 3 -1.222924e-19 0.000000e+00
30 179 5.205181e-03 1.646023e-03 0 2 1 3 -1.578866e-19 0.000000e+00
30 180 5.205181e-03 2.072220e-03 0 2 1 3 -5.301368e-19 0.000000e+00
30 181 5.205181e-03 2.608770e-03 0 2 1 3 -1.601668e-18 0.000000e+00
30 182 5.205181e-03 3.284247e-03 0 2 1 3 -5.630515e-18 0.000000e+00
30 183 5.205181e-03 4.134622e-03 0 2 1 3 -2.577404e-17 0.000000e+00
30 184 5.205181e-03 5.205181e-03 0 2 1 3 -1.487977e-16 0.000000e+00
30 185 5.205181e-03 6.552935e-03 0 2 1 3 -3.099901e-16 0.000000e+00
30 186 5.205181e-03 8.249656e-03 0 2 1 3 -9.097247e-17 0.000000e+00
31 176 6.552935e-03 8.249656e-04 0 2 1 3 3.340199e-19 0.000000e+00
31 177 6.552935e-03 1.038570e-03 0 2 1 3 -8.039241e-20 0.000000e+00
31 178 6.552935e-03 1.307482e-03 0 2 1 3 -7.367998e-20 0.000000e+00
31 179 6.552935e-03 1.646023e-03 0 2 1 3 -2.494941e-20 0.000000e+00
31 180 6.552935e-03 2.072220e-03 0 2 1 3 -1.464842e-19 0.000000e+00
31 181 6.552935e-03 2.608770e-03 0 2 1 3 -3.920877e-19 0.000000e+00
31 182 6.552935e-03 3.284247e-03 0 2 1 3 -1.193025e-18 0.000000e+00
31 183 6.552935e-03 4.134622e-03 0 2 1 3 -4.290248e-18 0.000000e+00
31 184 6.552935e-03 5.205181e-03 0 2 1 3 -2.186727e-17 0.000000e+00
31 185 6.552935e-03 6.552935e-03 0 2 1 3 -1.573014e-16 0.000000e+00
31 186 6.552935e-03 8.249656e-03 0 2 1 3 -3.437012e-16 0.000000e+00
32 176 8.249656e-03 8.249656e-04 0 2 1 3 3.353505e-19 0.000000e+00
32 177 8.249656e-03 1.038570e-03 0 2 1 3 -7.625434e-20 0.000000e+00
32 178 8.249656e-03 1.307482e-03 0 2 1 3 -6.303081e-20 0.000000e+00
32 179 8.249656e-03 1.646023e-03 0 2 1 3 3.511738e-21 0.000000e+00
32 180 8.249656e-03 2.072220e-03 0 2 1 3 -6.688109e-20 0.000000e+00
32 181 8.249656e-03 2.608770e-03 0 2 1 3 -1.555803e-19 0.000000e+00
32 182 8.249656e-03 3.284247e-03 0 2 1 3 -4.105807e-19 0.000000e+00
32 183 8.249656e-03 4.134622e-03 0 2 1 3 -1.159876e-18 0.000000e+00
32 184 8.249656e-03 5.205181e-03 0 2 1 3 -3.790322e-18 0.000000e+00
32 185 8.249656e-03 6.552935e-03 0 2 1 3 -1.902838e-17 0.000000e+00
32 186 8.249656e-03 8.249656e-03 0 2 1 3 -1.652903e-16 0.000000e+00
