# Please cite the following papers in research using this covariance:
# arXiv: 1601.05779, https://arxiv.org/abs/1601.05779
# arXiv: 1911.11947, https://arxiv.org/abs/1911.11947
# arXiv: 2004.04833, https://arxiv.org/abs/2004.04833
# arXiv: 1804.10663, https://arxiv.org/abs/1804.10663
########################################################
33 99 8.249656e-04 8.249656e-04 0 3 3 3 3.424955e-13 0.000000e+00
33 100 8.249656e-04 1.038570e-03 0 3 3 3 3.098852e-13 0.000000e+00
33 101 8.249656e-04 1.307482e-03 0 3 3 3 2.735134e-13 0.000000e+00
33 102 8.249656e-04 1.646023e-03 0 3 3 3 2.433520e-13 0.000000e+00
33 103 8.249656e-04 2.072220e-03 0 3 3 3 2.185385e-13 0.000000e+00
33 104 8.249656e-04 2.608770e-03 0 3 3 3 1.979552e-13 0.000000e+00
33 105 8.249656e-04 3.284247e-03 0 3 3 3 1.805592e-13 0.000000e+00
33 106 8.249656e-04 4.134622e-03 0 3 3 3 1.654329e-13 0.000000e+00
33 107 8.249656e-04 5.205181e-03 0 3 3 3 1.517992e-13 0.000000e+00
33 108 8.249656e-04 6.552935e-03 0 3 3 3 1.390274e-13 0.000000e+00
33 109 8.249656e-04 8.249656e-03 0 3 3 3 1.266323e-13 0.000000e+00
34 99 1.038570e-03 8.249656e-04 0 3 3 3 3.098852e-13 0.000000e+00
34 100 1.038570e-03 1.038570e-03 0 3 3 3 3.101689e-13 0.000000e+00
34 101 1.038570e-03 1.307482e-03 0 3 3 3 2.797216e-13 0.000000e+00
34 102 1.038570e-03 1.646023e-03 0 3 3 3 2.467489e-13 0.000000e+00
34 103 1.038570e-03 2.072220e-03 0 3 3 3 2.202726e-13 0.000000e+00
34 104 1.038570e-03 2.608770e-03 0 3 3 3 1.987963e-13 0.000000e+00
34 105 1.038570e-03 3.284247e-03 0 3 3 3 1.809431e-13 0.000000e+00
34 106 1.038570e-03 4.134622e-03 0 3 3 3 1.655939e-13 0.000000e+00
34 107 1.038570e-03 5.205181e-03 0 3 3 3 1.518581e-13 0.000000e+00
34 108 1.038570e-03 6.552935e-03 0 3 3 3 1.390434e-13 0.000000e+00
34 109 1.038570e-03 8.249656e-03 0 3 3 3 1.266329e-13 0.000000e+00
35 99 1.307482e-03 8.249656e-04 0 3 3 3 2.735134e-13 0.000000e+00
35 100 1.307482e-03 1.038570e-03 0 3 3 3 2.797216e-13 0.000000e+00
35 101 1.307482e-03 1.307482e-03 0 3 3 3 2.811884e-13 0.000000e+00
35 102 1.307482e-03 1.646023e-03 0 3 3 3 2.529728e-13 0.000000e+00
35 103 1.307482e-03 2.072220e-03 0 3 3 3 2.233667e-13 0.000000e+00
35 104 1.307482e-03 2.608770e-03 0 3 3 3 2.002532e-13 0.000000e+00
35 105 1.307482e-03 3.284247e-03 0 3 3 3 1.815938e-13 0.000000e+00
35 106 1.307482e-03 4.134622e-03 0 3 3 3 1.658631e-13 0.000000e+00
35 107 1.307482e-03 5.205181e-03 0 3 3 3 1.519562e-13 0.000000e+00
35 108 1.307482e-03 6.552935e-03 0 3 3 3 1.390705e-13 0.000000e+00
35 109 1.307482e-03 8.249656e-03 0 3 3 3 1.266345e-13 0.000000e+00
36 99 1.646023e-03 8.249656e-04 0 3 3 3 2.433520e-13 0.000000e+00
36 100 1.646023e-03 1.038570e-03 0 3 3 3 2.467489e-13 0.000000e+00
36 101 1.646023e-03 1.307482e-03 0 3 3 3 2.529728e-13 0.000000e+00
36 102 1.646023e-03 1.646023e-03 0 3 3 3 2.553227e-13 0.000000e+00
36 103 1.646023e-03 2.072220e-03 0 3 3 3 2.293289e-13 0.000000e+00
36 104 1.646023e-03 2.608770e-03 0 3 3 3 2.029301e-13 0.000000e+00
36 105 1.646023e-03 3.284247e-03 0 3 3 3 1.827444e-13 0.000000e+00
36 106 1.646023e-03 4.134622e-03 0 3 3 3 1.663273e-13 0.000000e+00
36 107 1.646023e-03 5.205181e-03 0 3 3 3 1.521228e-13 0.000000e+00
36 108 1.646023e-03 6.552935e-03 0 3 3 3 1.391165e-13 0.000000e+00
36 109 1.646023e-03 8.249656e-03 0 3 3 3 1.266379e-13 0.000000e+00
37 99 2.072220e-03 8.249656e-04 0 3 3 3 2.185385e-13 0.000000e+00
37 100 2.072220e-03 1.038570e-03 0 3 3 3 2.202726e-13 0.000000e+00
37 101 2.072220e-03 1.307482e-03 0 3 3 3 2.233667e-13 0.000000e+00
37 102 2.072220e-03 1.646023e-03 0 3 3 3 2.293289e-13 0.000000e+00
37 103 2.072220e-03 2.072220e-03 0 3 3 3 2.322346e-13 0.000000e+00
37 104 2.072220e-03 2.608770e-03 0 3 3 3 2.083921e-13 0.000000e+00
37 105 2.072220e-03 3.284247e-03 0 3 3 3 1.849343e-13 0.000000e+00
37 106 2.072220e-03 4.134622e-03 0 3 3 3 1.671708e-13 0.000000e+00
37 107 2.072220e-03 5.205181e-03 0 3 3 3 1.524179e-13 0.000000e+00
37 108 2.072220e-03 6.552935e-03 0 3 3 3 1.391982e-13 0.000000e+00
37 109 2.072220e-03 8.249656e-03 0 3 3 3 1.266454e-13 0.000000e+00
38 99 2.608770e-03 8.249656e-04 0 3 3 3 1.979552e-13 0.000000e+00
38 100 2.608770e-03 1.038570e-03 0 3 3 3 1.987963e-13 0.000000e+00
38 101 2.608770e-03 1.307482e-03 0 3 3 3 2.002532e-13 0.000000e+00
38 102 2.608770e-03 1.646023e-03 0 3 3 3 2.029301e-13 0.000000e+00
38 103 2.608770e-03 2.072220e-03 0 3 3 3 2.083921e-13 0.000000e+00
38 104 2.608770e-03 2.608770e-03 0 3 3 3 2.115272e-13 0.000000e+00
38 105 2.608770e-03 3.284247e-03 0 3 3 3 1.897146e-13 0.000000e+00
38 106 2.608770e-03 4.134622e-03 0 3 3 3 1.688508e-13 0.000000e+00
38 107 2.608770e-03 5.205181e-03 0 3 3 3 1.529776e-13 0.000000e+00
38 108 2.608770e-03 6.552935e-03 0 3 3 3 1.393520e-13 0.000000e+00
38 109 2.608770e-03 8.249656e-03 0 3 3 3 1.266634e-13 0.000000e+00
39 99 3.284247e-03 8.249656e-04 0 3 3 3 1.805592e-13 0.000000e+00
39 100 3.284247e-03 1.038570e-03 0 3 3 3 1.809431e-13 0.000000e+00
39 101 3.284247e-03 1.307482e-03 0 3 3 3 1.815938e-13 0.000000e+00
39 102 3.284247e-03 1.646023e-03 0 3 3 3 1.827444e-13 0.000000e+00
39 103 3.284247e-03 2.072220e-03 0 3 3 3 1.849343e-13 0.000000e+00
39 104 3.284247e-03 2.608770e-03 0 3 3 3 1.897146e-13 0.000000e+00
39 105 3.284247e-03 3.284247e-03 0 3 3 3 1.927790e-13 0.000000e+00
39 106 3.284247e-03 4.134622e-03 0 3 3 3 1.728354e-13 0.000000e+00
39 107 3.284247e-03 5.205181e-03 0 3 3 3 1.541667e-13 0.000000e+00
39 108 3.284247e-03 6.552935e-03 0 3 3 3 1.396687e-13 0.000000e+00
39 109 3.284247e-03 8.249656e-03 0 3 3 3 1.267093e-13 0.000000e+00
40 99 4.134622e-03 8.249656e-04 0 3 3 3 1.654329e-13 0.000000e+00
40 100 4.134622e-03 1.038570e-03 0 3 3 3 1.655939e-13 0.000000e+00
40 101 4.134622e-03 1.307482e-03 0 3 3 3 1.658631e-13 0.000000e+00
40 102 4.134622e-03 1.646023e-03 0 3 3 3 1.663273e-13 0.000000e+00
40 103 4.134622e-03 2.072220e-03 0 3 3 3 1.671708e-13 0.000000e+00
40 104 4.134622e-03 2.608770e-03 0 3 3 3 1.688508e-13 0.000000e+00
40 105 4.134622e-03 3.284247e-03 0 3 3 3 1.728354e-13 0.000000e+00
40 106 4.134622e-03 4.134622e-03 0 3 3 3 1.755751e-13 0.000000e+00
40 107 4.134622e-03 5.205181e-03 0 3 3 3 1.573127e-13 0.000000e+00
40 108 4.134622e-03 6.552935e-03 0 3 3 3 1.404208e-13 0.000000e+00
40 109 4.134622e-03 8.249656e-03 0 3 3 3 1.268358e-13 0.000000e+00
41 99 5.205181e-03 8.249656e-04 0 3 3 3 1.517992e-13 0.000000e+00
41 100 5.205181e-03 1.038570e-03 0 3 3 3 1.518581e-13 0.000000e+00
41 101 5.205181e-03 1.307482e-03 0 3 3 3 1.519562e-13 0.000000e+00
41 102 5.205181e-03 1.646023e-03 0 3 3 3 1.521228e-13 0.000000e+00
41 103 5.205181e-03 2.072220e-03 0 3 3 3 1.524179e-13 0.000000e+00
41 104 5.205181e-03 2.608770e-03 0 3 3 3 1.529776e-13 0.000000e+00
41 105 5.205181e-03 3.284247e-03 0 3 3 3 1.541667e-13 0.000000e+00
41 106 5.205181e-03 4.134622e-03 0 3 3 3 1.573127e-13 0.000000e+00
41 107 5.205181e-03 5.205181e-03 0 3 3 3 1.595352e-13 0.000000e+00
41 108 5.205181e-03 6.552935e-03 0 3 3 3 1.427517e-13 0.000000e+00
41 109 5.205181e-03 8.249656e-03 0 3 3 3 1.272295e-13 0.000000e+00
42 99 6.552935e-03 8.249656e-04 0 3 3 3 1.390274e-13 0.000000e+00
42 100 6.552935e-03 1.038570e-03 0 3 3 3 1.390434e-13 0.000000e+00
42 101 6.552935e-03 1.307482e-03 0 3 3 3 1.390705e-13 0.000000e+00
42 102 6.552935e-03 1.646023e-03 0 3 3 3 1.391165e-13 0.000000e+00
42 103 6.552935e-03 2.072220e-03 0 3 3 3 1.391982e-13 0.000000e+00
42 104 6.552935e-03 2.608770e-03 0 3 3 3 1.393520e-13 0.000000e+00
42 105 6.552935e-03 3.284247e-03 0 3 3 3 1.396687e-13 0.000000e+00
42 106 6.552935e-03 4.134622e-03 0 3 3 3 1.404208e-13 0.000000e+00
42 107 6.552935e-03 5.205181e-03 0 3 3 3 1.427517e-13 0.000000e+00
42 108 6.552935e-03 6.552935e-03 0 3 3 3 1.443342e-13 0.000000e+00
42 109 6.552935e-03 8.249656e-03 0 3 3 3 1.288265e-13 0.000000e+00
43 99 8.249656e-03 8.249656e-04 0 3 3 3 1.266323e-13 0.000000e+00
43 100 8.249656e-03 1.038570e-03 0 3 3 3 1.266329e-13 0.000000e+00
43 101 8.249656e-03 1.307482e-03 0 3 3 3 1.266345e-13 0.000000e+00
43 102 8.249656e-03 1.646023e-03 0 3 3 3 1.266379e-13 0.000000e+00
43 103 8.249656e-03 2.072220e-03 0 3 3 3 1.266454e-13 0.000000e+00
43 104 8.249656e-03 2.608770e-03 0 3 3 3 1.266634e-13 0.000000e+00
43 105 8.249656e-03 3.284247e-03 0 3 3 3 1.267093e-13 0.000000e+00
43 106 8.249656e-03 4.134622e-03 0 3 3 3 1.268358e-13 0.000000e+00
43 107 8.249656e-03 5.205181e-03 0 3 3 3 1.272295e-13 0.000000e+00
43 108 8.249656e-03 6.552935e-03 0 3 3 3 1.288265e-13 0.000000e+00
43 109 8.249656e-03 8.249656e-03 0 3 3 3 1.297211e-13 0.000000e+00
