# Please cite the following papers in research using this covariance:
# arXiv: 1601.05779, https://arxiv.org/abs/1601.05779
# arXiv: 1911.11947, https://arxiv.org/abs/1911.11947
# arXiv: 2004.04833, https://arxiv.org/abs/2004.04833
# arXiv: 1804.10663, https://arxiv.org/abs/1804.10663
########################################################
44 44 8.249656e-04 8.249656e-04 1 1 1 1 3.873831e-11 0.000000e+00
44 45 8.249656e-04 1.038570e-03 1 1 1 1 2.903989e-13 0.000000e+00
44 46 8.249656e-04 1.307482e-03 1 1 1 1 2.414038e-13 0.000000e+00
44 47 8.249656e-04 1.646023e-03 1 1 1 1 2.003594e-13 0.000000e+00
44 48 8.249656e-04 2.072220e-03 1 1 1 1 1.672844e-13 0.000000e+00
44 49 8.249656e-04 2.608770e-03 1 1 1 1 1.410696e-13 0.000000e+00
44 50 8.249656e-04 3.284247e-03 1 1 1 1 1.203679e-13 0.000000e+00
44 51 8.249656e-04 4.134622e-03 1 1 1 1 1.038849e-13 0.000000e+00
44 52 8.249656e-04 5.205181e-03 1 1 1 1 9.050288e-14 0.000000e+00
44 53 8.249656e-04 6.552935e-03 1 1 1 1 7.932419e-14 0.000000e+00
44 54 8.249656e-04 8.249656e-03 1 1 1 1 6.967197e-14 0.000000e+00
45 44 1.038570e-03 8.249656e-04 1 1 1 1 2.903989e-13 0.000000e+00
45 45 1.038570e-03 1.038570e-03 1 1 1 1 2.464889e-11 0.000000e+00
45 46 1.038570e-03 1.307482e-03 1 1 1 1 2.498847e-13 0.000000e+00
45 47 1.038570e-03 1.646023e-03 1 1 1 1 2.055706e-13 0.000000e+00
45 48 1.038570e-03 2.072220e-03 1 1 1 1 1.701388e-13 0.000000e+00
45 49 1.038570e-03 2.608770e-03 1 1 1 1 1.425372e-13 0.000000e+00
45 50 1.038570e-03 3.284247e-03 1 1 1 1 1.210860e-13 0.000000e+00
45 51 1.038570e-03 4.134622e-03 1 1 1 1 1.042216e-13 0.000000e+00
45 52 1.038570e-03 5.205181e-03 1 1 1 1 9.065504e-14 0.000000e+00
45 53 1.038570e-03 6.552935e-03 1 1 1 1 7.939100e-14 0.000000e+00
45 54 1.038570e-03 8.249656e-03 1 1 1 1 6.970079e-14 0.000000e+00
46 44 1.307482e-03 8.249656e-04 1 1 1 1 2.414038e-13 0.000000e+00
46 45 1.307482e-03 1.038570e-03 1 1 1 1 2.498847e-13 0.000000e+00
46 46 1.307482e-03 1.307482e-03 1 1 1 1 1.568932e-11 0.000000e+00
46 47 1.307482e-03 1.646023e-03 1 1 1 1 2.145652e-13 0.000000e+00
46 48 1.307482e-03 2.072220e-03 1 1 1 1 1.751109e-13 0.000000e+00
46 49 1.307482e-03 2.608770e-03 1 1 1 1 1.450467e-13 0.000000e+00
46 50 1.307482e-03 3.284247e-03 1 1 1 1 1.222909e-13 0.000000e+00
46 51 1.307482e-03 4.134622e-03 1 1 1 1 1.047780e-13 0.000000e+00
46 52 1.307482e-03 5.205181e-03 1 1 1 1 9.090357e-14 0.000000e+00
46 53 1.307482e-03 6.552935e-03 1 1 1 1 7.949938e-14 0.000000e+00
46 54 1.307482e-03 8.249656e-03 1 1 1 1 6.974746e-14 0.000000e+00
47 44 1.646023e-03 8.249656e-04 1 1 1 1 2.003594e-13 0.000000e+00
47 45 1.646023e-03 1.038570e-03 1 1 1 1 2.055706e-13 0.000000e+00
47 46 1.646023e-03 1.307482e-03 1 1 1 1 2.145652e-13 0.000000e+00
47 47 1.646023e-03 1.646023e-03 1 1 1 1 1.000845e-11 0.000000e+00
47 48 1.646023e-03 2.072220e-03 1 1 1 1 1.841577e-13 0.000000e+00
47 49 1.646023e-03 2.608770e-03 1 1 1 1 1.495475e-13 0.000000e+00
47 50 1.646023e-03 3.284247e-03 1 1 1 1 1.243865e-13 0.000000e+00
47 51 1.646023e-03 4.134622e-03 1 1 1 1 1.057207e-13 0.000000e+00
47 52 1.646023e-03 5.205181e-03 1 1 1 1 9.131642e-14 0.000000e+00
47 53 1.646023e-03 6.552935e-03 1 1 1 1 7.967663e-14 0.000000e+00
47 54 1.646023e-03 8.249656e-03 1 1 1 1 6.982295e-14 0.000000e+00
48 44 2.072220e-03 8.249656e-04 1 1 1 1 1.672844e-13 0.000000e+00
48 45 2.072220e-03 1.038570e-03 1 1 1 1 1.701388e-13 0.000000e+00
48 46 2.072220e-03 1.307482e-03 1 1 1 1 1.751109e-13 0.000000e+00
48 47 2.072220e-03 1.646023e-03 1 1 1 1 1.841577e-13 0.000000e+00
48 48 2.072220e-03 2.072220e-03 1 1 1 1 6.396345e-12 0.000000e+00
48 49 2.072220e-03 2.608770e-03 1 1 1 1 1.582197e-13 0.000000e+00
48 50 2.072220e-03 3.284247e-03 1 1 1 1 1.282631e-13 0.000000e+00
48 51 2.072220e-03 4.134622e-03 1 1 1 1 1.073889e-13 0.000000e+00
48 52 2.072220e-03 5.205181e-03 1 1 1 1 9.202273e-14 0.000000e+00
48 53 2.072220e-03 6.552935e-03 1 1 1 1 7.997251e-14 0.000000e+00
48 54 2.072220e-03 8.249656e-03 1 1 1 1 6.994681e-14 0.000000e+00
49 44 2.608770e-03 8.249656e-04 1 1 1 1 1.410696e-13 0.000000e+00
49 45 2.608770e-03 1.038570e-03 1 1 1 1 1.425372e-13 0.000000e+00
49 46 2.608770e-03 1.307482e-03 1 1 1 1 1.450467e-13 0.000000e+00
49 47 2.608770e-03 1.646023e-03 1 1 1 1 1.495475e-13 0.000000e+00
49 48 2.608770e-03 2.072220e-03 1 1 1 1 1.582197e-13 0.000000e+00
49 49 2.608770e-03 2.608770e-03 1 1 1 1 4.097019e-12 0.000000e+00
49 50 2.608770e-03 3.284247e-03 1 1 1 1 1.362133e-13 0.000000e+00
49 51 2.608770e-03 4.134622e-03 1 1 1 1 1.105749e-13 0.000000e+00
49 52 2.608770e-03 5.205181e-03 1 1 1 1 9.329417e-14 0.000000e+00
49 53 2.608770e-03 6.552935e-03 1 1 1 1 8.048318e-14 0.000000e+00
49 54 2.608770e-03 8.249656e-03 1 1 1 1 7.015437e-14 0.000000e+00
50 44 3.284247e-03 8.249656e-04 1 1 1 1 1.203679e-13 0.000000e+00
50 45 3.284247e-03 1.038570e-03 1 1 1 1 1.210860e-13 0.000000e+00
50 46 3.284247e-03 1.307482e-03 1 1 1 1 1.222909e-13 0.000000e+00
50 47 3.284247e-03 1.646023e-03 1 1 1 1 1.243865e-13 0.000000e+00
50 48 3.284247e-03 2.072220e-03 1 1 1 1 1.282631e-13 0.000000e+00
50 49 3.284247e-03 2.608770e-03 1 1 1 1 1.362133e-13 0.000000e+00
50 50 3.284247e-03 3.284247e-03 1 1 1 1 2.632973e-12 0.000000e+00
50 51 3.284247e-03 4.134622e-03 1 1 1 1 1.175646e-13 0.000000e+00
50 52 3.284247e-03 5.205181e-03 1 1 1 1 9.580177e-14 0.000000e+00
50 53 3.284247e-03 6.552935e-03 1 1 1 1 8.141677e-14 0.000000e+00
50 54 3.284247e-03 8.249656e-03 1 1 1 1 7.051498e-14 0.000000e+00
51 44 4.134622e-03 8.249656e-04 1 1 1 1 1.038849e-13 0.000000e+00
51 45 4.134622e-03 1.038570e-03 1 1 1 1 1.042216e-13 0.000000e+00
51 46 4.134622e-03 1.307482e-03 1 1 1 1 1.047780e-13 0.000000e+00
51 47 4.134622e-03 1.646023e-03 1 1 1 1 1.057207e-13 0.000000e+00
51 48 4.134622e-03 2.072220e-03 1 1 1 1 1.073889e-13 0.000000e+00
51 49 4.134622e-03 2.608770e-03 1 1 1 1 1.105749e-13 0.000000e+00
51 50 4.134622e-03 3.284247e-03 1 1 1 1 1.175646e-13 0.000000e+00
51 51 4.134622e-03 4.134622e-03 1 1 1 1 1.702070e-12 0.000000e+00
51 52 4.134622e-03 5.205181e-03 1 1 1 1 1.017116e-13 0.000000e+00
51 53 4.134622e-03 6.552935e-03 1 1 1 1 8.331561e-14 0.000000e+00
51 54 4.134622e-03 8.249656e-03 1 1 1 1 7.118254e-14 0.000000e+00
52 44 5.205181e-03 8.249656e-04 1 1 1 1 9.050288e-14 0.000000e+00
52 45 5.205181e-03 1.038570e-03 1 1 1 1 9.065504e-14 0.000000e+00
52 46 5.205181e-03 1.307482e-03 1 1 1 1 9.090357e-14 0.000000e+00
52 47 5.205181e-03 1.646023e-03 1 1 1 1 9.131642e-14 0.000000e+00
52 48 5.205181e-03 2.072220e-03 1 1 1 1 9.202273e-14 0.000000e+00
52 49 5.205181e-03 2.608770e-03 1 1 1 1 9.329417e-14 0.000000e+00
52 50 5.205181e-03 3.284247e-03 1 1 1 1 9.580177e-14 0.000000e+00
52 51 5.205181e-03 4.134622e-03 1 1 1 1 1.017116e-13 0.000000e+00
52 52 5.205181e-03 5.205181e-03 1 1 1 1 1.107655e-12 0.000000e+00
52 53 5.205181e-03 6.552935e-03 1 1 1 1 8.813639e-14 0.000000e+00
52 54 5.205181e-03 8.249656e-03 1 1 1 1 7.257697e-14 0.000000e+00
53 44 6.552935e-03 8.249656e-04 1 1 1 1 7.932419e-14 0.000000e+00
53 45 6.552935e-03 1.038570e-03 1 1 1 1 7.939100e-14 0.000000e+00
53 46 6.552935e-03 1.307482e-03 1 1 1 1 7.949938e-14 0.000000e+00
53 47 6.552935e-03 1.646023e-03 1 1 1 1 7.967663e-14 0.000000e+00
53 48 6.552935e-03 2.072220e-03 1 1 1 1 7.997251e-14 0.000000e+00
53 49 6.552935e-03 2.608770e-03 1 1 1 1 8.048318e-14 0.000000e+00
53 50 6.552935e-03 3.284247e-03 1 1 1 1 8.141677e-14 0.000000e+00
53 51 6.552935e-03 4.134622e-03 1 1 1 1 8.331561e-14 0.000000e+00
53 52 6.552935e-03 5.205181e-03 1 1 1 1 8.813639e-14 0.000000e+00
53 53 6.552935e-03 6.552935e-03 1 1 1 1 7.268848e-13 0.000000e+00
53 54 6.552935e-03 8.249656e-03 1 1 1 1 7.638726e-14 0.000000e+00
54 44 8.249656e-03 8.249656e-04 1 1 1 1 6.967197e-14 0.000000e+00
54 45 8.249656e-03 1.038570e-03 1 1 1 1 6.970079e-14 0.000000e+00
54 46 8.249656e-03 1.307482e-03 1 1 1 1 6.974746e-14 0.000000e+00
54 47 8.249656e-03 1.646023e-03 1 1 1 1 6.982295e-14 0.000000e+00
54 48 8.249656e-03 2.072220e-03 1 1 1 1 6.994681e-14 0.000000e+00
54 49 8.249656e-03 2.608770e-03 1 1 1 1 7.015437e-14 0.000000e+00
54 50 8.249656e-03 3.284247e-03 1 1 1 1 7.051498e-14 0.000000e+00
54 51 8.249656e-03 4.134622e-03 1 1 1 1 7.118254e-14 0.000000e+00
54 52 8.249656e-03 5.205181e-03 1 1 1 1 7.257697e-14 0.000000e+00
54 53 8.249656e-03 6.552935e-03 1 1 1 1 7.638726e-14 0.000000e+00
54 54 8.249656e-03 8.249656e-03 1 1 1 1 4.823902e-13 0.000000e+00
