# Please cite the following papers in research using this covariance:
# arXiv: 1601.05779, https://arxiv.org/abs/1601.05779
# arXiv: 1911.11947, https://arxiv.org/abs/1911.11947
# arXiv: 2004.04833, https://arxiv.org/abs/2004.04833
# arXiv: 1804.10663, https://arxiv.org/abs/1804.10663
########################################################
132 165 8.249656e-04 8.249656e-04 0 2 1 2 3.847861e-15 0.000000e+00
132 166 8.249656e-04 1.038570e-03 0 2 1 2 2.284393e-15 0.000000e+00
132 167 8.249656e-04 1.307482e-03 0 2 1 2 9.059264e-16 0.000000e+00
132 168 8.249656e-04 1.646023e-03 0 2 1 2 3.414737e-16 0.000000e+00
132 169 8.249656e-04 2.072220e-03 0 2 1 2 1.246825e-16 0.000000e+00
132 170 8.249656e-04 2.608770e-03 0 2 1 2 4.436631e-17 0.000000e+00
132 171 8.249656e-04 3.284247e-03 0 2 1 2 1.543378e-17 0.000000e+00
132 172 8.249656e-04 4.134622e-03 0 2 1 2 5.284438e-18 0.000000e+00
132 173 8.249656e-04 5.205181e-03 0 2 1 2 1.785508e-18 0.000000e+00
132 174 8.249656e-04 6.552935e-03 0 2 1 2 6.115510e-19 0.000000e+00
132 175 8.249656e-04 8.249656e-03 0 2 1 2 2.081905e-19 0.000000e+00
133 165 1.038570e-03 8.249656e-04 0 2 1 2 2.284393e-15 0.000000e+00
133 166 1.038570e-03 1.038570e-03 0 2 1 2 3.910038e-15 0.000000e+00
133 167 1.038570e-03 1.307482e-03 0 2 1 2 2.269875e-15 0.000000e+00
133 168 1.038570e-03 1.646023e-03 0 2 1 2 8.707407e-16 0.000000e+00
133 169 1.038570e-03 2.072220e-03 0 2 1 2 3.182670e-16 0.000000e+00
133 170 1.038570e-03 2.608770e-03 0 2 1 2 1.129404e-16 0.000000e+00
133 171 1.038570e-03 3.284247e-03 0 2 1 2 3.916367e-17 0.000000e+00
133 172 1.038570e-03 4.134622e-03 0 2 1 2 1.336505e-17 0.000000e+00
133 173 1.038570e-03 5.205181e-03 0 2 1 2 4.520678e-18 0.000000e+00
133 174 1.038570e-03 6.552935e-03 0 2 1 2 1.535817e-18 0.000000e+00
133 175 1.038570e-03 8.249656e-03 0 2 1 2 5.277738e-19 0.000000e+00
134 165 1.307482e-03 8.249656e-04 0 2 1 2 9.059264e-16 0.000000e+00
134 166 1.307482e-03 1.038570e-03 0 2 1 2 2.269875e-15 0.000000e+00
134 167 1.307482e-03 1.307482e-03 0 2 1 2 3.919816e-15 0.000000e+00
134 168 1.307482e-03 1.646023e-03 0 2 1 2 2.217257e-15 0.000000e+00
134 169 1.307482e-03 2.072220e-03 0 2 1 2 8.194603e-16 0.000000e+00
134 170 1.307482e-03 2.608770e-03 0 2 1 2 2.898874e-16 0.000000e+00
134 171 1.307482e-03 3.284247e-03 0 2 1 2 1.000336e-16 0.000000e+00
134 172 1.307482e-03 4.134622e-03 0 2 1 2 3.396653e-17 0.000000e+00
134 173 1.307482e-03 5.205181e-03 0 2 1 2 1.144350e-17 0.000000e+00
134 174 1.307482e-03 6.552935e-03 0 2 1 2 3.881833e-18 0.000000e+00
134 175 1.307482e-03 8.249656e-03 0 2 1 2 1.337520e-18 0.000000e+00
135 165 1.646023e-03 8.249656e-04 0 2 1 2 3.414737e-16 0.000000e+00
135 166 1.646023e-03 1.038570e-03 0 2 1 2 8.707407e-16 0.000000e+00
135 167 1.646023e-03 1.307482e-03 0 2 1 2 2.217257e-15 0.000000e+00
135 168 1.646023e-03 1.646023e-03 0 2 1 2 3.872112e-15 0.000000e+00
135 169 1.646023e-03 2.072220e-03 0 2 1 2 2.125969e-15 0.000000e+00
135 170 1.646023e-03 2.608770e-03 0 2 1 2 7.542990e-16 0.000000e+00
135 171 1.646023e-03 3.284247e-03 0 2 1 2 2.582670e-16 0.000000e+00
135 172 1.646023e-03 4.134622e-03 0 2 1 2 8.699579e-17 0.000000e+00
135 173 1.646023e-03 5.205181e-03 0 2 1 2 2.912769e-17 0.000000e+00
135 174 1.646023e-03 6.552935e-03 0 2 1 2 9.819405e-18 0.000000e+00
135 175 1.646023e-03 8.249656e-03 0 2 1 2 3.364154e-18 0.000000e+00
136 165 2.072220e-03 8.249656e-04 0 2 1 2 1.246825e-16 0.000000e+00
136 166 2.072220e-03 1.038570e-03 0 2 1 2 3.182670e-16 0.000000e+00
136 167 2.072220e-03 1.307482e-03 0 2 1 2 8.194603e-16 0.000000e+00
136 168 2.072220e-03 1.646023e-03 0 2 1 2 2.125969e-15 0.000000e+00
136 169 2.072220e-03 2.072220e-03 0 2 1 2 3.764233e-15 0.000000e+00
136 170 2.072220e-03 2.608770e-03 0 2 1 2 1.999017e-15 0.000000e+00
136 171 2.072220e-03 3.284247e-03 0 2 1 2 6.794118e-16 0.000000e+00
136 172 2.072220e-03 4.134622e-03 0 2 1 2 2.257666e-16 0.000000e+00
136 173 2.072220e-03 5.205181e-03 0 2 1 2 7.475505e-17 0.000000e+00
136 174 2.072220e-03 6.552935e-03 0 2 1 2 2.498136e-17 0.000000e+00
136 175 2.072220e-03 8.249656e-03 0 2 1 2 8.523275e-18 0.000000e+00
137 165 2.608770e-03 8.249656e-04 0 2 1 2 4.436631e-17 0.000000e+00
137 166 2.608770e-03 1.038570e-03 0 2 1 2 1.129404e-16 0.000000e+00
137 167 2.608770e-03 1.307482e-03 0 2 1 2 2.898874e-16 0.000000e+00
137 168 2.608770e-03 1.646023e-03 0 2 1 2 7.542990e-16 0.000000e+00
137 169 2.608770e-03 2.072220e-03 0 2 1 2 1.999017e-15 0.000000e+00
137 170 2.608770e-03 2.608770e-03 0 2 1 2 3.598654e-15 0.000000e+00
137 171 2.608770e-03 3.284247e-03 0 2 1 2 1.843077e-15 0.000000e+00
137 172 2.608770e-03 4.134622e-03 0 2 1 2 6.000764e-16 0.000000e+00
137 173 2.608770e-03 5.205181e-03 0 2 1 2 1.947555e-16 0.000000e+00
137 174 2.608770e-03 6.552935e-03 0 2 1 2 6.412197e-17 0.000000e+00
137 175 2.608770e-03 8.249656e-03 0 2 1 2 2.166630e-17 0.000000e+00
138 165 3.284247e-03 8.249656e-04 0 2 1 2 1.543378e-17 0.000000e+00
138 166 3.284247e-03 1.038570e-03 0 2 1 2 3.916367e-17 0.000000e+00
138 167 3.284247e-03 1.307482e-03 0 2 1 2 1.000336e-16 0.000000e+00
138 168 3.284247e-03 1.646023e-03 0 2 1 2 2.582670e-16 0.000000e+00
138 169 3.284247e-03 2.072220e-03 0 2 1 2 6.794118e-16 0.000000e+00
138 170 3.284247e-03 2.608770e-03 0 2 1 2 1.843077e-15 0.000000e+00
138 171 3.284247e-03 3.284247e-03 0 2 1 2 3.382874e-15 0.000000e+00
138 172 3.284247e-03 4.134622e-03 0 2 1 2 1.667876e-15 0.000000e+00
138 173 3.284247e-03 5.205181e-03 0 2 1 2 5.220477e-16 0.000000e+00
138 174 3.284247e-03 6.552935e-03 0 2 1 2 1.672555e-16 0.000000e+00
138 175 3.284247e-03 8.249656e-03 0 2 1 2 5.554984e-17 0.000000e+00
139 165 4.134622e-03 8.249656e-04 0 2 1 2 5.284438e-18 0.000000e+00
139 166 4.134622e-03 1.038570e-03 0 2 1 2 1.336505e-17 0.000000e+00
139 167 4.134622e-03 1.307482e-03 0 2 1 2 3.396653e-17 0.000000e+00
139 168 4.134622e-03 1.646023e-03 0 2 1 2 8.699579e-17 0.000000e+00
139 169 4.134622e-03 2.072220e-03 0 2 1 2 2.257666e-16 0.000000e+00
139 170 4.134622e-03 2.608770e-03 0 2 1 2 6.000764e-16 0.000000e+00
139 171 4.134622e-03 3.284247e-03 0 2 1 2 1.667876e-15 0.000000e+00
139 172 4.134622e-03 4.134622e-03 0 2 1 2 3.129016e-15 0.000000e+00
139 173 4.134622e-03 5.205181e-03 0 2 1 2 1.485131e-15 0.000000e+00
139 174 4.134622e-03 6.552935e-03 0 2 1 2 4.504892e-16 0.000000e+00
139 175 4.134622e-03 8.249656e-03 0 2 1 2 1.446760e-16 0.000000e+00
140 165 5.205181e-03 8.249656e-04 0 2 1 2 1.785508e-18 0.000000e+00
140 166 5.205181e-03 1.038570e-03 0 2 1 2 4.520678e-18 0.000000e+00
140 167 5.205181e-03 1.307482e-03 0 2 1 2 1.144350e-17 0.000000e+00
140 168 5.205181e-03 1.646023e-03 0 2 1 2 2.912769e-17 0.000000e+00
140 169 5.205181e-03 2.072220e-03 0 2 1 2 7.475505e-17 0.000000e+00
140 170 5.205181e-03 2.608770e-03 0 2 1 2 1.947555e-16 0.000000e+00
140 171 5.205181e-03 3.284247e-03 0 2 1 2 5.220477e-16 0.000000e+00
140 172 5.205181e-03 4.134622e-03 0 2 1 2 1.485131e-15 0.000000e+00
140 173 5.205181e-03 5.205181e-03 0 2 1 2 2.852380e-15 0.000000e+00
140 174 5.205181e-03 6.552935e-03 0 2 1 2 1.306734e-15 0.000000e+00
140 175 5.205181e-03 8.249656e-03 0 2 1 2 3.895301e-16 0.000000e+00
141 165 6.552935e-03 8.249656e-04 0 2 1 2 6.115510e-19 0.000000e+00
141 166 6.552935e-03 1.038570e-03 0 2 1 2 1.535817e-18 0.000000e+00
141 167 6.552935e-03 1.307482e-03 0 2 1 2 3.881833e-18 0.000000e+00
141 168 6.552935e-03 1.646023e-03 0 2 1 2 9.819405e-18 0.000000e+00
141 169 6.552935e-03 2.072220e-03 0 2 1 2 2.498136e-17 0.000000e+00
141 170 6.552935e-03 2.608770e-03 0 2 1 2 6.412197e-17 0.000000e+00
141 171 6.552935e-03 3.284247e-03 0 2 1 2 1.672555e-16 0.000000e+00
141 172 6.552935e-03 4.134622e-03 0 2 1 2 4.504892e-16 0.000000e+00
141 173 6.552935e-03 5.205181e-03 0 2 1 2 1.306734e-15 0.000000e+00
141 174 6.552935e-03 6.552935e-03 0 2 1 2 2.569752e-15 0.000000e+00
141 175 6.552935e-03 8.249656e-03 0 2 1 2 1.143555e-15 0.000000e+00
142 165 8.249656e-03 8.249656e-04 0 2 1 2 2.081905e-19 0.000000e+00
142 166 8.249656e-03 1.038570e-03 0 2 1 2 5.277738e-19 0.000000e+00
142 167 8.249656e-03 1.307482e-03 0 2 1 2 1.337520e-18 0.000000e+00
142 168 8.249656e-03 1.646023e-03 0 2 1 2 3.364154e-18 0.000000e+00
142 169 8.249656e-03 2.072220e-03 0 2 1 2 8.523275e-18 0.000000e+00
142 170 8.249656e-03 2.608770e-03 0 2 1 2 2.166630e-17 0.000000e+00
142 171 8.249656e-03 3.284247e-03 0 2 1 2 5.554984e-17 0.000000e+00
142 172 8.249656e-03 4.134622e-03 0 2 1 2 1.446760e-16 0.000000e+00
142 173 8.249656e-03 5.205181e-03 0 2 1 2 3.895301e-16 0.000000e+00
142 174 8.249656e-03 6.552935e-03 0 2 1 2 1.143555e-15 0.000000e+00
142 175 8.249656e-03 8.249656e-03 0 2 1 2 2.297615e-15 0.000000e+00
