# Please cite the following papers in research using this covariance:
# arXiv: 1601.05779, https://arxiv.org/abs/1601.05779
# arXiv: 1911.11947, https://arxiv.org/abs/1911.11947
# arXiv: 2004.04833, https://arxiv.org/abs/2004.04833
# arXiv: 1804.10663, https://arxiv.org/abs/1804.10663
########################################################
110 154 8.249656e-04 8.249656e-04 0 0 1 1 7.561696e-18 0.000000e+00
110 155 8.249656e-04 1.038570e-03 0 0 1 1 7.804383e-18 0.000000e+00
110 156 8.249656e-04 1.307482e-03 0 0 1 1 6.013578e-18 0.000000e+00
110 157 8.249656e-04 1.646023e-03 0 0 1 1 3.944448e-18 0.000000e+00
110 158 8.249656e-04 2.072220e-03 0 0 1 1 2.324163e-18 0.000000e+00
110 159 8.249656e-04 2.608770e-03 0 0 1 1 1.259088e-18 0.000000e+00
110 160 8.249656e-04 3.284247e-03 0 0 1 1 6.347714e-19 0.000000e+00
110 161 8.249656e-04 4.134622e-03 0 0 1 1 3.005555e-19 0.000000e+00
110 162 8.249656e-04 5.205181e-03 0 0 1 1 1.349035e-19 0.000000e+00
110 163 8.249656e-04 6.552935e-03 0 0 1 1 5.813325e-20 0.000000e+00
110 164 8.249656e-04 8.249656e-03 0 0 1 1 2.435844e-20 0.000000e+00
111 154 1.038570e-03 8.249656e-04 0 0 1 1 7.804383e-18 0.000000e+00
111 155 1.038570e-03 1.038570e-03 0 0 1 1 1.192496e-17 0.000000e+00
111 156 1.038570e-03 1.307482e-03 0 0 1 1 1.197335e-17 0.000000e+00
111 157 1.038570e-03 1.646023e-03 0 0 1 1 8.830531e-18 0.000000e+00
111 158 1.038570e-03 2.072220e-03 0 0 1 1 5.502416e-18 0.000000e+00
111 159 1.038570e-03 2.608770e-03 0 0 1 1 3.067776e-18 0.000000e+00
111 160 1.038570e-03 3.284247e-03 0 0 1 1 1.570343e-18 0.000000e+00
111 161 1.038570e-03 4.134622e-03 0 0 1 1 7.494853e-19 0.000000e+00
111 162 1.038570e-03 5.205181e-03 0 0 1 1 3.377746e-19 0.000000e+00
111 163 1.038570e-03 6.552935e-03 0 0 1 1 1.458202e-19 0.000000e+00
111 164 1.038570e-03 8.249656e-03 0 0 1 1 6.115314e-20 0.000000e+00
112 154 1.307482e-03 8.249656e-04 0 0 1 1 6.013578e-18 0.000000e+00
112 155 1.307482e-03 1.038570e-03 0 0 1 1 1.197335e-17 0.000000e+00
112 156 1.307482e-03 1.307482e-03 0 0 1 1 1.818995e-17 0.000000e+00
112 157 1.307482e-03 1.646023e-03 0 0 1 1 1.769187e-17 0.000000e+00
112 158 1.307482e-03 2.072220e-03 0 0 1 1 1.241133e-17 0.000000e+00
112 159 1.307482e-03 2.608770e-03 0 0 1 1 7.308557e-18 0.000000e+00
112 160 1.307482e-03 3.284247e-03 0 0 1 1 3.844092e-18 0.000000e+00
112 161 1.307482e-03 4.134622e-03 0 0 1 1 1.859985e-18 0.000000e+00
112 162 1.307482e-03 5.205181e-03 0 0 1 1 8.439687e-19 0.000000e+00
112 163 1.307482e-03 6.552935e-03 0 0 1 1 3.654689e-19 0.000000e+00
112 164 1.307482e-03 8.249656e-03 0 0 1 1 1.534920e-19 0.000000e+00
113 154 1.646023e-03 8.249656e-04 0 0 1 1 3.944448e-18 0.000000e+00
113 155 1.646023e-03 1.038570e-03 0 0 1 1 8.830531e-18 0.000000e+00
113 156 1.646023e-03 1.307482e-03 0 0 1 1 1.769187e-17 0.000000e+00
113 157 1.646023e-03 1.646023e-03 0 0 1 1 2.674280e-17 0.000000e+00
113 158 1.646023e-03 2.072220e-03 0 0 1 1 2.508957e-17 0.000000e+00
113 159 1.646023e-03 2.608770e-03 0 0 1 1 1.664370e-17 0.000000e+00
113 160 1.646023e-03 3.284247e-03 0 0 1 1 9.226570e-18 0.000000e+00
113 161 1.646023e-03 4.134622e-03 0 0 1 1 4.576433e-18 0.000000e+00
113 162 1.646023e-03 5.205181e-03 0 0 1 1 2.101207e-18 0.000000e+00
113 163 1.646023e-03 6.552935e-03 0 0 1 1 9.146494e-19 0.000000e+00
113 164 1.646023e-03 8.249656e-03 0 0 1 1 3.850066e-19 0.000000e+00
114 154 2.072220e-03 8.249656e-04 0 0 1 1 2.324163e-18 0.000000e+00
114 155 2.072220e-03 1.038570e-03 0 0 1 1 5.502416e-18 0.000000e+00
114 156 2.072220e-03 1.307482e-03 0 0 1 1 1.241133e-17 0.000000e+00
114 157 2.072220e-03 1.646023e-03 0 0 1 1 2.508957e-17 0.000000e+00
114 158 2.072220e-03 2.072220e-03 0 0 1 1 3.778804e-17 0.000000e+00
114 159 2.072220e-03 2.608770e-03 0 0 1 1 3.406011e-17 0.000000e+00
114 160 2.072220e-03 3.284247e-03 0 0 1 1 2.125845e-17 0.000000e+00
114 161 2.072220e-03 4.134622e-03 0 0 1 1 1.107623e-17 0.000000e+00
114 162 2.072220e-03 5.205181e-03 0 0 1 1 5.197118e-18 0.000000e+00
114 163 2.072220e-03 6.552935e-03 0 0 1 1 2.283358e-18 0.000000e+00
114 164 2.072220e-03 8.249656e-03 0 0 1 1 9.648943e-19 0.000000e+00
115 154 2.608770e-03 8.249656e-04 0 0 1 1 1.259088e-18 0.000000e+00
115 155 2.608770e-03 1.038570e-03 0 0 1 1 3.067776e-18 0.000000e+00
115 156 2.608770e-03 1.307482e-03 0 0 1 1 7.308557e-18 0.000000e+00
115 157 2.608770e-03 1.646023e-03 0 0 1 1 1.664370e-17 0.000000e+00
115 158 2.608770e-03 2.072220e-03 0 0 1 1 3.406011e-17 0.000000e+00
115 159 2.608770e-03 2.608770e-03 0 0 1 1 5.122540e-17 0.000000e+00
115 160 2.608770e-03 3.284247e-03 0 0 1 1 4.420408e-17 0.000000e+00
115 161 2.608770e-03 4.134622e-03 0 0 1 1 2.586757e-17 0.000000e+00
115 162 2.608770e-03 5.205181e-03 0 0 1 1 1.268828e-17 0.000000e+00
115 163 2.608770e-03 6.552935e-03 0 0 1 1 5.673813e-18 0.000000e+00
115 164 2.608770e-03 8.249656e-03 0 0 1 1 2.414180e-18 0.000000e+00
116 154 3.284247e-03 8.249656e-04 0 0 1 1 6.347714e-19 0.000000e+00
116 155 3.284247e-03 1.038570e-03 0 0 1 1 1.570343e-18 0.000000e+00
116 156 3.284247e-03 1.307482e-03 0 0 1 1 3.844092e-18 0.000000e+00
116 157 3.284247e-03 1.646023e-03 0 0 1 1 9.226570e-18 0.000000e+00
116 158 3.284247e-03 2.072220e-03 0 0 1 1 2.125845e-17 0.000000e+00
116 159 3.284247e-03 2.608770e-03 0 0 1 1 4.420408e-17 0.000000e+00
116 160 3.284247e-03 3.284247e-03 0 0 1 1 6.658340e-17 0.000000e+00
116 161 3.284247e-03 4.134622e-03 0 0 1 1 5.486225e-17 0.000000e+00
116 162 3.284247e-03 5.205181e-03 0 0 1 1 3.006929e-17 0.000000e+00
116 163 3.284247e-03 6.552935e-03 0 0 1 1 1.396428e-17 0.000000e+00
116 164 3.284247e-03 8.249656e-03 0 0 1 1 6.021437e-18 0.000000e+00
117 154 4.134622e-03 8.249656e-04 0 0 1 1 3.005555e-19 0.000000e+00
117 155 4.134622e-03 1.038570e-03 0 0 1 1 7.494853e-19 0.000000e+00
117 156 4.134622e-03 1.307482e-03 0 0 1 1 1.859985e-18 0.000000e+00
117 157 4.134622e-03 1.646023e-03 0 0 1 1 4.576433e-18 0.000000e+00
117 158 4.134622e-03 2.072220e-03 0 0 1 1 1.107623e-17 0.000000e+00
117 159 4.134622e-03 2.608770e-03 0 0 1 1 2.586757e-17 0.000000e+00
117 160 4.134622e-03 3.284247e-03 0 0 1 1 5.486225e-17 0.000000e+00
117 161 4.134622e-03 4.134622e-03 0 0 1 1 8.306540e-17 0.000000e+00
117 162 4.134622e-03 5.205181e-03 0 0 1 1 6.526014e-17 0.000000e+00
117 163 4.134622e-03 6.552935e-03 0 0 1 1 3.357566e-17 0.000000e+00
117 164 4.134622e-03 8.249656e-03 0 0 1 1 1.491877e-17 0.000000e+00
118 154 5.205181e-03 8.249656e-04 0 0 1 1 1.349035e-19 0.000000e+00
118 155 5.205181e-03 1.038570e-03 0 0 1 1 3.377746e-19 0.000000e+00
118 156 5.205181e-03 1.307482e-03 0 0 1 1 8.439687e-19 0.000000e+00
118 157 5.205181e-03 1.646023e-03 0 0 1 1 2.101207e-18 0.000000e+00
118 158 5.205181e-03 2.072220e-03 0 0 1 1 5.197118e-18 0.000000e+00
118 159 5.205181e-03 2.608770e-03 0 0 1 1 1.268828e-17 0.000000e+00
118 160 5.205181e-03 3.284247e-03 0 0 1 1 3.006929e-17 0.000000e+00
118 161 5.205181e-03 4.134622e-03 0 0 1 1 6.526014e-17 0.000000e+00
118 162 5.205181e-03 5.205181e-03 0 0 1 1 9.971251e-17 0.000000e+00
118 163 5.205181e-03 6.552935e-03 0 0 1 1 7.472012e-17 0.000000e+00
118 164 5.205181e-03 8.249656e-03 0 0 1 1 3.633010e-17 0.000000e+00
119 154 6.552935e-03 8.249656e-04 0 0 1 1 5.813325e-20 0.000000e+00
119 155 6.552935e-03 1.038570e-03 0 0 1 1 1.458202e-19 0.000000e+00
119 156 6.552935e-03 1.307482e-03 0 0 1 1 3.654689e-19 0.000000e+00
119 157 6.552935e-03 1.646023e-03 0 0 1 1 9.146494e-19 0.000000e+00
119 158 6.552935e-03 2.072220e-03 0 0 1 1 2.283358e-18 0.000000e+00
119 159 6.552935e-03 2.608770e-03 0 0 1 1 5.673813e-18 0.000000e+00
119 160 6.552935e-03 3.284247e-03 0 0 1 1 1.396428e-17 0.000000e+00
119 161 6.552935e-03 4.134622e-03 0 0 1 1 3.357566e-17 0.000000e+00
119 162 6.552935e-03 5.205181e-03 0 0 1 1 7.472012e-17 0.000000e+00
119 163 6.552935e-03 6.552935e-03 0 0 1 1 1.156570e-16 0.000000e+00
119 164 6.552935e-03 8.249656e-03 0 0 1 1 8.289277e-17 0.000000e+00
120 154 8.249656e-03 8.249656e-04 0 0 1 1 2.435844e-20 0.000000e+00
120 155 8.249656e-03 1.038570e-03 0 0 1 1 6.115314e-20 0.000000e+00
120 156 8.249656e-03 1.307482e-03 0 0 1 1 1.534920e-19 0.000000e+00
120 157 8.249656e-03 1.646023e-03 0 0 1 1 3.850066e-19 0.000000e+00
120 158 8.249656e-03 2.072220e-03 0 0 1 1 9.648943e-19 0.000000e+00
120 159 8.249656e-03 2.608770e-03 0 0 1 1 2.414180e-18 0.000000e+00
120 160 8.249656e-03 3.284247e-03 0 0 1 1 6.021437e-18 0.000000e+00
120 161 8.249656e-03 4.134622e-03 0 0 1 1 1.491877e-17 0.000000e+00
120 162 8.249656e-03 5.205181e-03 0 0 1 1 3.633010e-17 0.000000e+00
120 163 8.249656e-03 6.552935e-03 0 0 1 1 8.289277e-17 0.000000e+00
120 164 8.249656e-03 8.249656e-03 0 0 1 1 1.303865e-16 0.000000e+00
