# Please cite the following papers in research using this covariance:
# arXiv: 1601.05779, https://arxiv.org/abs/1601.05779
# arXiv: 1911.11947, https://arxiv.org/abs/1911.11947
# arXiv: 2004.04833, https://arxiv.org/abs/2004.04833
# arXiv: 1804.10663, https://arxiv.org/abs/1804.10663
########################################################
22 77 8.249656e-04 8.249656e-04 0 2 2 2 2.065175e-13 0.000000e+00
22 78 8.249656e-04 1.038570e-03 0 2 2 2 1.872866e-13 0.000000e+00
22 79 8.249656e-04 1.307482e-03 0 2 2 2 1.654289e-13 0.000000e+00
22 80 8.249656e-04 1.646023e-03 0 2 2 2 1.469966e-13 0.000000e+00
22 81 8.249656e-04 2.072220e-03 0 2 2 2 1.317675e-13 0.000000e+00
22 82 8.249656e-04 2.608770e-03 0 2 2 2 1.191941e-13 0.000000e+00
22 83 8.249656e-04 3.284247e-03 0 2 2 2 1.086971e-13 0.000000e+00
22 84 8.249656e-04 4.134622e-03 0 2 2 2 9.973449e-14 0.000000e+00
22 85 8.249656e-04 5.205181e-03 0 2 2 2 9.182863e-14 0.000000e+00
22 86 8.249656e-04 6.552935e-03 0 2 2 2 8.457701e-14 0.000000e+00
22 87 8.249656e-04 8.249656e-03 0 2 2 2 7.765585e-14 0.000000e+00
23 77 1.038570e-03 8.249656e-04 0 2 2 2 1.872866e-13 0.000000e+00
23 78 1.038570e-03 1.038570e-03 0 2 2 2 1.870024e-13 0.000000e+00
23 79 1.038570e-03 1.307482e-03 0 2 2 2 1.689733e-13 0.000000e+00
23 80 1.038570e-03 1.646023e-03 0 2 2 2 1.490635e-13 0.000000e+00
23 81 1.038570e-03 2.072220e-03 0 2 2 2 1.328659e-13 0.000000e+00
23 82 1.038570e-03 2.608770e-03 0 2 2 2 1.197453e-13 0.000000e+00
23 83 1.038570e-03 3.284247e-03 0 2 2 2 1.089577e-13 0.000000e+00
23 84 1.038570e-03 4.134622e-03 0 2 2 2 9.984896e-14 0.000000e+00
23 85 1.038570e-03 5.205181e-03 0 2 2 2 9.187362e-14 0.000000e+00
23 86 1.038570e-03 6.552935e-03 0 2 2 2 8.459127e-14 0.000000e+00
23 87 1.038570e-03 8.249656e-03 0 2 2 2 7.765798e-14 0.000000e+00
24 77 1.307482e-03 8.249656e-04 0 2 2 2 1.654289e-13 0.000000e+00
24 78 1.307482e-03 1.038570e-03 0 2 2 2 1.689733e-13 0.000000e+00
24 79 1.307482e-03 1.307482e-03 0 2 2 2 1.694900e-13 0.000000e+00
24 80 1.307482e-03 1.646023e-03 0 2 2 2 1.527279e-13 0.000000e+00
24 81 1.307482e-03 2.072220e-03 0 2 2 2 1.347986e-13 0.000000e+00
24 82 1.307482e-03 2.608770e-03 0 2 2 2 1.206923e-13 0.000000e+00
24 83 1.307482e-03 3.284247e-03 0 2 2 2 1.093972e-13 0.000000e+00
24 84 1.307482e-03 4.134622e-03 0 2 2 2 1.000394e-13 0.000000e+00
24 85 1.307482e-03 5.205181e-03 0 2 2 2 9.194797e-14 0.000000e+00
24 86 1.307482e-03 6.552935e-03 0 2 2 2 8.461504e-14 0.000000e+00
24 87 1.307482e-03 8.249656e-03 0 2 2 2 7.766191e-14 0.000000e+00
25 77 1.646023e-03 8.249656e-04 0 2 2 2 1.469966e-13 0.000000e+00
25 78 1.646023e-03 1.038570e-03 0 2 2 2 1.490635e-13 0.000000e+00
25 79 1.646023e-03 1.307482e-03 0 2 2 2 1.527279e-13 0.000000e+00
25 80 1.646023e-03 1.646023e-03 0 2 2 2 1.538814e-13 0.000000e+00
25 81 1.646023e-03 2.072220e-03 0 2 2 2 1.384041e-13 0.000000e+00
25 82 1.646023e-03 2.608770e-03 0 2 2 2 1.224071e-13 0.000000e+00
25 83 1.646023e-03 3.284247e-03 0 2 2 2 1.101666e-13 0.000000e+00
25 84 1.646023e-03 4.134622e-03 0 2 2 2 1.003650e-13 0.000000e+00
25 85 1.646023e-03 5.205181e-03 0 2 2 2 9.207322e-14 0.000000e+00
25 86 1.646023e-03 6.552935e-03 0 2 2 2 8.465485e-14 0.000000e+00
25 87 1.646023e-03 8.249656e-03 0 2 2 2 7.766870e-14 0.000000e+00
26 77 2.072220e-03 8.249656e-04 0 2 2 2 1.317675e-13 0.000000e+00
26 78 2.072220e-03 1.038570e-03 0 2 2 2 1.328659e-13 0.000000e+00
26 79 2.072220e-03 1.307482e-03 0 2 2 2 1.347986e-13 0.000000e+00
26 80 2.072220e-03 1.646023e-03 0 2 2 2 1.384041e-13 0.000000e+00
26 81 2.072220e-03 2.072220e-03 0 2 2 2 1.400040e-13 0.000000e+00
26 82 2.072220e-03 2.608770e-03 0 2 2 2 1.257918e-13 0.000000e+00
26 83 2.072220e-03 3.284247e-03 0 2 2 2 1.116068e-13 0.000000e+00
26 84 2.072220e-03 4.134622e-03 0 2 2 2 1.009489e-13 0.000000e+00
26 85 2.072220e-03 5.205181e-03 0 2 2 2 9.229198e-14 0.000000e+00
26 86 2.072220e-03 6.552935e-03 0 2 2 2 8.472378e-14 0.000000e+00
26 87 2.072220e-03 8.249656e-03 0 2 2 2 7.768103e-14 0.000000e+00
27 77 2.608770e-03 8.249656e-04 0 2 2 2 1.191941e-13 0.000000e+00
27 78 2.608770e-03 1.038570e-03 0 2 2 2 1.197453e-13 0.000000e+00
27 79 2.608770e-03 1.307482e-03 0 2 2 2 1.206923e-13 0.000000e+00
27 80 2.608770e-03 1.646023e-03 0 2 2 2 1.224071e-13 0.000000e+00
27 81 2.608770e-03 2.072220e-03 0 2 2 2 1.257918e-13 0.000000e+00
27 82 2.608770e-03 2.608770e-03 0 2 2 2 1.276390e-13 0.000000e+00
27 83 2.608770e-03 3.284247e-03 0 2 2 2 1.146394e-13 0.000000e+00
27 84 2.608770e-03 4.134622e-03 0 2 2 2 1.020870e-13 0.000000e+00
27 85 2.608770e-03 5.205181e-03 0 2 2 2 9.269807e-14 0.000000e+00
27 86 2.608770e-03 6.552935e-03 0 2 2 2 8.484941e-14 0.000000e+00
27 87 2.608770e-03 8.249656e-03 0 2 2 2 7.770491e-14 0.000000e+00
28 77 3.284247e-03 8.249656e-04 0 2 2 2 1.086971e-13 0.000000e+00
28 78 3.284247e-03 1.038570e-03 0 2 2 2 1.089577e-13 0.000000e+00
28 79 3.284247e-03 1.307482e-03 0 2 2 2 1.093972e-13 0.000000e+00
28 80 3.284247e-03 1.646023e-03 0 2 2 2 1.101666e-13 0.000000e+00
28 81 3.284247e-03 2.072220e-03 0 2 2 2 1.116068e-13 0.000000e+00
28 82 3.284247e-03 2.608770e-03 0 2 2 2 1.146394e-13 0.000000e+00
28 83 3.284247e-03 3.284247e-03 0 2 2 2 1.165421e-13 0.000000e+00
28 84 3.284247e-03 4.134622e-03 0 2 2 2 1.046755e-13 0.000000e+00
28 85 3.284247e-03 5.205181e-03 0 2 2 2 9.353409e-14 0.000000e+00
28 86 3.284247e-03 6.552935e-03 0 2 2 2 8.509709e-14 0.000000e+00
28 87 3.284247e-03 8.249656e-03 0 2 2 2 7.775494e-14 0.000000e+00
29 77 4.134622e-03 8.249656e-04 0 2 2 2 9.973449e-14 0.000000e+00
29 78 4.134622e-03 1.038570e-03 0 2 2 2 9.984896e-14 0.000000e+00
29 79 4.134622e-03 1.307482e-03 0 2 2 2 1.000394e-13 0.000000e+00
29 80 4.134622e-03 1.646023e-03 0 2 2 2 1.003650e-13 0.000000e+00
29 81 4.134622e-03 2.072220e-03 0 2 2 2 1.009489e-13 0.000000e+00
29 82 4.134622e-03 2.608770e-03 0 2 2 2 1.020870e-13 0.000000e+00
29 83 4.134622e-03 3.284247e-03 0 2 2 2 1.046755e-13 0.000000e+00
29 84 4.134622e-03 4.134622e-03 0 2 2 2 1.064636e-13 0.000000e+00
29 85 4.134622e-03 5.205181e-03 0 2 2 2 9.562989e-14 0.000000e+00
29 86 4.134622e-03 6.552935e-03 0 2 2 2 8.565331e-14 0.000000e+00
29 87 4.134622e-03 8.249656e-03 0 2 2 2 7.787140e-14 0.000000e+00
30 77 5.205181e-03 8.249656e-04 0 2 2 2 9.182863e-14 0.000000e+00
30 78 5.205181e-03 1.038570e-03 0 2 2 2 9.187362e-14 0.000000e+00
30 79 5.205181e-03 1.307482e-03 0 2 2 2 9.194797e-14 0.000000e+00
30 80 5.205181e-03 1.646023e-03 0 2 2 2 9.207322e-14 0.000000e+00
30 81 5.205181e-03 2.072220e-03 0 2 2 2 9.229198e-14 0.000000e+00
30 82 5.205181e-03 2.608770e-03 0 2 2 2 9.269807e-14 0.000000e+00
30 83 5.205181e-03 3.284247e-03 0 2 2 2 9.353409e-14 0.000000e+00
30 84 5.205181e-03 4.134622e-03 0 2 2 2 9.562989e-14 0.000000e+00
30 85 5.205181e-03 5.205181e-03 0 2 2 2 9.716530e-14 0.000000e+00
30 86 5.205181e-03 6.552935e-03 0 2 2 2 8.724947e-14 0.000000e+00
30 87 5.205181e-03 8.249656e-03 0 2 2 2 7.818659e-14 0.000000e+00
31 77 6.552935e-03 8.249656e-04 0 2 2 2 8.457701e-14 0.000000e+00
31 78 6.552935e-03 1.038570e-03 0 2 2 2 8.459127e-14 0.000000e+00
31 79 6.552935e-03 1.307482e-03 0 2 2 2 8.461504e-14 0.000000e+00
31 80 6.552935e-03 1.646023e-03 0 2 2 2 8.465485e-14 0.000000e+00
31 81 6.552935e-03 2.072220e-03 0 2 2 2 8.472378e-14 0.000000e+00
31 82 6.552935e-03 2.608770e-03 0 2 2 2 8.484941e-14 0.000000e+00
31 83 6.552935e-03 3.284247e-03 0 2 2 2 8.509709e-14 0.000000e+00
31 84 6.552935e-03 4.134622e-03 0 2 2 2 8.565331e-14 0.000000e+00
31 85 6.552935e-03 5.205181e-03 0 2 2 2 8.724947e-14 0.000000e+00
31 86 6.552935e-03 6.552935e-03 0 2 2 2 8.843314e-14 0.000000e+00
31 87 6.552935e-03 8.249656e-03 0 2 2 2 7.931285e-14 0.000000e+00
32 77 8.249656e-03 8.249656e-04 0 2 2 2 7.765585e-14 0.000000e+00
32 78 8.249656e-03 1.038570e-03 0 2 2 2 7.765798e-14 0.000000e+00
32 79 8.249656e-03 1.307482e-03 0 2 2 2 7.766191e-14 0.000000e+00
32 80 8.249656e-03 1.646023e-03 0 2 2 2 7.766870e-14 0.000000e+00
32 81 8.249656e-03 2.072220e-03 0 2 2 2 7.768103e-14 0.000000e+00
32 82 8.249656e-03 2.608770e-03 0 2 2 2 7.770491e-14 0.000000e+00
32 83 8.249656e-03 3.284247e-03 0 2 2 2 7.775494e-14 0.000000e+00
32 84 8.249656e-03 4.134622e-03 0 2 2 2 7.787140e-14 0.000000e+00
32 85 8.249656e-03 5.205181e-03 0 2 2 2 7.818659e-14 0.000000e+00
32 86 8.249656e-03 6.552935e-03 0 2 2 2 7.931285e-14 0.000000e+00
32 87 8.249656e-03 8.249656e-03 0 2 2 2 8.008844e-14 0.000000e+00
