# Please cite the following papers in research using this covariance:
# arXiv: 1601.05779, https://arxiv.org/abs/1601.05779
# arXiv: 1911.11947, https://arxiv.org/abs/1911.11947
# arXiv: 2004.04833, https://arxiv.org/abs/2004.04833
# arXiv: 1804.10663, https://arxiv.org/abs/1804.10663
########################################################
154 209 8.249656e-04 8.249656e-04 1 1 3 3 7.520201e-17 0.000000e+00
154 210 8.249656e-04 1.038570e-03 1 1 3 3 7.464289e-17 0.000000e+00
154 211 8.249656e-04 1.307482e-03 1 1 3 3 5.396760e-17 0.000000e+00
154 212 8.249656e-04 1.646023e-03 1 1 3 3 3.280516e-17 0.000000e+00
154 213 8.249656e-04 2.072220e-03 1 1 3 3 1.779723e-17 0.000000e+00
154 214 8.249656e-04 2.608770e-03 1 1 3 3 8.862700e-18 0.000000e+00
154 215 8.249656e-04 3.284247e-03 1 1 3 3 4.124225e-18 0.000000e+00
154 216 8.249656e-04 4.134622e-03 1 1 3 3 1.820949e-18 0.000000e+00
154 217 8.249656e-04 5.205181e-03 1 1 3 3 7.756625e-19 0.000000e+00
154 218 8.249656e-04 6.552935e-03 1 1 3 3 3.242948e-19 0.000000e+00
154 219 8.249656e-04 8.249656e-03 1 1 3 3 1.359981e-19 0.000000e+00
155 209 1.038570e-03 8.249656e-04 1 1 3 3 7.464289e-17 0.000000e+00
155 210 1.038570e-03 1.038570e-03 1 1 3 3 1.130909e-16 0.000000e+00
155 211 1.038570e-03 1.307482e-03 1 1 3 3 1.084407e-16 0.000000e+00
155 212 1.038570e-03 1.646023e-03 1 1 3 3 7.428497e-17 0.000000e+00
155 213 1.038570e-03 2.072220e-03 1 1 3 3 4.254254e-17 0.000000e+00
155 214 1.038570e-03 2.608770e-03 1 1 3 3 2.174835e-17 0.000000e+00
155 215 1.038570e-03 3.284247e-03 1 1 3 3 1.025119e-17 0.000000e+00
155 216 1.038570e-03 4.134622e-03 1 1 3 3 4.553803e-18 0.000000e+00
155 217 1.038570e-03 5.205181e-03 1 1 3 3 1.944842e-18 0.000000e+00
155 218 1.038570e-03 6.552935e-03 1 1 3 3 8.139759e-19 0.000000e+00
155 219 1.038570e-03 8.249656e-03 1 1 3 3 3.414437e-19 0.000000e+00
156 209 1.307482e-03 8.249656e-04 1 1 3 3 5.396760e-17 0.000000e+00
156 210 1.307482e-03 1.038570e-03 1 1 3 3 1.084407e-16 0.000000e+00
156 211 1.307482e-03 1.307482e-03 1 1 3 3 1.635364e-16 0.000000e+00
156 212 1.307482e-03 1.646023e-03 1 1 3 3 1.508616e-16 0.000000e+00
156 213 1.307482e-03 2.072220e-03 1 1 3 3 9.738058e-17 0.000000e+00
156 214 1.307482e-03 2.608770e-03 1 1 3 3 5.240644e-17 0.000000e+00
156 215 1.307482e-03 3.284247e-03 1 1 3 3 2.528763e-17 0.000000e+00
156 216 1.307482e-03 4.134622e-03 1 1 3 3 1.135340e-17 0.000000e+00
156 217 1.307482e-03 5.205181e-03 1 1 3 3 4.870498e-18 0.000000e+00
156 218 1.307482e-03 6.552935e-03 1 1 3 3 2.042149e-18 0.000000e+00
156 219 1.307482e-03 8.249656e-03 1 1 3 3 8.570326e-19 0.000000e+00
157 209 1.646023e-03 8.249656e-04 1 1 3 3 3.280516e-17 0.000000e+00
157 210 1.646023e-03 1.038570e-03 1 1 3 3 7.428497e-17 0.000000e+00
157 211 1.646023e-03 1.307482e-03 1 1 3 3 1.508616e-16 0.000000e+00
157 212 1.646023e-03 1.646023e-03 1 1 3 3 2.268803e-16 0.000000e+00
157 213 1.646023e-03 2.072220e-03 1 1 3 3 2.006025e-16 0.000000e+00
157 214 1.646023e-03 2.608770e-03 1 1 3 3 1.215058e-16 0.000000e+00
157 215 1.646023e-03 3.284247e-03 1 1 3 3 6.146270e-17 0.000000e+00
157 216 1.646023e-03 4.134622e-03 1 1 3 3 2.814775e-17 0.000000e+00
157 217 1.646023e-03 5.205181e-03 1 1 3 3 1.217221e-17 0.000000e+00
157 218 1.646023e-03 6.552935e-03 1 1 3 3 5.119156e-18 0.000000e+00
157 219 1.646023e-03 8.249656e-03 1 1 3 3 2.149636e-18 0.000000e+00
158 209 2.072220e-03 8.249656e-04 1 1 3 3 1.779723e-17 0.000000e+00
158 210 2.072220e-03 1.038570e-03 1 1 3 3 4.254254e-17 0.000000e+00
158 211 2.072220e-03 1.307482e-03 1 1 3 3 9.738058e-17 0.000000e+00
158 212 2.072220e-03 1.646023e-03 1 1 3 3 2.006025e-16 0.000000e+00
158 213 2.072220e-03 2.072220e-03 1 1 3 3 3.016558e-16 0.000000e+00
158 214 2.072220e-03 2.608770e-03 1 1 3 3 2.548693e-16 0.000000e+00
158 215 2.072220e-03 3.284247e-03 1 1 3 3 1.445517e-16 0.000000e+00
158 216 2.072220e-03 4.134622e-03 1 1 3 3 6.899938e-17 0.000000e+00
158 217 2.072220e-03 5.205181e-03 1 1 3 3 3.030256e-17 0.000000e+00
158 218 2.072220e-03 6.552935e-03 1 1 3 3 1.281399e-17 0.000000e+00
158 219 2.072220e-03 8.249656e-03 1 1 3 3 5.388090e-18 0.000000e+00
159 209 2.608770e-03 8.249656e-04 1 1 3 3 8.862700e-18 0.000000e+00
159 210 2.608770e-03 1.038570e-03 1 1 3 3 2.174835e-17 0.000000e+00
159 211 2.608770e-03 1.307482e-03 1 1 3 3 5.240644e-17 0.000000e+00
159 212 2.608770e-03 1.646023e-03 1 1 3 3 1.215058e-16 0.000000e+00
159 213 2.608770e-03 2.072220e-03 1 1 3 3 2.548693e-16 0.000000e+00
159 214 2.608770e-03 2.608770e-03 1 1 3 3 3.845280e-16 0.000000e+00
159 215 2.608770e-03 3.284247e-03 1 1 3 3 3.098523e-16 0.000000e+00
159 216 2.608770e-03 4.134622e-03 1 1 3 3 1.646905e-16 0.000000e+00
159 217 2.608770e-03 5.205181e-03 1 1 3 3 7.482864e-17 0.000000e+00
159 218 2.608770e-03 6.552935e-03 1 1 3 3 3.198824e-17 0.000000e+00
159 219 2.608770e-03 8.249656e-03 1 1 3 3 1.348718e-17 0.000000e+00
160 209 3.284247e-03 8.249656e-04 1 1 3 3 4.124225e-18 0.000000e+00
160 210 3.284247e-03 1.038570e-03 1 1 3 3 1.025119e-17 0.000000e+00
160 211 3.284247e-03 1.307482e-03 1 1 3 3 2.528763e-17 0.000000e+00
160 212 3.284247e-03 1.646023e-03 1 1 3 3 6.146270e-17 0.000000e+00
160 213 3.284247e-03 2.072220e-03 1 1 3 3 1.445517e-16 0.000000e+00
160 214 3.284247e-03 2.608770e-03 1 1 3 3 3.098523e-16 0.000000e+00
160 215 3.284247e-03 3.284247e-03 1 1 3 3 4.708603e-16 0.000000e+00
160 216 3.284247e-03 4.134622e-03 1 1 3 3 3.617238e-16 0.000000e+00
160 217 3.284247e-03 5.205181e-03 1 1 3 3 1.810610e-16 0.000000e+00
160 218 3.284247e-03 6.552935e-03 1 1 3 3 7.940070e-17 0.000000e+00
160 219 3.284247e-03 8.249656e-03 1 1 3 3 3.368446e-17 0.000000e+00
161 209 4.134622e-03 8.249656e-04 1 1 3 3 1.820949e-18 0.000000e+00
161 210 4.134622e-03 1.038570e-03 1 1 3 3 4.553803e-18 0.000000e+00
161 211 4.134622e-03 1.307482e-03 1 1 3 3 1.135340e-17 0.000000e+00
161 212 4.134622e-03 1.646023e-03 1 1 3 3 2.814775e-17 0.000000e+00
161 213 4.134622e-03 2.072220e-03 1 1 3 3 6.899938e-17 0.000000e+00
161 214 4.134622e-03 2.608770e-03 1 1 3 3 1.646905e-16 0.000000e+00
161 215 4.134622e-03 3.284247e-03 1 1 3 3 3.617238e-16 0.000000e+00
161 216 4.134622e-03 4.134622e-03 1 1 3 3 5.558768e-16 0.000000e+00
161 217 4.134622e-03 5.205181e-03 1 1 3 3 4.078379e-16 0.000000e+00
161 218 4.134622e-03 6.552935e-03 1 1 3 3 1.941954e-16 0.000000e+00
161 219 4.134622e-03 8.249656e-03 1 1 3 3 8.376000e-17 0.000000e+00
162 209 5.205181e-03 8.249656e-04 1 1 3 3 7.756625e-19 0.000000e+00
162 210 5.205181e-03 1.038570e-03 1 1 3 3 1.944842e-18 0.000000e+00
162 211 5.205181e-03 1.307482e-03 1 1 3 3 4.870498e-18 0.000000e+00
162 212 5.205181e-03 1.646023e-03 1 1 3 3 1.217221e-17 0.000000e+00
162 213 5.205181e-03 2.072220e-03 1 1 3 3 3.030256e-17 0.000000e+00
162 214 5.205181e-03 2.608770e-03 1 1 3 3 7.482864e-17 0.000000e+00
162 215 5.205181e-03 3.284247e-03 1 1 3 3 1.810610e-16 0.000000e+00
162 216 5.205181e-03 4.134622e-03 1 1 3 3 4.078379e-16 0.000000e+00
162 217 5.205181e-03 5.205181e-03 1 1 3 3 6.360533e-16 0.000000e+00
162 218 5.205181e-03 6.552935e-03 1 1 3 3 4.477743e-16 0.000000e+00
162 219 5.205181e-03 8.249656e-03 1 1 3 3 2.060394e-16 0.000000e+00
163 209 6.552935e-03 8.249656e-04 1 1 3 3 3.242948e-19 0.000000e+00
163 210 6.552935e-03 1.038570e-03 1 1 3 3 8.139759e-19 0.000000e+00
163 211 6.552935e-03 1.307482e-03 1 1 3 3 2.042149e-18 0.000000e+00
163 212 6.552935e-03 1.646023e-03 1 1 3 3 5.119156e-18 0.000000e+00
163 213 6.552935e-03 2.072220e-03 1 1 3 3 1.281399e-17 0.000000e+00
163 214 6.552935e-03 2.608770e-03 1 1 3 3 3.198824e-17 0.000000e+00
163 215 6.552935e-03 3.284247e-03 1 1 3 3 7.940070e-17 0.000000e+00
163 216 6.552935e-03 4.134622e-03 1 1 3 3 1.941954e-16 0.000000e+00
163 217 6.552935e-03 5.205181e-03 1 1 3 3 4.477743e-16 0.000000e+00
163 218 6.552935e-03 6.552935e-03 1 1 3 3 7.103623e-16 0.000000e+00
163 219 6.552935e-03 8.249656e-03 1 1 3 3 4.837776e-16 0.000000e+00
164 209 8.249656e-03 8.249656e-04 1 1 3 3 1.359981e-19 0.000000e+00
164 210 8.249656e-03 1.038570e-03 1 1 3 3 3.414437e-19 0.000000e+00
164 211 8.249656e-03 1.307482e-03 1 1 3 3 8.570326e-19 0.000000e+00
164 212 8.249656e-03 1.646023e-03 1 1 3 3 2.149636e-18 0.000000e+00
164 213 8.249656e-03 2.072220e-03 1 1 3 3 5.388090e-18 0.000000e+00
164 214 8.249656e-03 2.608770e-03 1 1 3 3 1.348718e-17 0.000000e+00
164 215 8.249656e-03 3.284247e-03 1 1 3 3 3.368446e-17 0.000000e+00
164 216 8.249656e-03 4.134622e-03 1 1 3 3 8.376000e-17 0.000000e+00
164 217 8.249656e-03 5.205181e-03 1 1 3 3 2.060394e-16 0.000000e+00
164 218 8.249656e-03 6.552935e-03 1 1 3 3 4.837776e-16 0.000000e+00
164 219 8.249656e-03 8.249656e-03 1 1 3 3 7.809752e-16 0.000000e+00
