# Please cite the following papers in research using this covariance:
# arXiv: 1601.05779, https://arxiv.org/abs/1601.05779
# arXiv: 1911.11947, https://arxiv.org/abs/1911.11947
# arXiv: 2004.04833, https://arxiv.org/abs/2004.04833
# arXiv: 1804.10663, https://arxiv.org/abs/1804.10663
########################################################
110 121 8.249656e-04 8.249656e-04 0 0 0 1 7.344971e-15 0.000000e+00
110 122 8.249656e-04 1.038570e-03 0 0 0 1 4.333868e-15 0.000000e+00
110 123 8.249656e-04 1.307482e-03 0 0 0 1 1.696675e-15 0.000000e+00
110 124 8.249656e-04 1.646023e-03 0 0 0 1 6.280022e-16 0.000000e+00
110 125 8.249656e-04 2.072220e-03 0 0 0 1 2.237758e-16 0.000000e+00
110 126 8.249656e-04 2.608770e-03 0 0 0 1 7.715868e-17 0.000000e+00
110 127 8.249656e-04 3.284247e-03 0 0 0 1 2.580086e-17 0.000000e+00
110 128 8.249656e-04 4.134622e-03 0 0 0 1 8.417874e-18 0.000000e+00
110 129 8.249656e-04 5.205181e-03 0 0 0 1 2.679955e-18 0.000000e+00
110 130 8.249656e-04 6.552935e-03 0 0 0 1 8.577994e-19 0.000000e+00
110 131 8.249656e-04 8.249656e-03 0 0 0 1 2.664331e-19 0.000000e+00
111 121 1.038570e-03 8.249656e-04 0 0 0 1 4.333868e-15 0.000000e+00
111 122 1.038570e-03 1.038570e-03 0 0 0 1 7.430751e-15 0.000000e+00
111 123 1.038570e-03 1.307482e-03 0 0 0 1 4.275194e-15 0.000000e+00
111 124 1.038570e-03 1.646023e-03 0 0 0 1 1.609993e-15 0.000000e+00
111 125 1.038570e-03 2.072220e-03 0 0 0 1 5.739456e-16 0.000000e+00
111 126 1.038570e-03 2.608770e-03 0 0 0 1 1.972093e-16 0.000000e+00
111 127 1.038570e-03 3.284247e-03 0 0 0 1 6.568435e-17 0.000000e+00
111 128 1.038570e-03 4.134622e-03 0 0 0 1 2.134267e-17 0.000000e+00
111 129 1.038570e-03 5.205181e-03 0 0 0 1 6.804533e-18 0.000000e+00
111 130 1.038570e-03 6.552935e-03 0 0 0 1 2.154814e-18 0.000000e+00
111 131 1.038570e-03 8.249656e-03 0 0 0 1 6.787144e-19 0.000000e+00
112 121 1.307482e-03 8.249656e-04 0 0 0 1 1.696675e-15 0.000000e+00
112 122 1.307482e-03 1.038570e-03 0 0 0 1 4.275194e-15 0.000000e+00
112 123 1.307482e-03 1.307482e-03 0 0 0 1 7.403686e-15 0.000000e+00
112 124 1.307482e-03 1.646023e-03 0 0 0 1 4.134600e-15 0.000000e+00
112 125 1.307482e-03 2.072220e-03 0 0 0 1 1.489190e-15 0.000000e+00
112 126 1.307482e-03 2.608770e-03 0 0 0 1 5.094921e-16 0.000000e+00
112 127 1.307482e-03 3.284247e-03 0 0 0 1 1.686665e-16 0.000000e+00
112 128 1.307482e-03 4.134622e-03 0 0 0 1 5.446509e-17 0.000000e+00
112 129 1.307482e-03 5.205181e-03 0 0 0 1 1.727874e-17 0.000000e+00
112 130 1.307482e-03 6.552935e-03 0 0 0 1 5.461949e-18 0.000000e+00
112 131 1.307482e-03 8.249656e-03 0 0 0 1 1.728261e-18 0.000000e+00
113 121 1.646023e-03 8.249656e-04 0 0 0 1 6.280022e-16 0.000000e+00
113 122 1.646023e-03 1.038570e-03 0 0 0 1 1.609993e-15 0.000000e+00
113 123 1.646023e-03 1.307482e-03 0 0 0 1 4.134600e-15 0.000000e+00
113 124 1.646023e-03 1.646023e-03 0 0 0 1 7.253185e-15 0.000000e+00
113 125 1.646023e-03 2.072220e-03 0 0 0 1 3.911774e-15 0.000000e+00
113 126 1.646023e-03 2.608770e-03 0 0 0 1 1.339993e-15 0.000000e+00
113 127 1.646023e-03 3.284247e-03 0 0 0 1 4.392545e-16 0.000000e+00
113 128 1.646023e-03 4.134622e-03 0 0 0 1 1.404420e-16 0.000000e+00
113 129 1.646023e-03 5.205181e-03 0 0 0 1 4.421072e-17 0.000000e+00
113 130 1.646023e-03 6.552935e-03 0 0 0 1 1.386469e-17 0.000000e+00
113 131 1.646023e-03 8.249656e-03 0 0 0 1 4.352951e-18 0.000000e+00
114 121 2.072220e-03 8.249656e-04 0 0 0 1 2.237758e-16 0.000000e+00
114 122 2.072220e-03 1.038570e-03 0 0 0 1 5.739456e-16 0.000000e+00
114 123 2.072220e-03 1.307482e-03 0 0 0 1 1.489190e-15 0.000000e+00
114 124 2.072220e-03 1.646023e-03 0 0 0 1 3.911774e-15 0.000000e+00
114 125 2.072220e-03 2.072220e-03 0 0 0 1 6.974875e-15 0.000000e+00
114 126 2.072220e-03 2.608770e-03 0 0 0 1 3.614741e-15 0.000000e+00
114 127 2.072220e-03 3.284247e-03 0 0 0 1 1.172358e-15 0.000000e+00
114 128 2.072220e-03 4.134622e-03 0 0 0 1 3.685574e-16 0.000000e+00
114 129 2.072220e-03 5.205181e-03 0 0 0 1 1.144247e-16 0.000000e+00
114 130 2.072220e-03 6.552935e-03 0 0 0 1 3.548867e-17 0.000000e+00
114 131 2.072220e-03 8.249656e-03 0 0 0 1 1.108654e-17 0.000000e+00
115 121 2.608770e-03 8.249656e-04 0 0 0 1 7.715868e-17 0.000000e+00
115 122 2.608770e-03 1.038570e-03 0 0 0 1 1.972093e-16 0.000000e+00
115 123 2.608770e-03 1.307482e-03 0 0 0 1 5.094921e-16 0.000000e+00
115 124 2.608770e-03 1.646023e-03 0 0 0 1 1.339993e-15 0.000000e+00
115 125 2.608770e-03 2.072220e-03 0 0 0 1 3.614741e-15 0.000000e+00
115 126 2.608770e-03 2.608770e-03 0 0 0 1 6.576152e-15 0.000000e+00
115 127 2.608770e-03 3.284247e-03 0 0 0 1 3.259757e-15 0.000000e+00
115 128 2.608770e-03 4.134622e-03 0 0 0 1 9.983467e-16 0.000000e+00
115 129 2.608770e-03 5.205181e-03 0 0 0 1 3.023130e-16 0.000000e+00
115 130 2.608770e-03 6.552935e-03 0 0 0 1 9.201939e-17 0.000000e+00
115 131 2.608770e-03 8.249656e-03 0 0 0 1 2.839249e-17 0.000000e+00
116 121 3.284247e-03 8.249656e-04 0 0 0 1 2.580086e-17 0.000000e+00
116 122 3.284247e-03 1.038570e-03 0 0 0 1 6.568435e-17 0.000000e+00
116 123 3.284247e-03 1.307482e-03 0 0 0 1 1.686665e-16 0.000000e+00
116 124 3.284247e-03 1.646023e-03 0 0 0 1 4.392545e-16 0.000000e+00
116 125 3.284247e-03 2.072220e-03 0 0 0 1 1.172358e-15 0.000000e+00
116 126 3.284247e-03 2.608770e-03 0 0 0 1 3.259757e-15 0.000000e+00
116 127 3.284247e-03 3.284247e-03 0 0 0 1 6.075566e-15 0.000000e+00
116 128 3.284247e-03 4.134622e-03 0 0 0 1 2.869307e-15 0.000000e+00
116 129 3.284247e-03 5.205181e-03 0 0 0 1 8.301915e-16 0.000000e+00
116 130 3.284247e-03 6.552935e-03 0 0 0 1 2.441637e-16 0.000000e+00
116 131 3.284247e-03 8.249656e-03 0 0 0 1 7.369814e-17 0.000000e+00
117 121 4.134622e-03 8.249656e-04 0 0 0 1 8.417874e-18 0.000000e+00
117 122 4.134622e-03 1.038570e-03 0 0 0 1 2.134267e-17 0.000000e+00
117 123 4.134622e-03 1.307482e-03 0 0 0 1 5.446509e-17 0.000000e+00
117 124 4.134622e-03 1.646023e-03 0 0 0 1 1.404420e-16 0.000000e+00
117 125 4.134622e-03 2.072220e-03 0 0 0 1 3.685574e-16 0.000000e+00
117 126 4.134622e-03 2.608770e-03 0 0 0 1 9.983467e-16 0.000000e+00
117 127 4.134622e-03 3.284247e-03 0 0 0 1 2.869307e-15 0.000000e+00
117 128 4.134622e-03 4.134622e-03 0 0 0 1 5.501086e-15 0.000000e+00
117 129 4.134622e-03 5.205181e-03 0 0 0 1 2.468919e-15 0.000000e+00
117 130 4.134622e-03 6.552935e-03 0 0 0 1 6.777400e-16 0.000000e+00
117 131 4.134622e-03 8.249656e-03 0 0 0 1 1.959655e-16 0.000000e+00
118 121 5.205181e-03 8.249656e-04 0 0 0 1 2.679955e-18 0.000000e+00
118 122 5.205181e-03 1.038570e-03 0 0 0 1 6.804533e-18 0.000000e+00
118 123 5.205181e-03 1.307482e-03 0 0 0 1 1.727874e-17 0.000000e+00
118 124 5.205181e-03 1.646023e-03 0 0 0 1 4.421072e-17 0.000000e+00
118 125 5.205181e-03 2.072220e-03 0 0 0 1 1.144247e-16 0.000000e+00
118 126 5.205181e-03 2.608770e-03 0 0 0 1 3.023130e-16 0.000000e+00
118 127 5.205181e-03 3.284247e-03 0 0 0 1 8.301915e-16 0.000000e+00
118 128 5.205181e-03 4.134622e-03 0 0 0 1 2.468919e-15 0.000000e+00
118 129 5.205181e-03 5.205181e-03 0 0 0 1 4.886003e-15 0.000000e+00
118 130 5.205181e-03 6.552935e-03 0 0 0 1 2.082584e-15 0.000000e+00
118 131 5.205181e-03 8.249656e-03 0 0 0 1 5.474400e-16 0.000000e+00
119 121 6.552935e-03 8.249656e-04 0 0 0 1 8.577994e-19 0.000000e+00
119 122 6.552935e-03 1.038570e-03 0 0 0 1 2.154814e-18 0.000000e+00
119 123 6.552935e-03 1.307482e-03 0 0 0 1 5.461949e-18 0.000000e+00
119 124 6.552935e-03 1.646023e-03 0 0 0 1 1.386469e-17 0.000000e+00
119 125 6.552935e-03 2.072220e-03 0 0 0 1 3.548867e-17 0.000000e+00
119 126 6.552935e-03 2.608770e-03 0 0 0 1 9.201939e-17 0.000000e+00
119 127 6.552935e-03 3.284247e-03 0 0 0 1 2.441637e-16 0.000000e+00
119 128 6.552935e-03 4.134622e-03 0 0 0 1 6.777400e-16 0.000000e+00
119 129 6.552935e-03 5.205181e-03 0 0 0 1 2.082584e-15 0.000000e+00
119 130 6.552935e-03 6.552935e-03 0 0 0 1 4.264377e-15 0.000000e+00
119 131 6.552935e-03 8.249656e-03 0 0 0 1 1.729816e-15 0.000000e+00
120 121 8.249656e-03 8.249656e-04 0 0 0 1 2.664331e-19 0.000000e+00
120 122 8.249656e-03 1.038570e-03 0 0 0 1 6.787144e-19 0.000000e+00
120 123 8.249656e-03 1.307482e-03 0 0 0 1 1.728261e-18 0.000000e+00
120 124 8.249656e-03 1.646023e-03 0 0 0 1 4.352951e-18 0.000000e+00
120 125 8.249656e-03 2.072220e-03 0 0 0 1 1.108654e-17 0.000000e+00
120 126 8.249656e-03 2.608770e-03 0 0 0 1 2.839249e-17 0.000000e+00
120 127 8.249656e-03 3.284247e-03 0 0 0 1 7.369814e-17 0.000000e+00
120 128 8.249656e-03 4.134622e-03 0 0 0 1 1.959655e-16 0.000000e+00
120 129 8.249656e-03 5.205181e-03 0 0 0 1 5.474400e-16 0.000000e+00
120 130 8.249656e-03 6.552935e-03 0 0 0 1 1.729816e-15 0.000000e+00
120 131 8.249656e-03 8.249656e-03 0 0 0 1 3.666777e-15 0.000000e+00
