# Please cite the following papers in research using this covariance:
# arXiv: 1601.05779, https://arxiv.org/abs/1601.05779
# arXiv: 1911.11947, https://arxiv.org/abs/1911.11947
# arXiv: 2004.04833, https://arxiv.org/abs/2004.04833
# arXiv: 1804.10663, https://arxiv.org/abs/1804.10663
########################################################
187 187 8.249656e-04 8.249656e-04 2 2 2 2 3.353674e-11 0.000000e+00
187 188 8.249656e-04 1.038570e-03 2 2 2 2 4.670459e-14 0.000000e+00
187 189 8.249656e-04 1.307482e-03 2 2 2 2 1.671789e-14 0.000000e+00
187 190 8.249656e-04 1.646023e-03 2 2 2 2 5.665773e-15 0.000000e+00
187 191 8.249656e-04 2.072220e-03 2 2 2 2 1.861025e-15 0.000000e+00
187 192 8.249656e-04 2.608770e-03 2 2 2 2 5.987906e-16 0.000000e+00
187 193 8.249656e-04 3.284247e-03 2 2 2 2 1.902493e-16 0.000000e+00
187 194 8.249656e-04 4.134622e-03 2 2 2 2 6.043337e-17 0.000000e+00
187 195 8.249656e-04 5.205181e-03 2 2 2 2 1.923068e-17 0.000000e+00
187 196 8.249656e-04 6.552935e-03 2 2 2 2 6.366000e-18 0.000000e+00
187 197 8.249656e-04 8.249656e-03 2 2 2 2 2.113112e-18 0.000000e+00
188 187 1.038570e-03 8.249656e-04 2 2 2 2 4.670459e-14 0.000000e+00
188 188 1.038570e-03 1.038570e-03 2 2 2 2 2.130003e-11 0.000000e+00
188 189 1.038570e-03 1.307482e-03 2 2 2 2 4.404184e-14 0.000000e+00
188 190 1.038570e-03 1.646023e-03 2 2 2 2 1.494930e-14 0.000000e+00
188 191 1.038570e-03 2.072220e-03 2 2 2 2 4.856956e-15 0.000000e+00
188 192 1.038570e-03 2.608770e-03 2 2 2 2 1.545115e-15 0.000000e+00
188 193 1.038570e-03 3.284247e-03 2 2 2 2 4.864977e-16 0.000000e+00
188 194 1.038570e-03 4.134622e-03 2 2 2 2 1.533806e-16 0.000000e+00
188 195 1.038570e-03 5.205181e-03 2 2 2 2 4.893330e-17 0.000000e+00
188 196 1.038570e-03 6.552935e-03 2 2 2 2 1.593873e-17 0.000000e+00
188 197 1.038570e-03 8.249656e-03 2 2 2 2 5.394033e-18 0.000000e+00
189 187 1.307482e-03 8.249656e-04 2 2 2 2 1.671789e-14 0.000000e+00
189 188 1.307482e-03 1.038570e-03 2 2 2 2 4.404184e-14 0.000000e+00
189 189 1.307482e-03 1.307482e-03 2 2 2 2 1.352585e-11 0.000000e+00
189 190 1.307482e-03 1.646023e-03 2 2 2 2 4.052728e-14 0.000000e+00
189 191 1.307482e-03 2.072220e-03 2 2 2 2 1.300488e-14 0.000000e+00
189 192 1.307482e-03 2.608770e-03 2 2 2 2 4.059649e-15 0.000000e+00
189 193 1.307482e-03 3.284247e-03 2 2 2 2 1.259182e-15 0.000000e+00
189 194 1.307482e-03 4.134622e-03 2 2 2 2 3.924268e-16 0.000000e+00
189 195 1.307482e-03 5.205181e-03 2 2 2 2 1.241991e-16 0.000000e+00
189 196 1.307482e-03 6.552935e-03 2 2 2 2 4.043253e-17 0.000000e+00
189 197 1.307482e-03 8.249656e-03 2 2 2 2 1.375036e-17 0.000000e+00
190 187 1.646023e-03 8.249656e-04 2 2 2 2 5.665773e-15 0.000000e+00
190 188 1.646023e-03 1.038570e-03 2 2 2 2 1.494930e-14 0.000000e+00
190 189 1.646023e-03 1.307482e-03 2 2 2 2 4.052728e-14 0.000000e+00
190 190 1.646023e-03 1.646023e-03 2 2 2 2 8.602015e-12 0.000000e+00
190 191 1.646023e-03 2.072220e-03 2 2 2 2 3.638265e-14 0.000000e+00
190 192 1.646023e-03 2.608770e-03 2 2 2 2 1.102569e-14 0.000000e+00
190 193 1.646023e-03 3.284247e-03 2 2 2 2 3.327416e-15 0.000000e+00
190 194 1.646023e-03 4.134622e-03 2 2 2 2 1.016995e-15 0.000000e+00
190 195 1.646023e-03 5.205181e-03 2 2 2 2 3.178243e-16 0.000000e+00
190 196 1.646023e-03 6.552935e-03 2 2 2 2 1.024861e-16 0.000000e+00
190 197 1.646023e-03 8.249656e-03 2 2 2 2 3.447865e-17 0.000000e+00
191 187 2.072220e-03 8.249656e-04 2 2 2 2 1.861025e-15 0.000000e+00
191 188 2.072220e-03 1.038570e-03 2 2 2 2 4.856956e-15 0.000000e+00
191 189 2.072220e-03 1.307482e-03 2 2 2 2 1.300488e-14 0.000000e+00
191 190 2.072220e-03 1.646023e-03 2 2 2 2 3.638265e-14 0.000000e+00
191 191 2.072220e-03 2.072220e-03 2 2 2 2 5.475157e-12 0.000000e+00
191 192 2.072220e-03 2.608770e-03 2 2 2 2 3.189347e-14 0.000000e+00
191 193 2.072220e-03 3.284247e-03 2 2 2 2 9.149437e-15 0.000000e+00
191 194 2.072220e-03 4.134622e-03 2 2 2 2 2.696296e-15 0.000000e+00
191 195 2.072220e-03 5.205181e-03 2 2 2 2 8.232819e-16 0.000000e+00
191 196 2.072220e-03 6.552935e-03 2 2 2 2 2.618332e-16 0.000000e+00
191 197 2.072220e-03 8.249656e-03 2 2 2 2 8.748237e-17 0.000000e+00
192 187 2.608770e-03 8.249656e-04 2 2 2 2 5.987906e-16 0.000000e+00
192 188 2.608770e-03 1.038570e-03 2 2 2 2 1.545115e-15 0.000000e+00
192 189 2.608770e-03 1.307482e-03 2 2 2 2 4.059649e-15 0.000000e+00
192 190 2.608770e-03 1.646023e-03 2 2 2 2 1.102569e-14 0.000000e+00
192 191 2.608770e-03 2.072220e-03 2 2 2 2 3.189347e-14 0.000000e+00
192 192 2.608770e-03 2.608770e-03 2 2 2 2 3.487548e-12 0.000000e+00
192 193 2.608770e-03 3.284247e-03 2 2 2 2 2.736103e-14 0.000000e+00
192 194 2.608770e-03 4.134622e-03 2 2 2 2 7.479537e-15 0.000000e+00
192 195 2.608770e-03 5.205181e-03 2 2 2 2 2.183211e-15 0.000000e+00
192 196 2.608770e-03 6.552935e-03 2 2 2 2 6.767576e-16 0.000000e+00
192 197 2.608770e-03 8.249656e-03 2 2 2 2 2.225974e-16 0.000000e+00
193 187 3.284247e-03 8.249656e-04 2 2 2 2 1.902493e-16 0.000000e+00
193 188 3.284247e-03 1.038570e-03 2 2 2 2 4.864977e-16 0.000000e+00
193 189 3.284247e-03 1.307482e-03 2 2 2 2 1.259182e-15 0.000000e+00
193 190 3.284247e-03 1.646023e-03 2 2 2 2 3.327416e-15 0.000000e+00
193 191 3.284247e-03 2.072220e-03 2 2 2 2 9.149437e-15 0.000000e+00
193 192 3.284247e-03 2.608770e-03 2 2 2 2 2.736103e-14 0.000000e+00
193 193 3.284247e-03 3.284247e-03 2 2 2 2 2.224107e-12 0.000000e+00
193 194 3.284247e-03 4.134622e-03 2 2 2 2 2.305557e-14 0.000000e+00
193 195 3.284247e-03 5.205181e-03 2 2 2 2 6.077982e-15 0.000000e+00
193 196 3.284247e-03 6.552935e-03 2 2 2 2 1.788552e-15 0.000000e+00
193 197 3.284247e-03 8.249656e-03 2 2 2 2 5.724451e-16 0.000000e+00
194 187 4.134622e-03 8.249656e-04 2 2 2 2 6.043337e-17 0.000000e+00
194 188 4.134622e-03 1.038570e-03 2 2 2 2 1.533806e-16 0.000000e+00
194 189 4.134622e-03 1.307482e-03 2 2 2 2 3.924268e-16 0.000000e+00
194 190 4.134622e-03 1.646023e-03 2 2 2 2 1.016995e-15 0.000000e+00
194 191 4.134622e-03 2.072220e-03 2 2 2 2 2.696296e-15 0.000000e+00
194 192 4.134622e-03 2.608770e-03 2 2 2 2 7.479537e-15 0.000000e+00
194 193 4.134622e-03 3.284247e-03 2 2 2 2 2.305557e-14 0.000000e+00
194 194 4.134622e-03 4.134622e-03 2 2 2 2 1.422502e-12 0.000000e+00
194 195 4.134622e-03 5.205181e-03 2 2 2 2 1.918432e-14 0.000000e+00
194 196 4.134622e-03 6.552935e-03 2 2 2 2 4.964626e-15 0.000000e+00
194 197 4.134622e-03 8.249656e-03 2 2 2 2 1.501961e-15 0.000000e+00
195 187 5.205181e-03 8.249656e-04 2 2 2 2 1.923068e-17 0.000000e+00
195 188 5.205181e-03 1.038570e-03 2 2 2 2 4.893330e-17 0.000000e+00
195 189 5.205181e-03 1.307482e-03 2 2 2 2 1.241991e-16 0.000000e+00
195 190 5.205181e-03 1.646023e-03 2 2 2 2 3.178243e-16 0.000000e+00
195 191 5.205181e-03 2.072220e-03 2 2 2 2 8.232819e-16 0.000000e+00
195 192 5.205181e-03 2.608770e-03 2 2 2 2 2.183211e-15 0.000000e+00
195 193 5.205181e-03 3.284247e-03 2 2 2 2 6.077982e-15 0.000000e+00
195 194 5.205181e-03 4.134622e-03 2 2 2 2 1.918432e-14 0.000000e+00
195 195 5.205181e-03 5.205181e-03 2 2 2 2 9.121966e-13 0.000000e+00
195 196 5.205181e-03 6.552935e-03 2 2 2 2 1.587598e-14 0.000000e+00
195 197 5.205181e-03 8.249656e-03 2 2 2 2 4.126997e-15 0.000000e+00
196 187 6.552935e-03 8.249656e-04 2 2 2 2 6.366000e-18 0.000000e+00
196 188 6.552935e-03 1.038570e-03 2 2 2 2 1.593873e-17 0.000000e+00
196 189 6.552935e-03 1.307482e-03 2 2 2 2 4.043253e-17 0.000000e+00
196 190 6.552935e-03 1.646023e-03 2 2 2 2 1.024861e-16 0.000000e+00
196 191 6.552935e-03 2.072220e-03 2 2 2 2 2.618332e-16 0.000000e+00
196 192 6.552935e-03 2.608770e-03 2 2 2 2 6.767576e-16 0.000000e+00
196 193 6.552935e-03 3.284247e-03 2 2 2 2 1.788552e-15 0.000000e+00
196 194 6.552935e-03 4.134622e-03 2 2 2 2 4.964626e-15 0.000000e+00
196 195 6.552935e-03 5.205181e-03 2 2 2 2 1.587598e-14 0.000000e+00
196 196 6.552935e-03 6.552935e-03 2 2 2 2 5.868139e-13 0.000000e+00
196 197 6.552935e-03 8.249656e-03 2 2 2 2 1.318029e-14 0.000000e+00
197 187 8.249656e-03 8.249656e-04 2 2 2 2 2.113112e-18 0.000000e+00
197 188 8.249656e-03 1.038570e-03 2 2 2 2 5.394033e-18 0.000000e+00
197 189 8.249656e-03 1.307482e-03 2 2 2 2 1.375036e-17 0.000000e+00
197 190 8.249656e-03 1.646023e-03 2 2 2 2 3.447865e-17 0.000000e+00
197 191 8.249656e-03 2.072220e-03 2 2 2 2 8.748237e-17 0.000000e+00
197 192 8.249656e-03 2.608770e-03 2 2 2 2 2.225974e-16 0.000000e+00
197 193 8.249656e-03 3.284247e-03 2 2 2 2 5.724451e-16 0.000000e+00
197 194 8.249656e-03 4.134622e-03 2 2 2 2 1.501961e-15 0.000000e+00
197 195 8.249656e-03 5.205181e-03 2 2 2 2 4.126997e-15 0.000000e+00
197 196 8.249656e-03 6.552935e-03 2 2 2 2 1.318029e-14 0.000000e+00
197 197 8.249656e-03 8.249656e-03 2 2 2 2 3.794317e-13 0.000000e+00
