# Please cite the following papers in research using this covariance:
# arXiv: 1601.05779, https://arxiv.org/abs/1601.05779
# arXiv: 1911.11947, https://arxiv.org/abs/1911.11947
# arXiv: 2004.04833, https://arxiv.org/abs/2004.04833
# arXiv: 1804.10663, https://arxiv.org/abs/1804.10663
########################################################
121 154 8.249656e-04 8.249656e-04 0 1 1 1 8.179906e-15 0.000000e+00
121 155 8.249656e-04 1.038570e-03 0 1 1 1 4.829719e-15 0.000000e+00
121 156 8.249656e-04 1.307482e-03 0 1 1 1 1.893571e-15 0.000000e+00
121 157 8.249656e-04 1.646023e-03 0 1 1 1 7.024319e-16 0.000000e+00
121 158 8.249656e-04 2.072220e-03 0 1 1 1 2.510873e-16 0.000000e+00
121 159 8.249656e-04 2.608770e-03 0 1 1 1 8.694737e-17 0.000000e+00
121 160 8.249656e-04 3.284247e-03 0 1 1 1 2.923720e-17 0.000000e+00
121 161 8.249656e-04 4.134622e-03 0 1 1 1 9.606061e-18 0.000000e+00
121 162 8.249656e-04 5.205181e-03 0 1 1 1 3.085050e-18 0.000000e+00
121 163 8.249656e-04 6.552935e-03 0 1 1 1 9.972953e-19 0.000000e+00
121 164 8.249656e-04 8.249656e-03 0 1 1 1 3.140081e-19 0.000000e+00
122 154 1.038570e-03 8.249656e-04 0 1 1 1 4.829719e-15 0.000000e+00
122 155 1.038570e-03 1.038570e-03 0 1 1 1 8.279481e-15 0.000000e+00
122 156 1.038570e-03 1.307482e-03 0 1 1 1 4.768303e-15 0.000000e+00
122 157 1.038570e-03 1.646023e-03 0 1 1 1 1.799636e-15 0.000000e+00
122 158 1.038570e-03 2.072220e-03 0 1 1 1 6.435959e-16 0.000000e+00
122 159 1.038570e-03 2.608770e-03 0 1 1 1 2.221051e-16 0.000000e+00
122 160 1.038570e-03 3.284247e-03 0 1 1 1 7.439762e-17 0.000000e+00
122 161 1.038570e-03 4.134622e-03 0 1 1 1 2.434624e-17 0.000000e+00
122 162 1.038570e-03 5.205181e-03 0 1 1 1 7.829736e-18 0.000000e+00
122 163 1.038570e-03 6.552935e-03 0 1 1 1 2.505149e-18 0.000000e+00
122 164 1.038570e-03 8.249656e-03 0 1 1 1 7.992712e-19 0.000000e+00
123 154 1.307482e-03 8.249656e-04 0 1 1 1 1.893571e-15 0.000000e+00
123 155 1.307482e-03 1.038570e-03 0 1 1 1 4.768303e-15 0.000000e+00
123 156 1.307482e-03 1.307482e-03 0 1 1 1 8.255153e-15 0.000000e+00
123 157 1.307482e-03 1.646023e-03 0 1 1 1 4.617006e-15 0.000000e+00
123 158 1.307482e-03 2.072220e-03 0 1 1 1 1.668268e-15 0.000000e+00
123 159 1.307482e-03 2.608770e-03 0 1 1 1 5.733006e-16 0.000000e+00
123 160 1.307482e-03 3.284247e-03 0 1 1 1 1.908953e-16 0.000000e+00
123 161 1.307482e-03 4.134622e-03 0 1 1 1 6.209202e-17 0.000000e+00
123 162 1.307482e-03 5.205181e-03 0 1 1 1 1.987265e-17 0.000000e+00
123 163 1.307482e-03 6.552935e-03 0 1 1 1 6.347199e-18 0.000000e+00
123 164 1.307482e-03 8.249656e-03 0 1 1 1 2.033681e-18 0.000000e+00
124 154 1.646023e-03 8.249656e-04 0 1 1 1 7.024319e-16 0.000000e+00
124 155 1.646023e-03 1.038570e-03 0 1 1 1 1.799636e-15 0.000000e+00
124 156 1.646023e-03 1.307482e-03 0 1 1 1 4.617006e-15 0.000000e+00
124 157 1.646023e-03 1.646023e-03 0 1 1 1 8.095347e-15 0.000000e+00
124 158 1.646023e-03 2.072220e-03 0 1 1 1 4.375450e-15 0.000000e+00
124 159 1.646023e-03 2.608770e-03 0 1 1 1 1.505650e-15 0.000000e+00
124 160 1.646023e-03 3.284247e-03 0 1 1 1 4.965316e-16 0.000000e+00
124 161 1.646023e-03 4.134622e-03 0 1 1 1 1.599488e-16 0.000000e+00
124 162 1.646023e-03 5.205181e-03 0 1 1 1 5.080767e-17 0.000000e+00
124 163 1.646023e-03 6.552935e-03 0 1 1 1 1.610335e-17 0.000000e+00
124 164 1.646023e-03 8.249656e-03 0 1 1 1 5.121228e-18 0.000000e+00
125 154 2.072220e-03 8.249656e-04 0 1 1 1 2.510873e-16 0.000000e+00
125 155 2.072220e-03 1.038570e-03 0 1 1 1 6.435959e-16 0.000000e+00
125 156 2.072220e-03 1.307482e-03 0 1 1 1 1.668268e-15 0.000000e+00
125 157 2.072220e-03 1.646023e-03 0 1 1 1 4.375450e-15 0.000000e+00
125 158 2.072220e-03 2.072220e-03 0 1 1 1 7.795180e-15 0.000000e+00
125 159 2.072220e-03 2.608770e-03 0 1 1 1 4.052293e-15 0.000000e+00
125 160 2.072220e-03 3.284247e-03 0 1 1 1 1.322549e-15 0.000000e+00
125 161 2.072220e-03 4.134622e-03 0 1 1 1 4.190608e-16 0.000000e+00
125 162 2.072220e-03 5.205181e-03 0 1 1 1 1.313322e-16 0.000000e+00
125 163 2.072220e-03 6.552935e-03 0 1 1 1 4.118082e-17 0.000000e+00
125 164 2.072220e-03 8.249656e-03 0 1 1 1 1.303269e-17 0.000000e+00
126 154 2.608770e-03 8.249656e-04 0 1 1 1 8.694737e-17 0.000000e+00
126 155 2.608770e-03 1.038570e-03 0 1 1 1 2.221051e-16 0.000000e+00
126 156 2.608770e-03 1.307482e-03 0 1 1 1 5.733006e-16 0.000000e+00
126 157 2.608770e-03 1.646023e-03 0 1 1 1 1.505650e-15 0.000000e+00
126 158 2.608770e-03 2.072220e-03 0 1 1 1 4.052293e-15 0.000000e+00
126 159 2.608770e-03 2.608770e-03 0 1 1 1 7.362559e-15 0.000000e+00
126 160 2.608770e-03 3.284247e-03 0 1 1 1 3.665115e-15 0.000000e+00
126 161 2.608770e-03 4.134622e-03 0 1 1 1 1.132037e-15 0.000000e+00
126 162 2.608770e-03 5.205181e-03 0 1 1 1 3.462547e-16 0.000000e+00
126 163 2.608770e-03 6.552935e-03 0 1 1 1 1.066151e-16 0.000000e+00
126 164 2.608770e-03 8.249656e-03 0 1 1 1 3.333874e-17 0.000000e+00
127 154 3.284247e-03 8.249656e-04 0 1 1 1 2.923720e-17 0.000000e+00
127 155 3.284247e-03 1.038570e-03 0 1 1 1 7.439762e-17 0.000000e+00
127 156 3.284247e-03 1.307482e-03 0 1 1 1 1.908953e-16 0.000000e+00
127 157 3.284247e-03 1.646023e-03 0 1 1 1 4.965316e-16 0.000000e+00
127 158 3.284247e-03 2.072220e-03 0 1 1 1 1.322549e-15 0.000000e+00
127 159 3.284247e-03 2.608770e-03 0 1 1 1 3.665115e-15 0.000000e+00
127 160 3.284247e-03 3.284247e-03 0 1 1 1 6.817508e-15 0.000000e+00
127 161 3.284247e-03 4.134622e-03 0 1 1 1 3.238289e-15 0.000000e+00
127 162 3.284247e-03 5.205181e-03 0 1 1 1 9.474521e-16 0.000000e+00
127 163 3.284247e-03 6.552935e-03 0 1 1 1 2.821607e-16 0.000000e+00
127 164 3.284247e-03 8.249656e-03 0 1 1 1 8.637444e-17 0.000000e+00
128 154 4.134622e-03 8.249656e-04 0 1 1 1 9.606061e-18 0.000000e+00
128 155 4.134622e-03 1.038570e-03 0 1 1 1 2.434624e-17 0.000000e+00
128 156 4.134622e-03 1.307482e-03 0 1 1 1 6.209202e-17 0.000000e+00
128 157 4.134622e-03 1.646023e-03 0 1 1 1 1.599488e-16 0.000000e+00
128 158 4.134622e-03 2.072220e-03 0 1 1 1 4.190608e-16 0.000000e+00
128 159 4.134622e-03 2.608770e-03 0 1 1 1 1.132037e-15 0.000000e+00
128 160 4.134622e-03 3.284247e-03 0 1 1 1 3.238289e-15 0.000000e+00
128 161 4.134622e-03 4.134622e-03 0 1 1 1 6.190357e-15 0.000000e+00
128 162 4.134622e-03 5.205181e-03 0 1 1 1 2.799620e-15 0.000000e+00
128 163 4.134622e-03 6.552935e-03 0 1 1 1 7.796638e-16 0.000000e+00
128 164 4.134622e-03 8.249656e-03 0 1 1 1 2.289470e-16 0.000000e+00
129 154 5.205181e-03 8.249656e-04 0 1 1 1 3.085050e-18 0.000000e+00
129 155 5.205181e-03 1.038570e-03 0 1 1 1 7.829736e-18 0.000000e+00
129 156 5.205181e-03 1.307482e-03 0 1 1 1 1.987265e-17 0.000000e+00
129 157 5.205181e-03 1.646023e-03 0 1 1 1 5.080767e-17 0.000000e+00
129 158 5.205181e-03 2.072220e-03 0 1 1 1 1.313322e-16 0.000000e+00
129 159 5.205181e-03 2.608770e-03 0 1 1 1 3.462547e-16 0.000000e+00
129 160 5.205181e-03 3.284247e-03 0 1 1 1 9.474521e-16 0.000000e+00
129 161 5.205181e-03 4.134622e-03 0 1 1 1 2.799620e-15 0.000000e+00
129 162 5.205181e-03 5.205181e-03 0 1 1 1 5.517392e-15 0.000000e+00
129 163 5.205181e-03 6.552935e-03 0 1 1 1 2.375446e-15 0.000000e+00
129 164 5.205181e-03 8.249656e-03 0 1 1 1 6.359953e-16 0.000000e+00
130 154 6.552935e-03 8.249656e-04 0 1 1 1 9.972953e-19 0.000000e+00
130 155 6.552935e-03 1.038570e-03 0 1 1 1 2.505149e-18 0.000000e+00
130 156 6.552935e-03 1.307482e-03 0 1 1 1 6.347199e-18 0.000000e+00
130 157 6.552935e-03 1.646023e-03 0 1 1 1 1.610335e-17 0.000000e+00
130 158 6.552935e-03 2.072220e-03 0 1 1 1 4.118082e-17 0.000000e+00
130 159 6.552935e-03 2.608770e-03 0 1 1 1 1.066151e-16 0.000000e+00
130 160 6.552935e-03 3.284247e-03 0 1 1 1 2.821607e-16 0.000000e+00
130 161 6.552935e-03 4.134622e-03 0 1 1 1 7.796638e-16 0.000000e+00
130 162 6.552935e-03 5.205181e-03 0 1 1 1 2.375446e-15 0.000000e+00
130 163 6.552935e-03 6.552935e-03 0 1 1 1 4.836021e-15 0.000000e+00
130 164 6.552935e-03 8.249656e-03 0 1 1 1 1.987514e-15 0.000000e+00
131 154 8.249656e-03 8.249656e-04 0 1 1 1 3.140081e-19 0.000000e+00
131 155 8.249656e-03 1.038570e-03 0 1 1 1 7.992712e-19 0.000000e+00
131 156 8.249656e-03 1.307482e-03 0 1 1 1 2.033681e-18 0.000000e+00
131 157 8.249656e-03 1.646023e-03 0 1 1 1 5.121228e-18 0.000000e+00
131 158 8.249656e-03 2.072220e-03 0 1 1 1 1.303269e-17 0.000000e+00
131 159 8.249656e-03 2.608770e-03 0 1 1 1 3.333874e-17 0.000000e+00
131 160 8.249656e-03 3.284247e-03 0 1 1 1 8.637444e-17 0.000000e+00
131 161 8.249656e-03 4.134622e-03 0 1 1 1 2.289470e-16 0.000000e+00
131 162 8.249656e-03 5.205181e-03 0 1 1 1 6.359953e-16 0.000000e+00
131 163 8.249656e-03 6.552935e-03 0 1 1 1 1.987514e-15 0.000000e+00
131 164 8.249656e-03 8.249656e-03 0 1 1 1 4.180200e-15 0.000000e+00
