# Please cite the following papers in research using this covariance:
# arXiv: 1601.05779, https://arxiv.org/abs/1601.05779
# arXiv: 1911.11947, https://arxiv.org/abs/1911.11947
# arXiv: 2004.04833, https://arxiv.org/abs/2004.04833
# arXiv: 1804.10663, https://arxiv.org/abs/1804.10663
########################################################
66 198 8.249656e-04 8.249656e-04 1 3 2 3 -4.316060e-15 0.000000e+00
66 199 8.249656e-04 1.038570e-03 1 3 2 3 -1.215867e-14 0.000000e+00
66 200 8.249656e-04 1.307482e-03 1 3 2 3 -5.447825e-15 0.000000e+00
66 201 8.249656e-04 1.646023e-03 1 3 2 3 5.612522e-15 0.000000e+00
66 202 8.249656e-04 2.072220e-03 1 3 2 3 1.412349e-14 0.000000e+00
66 203 8.249656e-04 2.608770e-03 1 3 2 3 1.888278e-14 0.000000e+00
66 204 8.249656e-04 3.284247e-03 1 3 2 3 2.060659e-14 0.000000e+00
66 205 8.249656e-04 4.134622e-03 1 3 2 3 2.037462e-14 0.000000e+00
66 206 8.249656e-04 5.205181e-03 1 3 2 3 1.911290e-14 0.000000e+00
66 207 8.249656e-04 6.552935e-03 1 3 2 3 1.748385e-14 0.000000e+00
66 208 8.249656e-04 8.249656e-03 1 3 2 3 1.591307e-14 0.000000e+00
67 198 1.038570e-03 8.249656e-04 1 3 2 3 5.307687e-17 0.000000e+00
67 199 1.038570e-03 1.038570e-03 1 3 2 3 -4.119204e-15 0.000000e+00
67 200 1.038570e-03 1.307482e-03 1 3 2 3 -1.211907e-14 0.000000e+00
67 201 1.038570e-03 1.646023e-03 1 3 2 3 -5.462369e-15 0.000000e+00
67 202 1.038570e-03 2.072220e-03 1 3 2 3 5.094580e-15 0.000000e+00
67 203 1.038570e-03 2.608770e-03 1 3 2 3 1.284692e-14 0.000000e+00
67 204 1.038570e-03 3.284247e-03 1 3 2 3 1.693042e-14 0.000000e+00
67 205 1.038570e-03 4.134622e-03 1 3 2 3 1.824691e-14 0.000000e+00
67 206 1.038570e-03 5.205181e-03 1 3 2 3 1.791451e-14 0.000000e+00
67 207 1.038570e-03 6.552935e-03 1 3 2 3 1.681557e-14 0.000000e+00
67 208 1.038570e-03 8.249656e-03 1 3 2 3 1.553838e-14 0.000000e+00
68 198 1.307482e-03 8.249656e-04 1 3 2 3 1.074691e-16 0.000000e+00
68 199 1.307482e-03 1.038570e-03 1 3 2 3 2.047328e-16 0.000000e+00
68 200 1.307482e-03 1.307482e-03 1 3 2 3 -3.824119e-15 0.000000e+00
68 201 1.307482e-03 1.646023e-03 1 3 2 3 -1.185453e-14 0.000000e+00
68 202 1.307482e-03 2.072220e-03 1 3 2 3 -5.327739e-15 0.000000e+00
68 203 1.307482e-03 2.608770e-03 1 3 2 3 4.581650e-15 0.000000e+00
68 204 1.307482e-03 3.284247e-03 1 3 2 3 1.153275e-14 0.000000e+00
68 205 1.307482e-03 4.134622e-03 1 3 2 3 1.501552e-14 0.000000e+00
68 206 1.307482e-03 5.205181e-03 1 3 2 3 1.606190e-14 0.000000e+00
68 207 1.307482e-03 6.552935e-03 1 3 2 3 1.577232e-14 0.000000e+00
68 208 1.307482e-03 8.249656e-03 1 3 2 3 1.495021e-14 0.000000e+00
69 198 1.646023e-03 8.249656e-04 1 3 2 3 5.628273e-17 0.000000e+00
69 199 1.646023e-03 1.038570e-03 1 3 2 3 1.474047e-16 0.000000e+00
69 200 1.646023e-03 1.307482e-03 1 3 2 3 3.570988e-16 0.000000e+00
69 201 1.646023e-03 1.646023e-03 1 3 2 3 -3.443367e-15 0.000000e+00
69 202 1.646023e-03 2.072220e-03 1 3 2 3 -1.136837e-14 0.000000e+00
69 203 1.646023e-03 2.608770e-03 1 3 2 3 -5.049533e-15 0.000000e+00
69 204 1.646023e-03 3.284247e-03 1 3 2 3 4.100248e-15 0.000000e+00
69 205 1.646023e-03 4.134622e-03 1 3 2 3 1.025738e-14 0.000000e+00
69 206 1.646023e-03 5.205181e-03 1 3 2 3 1.324499e-14 0.000000e+00
69 207 1.646023e-03 6.552935e-03 1 3 2 3 1.415906e-14 0.000000e+00
69 208 1.646023e-03 8.249656e-03 1 3 2 3 1.403215e-14 0.000000e+00
70 198 2.072220e-03 8.249656e-04 1 3 2 3 2.450316e-17 0.000000e+00
70 199 2.072220e-03 1.038570e-03 1 3 2 3 6.425375e-17 0.000000e+00
70 200 2.072220e-03 1.307482e-03 1 3 2 3 1.786002e-16 0.000000e+00
70 201 2.072220e-03 1.646023e-03 1 3 2 3 4.923133e-16 0.000000e+00
70 202 2.072220e-03 2.072220e-03 1 3 2 3 -3.006109e-15 0.000000e+00
70 203 2.072220e-03 2.608770e-03 1 3 2 3 -1.068485e-14 0.000000e+00
70 204 2.072220e-03 3.284247e-03 1 3 2 3 -4.649664e-15 0.000000e+00
70 205 2.072220e-03 4.134622e-03 1 3 2 3 3.671353e-15 0.000000e+00
70 206 2.072220e-03 5.205181e-03 1 3 2 3 9.088139e-15 0.000000e+00
70 207 2.072220e-03 6.552935e-03 1 3 2 3 1.170476e-14 0.000000e+00
70 208 2.072220e-03 8.249656e-03 1 3 2 3 1.261302e-14 0.000000e+00
71 198 2.608770e-03 8.249656e-04 1 3 2 3 9.961861e-18 0.000000e+00
71 199 2.608770e-03 1.038570e-03 1 3 2 3 2.454930e-17 0.000000e+00
71 200 2.608770e-03 1.307482e-03 1 3 2 3 6.753070e-17 0.000000e+00
71 201 2.608770e-03 1.646023e-03 1 3 2 3 1.952747e-16 0.000000e+00
71 202 2.608770e-03 2.072220e-03 1 3 2 3 5.945844e-16 0.000000e+00
71 203 2.608770e-03 2.608770e-03 1 3 2 3 -2.546245e-15 0.000000e+00
71 204 2.608770e-03 3.284247e-03 1 3 2 3 -9.847427e-15 0.000000e+00
71 205 2.608770e-03 4.134622e-03 1 3 2 3 -4.162621e-15 0.000000e+00
71 206 2.608770e-03 5.205181e-03 1 3 2 3 3.309865e-15 0.000000e+00
71 207 2.608770e-03 6.552935e-03 1 3 2 3 8.078959e-15 0.000000e+00
71 208 2.608770e-03 8.249656e-03 1 3 2 3 1.045483e-14 0.000000e+00
72 198 3.284247e-03 8.249656e-04 1 3 2 3 3.983626e-18 0.000000e+00
72 199 3.284247e-03 1.038570e-03 1 3 2 3 8.579859e-18 0.000000e+00
72 200 3.284247e-03 1.307482e-03 1 3 2 3 2.333170e-17 0.000000e+00
72 201 3.284247e-03 1.646023e-03 1 3 2 3 6.550427e-17 0.000000e+00
72 202 3.284247e-03 2.072220e-03 1 3 2 3 1.961285e-16 0.000000e+00
72 203 3.284247e-03 2.608770e-03 1 3 2 3 6.538198e-16 0.000000e+00
72 204 3.284247e-03 3.284247e-03 1 3 2 3 -2.099651e-15 0.000000e+00
72 205 3.284247e-03 4.134622e-03 1 3 2 3 -8.912262e-15 0.000000e+00
72 206 3.284247e-03 5.205181e-03 1 3 2 3 -3.628625e-15 0.000000e+00
72 207 3.284247e-03 6.552935e-03 1 3 2 3 3.025410e-15 0.000000e+00
72 208 3.284247e-03 8.249656e-03 1 3 2 3 7.267462e-15 0.000000e+00
73 198 4.134622e-03 8.249656e-04 1 3 2 3 1.776092e-18 0.000000e+00
73 199 4.134622e-03 1.038570e-03 1 3 2 3 2.758335e-18 0.000000e+00
73 200 4.134622e-03 1.307482e-03 1 3 2 3 7.529769e-18 0.000000e+00
73 201 4.134622e-03 1.646023e-03 1 3 2 3 2.072384e-17 0.000000e+00
73 202 4.134622e-03 2.072220e-03 1 3 2 3 5.878461e-17 0.000000e+00
73 203 4.134622e-03 2.608770e-03 1 3 2 3 1.828806e-16 0.000000e+00
73 204 4.134622e-03 3.284247e-03 1 3 2 3 6.661253e-16 0.000000e+00
73 205 4.134622e-03 4.134622e-03 1 3 2 3 -1.697449e-15 0.000000e+00
73 206 4.134622e-03 5.205181e-03 1 3 2 3 -7.940264e-15 0.000000e+00
73 207 4.134622e-03 6.552935e-03 1 3 2 3 -3.087826e-15 0.000000e+00
73 208 4.134622e-03 8.249656e-03 1 3 2 3 2.823215e-15 0.000000e+00
74 198 5.205181e-03 8.249656e-04 1 3 2 3 9.722352e-19 0.000000e+00
74 199 5.205181e-03 1.038570e-03 1 3 2 3 7.505091e-19 0.000000e+00
74 200 5.205181e-03 1.307482e-03 1 3 2 3 2.229921e-18 0.000000e+00
74 201 5.205181e-03 1.646023e-03 1 3 2 3 6.250334e-18 0.000000e+00
74 202 5.205181e-03 2.072220e-03 1 3 2 3 1.692049e-17 0.000000e+00
74 203 5.205181e-03 2.608770e-03 1 3 2 3 4.918963e-17 0.000000e+00
74 204 5.205181e-03 3.284247e-03 1 3 2 3 1.589389e-16 0.000000e+00
74 205 5.205181e-03 4.134622e-03 1 3 2 3 6.345578e-16 0.000000e+00
74 206 5.205181e-03 5.205181e-03 1 3 2 3 -1.363064e-15 0.000000e+00
74 207 5.205181e-03 6.552935e-03 1 3 2 3 -6.990264e-15 0.000000e+00
74 208 5.205181e-03 8.249656e-03 1 3 2 3 -2.574658e-15 0.000000e+00
75 198 6.552935e-03 8.249656e-04 1 3 2 3 7.420413e-19 0.000000e+00
75 199 6.552935e-03 1.038570e-03 1 3 2 3 9.049252e-20 0.000000e+00
75 200 6.552935e-03 1.307482e-03 1 3 2 3 5.550854e-19 0.000000e+00
75 201 6.552935e-03 1.646023e-03 1 3 2 3 1.755551e-18 0.000000e+00
75 202 6.552935e-03 2.072220e-03 1 3 2 3 4.535111e-18 0.000000e+00
75 203 6.552935e-03 2.608770e-03 1 3 2 3 1.270801e-17 0.000000e+00
75 204 6.552935e-03 3.284247e-03 1 3 2 3 3.789020e-17 0.000000e+00
75 205 6.552935e-03 4.134622e-03 1 3 2 3 1.281488e-16 0.000000e+00
75 206 6.552935e-03 5.205181e-03 1 3 2 3 5.670789e-16 0.000000e+00
75 207 6.552935e-03 6.552935e-03 1 3 2 3 -1.110059e-15 0.000000e+00
75 208 6.552935e-03 8.249656e-03 1 3 2 3 -6.113544e-15 0.000000e+00
76 198 8.249656e-03 8.249656e-04 1 3 2 3 6.525226e-19 0.000000e+00
76 199 8.249656e-03 1.038570e-03 1 3 2 3 -9.460472e-20 0.000000e+00
76 200 8.249656e-03 1.307482e-03 1 3 2 3 7.703217e-20 0.000000e+00
76 201 8.249656e-03 1.646023e-03 1 3 2 3 4.767286e-19 0.000000e+00
76 202 8.249656e-03 2.072220e-03 1 3 2 3 1.104675e-18 0.000000e+00
76 203 8.249656e-03 2.608770e-03 1 3 2 3 2.997361e-18 0.000000e+00
76 204 8.249656e-03 3.284247e-03 1 3 2 3 8.494344e-18 0.000000e+00
76 205 8.249656e-03 4.134622e-03 1 3 2 3 2.622553e-17 0.000000e+00
76 206 8.249656e-03 5.205181e-03 1 3 2 3 9.431804e-17 0.000000e+00
76 207 8.249656e-03 6.552935e-03 1 3 2 3 4.738733e-16 0.000000e+00
76 208 8.249656e-03 8.249656e-03 1 3 2 3 -9.435200e-16 0.000000e+00
