# Please cite the following papers in research using this covariance:
# arXiv: 1601.05779, https://arxiv.org/abs/1601.05779
# arXiv: 1911.11947, https://arxiv.org/abs/1911.11947
# arXiv: 2004.04833, https://arxiv.org/abs/2004.04833
# arXiv: 1804.10663, https://arxiv.org/abs/1804.10663
########################################################
176 198 8.249656e-04 8.249656e-04 1 3 2 3 1.536171e-14 0.000000e+00
176 199 8.249656e-04 1.038570e-03 1 3 2 3 8.908705e-15 0.000000e+00
176 200 8.249656e-04 1.307482e-03 1 3 2 3 3.391408e-15 0.000000e+00
176 201 8.249656e-04 1.646023e-03 1 3 2 3 1.223229e-15 0.000000e+00
176 202 8.249656e-04 2.072220e-03 1 3 2 3 4.270438e-16 0.000000e+00
176 203 8.249656e-04 2.608770e-03 1 3 2 3 1.456136e-16 0.000000e+00
176 204 8.249656e-04 3.284247e-03 1 3 2 3 4.885862e-17 0.000000e+00
176 205 8.249656e-04 4.134622e-03 1 3 2 3 1.629512e-17 0.000000e+00
176 206 8.249656e-04 5.205181e-03 1 3 2 3 5.447501e-18 0.000000e+00
176 207 8.249656e-04 6.552935e-03 1 3 2 3 1.873955e-18 0.000000e+00
176 208 8.249656e-04 8.249656e-03 1 3 2 3 6.575499e-19 0.000000e+00
177 198 1.038570e-03 8.249656e-04 1 3 2 3 8.908705e-15 0.000000e+00
177 199 1.038570e-03 1.038570e-03 1 3 2 3 1.537646e-14 0.000000e+00
177 200 1.038570e-03 1.307482e-03 1 3 2 3 8.663414e-15 0.000000e+00
177 201 1.038570e-03 1.646023e-03 1 3 2 3 3.162346e-15 0.000000e+00
177 202 1.038570e-03 2.072220e-03 1 3 2 3 1.100116e-15 0.000000e+00
177 203 1.038570e-03 2.608770e-03 1 3 2 3 3.727792e-16 0.000000e+00
177 204 1.038570e-03 3.284247e-03 1 3 2 3 1.243529e-16 0.000000e+00
177 205 1.038570e-03 4.134622e-03 1 3 2 3 4.126753e-17 0.000000e+00
177 206 1.038570e-03 5.205181e-03 1 3 2 3 1.380731e-17 0.000000e+00
177 207 1.038570e-03 6.552935e-03 1 3 2 3 4.701861e-18 0.000000e+00
177 208 1.038570e-03 8.249656e-03 1 3 2 3 1.668544e-18 0.000000e+00
178 198 1.307482e-03 8.249656e-04 1 3 2 3 3.391408e-15 0.000000e+00
178 199 1.307482e-03 1.038570e-03 1 3 2 3 8.663414e-15 0.000000e+00
178 200 1.307482e-03 1.307482e-03 1 3 2 3 1.513897e-14 0.000000e+00
178 201 1.307482e-03 1.646023e-03 1 3 2 3 8.253123e-15 0.000000e+00
178 202 1.307482e-03 2.072220e-03 1 3 2 3 2.878273e-15 0.000000e+00
178 203 1.307482e-03 2.608770e-03 1 3 2 3 9.661480e-16 0.000000e+00
178 204 1.307482e-03 3.284247e-03 1 3 2 3 3.192866e-16 0.000000e+00
178 205 1.307482e-03 4.134622e-03 1 3 2 3 1.051356e-16 0.000000e+00
178 206 1.307482e-03 5.205181e-03 1 3 2 3 3.496035e-17 0.000000e+00
178 207 1.307482e-03 6.552935e-03 1 3 2 3 1.189412e-17 0.000000e+00
178 208 1.307482e-03 8.249656e-03 1 3 2 3 4.230460e-18 0.000000e+00
179 198 1.646023e-03 8.249656e-04 1 3 2 3 1.223229e-15 0.000000e+00
179 199 1.646023e-03 1.038570e-03 1 3 2 3 3.162346e-15 0.000000e+00
179 200 1.646023e-03 1.307482e-03 1 3 2 3 8.253123e-15 0.000000e+00
179 201 1.646023e-03 1.646023e-03 1 3 2 3 1.464679e-14 0.000000e+00
179 202 1.646023e-03 2.072220e-03 1 3 2 3 7.695008e-15 0.000000e+00
179 203 1.646023e-03 2.608770e-03 1 3 2 3 2.558641e-15 0.000000e+00
179 204 1.646023e-03 3.284247e-03 1 3 2 3 8.320211e-16 0.000000e+00
179 205 1.646023e-03 4.134622e-03 1 3 2 3 2.704288e-16 0.000000e+00
179 206 1.646023e-03 5.205181e-03 1 3 2 3 8.906985e-17 0.000000e+00
179 207 1.646023e-03 6.552935e-03 1 3 2 3 3.009295e-17 0.000000e+00
179 208 1.646023e-03 8.249656e-03 1 3 2 3 1.061800e-17 0.000000e+00
180 198 2.072220e-03 8.249656e-04 1 3 2 3 4.270438e-16 0.000000e+00
180 199 2.072220e-03 1.038570e-03 1 3 2 3 1.100116e-15 0.000000e+00
180 200 2.072220e-03 1.307482e-03 1 3 2 3 2.878273e-15 0.000000e+00
180 201 2.072220e-03 1.646023e-03 1 3 2 3 7.695008e-15 0.000000e+00
180 202 2.072220e-03 2.072220e-03 1 3 2 3 1.391441e-14 0.000000e+00
180 203 2.072220e-03 2.608770e-03 1 3 2 3 7.023065e-15 0.000000e+00
180 204 2.072220e-03 3.284247e-03 1 3 2 3 2.228113e-15 0.000000e+00
180 205 2.072220e-03 4.134622e-03 1 3 2 3 7.073461e-16 0.000000e+00
180 206 2.072220e-03 5.205181e-03 1 3 2 3 2.290704e-16 0.000000e+00
180 207 2.072220e-03 6.552935e-03 1 3 2 3 7.658613e-17 0.000000e+00
180 208 2.072220e-03 8.249656e-03 1 3 2 3 2.685553e-17 0.000000e+00
181 198 2.608770e-03 8.249656e-04 1 3 2 3 1.456136e-16 0.000000e+00
181 199 2.608770e-03 1.038570e-03 1 3 2 3 3.727792e-16 0.000000e+00
181 200 2.608770e-03 1.307482e-03 1 3 2 3 9.661480e-16 0.000000e+00
181 201 2.608770e-03 1.646023e-03 1 3 2 3 2.558641e-15 0.000000e+00
181 202 2.608770e-03 2.072220e-03 1 3 2 3 7.023065e-15 0.000000e+00
181 203 2.608770e-03 2.608770e-03 1 3 2 3 1.298084e-14 0.000000e+00
181 204 2.608770e-03 3.284247e-03 1 3 2 3 6.283292e-15 0.000000e+00
181 205 2.608770e-03 4.134622e-03 1 3 2 3 1.910766e-15 0.000000e+00
181 206 2.608770e-03 5.205181e-03 1 3 2 3 5.996838e-16 0.000000e+00
181 207 2.608770e-03 6.552935e-03 1 3 2 3 1.966542e-16 0.000000e+00
181 208 2.608770e-03 8.249656e-03 1 3 2 3 6.808221e-17 0.000000e+00
182 198 3.284247e-03 8.249656e-04 1 3 2 3 4.885862e-17 0.000000e+00
182 199 3.284247e-03 1.038570e-03 1 3 2 3 1.243529e-16 0.000000e+00
182 200 3.284247e-03 1.307482e-03 1 3 2 3 3.192866e-16 0.000000e+00
182 201 3.284247e-03 1.646023e-03 1 3 2 3 8.320211e-16 0.000000e+00
182 202 3.284247e-03 2.072220e-03 1 3 2 3 2.228113e-15 0.000000e+00
182 203 3.284247e-03 2.608770e-03 1 3 2 3 6.283292e-15 0.000000e+00
182 204 3.284247e-03 3.284247e-03 1 3 2 3 1.190298e-14 0.000000e+00
182 205 3.284247e-03 4.134622e-03 1 3 2 3 5.527117e-15 0.000000e+00
182 206 3.284247e-03 5.205181e-03 1 3 2 3 1.627005e-15 0.000000e+00
182 207 3.284247e-03 6.552935e-03 1 3 2 3 5.135617e-16 0.000000e+00
182 208 3.284247e-03 8.249656e-03 1 3 2 3 1.739518e-16 0.000000e+00
183 198 4.134622e-03 8.249656e-04 1 3 2 3 1.629512e-17 0.000000e+00
183 199 4.134622e-03 1.038570e-03 1 3 2 3 4.126753e-17 0.000000e+00
183 200 4.134622e-03 1.307482e-03 1 3 2 3 1.051356e-16 0.000000e+00
183 201 4.134622e-03 1.646023e-03 1 3 2 3 2.704288e-16 0.000000e+00
183 202 4.134622e-03 2.072220e-03 1 3 2 3 7.073461e-16 0.000000e+00
183 203 4.134622e-03 2.608770e-03 1 3 2 3 1.910766e-15 0.000000e+00
183 204 4.134622e-03 3.284247e-03 1 3 2 3 5.527117e-15 0.000000e+00
183 205 4.134622e-03 4.134622e-03 1 3 2 3 1.074911e-14 0.000000e+00
183 206 4.134622e-03 5.205181e-03 1 3 2 3 4.803943e-15 0.000000e+00
183 207 4.134622e-03 6.552935e-03 1 3 2 3 1.391126e-15 0.000000e+00
183 208 4.134622e-03 8.249656e-03 1 3 2 3 4.511690e-16 0.000000e+00
184 198 5.205181e-03 8.249656e-04 1 3 2 3 5.447501e-18 0.000000e+00
184 199 5.205181e-03 1.038570e-03 1 3 2 3 1.380731e-17 0.000000e+00
184 200 5.205181e-03 1.307482e-03 1 3 2 3 3.496035e-17 0.000000e+00
184 201 5.205181e-03 1.646023e-03 1 3 2 3 8.906985e-17 0.000000e+00
184 202 5.205181e-03 2.072220e-03 1 3 2 3 2.290704e-16 0.000000e+00
184 203 5.205181e-03 2.608770e-03 1 3 2 3 5.996838e-16 0.000000e+00
184 204 5.205181e-03 3.284247e-03 1 3 2 3 1.627005e-15 0.000000e+00
184 205 5.205181e-03 4.134622e-03 1 3 2 3 4.803943e-15 0.000000e+00
184 206 5.205181e-03 5.205181e-03 1 3 2 3 9.589814e-15 0.000000e+00
184 207 5.205181e-03 6.552935e-03 1 3 2 3 4.155637e-15 0.000000e+00
184 208 5.205181e-03 8.249656e-03 1 3 2 3 1.211111e-15 0.000000e+00
185 198 6.552935e-03 8.249656e-04 1 3 2 3 1.873955e-18 0.000000e+00
185 199 6.552935e-03 1.038570e-03 1 3 2 3 4.701861e-18 0.000000e+00
185 200 6.552935e-03 1.307482e-03 1 3 2 3 1.189412e-17 0.000000e+00
185 201 6.552935e-03 1.646023e-03 1 3 2 3 3.009295e-17 0.000000e+00
185 202 6.552935e-03 2.072220e-03 1 3 2 3 7.658613e-17 0.000000e+00
185 203 6.552935e-03 2.608770e-03 1 3 2 3 1.966542e-16 0.000000e+00
185 204 6.552935e-03 3.284247e-03 1 3 2 3 5.135617e-16 0.000000e+00
185 205 6.552935e-03 4.134622e-03 1 3 2 3 1.391126e-15 0.000000e+00
185 206 6.552935e-03 5.205181e-03 1 3 2 3 4.155637e-15 0.000000e+00
185 207 6.552935e-03 6.552935e-03 1 3 2 3 8.490832e-15 0.000000e+00
185 208 6.552935e-03 8.249656e-03 1 3 2 3 3.612533e-15 0.000000e+00
186 198 8.249656e-03 8.249656e-04 1 3 2 3 6.575499e-19 0.000000e+00
186 199 8.249656e-03 1.038570e-03 1 3 2 3 1.668544e-18 0.000000e+00
186 200 8.249656e-03 1.307482e-03 1 3 2 3 4.230460e-18 0.000000e+00
186 201 8.249656e-03 1.646023e-03 1 3 2 3 1.061800e-17 0.000000e+00
186 202 8.249656e-03 2.072220e-03 1 3 2 3 2.685553e-17 0.000000e+00
186 203 8.249656e-03 2.608770e-03 1 3 2 3 6.808221e-17 0.000000e+00
186 204 8.249656e-03 3.284247e-03 1 3 2 3 1.739518e-16 0.000000e+00
186 205 8.249656e-03 4.134622e-03 1 3 2 3 4.511690e-16 0.000000e+00
186 206 8.249656e-03 5.205181e-03 1 3 2 3 1.211111e-15 0.000000e+00
186 207 8.249656e-03 6.552935e-03 1 3 2 3 3.612533e-15 0.000000e+00
186 208 8.249656e-03 8.249656e-03 1 3 2 3 7.507128e-15 0.000000e+00
