# Please cite the following papers in research using this covariance:
# arXiv: 1601.05779, https://arxiv.org/abs/1601.05779
# arXiv: 1911.11947, https://arxiv.org/abs/1911.11947
# arXiv: 2004.04833, https://arxiv.org/abs/2004.04833
# arXiv: 1804.10663, https://arxiv.org/abs/1804.10663
########################################################
44 121 8.249656e-04 8.249656e-04 1 1 0 1 -2.360828e-15 0.000000e+00
44 122 8.249656e-04 1.038570e-03 1 1 0 1 -6.485008e-15 0.000000e+00
44 123 8.249656e-04 1.307482e-03 1 1 0 1 -2.881538e-15 0.000000e+00
44 124 8.249656e-04 1.646023e-03 1 1 0 1 3.204767e-15 0.000000e+00
44 125 8.249656e-04 2.072220e-03 1 1 0 1 8.042077e-15 0.000000e+00
44 126 8.249656e-04 2.608770e-03 1 1 0 1 1.084723e-14 0.000000e+00
44 127 8.249656e-04 3.284247e-03 1 1 0 1 1.190122e-14 0.000000e+00
44 128 8.249656e-04 4.134622e-03 1 1 0 1 1.174034e-14 0.000000e+00
44 129 8.249656e-04 5.205181e-03 1 1 0 1 1.086450e-14 0.000000e+00
44 130 8.249656e-04 6.552935e-03 1 1 0 1 9.654769e-15 0.000000e+00
44 131 8.249656e-04 8.249656e-03 1 1 0 1 8.369495e-15 0.000000e+00
45 121 1.038570e-03 8.249656e-04 1 1 0 1 -3.222152e-17 0.000000e+00
45 122 1.038570e-03 1.038570e-03 1 1 0 1 -2.302365e-15 0.000000e+00
45 123 1.038570e-03 1.307482e-03 1 1 0 1 -6.554287e-15 0.000000e+00
45 124 1.038570e-03 1.646023e-03 1 1 0 1 -2.956566e-15 0.000000e+00
45 125 1.038570e-03 2.072220e-03 1 1 0 1 2.917176e-15 0.000000e+00
45 126 1.038570e-03 2.608770e-03 1 1 0 1 7.363417e-15 0.000000e+00
45 127 1.038570e-03 3.284247e-03 1 1 0 1 9.757859e-15 0.000000e+00
45 128 1.038570e-03 4.134622e-03 1 1 0 1 1.049911e-14 0.000000e+00
45 129 1.038570e-03 5.205181e-03 1 1 0 1 1.017391e-14 0.000000e+00
45 130 1.038570e-03 6.552935e-03 1 1 0 1 9.280555e-15 0.000000e+00
45 131 1.038570e-03 8.249656e-03 1 1 0 1 8.169919e-15 0.000000e+00
46 121 1.307482e-03 8.249656e-04 1 1 0 1 3.659881e-17 0.000000e+00
46 122 1.307482e-03 1.038570e-03 1 1 0 1 4.235488e-17 0.000000e+00
46 123 1.307482e-03 1.307482e-03 1 1 0 1 -2.189166e-15 0.000000e+00
46 124 1.307482e-03 1.646023e-03 1 1 0 1 -6.510835e-15 0.000000e+00
46 125 1.307482e-03 2.072220e-03 1 1 0 1 -2.958327e-15 0.000000e+00
46 126 1.307482e-03 2.608770e-03 1 1 0 1 2.612944e-15 0.000000e+00
46 127 1.307482e-03 3.284247e-03 1 1 0 1 6.617096e-15 0.000000e+00
46 128 1.307482e-03 4.134622e-03 1 1 0 1 8.615071e-15 0.000000e+00
46 129 1.307482e-03 5.205181e-03 1 1 0 1 9.105969e-15 0.000000e+00
46 130 1.307482e-03 6.552935e-03 1 1 0 1 8.695962e-15 0.000000e+00
46 131 1.307482e-03 8.249656e-03 1 1 0 1 7.856348e-15 0.000000e+00
47 121 1.646023e-03 8.249656e-04 1 1 0 1 2.453307e-17 0.000000e+00
47 122 1.646023e-03 1.038570e-03 1 1 0 1 6.111599e-17 0.000000e+00
47 123 1.646023e-03 1.307482e-03 1 1 0 1 1.252333e-16 0.000000e+00
47 124 1.646023e-03 1.646023e-03 1 1 0 1 -2.020601e-15 0.000000e+00
47 125 1.646023e-03 2.072220e-03 1 1 0 1 -6.344906e-15 0.000000e+00
47 126 1.646023e-03 2.608770e-03 1 1 0 1 -2.879917e-15 0.000000e+00
47 127 1.646023e-03 3.284247e-03 1 1 0 1 2.308712e-15 0.000000e+00
47 128 1.646023e-03 4.134622e-03 1 1 0 1 5.844044e-15 0.000000e+00
47 129 1.646023e-03 5.205181e-03 1 1 0 1 7.481512e-15 0.000000e+00
47 130 1.646023e-03 6.552935e-03 1 1 0 1 7.790959e-15 0.000000e+00
47 131 1.646023e-03 8.249656e-03 1 1 0 1 7.366189e-15 0.000000e+00
48 121 2.072220e-03 8.249656e-04 1 1 0 1 1.220911e-17 0.000000e+00
48 122 2.072220e-03 1.038570e-03 1 1 0 1 3.152504e-17 0.000000e+00
48 123 2.072220e-03 1.307482e-03 1 1 0 1 8.404525e-17 0.000000e+00
48 124 2.072220e-03 1.646023e-03 1 1 0 1 2.084850e-16 0.000000e+00
48 125 2.072220e-03 2.072220e-03 1 1 0 1 -1.805502e-15 0.000000e+00
48 126 2.072220e-03 2.608770e-03 1 1 0 1 -6.057269e-15 0.000000e+00
48 127 2.072220e-03 3.284247e-03 1 1 0 1 -2.723615e-15 0.000000e+00
48 128 2.072220e-03 4.134622e-03 1 1 0 1 2.018465e-15 0.000000e+00
48 129 2.072220e-03 5.205181e-03 1 1 0 1 5.083612e-15 0.000000e+00
48 130 2.072220e-03 6.552935e-03 1 1 0 1 6.411859e-15 0.000000e+00
48 131 2.072220e-03 8.249656e-03 1 1 0 1 6.606796e-15 0.000000e+00
49 121 2.608770e-03 8.249656e-04 1 1 0 1 5.473437e-18 0.000000e+00
49 122 2.608770e-03 1.038570e-03 1 1 0 1 1.359906e-17 0.000000e+00
49 123 2.608770e-03 1.307482e-03 1 1 0 1 3.653735e-17 0.000000e+00
49 124 2.608770e-03 1.646023e-03 1 1 0 1 1.015500e-16 0.000000e+00
49 125 2.608770e-03 2.072220e-03 1 1 0 1 2.830008e-16 0.000000e+00
49 126 2.608770e-03 2.608770e-03 1 1 0 1 -1.558130e-15 0.000000e+00
49 127 2.608770e-03 3.284247e-03 1 1 0 1 -5.660805e-15 0.000000e+00
49 128 2.608770e-03 4.134622e-03 1 1 0 1 -2.501271e-15 0.000000e+00
49 129 2.608770e-03 5.205181e-03 1 1 0 1 1.751920e-15 0.000000e+00
49 130 2.608770e-03 6.552935e-03 1 1 0 1 4.369635e-15 0.000000e+00
49 131 2.608770e-03 8.249656e-03 1 1 0 1 5.447925e-15 0.000000e+00
50 121 3.284247e-03 8.249656e-04 1 1 0 1 2.309012e-18 0.000000e+00
50 122 3.284247e-03 1.038570e-03 1 1 0 1 5.269700e-18 0.000000e+00
50 123 3.284247e-03 1.307482e-03 1 1 0 1 1.405944e-17 0.000000e+00
50 124 3.284247e-03 1.646023e-03 1 1 0 1 3.858917e-17 0.000000e+00
50 125 3.284247e-03 2.072220e-03 1 1 0 1 1.112214e-16 0.000000e+00
50 126 3.284247e-03 2.608770e-03 1 1 0 1 3.403397e-16 0.000000e+00
50 127 3.284247e-03 3.284247e-03 1 1 0 1 -1.297188e-15 0.000000e+00
50 128 3.284247e-03 4.134622e-03 1 1 0 1 -5.179105e-15 0.000000e+00
50 129 3.284247e-03 5.205181e-03 1 1 0 1 -2.232277e-15 0.000000e+00
50 130 3.284247e-03 6.552935e-03 1 1 0 1 1.515273e-15 0.000000e+00
50 131 3.284247e-03 8.249656e-03 1 1 0 1 3.727537e-15 0.000000e+00
51 121 4.134622e-03 8.249656e-04 1 1 0 1 1.015360e-18 0.000000e+00
51 122 4.134622e-03 1.038570e-03 1 1 0 1 1.885781e-18 0.000000e+00
51 123 4.134622e-03 1.307482e-03 1 1 0 1 4.997258e-18 0.000000e+00
51 124 4.134622e-03 1.646023e-03 1 1 0 1 1.349482e-17 0.000000e+00
51 125 4.134622e-03 2.072220e-03 1 1 0 1 3.754581e-17 0.000000e+00
51 126 4.134622e-03 2.608770e-03 1 1 0 1 1.122496e-16 0.000000e+00
51 127 4.134622e-03 3.284247e-03 1 1 0 1 3.742250e-16 0.000000e+00
51 128 4.134622e-03 4.134622e-03 1 1 0 1 -1.042370e-15 0.000000e+00
51 129 4.134622e-03 5.205181e-03 1 1 0 1 -4.642495e-15 0.000000e+00
51 130 4.134622e-03 6.552935e-03 1 1 0 1 -1.939403e-15 0.000000e+00
51 131 4.134622e-03 8.249656e-03 1 1 0 1 1.311266e-15 0.000000e+00
52 121 5.205181e-03 8.249656e-04 1 1 0 1 5.003668e-19 0.000000e+00
52 122 5.205181e-03 1.038570e-03 1 1 0 1 5.979467e-19 0.000000e+00
52 123 5.205181e-03 1.307482e-03 1 1 0 1 1.628450e-18 0.000000e+00
52 124 5.205181e-03 1.646023e-03 1 1 0 1 4.426994e-18 0.000000e+00
52 125 5.205181e-03 2.072220e-03 1 1 0 1 1.194030e-17 0.000000e+00
52 126 5.205181e-03 2.608770e-03 1 1 0 1 3.398397e-17 0.000000e+00
52 127 5.205181e-03 3.284247e-03 1 1 0 1 1.054231e-16 0.000000e+00
52 128 5.205181e-03 4.134622e-03 1 1 0 1 3.826233e-16 0.000000e+00
52 129 5.205181e-03 5.205181e-03 1 1 0 1 -8.106144e-16 0.000000e+00
52 130 5.205181e-03 6.552935e-03 1 1 0 1 -4.083959e-15 0.000000e+00
52 131 5.205181e-03 8.249656e-03 1 1 0 1 -1.645167e-15 0.000000e+00
53 121 6.552935e-03 8.249656e-04 1 1 0 1 3.446517e-19 0.000000e+00
53 122 6.552935e-03 1.038570e-03 1 1 0 1 1.599931e-19 0.000000e+00
53 123 6.552935e-03 1.307482e-03 1 1 0 1 5.074515e-19 0.000000e+00
53 124 6.552935e-03 1.646023e-03 1 1 0 1 1.418116e-18 0.000000e+00
53 125 6.552935e-03 2.072220e-03 1 1 0 1 3.678606e-18 0.000000e+00
53 126 6.552935e-03 2.608770e-03 1 1 0 1 1.002778e-17 0.000000e+00
53 127 6.552935e-03 3.284247e-03 1 1 0 1 2.894034e-17 0.000000e+00
53 128 6.552935e-03 4.134622e-03 1 1 0 1 9.285433e-17 0.000000e+00
53 129 6.552935e-03 5.205181e-03 1 1 0 1 3.673395e-16 0.000000e+00
53 130 6.552935e-03 6.552935e-03 1 1 0 1 -6.141635e-16 0.000000e+00
53 131 6.552935e-03 8.249656e-03 1 1 0 1 -3.534632e-15 0.000000e+00
54 121 8.249656e-03 8.249656e-04 1 1 0 1 2.756585e-19 0.000000e+00
54 122 8.249656e-03 1.038570e-03 1 1 0 1 7.976422e-21 0.000000e+00
54 123 8.249656e-03 1.307482e-03 1 1 0 1 1.226405e-19 0.000000e+00
54 124 8.249656e-03 1.646023e-03 1 1 0 1 4.175540e-19 0.000000e+00
54 125 8.249656e-03 2.072220e-03 1 1 0 1 1.061464e-18 0.000000e+00
54 126 8.249656e-03 2.608770e-03 1 1 0 1 2.836924e-18 0.000000e+00
54 127 8.249656e-03 3.284247e-03 1 1 0 1 7.861315e-18 0.000000e+00
54 128 8.249656e-03 4.134622e-03 1 1 0 1 2.317125e-17 0.000000e+00
54 129 8.249656e-03 5.205181e-03 1 1 0 1 7.703457e-17 0.000000e+00
54 130 8.249656e-03 6.552935e-03 1 1 0 1 3.333451e-16 0.000000e+00
54 131 8.249656e-03 8.249656e-03 1 1 0 1 -4.592538e-16 0.000000e+00
