# Please cite the following papers in research using this covariance:
# arXiv: 1601.05779, https://arxiv.org/abs/1601.05779
# arXiv: 1911.11947, https://arxiv.org/abs/1911.11947
# arXiv: 2004.04833, https://arxiv.org/abs/2004.04833
# arXiv: 1804.10663, https://arxiv.org/abs/1804.10663
########################################################
154 154 8.249656e-04 8.249656e-04 1 1 1 1 3.843267e-11 0.000000e+00
154 155 8.249656e-04 1.038570e-03 1 1 1 1 1.617147e-14 0.000000e+00
154 156 8.249656e-04 1.307482e-03 1 1 1 1 6.254562e-15 0.000000e+00
154 157 8.249656e-04 1.646023e-03 1 1 1 1 2.278321e-15 0.000000e+00
154 158 8.249656e-04 2.072220e-03 1 1 1 1 7.965356e-16 0.000000e+00
154 159 8.249656e-04 2.608770e-03 1 1 1 1 2.689554e-16 0.000000e+00
154 160 8.249656e-04 3.284247e-03 1 1 1 1 8.812227e-17 0.000000e+00
154 161 8.249656e-04 4.134622e-03 1 1 1 1 2.820825e-17 0.000000e+00
154 162 8.249656e-04 5.205181e-03 1 1 1 1 8.865003e-18 0.000000e+00
154 163 8.249656e-04 6.552935e-03 1 1 1 1 2.799635e-18 0.000000e+00
154 164 8.249656e-04 8.249656e-03 1 1 1 1 8.748245e-19 0.000000e+00
155 154 1.038570e-03 8.249656e-04 1 1 1 1 1.617147e-14 0.000000e+00
155 155 1.038570e-03 1.038570e-03 1 1 1 1 2.438683e-11 0.000000e+00
155 156 1.038570e-03 1.307482e-03 1 1 1 1 1.584691e-14 0.000000e+00
155 157 1.038570e-03 1.646023e-03 1 1 1 1 5.869728e-15 0.000000e+00
155 158 1.038570e-03 2.072220e-03 1 1 1 1 2.050943e-15 0.000000e+00
155 159 1.038570e-03 2.608770e-03 1 1 1 1 6.893742e-16 0.000000e+00
155 160 1.038570e-03 3.284247e-03 1 1 1 1 2.247304e-16 0.000000e+00
155 161 1.038570e-03 4.134622e-03 1 1 1 1 7.159726e-17 0.000000e+00
155 162 1.038570e-03 5.205181e-03 1 1 1 1 2.252452e-17 0.000000e+00
155 163 1.038570e-03 6.552935e-03 1 1 1 1 7.033085e-18 0.000000e+00
155 164 1.038570e-03 8.249656e-03 1 1 1 1 2.230875e-18 0.000000e+00
156 154 1.307482e-03 8.249656e-04 1 1 1 1 6.254562e-15 0.000000e+00
156 155 1.307482e-03 1.038570e-03 1 1 1 1 1.584691e-14 0.000000e+00
156 156 1.307482e-03 1.307482e-03 1 1 1 1 1.546538e-11 0.000000e+00
156 157 1.307482e-03 1.646023e-03 1 1 1 1 1.519444e-14 0.000000e+00
156 158 1.307482e-03 2.072220e-03 1 1 1 1 5.356104e-15 0.000000e+00
156 159 1.307482e-03 2.608770e-03 1 1 1 1 1.789410e-15 0.000000e+00
156 160 1.307482e-03 3.284247e-03 1 1 1 1 5.787706e-16 0.000000e+00
156 161 1.307482e-03 4.134622e-03 1 1 1 1 1.830449e-16 0.000000e+00
156 162 1.307482e-03 5.205181e-03 1 1 1 1 5.721931e-17 0.000000e+00
156 163 1.307482e-03 6.552935e-03 1 1 1 1 1.785188e-17 0.000000e+00
156 164 1.307482e-03 8.249656e-03 1 1 1 1 5.684248e-18 0.000000e+00
157 154 1.646023e-03 8.249656e-04 1 1 1 1 2.278321e-15 0.000000e+00
157 155 1.646023e-03 1.038570e-03 1 1 1 1 5.869728e-15 0.000000e+00
157 156 1.646023e-03 1.307482e-03 1 1 1 1 1.519444e-14 0.000000e+00
157 157 1.646023e-03 1.646023e-03 1 1 1 1 9.817324e-12 0.000000e+00
157 158 1.646023e-03 2.072220e-03 1 1 1 1 1.422409e-14 0.000000e+00
157 159 1.646023e-03 2.608770e-03 1 1 1 1 4.744369e-15 0.000000e+00
157 160 1.646023e-03 3.284247e-03 1 1 1 1 1.514981e-15 0.000000e+00
157 161 1.646023e-03 4.134622e-03 1 1 1 1 4.734209e-16 0.000000e+00
157 162 1.646023e-03 5.205181e-03 1 1 1 1 1.465591e-16 0.000000e+00
157 163 1.646023e-03 6.552935e-03 1 1 1 1 4.537361e-17 0.000000e+00
157 164 1.646023e-03 8.249656e-03 1 1 1 1 1.429647e-17 0.000000e+00
158 154 2.072220e-03 8.249656e-04 1 1 1 1 7.965356e-16 0.000000e+00
158 155 2.072220e-03 1.038570e-03 1 1 1 1 2.050943e-15 0.000000e+00
158 156 2.072220e-03 1.307482e-03 1 1 1 1 5.356104e-15 0.000000e+00
158 157 2.072220e-03 1.646023e-03 1 1 1 1 1.422409e-14 0.000000e+00
158 158 2.072220e-03 2.072220e-03 1 1 1 1 6.233052e-12 0.000000e+00
158 159 2.072220e-03 2.608770e-03 1 1 1 1 1.298269e-14 0.000000e+00
158 160 2.072220e-03 3.284247e-03 1 1 1 1 4.080891e-15 0.000000e+00
158 161 2.072220e-03 4.134622e-03 1 1 1 1 1.248874e-15 0.000000e+00
158 162 2.072220e-03 5.205181e-03 1 1 1 1 3.801352e-16 0.000000e+00
158 163 2.072220e-03 6.552935e-03 1 1 1 1 1.163496e-16 0.000000e+00
158 164 2.072220e-03 8.249656e-03 1 1 1 1 3.638839e-17 0.000000e+00
159 154 2.608770e-03 8.249656e-04 1 1 1 1 2.689554e-16 0.000000e+00
159 155 2.608770e-03 1.038570e-03 1 1 1 1 6.893742e-16 0.000000e+00
159 156 2.608770e-03 1.307482e-03 1 1 1 1 1.789410e-15 0.000000e+00
159 157 2.608770e-03 1.646023e-03 1 1 1 1 4.744369e-15 0.000000e+00
159 158 2.608770e-03 2.072220e-03 1 1 1 1 1.298269e-14 0.000000e+00
159 159 2.608770e-03 2.608770e-03 1 1 1 1 3.957121e-12 0.000000e+00
159 160 2.608770e-03 3.284247e-03 1 1 1 1 1.154888e-14 0.000000e+00
159 161 2.608770e-03 4.134622e-03 1 1 1 1 3.416176e-15 0.000000e+00
159 162 2.608770e-03 5.205181e-03 1 1 1 1 1.008756e-15 0.000000e+00
159 163 2.608770e-03 6.552935e-03 1 1 1 1 3.024004e-16 0.000000e+00
159 164 2.608770e-03 8.249656e-03 1 1 1 1 9.311402e-17 0.000000e+00
160 154 3.284247e-03 8.249656e-04 1 1 1 1 8.812227e-17 0.000000e+00
160 155 3.284247e-03 1.038570e-03 1 1 1 1 2.247304e-16 0.000000e+00
160 156 3.284247e-03 1.307482e-03 1 1 1 1 5.787706e-16 0.000000e+00
160 157 3.284247e-03 1.646023e-03 1 1 1 1 1.514981e-15 0.000000e+00
160 158 3.284247e-03 2.072220e-03 1 1 1 1 4.080891e-15 0.000000e+00
160 159 3.284247e-03 2.608770e-03 1 1 1 1 1.154888e-14 0.000000e+00
160 160 3.284247e-03 3.284247e-03 1 1 1 1 2.512640e-12 0.000000e+00
160 161 3.284247e-03 4.134622e-03 1 1 1 1 1.002134e-14 0.000000e+00
160 162 3.284247e-03 5.205181e-03 1 1 1 1 2.795953e-15 0.000000e+00
160 163 3.284247e-03 6.552935e-03 1 1 1 1 8.053973e-16 0.000000e+00
160 164 3.284247e-03 8.249656e-03 1 1 1 1 2.416414e-16 0.000000e+00
161 154 4.134622e-03 8.249656e-04 1 1 1 1 2.820825e-17 0.000000e+00
161 155 4.134622e-03 1.038570e-03 1 1 1 1 7.159726e-17 0.000000e+00
161 156 4.134622e-03 1.307482e-03 1 1 1 1 1.830449e-16 0.000000e+00
161 157 4.134622e-03 1.646023e-03 1 1 1 1 4.734209e-16 0.000000e+00
161 158 4.134622e-03 2.072220e-03 1 1 1 1 1.248874e-15 0.000000e+00
161 159 4.134622e-03 2.608770e-03 1 1 1 1 3.416176e-15 0.000000e+00
161 160 4.134622e-03 3.284247e-03 1 1 1 1 1.002134e-14 0.000000e+00
161 161 4.134622e-03 4.134622e-03 1 1 1 1 1.598118e-12 0.000000e+00
161 162 4.134622e-03 5.205181e-03 1 1 1 1 8.501719e-15 0.000000e+00
161 163 4.134622e-03 6.552935e-03 1 1 1 1 2.253251e-15 0.000000e+00
161 164 4.134622e-03 8.249656e-03 1 1 1 1 6.432652e-16 0.000000e+00
162 154 5.205181e-03 8.249656e-04 1 1 1 1 8.865003e-18 0.000000e+00
162 155 5.205181e-03 1.038570e-03 1 1 1 1 2.252452e-17 0.000000e+00
162 156 5.205181e-03 1.307482e-03 1 1 1 1 5.721931e-17 0.000000e+00
162 157 5.205181e-03 1.646023e-03 1 1 1 1 1.465591e-16 0.000000e+00
162 158 5.205181e-03 2.072220e-03 1 1 1 1 3.801352e-16 0.000000e+00
162 159 5.205181e-03 2.608770e-03 1 1 1 1 1.008756e-15 0.000000e+00
162 160 5.205181e-03 3.284247e-03 1 1 1 1 2.795953e-15 0.000000e+00
162 161 5.205181e-03 4.134622e-03 1 1 1 1 8.501719e-15 0.000000e+00
162 162 5.205181e-03 5.205181e-03 1 1 1 1 1.017518e-12 0.000000e+00
162 163 5.205181e-03 6.552935e-03 1 1 1 1 7.079292e-15 0.000000e+00
162 164 5.205181e-03 8.249656e-03 1 1 1 1 1.805527e-15 0.000000e+00
163 154 6.552935e-03 8.249656e-04 1 1 1 1 2.799635e-18 0.000000e+00
163 155 6.552935e-03 1.038570e-03 1 1 1 1 7.033085e-18 0.000000e+00
163 156 6.552935e-03 1.307482e-03 1 1 1 1 1.785188e-17 0.000000e+00
163 157 6.552935e-03 1.646023e-03 1 1 1 1 4.537361e-17 0.000000e+00
163 158 6.552935e-03 2.072220e-03 1 1 1 1 1.163496e-16 0.000000e+00
163 159 6.552935e-03 2.608770e-03 1 1 1 1 3.024004e-16 0.000000e+00
163 160 6.552935e-03 3.284247e-03 1 1 1 1 8.053973e-16 0.000000e+00
163 161 6.552935e-03 4.134622e-03 1 1 1 1 2.253251e-15 0.000000e+00
163 162 6.552935e-03 5.205181e-03 1 1 1 1 7.079292e-15 0.000000e+00
163 163 6.552935e-03 6.552935e-03 1 1 1 1 6.485513e-13 0.000000e+00
163 164 6.552935e-03 8.249656e-03 1 1 1 1 5.818298e-15 0.000000e+00
164 154 8.249656e-03 8.249656e-04 1 1 1 1 8.748245e-19 0.000000e+00
164 155 8.249656e-03 1.038570e-03 1 1 1 1 2.230875e-18 0.000000e+00
164 156 8.249656e-03 1.307482e-03 1 1 1 1 5.684248e-18 0.000000e+00
164 157 8.249656e-03 1.646023e-03 1 1 1 1 1.429647e-17 0.000000e+00
164 158 8.249656e-03 2.072220e-03 1 1 1 1 3.638839e-17 0.000000e+00
164 159 8.249656e-03 2.608770e-03 1 1 1 1 9.311402e-17 0.000000e+00
164 160 8.249656e-03 3.284247e-03 1 1 1 1 2.416414e-16 0.000000e+00
164 161 8.249656e-03 4.134622e-03 1 1 1 1 6.432652e-16 0.000000e+00
164 162 8.249656e-03 5.205181e-03 1 1 1 1 1.805527e-15 0.000000e+00
164 163 8.249656e-03 6.552935e-03 1 1 1 1 5.818298e-15 0.000000e+00
164 164 8.249656e-03 8.249656e-03 1 1 1 1 4.143129e-13 0.000000e+00
