# Please cite the following papers in research using this covariance:
# arXiv: 1601.05779, https://arxiv.org/abs/1601.05779
# arXiv: 1911.11947, https://arxiv.org/abs/1911.11947
# arXiv: 2004.04833, https://arxiv.org/abs/2004.04833
# arXiv: 1804.10663, https://arxiv.org/abs/1804.10663
########################################################
0 187 8.249656e-04 8.249656e-04 0 0 2 2 -7.397427e-18 0.000000e+00
0 188 8.249656e-04 1.038570e-03 0 0 2 2 -8.639789e-18 0.000000e+00
0 189 8.249656e-04 1.307482e-03 0 0 2 2 1.306600e-17 0.000000e+00
0 190 8.249656e-04 1.646023e-03 0 0 2 2 6.775033e-17 0.000000e+00
0 191 8.249656e-04 2.072220e-03 0 0 2 2 1.516586e-16 0.000000e+00
0 192 8.249656e-04 2.608770e-03 0 0 2 2 2.548454e-16 0.000000e+00
0 193 8.249656e-04 3.284247e-03 0 0 2 2 3.658407e-16 0.000000e+00
0 194 8.249656e-04 4.134622e-03 0 0 2 2 4.748067e-16 0.000000e+00
0 195 8.249656e-04 5.205181e-03 0 0 2 2 5.754101e-16 0.000000e+00
0 196 8.249656e-04 6.552935e-03 0 0 2 2 6.657898e-16 0.000000e+00
0 197 8.249656e-04 8.249656e-03 0 0 2 2 7.486420e-16 0.000000e+00
1 187 1.038570e-03 8.249656e-04 0 0 2 2 -4.996018e-18 0.000000e+00
1 188 1.038570e-03 1.038570e-03 0 0 2 2 -1.288649e-17 0.000000e+00
1 189 1.038570e-03 1.307482e-03 0 0 2 2 -1.688262e-17 0.000000e+00
1 190 1.038570e-03 1.646023e-03 0 0 2 2 1.094221e-17 0.000000e+00
1 191 1.038570e-03 2.072220e-03 0 0 2 2 8.164804e-17 0.000000e+00
1 192 1.038570e-03 2.608770e-03 0 0 2 2 1.852781e-16 0.000000e+00
1 193 1.038570e-03 3.284247e-03 0 0 2 2 3.052127e-16 0.000000e+00
1 194 1.038570e-03 4.134622e-03 0 0 2 2 4.264805e-16 0.000000e+00
1 195 1.038570e-03 5.205181e-03 0 0 2 2 5.392583e-16 0.000000e+00
1 196 1.038570e-03 6.552935e-03 0 0 2 2 6.399177e-16 0.000000e+00
1 197 1.038570e-03 8.249656e-03 0 0 2 2 7.306307e-16 0.000000e+00
2 187 1.307482e-03 8.249656e-04 0 0 2 2 -2.619222e-18 0.000000e+00
2 188 1.307482e-03 1.038570e-03 0 0 2 2 -7.741108e-18 0.000000e+00
2 189 1.307482e-03 1.307482e-03 0 0 2 2 -2.001026e-17 0.000000e+00
2 190 1.307482e-03 1.646023e-03 0 0 2 2 -2.883831e-17 0.000000e+00
2 191 1.307482e-03 2.072220e-03 0 0 2 2 5.977671e-18 0.000000e+00
2 192 1.307482e-03 2.608770e-03 0 0 2 2 9.520431e-17 0.000000e+00
2 193 1.307482e-03 3.284247e-03 0 0 2 2 2.193832e-16 0.000000e+00
2 194 1.307482e-03 4.134622e-03 0 0 2 2 3.547044e-16 0.000000e+00
2 195 1.307482e-03 5.205181e-03 0 0 2 2 4.841004e-16 0.000000e+00
2 196 1.307482e-03 6.552935e-03 0 0 2 2 5.998297e-16 0.000000e+00
2 197 1.307482e-03 8.249656e-03 0 0 2 2 7.024716e-16 0.000000e+00
3 187 1.646023e-03 8.249656e-04 0 0 2 2 -1.147929e-18 0.000000e+00
3 188 1.646023e-03 1.038570e-03 0 0 2 2 -3.763837e-18 0.000000e+00
3 189 1.646023e-03 1.307482e-03 0 0 2 2 -1.049807e-17 0.000000e+00
3 190 1.646023e-03 1.646023e-03 0 0 2 2 -2.890268e-17 0.000000e+00
3 191 1.646023e-03 2.072220e-03 0 0 2 2 -4.485324e-17 0.000000e+00
3 192 1.646023e-03 2.608770e-03 0 0 2 2 -1.831298e-18 0.000000e+00
3 193 1.646023e-03 3.284247e-03 0 0 2 2 1.079832e-16 0.000000e+00
3 194 1.646023e-03 4.134622e-03 0 0 2 2 2.528086e-16 0.000000e+00
3 195 1.646023e-03 5.205181e-03 0 0 2 2 4.020092e-16 0.000000e+00
3 196 1.646023e-03 6.552935e-03 0 0 2 2 5.385891e-16 0.000000e+00
3 197 1.646023e-03 8.249656e-03 0 0 2 2 6.588120e-16 0.000000e+00
4 187 2.072220e-03 8.249656e-04 0 0 2 2 -3.676189e-19 0.000000e+00
4 188 2.072220e-03 1.038570e-03 0 0 2 2 -1.640280e-18 0.000000e+00
4 189 2.072220e-03 1.307482e-03 0 0 2 2 -4.473311e-18 0.000000e+00
4 190 2.072220e-03 1.646023e-03 0 0 2 2 -1.310630e-17 0.000000e+00
4 191 2.072220e-03 2.072220e-03 0 0 2 2 -3.918374e-17 0.000000e+00
4 192 2.072220e-03 2.608770e-03 0 0 2 2 -6.445032e-17 0.000000e+00
4 193 2.072220e-03 3.284247e-03 0 0 2 2 -1.196215e-17 0.000000e+00
4 194 2.072220e-03 4.134622e-03 0 0 2 2 1.200563e-16 0.000000e+00
4 195 2.072220e-03 5.205181e-03 0 0 2 2 2.850940e-16 0.000000e+00
4 196 2.072220e-03 6.552935e-03 0 0 2 2 4.472592e-16 0.000000e+00
4 197 2.072220e-03 8.249656e-03 0 0 2 2 5.920458e-16 0.000000e+00
5 187 2.608770e-03 8.249656e-04 0 0 2 2 -1.789515e-21 0.000000e+00
5 188 2.608770e-03 1.038570e-03 0 0 2 2 -6.551409e-19 0.000000e+00
5 189 2.608770e-03 1.307482e-03 0 0 2 2 -1.705557e-18 0.000000e+00
5 190 2.608770e-03 1.646023e-03 0 0 2 2 -4.797859e-18 0.000000e+00
5 191 2.608770e-03 2.072220e-03 0 0 2 2 -1.518010e-17 0.000000e+00
5 192 2.608770e-03 2.608770e-03 0 0 2 2 -4.989334e-17 0.000000e+00
5 193 2.608770e-03 3.284247e-03 0 0 2 2 -8.662604e-17 0.000000e+00
5 194 2.608770e-03 4.134622e-03 0 0 2 2 -2.323048e-17 0.000000e+00
5 195 2.608770e-03 5.205181e-03 0 0 2 2 1.320418e-16 0.000000e+00
5 196 2.608770e-03 6.552935e-03 0 0 2 2 3.167559e-16 0.000000e+00
5 197 2.608770e-03 8.249656e-03 0 0 2 2 4.923029e-16 0.000000e+00
6 187 3.284247e-03 8.249656e-04 0 0 2 2 1.498742e-19 0.000000e+00
6 188 3.284247e-03 1.038570e-03 0 0 2 2 -2.514170e-19 0.000000e+00
6 189 3.284247e-03 1.307482e-03 0 0 2 2 -5.926781e-19 0.000000e+00
6 190 3.284247e-03 1.646023e-03 0 0 2 2 -1.547157e-18 0.000000e+00
6 191 3.284247e-03 2.072220e-03 0 0 2 2 -4.729539e-18 0.000000e+00
6 192 3.284247e-03 2.608770e-03 0 0 2 2 -1.616252e-17 0.000000e+00
6 193 3.284247e-03 3.284247e-03 0 0 2 2 -6.001759e-17 0.000000e+00
6 194 3.284247e-03 4.134622e-03 0 0 2 2 -1.098721e-16 0.000000e+00
6 195 3.284247e-03 5.205181e-03 0 0 2 2 -3.403427e-17 0.000000e+00
6 196 3.284247e-03 6.552935e-03 0 0 2 2 1.450058e-16 0.000000e+00
6 197 3.284247e-03 8.249656e-03 0 0 2 2 3.493589e-16 0.000000e+00
7 187 4.134622e-03 8.249656e-04 0 0 2 2 2.050505e-19 0.000000e+00
7 188 4.134622e-03 1.038570e-03 0 0 2 2 -1.060905e-19 0.000000e+00
7 189 4.134622e-03 1.307482e-03 0 0 2 2 -1.992040e-19 0.000000e+00
7 190 4.134622e-03 1.646023e-03 0 0 2 2 -4.309342e-19 0.000000e+00
7 191 4.134622e-03 2.072220e-03 0 0 2 2 -1.307202e-18 0.000000e+00
7 192 4.134622e-03 2.608770e-03 0 0 2 2 -4.176318e-18 0.000000e+00
7 193 4.134622e-03 3.284247e-03 0 0 2 2 -1.584625e-17 0.000000e+00
7 194 4.134622e-03 4.134622e-03 0 0 2 2 -6.862836e-17 0.000000e+00
7 195 4.134622e-03 5.205181e-03 0 0 2 2 -1.325414e-16 0.000000e+00
7 196 4.134622e-03 6.552935e-03 0 0 2 2 -4.277189e-17 0.000000e+00
7 197 4.134622e-03 8.249656e-03 0 0 2 2 1.602756e-16 0.000000e+00
8 187 5.205181e-03 8.249656e-04 0 0 2 2 2.223593e-19 0.000000e+00
8 188 5.205181e-03 1.038570e-03 0 0 2 2 -6.076994e-20 0.000000e+00
8 189 5.205181e-03 1.307482e-03 0 0 2 2 -7.825427e-20 0.000000e+00
8 190 5.205181e-03 1.646023e-03 0 0 2 2 -9.590606e-20 0.000000e+00
8 191 5.205181e-03 2.072220e-03 0 0 2 2 -3.214738e-19 0.000000e+00
8 192 5.205181e-03 2.608770e-03 0 0 2 2 -9.650663e-19 0.000000e+00
8 193 5.205181e-03 3.284247e-03 0 0 2 2 -3.318620e-18 0.000000e+00
8 194 5.205181e-03 4.134622e-03 0 0 2 2 -1.435261e-17 0.000000e+00
8 195 5.205181e-03 5.205181e-03 0 0 2 2 -7.521622e-17 0.000000e+00
8 196 5.205181e-03 6.552935e-03 0 0 2 2 -1.533094e-16 0.000000e+00
8 197 5.205181e-03 8.249656e-03 0 0 2 2 -4.826086e-17 0.000000e+00
9 187 6.552935e-03 8.249656e-04 0 0 2 2 2.268748e-19 0.000000e+00
9 188 6.552935e-03 1.038570e-03 0 0 2 2 -4.884563e-20 0.000000e+00
9 189 6.552935e-03 1.307482e-03 0 0 2 2 -4.680019e-20 0.000000e+00
9 190 6.552935e-03 1.646023e-03 0 0 2 2 -1.033993e-20 0.000000e+00
9 191 6.552935e-03 2.072220e-03 0 0 2 2 -7.721888e-20 0.000000e+00
9 192 6.552935e-03 2.608770e-03 0 0 2 2 -2.110950e-19 0.000000e+00
9 193 6.552935e-03 3.284247e-03 0 0 2 2 -6.602949e-19 0.000000e+00
9 194 6.552935e-03 4.134622e-03 0 0 2 2 -2.435397e-18 0.000000e+00
9 195 6.552935e-03 5.205181e-03 0 0 2 2 -1.217432e-17 0.000000e+00
9 196 6.552935e-03 6.552935e-03 0 0 2 2 -7.990859e-17 0.000000e+00
9 197 6.552935e-03 8.249656e-03 0 0 2 2 -1.715542e-16 0.000000e+00
10 187 8.249656e-03 8.249656e-04 0 0 2 2 2.277726e-19 0.000000e+00
10 188 8.249656e-03 1.038570e-03 0 0 2 2 -4.619242e-20 0.000000e+00
10 189 8.249656e-03 1.307482e-03 0 0 2 2 -3.997111e-20 0.000000e+00
10 190 8.249656e-03 1.646023e-03 0 0 2 2 7.862624e-21 0.000000e+00
10 191 8.249656e-03 2.072220e-03 0 0 2 2 -2.648945e-20 0.000000e+00
10 192 8.249656e-03 2.608770e-03 0 0 2 2 -6.071287e-20 0.000000e+00
10 193 8.249656e-03 3.284247e-03 0 0 2 2 -1.658979e-19 0.000000e+00
10 194 8.249656e-03 4.134622e-03 0 0 2 2 -5.049220e-19 0.000000e+00
10 195 8.249656e-03 5.205181e-03 0 0 2 2 -1.834514e-18 0.000000e+00
10 196 8.249656e-03 6.552935e-03 0 0 2 2 -1.007309e-17 0.000000e+00
10 197 8.249656e-03 8.249656e-03 0 0 2 2 -8.350591e-17 0.000000e+00
