# Please cite the following papers in research using this covariance:
# arXiv: 1601.05779, https://arxiv.org/abs/1601.05779
# arXiv: 1911.11947, https://arxiv.org/abs/1911.11947
# arXiv: 2004.04833, https://arxiv.org/abs/2004.04833
# arXiv: 1804.10663, https://arxiv.org/abs/1804.10663
########################################################
11 33 8.249656e-04 8.249656e-04 0 1 0 3 1.357148e-13 0.000000e+00
11 34 8.249656e-04 1.038570e-03 0 1 0 3 1.186303e-13 0.000000e+00
11 35 8.249656e-04 1.307482e-03 0 1 0 3 9.964550e-14 0.000000e+00
11 36 8.249656e-04 1.646023e-03 0 1 0 3 8.436976e-14 0.000000e+00
11 37 8.249656e-04 2.072220e-03 0 1 0 3 7.234543e-14 0.000000e+00
11 38 8.249656e-04 2.608770e-03 0 1 0 3 6.287138e-14 0.000000e+00
11 39 8.249656e-04 3.284247e-03 0 1 0 3 5.530303e-14 0.000000e+00
11 40 8.249656e-04 4.134622e-03 0 1 0 3 4.910992e-14 0.000000e+00
11 41 8.249656e-04 5.205181e-03 0 1 0 3 4.388044e-14 0.000000e+00
11 42 8.249656e-04 6.552935e-03 0 1 0 3 3.930946e-14 0.000000e+00
11 43 8.249656e-04 8.249656e-03 0 1 0 3 3.518109e-14 0.000000e+00
12 33 1.038570e-03 8.249656e-04 0 1 0 3 1.186303e-13 0.000000e+00
12 34 1.038570e-03 1.038570e-03 0 1 0 3 1.192058e-13 0.000000e+00
12 35 1.038570e-03 1.307482e-03 0 1 0 3 1.033905e-13 0.000000e+00
12 36 1.038570e-03 1.646023e-03 0 1 0 3 8.643154e-14 0.000000e+00
12 37 1.038570e-03 2.072220e-03 0 1 0 3 7.338584e-14 0.000000e+00
12 38 1.038570e-03 2.608770e-03 0 1 0 3 6.337216e-14 0.000000e+00
12 39 1.038570e-03 3.284247e-03 0 1 0 3 5.553508e-14 0.000000e+00
12 40 1.038570e-03 4.134622e-03 0 1 0 3 4.921391e-14 0.000000e+00
12 41 1.038570e-03 5.205181e-03 0 1 0 3 4.392568e-14 0.000000e+00
12 42 1.038570e-03 6.552935e-03 0 1 0 3 3.932872e-14 0.000000e+00
12 43 1.038570e-03 8.249656e-03 0 1 0 3 3.518921e-14 0.000000e+00
13 33 1.307482e-03 8.249656e-04 0 1 0 3 9.964550e-14 0.000000e+00
13 34 1.307482e-03 1.038570e-03 0 1 0 3 1.033905e-13 0.000000e+00
13 35 1.307482e-03 1.307482e-03 0 1 0 3 1.046992e-13 0.000000e+00
13 36 1.307482e-03 1.646023e-03 0 1 0 3 9.019309e-14 0.000000e+00
13 37 1.307482e-03 2.072220e-03 0 1 0 3 7.525233e-14 0.000000e+00
13 38 1.307482e-03 2.608770e-03 0 1 0 3 6.424274e-14 0.000000e+00
13 39 1.307482e-03 3.284247e-03 0 1 0 3 5.592819e-14 0.000000e+00
13 40 1.307482e-03 4.134622e-03 0 1 0 3 4.938673e-14 0.000000e+00
13 41 1.307482e-03 5.205181e-03 0 1 0 3 4.399989e-14 0.000000e+00
13 42 1.307482e-03 6.552935e-03 0 1 0 3 3.936012e-14 0.000000e+00
13 43 1.307482e-03 8.249656e-03 0 1 0 3 3.520248e-14 0.000000e+00
14 33 1.646023e-03 8.249656e-04 0 1 0 3 8.436976e-14 0.000000e+00
14 34 1.646023e-03 1.038570e-03 0 1 0 3 8.643154e-14 0.000000e+00
14 35 1.646023e-03 1.307482e-03 0 1 0 3 9.019309e-14 0.000000e+00
14 36 1.646023e-03 1.646023e-03 0 1 0 3 9.205063e-14 0.000000e+00
14 37 1.646023e-03 2.072220e-03 0 1 0 3 7.885513e-14 0.000000e+00
14 38 1.646023e-03 2.608770e-03 0 1 0 3 6.585206e-14 0.000000e+00
14 39 1.646023e-03 3.284247e-03 0 1 0 3 5.662308e-14 0.000000e+00
14 40 1.646023e-03 4.134622e-03 0 1 0 3 4.968217e-14 0.000000e+00
14 41 1.646023e-03 5.205181e-03 0 1 0 3 4.412377e-14 0.000000e+00
14 42 1.646023e-03 6.552935e-03 0 1 0 3 3.941158e-14 0.000000e+00
14 43 1.646023e-03 8.249656e-03 0 1 0 3 3.522396e-14 0.000000e+00
15 33 2.072220e-03 8.249656e-04 0 1 0 3 7.234543e-14 0.000000e+00
15 34 2.072220e-03 1.038570e-03 0 1 0 3 7.338584e-14 0.000000e+00
15 35 2.072220e-03 1.307482e-03 0 1 0 3 7.525233e-14 0.000000e+00
15 36 2.072220e-03 1.646023e-03 0 1 0 3 7.885513e-14 0.000000e+00
15 37 2.072220e-03 2.072220e-03 0 1 0 3 8.106479e-14 0.000000e+00
15 38 2.072220e-03 2.608770e-03 0 1 0 3 6.915442e-14 0.000000e+00
15 39 2.072220e-03 3.284247e-03 0 1 0 3 5.794824e-14 0.000000e+00
15 40 2.072220e-03 4.134622e-03 0 1 0 3 5.021316e-14 0.000000e+00
15 41 2.072220e-03 5.205181e-03 0 1 0 3 4.433741e-14 0.000000e+00
15 42 2.072220e-03 6.552935e-03 0 1 0 3 3.949783e-14 0.000000e+00
15 43 2.072220e-03 8.249656e-03 0 1 0 3 3.525924e-14 0.000000e+00
16 33 2.608770e-03 8.249656e-04 0 1 0 3 6.287138e-14 0.000000e+00
16 34 2.608770e-03 1.038570e-03 0 1 0 3 6.337216e-14 0.000000e+00
16 35 2.608770e-03 1.307482e-03 0 1 0 3 6.424274e-14 0.000000e+00
16 36 2.608770e-03 1.646023e-03 0 1 0 3 6.585206e-14 0.000000e+00
16 37 2.608770e-03 2.072220e-03 0 1 0 3 6.915442e-14 0.000000e+00
16 38 2.608770e-03 2.608770e-03 0 1 0 3 7.152647e-14 0.000000e+00
16 39 2.608770e-03 3.284247e-03 0 1 0 3 6.085299e-14 0.000000e+00
16 40 2.608770e-03 4.134622e-03 0 1 0 3 5.125820e-14 0.000000e+00
16 41 2.608770e-03 5.205181e-03 0 1 0 3 4.472768e-14 0.000000e+00
16 42 2.608770e-03 6.552935e-03 0 1 0 3 3.964779e-14 0.000000e+00
16 43 2.608770e-03 8.249656e-03 0 1 0 3 3.531856e-14 0.000000e+00
17 33 3.284247e-03 8.249656e-04 0 1 0 3 5.530303e-14 0.000000e+00
17 34 3.284247e-03 1.038570e-03 0 1 0 3 5.553508e-14 0.000000e+00
17 35 3.284247e-03 1.307482e-03 0 1 0 3 5.592819e-14 0.000000e+00
17 36 3.284247e-03 1.646023e-03 0 1 0 3 5.662308e-14 0.000000e+00
17 37 3.284247e-03 2.072220e-03 0 1 0 3 5.794824e-14 0.000000e+00
17 38 3.284247e-03 2.608770e-03 0 1 0 3 6.085299e-14 0.000000e+00
17 39 3.284247e-03 3.284247e-03 0 1 0 3 6.321963e-14 0.000000e+00
17 40 3.284247e-03 4.134622e-03 0 1 0 3 5.371591e-14 0.000000e+00
17 41 3.284247e-03 5.205181e-03 0 1 0 3 4.551994e-14 0.000000e+00
17 42 3.284247e-03 6.552935e-03 0 1 0 3 3.992558e-14 0.000000e+00
17 43 3.284247e-03 8.249656e-03 0 1 0 3 3.542219e-14 0.000000e+00
18 33 4.134622e-03 8.249656e-04 0 1 0 3 4.910992e-14 0.000000e+00
18 34 4.134622e-03 1.038570e-03 0 1 0 3 4.921391e-14 0.000000e+00
18 35 4.134622e-03 1.307482e-03 0 1 0 3 4.938673e-14 0.000000e+00
18 36 4.134622e-03 1.646023e-03 0 1 0 3 4.968217e-14 0.000000e+00
18 37 4.134622e-03 2.072220e-03 0 1 0 3 5.021316e-14 0.000000e+00
18 38 4.134622e-03 2.608770e-03 0 1 0 3 5.125820e-14 0.000000e+00
18 39 4.134622e-03 3.284247e-03 0 1 0 3 5.371591e-14 0.000000e+00
18 40 4.134622e-03 4.134622e-03 0 1 0 3 5.594218e-14 0.000000e+00
18 41 4.134622e-03 5.205181e-03 0 1 0 3 4.752554e-14 0.000000e+00
18 42 4.134622e-03 6.552935e-03 0 1 0 3 4.050595e-14 0.000000e+00
18 43 4.134622e-03 8.249656e-03 0 1 0 3 3.561608e-14 0.000000e+00
19 33 5.205181e-03 8.249656e-04 0 1 0 3 4.388044e-14 0.000000e+00
19 34 5.205181e-03 1.038570e-03 0 1 0 3 4.392568e-14 0.000000e+00
19 35 5.205181e-03 1.307482e-03 0 1 0 3 4.399989e-14 0.000000e+00
19 36 5.205181e-03 1.646023e-03 0 1 0 3 4.412377e-14 0.000000e+00
19 37 5.205181e-03 2.072220e-03 0 1 0 3 4.433741e-14 0.000000e+00
19 38 5.205181e-03 2.608770e-03 0 1 0 3 4.472768e-14 0.000000e+00
19 39 5.205181e-03 3.284247e-03 0 1 0 3 4.551994e-14 0.000000e+00
19 40 5.205181e-03 4.134622e-03 0 1 0 3 4.752554e-14 0.000000e+00
19 41 5.205181e-03 5.205181e-03 0 1 0 3 4.951444e-14 0.000000e+00
19 42 5.205181e-03 6.552935e-03 0 1 0 3 4.208959e-14 0.000000e+00
19 43 5.205181e-03 8.249656e-03 0 1 0 3 3.603057e-14 0.000000e+00
20 33 6.552935e-03 8.249656e-04 0 1 0 3 3.930946e-14 0.000000e+00
20 34 6.552935e-03 1.038570e-03 0 1 0 3 3.932872e-14 0.000000e+00
20 35 6.552935e-03 1.307482e-03 0 1 0 3 3.936012e-14 0.000000e+00
20 36 6.552935e-03 1.646023e-03 0 1 0 3 3.941158e-14 0.000000e+00
20 37 6.552935e-03 2.072220e-03 0 1 0 3 3.949783e-14 0.000000e+00
20 38 6.552935e-03 2.608770e-03 0 1 0 3 3.964779e-14 0.000000e+00
20 39 6.552935e-03 3.284247e-03 0 1 0 3 3.992558e-14 0.000000e+00
20 40 6.552935e-03 4.134622e-03 0 1 0 3 4.050595e-14 0.000000e+00
20 41 6.552935e-03 5.205181e-03 0 1 0 3 4.208959e-14 0.000000e+00
20 42 6.552935e-03 6.552935e-03 0 1 0 3 4.378309e-14 0.000000e+00
20 43 6.552935e-03 8.249656e-03 0 1 0 3 3.724602e-14 0.000000e+00
21 33 8.249656e-03 8.249656e-04 0 1 0 3 3.518109e-14 0.000000e+00
21 34 8.249656e-03 1.038570e-03 0 1 0 3 3.518921e-14 0.000000e+00
21 35 8.249656e-03 1.307482e-03 0 1 0 3 3.520248e-14 0.000000e+00
21 36 8.249656e-03 1.646023e-03 0 1 0 3 3.522396e-14 0.000000e+00
21 37 8.249656e-03 2.072220e-03 0 1 0 3 3.525924e-14 0.000000e+00
21 38 8.249656e-03 2.608770e-03 0 1 0 3 3.531856e-14 0.000000e+00
21 39 8.249656e-03 3.284247e-03 0 1 0 3 3.542219e-14 0.000000e+00
21 40 8.249656e-03 4.134622e-03 0 1 0 3 3.561608e-14 0.000000e+00
21 41 8.249656e-03 5.205181e-03 0 1 0 3 3.603057e-14 0.000000e+00
21 42 8.249656e-03 6.552935e-03 0 1 0 3 3.724602e-14 0.000000e+00
21 43 8.249656e-03 8.249656e-03 0 1 0 3 3.862146e-14 0.000000e+00
