# Please cite the following papers in research using this covariance:
# arXiv: 1601.05779, https://arxiv.org/abs/1601.05779
# arXiv: 1911.11947, https://arxiv.org/abs/1911.11947
# arXiv: 2004.04833, https://arxiv.org/abs/2004.04833
# arXiv: 1804.10663, https://arxiv.org/abs/1804.10663
########################################################
55 165 8.249656e-04 8.249656e-04 1 2 1 2 -7.794420e-15 0.000000e+00
55 166 8.249656e-04 1.038570e-03 1 2 1 2 -2.278291e-14 0.000000e+00
55 167 8.249656e-04 1.307482e-03 1 2 1 2 -1.037340e-14 0.000000e+00
55 168 8.249656e-04 1.646023e-03 1 2 1 2 9.328490e-15 0.000000e+00
55 169 8.249656e-04 2.072220e-03 1 2 1 2 2.363311e-14 0.000000e+00
55 170 8.249656e-04 2.608770e-03 1 2 1 2 3.086864e-14 0.000000e+00
55 171 8.249656e-04 3.284247e-03 1 2 1 2 3.273554e-14 0.000000e+00
55 172 8.249656e-04 4.134622e-03 1 2 1 2 3.135420e-14 0.000000e+00
55 173 8.249656e-04 5.205181e-03 1 2 1 2 2.838926e-14 0.000000e+00
55 174 8.249656e-04 6.552935e-03 1 2 1 2 2.493318e-14 0.000000e+00
55 175 8.249656e-04 8.249656e-03 1 2 1 2 2.161483e-14 0.000000e+00
56 165 1.038570e-03 8.249656e-04 1 2 1 2 3.748549e-16 0.000000e+00
56 166 1.038570e-03 1.038570e-03 1 2 1 2 -7.223181e-15 0.000000e+00
56 167 1.038570e-03 1.307482e-03 1 2 1 2 -2.230635e-14 0.000000e+00
56 168 1.038570e-03 1.646023e-03 1 2 1 2 -1.015191e-14 0.000000e+00
56 169 1.038570e-03 2.072220e-03 1 2 1 2 8.267926e-15 0.000000e+00
56 170 1.038570e-03 2.608770e-03 1 2 1 2 2.094009e-14 0.000000e+00
56 171 1.038570e-03 3.284247e-03 1 2 1 2 2.689077e-14 0.000000e+00
56 172 1.038570e-03 4.134622e-03 1 2 1 2 2.808629e-14 0.000000e+00
56 173 1.038570e-03 5.205181e-03 1 2 1 2 2.661447e-14 0.000000e+00
56 174 1.038570e-03 6.552935e-03 1 2 1 2 2.398245e-14 0.000000e+00
56 175 1.038570e-03 8.249656e-03 1 2 1 2 2.110623e-14 0.000000e+00
57 165 1.307482e-03 8.249656e-04 1 2 1 2 2.878012e-16 0.000000e+00
57 166 1.307482e-03 1.038570e-03 1 2 1 2 6.787364e-16 0.000000e+00
57 167 1.307482e-03 1.307482e-03 1 2 1 2 -6.484078e-15 0.000000e+00
57 168 1.307482e-03 1.646023e-03 1 2 1 2 -2.138699e-14 0.000000e+00
57 169 1.307482e-03 2.072220e-03 1 2 1 2 -9.645974e-15 0.000000e+00
57 170 1.307482e-03 2.608770e-03 1 2 1 2 7.247316e-15 0.000000e+00
57 171 1.307482e-03 3.284247e-03 1 2 1 2 1.826874e-14 0.000000e+00
57 172 1.307482e-03 4.134622e-03 1 2 1 2 2.310817e-14 0.000000e+00
57 173 1.307482e-03 5.205181e-03 1 2 1 2 2.386527e-14 0.000000e+00
57 174 1.307482e-03 6.552935e-03 1 2 1 2 2.249630e-14 0.000000e+00
57 175 1.307482e-03 8.249656e-03 1 2 1 2 2.030713e-14 0.000000e+00
58 165 1.646023e-03 8.249656e-04 1 2 1 2 1.272571e-16 0.000000e+00
58 166 1.646023e-03 1.038570e-03 1 2 1 2 3.501410e-16 0.000000e+00
58 167 1.646023e-03 1.307482e-03 1 2 1 2 9.534184e-16 0.000000e+00
58 168 1.646023e-03 1.646023e-03 1 2 1 2 -5.621515e-15 0.000000e+00
58 169 1.646023e-03 2.072220e-03 1 2 1 2 -2.006868e-14 0.000000e+00
58 170 1.646023e-03 2.608770e-03 1 2 1 2 -8.899015e-15 0.000000e+00
58 171 1.646023e-03 3.284247e-03 1 2 1 2 6.302216e-15 0.000000e+00
58 172 1.646023e-03 4.134622e-03 1 2 1 2 1.574102e-14 0.000000e+00
58 173 1.646023e-03 5.205181e-03 1 2 1 2 1.967141e-14 0.000000e+00
58 174 1.646023e-03 6.552935e-03 1 2 1 2 2.019308e-14 0.000000e+00
58 175 1.646023e-03 8.249656e-03 1 2 1 2 1.905789e-14 0.000000e+00
59 165 2.072220e-03 8.249656e-04 1 2 1 2 4.954101e-17 0.000000e+00
59 166 2.072220e-03 1.038570e-03 1 2 1 2 1.346637e-16 0.000000e+00
59 167 2.072220e-03 1.307482e-03 1 2 1 2 3.872574e-16 0.000000e+00
59 168 2.072220e-03 1.646023e-03 1 2 1 2 1.166990e-15 0.000000e+00
59 169 2.072220e-03 2.072220e-03 1 2 1 2 -4.705054e-15 0.000000e+00
59 170 2.072220e-03 2.608770e-03 1 2 1 2 -1.843247e-14 0.000000e+00
59 171 2.072220e-03 3.284247e-03 1 2 1 2 -7.978935e-15 0.000000e+00
59 172 2.072220e-03 4.134622e-03 1 2 1 2 5.455689e-15 0.000000e+00
59 173 2.072220e-03 5.205181e-03 1 2 1 2 1.344901e-14 0.000000e+00
59 174 2.072220e-03 6.552935e-03 1 2 1 2 1.667669e-14 0.000000e+00
59 175 2.072220e-03 8.249656e-03 1 2 1 2 1.712210e-14 0.000000e+00
60 165 2.608770e-03 8.249656e-04 1 2 1 2 1.823677e-17 0.000000e+00
60 166 2.608770e-03 1.038570e-03 1 2 1 2 4.734664e-17 0.000000e+00
60 167 2.608770e-03 1.307482e-03 1 2 1 2 1.320115e-16 0.000000e+00
60 168 2.608770e-03 1.646023e-03 1 2 1 2 3.937050e-16 0.000000e+00
60 169 2.608770e-03 2.072220e-03 1 2 1 2 1.297651e-15 0.000000e+00
60 170 2.608770e-03 2.608770e-03 1 2 1 2 -3.803616e-15 0.000000e+00
60 171 2.608770e-03 3.284247e-03 1 2 1 2 -1.658500e-14 0.000000e+00
60 172 2.608770e-03 4.134622e-03 1 2 1 2 -6.966208e-15 0.000000e+00
60 173 2.608770e-03 5.205181e-03 1 2 1 2 4.718956e-15 0.000000e+00
60 174 2.608770e-03 6.552935e-03 1 2 1 2 1.145116e-14 0.000000e+00
60 175 2.608770e-03 8.249656e-03 1 2 1 2 1.416645e-14 0.000000e+00
61 165 3.284247e-03 8.249656e-04 1 2 1 2 6.472414e-18 0.000000e+00
61 166 3.284247e-03 1.038570e-03 1 2 1 2 1.558965e-17 0.000000e+00
61 167 3.284247e-03 1.307482e-03 1 2 1 2 4.243505e-17 0.000000e+00
61 168 3.284247e-03 1.646023e-03 1 2 1 2 1.206330e-16 0.000000e+00
61 169 3.284247e-03 2.072220e-03 1 2 1 2 3.724747e-16 0.000000e+00
61 170 3.284247e-03 2.608770e-03 1 2 1 2 1.338164e-15 0.000000e+00
61 171 3.284247e-03 3.284247e-03 1 2 1 2 -2.977967e-15 0.000000e+00
61 172 3.284247e-03 4.134622e-03 1 2 1 2 -1.464295e-14 0.000000e+00
61 173 3.284247e-03 5.205181e-03 1 2 1 2 -5.939816e-15 0.000000e+00
61 174 3.284247e-03 6.552935e-03 1 2 1 2 4.094402e-15 0.000000e+00
61 175 3.284247e-03 8.249656e-03 1 2 1 2 9.772660e-15 0.000000e+00
62 165 4.134622e-03 8.249656e-04 1 2 1 2 2.450058e-18 0.000000e+00
62 166 4.134622e-03 1.038570e-03 1 2 1 2 4.901784e-18 0.000000e+00
62 167 4.134622e-03 1.307482e-03 1 2 1 2 1.309807e-17 0.000000e+00
62 168 4.134622e-03 1.646023e-03 1 2 1 2 3.594748e-17 0.000000e+00
62 169 4.134622e-03 2.072220e-03 1 2 1 2 1.034883e-16 0.000000e+00
62 170 4.134622e-03 2.608770e-03 1 2 1 2 3.306784e-16 0.000000e+00
62 171 4.134622e-03 3.284247e-03 1 2 1 2 1.294564e-15 0.000000e+00
62 172 4.134622e-03 4.134622e-03 1 2 1 2 -2.271592e-15 0.000000e+00
62 173 4.134622e-03 5.205181e-03 1 2 1 2 -1.271688e-14 0.000000e+00
62 174 4.134622e-03 6.552935e-03 1 2 1 2 -4.966899e-15 0.000000e+00
62 175 4.134622e-03 8.249656e-03 1 2 1 2 3.578002e-15 0.000000e+00
63 165 5.205181e-03 8.249656e-04 1 2 1 2 1.041287e-18 0.000000e+00
63 166 5.205181e-03 1.038570e-03 1 2 1 2 1.394448e-18 0.000000e+00
63 167 5.205181e-03 1.307482e-03 1 2 1 2 3.816799e-18 0.000000e+00
63 168 5.205181e-03 1.646023e-03 1 2 1 2 1.042819e-17 0.000000e+00
63 169 5.205181e-03 2.072220e-03 1 2 1 2 2.858352e-17 0.000000e+00
63 170 5.205181e-03 2.608770e-03 1 2 1 2 8.389071e-17 0.000000e+00
63 171 5.205181e-03 3.284247e-03 1 2 1 2 2.771326e-16 0.000000e+00
63 172 5.205181e-03 4.134622e-03 1 2 1 2 1.183994e-15 0.000000e+00
63 173 5.205181e-03 5.205181e-03 1 2 1 2 -1.707955e-15 0.000000e+00
63 174 5.205181e-03 6.552935e-03 1 2 1 2 -1.089984e-14 0.000000e+00
63 175 5.205181e-03 8.249656e-03 1 2 1 2 -4.094975e-15 0.000000e+00
64 165 6.552935e-03 8.249656e-04 1 2 1 2 6.703684e-19 0.000000e+00
64 166 6.552935e-03 1.038570e-03 1 2 1 2 3.023799e-19 0.000000e+00
64 167 6.552935e-03 1.307482e-03 1 2 1 2 1.041176e-18 0.000000e+00
64 168 6.552935e-03 1.646023e-03 1 2 1 2 2.918312e-18 0.000000e+00
64 169 6.552935e-03 2.072220e-03 1 2 1 2 7.704772e-18 0.000000e+00
64 170 6.552935e-03 2.608770e-03 1 2 1 2 2.151594e-17 0.000000e+00
64 171 6.552935e-03 3.284247e-03 1 2 1 2 6.427252e-17 0.000000e+00
64 172 6.552935e-03 4.134622e-03 1 2 1 2 2.198335e-16 0.000000e+00
64 173 6.552935e-03 5.205181e-03 1 2 1 2 1.029207e-15 0.000000e+00
64 174 6.552935e-03 6.552935e-03 1 2 1 2 -1.290302e-15 0.000000e+00
64 175 6.552935e-03 8.249656e-03 1 2 1 2 -9.259527e-15 0.000000e+00
65 165 8.249656e-03 8.249656e-04 1 2 1 2 5.195783e-19 0.000000e+00
65 166 8.249656e-03 1.038570e-03 1 2 1 2 -2.960699e-21 0.000000e+00
65 167 8.249656e-03 1.307482e-03 1 2 1 2 2.525581e-19 0.000000e+00
65 168 8.249656e-03 1.646023e-03 1 2 1 2 8.106506e-19 0.000000e+00
65 169 8.249656e-03 2.072220e-03 1 2 1 2 2.058915e-18 0.000000e+00
65 170 8.249656e-03 2.608770e-03 1 2 1 2 5.496440e-18 0.000000e+00
65 171 8.249656e-03 3.284247e-03 1 2 1 2 1.540568e-17 0.000000e+00
65 172 8.249656e-03 4.134622e-03 1 2 1 2 4.678541e-17 0.000000e+00
65 173 8.249656e-03 5.205181e-03 1 2 1 2 1.656293e-16 0.000000e+00
65 174 8.249656e-03 6.552935e-03 1 2 1 2 8.537069e-16 0.000000e+00
65 175 8.249656e-03 8.249656e-03 1 2 1 2 -1.006667e-15 0.000000e+00
