# Please cite the following papers in research using this covariance:
# arXiv: 1601.05779, https://arxiv.org/abs/1601.05779
# arXiv: 1911.11947, https://arxiv.org/abs/1911.11947
# arXiv: 2004.04833, https://arxiv.org/abs/2004.04833
# arXiv: 1804.10663, https://arxiv.org/abs/1804.10663
########################################################
44 132 8.249656e-04 8.249656e-04 1 1 0 2 -7.647089e-18 0.000000e+00
44 133 8.249656e-04 1.038570e-03 1 1 0 2 -8.429772e-18 0.000000e+00
44 134 8.249656e-04 1.307482e-03 1 1 0 2 1.590631e-17 0.000000e+00
44 135 8.249656e-04 1.646023e-03 1 1 0 2 7.710599e-17 0.000000e+00
44 136 8.249656e-04 2.072220e-03 1 1 0 2 1.720408e-16 0.000000e+00
44 137 8.249656e-04 2.608770e-03 1 1 0 2 2.899241e-16 0.000000e+00
44 138 8.249656e-04 3.284247e-03 1 1 0 2 4.173465e-16 0.000000e+00
44 139 8.249656e-04 4.134622e-03 1 1 0 2 5.422185e-16 0.000000e+00
44 140 8.249656e-04 5.205181e-03 1 1 0 2 6.563899e-16 0.000000e+00
44 141 8.249656e-04 6.552935e-03 1 1 0 2 7.571097e-16 0.000000e+00
44 142 8.249656e-04 8.249656e-03 1 1 0 2 8.472575e-16 0.000000e+00
45 132 1.038570e-03 8.249656e-04 1 1 0 2 -5.468461e-18 0.000000e+00
45 133 1.038570e-03 1.038570e-03 1 1 0 2 -1.383438e-17 0.000000e+00
45 134 1.038570e-03 1.307482e-03 1 1 0 2 -1.755938e-17 0.000000e+00
45 135 1.038570e-03 1.646023e-03 1 1 0 2 1.370403e-17 0.000000e+00
45 136 1.038570e-03 2.072220e-03 1 1 0 2 9.321211e-17 0.000000e+00
45 137 1.038570e-03 2.608770e-03 1 1 0 2 2.109307e-16 0.000000e+00
45 138 1.038570e-03 3.284247e-03 1 1 0 2 3.481034e-16 0.000000e+00
45 139 1.038570e-03 4.134622e-03 1 1 0 2 4.868801e-16 0.000000e+00
45 140 1.038570e-03 5.205181e-03 1 1 0 2 6.150125e-16 0.000000e+00
45 141 1.038570e-03 6.552935e-03 1 1 0 2 7.275921e-16 0.000000e+00
45 142 1.038570e-03 8.249656e-03 1 1 0 2 8.268188e-16 0.000000e+00
46 132 1.307482e-03 8.249656e-04 1 1 0 2 -2.985088e-18 0.000000e+00
46 133 1.307482e-03 1.038570e-03 1 1 0 2 -8.717064e-18 0.000000e+00
46 134 1.307482e-03 1.307482e-03 1 1 0 2 -2.202950e-17 0.000000e+00
46 135 1.307482e-03 1.646023e-03 1 1 0 2 -3.113184e-17 0.000000e+00
46 136 1.307482e-03 2.072220e-03 1 1 0 2 8.019292e-18 0.000000e+00
46 137 1.307482e-03 2.608770e-03 1 1 0 2 1.087497e-16 0.000000e+00
46 138 1.307482e-03 3.284247e-03 1 1 0 2 2.501405e-16 0.000000e+00
46 139 1.307482e-03 4.134622e-03 1 1 0 2 4.047138e-16 0.000000e+00
46 140 1.307482e-03 5.205181e-03 1 1 0 2 5.518866e-16 0.000000e+00
46 141 1.307482e-03 6.552935e-03 1 1 0 2 6.818547e-16 0.000000e+00
46 142 1.307482e-03 8.249656e-03 1 1 0 2 7.948627e-16 0.000000e+00
47 132 1.646023e-03 8.249656e-04 1 1 0 2 -1.347806e-18 0.000000e+00
47 133 1.646023e-03 1.038570e-03 1 1 0 2 -4.378192e-18 0.000000e+00
47 134 1.646023e-03 1.307482e-03 1 1 0 2 -1.205302e-17 0.000000e+00
47 135 1.646023e-03 1.646023e-03 1 1 0 2 -3.242637e-17 0.000000e+00
47 136 1.646023e-03 2.072220e-03 1 1 0 2 -4.962386e-17 0.000000e+00
47 137 1.646023e-03 2.608770e-03 1 1 0 2 -1.227063e-18 0.000000e+00
47 138 1.646023e-03 3.284247e-03 1 1 0 2 1.231248e-16 0.000000e+00
47 139 1.646023e-03 4.134622e-03 1 1 0 2 2.881282e-16 0.000000e+00
47 140 1.646023e-03 5.205181e-03 1 1 0 2 4.579506e-16 0.000000e+00
47 141 1.646023e-03 6.552935e-03 1 1 0 2 6.119820e-16 0.000000e+00
47 142 1.646023e-03 8.249656e-03 1 1 0 2 7.453118e-16 0.000000e+00
48 132 2.072220e-03 8.249656e-04 1 1 0 2 -4.447045e-19 0.000000e+00
48 133 2.072220e-03 1.038570e-03 1 1 0 2 -1.942750e-18 0.000000e+00
48 134 2.072220e-03 1.307482e-03 1 1 0 2 -5.269325e-18 0.000000e+00
48 135 2.072220e-03 1.646023e-03 1 1 0 2 -1.526008e-17 0.000000e+00
48 136 2.072220e-03 2.072220e-03 1 1 0 2 -4.456587e-17 0.000000e+00
48 137 2.072220e-03 2.608770e-03 1 1 0 2 -7.249605e-17 0.000000e+00
48 138 2.072220e-03 3.284247e-03 1 1 0 2 -1.342859e-17 0.000000e+00
48 139 2.072220e-03 4.134622e-03 1 1 0 2 1.363810e-16 0.000000e+00
48 140 2.072220e-03 5.205181e-03 1 1 0 2 3.242065e-16 0.000000e+00
48 141 2.072220e-03 6.552935e-03 1 1 0 2 5.077771e-16 0.000000e+00
48 142 2.072220e-03 8.249656e-03 1 1 0 2 6.695260e-16 0.000000e+00
49 132 2.608770e-03 8.249656e-04 1 1 0 2 -1.115291e-20 0.000000e+00
49 133 2.608770e-03 1.038570e-03 1 1 0 2 -7.798841e-19 0.000000e+00
49 134 2.608770e-03 1.307482e-03 1 1 0 2 -2.027129e-18 0.000000e+00
49 135 2.608770e-03 1.646023e-03 1 1 0 2 -5.688482e-18 0.000000e+00
49 136 2.608770e-03 2.072220e-03 1 1 0 2 -1.782502e-17 0.000000e+00
49 137 2.608770e-03 2.608770e-03 1 1 0 2 -5.725686e-17 0.000000e+00
49 138 2.608770e-03 3.284247e-03 1 1 0 2 -9.851401e-17 0.000000e+00
49 139 2.608770e-03 4.134622e-03 1 1 0 2 -2.712150e-17 0.000000e+00
49 140 2.608770e-03 5.205181e-03 1 1 0 2 1.492409e-16 0.000000e+00
49 141 2.608770e-03 6.552935e-03 1 1 0 2 3.588820e-16 0.000000e+00
49 142 2.608770e-03 8.249656e-03 1 1 0 2 5.562870e-16 0.000000e+00
50 132 3.284247e-03 8.249656e-04 1 1 0 2 1.704668e-19 0.000000e+00
50 133 3.284247e-03 1.038570e-03 1 1 0 2 -2.970169e-19 0.000000e+00
50 134 3.284247e-03 1.307482e-03 1 1 0 2 -6.993552e-19 0.000000e+00
50 135 3.284247e-03 1.646023e-03 1 1 0 2 -1.831148e-18 0.000000e+00
50 136 3.284247e-03 2.072220e-03 1 1 0 2 -5.597831e-18 0.000000e+00
50 137 3.284247e-03 2.608770e-03 1 1 0 2 -1.902772e-17 0.000000e+00
50 138 3.284247e-03 3.284247e-03 1 1 0 2 -6.920147e-17 0.000000e+00
50 139 3.284247e-03 4.134622e-03 1 1 0 2 -1.257847e-16 0.000000e+00
50 140 3.284247e-03 5.205181e-03 1 1 0 2 -4.030087e-17 0.000000e+00
50 141 3.284247e-03 6.552935e-03 1 1 0 2 1.629810e-16 0.000000e+00
50 142 3.284247e-03 8.249656e-03 1 1 0 2 3.939617e-16 0.000000e+00
51 132 4.134622e-03 8.249656e-04 1 1 0 2 2.364512e-19 0.000000e+00
51 133 4.134622e-03 1.038570e-03 1 1 0 2 -1.232127e-19 0.000000e+00
51 134 4.134622e-03 1.307482e-03 1 1 0 2 -2.287783e-19 0.000000e+00
51 135 4.134622e-03 1.646023e-03 1 1 0 2 -4.969134e-19 0.000000e+00
51 136 4.134622e-03 2.072220e-03 1 1 0 2 -1.517214e-18 0.000000e+00
51 137 4.134622e-03 2.608770e-03 1 1 0 2 -4.881614e-18 0.000000e+00
51 138 4.134622e-03 3.284247e-03 1 1 0 2 -1.857766e-17 0.000000e+00
51 139 4.134622e-03 4.134622e-03 1 1 0 2 -7.919995e-17 0.000000e+00
51 140 4.134622e-03 5.205181e-03 1 1 0 2 -1.522176e-16 0.000000e+00
51 141 4.134622e-03 6.552935e-03 1 1 0 2 -5.094061e-17 0.000000e+00
51 142 4.134622e-03 8.249656e-03 1 1 0 2 1.792009e-16 0.000000e+00
52 132 5.205181e-03 8.249656e-04 1 1 0 2 2.566957e-19 0.000000e+00
52 133 5.205181e-03 1.038570e-03 1 1 0 2 -7.013021e-20 0.000000e+00
52 134 5.205181e-03 1.307482e-03 1 1 0 2 -8.678476e-20 0.000000e+00
52 135 5.205181e-03 1.646023e-03 1 1 0 2 -1.023562e-19 0.000000e+00
52 136 5.205181e-03 2.072220e-03 1 1 0 2 -3.518450e-19 0.000000e+00
52 137 5.205181e-03 2.608770e-03 1 1 0 2 -1.072246e-18 0.000000e+00
52 138 5.205181e-03 3.284247e-03 1 1 0 2 -3.765421e-18 0.000000e+00
52 139 5.205181e-03 4.134622e-03 1 1 0 2 -1.660680e-17 0.000000e+00
52 140 5.205181e-03 5.205181e-03 1 1 0 2 -8.656688e-17 0.000000e+00
52 141 5.205181e-03 6.552935e-03 1 1 0 2 -1.760981e-16 0.000000e+00
52 142 5.205181e-03 8.249656e-03 1 1 0 2 -5.752749e-17 0.000000e+00
53 132 6.552935e-03 8.249656e-04 1 1 0 2 2.617874e-19 0.000000e+00
53 133 6.552935e-03 1.038570e-03 1 1 0 2 -5.667886e-20 0.000000e+00
53 134 6.552935e-03 1.307482e-03 1 1 0 2 -5.125313e-20 0.000000e+00
53 135 6.552935e-03 1.646023e-03 1 1 0 2 -5.397873e-21 0.000000e+00
53 136 6.552935e-03 2.072220e-03 1 1 0 2 -7.345210e-20 0.000000e+00
53 137 6.552935e-03 2.608770e-03 1 1 0 2 -2.046477e-19 0.000000e+00
53 138 6.552935e-03 3.284247e-03 1 1 0 2 -6.673200e-19 0.000000e+00
53 139 6.552935e-03 4.134622e-03 1 1 0 2 -2.596920e-18 0.000000e+00
53 140 6.552935e-03 5.205181e-03 1 1 0 2 -1.371878e-17 0.000000e+00
53 141 6.552935e-03 6.552935e-03 1 1 0 2 -9.141043e-17 0.000000e+00
53 142 6.552935e-03 8.249656e-03 1 1 0 2 -1.965686e-16 0.000000e+00
54 132 8.249656e-03 8.249656e-04 1 1 0 2 2.626163e-19 0.000000e+00
54 133 8.249656e-03 1.038570e-03 1 1 0 2 -5.414075e-20 0.000000e+00
54 134 8.249656e-03 1.307482e-03 1 1 0 2 -4.464368e-20 0.000000e+00
54 135 8.249656e-03 1.646023e-03 1 1 0 2 1.254734e-20 0.000000e+00
54 136 8.249656e-03 2.072220e-03 1 1 0 2 -2.223123e-20 0.000000e+00
54 137 8.249656e-03 2.608770e-03 1 1 0 2 -4.845088e-20 0.000000e+00
54 138 8.249656e-03 3.284247e-03 1 1 0 2 -1.362918e-19 0.000000e+00
54 139 8.249656e-03 4.134622e-03 1 1 0 2 -4.415279e-19 0.000000e+00
54 140 8.249656e-03 5.205181e-03 1 1 0 2 -1.761386e-18 0.000000e+00
54 141 8.249656e-03 6.552935e-03 1 1 0 2 -1.085735e-17 0.000000e+00
54 142 8.249656e-03 8.249656e-03 1 1 0 2 -9.467005e-17 0.000000e+00
