# Please cite the following papers in research using this covariance:
# arXiv: 1601.05779, https://arxiv.org/abs/1601.05779
# arXiv: 1911.11947, https://arxiv.org/abs/1911.11947
# arXiv: 2004.04833, https://arxiv.org/abs/2004.04833
# arXiv: 1804.10663, https://arxiv.org/abs/1804.10663
########################################################
165 165 8.249656e-04 8.249656e-04 1 2 1 2 1.795068e-11 0.000000e+00
165 166 8.249656e-04 1.038570e-03 1 2 1 2 1.628517e-14 0.000000e+00
165 167 8.249656e-04 1.307482e-03 1 2 1 2 5.940300e-15 0.000000e+00
165 168 8.249656e-04 1.646023e-03 1 2 1 2 2.052146e-15 0.000000e+00
165 169 8.249656e-04 2.072220e-03 1 2 1 2 6.865455e-16 0.000000e+00
165 170 8.249656e-04 2.608770e-03 1 2 1 2 2.245142e-16 0.000000e+00
165 171 8.249656e-04 3.284247e-03 1 2 1 2 7.226074e-17 0.000000e+00
165 172 8.249656e-04 4.134622e-03 1 2 1 2 2.312718e-17 0.000000e+00
165 173 8.249656e-04 5.205181e-03 1 2 1 2 7.378435e-18 0.000000e+00
165 174 8.249656e-04 6.552935e-03 1 2 1 2 2.424291e-18 0.000000e+00
165 175 8.249656e-04 8.249656e-03 1 2 1 2 7.962364e-19 0.000000e+00
166 165 1.038570e-03 8.249656e-04 1 2 1 2 1.628517e-14 0.000000e+00
166 166 1.038570e-03 1.038570e-03 1 2 1 2 1.139563e-11 0.000000e+00
166 167 1.038570e-03 1.307482e-03 1 2 1 2 1.549975e-14 0.000000e+00
166 168 1.038570e-03 1.646023e-03 1 2 1 2 5.380034e-15 0.000000e+00
166 169 1.038570e-03 2.072220e-03 1 2 1 2 1.784586e-15 0.000000e+00
166 170 1.038570e-03 2.608770e-03 1 2 1 2 5.780181e-16 0.000000e+00
166 171 1.038570e-03 3.284247e-03 1 2 1 2 1.845700e-16 0.000000e+00
166 172 1.038570e-03 4.134622e-03 1 2 1 2 5.868135e-17 0.000000e+00
166 173 1.038570e-03 5.205181e-03 1 2 1 2 1.876066e-17 0.000000e+00
166 174 1.038570e-03 6.552935e-03 1 2 1 2 6.075679e-18 0.000000e+00
166 175 1.038570e-03 8.249656e-03 1 2 1 2 2.030918e-18 0.000000e+00
167 165 1.307482e-03 8.249656e-04 1 2 1 2 5.940300e-15 0.000000e+00
167 166 1.307482e-03 1.038570e-03 1 2 1 2 1.549975e-14 0.000000e+00
167 167 1.307482e-03 1.307482e-03 1 2 1 2 7.231592e-12 0.000000e+00
167 168 1.307482e-03 1.646023e-03 1 2 1 2 1.441221e-14 0.000000e+00
167 169 1.307482e-03 2.072220e-03 1 2 1 2 4.744094e-15 0.000000e+00
167 170 1.307482e-03 2.608770e-03 1 2 1 2 1.512624e-15 0.000000e+00
167 171 1.307482e-03 3.284247e-03 1 2 1 2 4.767524e-16 0.000000e+00
167 172 1.307482e-03 4.134622e-03 1 2 1 2 1.500328e-16 0.000000e+00
167 173 1.307482e-03 5.205181e-03 1 2 1 2 4.761294e-17 0.000000e+00
167 174 1.307482e-03 6.552935e-03 1 2 1 2 1.541037e-17 0.000000e+00
167 175 1.307482e-03 8.249656e-03 1 2 1 2 5.174113e-18 0.000000e+00
168 165 1.646023e-03 8.249656e-04 1 2 1 2 2.052146e-15 0.000000e+00
168 166 1.646023e-03 1.038570e-03 1 2 1 2 5.380034e-15 0.000000e+00
168 167 1.646023e-03 1.307482e-03 1 2 1 2 1.441221e-14 0.000000e+00
168 168 1.646023e-03 1.646023e-03 1 2 1 2 4.594837e-12 0.000000e+00
168 169 1.646023e-03 2.072220e-03 1 2 1 2 1.308473e-14 0.000000e+00
168 170 1.646023e-03 2.608770e-03 1 2 1 2 4.077204e-15 0.000000e+00
168 171 1.646023e-03 3.284247e-03 1 2 1 2 1.255246e-15 0.000000e+00
168 172 1.646023e-03 4.134622e-03 1 2 1 2 3.882887e-16 0.000000e+00
168 173 1.646023e-03 5.205181e-03 1 2 1 2 1.218041e-16 0.000000e+00
168 174 1.646023e-03 6.552935e-03 1 2 1 2 3.907856e-17 0.000000e+00
168 175 1.646023e-03 8.249656e-03 1 2 1 2 1.298479e-17 0.000000e+00
169 165 2.072220e-03 8.249656e-04 1 2 1 2 6.865455e-16 0.000000e+00
169 166 2.072220e-03 1.038570e-03 1 2 1 2 1.784586e-15 0.000000e+00
169 167 2.072220e-03 1.307482e-03 1 2 1 2 4.744094e-15 0.000000e+00
169 168 2.072220e-03 1.646023e-03 1 2 1 2 1.308473e-14 0.000000e+00
169 169 2.072220e-03 2.072220e-03 1 2 1 2 2.920969e-12 0.000000e+00
169 170 2.072220e-03 2.608770e-03 1 2 1 2 1.160457e-14 0.000000e+00
169 171 2.072220e-03 3.284247e-03 1 2 1 2 3.426456e-15 0.000000e+00
169 172 2.072220e-03 4.134622e-03 1 2 1 2 1.026637e-15 0.000000e+00
169 173 2.072220e-03 5.205181e-03 1 2 1 2 3.153426e-16 0.000000e+00
169 174 2.072220e-03 6.552935e-03 1 2 1 2 9.988396e-17 0.000000e+00
169 175 2.072220e-03 8.249656e-03 1 2 1 2 3.296222e-17 0.000000e+00
170 165 2.608770e-03 8.249656e-04 1 2 1 2 2.245142e-16 0.000000e+00
170 166 2.608770e-03 1.038570e-03 1 2 1 2 5.780181e-16 0.000000e+00
170 167 2.608770e-03 1.307482e-03 1 2 1 2 1.512624e-15 0.000000e+00
170 168 2.608770e-03 1.646023e-03 1 2 1 2 4.077204e-15 0.000000e+00
170 169 2.608770e-03 2.072220e-03 1 2 1 2 1.160457e-14 0.000000e+00
170 170 2.608770e-03 2.608770e-03 1 2 1 2 1.857540e-12 0.000000e+00
170 171 2.608770e-03 3.284247e-03 1 2 1 2 1.006994e-14 0.000000e+00
170 172 2.608770e-03 4.134622e-03 1 2 1 2 2.830444e-15 0.000000e+00
170 173 2.608770e-03 5.205181e-03 1 2 1 2 8.350922e-16 0.000000e+00
170 174 2.608770e-03 6.552935e-03 1 2 1 2 2.583214e-16 0.000000e+00
170 175 2.608770e-03 8.249656e-03 1 2 1 2 8.395944e-17 0.000000e+00
171 165 3.284247e-03 8.249656e-04 1 2 1 2 7.226074e-17 0.000000e+00
171 166 3.284247e-03 1.038570e-03 1 2 1 2 1.845700e-16 0.000000e+00
171 167 3.284247e-03 1.307482e-03 1 2 1 2 4.767524e-16 0.000000e+00
171 168 3.284247e-03 1.646023e-03 1 2 1 2 1.255246e-15 0.000000e+00
171 169 3.284247e-03 2.072220e-03 1 2 1 2 3.426456e-15 0.000000e+00
171 170 3.284247e-03 2.608770e-03 1 2 1 2 1.006994e-14 0.000000e+00
171 171 3.284247e-03 3.284247e-03 1 2 1 2 1.182093e-12 0.000000e+00
171 172 3.284247e-03 4.134622e-03 1 2 1 2 8.574792e-15 0.000000e+00
171 173 3.284247e-03 5.205181e-03 1 2 1 2 2.315560e-15 0.000000e+00
171 174 3.284247e-03 6.552935e-03 1 2 1 2 6.830359e-16 0.000000e+00
171 175 3.284247e-03 8.249656e-03 1 2 1 2 2.162606e-16 0.000000e+00
172 165 4.134622e-03 8.249656e-04 1 2 1 2 2.312718e-17 0.000000e+00
172 166 4.134622e-03 1.038570e-03 1 2 1 2 5.868135e-17 0.000000e+00
172 167 4.134622e-03 1.307482e-03 1 2 1 2 1.500328e-16 0.000000e+00
172 168 4.134622e-03 1.646023e-03 1 2 1 2 3.882887e-16 0.000000e+00
172 169 4.134622e-03 2.072220e-03 1 2 1 2 1.026637e-15 0.000000e+00
172 170 4.134622e-03 2.608770e-03 1 2 1 2 2.830444e-15 0.000000e+00
172 171 4.134622e-03 3.284247e-03 1 2 1 2 8.574792e-15 0.000000e+00
172 172 4.134622e-03 4.134622e-03 1 2 1 2 7.540108e-13 0.000000e+00
172 173 4.134622e-03 5.205181e-03 1 2 1 2 7.196668e-15 0.000000e+00
172 174 4.134622e-03 6.552935e-03 1 2 1 2 1.894236e-15 0.000000e+00
172 175 4.134622e-03 8.249656e-03 1 2 1 2 5.687663e-16 0.000000e+00
173 165 5.205181e-03 8.249656e-04 1 2 1 2 7.378435e-18 0.000000e+00
173 166 5.205181e-03 1.038570e-03 1 2 1 2 1.876066e-17 0.000000e+00
173 167 5.205181e-03 1.307482e-03 1 2 1 2 4.761294e-17 0.000000e+00
173 168 5.205181e-03 1.646023e-03 1 2 1 2 1.218041e-16 0.000000e+00
173 169 5.205181e-03 2.072220e-03 1 2 1 2 3.153426e-16 0.000000e+00
173 170 5.205181e-03 2.608770e-03 1 2 1 2 8.350922e-16 0.000000e+00
173 171 5.205181e-03 3.284247e-03 1 2 1 2 2.315560e-15 0.000000e+00
173 172 5.205181e-03 4.134622e-03 1 2 1 2 7.196668e-15 0.000000e+00
173 173 5.205181e-03 5.205181e-03 1 2 1 2 4.818694e-13 0.000000e+00
173 174 5.205181e-03 6.552935e-03 1 2 1 2 5.989412e-15 0.000000e+00
173 175 5.205181e-03 8.249656e-03 1 2 1 2 1.567063e-15 0.000000e+00
174 165 6.552935e-03 8.249656e-04 1 2 1 2 2.424291e-18 0.000000e+00
174 166 6.552935e-03 1.038570e-03 1 2 1 2 6.075679e-18 0.000000e+00
174 167 6.552935e-03 1.307482e-03 1 2 1 2 1.541037e-17 0.000000e+00
174 168 6.552935e-03 1.646023e-03 1 2 1 2 3.907856e-17 0.000000e+00
174 169 6.552935e-03 2.072220e-03 1 2 1 2 9.988396e-17 0.000000e+00
174 170 6.552935e-03 2.608770e-03 1 2 1 2 2.583214e-16 0.000000e+00
174 171 6.552935e-03 3.284247e-03 1 2 1 2 6.830359e-16 0.000000e+00
174 172 6.552935e-03 4.134622e-03 1 2 1 2 1.894236e-15 0.000000e+00
174 173 6.552935e-03 5.205181e-03 1 2 1 2 5.989412e-15 0.000000e+00
174 174 6.552935e-03 6.552935e-03 1 2 1 2 3.086395e-13 0.000000e+00
174 175 6.552935e-03 8.249656e-03 1 2 1 2 4.980512e-15 0.000000e+00
175 165 8.249656e-03 8.249656e-04 1 2 1 2 7.962364e-19 0.000000e+00
175 166 8.249656e-03 1.038570e-03 1 2 1 2 2.030918e-18 0.000000e+00
175 167 8.249656e-03 1.307482e-03 1 2 1 2 5.174113e-18 0.000000e+00
175 168 8.249656e-03 1.646023e-03 1 2 1 2 1.298479e-17 0.000000e+00
175 169 8.249656e-03 2.072220e-03 1 2 1 2 3.296222e-17 0.000000e+00
175 170 8.249656e-03 2.608770e-03 1 2 1 2 8.395944e-17 0.000000e+00
175 171 8.249656e-03 3.284247e-03 1 2 1 2 2.162606e-16 0.000000e+00
175 172 8.249656e-03 4.134622e-03 1 2 1 2 5.687663e-16 0.000000e+00
175 173 8.249656e-03 5.205181e-03 1 2 1 2 1.567063e-15 0.000000e+00
175 174 8.249656e-03 6.552935e-03 1 2 1 2 4.980512e-15 0.000000e+00
175 175 8.249656e-03 8.249656e-03 1 2 1 2 1.984497e-13 0.000000e+00
