# Please cite the following papers in research using this covariance:
# arXiv: 1601.05779, https://arxiv.org/abs/1601.05779
# arXiv: 1911.11947, https://arxiv.org/abs/1911.11947
# arXiv: 2004.04833, https://arxiv.org/abs/2004.04833
# arXiv: 1804.10663, https://arxiv.org/abs/1804.10663
########################################################
22 143 8.249656e-04 8.249656e-04 0 2 0 3 -6.586180e-15 0.000000e+00
22 144 8.249656e-04 1.038570e-03 0 2 0 3 -2.015961e-14 0.000000e+00
22 145 8.249656e-04 1.307482e-03 0 2 0 3 -9.208203e-15 0.000000e+00
22 146 8.249656e-04 1.646023e-03 0 2 0 3 7.465339e-15 0.000000e+00
22 147 8.249656e-04 2.072220e-03 0 2 0 3 1.894064e-14 0.000000e+00
22 148 8.249656e-04 2.608770e-03 0 2 0 3 2.429420e-14 0.000000e+00
22 149 8.249656e-04 3.284247e-03 0 2 0 3 2.530712e-14 0.000000e+00
22 150 8.249656e-04 4.134622e-03 0 2 0 3 2.388464e-14 0.000000e+00
22 151 8.249656e-04 5.205181e-03 0 2 0 3 2.140191e-14 0.000000e+00
22 152 8.249656e-04 6.552935e-03 0 2 0 3 1.869004e-14 0.000000e+00
22 153 8.249656e-04 8.249656e-03 0 2 0 3 1.617958e-14 0.000000e+00
23 143 1.038570e-03 8.249656e-04 0 2 0 3 5.933533e-16 0.000000e+00
23 144 1.038570e-03 1.038570e-03 0 2 0 3 -5.913278e-15 0.000000e+00
23 145 1.038570e-03 1.307482e-03 0 2 0 3 -1.936172e-14 0.000000e+00
23 146 1.038570e-03 1.646023e-03 0 2 0 3 -8.768577e-15 0.000000e+00
23 147 1.038570e-03 2.072220e-03 0 2 0 3 6.530220e-15 0.000000e+00
23 148 1.038570e-03 2.608770e-03 0 2 0 3 1.649296e-14 0.000000e+00
23 149 1.038570e-03 3.284247e-03 0 2 0 3 2.081689e-14 0.000000e+00
23 150 1.038570e-03 4.134622e-03 0 2 0 3 2.141575e-14 0.000000e+00
23 151 1.038570e-03 5.205181e-03 0 2 0 3 2.007492e-14 0.000000e+00
23 152 1.038570e-03 6.552935e-03 0 2 0 3 1.798195e-14 0.000000e+00
23 153 1.038570e-03 8.249656e-03 0 2 0 3 1.580015e-14 0.000000e+00
24 143 1.307482e-03 8.249656e-04 0 2 0 3 3.200039e-16 0.000000e+00
24 144 1.307482e-03 1.038570e-03 0 2 0 3 8.522271e-16 0.000000e+00
24 145 1.307482e-03 1.307482e-03 0 2 0 3 -5.127969e-15 0.000000e+00
24 146 1.307482e-03 1.646023e-03 0 2 0 3 -1.818816e-14 0.000000e+00
24 147 1.307482e-03 2.072220e-03 0 2 0 3 -8.098869e-15 0.000000e+00
24 148 1.307482e-03 2.608770e-03 0 2 0 3 5.662716e-15 0.000000e+00
24 149 1.307482e-03 3.284247e-03 0 2 0 3 1.416915e-14 0.000000e+00
24 150 1.307482e-03 4.134622e-03 0 2 0 3 1.764808e-14 0.000000e+00
24 151 1.307482e-03 5.205181e-03 0 2 0 3 1.801782e-14 0.000000e+00
24 152 1.307482e-03 6.552935e-03 0 2 0 3 1.687486e-14 0.000000e+00
24 153 1.307482e-03 8.249656e-03 0 2 0 3 1.520400e-14 0.000000e+00
25 143 1.646023e-03 8.249656e-04 0 2 0 3 1.240440e-16 0.000000e+00
25 144 1.646023e-03 1.038570e-03 0 2 0 3 3.544525e-16 0.000000e+00
25 145 1.646023e-03 1.307482e-03 0 2 0 3 1.056493e-15 0.000000e+00
25 146 1.646023e-03 1.646023e-03 0 2 0 3 -4.285144e-15 0.000000e+00
25 147 1.646023e-03 2.072220e-03 0 2 0 3 -1.671311e-14 0.000000e+00
25 148 1.646023e-03 2.608770e-03 0 2 0 3 -7.263769e-15 0.000000e+00
25 149 1.646023e-03 3.284247e-03 0 2 0 3 4.882909e-15 0.000000e+00
25 150 1.646023e-03 4.134622e-03 0 2 0 3 1.205480e-14 0.000000e+00
25 151 1.646023e-03 5.205181e-03 0 2 0 3 1.487566e-14 0.000000e+00
25 152 1.646023e-03 6.552935e-03 0 2 0 3 1.515847e-14 0.000000e+00
25 153 1.646023e-03 8.249656e-03 0 2 0 3 1.427205e-14 0.000000e+00
26 143 2.072220e-03 8.249656e-04 0 2 0 3 4.379663e-17 0.000000e+00
26 144 2.072220e-03 1.038570e-03 0 2 0 3 1.217129e-16 0.000000e+00
26 145 2.072220e-03 1.307482e-03 0 2 0 3 3.622195e-16 0.000000e+00
26 146 2.072220e-03 1.646023e-03 0 2 0 3 1.184021e-15 0.000000e+00
26 147 2.072220e-03 2.072220e-03 0 2 0 3 -3.453193e-15 0.000000e+00
26 148 2.072220e-03 2.608770e-03 0 2 0 3 -1.503523e-14 0.000000e+00
26 149 2.072220e-03 3.284247e-03 0 2 0 3 -6.339495e-15 0.000000e+00
26 150 2.072220e-03 4.134622e-03 0 2 0 3 4.200270e-15 0.000000e+00
26 151 2.072220e-03 5.205181e-03 0 2 0 3 1.020259e-14 0.000000e+00
26 152 2.072220e-03 6.552935e-03 0 2 0 3 1.253621e-14 0.000000e+00
26 153 2.072220e-03 8.249656e-03 0 2 0 3 1.282793e-14 0.000000e+00
27 143 2.608770e-03 8.249656e-04 0 2 0 3 1.483834e-17 0.000000e+00
27 144 2.608770e-03 1.038570e-03 0 2 0 3 3.923692e-17 0.000000e+00
27 145 2.608770e-03 1.307482e-03 0 2 0 3 1.113316e-16 0.000000e+00
27 146 2.608770e-03 1.646023e-03 0 2 0 3 3.434919e-16 0.000000e+00
27 147 2.608770e-03 2.072220e-03 0 2 0 3 1.226464e-15 0.000000e+00
27 148 2.608770e-03 2.608770e-03 0 2 0 3 -2.689538e-15 0.000000e+00
27 149 2.608770e-03 3.284247e-03 0 2 0 3 -1.326336e-14 0.000000e+00
27 150 2.608770e-03 4.134622e-03 0 2 0 3 -5.401539e-15 0.000000e+00
27 151 2.608770e-03 5.205181e-03 0 2 0 3 3.615442e-15 0.000000e+00
27 152 2.608770e-03 6.552935e-03 0 2 0 3 8.634012e-15 0.000000e+00
27 153 2.608770e-03 8.249656e-03 0 2 0 3 1.062283e-14 0.000000e+00
28 143 3.284247e-03 8.249656e-04 0 2 0 3 4.874371e-18 0.000000e+00
28 144 3.284247e-03 1.038570e-03 0 2 0 3 1.202207e-17 0.000000e+00
28 145 3.284247e-03 1.307482e-03 0 2 0 3 3.300949e-17 0.000000e+00
28 146 3.284247e-03 1.646023e-03 0 2 0 3 9.546037e-17 0.000000e+00
28 147 3.284247e-03 2.072220e-03 0 2 0 3 3.050142e-16 0.000000e+00
28 148 3.284247e-03 2.608770e-03 0 2 0 3 1.189538e-15 0.000000e+00
28 149 3.284247e-03 3.284247e-03 0 2 0 3 -2.035967e-15 0.000000e+00
28 150 3.284247e-03 4.134622e-03 0 2 0 3 -1.150160e-14 0.000000e+00
28 151 3.284247e-03 5.205181e-03 0 2 0 3 -4.513333e-15 0.000000e+00
28 152 3.284247e-03 6.552935e-03 0 2 0 3 3.123326e-15 0.000000e+00
28 153 3.284247e-03 8.249656e-03 0 2 0 3 7.343739e-15 0.000000e+00
29 143 4.134622e-03 8.249656e-04 0 2 0 3 1.710570e-18 0.000000e+00
29 144 4.134622e-03 1.038570e-03 0 2 0 3 3.552500e-18 0.000000e+00
29 145 4.134622e-03 1.307482e-03 0 2 0 3 9.503152e-18 0.000000e+00
29 146 4.134622e-03 1.646023e-03 0 2 0 3 2.632175e-17 0.000000e+00
29 147 4.134622e-03 2.072220e-03 0 2 0 3 7.717858e-17 0.000000e+00
29 148 4.134622e-03 2.608770e-03 0 2 0 3 2.552749e-16 0.000000e+00
29 149 4.134622e-03 3.284247e-03 0 2 0 3 1.089193e-15 0.000000e+00
29 150 4.134622e-03 4.134622e-03 0 2 0 3 -1.514175e-15 0.000000e+00
29 151 4.134622e-03 5.205181e-03 0 2 0 3 -9.836762e-15 0.000000e+00
29 152 4.134622e-03 6.552935e-03 0 2 0 3 -3.720255e-15 0.000000e+00
29 153 4.134622e-03 8.249656e-03 0 2 0 3 2.714896e-15 0.000000e+00
30 143 5.205181e-03 8.249656e-04 0 2 0 3 6.631390e-19 0.000000e+00
30 144 5.205181e-03 1.038570e-03 0 2 0 3 9.646892e-19 0.000000e+00
30 145 5.205181e-03 1.307482e-03 0 2 0 3 2.612624e-18 0.000000e+00
30 146 5.205181e-03 1.646023e-03 0 2 0 3 7.160580e-18 0.000000e+00
30 147 5.205181e-03 2.072220e-03 0 2 0 3 1.982650e-17 0.000000e+00
30 148 5.205181e-03 2.608770e-03 0 2 0 3 5.921796e-17 0.000000e+00
30 149 5.205181e-03 3.284247e-03 0 2 0 3 2.025368e-16 0.000000e+00
30 150 5.205181e-03 4.134622e-03 0 2 0 3 9.475030e-16 0.000000e+00
30 151 5.205181e-03 5.205181e-03 0 2 0 3 -1.127145e-15 0.000000e+00
30 152 5.205181e-03 6.552935e-03 0 2 0 3 -8.331898e-15 0.000000e+00
30 153 5.205181e-03 8.249656e-03 0 2 0 3 -3.047310e-15 0.000000e+00
31 143 6.552935e-03 8.249656e-04 0 2 0 3 4.176558e-19 0.000000e+00
31 144 6.552935e-03 1.038570e-03 0 2 0 3 2.042595e-19 0.000000e+00
31 145 6.552935e-03 1.307482e-03 0 2 0 3 6.876856e-19 0.000000e+00
31 146 6.552935e-03 1.646023e-03 0 2 0 3 1.905031e-18 0.000000e+00
31 147 6.552935e-03 2.072220e-03 0 2 0 3 5.065574e-18 0.000000e+00
31 148 6.552935e-03 2.608770e-03 0 2 0 3 1.426271e-17 0.000000e+00
31 149 6.552935e-03 3.284247e-03 0 2 0 3 4.327691e-17 0.000000e+00
31 150 6.552935e-03 4.134622e-03 0 2 0 3 1.529672e-16 0.000000e+00
31 151 6.552935e-03 5.205181e-03 0 2 0 3 7.870712e-16 0.000000e+00
31 152 6.552935e-03 6.552935e-03 0 2 0 3 -8.626109e-16 0.000000e+00
31 153 6.552935e-03 8.249656e-03 0 2 0 3 -7.023783e-15 0.000000e+00
32 143 8.249656e-03 8.249656e-04 0 2 0 3 3.109132e-19 0.000000e+00
32 144 8.249656e-03 1.038570e-03 0 2 0 3 3.265309e-21 0.000000e+00
32 145 8.249656e-03 1.307482e-03 0 2 0 3 1.665185e-19 0.000000e+00
32 146 8.249656e-03 1.646023e-03 0 2 0 3 5.063419e-19 0.000000e+00
32 147 8.249656e-03 2.072220e-03 0 2 0 3 1.311028e-18 0.000000e+00
32 148 8.249656e-03 2.608770e-03 0 2 0 3 3.501251e-18 0.000000e+00
32 149 8.249656e-03 3.284247e-03 0 2 0 3 9.880907e-18 0.000000e+00
32 150 8.249656e-03 4.134622e-03 0 2 0 3 3.039409e-17 0.000000e+00
32 151 8.249656e-03 5.205181e-03 0 2 0 3 1.107107e-16 0.000000e+00
32 152 8.249656e-03 6.552935e-03 0 2 0 3 6.273918e-16 0.000000e+00
32 153 8.249656e-03 8.249656e-03 0 2 0 3 -6.988353e-16 0.000000e+00
