# Please cite the following papers in research using this covariance:
# arXiv: 1601.05779, https://arxiv.org/abs/1601.05779
# arXiv: 1911.11947, https://arxiv.org/abs/1911.11947
# arXiv: 2004.04833, https://arxiv.org/abs/2004.04833
# arXiv: 1804.10663, https://arxiv.org/abs/1804.10663
########################################################
132 143 8.249656e-04 8.249656e-04 0 2 0 3 2.562089e-14 0.000000e+00
132 144 8.249656e-04 1.038570e-03 0 2 0 3 1.404807e-14 0.000000e+00
132 145 8.249656e-04 1.307482e-03 0 2 0 3 4.892057e-15 0.000000e+00
132 146 8.249656e-04 1.646023e-03 0 2 0 3 1.621000e-15 0.000000e+00
132 147 8.249656e-04 2.072220e-03 0 2 0 3 5.232126e-16 0.000000e+00
132 148 8.249656e-04 2.608770e-03 0 2 0 3 1.663399e-16 0.000000e+00
132 149 8.249656e-04 3.284247e-03 0 2 0 3 5.252425e-17 0.000000e+00
132 150 8.249656e-04 4.134622e-03 0 2 0 3 1.667986e-17 0.000000e+00
132 151 8.249656e-04 5.205181e-03 0 2 0 3 5.333393e-18 0.000000e+00
132 152 8.249656e-04 6.552935e-03 0 2 0 3 1.782689e-18 0.000000e+00
132 153 8.249656e-04 8.249656e-03 0 2 0 3 5.938835e-19 0.000000e+00
133 143 1.038570e-03 8.249656e-04 0 2 0 3 1.404807e-14 0.000000e+00
133 144 1.038570e-03 1.038570e-03 0 2 0 3 2.482920e-14 0.000000e+00
133 145 1.038570e-03 1.307482e-03 0 2 0 3 1.307742e-14 0.000000e+00
133 146 1.038570e-03 1.646023e-03 0 2 0 3 4.310211e-15 0.000000e+00
133 147 1.038570e-03 2.072220e-03 0 2 0 3 1.370836e-15 0.000000e+00
133 148 1.038570e-03 2.608770e-03 0 2 0 3 4.299555e-16 0.000000e+00
133 149 1.038570e-03 3.284247e-03 0 2 0 3 1.343822e-16 0.000000e+00
133 150 1.038570e-03 4.134622e-03 0 2 0 3 4.232595e-17 0.000000e+00
133 151 1.038570e-03 5.205181e-03 0 2 0 3 1.357789e-17 0.000000e+00
133 152 1.038570e-03 6.552935e-03 0 2 0 3 4.457655e-18 0.000000e+00
133 153 1.038570e-03 8.249656e-03 0 2 0 3 1.517164e-18 0.000000e+00
134 143 1.307482e-03 8.249656e-04 0 2 0 3 4.892057e-15 0.000000e+00
134 144 1.307482e-03 1.038570e-03 0 2 0 3 1.307742e-14 0.000000e+00
134 145 1.307482e-03 1.307482e-03 0 2 0 3 2.357613e-14 0.000000e+00
134 146 1.307482e-03 1.646023e-03 0 2 0 3 1.187745e-14 0.000000e+00
134 147 1.307482e-03 2.072220e-03 0 2 0 3 3.698297e-15 0.000000e+00
134 148 1.307482e-03 2.608770e-03 0 2 0 3 1.133273e-15 0.000000e+00
134 149 1.307482e-03 3.284247e-03 0 2 0 3 3.481766e-16 0.000000e+00
134 150 1.307482e-03 4.134622e-03 0 2 0 3 1.083000e-16 0.000000e+00
134 151 1.307482e-03 5.205181e-03 0 2 0 3 3.444678e-17 0.000000e+00
134 152 1.307482e-03 6.552935e-03 0 2 0 3 1.130755e-17 0.000000e+00
134 153 1.307482e-03 8.249656e-03 0 2 0 3 3.870009e-18 0.000000e+00
135 143 1.646023e-03 8.249656e-04 0 2 0 3 1.621000e-15 0.000000e+00
135 144 1.646023e-03 1.038570e-03 0 2 0 3 4.310211e-15 0.000000e+00
135 145 1.646023e-03 1.307482e-03 0 2 0 3 1.187745e-14 0.000000e+00
135 146 1.646023e-03 1.646023e-03 0 2 0 3 2.193071e-14 0.000000e+00
135 147 1.646023e-03 2.072220e-03 0 2 0 3 1.052828e-14 0.000000e+00
135 148 1.646023e-03 2.608770e-03 0 2 0 3 3.098599e-15 0.000000e+00
135 149 1.646023e-03 3.284247e-03 0 2 0 3 9.220280e-16 0.000000e+00
135 150 1.646023e-03 4.134622e-03 0 2 0 3 2.807468e-16 0.000000e+00
135 151 1.646023e-03 5.205181e-03 0 2 0 3 8.810365e-17 0.000000e+00
135 152 1.646023e-03 6.552935e-03 0 2 0 3 2.864233e-17 0.000000e+00
135 153 1.646023e-03 8.249656e-03 0 2 0 3 9.698831e-18 0.000000e+00
136 143 2.072220e-03 8.249656e-04 0 2 0 3 5.232126e-16 0.000000e+00
136 144 2.072220e-03 1.038570e-03 0 2 0 3 1.370836e-15 0.000000e+00
136 145 2.072220e-03 1.307482e-03 0 2 0 3 3.698297e-15 0.000000e+00
136 146 2.072220e-03 1.646023e-03 0 2 0 3 1.052828e-14 0.000000e+00
136 147 2.072220e-03 2.072220e-03 0 2 0 3 1.998711e-14 0.000000e+00
136 148 2.072220e-03 2.608770e-03 0 2 0 3 9.121983e-15 0.000000e+00
136 149 2.072220e-03 3.284247e-03 0 2 0 3 2.548439e-15 0.000000e+00
136 150 2.072220e-03 4.134622e-03 0 2 0 3 7.449588e-16 0.000000e+00
136 151 2.072220e-03 5.205181e-03 0 2 0 3 2.280615e-16 0.000000e+00
136 152 2.072220e-03 6.552935e-03 0 2 0 3 7.311716e-17 0.000000e+00
136 153 2.072220e-03 8.249656e-03 0 2 0 3 2.460288e-17 0.000000e+00
137 143 2.608770e-03 8.249656e-04 0 2 0 3 1.663399e-16 0.000000e+00
137 144 2.608770e-03 1.038570e-03 0 2 0 3 4.299555e-16 0.000000e+00
137 145 2.608770e-03 1.307482e-03 0 2 0 3 1.133273e-15 0.000000e+00
137 146 2.608770e-03 1.646023e-03 0 2 0 3 3.098599e-15 0.000000e+00
137 147 2.608770e-03 2.072220e-03 0 2 0 3 9.121983e-15 0.000000e+00
137 148 2.608770e-03 2.608770e-03 0 2 0 3 1.786472e-14 0.000000e+00
137 149 2.608770e-03 3.284247e-03 0 2 0 3 7.747373e-15 0.000000e+00
137 150 2.608770e-03 4.134622e-03 0 2 0 3 2.072649e-15 0.000000e+00
137 151 2.608770e-03 5.205181e-03 0 2 0 3 6.043587e-16 0.000000e+00
137 152 2.608770e-03 6.552935e-03 0 2 0 3 1.887559e-16 0.000000e+00
137 153 2.608770e-03 8.249656e-03 0 2 0 3 6.255958e-17 0.000000e+00
138 143 3.284247e-03 8.249656e-04 0 2 0 3 5.252425e-17 0.000000e+00
138 144 3.284247e-03 1.038570e-03 0 2 0 3 1.343822e-16 0.000000e+00
138 145 3.284247e-03 1.307482e-03 0 2 0 3 3.481766e-16 0.000000e+00
138 146 3.284247e-03 1.646023e-03 0 2 0 3 9.220280e-16 0.000000e+00
138 147 3.284247e-03 2.072220e-03 0 2 0 3 2.548439e-15 0.000000e+00
138 148 3.284247e-03 2.608770e-03 0 2 0 3 7.747373e-15 0.000000e+00
138 149 3.284247e-03 3.284247e-03 0 2 0 3 1.568739e-14 0.000000e+00
138 150 3.284247e-03 4.134622e-03 0 2 0 3 6.477674e-15 0.000000e+00
138 151 3.284247e-03 5.205181e-03 0 2 0 3 1.682957e-15 0.000000e+00
138 152 3.284247e-03 6.552935e-03 0 2 0 3 4.979302e-16 0.000000e+00
138 153 3.284247e-03 8.249656e-03 0 2 0 3 1.607012e-16 0.000000e+00
139 143 4.134622e-03 8.249656e-04 0 2 0 3 1.667986e-17 0.000000e+00
139 144 4.134622e-03 1.038570e-03 0 2 0 3 4.232595e-17 0.000000e+00
139 145 4.134622e-03 1.307482e-03 0 2 0 3 1.083000e-16 0.000000e+00
139 146 4.134622e-03 1.646023e-03 0 2 0 3 2.807468e-16 0.000000e+00
139 147 4.134622e-03 2.072220e-03 0 2 0 3 7.449588e-16 0.000000e+00
139 148 4.134622e-03 2.608770e-03 0 2 0 3 2.072649e-15 0.000000e+00
139 149 4.134622e-03 3.284247e-03 0 2 0 3 6.477674e-15 0.000000e+00
139 150 4.134622e-03 4.134622e-03 0 2 0 3 1.356859e-14 0.000000e+00
139 151 4.134622e-03 5.205181e-03 0 2 0 3 5.363124e-15 0.000000e+00
139 152 4.134622e-03 6.552935e-03 0 2 0 3 1.379044e-15 0.000000e+00
139 153 4.134622e-03 8.249656e-03 0 2 0 3 4.207984e-16 0.000000e+00
140 143 5.205181e-03 8.249656e-04 0 2 0 3 5.333393e-18 0.000000e+00
140 144 5.205181e-03 1.038570e-03 0 2 0 3 1.357789e-17 0.000000e+00
140 145 5.205181e-03 1.307482e-03 0 2 0 3 3.444678e-17 0.000000e+00
140 146 5.205181e-03 1.646023e-03 0 2 0 3 8.810365e-17 0.000000e+00
140 147 5.205181e-03 2.072220e-03 0 2 0 3 2.280615e-16 0.000000e+00
140 148 5.205181e-03 2.608770e-03 0 2 0 3 6.043587e-16 0.000000e+00
140 149 5.205181e-03 3.284247e-03 0 2 0 3 1.682957e-15 0.000000e+00
140 150 5.205181e-03 4.134622e-03 0 2 0 3 5.363124e-15 0.000000e+00
140 151 5.205181e-03 5.205181e-03 0 2 0 3 1.159900e-14 0.000000e+00
140 152 5.205181e-03 6.552935e-03 0 2 0 3 4.428972e-15 0.000000e+00
140 153 5.205181e-03 8.249656e-03 0 2 0 3 1.152261e-15 0.000000e+00
141 143 6.552935e-03 8.249656e-04 0 2 0 3 1.782689e-18 0.000000e+00
141 144 6.552935e-03 1.038570e-03 0 2 0 3 4.457655e-18 0.000000e+00
141 145 6.552935e-03 1.307482e-03 0 2 0 3 1.130755e-17 0.000000e+00
141 146 6.552935e-03 1.646023e-03 0 2 0 3 2.864233e-17 0.000000e+00
141 147 6.552935e-03 2.072220e-03 0 2 0 3 7.311716e-17 0.000000e+00
141 148 6.552935e-03 2.608770e-03 0 2 0 3 1.887559e-16 0.000000e+00
141 149 6.552935e-03 3.284247e-03 0 2 0 3 4.979302e-16 0.000000e+00
141 150 6.552935e-03 4.134622e-03 0 2 0 3 1.379044e-15 0.000000e+00
141 151 6.552935e-03 5.205181e-03 0 2 0 3 4.428972e-15 0.000000e+00
141 152 6.552935e-03 6.552935e-03 0 2 0 3 9.840865e-15 0.000000e+00
141 153 6.552935e-03 8.249656e-03 0 2 0 3 3.677832e-15 0.000000e+00
142 143 8.249656e-03 8.249656e-04 0 2 0 3 5.938835e-19 0.000000e+00
142 144 8.249656e-03 1.038570e-03 0 2 0 3 1.517164e-18 0.000000e+00
142 145 8.249656e-03 1.307482e-03 0 2 0 3 3.870009e-18 0.000000e+00
142 146 8.249656e-03 1.646023e-03 0 2 0 3 9.698831e-18 0.000000e+00
142 147 8.249656e-03 2.072220e-03 0 2 0 3 2.460288e-17 0.000000e+00
142 148 8.249656e-03 2.608770e-03 0 2 0 3 6.255958e-17 0.000000e+00
142 149 8.249656e-03 3.284247e-03 0 2 0 3 1.607012e-16 0.000000e+00
142 150 8.249656e-03 4.134622e-03 0 2 0 3 4.207984e-16 0.000000e+00
142 151 8.249656e-03 5.205181e-03 0 2 0 3 1.152261e-15 0.000000e+00
142 152 8.249656e-03 6.552935e-03 0 2 0 3 3.677832e-15 0.000000e+00
142 153 8.249656e-03 8.249656e-03 0 2 0 3 8.326713e-15 0.000000e+00
