# Please cite the following papers in research using this covariance:
# arXiv: 1601.05779, https://arxiv.org/abs/1601.05779
# arXiv: 1911.11947, https://arxiv.org/abs/1911.11947
# arXiv: 2004.04833, https://arxiv.org/abs/2004.04833
# arXiv: 1804.10663, https://arxiv.org/abs/1804.10663
########################################################
165 198 8.249656e-04 8.249656e-04 1 2 2 3 1.237525e-14 0.000000e+00
165 199 8.249656e-04 1.038570e-03 1 2 2 3 7.104512e-15 0.000000e+00
165 200 8.249656e-04 1.307482e-03 1 2 2 3 2.667445e-15 0.000000e+00
165 201 8.249656e-04 1.646023e-03 1 2 2 3 9.519841e-16 0.000000e+00
165 202 8.249656e-04 2.072220e-03 1 2 2 3 3.299630e-16 0.000000e+00
165 203 8.249656e-04 2.608770e-03 1 2 2 3 1.120851e-16 0.000000e+00
165 204 8.249656e-04 3.284247e-03 1 2 2 3 3.759653e-17 0.000000e+00
165 205 8.249656e-04 4.134622e-03 1 2 2 3 1.257002e-17 0.000000e+00
165 206 8.249656e-04 5.205181e-03 1 2 2 3 4.218173e-18 0.000000e+00
165 207 8.249656e-04 6.552935e-03 1 2 2 3 1.457426e-18 0.000000e+00
165 208 8.249656e-04 8.249656e-03 1 2 2 3 5.124335e-19 0.000000e+00
166 198 1.038570e-03 8.249656e-04 1 2 2 3 7.104512e-15 0.000000e+00
166 199 1.038570e-03 1.038570e-03 1 2 2 3 1.231710e-14 0.000000e+00
166 200 1.038570e-03 1.307482e-03 1 2 2 3 6.862185e-15 0.000000e+00
166 201 1.038570e-03 1.646023e-03 1 2 2 3 2.469707e-15 0.000000e+00
166 202 1.038570e-03 2.072220e-03 1 2 2 3 8.513189e-16 0.000000e+00
166 203 1.038570e-03 2.608770e-03 1 2 2 3 2.871056e-16 0.000000e+00
166 204 1.038570e-03 3.284247e-03 1 2 2 3 9.569021e-17 0.000000e+00
166 205 1.038570e-03 4.134622e-03 1 2 2 3 3.182711e-17 0.000000e+00
166 206 1.038570e-03 5.205181e-03 1 2 2 3 1.069131e-17 0.000000e+00
166 207 1.038570e-03 6.552935e-03 1 2 2 3 3.655728e-18 0.000000e+00
166 208 1.038570e-03 8.249656e-03 1 2 2 3 1.300426e-18 0.000000e+00
167 198 1.307482e-03 8.249656e-04 1 2 2 3 2.667445e-15 0.000000e+00
167 199 1.307482e-03 1.038570e-03 1 2 2 3 6.862185e-15 0.000000e+00
167 200 1.307482e-03 1.307482e-03 1 2 2 3 1.205619e-14 0.000000e+00
167 201 1.307482e-03 1.646023e-03 1 2 2 3 6.494221e-15 0.000000e+00
167 202 1.307482e-03 2.072220e-03 1 2 2 3 2.234309e-15 0.000000e+00
167 203 1.307482e-03 2.608770e-03 1 2 2 3 7.448706e-16 0.000000e+00
167 204 1.307482e-03 3.284247e-03 1 2 2 3 2.457195e-16 0.000000e+00
167 205 1.307482e-03 4.134622e-03 1 2 2 3 8.106655e-17 0.000000e+00
167 206 1.307482e-03 5.205181e-03 1 2 2 3 2.706414e-17 0.000000e+00
167 207 1.307482e-03 6.552935e-03 1 2 2 3 9.247089e-18 0.000000e+00
167 208 1.307482e-03 8.249656e-03 1 2 2 3 3.297340e-18 0.000000e+00
168 198 1.646023e-03 8.249656e-04 1 2 2 3 9.519841e-16 0.000000e+00
168 199 1.646023e-03 1.038570e-03 1 2 2 3 2.469707e-15 0.000000e+00
168 200 1.646023e-03 1.307482e-03 1 2 2 3 6.494221e-15 0.000000e+00
168 201 1.646023e-03 1.646023e-03 1 2 2 3 1.159755e-14 0.000000e+00
168 202 1.646023e-03 2.072220e-03 1 2 2 3 6.018750e-15 0.000000e+00
168 203 1.646023e-03 2.608770e-03 1 2 2 3 1.977355e-15 0.000000e+00
168 204 1.646023e-03 3.284247e-03 1 2 2 3 6.405607e-16 0.000000e+00
168 205 1.646023e-03 4.134622e-03 1 2 2 3 2.084606e-16 0.000000e+00
168 206 1.646023e-03 5.205181e-03 1 2 2 3 6.892920e-17 0.000000e+00
168 207 1.646023e-03 6.552935e-03 1 2 2 3 2.338934e-17 0.000000e+00
168 208 1.646023e-03 8.249656e-03 1 2 2 3 8.274890e-18 0.000000e+00
169 198 2.072220e-03 8.249656e-04 1 2 2 3 3.299630e-16 0.000000e+00
169 199 2.072220e-03 1.038570e-03 1 2 2 3 8.513189e-16 0.000000e+00
169 200 2.072220e-03 1.307482e-03 1 2 2 3 2.234309e-15 0.000000e+00
169 201 2.072220e-03 1.646023e-03 1 2 2 3 6.018750e-15 0.000000e+00
169 202 2.072220e-03 2.072220e-03 1 2 2 3 1.095895e-14 0.000000e+00
169 203 2.072220e-03 2.608770e-03 1 2 2 3 5.465606e-15 0.000000e+00
169 204 2.072220e-03 3.284247e-03 1 2 2 3 1.717705e-15 0.000000e+00
169 205 2.072220e-03 4.134622e-03 1 2 2 3 5.450929e-16 0.000000e+00
169 206 2.072220e-03 5.205181e-03 1 2 2 3 1.771729e-16 0.000000e+00
169 207 2.072220e-03 6.552935e-03 1 2 2 3 5.950326e-17 0.000000e+00
169 208 2.072220e-03 8.249656e-03 1 2 2 3 2.092659e-17 0.000000e+00
170 198 2.608770e-03 8.249656e-04 1 2 2 3 1.120851e-16 0.000000e+00
170 199 2.608770e-03 1.038570e-03 1 2 2 3 2.871056e-16 0.000000e+00
170 200 2.608770e-03 1.307482e-03 1 2 2 3 7.448706e-16 0.000000e+00
170 201 2.608770e-03 1.646023e-03 1 2 2 3 1.977355e-15 0.000000e+00
170 202 2.608770e-03 2.072220e-03 1 2 2 3 5.465606e-15 0.000000e+00
170 203 2.608770e-03 2.608770e-03 1 2 2 3 1.017584e-14 0.000000e+00
170 204 2.608770e-03 3.284247e-03 1 2 2 3 4.871742e-15 0.000000e+00
170 205 2.608770e-03 4.134622e-03 1 2 2 3 1.472643e-15 0.000000e+00
170 206 2.608770e-03 5.205181e-03 1 2 2 3 4.634302e-16 0.000000e+00
170 207 2.608770e-03 6.552935e-03 1 2 2 3 1.526924e-16 0.000000e+00
170 208 2.608770e-03 8.249656e-03 1 2 2 3 5.303839e-17 0.000000e+00
171 198 3.284247e-03 8.249656e-04 1 2 2 3 3.759653e-17 0.000000e+00
171 199 3.284247e-03 1.038570e-03 1 2 2 3 9.569021e-17 0.000000e+00
171 200 3.284247e-03 1.307482e-03 1 2 2 3 2.457195e-16 0.000000e+00
171 201 3.284247e-03 1.646023e-03 1 2 2 3 6.405607e-16 0.000000e+00
171 202 3.284247e-03 2.072220e-03 1 2 2 3 1.717705e-15 0.000000e+00
171 203 3.284247e-03 2.608770e-03 1 2 2 3 4.871742e-15 0.000000e+00
171 204 3.284247e-03 3.284247e-03 1 2 2 3 9.295207e-15 0.000000e+00
171 205 3.284247e-03 4.134622e-03 1 2 2 3 4.276056e-15 0.000000e+00
171 206 3.284247e-03 5.205181e-03 1 2 2 3 1.256045e-15 0.000000e+00
171 207 3.284247e-03 6.552935e-03 1 2 2 3 3.983273e-16 0.000000e+00
171 208 3.284247e-03 8.249656e-03 1 2 2 3 1.354531e-16 0.000000e+00
172 198 4.134622e-03 8.249656e-04 1 2 2 3 1.257002e-17 0.000000e+00
172 199 4.134622e-03 1.038570e-03 1 2 2 3 3.182711e-17 0.000000e+00
172 200 4.134622e-03 1.307482e-03 1 2 2 3 8.106655e-17 0.000000e+00
172 201 4.134622e-03 1.646023e-03 1 2 2 3 2.084606e-16 0.000000e+00
172 202 4.134622e-03 2.072220e-03 1 2 2 3 5.450929e-16 0.000000e+00
172 203 4.134622e-03 2.608770e-03 1 2 2 3 1.472643e-15 0.000000e+00
172 204 4.134622e-03 3.284247e-03 1 2 2 3 4.276056e-15 0.000000e+00
172 205 4.134622e-03 4.134622e-03 1 2 2 3 8.370246e-15 0.000000e+00
172 206 4.134622e-03 5.205181e-03 1 2 2 3 3.714172e-15 0.000000e+00
172 207 4.134622e-03 6.552935e-03 1 2 2 3 1.077093e-15 0.000000e+00
172 208 4.134622e-03 8.249656e-03 1 2 2 3 3.510088e-16 0.000000e+00
173 198 5.205181e-03 8.249656e-04 1 2 2 3 4.218173e-18 0.000000e+00
173 199 5.205181e-03 1.038570e-03 1 2 2 3 1.069131e-17 0.000000e+00
173 200 5.205181e-03 1.307482e-03 1 2 2 3 2.706414e-17 0.000000e+00
173 201 5.205181e-03 1.646023e-03 1 2 2 3 6.892920e-17 0.000000e+00
173 202 5.205181e-03 2.072220e-03 1 2 2 3 1.771729e-16 0.000000e+00
173 203 5.205181e-03 2.608770e-03 1 2 2 3 4.634302e-16 0.000000e+00
173 204 5.205181e-03 3.284247e-03 1 2 2 3 1.256045e-15 0.000000e+00
173 205 5.205181e-03 4.134622e-03 1 2 2 3 3.714172e-15 0.000000e+00
173 206 5.205181e-03 5.205181e-03 1 2 2 3 7.453728e-15 0.000000e+00
173 207 5.205181e-03 6.552935e-03 1 2 2 3 3.215089e-15 0.000000e+00
173 208 5.205181e-03 8.249656e-03 1 2 2 3 9.405643e-16 0.000000e+00
174 198 6.552935e-03 8.249656e-04 1 2 2 3 1.457426e-18 0.000000e+00
174 199 6.552935e-03 1.038570e-03 1 2 2 3 3.655728e-18 0.000000e+00
174 200 6.552935e-03 1.307482e-03 1 2 2 3 9.247089e-18 0.000000e+00
174 201 6.552935e-03 1.646023e-03 1 2 2 3 2.338934e-17 0.000000e+00
174 202 6.552935e-03 2.072220e-03 1 2 2 3 5.950326e-17 0.000000e+00
174 203 6.552935e-03 2.608770e-03 1 2 2 3 1.526924e-16 0.000000e+00
174 204 6.552935e-03 3.284247e-03 1 2 2 3 3.983273e-16 0.000000e+00
174 205 6.552935e-03 4.134622e-03 1 2 2 3 1.077093e-15 0.000000e+00
174 206 6.552935e-03 5.205181e-03 1 2 2 3 3.215089e-15 0.000000e+00
174 207 6.552935e-03 6.552935e-03 1 2 2 3 6.593289e-15 0.000000e+00
174 208 6.552935e-03 8.249656e-03 1 2 2 3 2.799009e-15 0.000000e+00
175 198 8.249656e-03 8.249656e-04 1 2 2 3 5.124335e-19 0.000000e+00
175 199 8.249656e-03 1.038570e-03 1 2 2 3 1.300426e-18 0.000000e+00
175 200 8.249656e-03 1.307482e-03 1 2 2 3 3.297340e-18 0.000000e+00
175 201 8.249656e-03 1.646023e-03 1 2 2 3 8.274890e-18 0.000000e+00
175 202 8.249656e-03 2.072220e-03 1 2 2 3 2.092659e-17 0.000000e+00
175 203 8.249656e-03 2.608770e-03 1 2 2 3 5.303839e-17 0.000000e+00
175 204 8.249656e-03 3.284247e-03 1 2 2 3 1.354531e-16 0.000000e+00
175 205 8.249656e-03 4.134622e-03 1 2 2 3 3.510088e-16 0.000000e+00
175 206 8.249656e-03 5.205181e-03 1 2 2 3 9.405643e-16 0.000000e+00
175 207 8.249656e-03 6.552935e-03 1 2 2 3 2.799009e-15 0.000000e+00
175 208 8.249656e-03 8.249656e-03 1 2 2 3 5.827755e-15 0.000000e+00
