# Please cite the following papers in research using this covariance:
# arXiv: 1601.05779, https://arxiv.org/abs/1601.05779
# arXiv: 1911.11947, https://arxiv.org/abs/1911.11947
# arXiv: 2004.04833, https://arxiv.org/abs/2004.04833
# arXiv: 1804.10663, https://arxiv.org/abs/1804.10663
########################################################
143 176 8.249656e-04 8.249656e-04 0 3 1 3 5.537711e-15 0.000000e+00
143 177 8.249656e-04 1.038570e-03 0 3 1 3 3.288809e-15 0.000000e+00
143 178 8.249656e-04 1.307482e-03 0 3 1 3 1.304588e-15 0.000000e+00
143 179 8.249656e-04 1.646023e-03 0 3 1 3 4.915479e-16 0.000000e+00
143 180 8.249656e-04 2.072220e-03 0 3 1 3 1.792594e-16 0.000000e+00
143 181 8.249656e-04 2.608770e-03 0 3 1 3 6.365593e-17 0.000000e+00
143 182 8.249656e-04 3.284247e-03 0 3 1 3 2.208700e-17 0.000000e+00
143 183 8.249656e-04 4.134622e-03 0 3 1 3 7.544556e-18 0.000000e+00
143 184 8.249656e-04 5.205181e-03 0 3 1 3 2.546602e-18 0.000000e+00
143 185 8.249656e-04 6.552935e-03 0 3 1 3 8.740730e-19 0.000000e+00
143 186 8.249656e-04 8.249656e-03 0 3 1 3 2.993861e-19 0.000000e+00
144 176 1.038570e-03 8.249656e-04 0 3 1 3 3.288809e-15 0.000000e+00
144 177 1.038570e-03 1.038570e-03 0 3 1 3 5.628131e-15 0.000000e+00
144 178 1.038570e-03 1.307482e-03 0 3 1 3 3.268162e-15 0.000000e+00
144 179 1.038570e-03 1.646023e-03 0 3 1 3 1.253532e-15 0.000000e+00
144 180 1.038570e-03 2.072220e-03 0 3 1 3 4.576864e-16 0.000000e+00
144 181 1.038570e-03 2.608770e-03 0 3 1 3 1.620874e-16 0.000000e+00
144 182 1.038570e-03 3.284247e-03 0 3 1 3 5.605874e-17 0.000000e+00
144 183 1.038570e-03 4.134622e-03 0 3 1 3 1.908368e-17 0.000000e+00
144 184 1.038570e-03 5.205181e-03 0 3 1 3 6.448094e-18 0.000000e+00
144 185 1.038570e-03 6.552935e-03 0 3 1 3 2.194967e-18 0.000000e+00
144 186 1.038570e-03 8.249656e-03 0 3 1 3 7.589063e-19 0.000000e+00
145 176 1.307482e-03 8.249656e-04 0 3 1 3 1.304588e-15 0.000000e+00
145 177 1.307482e-03 1.038570e-03 0 3 1 3 3.268162e-15 0.000000e+00
145 178 1.307482e-03 1.307482e-03 0 3 1 3 5.642568e-15 0.000000e+00
145 179 1.307482e-03 1.646023e-03 0 3 1 3 3.191933e-15 0.000000e+00
145 180 1.307482e-03 2.072220e-03 0 3 1 3 1.178797e-15 0.000000e+00
145 181 1.307482e-03 2.608770e-03 0 3 1 3 4.162045e-16 0.000000e+00
145 182 1.307482e-03 3.284247e-03 0 3 1 3 1.432387e-16 0.000000e+00
145 183 1.307482e-03 4.134622e-03 0 3 1 3 4.851077e-17 0.000000e+00
145 184 1.307482e-03 5.205181e-03 0 3 1 3 1.632362e-17 0.000000e+00
145 185 1.307482e-03 6.552935e-03 0 3 1 3 5.547558e-18 0.000000e+00
145 186 1.307482e-03 8.249656e-03 0 3 1 3 1.923056e-18 0.000000e+00
146 176 1.646023e-03 8.249656e-04 0 3 1 3 4.915479e-16 0.000000e+00
146 177 1.646023e-03 1.038570e-03 0 3 1 3 1.253532e-15 0.000000e+00
146 178 1.646023e-03 1.307482e-03 0 3 1 3 3.191933e-15 0.000000e+00
146 179 1.646023e-03 1.646023e-03 0 3 1 3 5.573294e-15 0.000000e+00
146 180 1.646023e-03 2.072220e-03 0 3 1 3 3.059083e-15 0.000000e+00
146 181 1.646023e-03 2.608770e-03 0 3 1 3 1.083639e-15 0.000000e+00
146 182 1.646023e-03 3.284247e-03 0 3 1 3 3.700269e-16 0.000000e+00
146 183 1.646023e-03 4.134622e-03 0 3 1 3 1.242928e-16 0.000000e+00
146 184 1.646023e-03 5.205181e-03 0 3 1 3 4.155461e-17 0.000000e+00
146 185 1.646023e-03 6.552935e-03 0 3 1 3 1.403164e-17 0.000000e+00
146 186 1.646023e-03 8.249656e-03 0 3 1 3 4.835999e-18 0.000000e+00
147 176 2.072220e-03 8.249656e-04 0 3 1 3 1.792594e-16 0.000000e+00
147 177 2.072220e-03 1.038570e-03 0 3 1 3 4.576864e-16 0.000000e+00
147 178 2.072220e-03 1.307482e-03 0 3 1 3 1.178797e-15 0.000000e+00
147 179 2.072220e-03 1.646023e-03 0 3 1 3 3.059083e-15 0.000000e+00
147 180 2.072220e-03 2.072220e-03 0 3 1 3 5.416166e-15 0.000000e+00
147 181 2.072220e-03 2.608770e-03 0 3 1 3 2.873961e-15 0.000000e+00
147 182 2.072220e-03 3.284247e-03 0 3 1 3 9.743096e-16 0.000000e+00
147 183 2.072220e-03 4.134622e-03 0 3 1 3 3.227627e-16 0.000000e+00
147 184 2.072220e-03 5.205181e-03 0 3 1 3 1.066733e-16 0.000000e+00
147 185 2.072220e-03 6.552935e-03 0 3 1 3 3.569326e-17 0.000000e+00
147 186 2.072220e-03 8.249656e-03 0 3 1 3 1.224873e-17 0.000000e+00
148 176 2.608770e-03 8.249656e-04 0 3 1 3 6.365593e-17 0.000000e+00
148 177 2.608770e-03 1.038570e-03 0 3 1 3 1.620874e-16 0.000000e+00
148 178 2.608770e-03 1.307482e-03 0 3 1 3 4.162045e-16 0.000000e+00
148 179 2.608770e-03 1.646023e-03 0 3 1 3 1.083639e-15 0.000000e+00
148 180 2.608770e-03 2.072220e-03 0 3 1 3 2.873961e-15 0.000000e+00
148 181 2.608770e-03 2.608770e-03 0 3 1 3 5.174776e-15 0.000000e+00
148 182 2.608770e-03 3.284247e-03 0 3 1 3 2.646545e-15 0.000000e+00
148 183 2.608770e-03 4.134622e-03 0 3 1 3 8.588448e-16 0.000000e+00
148 184 2.608770e-03 5.205181e-03 0 3 1 3 2.780402e-16 0.000000e+00
148 185 2.608770e-03 6.552935e-03 0 3 1 3 9.160467e-17 0.000000e+00
148 186 2.608770e-03 8.249656e-03 0 3 1 3 3.112238e-17 0.000000e+00
149 176 3.284247e-03 8.249656e-04 0 3 1 3 2.208700e-17 0.000000e+00
149 177 3.284247e-03 1.038570e-03 0 3 1 3 5.605874e-17 0.000000e+00
149 178 3.284247e-03 1.307482e-03 0 3 1 3 1.432387e-16 0.000000e+00
149 179 3.284247e-03 1.646023e-03 0 3 1 3 3.700269e-16 0.000000e+00
149 180 3.284247e-03 2.072220e-03 0 3 1 3 9.743096e-16 0.000000e+00
149 181 3.284247e-03 2.608770e-03 0 3 1 3 2.646545e-15 0.000000e+00
149 182 3.284247e-03 3.284247e-03 0 3 1 3 4.860375e-15 0.000000e+00
149 183 3.284247e-03 4.134622e-03 0 3 1 3 2.391552e-15 0.000000e+00
149 184 3.284247e-03 5.205181e-03 0 3 1 3 7.460317e-16 0.000000e+00
149 185 3.284247e-03 6.552935e-03 0 3 1 3 2.389242e-16 0.000000e+00
149 186 3.284247e-03 8.249656e-03 0 3 1 3 7.973958e-17 0.000000e+00
150 176 4.134622e-03 8.249656e-04 0 3 1 3 7.544556e-18 0.000000e+00
150 177 4.134622e-03 1.038570e-03 0 3 1 3 1.908368e-17 0.000000e+00
150 178 4.134622e-03 1.307482e-03 0 3 1 3 4.851077e-17 0.000000e+00
150 179 4.134622e-03 1.646023e-03 0 3 1 3 1.242928e-16 0.000000e+00
150 180 4.134622e-03 2.072220e-03 0 3 1 3 3.227627e-16 0.000000e+00
150 181 4.134622e-03 2.608770e-03 0 3 1 3 8.588448e-16 0.000000e+00
150 182 4.134622e-03 3.284247e-03 0 3 1 3 2.391552e-15 0.000000e+00
150 183 4.134622e-03 4.134622e-03 0 3 1 3 4.491292e-15 0.000000e+00
150 184 4.134622e-03 5.205181e-03 0 3 1 3 2.126775e-15 0.000000e+00
150 185 4.134622e-03 6.552935e-03 0 3 1 3 6.437135e-16 0.000000e+00
150 186 4.134622e-03 8.249656e-03 0 3 1 3 2.074774e-16 0.000000e+00
151 176 5.205181e-03 8.249656e-04 0 3 1 3 2.546602e-18 0.000000e+00
151 177 5.205181e-03 1.038570e-03 0 3 1 3 6.448094e-18 0.000000e+00
151 178 5.205181e-03 1.307482e-03 0 3 1 3 1.632362e-17 0.000000e+00
151 179 5.205181e-03 1.646023e-03 0 3 1 3 4.155461e-17 0.000000e+00
151 180 5.205181e-03 2.072220e-03 0 3 1 3 1.066733e-16 0.000000e+00
151 181 5.205181e-03 2.608770e-03 0 3 1 3 2.780402e-16 0.000000e+00
151 182 5.205181e-03 3.284247e-03 0 3 1 3 7.460317e-16 0.000000e+00
151 183 5.205181e-03 4.134622e-03 0 3 1 3 2.126775e-15 0.000000e+00
151 184 5.205181e-03 5.205181e-03 0 3 1 3 4.090695e-15 0.000000e+00
151 185 5.205181e-03 6.552935e-03 0 3 1 3 1.870228e-15 0.000000e+00
151 186 5.205181e-03 8.249656e-03 0 3 1 3 5.580211e-16 0.000000e+00
152 176 6.552935e-03 8.249656e-04 0 3 1 3 8.740730e-19 0.000000e+00
152 177 6.552935e-03 1.038570e-03 0 3 1 3 2.194967e-18 0.000000e+00
152 178 6.552935e-03 1.307482e-03 0 3 1 3 5.547558e-18 0.000000e+00
152 179 6.552935e-03 1.646023e-03 0 3 1 3 1.403164e-17 0.000000e+00
152 180 6.552935e-03 2.072220e-03 0 3 1 3 3.569326e-17 0.000000e+00
152 181 6.552935e-03 2.608770e-03 0 3 1 3 9.160467e-17 0.000000e+00
152 182 6.552935e-03 3.284247e-03 0 3 1 3 2.389242e-16 0.000000e+00
152 183 6.552935e-03 4.134622e-03 0 3 1 3 6.437135e-16 0.000000e+00
152 184 6.552935e-03 5.205181e-03 0 3 1 3 1.870228e-15 0.000000e+00
152 185 6.552935e-03 6.552935e-03 0 3 1 3 3.683897e-15 0.000000e+00
152 186 6.552935e-03 8.249656e-03 0 3 1 3 1.638178e-15 0.000000e+00
153 176 8.249656e-03 8.249656e-04 0 3 1 3 2.993861e-19 0.000000e+00
153 177 8.249656e-03 1.038570e-03 0 3 1 3 7.589063e-19 0.000000e+00
153 178 8.249656e-03 1.307482e-03 0 3 1 3 1.923056e-18 0.000000e+00
153 179 8.249656e-03 1.646023e-03 0 3 1 3 4.835999e-18 0.000000e+00
153 180 8.249656e-03 2.072220e-03 0 3 1 3 1.224873e-17 0.000000e+00
153 181 8.249656e-03 2.608770e-03 0 3 1 3 3.112238e-17 0.000000e+00
153 182 8.249656e-03 3.284247e-03 0 3 1 3 7.973958e-17 0.000000e+00
153 183 8.249656e-03 4.134622e-03 0 3 1 3 2.074774e-16 0.000000e+00
153 184 8.249656e-03 5.205181e-03 0 3 1 3 5.580211e-16 0.000000e+00
153 185 8.249656e-03 6.552935e-03 0 3 1 3 1.638178e-15 0.000000e+00
153 186 8.249656e-03 8.249656e-03 0 3 1 3 3.295502e-15 0.000000e+00
