# Please cite the following papers in research using this covariance:
# arXiv: 1601.05779, https://arxiv.org/abs/1601.05779
# arXiv: 1911.11947, https://arxiv.org/abs/1911.11947
# arXiv: 2004.04833, https://arxiv.org/abs/2004.04833
# arXiv: 1804.10663, https://arxiv.org/abs/1804.10663
########################################################
0 77 8.249656e-04 8.249656e-04 0 0 2 2 3.167416e-14 0.000000e+00
0 78 8.249656e-04 1.038570e-03 0 0 2 2 3.139978e-14 0.000000e+00
0 79 8.249656e-04 1.307482e-03 0 0 2 2 3.100311e-14 0.000000e+00
0 80 8.249656e-04 1.646023e-03 0 0 2 2 3.048843e-14 0.000000e+00
0 81 8.249656e-04 2.072220e-03 0 0 2 2 2.986740e-14 0.000000e+00
0 82 8.249656e-04 2.608770e-03 0 0 2 2 2.915333e-14 0.000000e+00
0 83 8.249656e-04 3.284247e-03 0 0 2 2 2.835645e-14 0.000000e+00
0 84 8.249656e-04 4.134622e-03 0 0 2 2 2.748034e-14 0.000000e+00
0 85 8.249656e-04 5.205181e-03 0 0 2 2 2.651965e-14 0.000000e+00
0 86 8.249656e-04 6.552935e-03 0 0 2 2 2.545975e-14 0.000000e+00
0 87 8.249656e-04 8.249656e-03 0 0 2 2 2.427843e-14 0.000000e+00
1 77 1.038570e-03 8.249656e-04 0 0 2 2 3.139978e-14 0.000000e+00
1 78 1.038570e-03 1.038570e-03 0 0 2 2 3.120685e-14 0.000000e+00
1 79 1.038570e-03 1.307482e-03 0 0 2 2 3.088449e-14 0.000000e+00
1 80 1.038570e-03 1.646023e-03 0 0 2 2 3.041984e-14 0.000000e+00
1 81 1.038570e-03 2.072220e-03 0 0 2 2 2.982878e-14 0.000000e+00
1 82 1.038570e-03 2.608770e-03 0 0 2 2 2.913121e-14 0.000000e+00
1 83 1.038570e-03 3.284247e-03 0 0 2 2 2.834285e-14 0.000000e+00
1 84 1.038570e-03 4.134622e-03 0 0 2 2 2.747104e-14 0.000000e+00
1 85 1.038570e-03 5.205181e-03 0 0 2 2 2.651269e-14 0.000000e+00
1 86 1.038570e-03 6.552935e-03 0 0 2 2 2.545432e-14 0.000000e+00
1 87 1.038570e-03 8.249656e-03 0 0 2 2 2.427423e-14 0.000000e+00
2 77 1.307482e-03 8.249656e-04 0 0 2 2 3.100311e-14 0.000000e+00
2 78 1.307482e-03 1.038570e-03 0 0 2 2 3.088449e-14 0.000000e+00
2 79 1.307482e-03 1.307482e-03 0 0 2 2 3.066919e-14 0.000000e+00
2 80 1.307482e-03 1.646023e-03 0 0 2 2 3.029684e-14 0.000000e+00
2 81 1.307482e-03 2.072220e-03 0 0 2 2 2.976161e-14 0.000000e+00
2 82 1.307482e-03 2.608770e-03 0 0 2 2 2.909403e-14 0.000000e+00
2 83 1.307482e-03 3.284247e-03 0 0 2 2 2.832070e-14 0.000000e+00
2 84 1.307482e-03 4.134622e-03 0 0 2 2 2.745625e-14 0.000000e+00
2 85 1.307482e-03 5.205181e-03 0 0 2 2 2.650176e-14 0.000000e+00
2 86 1.307482e-03 6.552935e-03 0 0 2 2 2.544587e-14 0.000000e+00
2 87 1.307482e-03 8.249656e-03 0 0 2 2 2.426771e-14 0.000000e+00
3 77 1.646023e-03 8.249656e-04 0 0 2 2 3.048843e-14 0.000000e+00
3 78 1.646023e-03 1.038570e-03 0 0 2 2 3.041984e-14 0.000000e+00
3 79 1.646023e-03 1.307482e-03 0 0 2 2 3.029684e-14 0.000000e+00
3 80 1.646023e-03 1.646023e-03 0 0 2 2 3.006133e-14 0.000000e+00
3 81 1.646023e-03 2.072220e-03 0 0 2 2 2.963680e-14 0.000000e+00
3 82 1.646023e-03 2.608770e-03 0 0 2 2 2.902842e-14 0.000000e+00
3 83 1.646023e-03 3.284247e-03 0 0 2 2 2.828343e-14 0.000000e+00
3 84 1.646023e-03 4.134622e-03 0 0 2 2 2.743218e-14 0.000000e+00
3 85 1.646023e-03 5.205181e-03 0 0 2 2 2.648429e-14 0.000000e+00
3 86 1.646023e-03 6.552935e-03 0 0 2 2 2.543243e-14 0.000000e+00
3 87 1.646023e-03 8.249656e-03 0 0 2 2 2.425737e-14 0.000000e+00
4 77 2.072220e-03 8.249656e-04 0 0 2 2 2.986740e-14 0.000000e+00
4 78 2.072220e-03 1.038570e-03 0 0 2 2 2.982878e-14 0.000000e+00
4 79 2.072220e-03 1.307482e-03 0 0 2 2 2.976161e-14 0.000000e+00
4 80 2.072220e-03 1.646023e-03 0 0 2 2 2.963680e-14 0.000000e+00
4 81 2.072220e-03 2.072220e-03 0 0 2 2 2.938275e-14 0.000000e+00
4 82 2.072220e-03 2.608770e-03 0 0 2 2 2.890284e-14 0.000000e+00
4 83 2.072220e-03 3.284247e-03 0 0 2 2 2.821768e-14 0.000000e+00
4 84 2.072220e-03 4.134622e-03 0 0 2 2 2.739218e-14 0.000000e+00
4 85 2.072220e-03 5.205181e-03 0 0 2 2 2.645611e-14 0.000000e+00
4 86 2.072220e-03 6.552935e-03 0 0 2 2 2.541099e-14 0.000000e+00
4 87 2.072220e-03 8.249656e-03 0 0 2 2 2.424091e-14 0.000000e+00
5 77 2.608770e-03 8.249656e-04 0 0 2 2 2.915333e-14 0.000000e+00
5 78 2.608770e-03 1.038570e-03 0 0 2 2 2.913121e-14 0.000000e+00
5 79 2.608770e-03 1.307482e-03 0 0 2 2 2.909403e-14 0.000000e+00
5 80 2.608770e-03 1.646023e-03 0 0 2 2 2.902842e-14 0.000000e+00
5 81 2.608770e-03 2.072220e-03 0 0 2 2 2.890284e-14 0.000000e+00
5 82 2.608770e-03 2.608770e-03 0 0 2 2 2.863053e-14 0.000000e+00
5 83 2.608770e-03 3.284247e-03 0 0 2 2 2.809020e-14 0.000000e+00
5 84 2.608770e-03 4.134622e-03 0 0 2 2 2.732286e-14 0.000000e+00
5 85 2.608770e-03 5.205181e-03 0 0 2 2 2.641013e-14 0.000000e+00
5 86 2.608770e-03 6.552935e-03 0 0 2 2 2.537674e-14 0.000000e+00
5 87 2.608770e-03 8.249656e-03 0 0 2 2 2.421477e-14 0.000000e+00
6 77 3.284247e-03 8.249656e-04 0 0 2 2 2.835645e-14 0.000000e+00
6 78 3.284247e-03 1.038570e-03 0 0 2 2 2.834285e-14 0.000000e+00
6 79 3.284247e-03 1.307482e-03 0 0 2 2 2.832070e-14 0.000000e+00
6 80 3.284247e-03 1.646023e-03 0 0 2 2 2.828343e-14 0.000000e+00
6 81 3.284247e-03 2.072220e-03 0 0 2 2 2.821768e-14 0.000000e+00
6 82 3.284247e-03 2.608770e-03 0 0 2 2 2.809020e-14 0.000000e+00
6 83 3.284247e-03 3.284247e-03 0 0 2 2 2.779766e-14 0.000000e+00
6 84 3.284247e-03 4.134622e-03 0 0 2 2 2.718974e-14 0.000000e+00
6 85 3.284247e-03 5.205181e-03 0 0 2 2 2.633244e-14 0.000000e+00
6 86 3.284247e-03 6.552935e-03 0 0 2 2 2.532152e-14 0.000000e+00
6 87 3.284247e-03 8.249656e-03 0 0 2 2 2.417310e-14 0.000000e+00
7 77 4.134622e-03 8.249656e-04 0 0 2 2 2.748034e-14 0.000000e+00
7 78 4.134622e-03 1.038570e-03 0 0 2 2 2.747104e-14 0.000000e+00
7 79 4.134622e-03 1.307482e-03 0 0 2 2 2.745625e-14 0.000000e+00
7 80 4.134622e-03 1.646023e-03 0 0 2 2 2.743218e-14 0.000000e+00
7 81 4.134622e-03 2.072220e-03 0 0 2 2 2.739218e-14 0.000000e+00
7 82 4.134622e-03 2.608770e-03 0 0 2 2 2.732286e-14 0.000000e+00
7 83 4.134622e-03 3.284247e-03 0 0 2 2 2.718974e-14 0.000000e+00
7 84 4.134622e-03 4.134622e-03 0 0 2 2 2.687263e-14 0.000000e+00
7 85 4.134622e-03 5.205181e-03 0 0 2 2 2.618794e-14 0.000000e+00
7 86 4.134622e-03 6.552935e-03 0 0 2 2 2.523045e-14 0.000000e+00
7 87 4.134622e-03 8.249656e-03 0 0 2 2 2.410635e-14 0.000000e+00
8 77 5.205181e-03 8.249656e-04 0 0 2 2 2.651965e-14 0.000000e+00
8 78 5.205181e-03 1.038570e-03 0 0 2 2 2.651269e-14 0.000000e+00
8 79 5.205181e-03 1.307482e-03 0 0 2 2 2.650176e-14 0.000000e+00
8 80 5.205181e-03 1.646023e-03 0 0 2 2 2.648429e-14 0.000000e+00
8 81 5.205181e-03 2.072220e-03 0 0 2 2 2.645611e-14 0.000000e+00
8 82 5.205181e-03 2.608770e-03 0 0 2 2 2.641013e-14 0.000000e+00
8 83 5.205181e-03 3.284247e-03 0 0 2 2 2.633244e-14 0.000000e+00
8 84 5.205181e-03 4.134622e-03 0 0 2 2 2.618794e-14 0.000000e+00
8 85 5.205181e-03 5.205181e-03 0 0 2 2 2.583979e-14 0.000000e+00
8 86 5.205181e-03 6.552935e-03 0 0 2 2 2.506777e-14 0.000000e+00
8 87 5.205181e-03 8.249656e-03 0 0 2 2 2.399789e-14 0.000000e+00
9 77 6.552935e-03 8.249656e-04 0 0 2 2 2.545975e-14 0.000000e+00
9 78 6.552935e-03 1.038570e-03 0 0 2 2 2.545432e-14 0.000000e+00
9 79 6.552935e-03 1.307482e-03 0 0 2 2 2.544587e-14 0.000000e+00
9 80 6.552935e-03 1.646023e-03 0 0 2 2 2.543243e-14 0.000000e+00
9 81 6.552935e-03 2.072220e-03 0 0 2 2 2.541099e-14 0.000000e+00
9 82 6.552935e-03 2.608770e-03 0 0 2 2 2.537674e-14 0.000000e+00
9 83 6.552935e-03 3.284247e-03 0 0 2 2 2.532152e-14 0.000000e+00
9 84 6.552935e-03 4.134622e-03 0 0 2 2 2.523045e-14 0.000000e+00
9 85 6.552935e-03 5.205181e-03 0 0 2 2 2.506777e-14 0.000000e+00
9 86 6.552935e-03 6.552935e-03 0 0 2 2 2.468096e-14 0.000000e+00
9 87 6.552935e-03 8.249656e-03 0 0 2 2 2.381085e-14 0.000000e+00
10 77 8.249656e-03 8.249656e-04 0 0 2 2 2.427843e-14 0.000000e+00
10 78 8.249656e-03 1.038570e-03 0 0 2 2 2.427423e-14 0.000000e+00
10 79 8.249656e-03 1.307482e-03 0 0 2 2 2.426771e-14 0.000000e+00
10 80 8.249656e-03 1.646023e-03 0 0 2 2 2.425737e-14 0.000000e+00
10 81 8.249656e-03 2.072220e-03 0 0 2 2 2.424091e-14 0.000000e+00
10 82 8.249656e-03 2.608770e-03 0 0 2 2 2.421477e-14 0.000000e+00
10 83 8.249656e-03 3.284247e-03 0 0 2 2 2.417310e-14 0.000000e+00
10 84 8.249656e-03 4.134622e-03 0 0 2 2 2.410635e-14 0.000000e+00
10 85 8.249656e-03 5.205181e-03 0 0 2 2 2.399789e-14 0.000000e+00
10 86 8.249656e-03 6.552935e-03 0 0 2 2 2.381085e-14 0.000000e+00
10 87 8.249656e-03 8.249656e-03 0 0 2 2 2.337816e-14 0.000000e+00
