# Please cite the following papers in research using this covariance:
# arXiv: 1601.05779, https://arxiv.org/abs/1601.05779
# arXiv: 1911.11947, https://arxiv.org/abs/1911.11947
# arXiv: 2004.04833, https://arxiv.org/abs/2004.04833
# arXiv: 1804.10663, https://arxiv.org/abs/1804.10663
########################################################
88 209 8.249656e-04 8.249656e-04 2 3 3 3 -1.985342e-14 0.000000e+00
88 210 8.249656e-04 1.038570e-03 2 3 3 3 -6.047762e-14 0.000000e+00
88 211 8.249656e-04 1.307482e-03 2 3 3 3 -2.749457e-14 0.000000e+00
88 212 8.249656e-04 1.646023e-03 2 3 3 3 2.302257e-14 0.000000e+00
88 213 8.249656e-04 2.072220e-03 2 3 3 3 5.826546e-14 0.000000e+00
88 214 8.249656e-04 2.608770e-03 2 3 3 3 7.526295e-14 0.000000e+00
88 215 8.249656e-04 3.284247e-03 2 3 3 3 7.920802e-14 0.000000e+00
88 216 8.249656e-04 4.134622e-03 2 3 3 3 7.576338e-14 0.000000e+00
88 217 8.249656e-04 5.205181e-03 2 3 3 3 6.908432e-14 0.000000e+00
88 218 8.249656e-04 6.552935e-03 2 3 3 3 6.174658e-14 0.000000e+00
88 219 8.249656e-04 8.249656e-03 2 3 3 3 5.514812e-14 0.000000e+00
89 209 1.038570e-03 8.249656e-04 2 3 3 3 1.680201e-15 0.000000e+00
89 210 1.038570e-03 1.038570e-03 2 3 3 3 -1.791795e-14 0.000000e+00
89 211 1.038570e-03 1.307482e-03 2 3 3 3 -5.823253e-14 0.000000e+00
89 212 1.038570e-03 1.646023e-03 2 3 3 3 -2.625611e-14 0.000000e+00
89 213 1.038570e-03 2.072220e-03 2 3 3 3 2.030926e-14 0.000000e+00
89 214 1.038570e-03 2.608770e-03 2 3 3 3 5.117407e-14 0.000000e+00
89 215 1.038570e-03 3.284247e-03 2 3 3 3 6.518109e-14 0.000000e+00
89 216 1.038570e-03 4.134622e-03 2 3 3 3 6.794142e-14 0.000000e+00
89 217 1.038570e-03 5.205181e-03 2 3 3 3 6.480567e-14 0.000000e+00
89 218 1.038570e-03 6.552935e-03 2 3 3 3 5.941112e-14 0.000000e+00
89 219 1.038570e-03 8.249656e-03 2 3 3 3 5.385830e-14 0.000000e+00
90 209 1.307482e-03 8.249656e-04 2 3 3 3 9.206588e-16 0.000000e+00
90 210 1.307482e-03 1.038570e-03 2 3 3 3 2.436794e-15 0.000000e+00
90 211 1.307482e-03 1.307482e-03 2 3 3 3 -1.565065e-14 0.000000e+00
90 212 1.307482e-03 1.646023e-03 2 3 3 3 -5.488544e-14 0.000000e+00
90 213 1.307482e-03 2.072220e-03 2 3 3 3 -2.433992e-14 0.000000e+00
90 214 1.307482e-03 2.608770e-03 2 3 3 3 1.779653e-14 0.000000e+00
90 215 1.307482e-03 3.284247e-03 2 3 3 3 4.444648e-14 0.000000e+00
90 216 1.307482e-03 4.134622e-03 2 3 3 3 5.601891e-14 0.000000e+00
90 217 1.307482e-03 5.205181e-03 2 3 3 3 5.817905e-14 0.000000e+00
90 218 1.307482e-03 6.552935e-03 2 3 3 3 5.576229e-14 0.000000e+00
90 219 1.307482e-03 8.249656e-03 2 3 3 3 5.183297e-14 0.000000e+00
91 209 1.646023e-03 8.249656e-04 2 3 3 3 3.590896e-16 0.000000e+00
91 210 1.646023e-03 1.038570e-03 2 3 3 3 1.024074e-15 0.000000e+00
91 211 1.646023e-03 1.307482e-03 2 3 3 3 3.038995e-15 0.000000e+00
91 212 1.646023e-03 1.646023e-03 2 3 3 3 -1.320677e-14 0.000000e+00
91 213 1.646023e-03 2.072220e-03 2 3 3 3 -5.064540e-14 0.000000e+00
91 214 1.646023e-03 2.608770e-03 2 3 3 3 -2.192515e-14 0.000000e+00
91 215 1.646023e-03 3.284247e-03 2 3 3 3 1.555441e-14 0.000000e+00
91 216 1.646023e-03 4.134622e-03 2 3 3 3 3.835352e-14 0.000000e+00
91 217 1.646023e-03 5.205181e-03 2 3 3 3 4.807204e-14 0.000000e+00
91 218 1.646023e-03 6.552935e-03 2 3 3 3 5.011184e-14 0.000000e+00
91 219 1.646023e-03 8.249656e-03 2 3 3 3 4.866979e-14 0.000000e+00
92 209 2.072220e-03 8.249656e-04 2 3 3 3 1.277498e-16 0.000000e+00
92 210 2.072220e-03 1.038570e-03 2 3 3 3 3.543029e-16 0.000000e+00
92 211 2.072220e-03 1.307482e-03 2 3 3 3 1.052080e-15 0.000000e+00
92 212 2.072220e-03 1.646023e-03 2 3 3 3 3.423074e-15 0.000000e+00
92 213 2.072220e-03 2.072220e-03 2 3 3 3 -1.078228e-14 0.000000e+00
92 214 2.072220e-03 2.608770e-03 2 3 3 3 -4.579266e-14 0.000000e+00
92 215 2.072220e-03 3.284247e-03 2 3 3 3 -1.922482e-14 0.000000e+00
92 216 2.072220e-03 4.134622e-03 2 3 3 3 1.362434e-14 0.000000e+00
92 217 2.072220e-03 5.205181e-03 2 3 3 3 3.307680e-14 0.000000e+00
92 218 2.072220e-03 6.552935e-03 2 3 3 3 4.149528e-14 0.000000e+00
92 219 2.072220e-03 8.249656e-03 2 3 3 3 4.377548e-14 0.000000e+00
93 209 2.608770e-03 8.249656e-04 2 3 3 3 4.371252e-17 0.000000e+00
93 210 2.608770e-03 1.038570e-03 2 3 3 3 1.152191e-16 0.000000e+00
93 211 2.608770e-03 1.307482e-03 2 3 3 3 3.264197e-16 0.000000e+00
93 212 2.608770e-03 1.646023e-03 2 3 3 3 1.003881e-15 0.000000e+00
93 213 2.608770e-03 2.072220e-03 2 3 3 3 3.563454e-15 0.000000e+00
93 214 2.608770e-03 2.608770e-03 2 3 3 3 -8.543583e-15 0.000000e+00
93 215 2.608770e-03 3.284247e-03 2 3 3 3 -4.064037e-14 0.000000e+00
93 216 2.608770e-03 4.134622e-03 2 3 3 3 -1.645278e-14 0.000000e+00
93 217 2.608770e-03 5.205181e-03 2 3 3 3 1.202242e-14 0.000000e+00
93 218 2.608770e-03 6.552935e-03 2 3 3 3 2.871154e-14 0.000000e+00
93 219 2.608770e-03 8.249656e-03 2 3 3 3 3.631989e-14 0.000000e+00
94 209 3.284247e-03 8.249656e-04 2 3 3 3 1.451372e-17 0.000000e+00
94 210 3.284247e-03 1.038570e-03 2 3 3 3 3.557270e-17 0.000000e+00
94 211 3.284247e-03 1.307482e-03 2 3 3 3 9.768525e-17 0.000000e+00
94 212 3.284247e-03 1.646023e-03 2 3 3 3 2.819302e-16 0.000000e+00
94 213 3.284247e-03 2.072220e-03 2 3 3 3 8.971535e-16 0.000000e+00
94 214 3.284247e-03 2.608770e-03 2 3 3 3 3.473358e-15 0.000000e+00
94 215 3.284247e-03 3.284247e-03 2 3 3 3 -6.616117e-15 0.000000e+00
94 216 3.284247e-03 4.134622e-03 2 3 3 3 -3.549338e-14 0.000000e+00
94 217 3.284247e-03 5.205181e-03 2 3 3 3 -1.379310e-14 0.000000e+00
94 218 3.284247e-03 6.552935e-03 2 3 3 3 1.074700e-14 0.000000e+00
94 219 3.284247e-03 8.249656e-03 2 3 3 3 2.527560e-14 0.000000e+00
95 209 4.134622e-03 8.249656e-04 2 3 3 3 5.145320e-18 0.000000e+00
95 210 4.134622e-03 1.038570e-03 2 3 3 3 1.051675e-17 0.000000e+00
95 211 4.134622e-03 1.307482e-03 2 3 3 3 2.824982e-17 0.000000e+00
95 212 4.134622e-03 1.646023e-03 2 3 3 3 7.823827e-17 0.000000e+00
95 213 4.134622e-03 2.072220e-03 2 3 3 3 2.289118e-16 0.000000e+00
95 214 4.134622e-03 2.608770e-03 2 3 3 3 7.545478e-16 0.000000e+00
95 215 4.134622e-03 3.284247e-03 2 3 3 3 3.193727e-15 0.000000e+00
95 216 4.134622e-03 4.134622e-03 2 3 3 3 -5.071253e-15 0.000000e+00
95 217 4.134622e-03 5.205181e-03 2 3 3 3 -3.061325e-14 0.000000e+00
95 218 4.134622e-03 6.552935e-03 2 3 3 3 -1.138379e-14 0.000000e+00
95 219 4.134622e-03 8.249656e-03 2 3 3 3 9.782268e-15 0.000000e+00
96 209 5.205181e-03 8.249656e-04 2 3 3 3 2.013752e-18 0.000000e+00
96 210 5.205181e-03 1.038570e-03 2 3 3 3 2.785489e-18 0.000000e+00
96 211 5.205181e-03 1.307482e-03 2 3 3 3 7.683502e-18 0.000000e+00
96 212 5.205181e-03 1.646023e-03 2 3 3 3 2.114096e-17 0.000000e+00
96 213 5.205181e-03 2.072220e-03 2 3 3 3 5.848954e-17 0.000000e+00
96 214 5.205181e-03 2.608770e-03 2 3 3 3 1.749297e-16 0.000000e+00
96 215 5.205181e-03 3.284247e-03 2 3 3 3 5.981859e-16 0.000000e+00
96 216 5.205181e-03 4.134622e-03 2 3 3 3 2.782948e-15 0.000000e+00
96 217 5.205181e-03 5.205181e-03 2 3 3 3 -3.929818e-15 0.000000e+00
96 218 5.205181e-03 6.552935e-03 2 3 3 3 -2.620000e-14 0.000000e+00
96 219 5.205181e-03 8.249656e-03 2 3 3 3 -9.310268e-15 0.000000e+00
97 209 6.552935e-03 8.249656e-04 2 3 3 3 1.277395e-18 0.000000e+00
97 210 6.552935e-03 1.038570e-03 2 3 3 3 5.086229e-19 0.000000e+00
97 211 6.552935e-03 1.307482e-03 2 3 3 3 1.920038e-18 0.000000e+00
97 212 6.552935e-03 1.646023e-03 2 3 3 3 5.410393e-18 0.000000e+00
97 213 6.552935e-03 2.072220e-03 2 3 3 3 1.433898e-17 0.000000e+00
97 214 6.552935e-03 2.608770e-03 2 3 3 3 4.068764e-17 0.000000e+00
97 215 6.552935e-03 3.284247e-03 2 3 3 3 1.245472e-16 0.000000e+00
97 216 6.552935e-03 4.134622e-03 2 3 3 3 4.448352e-16 0.000000e+00
97 217 6.552935e-03 5.205181e-03 2 3 3 3 2.301539e-15 0.000000e+00
97 218 6.552935e-03 6.552935e-03 2 3 3 3 -3.170775e-15 0.000000e+00
97 219 6.552935e-03 8.249656e-03 2 3 3 3 -2.238446e-14 0.000000e+00
98 209 8.249656e-03 8.249656e-04 2 3 3 3 9.611307e-19 0.000000e+00
98 210 8.249656e-03 1.038570e-03 2 3 3 3 -8.173632e-20 0.000000e+00
98 211 8.249656e-03 1.307482e-03 2 3 3 3 3.868718e-19 0.000000e+00
98 212 8.249656e-03 1.646023e-03 2 3 3 3 1.288278e-18 0.000000e+00
98 213 8.249656e-03 2.072220e-03 2 3 3 3 3.255763e-18 0.000000e+00
98 214 8.249656e-03 2.608770e-03 2 3 3 3 8.842222e-18 0.000000e+00
98 215 8.249656e-03 3.284247e-03 2 3 3 3 2.546844e-17 0.000000e+00
98 216 8.249656e-03 4.134622e-03 2 3 3 3 8.076581e-17 0.000000e+00
98 217 8.249656e-03 5.205181e-03 2 3 3 3 3.060212e-16 0.000000e+00
98 218 8.249656e-03 6.552935e-03 2 3 3 3 1.802214e-15 0.000000e+00
98 219 8.249656e-03 8.249656e-03 2 3 3 3 -2.746945e-15 0.000000e+00
