# Please cite the following papers in research using this covariance:
# arXiv: 1601.05779, https://arxiv.org/abs/1601.05779
# arXiv: 1911.11947, https://arxiv.org/abs/1911.11947
# arXiv: 2004.04833, https://arxiv.org/abs/2004.04833
# arXiv: 1804.10663, https://arxiv.org/abs/1804.10663
########################################################
66 66 8.249656e-04 8.249656e-04 1 3 1 3 2.627625e-11 0.000000e+00
66 67 8.249656e-04 1.038570e-03 1 3 1 3 4.443254e-13 0.000000e+00
66 68 8.249656e-04 1.307482e-03 1 3 1 3 3.738188e-13 0.000000e+00
66 69 8.249656e-04 1.646023e-03 1 3 1 3 3.197206e-13 0.000000e+00
66 70 8.249656e-04 2.072220e-03 1 3 1 3 2.777072e-13 0.000000e+00
66 71 8.249656e-04 2.608770e-03 1 3 1 3 2.442524e-13 0.000000e+00
66 72 8.249656e-04 3.284247e-03 1 3 1 3 2.167976e-13 0.000000e+00
66 73 8.249656e-04 4.134622e-03 1 3 1 3 1.935049e-13 0.000000e+00
66 74 8.249656e-04 5.205181e-03 1 3 1 3 1.730686e-13 0.000000e+00
66 75 8.249656e-04 6.552935e-03 1 3 1 3 1.545828e-13 0.000000e+00
66 76 8.249656e-04 8.249656e-03 1 3 1 3 1.374409e-13 0.000000e+00
67 66 1.038570e-03 8.249656e-04 1 3 1 3 4.443254e-13 0.000000e+00
67 67 1.038570e-03 1.038570e-03 1 3 1 3 1.679237e-11 0.000000e+00
67 68 1.038570e-03 1.307482e-03 1 3 1 3 3.892360e-13 0.000000e+00
67 69 1.038570e-03 1.646023e-03 1 3 1 3 3.270969e-13 0.000000e+00
67 70 1.038570e-03 2.072220e-03 1 3 1 3 2.811262e-13 0.000000e+00
67 71 1.038570e-03 2.608770e-03 1 3 1 3 2.458110e-13 0.000000e+00
67 72 1.038570e-03 3.284247e-03 1 3 1 3 2.174955e-13 0.000000e+00
67 73 1.038570e-03 4.134622e-03 1 3 1 3 1.938121e-13 0.000000e+00
67 74 1.038570e-03 5.205181e-03 1 3 1 3 1.732025e-13 0.000000e+00
67 75 1.038570e-03 6.552935e-03 1 3 1 3 1.546413e-13 0.000000e+00
67 76 1.038570e-03 8.249656e-03 1 3 1 3 1.374672e-13 0.000000e+00
68 66 1.307482e-03 8.249656e-04 1 3 1 3 3.738188e-13 0.000000e+00
68 67 1.307482e-03 1.038570e-03 1 3 1 3 3.892360e-13 0.000000e+00
68 68 1.307482e-03 1.307482e-03 1 3 1 3 1.075417e-11 0.000000e+00
68 69 1.307482e-03 1.646023e-03 1 3 1 3 3.416593e-13 0.000000e+00
68 70 1.307482e-03 2.072220e-03 1 3 1 3 2.874640e-13 0.000000e+00
68 71 1.307482e-03 2.608770e-03 1 3 1 3 2.485596e-13 0.000000e+00
68 72 1.307482e-03 3.284247e-03 1 3 1 3 2.186850e-13 0.000000e+00
68 73 1.307482e-03 4.134622e-03 1 3 1 3 1.943237e-13 0.000000e+00
68 74 1.307482e-03 5.205181e-03 1 3 1 3 1.734219e-13 0.000000e+00
68 75 1.307482e-03 6.552935e-03 1 3 1 3 1.547364e-13 0.000000e+00
68 76 1.307482e-03 8.249656e-03 1 3 1 3 1.375099e-13 0.000000e+00
69 66 1.646023e-03 8.249656e-04 1 3 1 3 3.197206e-13 0.000000e+00
69 67 1.646023e-03 1.038570e-03 1 3 1 3 3.270969e-13 0.000000e+00
69 68 1.646023e-03 1.307482e-03 1 3 1 3 3.416593e-13 0.000000e+00
69 69 1.646023e-03 1.646023e-03 1 3 1 3 6.919103e-12 0.000000e+00
69 70 1.646023e-03 2.072220e-03 1 3 1 3 3.006890e-13 0.000000e+00
69 71 1.646023e-03 2.608770e-03 1 3 1 3 2.537920e-13 0.000000e+00
69 72 1.646023e-03 3.284247e-03 1 3 1 3 2.208127e-13 0.000000e+00
69 73 1.646023e-03 4.134622e-03 1 3 1 3 1.952023e-13 0.000000e+00
69 74 1.646023e-03 5.205181e-03 1 3 1 3 1.737883e-13 0.000000e+00
69 75 1.646023e-03 6.552935e-03 1 3 1 3 1.548921e-13 0.000000e+00
69 76 1.646023e-03 8.249656e-03 1 3 1 3 1.375788e-13 0.000000e+00
70 66 2.072220e-03 8.249656e-04 1 3 1 3 2.777072e-13 0.000000e+00
70 67 2.072220e-03 1.038570e-03 1 3 1 3 2.811262e-13 0.000000e+00
70 68 2.072220e-03 1.307482e-03 1 3 1 3 2.874640e-13 0.000000e+00
70 69 2.072220e-03 1.646023e-03 1 3 1 3 3.006890e-13 0.000000e+00
70 70 2.072220e-03 2.072220e-03 1 3 1 3 4.474802e-12 0.000000e+00
70 71 2.072220e-03 2.608770e-03 1 3 1 3 2.653706e-13 0.000000e+00
70 72 2.072220e-03 3.284247e-03 1 3 1 3 2.249737e-13 0.000000e+00
70 73 2.072220e-03 4.134622e-03 1 3 1 3 1.967952e-13 0.000000e+00
70 74 2.072220e-03 5.205181e-03 1 3 1 3 1.744214e-13 0.000000e+00
70 75 2.072220e-03 6.552935e-03 1 3 1 3 1.551526e-13 0.000000e+00
70 76 2.072220e-03 8.249656e-03 1 3 1 3 1.376916e-13 0.000000e+00
71 66 2.608770e-03 8.249656e-04 1 3 1 3 2.442524e-13 0.000000e+00
71 67 2.608770e-03 1.038570e-03 1 3 1 3 2.458110e-13 0.000000e+00
71 68 2.608770e-03 1.307482e-03 1 3 1 3 2.485596e-13 0.000000e+00
71 69 2.608770e-03 1.646023e-03 1 3 1 3 2.537920e-13 0.000000e+00
71 70 2.608770e-03 2.072220e-03 1 3 1 3 2.653706e-13 0.000000e+00
71 71 2.608770e-03 2.608770e-03 1 3 1 3 2.913571e-12 0.000000e+00
71 72 2.608770e-03 3.284247e-03 1 3 1 3 2.347690e-13 0.000000e+00
71 73 2.608770e-03 4.134622e-03 1 3 1 3 1.999931e-13 0.000000e+00
71 74 2.608770e-03 5.205181e-03 1 3 1 3 1.755826e-13 0.000000e+00
71 75 2.608770e-03 6.552935e-03 1 3 1 3 1.556041e-13 0.000000e+00
71 76 2.608770e-03 8.249656e-03 1 3 1 3 1.378800e-13 0.000000e+00
72 66 3.284247e-03 8.249656e-04 1 3 1 3 2.167976e-13 0.000000e+00
72 67 3.284247e-03 1.038570e-03 1 3 1 3 2.174955e-13 0.000000e+00
72 68 3.284247e-03 1.307482e-03 1 3 1 3 2.186850e-13 0.000000e+00
72 69 3.284247e-03 1.646023e-03 1 3 1 3 2.208127e-13 0.000000e+00
72 70 3.284247e-03 2.072220e-03 1 3 1 3 2.249737e-13 0.000000e+00
72 71 3.284247e-03 2.608770e-03 1 3 1 3 2.347690e-13 0.000000e+00
72 72 3.284247e-03 3.284247e-03 1 3 1 3 1.914610e-12 0.000000e+00
72 73 3.284247e-03 4.134622e-03 1 3 1 3 2.080193e-13 0.000000e+00
72 74 3.284247e-03 5.205181e-03 1 3 1 3 1.779705e-13 0.000000e+00
72 75 3.284247e-03 6.552935e-03 1 3 1 3 1.564384e-13 0.000000e+00
72 76 3.284247e-03 8.249656e-03 1 3 1 3 1.382061e-13 0.000000e+00
73 66 4.134622e-03 8.249656e-04 1 3 1 3 1.935049e-13 0.000000e+00
73 67 4.134622e-03 1.038570e-03 1 3 1 3 1.938121e-13 0.000000e+00
73 68 4.134622e-03 1.307482e-03 1 3 1 3 1.943237e-13 0.000000e+00
73 69 4.134622e-03 1.646023e-03 1 3 1 3 1.952023e-13 0.000000e+00
73 70 4.134622e-03 2.072220e-03 1 3 1 3 1.967952e-13 0.000000e+00
73 71 4.134622e-03 2.608770e-03 1 3 1 3 1.999931e-13 0.000000e+00
73 72 4.134622e-03 3.284247e-03 1 3 1 3 2.080193e-13 0.000000e+00
73 73 4.134622e-03 4.134622e-03 1 3 1 3 1.274854e-12 0.000000e+00
73 74 4.134622e-03 5.205181e-03 1 3 1 3 1.843603e-13 0.000000e+00
73 75 4.134622e-03 6.552935e-03 1 3 1 3 1.581852e-13 0.000000e+00
73 76 4.134622e-03 8.249656e-03 1 3 1 3 1.388087e-13 0.000000e+00
74 66 5.205181e-03 8.249656e-04 1 3 1 3 1.730686e-13 0.000000e+00
74 67 5.205181e-03 1.038570e-03 1 3 1 3 1.732025e-13 0.000000e+00
74 68 5.205181e-03 1.307482e-03 1 3 1 3 1.734219e-13 0.000000e+00
74 69 5.205181e-03 1.646023e-03 1 3 1 3 1.737883e-13 0.000000e+00
74 70 5.205181e-03 2.072220e-03 1 3 1 3 1.744214e-13 0.000000e+00
74 71 5.205181e-03 2.608770e-03 1 3 1 3 1.755826e-13 0.000000e+00
74 72 5.205181e-03 3.284247e-03 1 3 1 3 1.779705e-13 0.000000e+00
74 73 5.205181e-03 4.134622e-03 1 3 1 3 1.843603e-13 0.000000e+00
74 74 5.205181e-03 5.205181e-03 1 3 1 3 8.620799e-13 0.000000e+00
74 75 5.205181e-03 6.552935e-03 1 3 1 3 1.631498e-13 0.000000e+00
74 76 5.205181e-03 8.249656e-03 1 3 1 3 1.400793e-13 0.000000e+00
75 66 6.552935e-03 8.249656e-04 1 3 1 3 1.545828e-13 0.000000e+00
75 67 6.552935e-03 1.038570e-03 1 3 1 3 1.546413e-13 0.000000e+00
75 68 6.552935e-03 1.307482e-03 1 3 1 3 1.547364e-13 0.000000e+00
75 69 6.552935e-03 1.646023e-03 1 3 1 3 1.548921e-13 0.000000e+00
75 70 6.552935e-03 2.072220e-03 1 3 1 3 1.551526e-13 0.000000e+00
75 71 6.552935e-03 2.608770e-03 1 3 1 3 1.556041e-13 0.000000e+00
75 72 6.552935e-03 3.284247e-03 1 3 1 3 1.564384e-13 0.000000e+00
75 73 6.552935e-03 4.134622e-03 1 3 1 3 1.581852e-13 0.000000e+00
75 74 6.552935e-03 5.205181e-03 1 3 1 3 1.631498e-13 0.000000e+00
75 75 6.552935e-03 6.552935e-03 1 3 1 3 5.936453e-13 0.000000e+00
75 76 6.552935e-03 8.249656e-03 1 3 1 3 1.438699e-13 0.000000e+00
76 66 8.249656e-03 8.249656e-04 1 3 1 3 1.374409e-13 0.000000e+00
76 67 8.249656e-03 1.038570e-03 1 3 1 3 1.374672e-13 0.000000e+00
76 68 8.249656e-03 1.307482e-03 1 3 1 3 1.375099e-13 0.000000e+00
76 69 8.249656e-03 1.646023e-03 1 3 1 3 1.375788e-13 0.000000e+00
76 70 8.249656e-03 2.072220e-03 1 3 1 3 1.376916e-13 0.000000e+00
76 71 8.249656e-03 2.608770e-03 1 3 1 3 1.378800e-13 0.000000e+00
76 72 8.249656e-03 3.284247e-03 1 3 1 3 1.382061e-13 0.000000e+00
76 73 8.249656e-03 4.134622e-03 1 3 1 3 1.388087e-13 0.000000e+00
76 74 8.249656e-03 5.205181e-03 1 3 1 3 1.400793e-13 0.000000e+00
76 75 8.249656e-03 6.552935e-03 1 3 1 3 1.438699e-13 0.000000e+00
76 76 8.249656e-03 8.249656e-03 1 3 1 3 4.174720e-13 0.000000e+00
