# Please cite the following papers in research using this covariance:
# arXiv: 1601.05779, https://arxiv.org/abs/1601.05779
# arXiv: 1911.11947, https://arxiv.org/abs/1911.11947
# arXiv: 2004.04833, https://arxiv.org/abs/2004.04833
# arXiv: 1804.10663, https://arxiv.org/abs/1804.10663
########################################################
33 121 8.249656e-04 8.249656e-04 0 3 0 1 -3.241394e-15 0.000000e+00
33 122 8.249656e-04 1.038570e-03 0 3 0 1 -9.347294e-15 0.000000e+00
33 123 8.249656e-04 1.307482e-03 0 3 0 1 -4.253824e-15 0.000000e+00
33 124 8.249656e-04 1.646023e-03 0 3 0 1 3.933848e-15 0.000000e+00
33 125 8.249656e-04 2.072220e-03 0 3 0 1 9.967664e-15 0.000000e+00
33 126 8.249656e-04 2.608770e-03 0 3 0 1 1.307285e-14 0.000000e+00
33 127 8.249656e-04 3.284247e-03 0 3 0 1 1.390357e-14 0.000000e+00
33 128 8.249656e-04 4.134622e-03 0 3 0 1 1.332915e-14 0.000000e+00
33 129 8.249656e-04 5.205181e-03 0 3 0 1 1.205200e-14 0.000000e+00
33 130 8.249656e-04 6.552935e-03 0 3 0 1 1.054274e-14 0.000000e+00
33 131 8.249656e-04 8.249656e-03 0 3 0 1 9.076766e-15 0.000000e+00
34 121 1.038570e-03 8.249656e-04 0 3 0 1 1.128919e-16 0.000000e+00
34 122 1.038570e-03 1.038570e-03 0 3 0 1 -3.034688e-15 0.000000e+00
34 123 1.038570e-03 1.307482e-03 0 3 0 1 -9.209379e-15 0.000000e+00
34 124 1.038570e-03 1.646023e-03 0 3 0 1 -4.203606e-15 0.000000e+00
34 125 1.038570e-03 2.072220e-03 0 3 0 1 3.492195e-15 0.000000e+00
34 126 1.038570e-03 2.608770e-03 0 3 0 1 8.861035e-15 0.000000e+00
34 127 1.038570e-03 3.284247e-03 0 3 0 1 1.141472e-14 0.000000e+00
34 128 1.038570e-03 4.134622e-03 0 3 0 1 1.193619e-14 0.000000e+00
34 129 1.038570e-03 5.205181e-03 0 3 0 1 1.129679e-14 0.000000e+00
34 130 1.038570e-03 6.552935e-03 0 3 0 1 1.014003e-14 0.000000e+00
34 131 1.038570e-03 8.249656e-03 0 3 0 1 8.862955e-15 0.000000e+00
35 121 1.307482e-03 8.249656e-04 0 3 0 1 1.073515e-16 0.000000e+00
35 122 1.307482e-03 1.038570e-03 0 3 0 1 2.385506e-16 0.000000e+00
35 123 1.307482e-03 1.307482e-03 0 3 0 1 -2.752653e-15 0.000000e+00
35 124 1.307482e-03 1.646023e-03 0 3 0 1 -8.887007e-15 0.000000e+00
35 125 1.307482e-03 2.072220e-03 0 3 0 1 -4.032276e-15 0.000000e+00
35 126 1.307482e-03 2.608770e-03 0 3 0 1 3.062276e-15 0.000000e+00
35 127 1.307482e-03 3.284247e-03 0 3 0 1 7.745810e-15 0.000000e+00
35 128 1.307482e-03 4.134622e-03 0 3 0 1 9.814629e-15 0.000000e+00
35 129 1.307482e-03 5.205181e-03 0 3 0 1 1.012690e-14 0.000000e+00
35 130 1.307482e-03 6.552935e-03 0 3 0 1 9.510432e-15 0.000000e+00
35 131 1.307482e-03 8.249656e-03 0 3 0 1 8.526968e-15 0.000000e+00
36 121 1.646023e-03 8.249656e-04 0 3 0 1 5.071970e-17 0.000000e+00
36 122 1.646023e-03 1.038570e-03 0 3 0 1 1.370556e-16 0.000000e+00
36 123 1.646023e-03 1.307482e-03 0 3 0 1 3.583040e-16 0.000000e+00
36 124 1.646023e-03 1.646023e-03 0 3 0 1 -2.409990e-15 0.000000e+00
36 125 1.646023e-03 2.072220e-03 0 3 0 1 -8.391340e-15 0.000000e+00
36 126 1.646023e-03 2.608770e-03 0 3 0 1 -3.752437e-15 0.000000e+00
36 127 1.646023e-03 3.284247e-03 0 3 0 1 2.660727e-15 0.000000e+00
36 128 1.646023e-03 4.134622e-03 0 3 0 1 6.676100e-15 0.000000e+00
36 129 1.646023e-03 5.205181e-03 0 3 0 1 8.342167e-15 0.000000e+00
36 130 1.646023e-03 6.552935e-03 0 3 0 1 8.534495e-15 0.000000e+00
36 131 1.646023e-03 8.249656e-03 0 3 0 1 8.001598e-15 0.000000e+00
37 121 2.072220e-03 8.249656e-04 0 3 0 1 2.062502e-17 0.000000e+00
37 122 2.072220e-03 1.038570e-03 0 3 0 1 5.551593e-17 0.000000e+00
37 123 2.072220e-03 1.307482e-03 0 3 0 1 1.572572e-16 0.000000e+00
37 124 2.072220e-03 1.646023e-03 0 3 0 1 4.576161e-16 0.000000e+00
37 125 2.072220e-03 2.072220e-03 0 3 0 1 -2.034089e-15 0.000000e+00
37 126 2.072220e-03 2.608770e-03 0 3 0 1 -7.750785e-15 0.000000e+00
37 127 2.072220e-03 3.284247e-03 0 3 0 1 -3.389338e-15 0.000000e+00
37 128 2.072220e-03 4.134622e-03 0 3 0 1 2.298225e-15 0.000000e+00
37 129 2.072220e-03 5.205181e-03 0 3 0 1 5.694183e-15 0.000000e+00
37 130 2.072220e-03 6.552935e-03 0 3 0 1 7.044045e-15 0.000000e+00
37 131 2.072220e-03 8.249656e-03 0 3 0 1 7.187191e-15 0.000000e+00
38 121 2.608770e-03 8.249656e-04 0 3 0 1 7.816473e-18 0.000000e+00
38 122 2.608770e-03 1.038570e-03 0 3 0 1 2.016532e-17 0.000000e+00
38 123 2.608770e-03 1.307482e-03 0 3 0 1 5.586094e-17 0.000000e+00
38 124 2.608770e-03 1.646023e-03 0 3 0 1 1.644535e-16 0.000000e+00
38 125 2.608770e-03 2.072220e-03 0 3 0 1 5.249246e-16 0.000000e+00
38 126 2.608770e-03 2.608770e-03 0 3 0 1 -1.654438e-15 0.000000e+00
38 127 2.608770e-03 3.284247e-03 0 3 0 1 -7.007157e-15 0.000000e+00
38 128 2.608770e-03 4.134622e-03 0 3 0 1 -2.976402e-15 0.000000e+00
38 129 2.608770e-03 5.205181e-03 0 3 0 1 1.979984e-15 0.000000e+00
38 130 2.608770e-03 6.552935e-03 0 3 0 1 4.828216e-15 0.000000e+00
38 131 2.608770e-03 8.249656e-03 0 3 0 1 5.942983e-15 0.000000e+00
39 121 3.284247e-03 8.249656e-04 0 3 0 1 2.847503e-18 0.000000e+00
39 122 3.284247e-03 1.038570e-03 0 3 0 1 6.788744e-18 0.000000e+00
39 123 3.284247e-03 1.307482e-03 0 3 0 1 1.840792e-17 0.000000e+00
39 124 3.284247e-03 1.646023e-03 0 3 0 1 5.205977e-17 0.000000e+00
39 125 3.284247e-03 2.072220e-03 0 3 0 1 1.589755e-16 0.000000e+00
39 126 3.284247e-03 2.608770e-03 0 3 0 1 5.543891e-16 0.000000e+00
39 127 3.284247e-03 3.284247e-03 0 3 0 1 -1.299037e-15 0.000000e+00
39 128 3.284247e-03 4.134622e-03 0 3 0 1 -6.209122e-15 0.000000e+00
39 129 3.284247e-03 5.205181e-03 0 3 0 1 -2.548441e-15 0.000000e+00
39 130 3.284247e-03 6.552935e-03 0 3 0 1 1.707192e-15 0.000000e+00
39 131 3.284247e-03 8.249656e-03 0 3 0 1 4.091716e-15 0.000000e+00
40 121 4.134622e-03 8.249656e-04 0 3 0 1 1.096789e-18 0.000000e+00
40 122 4.134622e-03 1.038570e-03 0 3 0 1 2.154506e-18 0.000000e+00
40 123 4.134622e-03 1.307482e-03 0 3 0 1 5.748359e-18 0.000000e+00
40 124 4.134622e-03 1.646023e-03 0 3 0 1 1.576939e-17 0.000000e+00
40 125 4.134622e-03 2.072220e-03 0 3 0 1 4.525284e-17 0.000000e+00
40 126 4.134622e-03 2.608770e-03 0 3 0 1 1.433891e-16 0.000000e+00
40 127 4.134622e-03 3.284247e-03 0 3 0 1 5.464147e-16 0.000000e+00
40 128 4.134622e-03 4.134622e-03 0 3 0 1 -9.892584e-16 0.000000e+00
40 129 4.134622e-03 5.205181e-03 0 3 0 1 -5.404769e-15 0.000000e+00
40 130 4.134622e-03 6.552935e-03 0 3 0 1 -2.136389e-15 0.000000e+00
40 131 4.134622e-03 8.249656e-03 0 3 0 1 1.478303e-15 0.000000e+00
41 121 5.205181e-03 8.249656e-04 0 3 0 1 4.851916e-19 0.000000e+00
41 122 5.205181e-03 1.038570e-03 0 3 0 1 6.251011e-19 0.000000e+00
41 123 5.205181e-03 1.307482e-03 0 3 0 1 1.696545e-18 0.000000e+00
41 124 5.205181e-03 1.646023e-03 0 3 0 1 4.631732e-18 0.000000e+00
41 125 5.205181e-03 2.072220e-03 0 3 0 1 1.266810e-17 0.000000e+00
41 126 5.205181e-03 2.608770e-03 0 3 0 1 3.706038e-17 0.000000e+00
41 127 5.205181e-03 3.284247e-03 0 3 0 1 1.216184e-16 0.000000e+00
41 128 5.205181e-03 4.134622e-03 0 3 0 1 5.071675e-16 0.000000e+00
41 129 5.205181e-03 5.205181e-03 0 3 0 1 -7.378495e-16 0.000000e+00
41 130 5.205181e-03 6.552935e-03 0 3 0 1 -4.635913e-15 0.000000e+00
41 131 5.205181e-03 8.249656e-03 0 3 0 1 -1.763061e-15 0.000000e+00
42 121 6.552935e-03 8.249656e-04 0 3 0 1 3.174448e-19 0.000000e+00
42 122 6.552935e-03 1.038570e-03 0 3 0 1 1.391345e-19 0.000000e+00
42 123 6.552935e-03 1.307482e-03 0 3 0 1 4.622771e-19 0.000000e+00
42 124 6.552935e-03 1.646023e-03 0 3 0 1 1.305458e-18 0.000000e+00
42 125 6.552935e-03 2.072220e-03 0 3 0 1 3.450187e-18 0.000000e+00
42 126 6.552935e-03 2.608770e-03 0 3 0 1 9.621587e-18 0.000000e+00
42 127 6.552935e-03 3.284247e-03 0 3 0 1 2.866715e-17 0.000000e+00
42 128 6.552935e-03 4.134622e-03 0 3 0 1 9.746222e-17 0.000000e+00
42 129 6.552935e-03 5.205181e-03 0 3 0 1 4.462513e-16 0.000000e+00
42 130 6.552935e-03 6.552935e-03 0 3 0 1 -5.482554e-16 0.000000e+00
42 131 6.552935e-03 8.249656e-03 0 3 0 1 -3.934187e-15 0.000000e+00
43 121 8.249656e-03 8.249656e-04 0 3 0 1 2.517520e-19 0.000000e+00
43 122 8.249656e-03 1.038570e-03 0 3 0 1 3.719778e-21 0.000000e+00
43 123 8.249656e-03 1.307482e-03 0 3 0 1 1.126727e-19 0.000000e+00
43 124 8.249656e-03 1.646023e-03 0 3 0 1 3.705871e-19 0.000000e+00
43 125 8.249656e-03 2.072220e-03 0 3 0 1 9.405236e-19 0.000000e+00
43 126 8.249656e-03 2.608770e-03 0 3 0 1 2.500697e-18 0.000000e+00
43 127 8.249656e-03 3.284247e-03 0 3 0 1 6.982883e-18 0.000000e+00
43 128 8.249656e-03 4.134622e-03 0 3 0 1 2.110659e-17 0.000000e+00
43 129 8.249656e-03 5.205181e-03 0 3 0 1 7.418649e-17 0.000000e+00
43 130 8.249656e-03 6.552935e-03 0 3 0 1 3.740965e-16 0.000000e+00
43 131 8.249656e-03 8.249656e-03 0 3 0 1 -4.166217e-16 0.000000e+00
