# Please cite the following papers in research using this covariance:
# arXiv: 1601.05779, https://arxiv.org/abs/1601.05779
# arXiv: 1911.11947, https://arxiv.org/abs/1911.11947
# arXiv: 2004.04833, https://arxiv.org/abs/2004.04833
# arXiv: 1804.10663, https://arxiv.org/abs/1804.10663
########################################################
33 33 8.249656e-04 8.249656e-04 0 3 0 3 2.351726e-11 0.000000e+00
33 34 8.249656e-04 1.038570e-03 0 3 0 3 3.087451e-13 0.000000e+00
33 35 8.249656e-04 1.307482e-03 0 3 0 3 2.541684e-13 0.000000e+00
33 36 8.249656e-04 1.646023e-03 0 3 0 3 2.129825e-13 0.000000e+00
33 37 8.249656e-04 2.072220e-03 0 3 0 3 1.813365e-13 0.000000e+00
33 38 8.249656e-04 2.608770e-03 0 3 0 3 1.563076e-13 0.000000e+00
33 39 8.249656e-04 3.284247e-03 0 3 0 3 1.358823e-13 0.000000e+00
33 40 8.249656e-04 4.134622e-03 0 3 0 3 1.186801e-13 0.000000e+00
33 41 8.249656e-04 5.205181e-03 0 3 0 3 1.037639e-13 0.000000e+00
33 42 8.249656e-04 6.552935e-03 0 3 0 3 9.051470e-14 0.000000e+00
33 43 8.249656e-04 8.249656e-03 0 3 0 3 7.854145e-14 0.000000e+00
34 33 1.038570e-03 8.249656e-04 0 3 0 3 3.087451e-13 0.000000e+00
34 34 1.038570e-03 1.038570e-03 0 3 0 3 1.500154e-11 0.000000e+00
34 35 1.038570e-03 1.307482e-03 0 3 0 3 2.665834e-13 0.000000e+00
34 36 1.038570e-03 1.646023e-03 0 3 0 3 2.187554e-13 0.000000e+00
34 37 1.038570e-03 2.072220e-03 0 3 0 3 1.839668e-13 0.000000e+00
34 38 1.038570e-03 2.608770e-03 0 3 0 3 1.575008e-13 0.000000e+00
34 39 1.038570e-03 3.284247e-03 0 3 0 3 1.364226e-13 0.000000e+00
34 40 1.038570e-03 4.134622e-03 0 3 0 3 1.189262e-13 0.000000e+00
34 41 1.038570e-03 5.205181e-03 0 3 0 3 1.038786e-13 0.000000e+00
34 42 1.038570e-03 6.552935e-03 0 3 0 3 9.057043e-14 0.000000e+00
34 43 1.038570e-03 8.249656e-03 0 3 0 3 7.857028e-14 0.000000e+00
35 33 1.307482e-03 8.249656e-04 0 3 0 3 2.541684e-13 0.000000e+00
35 34 1.307482e-03 1.038570e-03 0 3 0 3 2.665834e-13 0.000000e+00
35 35 1.307482e-03 1.307482e-03 0 3 0 3 9.581785e-12 0.000000e+00
35 36 1.307482e-03 1.646023e-03 0 3 0 3 2.303483e-13 0.000000e+00
35 37 1.307482e-03 2.072220e-03 0 3 0 3 1.888787e-13 0.000000e+00
35 38 1.307482e-03 2.608770e-03 0 3 0 3 1.596093e-13 0.000000e+00
35 39 1.307482e-03 3.284247e-03 0 3 0 3 1.373424e-13 0.000000e+00
35 40 1.307482e-03 4.134622e-03 0 3 0 3 1.193348e-13 0.000000e+00
35 41 1.307482e-03 5.205181e-03 0 3 0 3 1.040656e-13 0.000000e+00
35 42 1.307482e-03 6.552935e-03 0 3 0 3 9.066055e-14 0.000000e+00
35 43 1.307482e-03 8.249656e-03 0 3 0 3 7.861673e-14 0.000000e+00
36 33 1.646023e-03 8.249656e-04 0 3 0 3 2.129825e-13 0.000000e+00
36 34 1.646023e-03 1.038570e-03 0 3 0 3 2.187554e-13 0.000000e+00
36 35 1.646023e-03 1.307482e-03 0 3 0 3 2.303483e-13 0.000000e+00
36 36 1.646023e-03 1.646023e-03 0 3 0 3 6.141316e-12 0.000000e+00
36 37 1.646023e-03 2.072220e-03 0 3 0 3 1.993062e-13 0.000000e+00
36 38 1.646023e-03 2.608770e-03 0 3 0 3 1.636438e-13 0.000000e+00
36 39 1.646023e-03 3.284247e-03 0 3 0 3 1.389857e-13 0.000000e+00
36 40 1.646023e-03 4.134622e-03 0 3 0 3 1.200330e-13 0.000000e+00
36 41 1.646023e-03 5.205181e-03 0 3 0 3 1.043759e-13 0.000000e+00
36 42 1.646023e-03 6.552935e-03 0 3 0 3 9.080700e-14 0.000000e+00
36 43 1.646023e-03 8.249656e-03 0 3 0 3 7.869126e-14 0.000000e+00
37 33 2.072220e-03 8.249656e-04 0 3 0 3 1.813365e-13 0.000000e+00
37 34 2.072220e-03 1.038570e-03 0 3 0 3 1.839668e-13 0.000000e+00
37 35 2.072220e-03 1.307482e-03 0 3 0 3 1.888787e-13 0.000000e+00
37 36 2.072220e-03 1.646023e-03 0 3 0 3 1.993062e-13 0.000000e+00
37 37 2.072220e-03 2.072220e-03 0 3 0 3 3.950136e-12 0.000000e+00
37 38 2.072220e-03 2.608770e-03 0 3 0 3 1.727106e-13 0.000000e+00
37 39 2.072220e-03 3.284247e-03 0 3 0 3 1.422014e-13 0.000000e+00
37 40 2.072220e-03 4.134622e-03 0 3 0 3 1.212905e-13 0.000000e+00
37 41 2.072220e-03 5.205181e-03 0 3 0 3 1.049065e-13 0.000000e+00
37 42 2.072220e-03 6.552935e-03 0 3 0 3 9.104928e-14 0.000000e+00
37 43 2.072220e-03 8.249656e-03 0 3 0 3 7.881212e-14 0.000000e+00
38 33 2.608770e-03 8.249656e-04 0 3 0 3 1.563076e-13 0.000000e+00
38 34 2.608770e-03 1.038570e-03 0 3 0 3 1.575008e-13 0.000000e+00
38 35 2.608770e-03 1.307482e-03 0 3 0 3 1.596093e-13 0.000000e+00
38 36 2.608770e-03 1.646023e-03 0 3 0 3 1.636438e-13 0.000000e+00
38 37 2.608770e-03 2.072220e-03 0 3 0 3 1.727106e-13 0.000000e+00
38 38 2.608770e-03 2.608770e-03 0 3 0 3 2.552070e-12 0.000000e+00
38 39 2.608770e-03 3.284247e-03 0 3 0 3 1.498506e-13 0.000000e+00
38 40 2.608770e-03 4.134622e-03 0 3 0 3 1.237961e-13 0.000000e+00
38 41 2.608770e-03 5.205181e-03 0 3 0 3 1.058650e-13 0.000000e+00
38 42 2.608770e-03 6.552935e-03 0 3 0 3 9.146198e-14 0.000000e+00
38 43 2.608770e-03 8.249656e-03 0 3 0 3 7.901091e-14 0.000000e+00
39 33 3.284247e-03 8.249656e-04 0 3 0 3 1.358823e-13 0.000000e+00
39 34 3.284247e-03 1.038570e-03 0 3 0 3 1.364226e-13 0.000000e+00
39 35 3.284247e-03 1.307482e-03 0 3 0 3 1.373424e-13 0.000000e+00
39 36 3.284247e-03 1.646023e-03 0 3 0 3 1.389857e-13 0.000000e+00
39 37 3.284247e-03 2.072220e-03 0 3 0 3 1.422014e-13 0.000000e+00
39 38 3.284247e-03 2.608770e-03 0 3 0 3 1.498506e-13 0.000000e+00
39 39 3.284247e-03 3.284247e-03 0 3 0 3 1.658929e-12 0.000000e+00
39 40 3.284247e-03 4.134622e-03 0 3 0 3 1.300854e-13 0.000000e+00
39 41 3.284247e-03 5.205181e-03 0 3 0 3 1.077951e-13 0.000000e+00
39 42 3.284247e-03 6.552935e-03 0 3 0 3 9.220404e-14 0.000000e+00
39 43 3.284247e-03 8.249656e-03 0 3 0 3 7.934667e-14 0.000000e+00
40 33 4.134622e-03 8.249656e-04 0 3 0 3 1.186801e-13 0.000000e+00
40 34 4.134622e-03 1.038570e-03 0 3 0 3 1.189262e-13 0.000000e+00
40 35 4.134622e-03 1.307482e-03 0 3 0 3 1.193348e-13 0.000000e+00
40 36 4.134622e-03 1.646023e-03 0 3 0 3 1.200330e-13 0.000000e+00
40 37 4.134622e-03 2.072220e-03 0 3 0 3 1.212905e-13 0.000000e+00
40 38 4.134622e-03 2.608770e-03 0 3 0 3 1.237961e-13 0.000000e+00
40 39 4.134622e-03 3.284247e-03 0 3 0 3 1.300854e-13 0.000000e+00
40 40 4.134622e-03 4.134622e-03 0 3 0 3 1.088335e-12 0.000000e+00
40 41 4.134622e-03 5.205181e-03 0 3 0 3 1.128654e-13 0.000000e+00
40 42 4.134622e-03 6.552935e-03 0 3 0 3 9.369656e-14 0.000000e+00
40 43 4.134622e-03 8.249656e-03 0 3 0 3 7.994292e-14 0.000000e+00
41 33 5.205181e-03 8.249656e-04 0 3 0 3 1.037639e-13 0.000000e+00
41 34 5.205181e-03 1.038570e-03 0 3 0 3 1.038786e-13 0.000000e+00
41 35 5.205181e-03 1.307482e-03 0 3 0 3 1.040656e-13 0.000000e+00
41 36 5.205181e-03 1.646023e-03 0 3 0 3 1.043759e-13 0.000000e+00
41 37 5.205181e-03 2.072220e-03 0 3 0 3 1.049065e-13 0.000000e+00
41 38 5.205181e-03 2.608770e-03 0 3 0 3 1.058650e-13 0.000000e+00
41 39 5.205181e-03 3.284247e-03 0 3 0 3 1.077951e-13 0.000000e+00
41 40 5.205181e-03 4.134622e-03 0 3 0 3 1.128654e-13 0.000000e+00
41 41 5.205181e-03 5.205181e-03 0 3 0 3 7.215726e-13 0.000000e+00
41 42 5.205181e-03 6.552935e-03 0 3 0 3 9.773723e-14 0.000000e+00
41 43 5.205181e-03 8.249656e-03 0 3 0 3 8.112363e-14 0.000000e+00
42 33 6.552935e-03 8.249656e-04 0 3 0 3 9.051470e-14 0.000000e+00
42 34 6.552935e-03 1.038570e-03 0 3 0 3 9.057043e-14 0.000000e+00
42 35 6.552935e-03 1.307482e-03 0 3 0 3 9.066055e-14 0.000000e+00
42 36 6.552935e-03 1.646023e-03 0 3 0 3 9.080700e-14 0.000000e+00
42 37 6.552935e-03 2.072220e-03 0 3 0 3 9.104928e-14 0.000000e+00
42 38 6.552935e-03 2.608770e-03 0 3 0 3 9.146198e-14 0.000000e+00
42 39 6.552935e-03 3.284247e-03 0 3 0 3 9.220404e-14 0.000000e+00
42 40 6.552935e-03 4.134622e-03 0 3 0 3 9.369656e-14 0.000000e+00
42 41 6.552935e-03 5.205181e-03 0 3 0 3 9.773723e-14 0.000000e+00
42 42 6.552935e-03 6.552935e-03 0 3 0 3 4.844710e-13 0.000000e+00
42 43 6.552935e-03 8.249656e-03 0 3 0 3 8.434077e-14 0.000000e+00
43 33 8.249656e-03 8.249656e-04 0 3 0 3 7.854145e-14 0.000000e+00
43 34 8.249656e-03 1.038570e-03 0 3 0 3 7.857028e-14 0.000000e+00
43 35 8.249656e-03 1.307482e-03 0 3 0 3 7.861673e-14 0.000000e+00
43 36 8.249656e-03 1.646023e-03 0 3 0 3 7.869126e-14 0.000000e+00
43 37 8.249656e-03 2.072220e-03 0 3 0 3 7.881212e-14 0.000000e+00
43 38 8.249656e-03 2.608770e-03 0 3 0 3 7.901091e-14 0.000000e+00
43 39 8.249656e-03 3.284247e-03 0 3 0 3 7.934667e-14 0.000000e+00
43 40 8.249656e-03 4.134622e-03 0 3 0 3 7.994292e-14 0.000000e+00
43 41 8.249656e-03 5.205181e-03 0 3 0 3 8.112363e-14 0.000000e+00
43 42 8.249656e-03 6.552935e-03 0 3 0 3 8.434077e-14 0.000000e+00
43 43 8.249656e-03 8.249656e-03 0 3 0 3 3.303073e-13 0.000000e+00
