# Please cite the following papers in research using this covariance:
# arXiv: 1601.05779, https://arxiv.org/abs/1601.05779
# arXiv: 1911.11947, https://arxiv.org/abs/1911.11947
# arXiv: 2004.04833, https://arxiv.org/abs/2004.04833
# arXiv: 1804.10663, https://arxiv.org/abs/1804.10663
########################################################
33 154 8.249656e-04 8.249656e-04 0 3 1 1 -9.012909e-18 0.000000e+00
33 155 8.249656e-04 1.038570e-03 0 3 1 1 -1.022290e-17 0.000000e+00
33 156 8.249656e-04 1.307482e-03 0 3 1 1 1.710923e-17 0.000000e+00
33 157 8.249656e-04 1.646023e-03 0 3 1 1 8.595114e-17 0.000000e+00
33 158 8.249656e-04 2.072220e-03 0 3 1 1 1.921104e-16 0.000000e+00
33 159 8.249656e-04 2.608770e-03 0 3 1 1 3.230171e-16 0.000000e+00
33 160 8.249656e-04 3.284247e-03 0 3 1 1 4.636650e-16 0.000000e+00
33 161 8.249656e-04 4.134622e-03 0 3 1 1 6.009812e-16 0.000000e+00
33 162 8.249656e-04 5.205181e-03 0 3 1 1 7.265576e-16 0.000000e+00
33 163 8.249656e-04 6.552935e-03 0 3 1 1 8.380288e-16 0.000000e+00
33 164 8.249656e-04 8.249656e-03 0 3 1 1 9.391129e-16 0.000000e+00
34 154 1.038570e-03 8.249656e-04 0 3 1 1 -6.294737e-18 0.000000e+00
34 155 1.038570e-03 1.038570e-03 0 3 1 1 -1.599124e-17 0.000000e+00
34 156 1.038570e-03 1.307482e-03 0 3 1 1 -2.065563e-17 0.000000e+00
34 157 1.038570e-03 1.646023e-03 0 3 1 1 1.437253e-17 0.000000e+00
34 158 1.038570e-03 2.072220e-03 0 3 1 1 1.035364e-16 0.000000e+00
34 159 1.038570e-03 2.608770e-03 0 3 1 1 2.347351e-16 0.000000e+00
34 160 1.038570e-03 3.284247e-03 0 3 1 1 3.866544e-16 0.000000e+00
34 161 1.038570e-03 4.134622e-03 0 3 1 1 5.396665e-16 0.000000e+00
34 162 1.038570e-03 5.205181e-03 0 3 1 1 6.808175e-16 0.000000e+00
34 163 1.038570e-03 6.552935e-03 0 3 1 1 8.054187e-16 0.000000e+00
34 164 1.038570e-03 8.249656e-03 0 3 1 1 9.165053e-16 0.000000e+00
35 154 1.307482e-03 8.249656e-04 0 3 1 1 -3.380337e-18 0.000000e+00
35 155 1.307482e-03 1.038570e-03 0 3 1 1 -9.858387e-18 0.000000e+00
35 156 1.307482e-03 1.307482e-03 0 3 1 1 -2.515789e-17 0.000000e+00
35 157 1.307482e-03 1.646023e-03 0 3 1 1 -3.595820e-17 0.000000e+00
35 158 1.307482e-03 2.072220e-03 0 3 1 1 7.850379e-18 0.000000e+00
35 159 1.307482e-03 2.608770e-03 0 3 1 1 1.204989e-16 0.000000e+00
35 160 1.307482e-03 3.284247e-03 0 3 1 1 2.776627e-16 0.000000e+00
35 161 1.307482e-03 4.134622e-03 0 3 1 1 4.486043e-16 0.000000e+00
35 162 1.307482e-03 5.205181e-03 0 3 1 1 6.110269e-16 0.000000e+00
35 163 1.307482e-03 6.552935e-03 0 3 1 1 7.548869e-16 0.000000e+00
35 164 1.307482e-03 8.249656e-03 0 3 1 1 8.811581e-16 0.000000e+00
36 154 1.646023e-03 8.249656e-04 0 3 1 1 -1.510085e-18 0.000000e+00
36 155 1.646023e-03 1.038570e-03 0 3 1 1 -4.862041e-18 0.000000e+00
36 156 1.646023e-03 1.307482e-03 0 3 1 1 -1.347841e-17 0.000000e+00
36 157 1.646023e-03 1.646023e-03 0 3 1 1 -3.665910e-17 0.000000e+00
36 158 1.646023e-03 2.072220e-03 0 3 1 1 -5.656177e-17 0.000000e+00
36 159 1.646023e-03 2.608770e-03 0 3 1 1 -2.454789e-18 0.000000e+00
36 160 1.646023e-03 3.284247e-03 0 3 1 1 1.362754e-16 0.000000e+00
36 161 1.646023e-03 4.134622e-03 0 3 1 1 3.193459e-16 0.000000e+00
36 162 1.646023e-03 5.205181e-03 0 3 1 1 5.071508e-16 0.000000e+00
36 163 1.646023e-03 6.552935e-03 0 3 1 1 6.776832e-16 0.000000e+00
36 164 1.646023e-03 8.249656e-03 0 3 1 1 8.263484e-16 0.000000e+00
37 154 2.072220e-03 8.249656e-04 0 3 1 1 -4.992405e-19 0.000000e+00
37 155 2.072220e-03 1.038570e-03 0 3 1 1 -2.123706e-18 0.000000e+00
37 156 2.072220e-03 1.307482e-03 0 3 1 1 -5.787213e-18 0.000000e+00
37 157 2.072220e-03 1.646023e-03 0 3 1 1 -1.689433e-17 0.000000e+00
37 158 2.072220e-03 2.072220e-03 0 3 1 1 -4.994269e-17 0.000000e+00
37 159 2.072220e-03 2.608770e-03 0 3 1 1 -8.180011e-17 0.000000e+00
37 160 2.072220e-03 3.284247e-03 0 3 1 1 -1.579514e-17 0.000000e+00
37 161 2.072220e-03 4.134622e-03 0 3 1 1 1.510010e-16 0.000000e+00
37 162 2.072220e-03 5.205181e-03 0 3 1 1 3.592003e-16 0.000000e+00
37 163 2.072220e-03 6.552935e-03 0 3 1 1 5.625281e-16 0.000000e+00
37 164 2.072220e-03 8.249656e-03 0 3 1 1 7.425179e-16 0.000000e+00
38 154 2.608770e-03 8.249656e-04 0 3 1 1 -2.221165e-20 0.000000e+00
38 155 2.608770e-03 1.038570e-03 0 3 1 1 -8.406633e-19 0.000000e+00
38 156 2.608770e-03 1.307482e-03 0 3 1 1 -2.192708e-18 0.000000e+00
38 157 2.608770e-03 1.646023e-03 0 3 1 1 -6.186796e-18 0.000000e+00
38 158 2.608770e-03 2.072220e-03 0 3 1 1 -1.955101e-17 0.000000e+00
38 159 2.608770e-03 2.608770e-03 0 3 1 1 -6.369948e-17 0.000000e+00
38 160 2.608770e-03 3.284247e-03 0 3 1 1 -1.102760e-16 0.000000e+00
38 161 2.608770e-03 4.134622e-03 0 3 1 1 -3.053000e-17 0.000000e+00
38 162 2.608770e-03 5.205181e-03 0 3 1 1 1.655290e-16 0.000000e+00
38 163 2.608770e-03 6.552935e-03 0 3 1 1 3.979418e-16 0.000000e+00
38 164 2.608770e-03 8.249656e-03 0 3 1 1 6.172524e-16 0.000000e+00
39 154 3.284247e-03 8.249656e-04 0 3 1 1 1.746107e-19 0.000000e+00
39 155 3.284247e-03 1.038570e-03 0 3 1 1 -3.164499e-19 0.000000e+00
39 156 3.284247e-03 1.307482e-03 0 3 1 1 -7.469167e-19 0.000000e+00
39 157 3.284247e-03 1.646023e-03 0 3 1 1 -1.964588e-18 0.000000e+00
39 158 3.284247e-03 2.072220e-03 0 3 1 1 -6.033638e-18 0.000000e+00
39 159 3.284247e-03 2.608770e-03 0 3 1 1 -2.070552e-17 0.000000e+00
39 160 3.284247e-03 3.284247e-03 0 3 1 1 -7.654538e-17 0.000000e+00
39 161 3.284247e-03 4.134622e-03 0 3 1 1 -1.399330e-16 0.000000e+00
39 162 3.284247e-03 5.205181e-03 0 3 1 1 -4.449496e-17 0.000000e+00
39 163 3.284247e-03 6.552935e-03 0 3 1 1 1.812818e-16 0.000000e+00
39 164 3.284247e-03 8.249656e-03 0 3 1 1 4.376664e-16 0.000000e+00
40 154 4.134622e-03 8.249656e-04 0 3 1 1 2.451604e-19 0.000000e+00
40 155 4.134622e-03 1.038570e-03 0 3 1 1 -1.304032e-19 0.000000e+00
40 156 4.134622e-03 1.307482e-03 0 3 1 1 -2.422499e-19 0.000000e+00
40 157 4.134622e-03 1.646023e-03 0 3 1 1 -5.291310e-19 0.000000e+00
40 158 4.134622e-03 2.072220e-03 0 3 1 1 -1.618511e-18 0.000000e+00
40 159 4.134622e-03 2.608770e-03 0 3 1 1 -5.229527e-18 0.000000e+00
40 160 4.134622e-03 3.284247e-03 0 3 1 1 -2.009700e-17 0.000000e+00
40 161 4.134622e-03 4.134622e-03 0 3 1 1 -8.724926e-17 0.000000e+00
40 162 4.134622e-03 5.205181e-03 0 3 1 1 -1.685689e-16 0.000000e+00
40 163 4.134622e-03 6.552935e-03 0 3 1 1 -5.556885e-17 0.000000e+00
40 164 4.134622e-03 8.249656e-03 0 3 1 1 1.999936e-16 0.000000e+00
41 154 5.205181e-03 8.249656e-04 0 3 1 1 2.665602e-19 0.000000e+00
41 155 5.205181e-03 1.038570e-03 0 3 1 1 -7.424110e-20 0.000000e+00
41 156 5.205181e-03 1.307482e-03 0 3 1 1 -9.184227e-20 0.000000e+00
41 157 5.205181e-03 1.646023e-03 0 3 1 1 -1.103762e-19 0.000000e+00
41 158 5.205181e-03 2.072220e-03 0 3 1 1 -3.775918e-19 0.000000e+00
41 159 5.205181e-03 2.608770e-03 0 3 1 1 -1.149024e-18 0.000000e+00
41 160 5.205181e-03 3.284247e-03 0 3 1 1 -4.036574e-18 0.000000e+00
41 161 5.205181e-03 4.134622e-03 0 3 1 1 -1.792449e-17 0.000000e+00
41 162 5.205181e-03 5.205181e-03 0 3 1 1 -9.516874e-17 0.000000e+00
41 163 5.205181e-03 6.552935e-03 0 3 1 1 -1.944470e-16 0.000000e+00
41 164 5.205181e-03 8.249656e-03 0 3 1 1 -6.223620e-17 0.000000e+00
42 154 6.552935e-03 8.249656e-04 0 3 1 1 2.719283e-19 0.000000e+00
42 155 6.552935e-03 1.038570e-03 0 3 1 1 -6.004543e-20 0.000000e+00
42 156 6.552935e-03 1.307482e-03 0 3 1 1 -5.434291e-20 0.000000e+00
42 157 6.552935e-03 1.646023e-03 0 3 1 1 -8.019250e-21 0.000000e+00
42 158 6.552935e-03 2.072220e-03 0 3 1 1 -8.344623e-20 0.000000e+00
42 159 6.552935e-03 2.608770e-03 0 3 1 1 -2.304409e-19 0.000000e+00
42 160 6.552935e-03 3.284247e-03 0 3 1 1 -7.404190e-19 0.000000e+00
42 161 6.552935e-03 4.134622e-03 0 3 1 1 -2.836091e-18 0.000000e+00
42 162 6.552935e-03 5.205181e-03 0 3 1 1 -1.488119e-17 0.000000e+00
42 163 6.552935e-03 6.552935e-03 0 3 1 1 -1.005253e-16 0.000000e+00
42 164 6.552935e-03 8.249656e-03 0 3 1 1 -2.167947e-16 0.000000e+00
43 154 8.249656e-03 8.249656e-04 0 3 1 1 2.728282e-19 0.000000e+00
43 155 8.249656e-03 1.038570e-03 0 3 1 1 -5.728246e-20 0.000000e+00
43 156 8.249656e-03 1.307482e-03 0 3 1 1 -4.716220e-20 0.000000e+00
43 157 8.249656e-03 1.646023e-03 0 3 1 1 1.142366e-20 0.000000e+00
43 158 8.249656e-03 2.072220e-03 0 3 1 1 -2.815552e-20 0.000000e+00
43 159 8.249656e-03 2.608770e-03 0 3 1 1 -6.263711e-20 0.000000e+00
43 160 8.249656e-03 3.284247e-03 0 3 1 1 -1.727484e-19 0.000000e+00
43 161 8.249656e-03 4.134622e-03 0 3 1 1 -5.376552e-19 0.000000e+00
43 162 8.249656e-03 5.205181e-03 0 3 1 1 -2.036937e-18 0.000000e+00
43 163 8.249656e-03 6.552935e-03 0 3 1 1 -1.199843e-17 0.000000e+00
43 164 8.249656e-03 8.249656e-03 0 3 1 1 -1.044202e-16 0.000000e+00
