# Please cite the following papers in research using this covariance:
# arXiv: 1601.05779, https://arxiv.org/abs/1601.05779
# arXiv: 1911.11947, https://arxiv.org/abs/1911.11947
# arXiv: 2004.04833, https://arxiv.org/abs/2004.04833
# arXiv: 1804.10663, https://arxiv.org/abs/1804.10663
########################################################
66 143 8.249656e-04 8.249656e-04 1 3 0 3 -1.605234e-15 0.000000e+00
66 144 8.249656e-04 1.038570e-03 1 3 0 3 -4.379033e-15 0.000000e+00
66 145 8.249656e-04 1.307482e-03 1 3 0 3 -1.914474e-15 0.000000e+00
66 146 8.249656e-04 1.646023e-03 1 3 0 3 2.288498e-15 0.000000e+00
66 147 8.249656e-04 2.072220e-03 1 3 0 3 5.709515e-15 0.000000e+00
66 148 8.249656e-04 2.608770e-03 1 3 0 3 7.796138e-15 0.000000e+00
66 149 8.249656e-04 3.284247e-03 1 3 0 3 8.712959e-15 0.000000e+00
66 150 8.249656e-04 4.134622e-03 1 3 0 3 8.804836e-15 0.000000e+00
66 151 8.249656e-04 5.205181e-03 1 3 0 3 8.402622e-15 0.000000e+00
66 152 8.249656e-04 6.552935e-03 1 3 0 3 7.766795e-15 0.000000e+00
66 153 8.249656e-04 8.249656e-03 1 3 0 3 7.082371e-15 0.000000e+00
67 143 1.038570e-03 8.249656e-04 1 3 0 3 -3.428530e-17 0.000000e+00
67 144 1.038570e-03 1.038570e-03 1 3 0 3 -1.578165e-15 0.000000e+00
67 145 1.038570e-03 1.307482e-03 1 3 0 3 -4.445476e-15 0.000000e+00
67 146 1.038570e-03 1.646023e-03 1 3 0 3 -1.972560e-15 0.000000e+00
67 147 1.038570e-03 2.072220e-03 1 3 0 3 2.119445e-15 0.000000e+00
67 148 1.038570e-03 2.608770e-03 1 3 0 3 5.313948e-15 0.000000e+00
67 149 1.038570e-03 3.284247e-03 1 3 0 3 7.153305e-15 0.000000e+00
67 150 1.038570e-03 4.134622e-03 1 3 0 3 7.877927e-15 0.000000e+00
67 151 1.038570e-03 5.205181e-03 1 3 0 3 7.870124e-15 0.000000e+00
67 152 1.038570e-03 6.552935e-03 1 3 0 3 7.466419e-15 0.000000e+00
67 153 1.038570e-03 8.249656e-03 1 3 0 3 6.913764e-15 0.000000e+00
68 143 1.307482e-03 8.249656e-04 1 3 0 3 1.857827e-17 0.000000e+00
68 144 1.307482e-03 1.038570e-03 1 3 0 3 1.091790e-17 0.000000e+00
68 145 1.307482e-03 1.307482e-03 1 3 0 3 -1.517070e-15 0.000000e+00
68 146 1.307482e-03 1.646023e-03 1 3 0 3 -4.442790e-15 0.000000e+00
68 147 1.307482e-03 2.072220e-03 1 3 0 3 -1.986038e-15 0.000000e+00
68 148 1.307482e-03 2.608770e-03 1 3 0 3 1.938723e-15 0.000000e+00
68 149 1.307482e-03 3.284247e-03 1 3 0 3 4.873425e-15 0.000000e+00
68 150 1.307482e-03 4.134622e-03 1 3 0 3 6.473794e-15 0.000000e+00
68 151 1.307482e-03 5.205181e-03 1 3 0 3 7.047979e-15 0.000000e+00
68 152 1.307482e-03 6.552935e-03 1 3 0 3 6.997772e-15 0.000000e+00
68 153 1.307482e-03 8.249656e-03 1 3 0 3 6.649120e-15 0.000000e+00
69 143 1.646023e-03 8.249656e-04 1 3 0 3 1.402724e-17 0.000000e+00
69 144 1.646023e-03 1.038570e-03 1 3 0 3 3.358820e-17 0.000000e+00
69 145 1.646023e-03 1.307482e-03 1 3 0 3 6.215233e-17 0.000000e+00
69 146 1.646023e-03 1.646023e-03 1 3 0 3 -1.420958e-15 0.000000e+00
69 147 1.646023e-03 2.072220e-03 1 3 0 3 -4.363926e-15 0.000000e+00
69 148 1.646023e-03 2.608770e-03 1 3 0 3 -1.949199e-15 0.000000e+00
69 149 1.646023e-03 3.284247e-03 1 3 0 3 1.757808e-15 0.000000e+00
69 150 1.646023e-03 4.134622e-03 1 3 0 3 4.415151e-15 0.000000e+00
69 151 1.646023e-03 5.205181e-03 1 3 0 3 5.800599e-15 0.000000e+00
69 152 1.646023e-03 6.552935e-03 1 3 0 3 6.273749e-15 0.000000e+00
69 153 1.646023e-03 8.249656e-03 1 3 0 3 6.236125e-15 0.000000e+00
70 143 2.072220e-03 8.249656e-04 1 3 0 3 7.390789e-18 0.000000e+00
70 144 2.072220e-03 1.038570e-03 1 3 0 3 1.832973e-17 0.000000e+00
70 145 2.072220e-03 1.307482e-03 1 3 0 3 4.835847e-17 0.000000e+00
70 146 2.072220e-03 1.646023e-03 1 3 0 3 1.146522e-16 0.000000e+00
70 147 2.072220e-03 2.072220e-03 1 3 0 3 -1.294507e-15 0.000000e+00
70 148 2.072220e-03 2.608770e-03 1 3 0 3 -4.207669e-15 0.000000e+00
70 149 2.072220e-03 3.284247e-03 1 3 0 3 -1.861662e-15 0.000000e+00
70 150 2.072220e-03 4.134622e-03 1 3 0 3 1.587287e-15 0.000000e+00
70 151 2.072220e-03 5.205181e-03 1 3 0 3 3.966827e-15 0.000000e+00
70 152 2.072220e-03 6.552935e-03 1 3 0 3 5.174033e-15 0.000000e+00
70 153 2.072220e-03 8.249656e-03 1 3 0 3 5.597950e-15 0.000000e+00
71 143 2.608770e-03 8.249656e-04 1 3 0 3 3.537628e-18 0.000000e+00
71 144 2.608770e-03 1.038570e-03 1 3 0 3 8.139758e-18 0.000000e+00
71 145 2.608770e-03 1.307482e-03 1 3 0 3 2.185932e-17 0.000000e+00
71 146 2.608770e-03 1.646023e-03 1 3 0 3 6.024986e-17 0.000000e+00
71 147 2.608770e-03 2.072220e-03 1 3 0 3 1.628814e-16 0.000000e+00
71 148 2.608770e-03 2.608770e-03 1 3 0 3 -1.145586e-15 0.000000e+00
71 149 2.608770e-03 3.284247e-03 1 3 0 3 -3.980388e-15 0.000000e+00
71 150 2.608770e-03 4.134622e-03 1 3 0 3 -1.728877e-15 0.000000e+00
71 151 2.608770e-03 5.205181e-03 1 3 0 3 1.435529e-15 0.000000e+00
71 152 2.608770e-03 6.552935e-03 1 3 0 3 3.554051e-15 0.000000e+00
71 153 2.608770e-03 8.249656e-03 1 3 0 3 4.628136e-15 0.000000e+00
72 143 3.284247e-03 8.249656e-04 1 3 0 3 1.654272e-18 0.000000e+00
72 144 3.284247e-03 1.038570e-03 1 3 0 3 3.201063e-18 0.000000e+00
72 145 3.284247e-03 1.307482e-03 1 3 0 3 8.622121e-18 0.000000e+00
72 146 3.284247e-03 1.646023e-03 1 3 0 3 2.366470e-17 0.000000e+00
72 147 3.284247e-03 2.072220e-03 1 3 0 3 6.749144e-17 0.000000e+00
72 148 3.284247e-03 2.608770e-03 1 3 0 3 2.015811e-16 0.000000e+00
72 149 3.284247e-03 3.284247e-03 1 3 0 3 -9.854525e-16 0.000000e+00
72 150 3.284247e-03 4.134622e-03 1 3 0 3 -3.695526e-15 0.000000e+00
72 151 3.284247e-03 5.205181e-03 1 3 0 3 -1.561476e-15 0.000000e+00
72 152 3.284247e-03 6.552935e-03 1 3 0 3 1.308846e-15 0.000000e+00
72 153 3.284247e-03 8.249656e-03 1 3 0 3 3.198059e-15 0.000000e+00
73 143 4.134622e-03 8.249656e-04 1 3 0 3 8.624562e-19 0.000000e+00
73 144 4.134622e-03 1.038570e-03 1 3 0 3 1.133683e-18 0.000000e+00
73 145 4.134622e-03 1.307482e-03 1 3 0 3 3.102556e-18 0.000000e+00
73 146 4.134622e-03 1.646023e-03 1 3 0 3 8.472124e-18 0.000000e+00
73 147 4.134622e-03 2.072220e-03 1 3 0 3 2.340015e-17 0.000000e+00
73 148 4.134622e-03 2.608770e-03 1 3 0 3 6.935559e-17 0.000000e+00
73 149 4.134622e-03 3.284247e-03 1 3 0 3 2.262030e-16 0.000000e+00
73 150 4.134622e-03 4.134622e-03 1 3 0 3 -8.267355e-16 0.000000e+00
73 151 4.134622e-03 5.205181e-03 1 3 0 3 -3.371658e-15 0.000000e+00
73 152 4.134622e-03 6.552935e-03 1 3 0 3 -1.373158e-15 0.000000e+00
73 153 4.134622e-03 8.249656e-03 1 3 0 3 1.211179e-15 0.000000e+00
74 143 5.205181e-03 8.249656e-04 1 3 0 3 5.380428e-19 0.000000e+00
74 144 5.205181e-03 1.038570e-03 1 3 0 3 3.255005e-19 0.000000e+00
74 145 5.205181e-03 1.307482e-03 1 3 0 3 9.934014e-19 0.000000e+00
74 146 5.205181e-03 1.646023e-03 1 3 0 3 2.815954e-18 0.000000e+00
74 147 5.205181e-03 2.072220e-03 1 3 0 3 7.525380e-18 0.000000e+00
74 148 5.205181e-03 2.608770e-03 1 3 0 3 2.137560e-17 0.000000e+00
74 149 5.205181e-03 3.284247e-03 1 3 0 3 6.587353e-17 0.000000e+00
74 150 5.205181e-03 4.134622e-03 1 3 0 3 2.345105e-16 0.000000e+00
74 151 5.205181e-03 5.205181e-03 1 3 0 3 -6.812438e-16 0.000000e+00
74 152 5.205181e-03 6.552935e-03 1 3 0 3 -3.030372e-15 0.000000e+00
74 153 5.205181e-03 8.249656e-03 1 3 0 3 -1.178743e-15 0.000000e+00
75 143 6.552935e-03 8.249656e-04 1 3 0 3 4.391865e-19 0.000000e+00
75 144 6.552935e-03 1.038570e-03 1 3 0 3 4.661538e-20 0.000000e+00
75 145 6.552935e-03 1.307482e-03 1 3 0 3 2.805911e-19 0.000000e+00
75 146 6.552935e-03 1.646023e-03 1 3 0 3 9.038697e-19 0.000000e+00
75 147 6.552935e-03 2.072220e-03 1 3 0 3 2.287530e-18 0.000000e+00
75 148 6.552935e-03 2.608770e-03 1 3 0 3 6.258389e-18 0.000000e+00
75 149 6.552935e-03 3.284247e-03 1 3 0 3 1.808357e-17 0.000000e+00
75 150 6.552935e-03 4.134622e-03 1 3 0 3 5.797244e-17 0.000000e+00
75 151 6.552935e-03 5.205181e-03 1 3 0 3 2.264661e-16 0.000000e+00
75 152 6.552935e-03 6.552935e-03 1 3 0 3 -5.586907e-16 0.000000e+00
75 153 6.552935e-03 8.249656e-03 1 3 0 3 -2.693565e-15 0.000000e+00
76 143 8.249656e-03 8.249656e-04 1 3 0 3 3.944379e-19 0.000000e+00
76 144 8.249656e-03 1.038570e-03 1 3 0 3 -5.074958e-20 0.000000e+00
76 145 8.249656e-03 1.307482e-03 1 3 0 3 3.417600e-20 0.000000e+00
76 146 8.249656e-03 1.646023e-03 1 3 0 3 2.633123e-19 0.000000e+00
76 147 8.249656e-03 2.072220e-03 1 3 0 3 6.146742e-19 0.000000e+00
76 148 8.249656e-03 2.608770e-03 1 3 0 3 1.668542e-18 0.000000e+00
76 149 8.249656e-03 3.284247e-03 1 3 0 3 4.667094e-18 0.000000e+00
76 150 8.249656e-03 4.134622e-03 1 3 0 3 1.392221e-17 0.000000e+00
76 151 8.249656e-03 5.205181e-03 1 3 0 3 4.693939e-17 0.000000e+00
76 152 8.249656e-03 6.552935e-03 1 3 0 3 2.040972e-16 0.000000e+00
76 153 8.249656e-03 8.249656e-03 1 3 0 3 -4.655611e-16 0.000000e+00
