# Please cite the following papers in research using this covariance:
# arXiv: 1601.05779, https://arxiv.org/abs/1601.05779
# arXiv: 1911.11947, https://arxiv.org/abs/1911.11947
# arXiv: 2004.04833, https://arxiv.org/abs/2004.04833
# arXiv: 1804.10663, https://arxiv.org/abs/1804.10663
########################################################
55 176 8.249656e-04 8.249656e-04 1 2 1 3 -7.347511e-15 0.000000e+00
55 177 8.249656e-04 1.038570e-03 1 2 1 3 -2.245582e-14 0.000000e+00
55 178 8.249656e-04 1.307482e-03 1 2 1 3 -1.022782e-14 0.000000e+00
55 179 8.249656e-04 1.646023e-03 1 2 1 3 8.433660e-15 0.000000e+00
55 180 8.249656e-04 2.072220e-03 1 2 1 3 2.136289e-14 0.000000e+00
55 181 8.249656e-04 2.608770e-03 1 2 1 3 2.750483e-14 0.000000e+00
55 182 8.249656e-04 3.284247e-03 1 2 1 3 2.881517e-14 0.000000e+00
55 183 8.249656e-04 4.134622e-03 1 2 1 3 2.739664e-14 0.000000e+00
55 184 8.249656e-04 5.205181e-03 1 2 1 3 2.477373e-14 0.000000e+00
55 185 8.249656e-04 6.552935e-03 1 2 1 3 2.187645e-14 0.000000e+00
55 186 8.249656e-04 8.249656e-03 1 2 1 3 1.919726e-14 0.000000e+00
56 176 1.038570e-03 8.249656e-04 1 2 1 3 6.480008e-16 0.000000e+00
56 177 1.038570e-03 1.038570e-03 1 2 1 3 -6.610725e-15 0.000000e+00
56 178 1.038570e-03 1.307482e-03 1 2 1 3 -2.158758e-14 0.000000e+00
56 179 1.038570e-03 1.646023e-03 1 2 1 3 -9.747572e-15 0.000000e+00
56 180 1.038570e-03 2.072220e-03 1 2 1 3 7.412760e-15 0.000000e+00
56 181 1.038570e-03 2.608770e-03 1 2 1 3 1.868998e-14 0.000000e+00
56 182 1.038570e-03 3.284247e-03 1 2 1 3 2.370726e-14 0.000000e+00
56 183 1.038570e-03 4.134622e-03 1 2 1 3 2.456485e-14 0.000000e+00
56 184 1.038570e-03 5.205181e-03 1 2 1 3 2.323671e-14 0.000000e+00
56 185 1.038570e-03 6.552935e-03 1 2 1 3 2.104686e-14 0.000000e+00
56 186 1.038570e-03 8.249656e-03 1 2 1 3 1.874672e-14 0.000000e+00
57 176 1.307482e-03 8.249656e-04 1 2 1 3 3.500584e-16 0.000000e+00
57 177 1.307482e-03 1.038570e-03 1 2 1 3 9.311056e-16 0.000000e+00
57 178 1.307482e-03 1.307482e-03 1 2 1 3 -5.751720e-15 0.000000e+00
57 179 1.307482e-03 1.646023e-03 1 2 1 3 -2.030804e-14 0.000000e+00
57 180 1.307482e-03 2.072220e-03 1 2 1 3 -9.016500e-15 0.000000e+00
57 181 1.307482e-03 2.608770e-03 1 2 1 3 6.464955e-15 0.000000e+00
57 182 1.307482e-03 3.284247e-03 1 2 1 3 1.615191e-14 0.000000e+00
57 183 1.307482e-03 4.134622e-03 1 2 1 3 2.024652e-14 0.000000e+00
57 184 1.307482e-03 5.205181e-03 1 2 1 3 2.085534e-14 0.000000e+00
57 185 1.307482e-03 6.552935e-03 1 2 1 3 1.975034e-14 0.000000e+00
57 186 1.307482e-03 8.249656e-03 1 2 1 3 1.803906e-14 0.000000e+00
58 176 1.646023e-03 8.249656e-04 1 2 1 3 1.355375e-16 0.000000e+00
58 177 1.646023e-03 1.038570e-03 1 2 1 3 3.869999e-16 0.000000e+00
58 178 1.646023e-03 1.307482e-03 1 2 1 3 1.153958e-15 0.000000e+00
58 179 1.646023e-03 1.646023e-03 1 2 1 3 -4.830738e-15 0.000000e+00
58 180 1.646023e-03 2.072220e-03 1 2 1 3 -1.869893e-14 0.000000e+00
58 181 1.646023e-03 2.608770e-03 1 2 1 3 -8.105260e-15 0.000000e+00
58 182 1.646023e-03 3.284247e-03 1 2 1 3 5.612873e-15 0.000000e+00
58 183 1.646023e-03 4.134622e-03 1 2 1 3 1.384330e-14 0.000000e+00
58 184 1.646023e-03 5.205181e-03 1 2 1 3 1.722110e-14 0.000000e+00
58 185 1.646023e-03 6.552935e-03 1 2 1 3 1.774154e-14 0.000000e+00
58 186 1.646023e-03 8.249656e-03 1 2 1 3 1.693328e-14 0.000000e+00
59 176 2.072220e-03 8.249656e-04 1 2 1 3 4.791347e-17 0.000000e+00
59 177 2.072220e-03 1.038570e-03 1 2 1 3 1.326878e-16 0.000000e+00
59 178 2.072220e-03 1.307482e-03 1 2 1 3 3.951845e-16 0.000000e+00
59 179 2.072220e-03 1.646023e-03 1 2 1 3 1.292738e-15 0.000000e+00
59 180 2.072220e-03 2.072220e-03 1 2 1 3 -3.922212e-15 0.000000e+00
59 181 2.072220e-03 2.608770e-03 1 2 1 3 -1.686777e-14 0.000000e+00
59 182 2.072220e-03 3.284247e-03 1 2 1 3 -7.096223e-15 0.000000e+00
59 183 2.072220e-03 4.134622e-03 1 2 1 3 4.868406e-15 0.000000e+00
59 184 2.072220e-03 5.205181e-03 1 2 1 3 1.182402e-14 0.000000e+00
59 185 2.072220e-03 6.552935e-03 1 2 1 3 1.467572e-14 0.000000e+00
59 186 2.072220e-03 8.249656e-03 1 2 1 3 1.522106e-14 0.000000e+00
60 176 2.608770e-03 8.249656e-04 1 2 1 3 1.636499e-17 0.000000e+00
60 177 2.608770e-03 1.038570e-03 1 2 1 3 4.277722e-17 0.000000e+00
60 178 2.608770e-03 1.307482e-03 1 2 1 3 1.214626e-16 0.000000e+00
60 179 2.608770e-03 1.646023e-03 1 2 1 3 3.748490e-16 0.000000e+00
60 180 2.608770e-03 2.072220e-03 1 2 1 3 1.338956e-15 0.000000e+00
60 181 2.608770e-03 2.608770e-03 1 2 1 3 -3.087905e-15 0.000000e+00
60 182 2.608770e-03 3.284247e-03 1 2 1 3 -1.493266e-14 0.000000e+00
60 183 2.608770e-03 4.134622e-03 1 2 1 3 -6.070237e-15 0.000000e+00
60 184 2.608770e-03 5.205181e-03 1 2 1 3 4.234412e-15 0.000000e+00
60 185 2.608770e-03 6.552935e-03 1 2 1 3 1.012126e-14 0.000000e+00
60 186 2.608770e-03 8.249656e-03 1 2 1 3 1.260968e-14 0.000000e+00
61 176 3.284247e-03 8.249656e-04 1 2 1 3 5.507593e-18 0.000000e+00
61 177 3.284247e-03 1.038570e-03 1 2 1 3 1.312182e-17 0.000000e+00
61 178 3.284247e-03 1.307482e-03 1 2 1 3 3.610997e-17 0.000000e+00
61 179 3.284247e-03 1.646023e-03 1 2 1 3 1.044431e-16 0.000000e+00
61 180 3.284247e-03 2.072220e-03 1 2 1 3 3.333582e-16 0.000000e+00
61 181 3.284247e-03 2.608770e-03 1 2 1 3 1.299435e-15 0.000000e+00
61 182 3.284247e-03 3.284247e-03 1 2 1 3 -2.372635e-15 0.000000e+00
61 183 3.284247e-03 4.134622e-03 1 2 1 3 -1.300634e-14 0.000000e+00
61 184 3.284247e-03 5.205181e-03 1 2 1 3 -5.094868e-15 0.000000e+00
61 185 3.284247e-03 6.552935e-03 1 2 1 3 3.707755e-15 0.000000e+00
61 186 3.284247e-03 8.249656e-03 1 2 1 3 8.734004e-15 0.000000e+00
62 176 4.134622e-03 8.249656e-04 1 2 1 3 2.051059e-18 0.000000e+00
62 177 4.134622e-03 1.038570e-03 1 2 1 3 3.870185e-18 0.000000e+00
62 178 4.134622e-03 1.307482e-03 1 2 1 3 1.044026e-17 0.000000e+00
62 179 4.134622e-03 1.646023e-03 1 2 1 3 2.897852e-17 0.000000e+00
62 180 4.134622e-03 2.072220e-03 1 2 1 3 8.478944e-17 0.000000e+00
62 181 4.134622e-03 2.608770e-03 1 2 1 3 2.798775e-16 0.000000e+00
62 182 4.134622e-03 3.284247e-03 1 2 1 3 1.191523e-15 0.000000e+00
62 183 4.134622e-03 4.134622e-03 1 2 1 3 -1.799739e-15 0.000000e+00
62 184 4.134622e-03 5.205181e-03 1 2 1 3 -1.118299e-14 0.000000e+00
62 185 4.134622e-03 6.552935e-03 1 2 1 3 -4.218545e-15 0.000000e+00
62 186 4.134622e-03 8.249656e-03 1 2 1 3 3.281003e-15 0.000000e+00
63 176 5.205181e-03 8.249656e-04 1 2 1 3 8.984932e-19 0.000000e+00
63 177 5.205181e-03 1.038570e-03 1 2 1 3 1.025766e-18 0.000000e+00
63 178 5.205181e-03 1.307482e-03 1 2 1 3 2.871394e-18 0.000000e+00
63 179 5.205181e-03 1.646023e-03 1 2 1 3 7.951236e-18 0.000000e+00
63 180 5.205181e-03 2.072220e-03 1 2 1 3 2.193791e-17 0.000000e+00
63 181 5.205181e-03 2.608770e-03 1 2 1 3 6.541091e-17 0.000000e+00
63 182 5.205181e-03 3.284247e-03 1 2 1 3 2.230041e-16 0.000000e+00
63 183 5.205181e-03 4.134622e-03 1 2 1 3 1.038714e-15 0.000000e+00
63 184 5.205181e-03 5.205181e-03 1 2 1 3 -1.372983e-15 0.000000e+00
63 185 5.205181e-03 6.552935e-03 1 2 1 3 -9.531818e-15 0.000000e+00
63 186 5.205181e-03 8.249656e-03 1 2 1 3 -3.468445e-15 0.000000e+00
64 176 6.552935e-03 8.249656e-04 1 2 1 3 6.261951e-19 0.000000e+00
64 177 6.552935e-03 1.038570e-03 1 2 1 3 1.825023e-19 0.000000e+00
64 178 6.552935e-03 1.307482e-03 1 2 1 3 7.383097e-19 0.000000e+00
64 179 6.552935e-03 1.646023e-03 1 2 1 3 2.132609e-18 0.000000e+00
64 180 6.552935e-03 2.072220e-03 1 2 1 3 5.620072e-18 0.000000e+00
64 181 6.552935e-03 2.608770e-03 1 2 1 3 1.582877e-17 0.000000e+00
64 182 6.552935e-03 3.284247e-03 1 2 1 3 4.796213e-17 0.000000e+00
64 183 6.552935e-03 4.134622e-03 1 2 1 3 1.690192e-16 0.000000e+00
64 184 6.552935e-03 5.205181e-03 1 2 1 3 8.646773e-16 0.000000e+00
64 185 6.552935e-03 6.552935e-03 1 2 1 3 -1.080373e-15 0.000000e+00
64 186 6.552935e-03 8.249656e-03 1 2 1 3 -8.094568e-15 0.000000e+00
65 176 8.249656e-03 8.249656e-04 1 2 1 3 5.069656e-19 0.000000e+00
65 177 8.249656e-03 1.038570e-03 1 2 1 3 -4.174968e-20 0.000000e+00
65 178 8.249656e-03 1.307482e-03 1 2 1 3 1.567623e-19 0.000000e+00
65 179 8.249656e-03 1.646023e-03 1 2 1 3 5.723006e-19 0.000000e+00
65 180 8.249656e-03 2.072220e-03 1 2 1 3 1.434420e-18 0.000000e+00
65 181 8.249656e-03 2.608770e-03 1 2 1 3 3.847243e-18 0.000000e+00
65 182 8.249656e-03 3.284247e-03 1 2 1 3 1.087169e-17 0.000000e+00
65 183 8.249656e-03 4.134622e-03 1 2 1 3 3.349744e-17 0.000000e+00
65 184 8.249656e-03 5.205181e-03 1 2 1 3 1.221095e-16 0.000000e+00
65 185 8.249656e-03 6.552935e-03 1 2 1 3 6.895760e-16 0.000000e+00
65 186 8.249656e-03 8.249656e-03 1 2 1 3 -9.003213e-16 0.000000e+00
