# Please cite the following papers in research using this covariance:
# arXiv: 1601.05779, https://arxiv.org/abs/1601.05779
# arXiv: 1911.11947, https://arxiv.org/abs/1911.11947
# arXiv: 2004.04833, https://arxiv.org/abs/2004.04833
# arXiv: 1804.10663, https://arxiv.org/abs/1804.10663
########################################################
99 198 8.249656e-04 8.249656e-04 3 3 2 3 -1.985342e-14 0.000000e+00
99 199 8.249656e-04 1.038570e-03 3 3 2 3 -6.047762e-14 0.000000e+00
99 200 8.249656e-04 1.307482e-03 3 3 2 3 -2.749457e-14 0.000000e+00
99 201 8.249656e-04 1.646023e-03 3 3 2 3 2.302257e-14 0.000000e+00
99 202 8.249656e-04 2.072220e-03 3 3 2 3 5.826546e-14 0.000000e+00
99 203 8.249656e-04 2.608770e-03 3 3 2 3 7.526295e-14 0.000000e+00
99 204 8.249656e-04 3.284247e-03 3 3 2 3 7.920802e-14 0.000000e+00
99 205 8.249656e-04 4.134622e-03 3 3 2 3 7.576338e-14 0.000000e+00
99 206 8.249656e-04 5.205181e-03 3 3 2 3 6.908432e-14 0.000000e+00
99 207 8.249656e-04 6.552935e-03 3 3 2 3 6.174658e-14 0.000000e+00
99 208 8.249656e-04 8.249656e-03 3 3 2 3 5.514812e-14 0.000000e+00
100 198 1.038570e-03 8.249656e-04 3 3 2 3 1.680201e-15 0.000000e+00
100 199 1.038570e-03 1.038570e-03 3 3 2 3 -1.791795e-14 0.000000e+00
100 200 1.038570e-03 1.307482e-03 3 3 2 3 -5.823253e-14 0.000000e+00
100 201 1.038570e-03 1.646023e-03 3 3 2 3 -2.625611e-14 0.000000e+00
100 202 1.038570e-03 2.072220e-03 3 3 2 3 2.030926e-14 0.000000e+00
100 203 1.038570e-03 2.608770e-03 3 3 2 3 5.117407e-14 0.000000e+00
100 204 1.038570e-03 3.284247e-03 3 3 2 3 6.518109e-14 0.000000e+00
100 205 1.038570e-03 4.134622e-03 3 3 2 3 6.794142e-14 0.000000e+00
100 206 1.038570e-03 5.205181e-03 3 3 2 3 6.480567e-14 0.000000e+00
100 207 1.038570e-03 6.552935e-03 3 3 2 3 5.941112e-14 0.000000e+00
100 208 1.038570e-03 8.249656e-03 3 3 2 3 5.385830e-14 0.000000e+00
101 198 1.307482e-03 8.249656e-04 3 3 2 3 9.206588e-16 0.000000e+00
101 199 1.307482e-03 1.038570e-03 3 3 2 3 2.436794e-15 0.000000e+00
101 200 1.307482e-03 1.307482e-03 3 3 2 3 -1.565065e-14 0.000000e+00
101 201 1.307482e-03 1.646023e-03 3 3 2 3 -5.488544e-14 0.000000e+00
101 202 1.307482e-03 2.072220e-03 3 3 2 3 -2.433992e-14 0.000000e+00
101 203 1.307482e-03 2.608770e-03 3 3 2 3 1.779653e-14 0.000000e+00
101 204 1.307482e-03 3.284247e-03 3 3 2 3 4.444648e-14 0.000000e+00
101 205 1.307482e-03 4.134622e-03 3 3 2 3 5.601891e-14 0.000000e+00
101 206 1.307482e-03 5.205181e-03 3 3 2 3 5.817905e-14 0.000000e+00
101 207 1.307482e-03 6.552935e-03 3 3 2 3 5.576229e-14 0.000000e+00
101 208 1.307482e-03 8.249656e-03 3 3 2 3 5.183297e-14 0.000000e+00
102 198 1.646023e-03 8.249656e-04 3 3 2 3 3.590896e-16 0.000000e+00
102 199 1.646023e-03 1.038570e-03 3 3 2 3 1.024074e-15 0.000000e+00
102 200 1.646023e-03 1.307482e-03 3 3 2 3 3.038995e-15 0.000000e+00
102 201 1.646023e-03 1.646023e-03 3 3 2 3 -1.320677e-14 0.000000e+00
102 202 1.646023e-03 2.072220e-03 3 3 2 3 -5.064540e-14 0.000000e+00
102 203 1.646023e-03 2.608770e-03 3 3 2 3 -2.192515e-14 0.000000e+00
102 204 1.646023e-03 3.284247e-03 3 3 2 3 1.555441e-14 0.000000e+00
102 205 1.646023e-03 4.134622e-03 3 3 2 3 3.835352e-14 0.000000e+00
102 206 1.646023e-03 5.205181e-03 3 3 2 3 4.807204e-14 0.000000e+00
102 207 1.646023e-03 6.552935e-03 3 3 2 3 5.011184e-14 0.000000e+00
102 208 1.646023e-03 8.249656e-03 3 3 2 3 4.866979e-14 0.000000e+00
103 198 2.072220e-03 8.249656e-04 3 3 2 3 1.277498e-16 0.000000e+00
103 199 2.072220e-03 1.038570e-03 3 3 2 3 3.543029e-16 0.000000e+00
103 200 2.072220e-03 1.307482e-03 3 3 2 3 1.052080e-15 0.000000e+00
103 201 2.072220e-03 1.646023e-03 3 3 2 3 3.423074e-15 0.000000e+00
103 202 2.072220e-03 2.072220e-03 3 3 2 3 -1.078228e-14 0.000000e+00
103 203 2.072220e-03 2.608770e-03 3 3 2 3 -4.579266e-14 0.000000e+00
103 204 2.072220e-03 3.284247e-03 3 3 2 3 -1.922482e-14 0.000000e+00
103 205 2.072220e-03 4.134622e-03 3 3 2 3 1.362434e-14 0.000000e+00
103 206 2.072220e-03 5.205181e-03 3 3 2 3 3.307680e-14 0.000000e+00
103 207 2.072220e-03 6.552935e-03 3 3 2 3 4.149528e-14 0.000000e+00
103 208 2.072220e-03 8.249656e-03 3 3 2 3 4.377548e-14 0.000000e+00
104 198 2.608770e-03 8.249656e-04 3 3 2 3 4.371252e-17 0.000000e+00
104 199 2.608770e-03 1.038570e-03 3 3 2 3 1.152191e-16 0.000000e+00
104 200 2.608770e-03 1.307482e-03 3 3 2 3 3.264197e-16 0.000000e+00
104 201 2.608770e-03 1.646023e-03 3 3 2 3 1.003881e-15 0.000000e+00
104 202 2.608770e-03 2.072220e-03 3 3 2 3 3.563454e-15 0.000000e+00
104 203 2.608770e-03 2.608770e-03 3 3 2 3 -8.543583e-15 0.000000e+00
104 204 2.608770e-03 3.284247e-03 3 3 2 3 -4.064037e-14 0.000000e+00
104 205 2.608770e-03 4.134622e-03 3 3 2 3 -1.645278e-14 0.000000e+00
104 206 2.608770e-03 5.205181e-03 3 3 2 3 1.202242e-14 0.000000e+00
104 207 2.608770e-03 6.552935e-03 3 3 2 3 2.871154e-14 0.000000e+00
104 208 2.608770e-03 8.249656e-03 3 3 2 3 3.631989e-14 0.000000e+00
105 198 3.284247e-03 8.249656e-04 3 3 2 3 1.451372e-17 0.000000e+00
105 199 3.284247e-03 1.038570e-03 3 3 2 3 3.557270e-17 0.000000e+00
105 200 3.284247e-03 1.307482e-03 3 3 2 3 9.768525e-17 0.000000e+00
105 201 3.284247e-03 1.646023e-03 3 3 2 3 2.819302e-16 0.000000e+00
105 202 3.284247e-03 2.072220e-03 3 3 2 3 8.971535e-16 0.000000e+00
105 203 3.284247e-03 2.608770e-03 3 3 2 3 3.473358e-15 0.000000e+00
105 204 3.284247e-03 3.284247e-03 3 3 2 3 -6.616117e-15 0.000000e+00
105 205 3.284247e-03 4.134622e-03 3 3 2 3 -3.549338e-14 0.000000e+00
105 206 3.284247e-03 5.205181e-03 3 3 2 3 -1.379310e-14 0.000000e+00
105 207 3.284247e-03 6.552935e-03 3 3 2 3 1.074700e-14 0.000000e+00
105 208 3.284247e-03 8.249656e-03 3 3 2 3 2.527560e-14 0.000000e+00
106 198 4.134622e-03 8.249656e-04 3 3 2 3 5.145320e-18 0.000000e+00
106 199 4.134622e-03 1.038570e-03 3 3 2 3 1.051675e-17 0.000000e+00
106 200 4.134622e-03 1.307482e-03 3 3 2 3 2.824982e-17 0.000000e+00
106 201 4.134622e-03 1.646023e-03 3 3 2 3 7.823827e-17 0.000000e+00
106 202 4.134622e-03 2.072220e-03 3 3 2 3 2.289118e-16 0.000000e+00
106 203 4.134622e-03 2.608770e-03 3 3 2 3 7.545478e-16 0.000000e+00
106 204 4.134622e-03 3.284247e-03 3 3 2 3 3.193727e-15 0.000000e+00
106 205 4.134622e-03 4.134622e-03 3 3 2 3 -5.071253e-15 0.000000e+00
106 206 4.134622e-03 5.205181e-03 3 3 2 3 -3.061325e-14 0.000000e+00
106 207 4.134622e-03 6.552935e-03 3 3 2 3 -1.138379e-14 0.000000e+00
106 208 4.134622e-03 8.249656e-03 3 3 2 3 9.782268e-15 0.000000e+00
107 198 5.205181e-03 8.249656e-04 3 3 2 3 2.013752e-18 0.000000e+00
107 199 5.205181e-03 1.038570e-03 3 3 2 3 2.785489e-18 0.000000e+00
107 200 5.205181e-03 1.307482e-03 3 3 2 3 7.683502e-18 0.000000e+00
107 201 5.205181e-03 1.646023e-03 3 3 2 3 2.114096e-17 0.000000e+00
107 202 5.205181e-03 2.072220e-03 3 3 2 3 5.848954e-17 0.000000e+00
107 203 5.205181e-03 2.608770e-03 3 3 2 3 1.749297e-16 0.000000e+00
107 204 5.205181e-03 3.284247e-03 3 3 2 3 5.981859e-16 0.000000e+00
107 205 5.205181e-03 4.134622e-03 3 3 2 3 2.782948e-15 0.000000e+00
107 206 5.205181e-03 5.205181e-03 3 3 2 3 -3.929818e-15 0.000000e+00
107 207 5.205181e-03 6.552935e-03 3 3 2 3 -2.620000e-14 0.000000e+00
107 208 5.205181e-03 8.249656e-03 3 3 2 3 -9.310268e-15 0.000000e+00
108 198 6.552935e-03 8.249656e-04 3 3 2 3 1.277395e-18 0.000000e+00
108 199 6.552935e-03 1.038570e-03 3 3 2 3 5.086229e-19 0.000000e+00
108 200 6.552935e-03 1.307482e-03 3 3 2 3 1.920038e-18 0.000000e+00
108 201 6.552935e-03 1.646023e-03 3 3 2 3 5.410393e-18 0.000000e+00
108 202 6.552935e-03 2.072220e-03 3 3 2 3 1.433898e-17 0.000000e+00
108 203 6.552935e-03 2.608770e-03 3 3 2 3 4.068764e-17 0.000000e+00
108 204 6.552935e-03 3.284247e-03 3 3 2 3 1.245472e-16 0.000000e+00
108 205 6.552935e-03 4.134622e-03 3 3 2 3 4.448352e-16 0.000000e+00
108 206 6.552935e-03 5.205181e-03 3 3 2 3 2.301539e-15 0.000000e+00
108 207 6.552935e-03 6.552935e-03 3 3 2 3 -3.170775e-15 0.000000e+00
108 208 6.552935e-03 8.249656e-03 3 3 2 3 -2.238446e-14 0.000000e+00
109 198 8.249656e-03 8.249656e-04 3 3 2 3 9.611307e-19 0.000000e+00
109 199 8.249656e-03 1.038570e-03 3 3 2 3 -8.173632e-20 0.000000e+00
109 200 8.249656e-03 1.307482e-03 3 3 2 3 3.868718e-19 0.000000e+00
109 201 8.249656e-03 1.646023e-03 3 3 2 3 1.288278e-18 0.000000e+00
109 202 8.249656e-03 2.072220e-03 3 3 2 3 3.255763e-18 0.000000e+00
109 203 8.249656e-03 2.608770e-03 3 3 2 3 8.842222e-18 0.000000e+00
109 204 8.249656e-03 3.284247e-03 3 3 2 3 2.546844e-17 0.000000e+00
109 205 8.249656e-03 4.134622e-03 3 3 2 3 8.076581e-17 0.000000e+00
109 206 8.249656e-03 5.205181e-03 3 3 2 3 3.060212e-16 0.000000e+00
109 207 8.249656e-03 6.552935e-03 3 3 2 3 1.802214e-15 0.000000e+00
109 208 8.249656e-03 8.249656e-03 3 3 2 3 -2.746945e-15 0.000000e+00
