# Please cite the following papers in research using this covariance:
# arXiv: 1601.05779, https://arxiv.org/abs/1601.05779
# arXiv: 1911.11947, https://arxiv.org/abs/1911.11947
# arXiv: 2004.04833, https://arxiv.org/abs/2004.04833
# arXiv: 1804.10663, https://arxiv.org/abs/1804.10663
########################################################
44 88 8.249656e-04 8.249656e-04 1 1 2 3 8.584775e-14 0.000000e+00
44 89 8.249656e-04 1.038570e-03 1 1 2 3 8.504295e-14 0.000000e+00
44 90 8.249656e-04 1.307482e-03 1 1 2 3 8.388215e-14 0.000000e+00
44 91 8.249656e-04 1.646023e-03 1 1 2 3 8.239517e-14 0.000000e+00
44 92 8.249656e-04 2.072220e-03 1 1 2 3 8.063056e-14 0.000000e+00
44 93 8.249656e-04 2.608770e-03 1 1 2 3 7.863290e-14 0.000000e+00
44 94 8.249656e-04 3.284247e-03 1 1 2 3 7.642763e-14 0.000000e+00
44 95 8.249656e-04 4.134622e-03 1 1 2 3 7.401213e-14 0.000000e+00
44 96 8.249656e-04 5.205181e-03 1 1 2 3 7.135317e-14 0.000000e+00
44 97 8.249656e-04 6.552935e-03 1 1 2 3 6.839045e-14 0.000000e+00
44 98 8.249656e-04 8.249656e-03 1 1 2 3 6.504518e-14 0.000000e+00
45 88 1.038570e-03 8.249656e-04 1 1 2 3 8.504295e-14 0.000000e+00
45 89 1.038570e-03 1.038570e-03 1 1 2 3 8.449452e-14 0.000000e+00
45 90 1.038570e-03 1.307482e-03 1 1 2 3 8.356176e-14 0.000000e+00
45 91 1.038570e-03 1.646023e-03 1 1 2 3 8.221966e-14 0.000000e+00
45 92 1.038570e-03 2.072220e-03 1 1 2 3 8.053525e-14 0.000000e+00
45 93 1.038570e-03 2.608770e-03 1 1 2 3 7.857791e-14 0.000000e+00
45 94 1.038570e-03 3.284247e-03 1 1 2 3 7.639168e-14 0.000000e+00
45 95 1.038570e-03 4.134622e-03 1 1 2 3 7.398544e-14 0.000000e+00
45 96 1.038570e-03 5.205181e-03 1 1 2 3 7.133195e-14 0.000000e+00
45 97 1.038570e-03 6.552935e-03 1 1 2 3 6.837346e-14 0.000000e+00
45 98 1.038570e-03 8.249656e-03 1 1 2 3 6.503198e-14 0.000000e+00
46 88 1.307482e-03 8.249656e-04 1 1 2 3 8.388215e-14 0.000000e+00
46 89 1.307482e-03 1.038570e-03 1 1 2 3 8.356176e-14 0.000000e+00
46 90 1.307482e-03 1.307482e-03 1 1 2 3 8.296058e-14 0.000000e+00
46 91 1.307482e-03 1.646023e-03 1 1 2 3 8.189544e-14 0.000000e+00
46 92 1.307482e-03 2.072220e-03 1 1 2 3 8.036651e-14 0.000000e+00
46 93 1.307482e-03 2.608770e-03 1 1 2 3 7.848501e-14 0.000000e+00
46 94 1.307482e-03 3.284247e-03 1 1 2 3 7.633325e-14 0.000000e+00
46 95 1.307482e-03 4.134622e-03 1 1 2 3 7.394301e-14 0.000000e+00
46 96 1.307482e-03 5.205181e-03 1 1 2 3 7.129850e-14 0.000000e+00
46 97 1.307482e-03 6.552935e-03 1 1 2 3 6.834678e-14 0.000000e+00
46 98 1.307482e-03 8.249656e-03 1 1 2 3 6.501133e-14 0.000000e+00
47 88 1.646023e-03 8.249656e-04 1 1 2 3 8.239517e-14 0.000000e+00
47 89 1.646023e-03 1.038570e-03 1 1 2 3 8.221966e-14 0.000000e+00
47 90 1.646023e-03 1.307482e-03 1 1 2 3 8.189544e-14 0.000000e+00
47 91 1.646023e-03 1.646023e-03 1 1 2 3 8.124739e-14 0.000000e+00
47 92 1.646023e-03 2.072220e-03 1 1 2 3 8.004300e-14 0.000000e+00
47 93 1.646023e-03 2.608770e-03 1 1 2 3 7.831952e-14 0.000000e+00
47 94 1.646023e-03 3.284247e-03 1 1 2 3 7.623554e-14 0.000000e+00
47 95 1.646023e-03 4.134622e-03 1 1 2 3 7.387454e-14 0.000000e+00
47 96 1.646023e-03 5.205181e-03 1 1 2 3 7.124526e-14 0.000000e+00
47 97 1.646023e-03 6.552935e-03 1 1 2 3 6.830445e-14 0.000000e+00
47 98 1.646023e-03 8.249656e-03 1 1 2 3 6.497857e-14 0.000000e+00
48 88 2.072220e-03 8.249656e-04 1 1 2 3 8.063056e-14 0.000000e+00
48 89 2.072220e-03 1.038570e-03 1 1 2 3 8.053525e-14 0.000000e+00
48 90 2.072220e-03 1.307482e-03 1 1 2 3 8.036651e-14 0.000000e+00
48 91 2.072220e-03 1.646023e-03 1 1 2 3 8.004300e-14 0.000000e+00
48 92 2.072220e-03 2.072220e-03 1 1 2 3 7.935029e-14 0.000000e+00
48 93 2.072220e-03 2.608770e-03 1 1 2 3 7.799495e-14 0.000000e+00
48 94 2.072220e-03 3.284247e-03 1 1 2 3 7.606405e-14 0.000000e+00
48 95 2.072220e-03 4.134622e-03 1 1 2 3 7.376222e-14 0.000000e+00
48 96 2.072220e-03 5.205181e-03 1 1 2 3 7.116009e-14 0.000000e+00
48 97 2.072220e-03 6.552935e-03 1 1 2 3 6.823714e-14 0.000000e+00
48 98 2.072220e-03 8.249656e-03 1 1 2 3 6.492651e-14 0.000000e+00
49 88 2.608770e-03 8.249656e-04 1 1 2 3 7.863290e-14 0.000000e+00
49 89 2.608770e-03 1.038570e-03 1 1 2 3 7.857791e-14 0.000000e+00
49 90 2.608770e-03 1.307482e-03 1 1 2 3 7.848501e-14 0.000000e+00
49 91 2.608770e-03 1.646023e-03 1 1 2 3 7.831952e-14 0.000000e+00
49 92 2.608770e-03 2.072220e-03 1 1 2 3 7.799495e-14 0.000000e+00
49 93 2.608770e-03 2.608770e-03 1 1 2 3 7.725384e-14 0.000000e+00
49 94 2.608770e-03 3.284247e-03 1 1 2 3 7.572923e-14 0.000000e+00
49 95 2.608770e-03 4.134622e-03 1 1 2 3 7.357098e-14 0.000000e+00
49 96 2.608770e-03 5.205181e-03 1 1 2 3 7.102279e-14 0.000000e+00
49 97 2.608770e-03 6.552935e-03 1 1 2 3 6.813009e-14 0.000000e+00
49 98 2.608770e-03 8.249656e-03 1 1 2 3 6.484388e-14 0.000000e+00
50 88 3.284247e-03 8.249656e-04 1 1 2 3 7.642763e-14 0.000000e+00
50 89 3.284247e-03 1.038570e-03 1 1 2 3 7.639168e-14 0.000000e+00
50 90 3.284247e-03 1.307482e-03 1 1 2 3 7.633325e-14 0.000000e+00
50 91 3.284247e-03 1.646023e-03 1 1 2 3 7.623554e-14 0.000000e+00
50 92 3.284247e-03 2.072220e-03 1 1 2 3 7.606405e-14 0.000000e+00
50 93 3.284247e-03 2.608770e-03 1 1 2 3 7.572923e-14 0.000000e+00
50 94 3.284247e-03 3.284247e-03 1 1 2 3 7.492842e-14 0.000000e+00
50 95 3.284247e-03 4.134622e-03 1 1 2 3 7.320950e-14 0.000000e+00
50 96 3.284247e-03 5.205181e-03 1 1 2 3 7.079583e-14 0.000000e+00
50 97 3.284247e-03 6.552935e-03 1 1 2 3 6.795902e-14 0.000000e+00
50 98 3.284247e-03 8.249656e-03 1 1 2 3 6.471249e-14 0.000000e+00
51 88 4.134622e-03 8.249656e-04 1 1 2 3 7.401213e-14 0.000000e+00
51 89 4.134622e-03 1.038570e-03 1 1 2 3 7.398544e-14 0.000000e+00
51 90 4.134622e-03 1.307482e-03 1 1 2 3 7.394301e-14 0.000000e+00
51 91 4.134622e-03 1.646023e-03 1 1 2 3 7.387454e-14 0.000000e+00
51 92 4.134622e-03 2.072220e-03 1 1 2 3 7.376222e-14 0.000000e+00
51 93 4.134622e-03 2.608770e-03 1 1 2 3 7.357098e-14 0.000000e+00
51 94 4.134622e-03 3.284247e-03 1 1 2 3 7.320950e-14 0.000000e+00
51 95 4.134622e-03 4.134622e-03 1 1 2 3 7.233055e-14 0.000000e+00
51 96 4.134622e-03 5.205181e-03 1 1 2 3 7.038666e-14 0.000000e+00
51 97 4.134622e-03 6.552935e-03 1 1 2 3 6.768179e-14 0.000000e+00
51 98 4.134622e-03 8.249656e-03 1 1 2 3 6.450298e-14 0.000000e+00
52 88 5.205181e-03 8.249656e-04 1 1 2 3 7.135317e-14 0.000000e+00
52 89 5.205181e-03 1.038570e-03 1 1 2 3 7.133195e-14 0.000000e+00
52 90 5.205181e-03 1.307482e-03 1 1 2 3 7.129850e-14 0.000000e+00
52 91 5.205181e-03 1.646023e-03 1 1 2 3 7.124526e-14 0.000000e+00
52 92 5.205181e-03 2.072220e-03 1 1 2 3 7.116009e-14 0.000000e+00
52 93 5.205181e-03 2.608770e-03 1 1 2 3 7.102279e-14 0.000000e+00
52 94 5.205181e-03 3.284247e-03 1 1 2 3 7.079583e-14 0.000000e+00
52 95 5.205181e-03 4.134622e-03 1 1 2 3 7.038666e-14 0.000000e+00
52 96 5.205181e-03 5.205181e-03 1 1 2 3 6.940585e-14 0.000000e+00
52 97 5.205181e-03 6.552935e-03 1 1 2 3 6.720336e-14 0.000000e+00
52 98 5.205181e-03 8.249656e-03 1 1 2 3 6.416628e-14 0.000000e+00
53 88 6.552935e-03 8.249656e-04 1 1 2 3 6.839045e-14 0.000000e+00
53 89 6.552935e-03 1.038570e-03 1 1 2 3 6.837346e-14 0.000000e+00
53 90 6.552935e-03 1.307482e-03 1 1 2 3 6.834678e-14 0.000000e+00
53 91 6.552935e-03 1.646023e-03 1 1 2 3 6.830445e-14 0.000000e+00
53 92 6.552935e-03 2.072220e-03 1 1 2 3 6.823714e-14 0.000000e+00
53 93 6.552935e-03 2.608770e-03 1 1 2 3 6.813009e-14 0.000000e+00
53 94 6.552935e-03 3.284247e-03 1 1 2 3 6.795902e-14 0.000000e+00
53 95 6.552935e-03 4.134622e-03 1 1 2 3 6.768179e-14 0.000000e+00
53 96 6.552935e-03 5.205181e-03 1 1 2 3 6.720336e-14 0.000000e+00
53 97 6.552935e-03 6.552935e-03 1 1 2 3 6.609545e-14 0.000000e+00
53 98 6.552935e-03 8.249656e-03 1 1 2 3 6.360192e-14 0.000000e+00
54 88 8.249656e-03 8.249656e-04 1 1 2 3 6.504518e-14 0.000000e+00
54 89 8.249656e-03 1.038570e-03 1 1 2 3 6.503198e-14 0.000000e+00
54 90 8.249656e-03 1.307482e-03 1 1 2 3 6.501133e-14 0.000000e+00
54 91 8.249656e-03 1.646023e-03 1 1 2 3 6.497857e-14 0.000000e+00
54 92 8.249656e-03 2.072220e-03 1 1 2 3 6.492651e-14 0.000000e+00
54 93 8.249656e-03 2.608770e-03 1 1 2 3 6.484388e-14 0.000000e+00
54 94 8.249656e-03 3.284247e-03 1 1 2 3 6.471249e-14 0.000000e+00
54 95 8.249656e-03 4.134622e-03 1 1 2 3 6.450298e-14 0.000000e+00
54 96 8.249656e-03 5.205181e-03 1 1 2 3 6.416628e-14 0.000000e+00
54 97 8.249656e-03 6.552935e-03 1 1 2 3 6.360192e-14 0.000000e+00
54 98 8.249656e-03 8.249656e-03 1 1 2 3 6.234571e-14 0.000000e+00
