# Please cite the following papers in research using this covariance:
# arXiv: 1601.05779, https://arxiv.org/abs/1601.05779
# arXiv: 1911.11947, https://arxiv.org/abs/1911.11947
# arXiv: 2004.04833, https://arxiv.org/abs/2004.04833
# arXiv: 1804.10663, https://arxiv.org/abs/1804.10663
########################################################
33 198 8.249656e-04 8.249656e-04 0 3 2 3 -2.515086e-15 0.000000e+00
33 199 8.249656e-04 1.038570e-03 0 3 2 3 -7.098091e-15 0.000000e+00
33 200 8.249656e-04 1.307482e-03 0 3 2 3 -3.141186e-15 0.000000e+00
33 201 8.249656e-04 1.646023e-03 0 3 2 3 3.392586e-15 0.000000e+00
33 202 8.249656e-04 2.072220e-03 0 3 2 3 8.493968e-15 0.000000e+00
33 203 8.249656e-04 2.608770e-03 0 3 2 3 1.144422e-14 0.000000e+00
33 204 8.249656e-04 3.284247e-03 0 3 2 3 1.262272e-14 0.000000e+00
33 205 8.249656e-04 4.134622e-03 0 3 2 3 1.262590e-14 0.000000e+00
33 206 8.249656e-04 5.205181e-03 0 3 2 3 1.197744e-14 0.000000e+00
33 207 8.249656e-04 6.552935e-03 0 3 2 3 1.106352e-14 0.000000e+00
33 208 8.249656e-04 8.249656e-03 0 3 2 3 1.014269e-14 0.000000e+00
34 198 1.038570e-03 8.249656e-04 0 3 2 3 2.532410e-17 0.000000e+00
34 199 1.038570e-03 1.038570e-03 0 3 2 3 -2.412515e-15 0.000000e+00
34 200 1.038570e-03 1.307482e-03 0 3 2 3 -7.086687e-15 0.000000e+00
34 201 1.038570e-03 1.646023e-03 0 3 2 3 -3.157368e-15 0.000000e+00
34 202 1.038570e-03 2.072220e-03 0 3 2 3 3.107984e-15 0.000000e+00
34 203 1.038570e-03 2.608770e-03 0 3 2 3 7.799450e-15 0.000000e+00
34 204 1.038570e-03 3.284247e-03 0 3 2 3 1.037184e-14 0.000000e+00
34 205 1.038570e-03 4.134622e-03 0 3 2 3 1.130470e-14 0.000000e+00
34 206 1.038570e-03 5.205181e-03 0 3 2 3 1.122360e-14 0.000000e+00
34 207 1.038570e-03 6.552935e-03 0 3 2 3 1.063860e-14 0.000000e+00
34 208 1.038570e-03 8.249656e-03 0 3 2 3 9.902664e-15 0.000000e+00
35 198 1.307482e-03 8.249656e-04 0 3 2 3 5.512142e-17 0.000000e+00
35 199 1.307482e-03 1.038570e-03 0 3 2 3 1.036486e-16 0.000000e+00
35 200 1.307482e-03 1.307482e-03 0 3 2 3 -2.259810e-15 0.000000e+00
35 201 1.307482e-03 1.646023e-03 0 3 2 3 -6.957361e-15 0.000000e+00
35 202 1.307482e-03 2.072220e-03 0 3 2 3 -3.098035e-15 0.000000e+00
35 203 1.307482e-03 2.608770e-03 0 3 2 3 2.820066e-15 0.000000e+00
35 204 1.307482e-03 3.284247e-03 0 3 2 3 7.073082e-15 0.000000e+00
35 205 1.307482e-03 4.134622e-03 0 3 2 3 9.300724e-15 0.000000e+00
35 206 1.307482e-03 5.205181e-03 0 3 2 3 1.005913e-14 0.000000e+00
35 207 1.307482e-03 6.552935e-03 0 3 2 3 9.975542e-15 0.000000e+00
35 208 1.307482e-03 8.249656e-03 0 3 2 3 9.525948e-15 0.000000e+00
36 198 1.646023e-03 8.249656e-04 0 3 2 3 2.902008e-17 0.000000e+00
36 199 1.646023e-03 1.038570e-03 0 3 2 3 7.561283e-17 0.000000e+00
36 200 1.646023e-03 1.307482e-03 0 3 2 3 1.829109e-16 0.000000e+00
36 201 1.646023e-03 1.646023e-03 0 3 2 3 -2.061787e-15 0.000000e+00
36 202 1.646023e-03 2.072220e-03 0 3 2 3 -6.710335e-15 0.000000e+00
36 203 1.646023e-03 2.608770e-03 0 3 2 3 -2.963695e-15 0.000000e+00
36 204 1.646023e-03 3.284247e-03 0 3 2 3 2.544459e-15 0.000000e+00
36 205 1.646023e-03 4.134622e-03 0 3 2 3 6.356107e-15 0.000000e+00
36 206 1.646023e-03 5.205181e-03 0 3 2 3 8.290793e-15 0.000000e+00
36 207 1.646023e-03 6.552935e-03 0 3 2 3 8.950917e-15 0.000000e+00
36 208 1.646023e-03 8.249656e-03 0 3 2 3 8.938126e-15 0.000000e+00
37 198 2.072220e-03 8.249656e-04 0 3 2 3 1.298172e-17 0.000000e+00
37 199 2.072220e-03 1.038570e-03 0 3 2 3 3.356068e-17 0.000000e+00
37 200 2.072220e-03 1.307482e-03 0 3 2 3 9.294308e-17 0.000000e+00
37 201 2.072220e-03 1.646023e-03 0 3 2 3 2.552053e-16 0.000000e+00
37 202 2.072220e-03 2.072220e-03 0 3 2 3 -1.831352e-15 0.000000e+00
37 203 2.072220e-03 2.608770e-03 0 3 2 3 -6.355230e-15 0.000000e+00
37 204 2.072220e-03 3.284247e-03 0 3 2 3 -2.762189e-15 0.000000e+00
37 205 2.072220e-03 4.134622e-03 0 3 2 3 2.294615e-15 0.000000e+00
37 206 2.072220e-03 5.205181e-03 0 3 2 3 5.686892e-15 0.000000e+00
37 207 2.072220e-03 6.552935e-03 0 3 2 3 7.393937e-15 0.000000e+00
37 208 2.072220e-03 8.249656e-03 0 3 2 3 8.029942e-15 0.000000e+00
38 198 2.608770e-03 8.249656e-04 0 3 2 3 5.532876e-18 0.000000e+00
38 199 2.608770e-03 1.038570e-03 0 3 2 3 1.324941e-17 0.000000e+00
38 200 2.608770e-03 1.307482e-03 0 3 2 3 3.626881e-17 0.000000e+00
38 201 2.608770e-03 1.646023e-03 0 3 2 3 1.039813e-16 0.000000e+00
38 202 2.608770e-03 2.072220e-03 0 3 2 3 3.131863e-16 0.000000e+00
38 203 2.608770e-03 2.608770e-03 0 3 2 3 -1.583838e-15 0.000000e+00
38 204 2.608770e-03 3.284247e-03 0 3 2 3 -5.911473e-15 0.000000e+00
38 205 2.608770e-03 4.134622e-03 0 3 2 3 -2.508096e-15 0.000000e+00
38 206 2.608770e-03 5.205181e-03 0 3 2 3 2.080798e-15 0.000000e+00
38 207 2.608770e-03 6.552935e-03 0 3 2 3 5.098333e-15 0.000000e+00
38 208 2.608770e-03 8.249656e-03 0 3 2 3 6.650031e-15 0.000000e+00
39 198 3.284247e-03 8.249656e-04 0 3 2 3 2.362419e-18 0.000000e+00
39 199 3.284247e-03 1.038570e-03 0 3 2 3 4.810770e-18 0.000000e+00
39 200 3.284247e-03 1.307482e-03 0 3 2 3 1.305309e-17 0.000000e+00
39 201 3.284247e-03 1.646023e-03 0 3 2 3 3.639596e-17 0.000000e+00
39 202 3.284247e-03 2.072220e-03 0 3 2 3 1.074630e-16 0.000000e+00
39 203 3.284247e-03 2.608770e-03 0 3 2 3 3.513950e-16 0.000000e+00
39 204 3.284247e-03 3.284247e-03 0 3 2 3 -1.336913e-15 0.000000e+00
39 205 3.284247e-03 4.134622e-03 0 3 2 3 -5.406025e-15 0.000000e+00
39 206 3.284247e-03 5.205181e-03 0 3 2 3 -2.220311e-15 0.000000e+00
39 207 3.284247e-03 6.552935e-03 0 3 2 3 1.910236e-15 0.000000e+00
39 208 3.284247e-03 8.249656e-03 0 3 2 3 4.615354e-15 0.000000e+00
40 198 4.134622e-03 8.249656e-04 0 3 2 3 1.141577e-18 0.000000e+00
40 199 4.134622e-03 1.038570e-03 0 3 2 3 1.600940e-18 0.000000e+00
40 200 4.134622e-03 1.307482e-03 0 3 2 3 4.386278e-18 0.000000e+00
40 201 4.134622e-03 1.646023e-03 0 3 2 3 1.205216e-17 0.000000e+00
40 202 4.134622e-03 2.072220e-03 0 3 2 3 3.383324e-17 0.000000e+00
40 203 4.134622e-03 2.608770e-03 0 3 2 3 1.034734e-16 0.000000e+00
40 204 4.134622e-03 3.284247e-03 0 3 2 3 3.663947e-16 0.000000e+00
40 205 4.134622e-03 4.134622e-03 0 3 2 3 -1.107367e-15 0.000000e+00
40 206 4.134622e-03 5.205181e-03 0 3 2 3 -4.869908e-15 0.000000e+00
40 207 4.134622e-03 6.552935e-03 0 3 2 3 -1.919622e-15 0.000000e+00
40 208 4.134622e-03 8.249656e-03 0 3 2 3 1.787029e-15 0.000000e+00
41 198 5.205181e-03 8.249656e-04 0 3 2 3 6.764168e-19 0.000000e+00
41 199 5.205181e-03 1.038570e-03 0 3 2 3 4.436120e-19 0.000000e+00
41 200 5.205181e-03 1.307482e-03 0 3 2 3 1.344084e-18 0.000000e+00
41 201 5.205181e-03 1.646023e-03 0 3 2 3 3.797184e-18 0.000000e+00
41 202 5.205181e-03 2.072220e-03 0 3 2 3 1.020560e-17 0.000000e+00
41 203 5.205181e-03 2.608770e-03 0 3 2 3 2.936227e-17 0.000000e+00
41 204 5.205181e-03 3.284247e-03 0 3 2 3 9.304204e-17 0.000000e+00
41 205 5.205181e-03 4.134622e-03 0 3 2 3 3.579520e-16 0.000000e+00
41 206 5.205181e-03 5.205181e-03 0 3 2 3 -9.094093e-16 0.000000e+00
41 207 5.205181e-03 6.552935e-03 0 3 2 3 -4.335205e-15 0.000000e+00
41 208 5.205181e-03 8.249656e-03 0 3 2 3 -1.625902e-15 0.000000e+00
42 198 6.552935e-03 8.249656e-04 0 3 2 3 5.387491e-19 0.000000e+00
42 199 6.552935e-03 1.038570e-03 0 3 2 3 4.998690e-20 0.000000e+00
42 200 6.552935e-03 1.307482e-03 0 3 2 3 3.458917e-19 0.000000e+00
42 201 6.552935e-03 1.646023e-03 0 3 2 3 1.125276e-18 0.000000e+00
42 202 6.552935e-03 2.072220e-03 0 3 2 3 2.879526e-18 0.000000e+00
42 203 6.552935e-03 2.608770e-03 0 3 2 3 7.996318e-18 0.000000e+00
42 204 6.552935e-03 3.284247e-03 0 3 2 3 2.351940e-17 0.000000e+00
42 205 6.552935e-03 4.134622e-03 0 3 2 3 7.771588e-17 0.000000e+00
42 206 6.552935e-03 5.205181e-03 0 3 2 3 3.283639e-16 0.000000e+00
42 207 6.552935e-03 6.552935e-03 0 3 2 3 -7.531555e-16 0.000000e+00
42 208 6.552935e-03 8.249656e-03 0 3 2 3 -3.831739e-15 0.000000e+00
43 198 8.249656e-03 8.249656e-04 0 3 2 3 4.821839e-19 0.000000e+00
43 199 8.249656e-03 1.038570e-03 0 3 2 3 -6.860388e-20 0.000000e+00
43 200 8.249656e-03 1.307482e-03 0 3 2 3 4.077197e-20 0.000000e+00
43 201 8.249656e-03 1.646023e-03 0 3 2 3 3.155022e-19 0.000000e+00
43 202 8.249656e-03 2.072220e-03 0 3 2 3 7.252752e-19 0.000000e+00
43 203 8.249656e-03 2.608770e-03 0 3 2 3 1.969344e-18 0.000000e+00
43 204 8.249656e-03 3.284247e-03 0 3 2 3 5.558161e-18 0.000000e+00
43 205 8.249656e-03 4.134622e-03 0 3 2 3 1.694728e-17 0.000000e+00
43 206 8.249656e-03 5.205181e-03 0 3 2 3 5.937877e-17 0.000000e+00
43 207 8.249656e-03 6.552935e-03 0 3 2 3 2.818659e-16 0.000000e+00
43 208 8.249656e-03 8.249656e-03 0 3 2 3 -6.442727e-16 0.000000e+00
