# Please cite the following papers in research using this covariance:
# arXiv: 1601.05779, https://arxiv.org/abs/1601.05779
# arXiv: 1911.11947, https://arxiv.org/abs/1911.11947
# arXiv: 2004.04833, https://arxiv.org/abs/2004.04833
# arXiv: 1804.10663, https://arxiv.org/abs/1804.10663
########################################################
11 22 8.249656e-04 8.249656e-04 0 1 0 2 1.218722e-13 0.000000e+00
11 23 8.249656e-04 1.038570e-03 0 1 0 2 1.068281e-13 0.000000e+00
11 24 8.249656e-04 1.307482e-03 0 1 0 2 8.994380e-14 0.000000e+00
11 25 8.249656e-04 1.646023e-03 0 1 0 2 7.619278e-14 0.000000e+00
11 26 8.249656e-04 2.072220e-03 0 1 0 2 6.529658e-14 0.000000e+00
11 27 8.249656e-04 2.608770e-03 0 1 0 2 5.669474e-14 0.000000e+00
11 28 8.249656e-04 3.284247e-03 0 1 0 2 4.983761e-14 0.000000e+00
11 29 8.249656e-04 4.134622e-03 0 1 0 2 4.425575e-14 0.000000e+00
11 30 8.249656e-04 5.205181e-03 0 1 0 2 3.957499e-14 0.000000e+00
11 31 8.249656e-04 6.552935e-03 0 1 0 2 3.551174e-14 0.000000e+00
11 32 8.249656e-04 8.249656e-03 0 1 0 2 3.186114e-14 0.000000e+00
12 22 1.038570e-03 8.249656e-04 0 1 0 2 1.068281e-13 0.000000e+00
12 23 1.038570e-03 1.038570e-03 0 1 0 2 1.071216e-13 0.000000e+00
12 24 1.038570e-03 1.307482e-03 0 1 0 2 9.315893e-14 0.000000e+00
12 25 1.038570e-03 1.646023e-03 0 1 0 2 7.801851e-14 0.000000e+00
12 26 1.038570e-03 2.072220e-03 0 1 0 2 6.623739e-14 0.000000e+00
12 27 1.038570e-03 2.608770e-03 0 1 0 2 5.715468e-14 0.000000e+00
12 28 1.038570e-03 3.284247e-03 0 1 0 2 5.005323e-14 0.000000e+00
12 29 1.038570e-03 4.134622e-03 0 1 0 2 4.435312e-14 0.000000e+00
12 30 1.038570e-03 5.205181e-03 0 1 0 2 3.961745e-14 0.000000e+00
12 31 1.038570e-03 6.552935e-03 0 1 0 2 3.552970e-14 0.000000e+00
12 32 1.038570e-03 8.249656e-03 0 1 0 2 3.186856e-14 0.000000e+00
13 22 1.307482e-03 8.249656e-04 0 1 0 2 8.994380e-14 0.000000e+00
13 23 1.307482e-03 1.038570e-03 0 1 0 2 9.315893e-14 0.000000e+00
13 24 1.307482e-03 1.307482e-03 0 1 0 2 9.413306e-14 0.000000e+00
13 25 1.307482e-03 1.646023e-03 0 1 0 2 8.129552e-14 0.000000e+00
13 26 1.307482e-03 2.072220e-03 0 1 0 2 6.791216e-14 0.000000e+00
13 27 1.307482e-03 2.608770e-03 0 1 0 2 5.795107e-14 0.000000e+00
13 28 1.307482e-03 3.284247e-03 0 1 0 2 5.041774e-14 0.000000e+00
13 29 1.307482e-03 4.134622e-03 0 1 0 2 4.451478e-14 0.000000e+00
13 30 1.307482e-03 5.205181e-03 0 1 0 2 3.968709e-14 0.000000e+00
13 31 1.307482e-03 6.552935e-03 0 1 0 2 3.555900e-14 0.000000e+00
13 32 1.307482e-03 8.249656e-03 0 1 0 2 3.188071e-14 0.000000e+00
14 22 1.646023e-03 8.249656e-04 0 1 0 2 7.619278e-14 0.000000e+00
14 23 1.646023e-03 1.038570e-03 0 1 0 2 7.801851e-14 0.000000e+00
14 24 1.646023e-03 1.307482e-03 0 1 0 2 8.129552e-14 0.000000e+00
14 25 1.646023e-03 1.646023e-03 0 1 0 2 8.279493e-14 0.000000e+00
14 26 1.646023e-03 2.072220e-03 0 1 0 2 7.109137e-14 0.000000e+00
14 27 1.646023e-03 2.608770e-03 0 1 0 2 5.941210e-14 0.000000e+00
14 28 1.646023e-03 3.284247e-03 0 1 0 2 5.105969e-14 0.000000e+00
14 29 1.646023e-03 4.134622e-03 0 1 0 2 4.479067e-14 0.000000e+00
14 30 1.646023e-03 5.205181e-03 0 1 0 2 3.980325e-14 0.000000e+00
14 31 1.646023e-03 6.552935e-03 0 1 0 2 3.560703e-14 0.000000e+00
14 32 1.646023e-03 8.249656e-03 0 1 0 2 3.190037e-14 0.000000e+00
15 22 2.072220e-03 8.249656e-04 0 1 0 2 6.529658e-14 0.000000e+00
15 23 2.072220e-03 1.038570e-03 0 1 0 2 6.623739e-14 0.000000e+00
15 24 2.072220e-03 1.307482e-03 0 1 0 2 6.791216e-14 0.000000e+00
15 25 2.072220e-03 1.646023e-03 0 1 0 2 7.109137e-14 0.000000e+00
15 26 2.072220e-03 2.072220e-03 0 1 0 2 7.294507e-14 0.000000e+00
15 27 2.072220e-03 2.608770e-03 0 1 0 2 6.235942e-14 0.000000e+00
15 28 2.072220e-03 3.284247e-03 0 1 0 2 5.227503e-14 0.000000e+00
15 29 2.072220e-03 4.134622e-03 0 1 0 2 4.528493e-14 0.000000e+00
15 30 2.072220e-03 5.205181e-03 0 1 0 2 4.000340e-14 0.000000e+00
15 31 2.072220e-03 6.552935e-03 0 1 0 2 3.568756e-14 0.000000e+00
15 32 2.072220e-03 8.249656e-03 0 1 0 2 3.193272e-14 0.000000e+00
16 22 2.608770e-03 8.249656e-04 0 1 0 2 5.669474e-14 0.000000e+00
16 23 2.608770e-03 1.038570e-03 0 1 0 2 5.715468e-14 0.000000e+00
16 24 2.608770e-03 1.307482e-03 0 1 0 2 5.795107e-14 0.000000e+00
16 25 2.608770e-03 1.646023e-03 0 1 0 2 5.941210e-14 0.000000e+00
16 26 2.608770e-03 2.072220e-03 0 1 0 2 6.235942e-14 0.000000e+00
16 27 2.608770e-03 2.608770e-03 0 1 0 2 6.439811e-14 0.000000e+00
16 28 2.608770e-03 3.284247e-03 0 1 0 2 5.489354e-14 0.000000e+00
16 29 2.608770e-03 4.134622e-03 0 1 0 2 4.625137e-14 0.000000e+00
16 30 2.608770e-03 5.205181e-03 0 1 0 2 4.036824e-14 0.000000e+00
16 31 2.608770e-03 6.552935e-03 0 1 0 2 3.582762e-14 0.000000e+00
16 32 2.608770e-03 8.249656e-03 0 1 0 2 3.198722e-14 0.000000e+00
17 22 3.284247e-03 8.249656e-04 0 1 0 2 4.983761e-14 0.000000e+00
17 23 3.284247e-03 1.038570e-03 0 1 0 2 5.005323e-14 0.000000e+00
17 24 3.284247e-03 1.307482e-03 0 1 0 2 5.041774e-14 0.000000e+00
17 25 3.284247e-03 1.646023e-03 0 1 0 2 5.105969e-14 0.000000e+00
17 26 3.284247e-03 2.072220e-03 0 1 0 2 5.227503e-14 0.000000e+00
17 27 3.284247e-03 2.608770e-03 0 1 0 2 5.489354e-14 0.000000e+00
17 28 3.284247e-03 3.284247e-03 0 1 0 2 5.696362e-14 0.000000e+00
17 29 3.284247e-03 4.134622e-03 0 1 0 2 4.848604e-14 0.000000e+00
17 30 3.284247e-03 5.205181e-03 0 1 0 2 4.110513e-14 0.000000e+00
17 31 3.284247e-03 6.552935e-03 0 1 0 2 3.608703e-14 0.000000e+00
17 32 3.284247e-03 8.249656e-03 0 1 0 2 3.208270e-14 0.000000e+00
18 22 4.134622e-03 8.249656e-04 0 1 0 2 4.425575e-14 0.000000e+00
18 23 4.134622e-03 1.038570e-03 0 1 0 2 4.435312e-14 0.000000e+00
18 24 4.134622e-03 1.307482e-03 0 1 0 2 4.451478e-14 0.000000e+00
18 25 4.134622e-03 1.646023e-03 0 1 0 2 4.479067e-14 0.000000e+00
18 26 4.134622e-03 2.072220e-03 0 1 0 2 4.528493e-14 0.000000e+00
18 27 4.134622e-03 2.608770e-03 0 1 0 2 4.625137e-14 0.000000e+00
18 28 4.134622e-03 3.284247e-03 0 1 0 2 4.848604e-14 0.000000e+00
18 29 4.134622e-03 4.134622e-03 0 1 0 2 5.046050e-14 0.000000e+00
18 30 4.134622e-03 5.205181e-03 0 1 0 2 4.294146e-14 0.000000e+00
18 31 4.134622e-03 6.552935e-03 0 1 0 2 3.662780e-14 0.000000e+00
18 32 4.134622e-03 8.249656e-03 0 1 0 2 3.226197e-14 0.000000e+00
19 22 5.205181e-03 8.249656e-04 0 1 0 2 3.957499e-14 0.000000e+00
19 23 5.205181e-03 1.038570e-03 0 1 0 2 3.961745e-14 0.000000e+00
19 24 5.205181e-03 1.307482e-03 0 1 0 2 3.968709e-14 0.000000e+00
19 25 5.205181e-03 1.646023e-03 0 1 0 2 3.980325e-14 0.000000e+00
19 26 5.205181e-03 2.072220e-03 0 1 0 2 4.000340e-14 0.000000e+00
19 27 5.205181e-03 2.608770e-03 0 1 0 2 4.036824e-14 0.000000e+00
19 28 5.205181e-03 3.284247e-03 0 1 0 2 4.110513e-14 0.000000e+00
19 29 5.205181e-03 4.134622e-03 0 1 0 2 4.294146e-14 0.000000e+00
19 30 5.205181e-03 5.205181e-03 0 1 0 2 4.472563e-14 0.000000e+00
19 31 5.205181e-03 6.552935e-03 0 1 0 2 3.808472e-14 0.000000e+00
19 32 5.205181e-03 8.249656e-03 0 1 0 2 3.264640e-14 0.000000e+00
20 22 6.552935e-03 8.249656e-04 0 1 0 2 3.551174e-14 0.000000e+00
20 23 6.552935e-03 1.038570e-03 0 1 0 2 3.552970e-14 0.000000e+00
20 24 6.552935e-03 1.307482e-03 0 1 0 2 3.555900e-14 0.000000e+00
20 25 6.552935e-03 1.646023e-03 0 1 0 2 3.560703e-14 0.000000e+00
20 26 6.552935e-03 2.072220e-03 0 1 0 2 3.568756e-14 0.000000e+00
20 27 6.552935e-03 2.608770e-03 0 1 0 2 3.582762e-14 0.000000e+00
20 28 6.552935e-03 3.284247e-03 0 1 0 2 3.608703e-14 0.000000e+00
20 29 6.552935e-03 4.134622e-03 0 1 0 2 3.662780e-14 0.000000e+00
20 30 6.552935e-03 5.205181e-03 0 1 0 2 3.808472e-14 0.000000e+00
20 31 6.552935e-03 6.552935e-03 0 1 0 2 3.961838e-14 0.000000e+00
20 32 6.552935e-03 8.249656e-03 0 1 0 2 3.376641e-14 0.000000e+00
21 22 8.249656e-03 8.249656e-04 0 1 0 2 3.186114e-14 0.000000e+00
21 23 8.249656e-03 1.038570e-03 0 1 0 2 3.186856e-14 0.000000e+00
21 24 8.249656e-03 1.307482e-03 0 1 0 2 3.188071e-14 0.000000e+00
21 25 8.249656e-03 1.646023e-03 0 1 0 2 3.190037e-14 0.000000e+00
21 26 8.249656e-03 2.072220e-03 0 1 0 2 3.193272e-14 0.000000e+00
21 27 8.249656e-03 2.608770e-03 0 1 0 2 3.198722e-14 0.000000e+00
21 28 8.249656e-03 3.284247e-03 0 1 0 2 3.208270e-14 0.000000e+00
21 29 8.249656e-03 4.134622e-03 0 1 0 2 3.226197e-14 0.000000e+00
21 30 8.249656e-03 5.205181e-03 0 1 0 2 3.264640e-14 0.000000e+00
21 31 8.249656e-03 6.552935e-03 0 1 0 2 3.376641e-14 0.000000e+00
21 32 8.249656e-03 8.249656e-03 0 1 0 2 3.502153e-14 0.000000e+00
