# Please cite the following papers in research using this covariance:
# arXiv: 1601.05779, https://arxiv.org/abs/1601.05779
# arXiv: 1911.11947, https://arxiv.org/abs/1911.11947
# arXiv: 2004.04833, https://arxiv.org/abs/2004.04833
# arXiv: 1804.10663, https://arxiv.org/abs/1804.10663
########################################################
88 132 8.249656e-04 8.249656e-04 2 3 0 2 -2.046922e-15 0.000000e+00
88 133 8.249656e-04 1.038570e-03 2 3 0 2 -5.988839e-15 0.000000e+00
88 134 8.249656e-04 1.307482e-03 2 3 0 2 -2.644599e-15 0.000000e+00
88 135 8.249656e-04 1.646023e-03 2 3 0 2 2.715544e-15 0.000000e+00
88 136 8.249656e-04 2.072220e-03 2 3 0 2 6.789693e-15 0.000000e+00
88 137 8.249656e-04 2.608770e-03 2 3 0 2 9.085982e-15 0.000000e+00
88 138 8.249656e-04 3.284247e-03 2 3 0 2 9.971415e-15 0.000000e+00
88 139 8.249656e-04 4.134622e-03 2 3 0 2 9.946641e-15 0.000000e+00
88 140 8.249656e-04 5.205181e-03 2 3 0 2 9.428950e-15 0.000000e+00
88 141 8.249656e-04 6.552935e-03 2 3 0 2 8.715411e-15 0.000000e+00
88 142 8.249656e-04 8.249656e-03 2 3 0 2 7.999738e-15 0.000000e+00
89 132 1.038570e-03 8.249656e-04 2 3 0 2 7.671644e-17 0.000000e+00
89 133 1.038570e-03 1.038570e-03 2 3 0 2 -1.929573e-15 0.000000e+00
89 134 1.038570e-03 1.307482e-03 2 3 0 2 -5.899304e-15 0.000000e+00
89 135 1.038570e-03 1.646023e-03 2 3 0 2 -2.609566e-15 0.000000e+00
89 136 1.038570e-03 2.072220e-03 2 3 0 2 2.477561e-15 0.000000e+00
89 137 1.038570e-03 2.608770e-03 2 3 0 2 6.197745e-15 0.000000e+00
89 138 1.038570e-03 3.284247e-03 2 3 0 2 8.198373e-15 0.000000e+00
89 139 1.038570e-03 4.134622e-03 2 3 0 2 8.908478e-15 0.000000e+00
89 140 1.038570e-03 5.205181e-03 2 3 0 2 8.836512e-15 0.000000e+00
89 141 1.038570e-03 6.552935e-03 2 3 0 2 8.380815e-15 0.000000e+00
89 142 1.038570e-03 8.249656e-03 2 3 0 2 7.810292e-15 0.000000e+00
90 132 1.307482e-03 8.249656e-04 2 3 0 2 5.775639e-17 0.000000e+00
90 133 1.307482e-03 1.038570e-03 2 3 0 2 1.365227e-16 0.000000e+00
90 134 1.307482e-03 1.307482e-03 2 3 0 2 -1.779468e-15 0.000000e+00
90 135 1.307482e-03 1.646023e-03 2 3 0 2 -5.718418e-15 0.000000e+00
90 136 1.307482e-03 2.072220e-03 2 3 0 2 -2.518659e-15 0.000000e+00
90 137 1.307482e-03 2.608770e-03 2 3 0 2 2.242043e-15 0.000000e+00
90 138 1.307482e-03 3.284247e-03 2 3 0 2 5.597326e-15 0.000000e+00
90 139 1.307482e-03 4.134622e-03 2 3 0 2 7.333349e-15 0.000000e+00
90 140 1.307482e-03 5.205181e-03 2 3 0 2 7.921333e-15 0.000000e+00
90 141 1.307482e-03 6.552935e-03 2 3 0 2 7.858748e-15 0.000000e+00
90 142 1.307482e-03 8.249656e-03 2 3 0 2 7.512982e-15 0.000000e+00
91 132 1.646023e-03 8.249656e-04 2 3 0 2 2.594948e-17 0.000000e+00
91 133 1.646023e-03 1.038570e-03 2 3 0 2 7.029402e-17 0.000000e+00
91 134 1.646023e-03 1.307482e-03 2 3 0 2 1.924290e-16 0.000000e+00
91 135 1.646023e-03 1.646023e-03 2 3 0 2 -1.602461e-15 0.000000e+00
91 136 1.646023e-03 2.072220e-03 2 3 0 2 -5.452473e-15 0.000000e+00
91 137 1.646023e-03 2.608770e-03 2 3 0 2 -2.376382e-15 0.000000e+00
91 138 1.646023e-03 3.284247e-03 2 3 0 2 2.019570e-15 0.000000e+00
91 139 1.646023e-03 4.134622e-03 2 3 0 2 5.017536e-15 0.000000e+00
91 140 1.646023e-03 5.205181e-03 2 3 0 2 6.531463e-15 0.000000e+00
91 141 1.646023e-03 6.552935e-03 2 3 0 2 7.052080e-15 0.000000e+00
91 142 1.646023e-03 8.249656e-03 2 3 0 2 7.049102e-15 0.000000e+00
92 132 2.072220e-03 8.249656e-04 2 3 0 2 1.074253e-17 0.000000e+00
92 133 2.072220e-03 1.038570e-03 2 3 0 2 2.805156e-17 0.000000e+00
92 134 2.072220e-03 1.307482e-03 2 3 0 2 7.997462e-17 0.000000e+00
92 135 2.072220e-03 1.646023e-03 2 3 0 2 2.393732e-16 0.000000e+00
92 136 2.072220e-03 2.072220e-03 2 3 0 2 -1.409615e-15 0.000000e+00
92 137 2.072220e-03 2.608770e-03 2 3 0 2 -5.113561e-15 0.000000e+00
92 138 2.072220e-03 3.284247e-03 2 3 0 2 -2.191339e-15 0.000000e+00
92 139 2.072220e-03 4.134622e-03 2 3 0 2 1.819268e-15 0.000000e+00
92 140 2.072220e-03 5.205181e-03 2 3 0 2 4.484481e-15 0.000000e+00
92 141 2.072220e-03 6.552935e-03 2 3 0 2 5.826481e-15 0.000000e+00
92 142 2.072220e-03 8.249656e-03 2 3 0 2 6.332509e-15 0.000000e+00
93 132 2.608770e-03 8.249656e-04 2 3 0 2 4.406598e-18 0.000000e+00
93 133 2.608770e-03 1.038570e-03 2 3 0 2 1.045288e-17 0.000000e+00
93 134 2.608770e-03 1.307482e-03 2 3 0 2 2.894250e-17 0.000000e+00
93 135 2.608770e-03 1.646023e-03 2 3 0 2 8.486312e-17 0.000000e+00
93 136 2.608770e-03 2.072220e-03 2 3 0 2 2.733038e-16 0.000000e+00
93 137 2.608770e-03 2.608770e-03 2 3 0 2 -1.212188e-15 0.000000e+00
93 138 2.608770e-03 3.284247e-03 2 3 0 2 -4.719303e-15 0.000000e+00
93 139 2.608770e-03 4.134622e-03 2 3 0 2 -1.975349e-15 0.000000e+00
93 140 2.608770e-03 5.205181e-03 2 3 0 2 1.648024e-15 0.000000e+00
93 141 2.608770e-03 6.552935e-03 2 3 0 2 4.019766e-15 0.000000e+00
93 142 2.608770e-03 8.249656e-03 2 3 0 2 5.243965e-15 0.000000e+00
94 132 3.284247e-03 8.249656e-04 2 3 0 2 1.872347e-18 0.000000e+00
94 133 3.284247e-03 1.038570e-03 2 3 0 2 3.657110e-18 0.000000e+00
94 134 3.284247e-03 1.307482e-03 2 3 0 2 9.998706e-18 0.000000e+00
94 135 3.284247e-03 1.646023e-03 2 3 0 2 2.814396e-17 0.000000e+00
94 136 3.284247e-03 2.072220e-03 2 3 0 2 8.453384e-17 0.000000e+00
94 137 3.284247e-03 2.608770e-03 2 3 0 2 2.919245e-16 0.000000e+00
94 138 3.284247e-03 3.284247e-03 2 3 0 2 -1.021923e-15 0.000000e+00
94 139 3.284247e-03 4.134622e-03 2 3 0 2 -4.290984e-15 0.000000e+00
94 140 3.284247e-03 5.205181e-03 2 3 0 2 -1.742137e-15 0.000000e+00
94 141 3.284247e-03 6.552935e-03 2 3 0 2 1.510796e-15 0.000000e+00
94 142 3.284247e-03 8.249656e-03 2 3 0 2 3.639520e-15 0.000000e+00
95 132 4.134622e-03 8.249656e-04 2 3 0 2 9.396465e-19 0.000000e+00
95 133 4.134622e-03 1.038570e-03 2 3 0 2 1.192685e-18 0.000000e+00
95 134 4.134622e-03 1.307482e-03 2 3 0 2 3.299733e-18 0.000000e+00
95 135 4.134622e-03 1.646023e-03 2 3 0 2 9.120301e-18 0.000000e+00
95 136 4.134622e-03 2.072220e-03 2 3 0 2 2.569487e-17 0.000000e+00
95 137 4.134622e-03 2.608770e-03 2 3 0 2 7.949496e-17 0.000000e+00
95 138 4.134622e-03 3.284247e-03 2 3 0 2 2.941372e-16 0.000000e+00
95 139 4.134622e-03 4.134622e-03 2 3 0 2 -8.494033e-16 0.000000e+00
95 140 4.134622e-03 5.205181e-03 2 3 0 2 -3.851261e-15 0.000000e+00
95 141 4.134622e-03 6.552935e-03 2 3 0 2 -1.505579e-15 0.000000e+00
95 142 4.134622e-03 8.249656e-03 2 3 0 2 1.410436e-15 0.000000e+00
96 132 5.205181e-03 8.249656e-04 2 3 0 2 5.835666e-19 0.000000e+00
96 133 5.205181e-03 1.038570e-03 2 3 0 2 3.138094e-19 0.000000e+00
96 134 5.205181e-03 1.307482e-03 2 3 0 2 9.905259e-19 0.000000e+00
96 135 5.205181e-03 1.646023e-03 2 3 0 2 2.845770e-18 0.000000e+00
96 136 5.205181e-03 2.072220e-03 2 3 0 2 7.647230e-18 0.000000e+00
96 137 5.205181e-03 2.608770e-03 2 3 0 2 2.207703e-17 0.000000e+00
96 138 5.205181e-03 3.284247e-03 2 3 0 2 7.049161e-17 0.000000e+00
96 139 5.205181e-03 4.134622e-03 2 3 0 2 2.807570e-16 0.000000e+00
96 140 5.205181e-03 5.205181e-03 2 3 0 2 -7.029532e-16 0.000000e+00
96 141 5.205181e-03 6.552935e-03 2 3 0 2 -3.422321e-15 0.000000e+00
96 142 5.205181e-03 8.249656e-03 2 3 0 2 -1.278476e-15 0.000000e+00
97 132 6.552935e-03 8.249656e-04 2 3 0 2 4.844383e-19 0.000000e+00
97 133 6.552935e-03 1.038570e-03 2 3 0 2 2.301829e-20 0.000000e+00
97 134 6.552935e-03 1.307482e-03 2 3 0 2 2.528696e-19 0.000000e+00
97 135 6.552935e-03 1.646023e-03 2 3 0 2 8.603863e-19 0.000000e+00
97 136 6.552935e-03 2.072220e-03 2 3 0 2 2.178143e-18 0.000000e+00
97 137 6.552935e-03 2.608770e-03 2 3 0 2 6.032168e-18 0.000000e+00
97 138 6.552935e-03 3.284247e-03 2 3 0 2 1.771400e-17 0.000000e+00
97 139 6.552935e-03 4.134622e-03 2 3 0 2 5.863557e-17 0.000000e+00
97 140 6.552935e-03 5.205181e-03 2 3 0 2 2.538926e-16 0.000000e+00
97 141 6.552935e-03 6.552935e-03 2 3 0 2 -5.882917e-16 0.000000e+00
97 142 6.552935e-03 8.249656e-03 2 3 0 2 -3.024040e-15 0.000000e+00
98 132 8.249656e-03 8.249656e-04 2 3 0 2 4.396915e-19 0.000000e+00
98 133 8.249656e-03 1.038570e-03 2 3 0 2 -6.869754e-20 0.000000e+00
98 134 8.249656e-03 1.307482e-03 2 3 0 2 1.815276e-20 0.000000e+00
98 135 8.249656e-03 1.646023e-03 2 3 0 2 2.427090e-19 0.000000e+00
98 136 8.249656e-03 2.072220e-03 2 3 0 2 5.498490e-19 0.000000e+00
98 137 8.249656e-03 2.608770e-03 2 3 0 2 1.504855e-18 0.000000e+00
98 138 8.249656e-03 3.284247e-03 2 3 0 2 4.253664e-18 0.000000e+00
98 139 8.249656e-03 4.134622e-03 2 3 0 2 1.292107e-17 0.000000e+00
98 140 8.249656e-03 5.205181e-03 2 3 0 2 4.505652e-17 0.000000e+00
98 141 8.249656e-03 6.552935e-03 2 3 0 2 2.166013e-16 0.000000e+00
98 142 8.249656e-03 8.249656e-03 2 3 0 2 -5.082438e-16 0.000000e+00
