# Please cite the following papers in research using this covariance:
# arXiv: 1601.05779, https://arxiv.org/abs/1601.05779
# arXiv: 1911.11947, https://arxiv.org/abs/1911.11947
# arXiv: 2004.04833, https://arxiv.org/abs/2004.04833
# arXiv: 1804.10663, https://arxiv.org/abs/1804.10663
########################################################
66 121 8.249656e-04 8.249656e-04 1 3 0 1 -2.166030e-15 0.000000e+00
66 122 8.249656e-04 1.038570e-03 1 3 0 1 -6.379478e-15 0.000000e+00
66 123 8.249656e-04 1.307482e-03 1 3 0 1 -2.849775e-15 0.000000e+00
66 124 8.249656e-04 1.646023e-03 1 3 0 1 2.756291e-15 0.000000e+00
66 125 8.249656e-04 2.072220e-03 1 3 0 1 6.924678e-15 0.000000e+00
66 126 8.249656e-04 2.608770e-03 1 3 0 1 9.162852e-15 0.000000e+00
66 127 8.249656e-04 3.284247e-03 1 3 0 1 9.892017e-15 0.000000e+00
66 128 8.249656e-04 4.134622e-03 1 3 0 1 9.663634e-15 0.000000e+00
66 129 8.249656e-04 5.205181e-03 1 3 0 1 8.926473e-15 0.000000e+00
66 130 8.249656e-04 6.552935e-03 1 3 0 1 7.989540e-15 0.000000e+00
66 131 8.249656e-04 8.249656e-03 1 3 0 1 7.043769e-15 0.000000e+00
67 121 1.038570e-03 8.249656e-04 1 3 0 1 9.769566e-17 0.000000e+00
67 122 1.038570e-03 1.038570e-03 1 3 0 1 -2.026029e-15 0.000000e+00
67 123 1.038570e-03 1.307482e-03 1 3 0 1 -6.259358e-15 0.000000e+00
67 124 1.038570e-03 1.646023e-03 1 3 0 1 -2.801286e-15 0.000000e+00
67 125 1.038570e-03 2.072220e-03 1 3 0 1 2.478076e-15 0.000000e+00
67 126 1.038570e-03 2.608770e-03 1 3 0 1 6.230718e-15 0.000000e+00
67 127 1.038570e-03 3.284247e-03 1 3 0 1 8.125821e-15 0.000000e+00
67 128 1.038570e-03 4.134622e-03 1 3 0 1 8.652531e-15 0.000000e+00
67 129 1.038570e-03 5.205181e-03 1 3 0 1 8.364762e-15 0.000000e+00
67 130 1.038570e-03 6.552935e-03 1 3 0 1 7.682419e-15 0.000000e+00
67 131 1.038570e-03 8.249656e-03 1 3 0 1 6.876688e-15 0.000000e+00
68 121 1.307482e-03 8.249656e-04 1 3 0 1 6.887571e-17 0.000000e+00
68 122 1.307482e-03 1.038570e-03 1 3 0 1 1.668733e-16 0.000000e+00
68 123 1.307482e-03 1.307482e-03 1 3 0 1 -1.848330e-15 0.000000e+00
68 124 1.307482e-03 1.646023e-03 1 3 0 1 -6.034618e-15 0.000000e+00
68 125 1.307482e-03 2.072220e-03 1 3 0 1 -2.688286e-15 0.000000e+00
68 126 1.307482e-03 2.608770e-03 1 3 0 1 2.203557e-15 0.000000e+00
68 127 1.307482e-03 3.284247e-03 1 3 0 1 5.528777e-15 0.000000e+00
68 128 1.307482e-03 4.134622e-03 1 3 0 1 7.115681e-15 0.000000e+00
68 129 1.307482e-03 5.205181e-03 1 3 0 1 7.495856e-15 0.000000e+00
68 130 1.307482e-03 6.552935e-03 1 3 0 1 7.202728e-15 0.000000e+00
68 131 1.307482e-03 8.249656e-03 1 3 0 1 6.614273e-15 0.000000e+00
69 121 1.646023e-03 8.249656e-04 1 3 0 1 3.051172e-17 0.000000e+00
69 122 1.646023e-03 1.038570e-03 1 3 0 1 8.350934e-17 0.000000e+00
69 123 1.646023e-03 1.307482e-03 1 3 0 1 2.309912e-16 0.000000e+00
69 124 1.646023e-03 1.646023e-03 1 3 0 1 -1.640265e-15 0.000000e+00
69 125 1.646023e-03 2.072220e-03 1 3 0 1 -5.713216e-15 0.000000e+00
69 126 1.646023e-03 2.608770e-03 1 3 0 1 -2.517371e-15 0.000000e+00
69 127 1.646023e-03 3.284247e-03 1 3 0 1 1.943267e-15 0.000000e+00
69 128 1.646023e-03 4.134622e-03 1 3 0 1 4.849562e-15 0.000000e+00
69 129 1.646023e-03 5.205181e-03 1 3 0 1 6.173352e-15 0.000000e+00
69 130 1.646023e-03 6.552935e-03 1 3 0 1 6.460308e-15 0.000000e+00
69 131 1.646023e-03 8.249656e-03 1 3 0 1 6.204319e-15 0.000000e+00
70 121 2.072220e-03 8.249656e-04 1 3 0 1 1.236162e-17 0.000000e+00
70 122 2.072220e-03 1.038570e-03 1 3 0 1 3.293802e-17 0.000000e+00
70 123 2.072220e-03 1.307482e-03 1 3 0 1 9.409823e-17 0.000000e+00
70 124 2.072220e-03 1.646023e-03 1 3 0 1 2.839304e-16 0.000000e+00
70 125 2.072220e-03 2.072220e-03 1 3 0 1 -1.415347e-15 0.000000e+00
70 126 2.072220e-03 2.608770e-03 1 3 0 1 -5.310549e-15 0.000000e+00
70 127 2.072220e-03 3.284247e-03 1 3 0 1 -2.300374e-15 0.000000e+00
70 128 2.072220e-03 4.134622e-03 1 3 0 1 1.705188e-15 0.000000e+00
70 129 2.072220e-03 5.205181e-03 1 3 0 1 4.218633e-15 0.000000e+00
70 130 2.072220e-03 6.552935e-03 1 3 0 1 5.329319e-15 0.000000e+00
70 131 2.072220e-03 8.249656e-03 1 3 0 1 5.569764e-15 0.000000e+00
71 121 2.608770e-03 8.249656e-04 1 3 0 1 4.868710e-18 0.000000e+00
71 122 2.608770e-03 1.038570e-03 1 3 0 1 1.211226e-17 0.000000e+00
71 123 2.608770e-03 1.307482e-03 1 3 0 1 3.352681e-17 0.000000e+00
71 124 2.608770e-03 1.646023e-03 1 3 0 1 9.867057e-17 0.000000e+00
71 125 2.608770e-03 2.072220e-03 1 3 0 1 3.208188e-16 0.000000e+00
71 126 2.608770e-03 2.608770e-03 1 3 0 1 -1.187524e-15 0.000000e+00
71 127 2.608770e-03 3.284247e-03 1 3 0 1 -4.848331e-15 0.000000e+00
71 128 2.608770e-03 4.134622e-03 1 3 0 1 -2.052949e-15 0.000000e+00
71 129 2.608770e-03 5.205181e-03 1 3 0 1 1.494258e-15 0.000000e+00
71 130 2.608770e-03 6.552935e-03 1 3 0 1 3.654866e-15 0.000000e+00
71 131 2.608770e-03 8.249656e-03 1 3 0 1 4.602725e-15 0.000000e+00
72 121 3.284247e-03 8.249656e-04 1 3 0 1 1.921838e-18 0.000000e+00
72 122 3.284247e-03 1.038570e-03 1 3 0 1 4.195480e-18 0.000000e+00
72 123 3.284247e-03 1.307482e-03 1 3 0 1 1.139000e-17 0.000000e+00
72 124 3.284247e-03 1.646023e-03 1 3 0 1 3.207401e-17 0.000000e+00
72 125 3.284247e-03 2.072220e-03 1 3 0 1 9.703681e-17 0.000000e+00
72 126 3.284247e-03 2.608770e-03 1 3 0 1 3.390367e-16 0.000000e+00
72 127 3.284247e-03 3.284247e-03 1 3 0 1 -9.705830e-16 0.000000e+00
72 128 3.284247e-03 4.134622e-03 1 3 0 1 -4.351994e-15 0.000000e+00
72 129 3.284247e-03 5.205181e-03 1 3 0 1 -1.792349e-15 0.000000e+00
72 130 3.284247e-03 6.552935e-03 1 3 0 1 1.313084e-15 0.000000e+00
72 131 3.284247e-03 8.249656e-03 1 3 0 1 3.169910e-15 0.000000e+00
73 121 4.134622e-03 8.249656e-04 1 3 0 1 8.572623e-19 0.000000e+00
73 122 4.134622e-03 1.038570e-03 1 3 0 1 1.378983e-18 0.000000e+00
73 123 4.134622e-03 1.307482e-03 1 3 0 1 3.717416e-18 0.000000e+00
73 124 4.134622e-03 1.646023e-03 1 3 0 1 1.019607e-17 0.000000e+00
73 125 4.134622e-03 2.072220e-03 1 3 0 1 2.890628e-17 0.000000e+00
73 126 4.134622e-03 2.608770e-03 1 3 0 1 9.007737e-17 0.000000e+00
73 127 4.134622e-03 3.284247e-03 1 3 0 1 3.380836e-16 0.000000e+00
73 128 4.134622e-03 4.134622e-03 1 3 0 1 -7.760825e-16 0.000000e+00
73 129 4.134622e-03 5.205181e-03 1 3 0 1 -3.847411e-15 0.000000e+00
73 130 4.134622e-03 6.552935e-03 1 3 0 1 -1.534809e-15 0.000000e+00
73 131 4.134622e-03 8.249656e-03 1 3 0 1 1.162173e-15 0.000000e+00
74 121 5.205181e-03 8.249656e-04 1 3 0 1 4.607213e-19 0.000000e+00
74 122 5.205181e-03 1.038570e-03 1 3 0 1 3.968976e-19 0.000000e+00
74 123 5.205181e-03 1.307482e-03 1 3 0 1 1.131601e-18 0.000000e+00
74 124 5.205181e-03 1.646023e-03 1 3 0 1 3.146884e-18 0.000000e+00
74 125 5.205181e-03 2.072220e-03 1 3 0 1 8.524326e-18 0.000000e+00
74 126 5.205181e-03 2.608770e-03 1 3 0 1 2.465492e-17 0.000000e+00
74 127 5.205181e-03 3.284247e-03 1 3 0 1 7.919015e-17 0.000000e+00
74 128 5.205181e-03 4.134622e-03 1 3 0 1 3.200583e-16 0.000000e+00
74 129 5.205181e-03 5.205181e-03 1 3 0 1 -6.119084e-16 0.000000e+00
74 130 5.205181e-03 6.552935e-03 1 3 0 1 -3.358318e-15 0.000000e+00
74 131 5.205181e-03 8.249656e-03 1 3 0 1 -1.293818e-15 0.000000e+00
75 121 6.552935e-03 8.249656e-04 1 3 0 1 3.515163e-19 0.000000e+00
75 122 6.552935e-03 1.038570e-03 1 3 0 1 7.701248e-20 0.000000e+00
75 123 6.552935e-03 1.307482e-03 1 3 0 1 3.189014e-19 0.000000e+00
75 124 6.552935e-03 1.646023e-03 1 3 0 1 9.569187e-19 0.000000e+00
75 125 6.552935e-03 2.072220e-03 1 3 0 1 2.475320e-18 0.000000e+00
75 126 6.552935e-03 2.608770e-03 1 3 0 1 6.822813e-18 0.000000e+00
75 127 6.552935e-03 3.284247e-03 1 3 0 1 1.998724e-17 0.000000e+00
75 128 6.552935e-03 4.134622e-03 1 3 0 1 6.610894e-17 0.000000e+00
75 129 6.552935e-03 5.205181e-03 1 3 0 1 2.887536e-16 0.000000e+00
75 130 6.552935e-03 6.552935e-03 1 3 0 1 -4.820036e-16 0.000000e+00
75 131 6.552935e-03 8.249656e-03 1 3 0 1 -2.904085e-15 0.000000e+00
76 121 8.249656e-03 8.249656e-04 1 3 0 1 3.028153e-19 0.000000e+00
76 122 8.249656e-03 1.038570e-03 1 3 0 1 -2.392671e-20 0.000000e+00
76 123 8.249656e-03 1.307482e-03 1 3 0 1 6.076234e-20 0.000000e+00
76 124 8.249656e-03 1.646023e-03 1 3 0 1 2.779185e-19 0.000000e+00
76 125 8.249656e-03 2.072220e-03 1 3 0 1 6.842087e-19 0.000000e+00
76 126 8.249656e-03 2.608770e-03 1 3 0 1 1.838942e-18 0.000000e+00
76 127 8.249656e-03 3.284247e-03 1 3 0 1 5.134060e-18 0.000000e+00
76 128 8.249656e-03 4.134622e-03 1 3 0 1 1.533739e-17 0.000000e+00
76 129 8.249656e-03 5.205181e-03 1 3 0 1 5.242712e-17 0.000000e+00
76 130 8.249656e-03 6.552935e-03 1 3 0 1 2.489210e-16 0.000000e+00
76 131 8.249656e-03 8.249656e-03 1 3 0 1 -3.863883e-16 0.000000e+00
