# Please cite the following papers in research using this covariance:
# arXiv: 1601.05779, https://arxiv.org/abs/1601.05779
# arXiv: 1911.11947, https://arxiv.org/abs/1911.11947
# arXiv: 2004.04833, https://arxiv.org/abs/2004.04833
# arXiv: 1804.10663, https://arxiv.org/abs/1804.10663
########################################################
198 198 8.249656e-04 8.249656e-04 2 3 2 3 2.411497e-11 0.000000e+00
198 199 8.249656e-04 1.038570e-03 2 3 2 3 3.707110e-14 0.000000e+00
198 200 8.249656e-04 1.307482e-03 2 3 2 3 1.286011e-14 0.000000e+00
198 201 8.249656e-04 1.646023e-03 2 3 2 3 4.278495e-15 0.000000e+00
198 202 8.249656e-04 2.072220e-03 2 3 2 3 1.395006e-15 0.000000e+00
198 203 8.249656e-04 2.608770e-03 2 3 2 3 4.502624e-16 0.000000e+00
198 204 8.249656e-04 3.284247e-03 2 3 2 3 1.449943e-16 0.000000e+00
198 205 8.249656e-04 4.134622e-03 2 3 2 3 4.717249e-17 0.000000e+00
198 206 8.249656e-04 5.205181e-03 2 3 2 3 1.552072e-17 0.000000e+00
198 207 8.249656e-04 6.552935e-03 2 3 2 3 5.361269e-18 0.000000e+00
198 208 8.249656e-04 8.249656e-03 2 3 2 3 1.867557e-18 0.000000e+00
199 198 1.038570e-03 8.249656e-04 2 3 2 3 3.707110e-14 0.000000e+00
199 199 1.038570e-03 1.038570e-03 2 3 2 3 1.531792e-11 0.000000e+00
199 200 1.038570e-03 1.307482e-03 2 3 2 3 3.446490e-14 0.000000e+00
199 201 1.038570e-03 1.646023e-03 2 3 2 3 1.136196e-14 0.000000e+00
199 202 1.038570e-03 2.072220e-03 2 3 2 3 3.646990e-15 0.000000e+00
199 203 1.038570e-03 2.608770e-03 2 3 2 3 1.161394e-15 0.000000e+00
199 204 1.038570e-03 3.284247e-03 2 3 2 3 3.703301e-16 0.000000e+00
199 205 1.038570e-03 4.134622e-03 2 3 2 3 1.195409e-16 0.000000e+00
199 206 1.038570e-03 5.205181e-03 2 3 2 3 3.945616e-17 0.000000e+00
199 207 1.038570e-03 6.552935e-03 2 3 2 3 1.340827e-17 0.000000e+00
199 208 1.038570e-03 8.249656e-03 2 3 2 3 4.756300e-18 0.000000e+00
200 198 1.307482e-03 8.249656e-04 2 3 2 3 1.286011e-14 0.000000e+00
200 199 1.307482e-03 1.038570e-03 2 3 2 3 3.446490e-14 0.000000e+00
200 200 1.307482e-03 1.307482e-03 2 3 2 3 9.728604e-12 0.000000e+00
200 201 1.307482e-03 1.646023e-03 2 3 2 3 3.132258e-14 0.000000e+00
200 202 1.307482e-03 2.072220e-03 2 3 2 3 9.808070e-15 0.000000e+00
200 203 1.307482e-03 2.608770e-03 2 3 2 3 3.050880e-15 0.000000e+00
200 204 1.307482e-03 3.284247e-03 2 3 2 3 9.568218e-16 0.000000e+00
200 205 1.307482e-03 4.134622e-03 2 3 2 3 3.052111e-16 0.000000e+00
200 206 1.307482e-03 5.205181e-03 2 3 2 3 9.995858e-17 0.000000e+00
200 207 1.307482e-03 6.552935e-03 2 3 2 3 3.395941e-17 0.000000e+00
200 208 1.307482e-03 8.249656e-03 2 3 2 3 1.209737e-17 0.000000e+00
201 198 1.646023e-03 8.249656e-04 2 3 2 3 4.278495e-15 0.000000e+00
201 199 1.646023e-03 1.038570e-03 2 3 2 3 1.136196e-14 0.000000e+00
201 200 1.646023e-03 1.307482e-03 2 3 2 3 3.132258e-14 0.000000e+00
201 201 1.646023e-03 1.646023e-03 2 3 2 3 6.188241e-12 0.000000e+00
201 202 1.646023e-03 2.072220e-03 2 3 2 3 2.784722e-14 0.000000e+00
201 203 1.646023e-03 2.608770e-03 2 3 2 3 8.297537e-15 0.000000e+00
201 204 1.646023e-03 3.284247e-03 2 3 2 3 2.522179e-15 0.000000e+00
201 205 1.646023e-03 4.134622e-03 2 3 2 3 7.884086e-16 0.000000e+00
201 206 1.646023e-03 5.205181e-03 2 3 2 3 2.550270e-16 0.000000e+00
201 207 1.646023e-03 6.552935e-03 2 3 2 3 8.588149e-17 0.000000e+00
201 208 1.646023e-03 8.249656e-03 2 3 2 3 3.031416e-17 0.000000e+00
202 198 2.072220e-03 8.249656e-04 2 3 2 3 1.395006e-15 0.000000e+00
202 199 2.072220e-03 1.038570e-03 2 3 2 3 3.646990e-15 0.000000e+00
202 200 2.072220e-03 1.307482e-03 2 3 2 3 9.808070e-15 0.000000e+00
202 201 2.072220e-03 1.646023e-03 2 3 2 3 2.784722e-14 0.000000e+00
202 202 2.072220e-03 2.072220e-03 2 3 2 3 3.939702e-12 0.000000e+00
202 203 2.072220e-03 2.608770e-03 2 3 2 3 2.426412e-14 0.000000e+00
202 204 2.072220e-03 3.284247e-03 2 3 2 3 6.917922e-15 0.000000e+00
202 205 2.072220e-03 4.134622e-03 2 3 2 3 2.079762e-15 0.000000e+00
202 206 2.072220e-03 5.205181e-03 2 3 2 3 6.574506e-16 0.000000e+00
202 207 2.072220e-03 6.552935e-03 2 3 2 3 2.185948e-16 0.000000e+00
202 208 2.072220e-03 8.249656e-03 2 3 2 3 7.671204e-17 0.000000e+00
203 198 2.608770e-03 8.249656e-04 2 3 2 3 4.502624e-16 0.000000e+00
203 199 2.608770e-03 1.038570e-03 2 3 2 3 1.161394e-15 0.000000e+00
203 200 2.608770e-03 1.307482e-03 2 3 2 3 3.050880e-15 0.000000e+00
203 201 2.608770e-03 1.646023e-03 2 3 2 3 8.297537e-15 0.000000e+00
203 202 2.608770e-03 2.072220e-03 2 3 2 3 2.426412e-14 0.000000e+00
203 203 2.608770e-03 2.608770e-03 2 3 2 3 2.510246e-12 0.000000e+00
203 204 2.608770e-03 3.284247e-03 2 3 2 3 2.078700e-14 0.000000e+00
203 205 2.608770e-03 4.134622e-03 2 3 2 3 5.727950e-15 0.000000e+00
203 206 2.608770e-03 5.205181e-03 2 3 2 3 1.730012e-15 0.000000e+00
203 207 2.608770e-03 6.552935e-03 2 3 2 3 5.615910e-16 0.000000e+00
203 208 2.608770e-03 8.249656e-03 2 3 2 3 1.944331e-16 0.000000e+00
204 198 3.284247e-03 8.249656e-04 2 3 2 3 1.449943e-16 0.000000e+00
204 199 3.284247e-03 1.038570e-03 2 3 2 3 3.703301e-16 0.000000e+00
204 200 3.284247e-03 1.307482e-03 2 3 2 3 9.568218e-16 0.000000e+00
204 201 3.284247e-03 1.646023e-03 2 3 2 3 2.522179e-15 0.000000e+00
204 202 3.284247e-03 2.072220e-03 2 3 2 3 6.917922e-15 0.000000e+00
204 203 3.284247e-03 2.608770e-03 2 3 2 3 2.078700e-14 0.000000e+00
204 204 3.284247e-03 3.284247e-03 2 3 2 3 1.601519e-12 0.000000e+00
204 205 3.284247e-03 4.134622e-03 2 3 2 3 1.759145e-14 0.000000e+00
204 206 3.284247e-03 5.205181e-03 2 3 2 3 4.757235e-15 0.000000e+00
204 207 3.284247e-03 6.552935e-03 2 3 2 3 1.469301e-15 0.000000e+00
204 208 3.284247e-03 8.249656e-03 2 3 2 3 4.967021e-16 0.000000e+00
205 198 4.134622e-03 8.249656e-04 2 3 2 3 4.717249e-17 0.000000e+00
205 199 4.134622e-03 1.038570e-03 2 3 2 3 1.195409e-16 0.000000e+00
205 200 4.134622e-03 1.307482e-03 2 3 2 3 3.052111e-16 0.000000e+00
205 201 4.134622e-03 1.646023e-03 2 3 2 3 7.884086e-16 0.000000e+00
205 202 4.134622e-03 2.072220e-03 2 3 2 3 2.079762e-15 0.000000e+00
205 203 4.134622e-03 2.608770e-03 2 3 2 3 5.727950e-15 0.000000e+00
205 204 4.134622e-03 3.284247e-03 2 3 2 3 1.759145e-14 0.000000e+00
205 205 4.134622e-03 4.134622e-03 2 3 2 3 1.024948e-12 0.000000e+00
205 206 4.134622e-03 5.205181e-03 2 3 2 3 1.480022e-14 0.000000e+00
205 207 4.134622e-03 6.552935e-03 2 3 2 3 4.008627e-15 0.000000e+00
205 208 4.134622e-03 8.249656e-03 2 3 2 3 1.288305e-15 0.000000e+00
206 198 5.205181e-03 8.249656e-04 2 3 2 3 1.552072e-17 0.000000e+00
206 199 5.205181e-03 1.038570e-03 2 3 2 3 3.945616e-17 0.000000e+00
206 200 5.205181e-03 1.307482e-03 2 3 2 3 9.995858e-17 0.000000e+00
206 201 5.205181e-03 1.646023e-03 2 3 2 3 2.550270e-16 0.000000e+00
206 202 5.205181e-03 2.072220e-03 2 3 2 3 6.574506e-16 0.000000e+00
206 203 5.205181e-03 2.608770e-03 2 3 2 3 1.730012e-15 0.000000e+00
206 204 5.205181e-03 3.284247e-03 2 3 2 3 4.757235e-15 0.000000e+00
206 205 5.205181e-03 4.134622e-03 2 3 2 3 1.480022e-14 0.000000e+00
206 206 5.205181e-03 5.205181e-03 2 3 2 3 6.579281e-13 0.000000e+00
206 207 5.205181e-03 6.552935e-03 2 3 2 3 1.247959e-14 0.000000e+00
206 208 5.205181e-03 8.249656e-03 2 3 2 3 3.466464e-15 0.000000e+00
207 198 6.552935e-03 8.249656e-04 2 3 2 3 5.361269e-18 0.000000e+00
207 199 6.552935e-03 1.038570e-03 2 3 2 3 1.340827e-17 0.000000e+00
207 200 6.552935e-03 1.307482e-03 2 3 2 3 3.395941e-17 0.000000e+00
207 201 6.552935e-03 1.646023e-03 2 3 2 3 8.588149e-17 0.000000e+00
207 202 6.552935e-03 2.072220e-03 2 3 2 3 2.185948e-16 0.000000e+00
207 203 6.552935e-03 2.608770e-03 2 3 2 3 5.615910e-16 0.000000e+00
207 204 6.552935e-03 3.284247e-03 2 3 2 3 1.469301e-15 0.000000e+00
207 205 6.552935e-03 4.134622e-03 2 3 2 3 4.008627e-15 0.000000e+00
207 206 6.552935e-03 5.205181e-03 2 3 2 3 1.247959e-14 0.000000e+00
207 207 6.552935e-03 6.552935e-03 2 3 2 3 4.239665e-13 0.000000e+00
207 208 6.552935e-03 8.249656e-03 2 3 2 3 1.064453e-14 0.000000e+00
208 198 8.249656e-03 8.249656e-04 2 3 2 3 1.867557e-18 0.000000e+00
208 199 8.249656e-03 1.038570e-03 2 3 2 3 4.756300e-18 0.000000e+00
208 200 8.249656e-03 1.307482e-03 2 3 2 3 1.209737e-17 0.000000e+00
208 201 8.249656e-03 1.646023e-03 2 3 2 3 3.031416e-17 0.000000e+00
208 202 8.249656e-03 2.072220e-03 2 3 2 3 7.671204e-17 0.000000e+00
208 203 8.249656e-03 2.608770e-03 2 3 2 3 1.944331e-16 0.000000e+00
208 204 8.249656e-03 3.284247e-03 2 3 2 3 4.967021e-16 0.000000e+00
208 205 8.249656e-03 4.134622e-03 2 3 2 3 1.288305e-15 0.000000e+00
208 206 8.249656e-03 5.205181e-03 2 3 2 3 3.466464e-15 0.000000e+00
208 207 8.249656e-03 6.552935e-03 2 3 2 3 1.064453e-14 0.000000e+00
208 208 8.249656e-03 8.249656e-03 2 3 2 3 2.749330e-13 0.000000e+00
