# Please cite the following papers in research using this covariance:
# arXiv: 1601.05779, https://arxiv.org/abs/1601.05779
# arXiv: 1911.11947, https://arxiv.org/abs/1911.11947
# arXiv: 2004.04833, https://arxiv.org/abs/2004.04833
# arXiv: 1804.10663, https://arxiv.org/abs/1804.10663
########################################################
22 55 8.249656e-04 8.249656e-04 0 2 1 2 9.818819e-14 0.000000e+00
22 56 8.249656e-04 1.038570e-03 0 2 1 2 9.161732e-14 0.000000e+00
22 57 8.249656e-04 1.307482e-03 0 2 1 2 8.389562e-14 0.000000e+00
22 58 8.249656e-04 1.646023e-03 0 2 1 2 7.701419e-14 0.000000e+00
22 59 8.249656e-04 2.072220e-03 0 2 1 2 7.104745e-14 0.000000e+00
22 60 8.249656e-04 2.608770e-03 0 2 1 2 6.590735e-14 0.000000e+00
22 61 8.249656e-04 3.284247e-03 0 2 1 2 6.145062e-14 0.000000e+00
22 62 8.249656e-04 4.134622e-03 0 2 1 2 5.751258e-14 0.000000e+00
22 63 8.249656e-04 5.205181e-03 0 2 1 2 5.392540e-14 0.000000e+00
22 64 8.249656e-04 6.552935e-03 0 2 1 2 5.052957e-14 0.000000e+00
22 65 8.249656e-04 8.249656e-03 0 2 1 2 4.718171e-14 0.000000e+00
23 55 1.038570e-03 8.249656e-04 0 2 1 2 9.161732e-14 0.000000e+00
23 56 1.038570e-03 1.038570e-03 0 2 1 2 9.108908e-14 0.000000e+00
23 57 1.038570e-03 1.307482e-03 0 2 1 2 8.482420e-14 0.000000e+00
23 58 1.038570e-03 1.646023e-03 0 2 1 2 7.762266e-14 0.000000e+00
23 59 1.038570e-03 2.072220e-03 0 2 1 2 7.139548e-14 0.000000e+00
23 60 1.038570e-03 2.608770e-03 0 2 1 2 6.609073e-14 0.000000e+00
23 61 1.038570e-03 3.284247e-03 0 2 1 2 6.153931e-14 0.000000e+00
23 62 1.038570e-03 4.134622e-03 0 2 1 2 5.755071e-14 0.000000e+00
23 63 1.038570e-03 5.205181e-03 0 2 1 2 5.393855e-14 0.000000e+00
23 64 1.038570e-03 6.552935e-03 0 2 1 2 5.053154e-14 0.000000e+00
23 65 1.038570e-03 8.249656e-03 0 2 1 2 4.717954e-14 0.000000e+00
24 55 1.307482e-03 8.249656e-04 0 2 1 2 8.389562e-14 0.000000e+00
24 56 1.307482e-03 1.038570e-03 0 2 1 2 8.482420e-14 0.000000e+00
24 57 1.307482e-03 1.307482e-03 0 2 1 2 8.456928e-14 0.000000e+00
24 58 1.307482e-03 1.646023e-03 0 2 1 2 7.864133e-14 0.000000e+00
24 59 1.307482e-03 2.072220e-03 0 2 1 2 7.199209e-14 0.000000e+00
24 60 1.307482e-03 2.608770e-03 0 2 1 2 6.640186e-14 0.000000e+00
24 61 1.307482e-03 3.284247e-03 0 2 1 2 6.168815e-14 0.000000e+00
24 62 1.307482e-03 4.134622e-03 0 2 1 2 5.761431e-14 0.000000e+00
24 63 1.307482e-03 5.205181e-03 0 2 1 2 5.396060e-14 0.000000e+00
24 64 1.307482e-03 6.552935e-03 0 2 1 2 5.053521e-14 0.000000e+00
24 65 1.307482e-03 8.249656e-03 0 2 1 2 4.717643e-14 0.000000e+00
25 55 1.646023e-03 8.249656e-04 0 2 1 2 7.701419e-14 0.000000e+00
25 56 1.646023e-03 1.038570e-03 0 2 1 2 7.762266e-14 0.000000e+00
25 57 1.646023e-03 1.307482e-03 0 2 1 2 7.864133e-14 0.000000e+00
25 58 1.646023e-03 1.646023e-03 0 2 1 2 7.862064e-14 0.000000e+00
25 59 1.646023e-03 2.072220e-03 0 2 1 2 7.304363e-14 0.000000e+00
25 60 1.646023e-03 2.608770e-03 0 2 1 2 6.695132e-14 0.000000e+00
25 61 1.646023e-03 3.284247e-03 0 2 1 2 6.194610e-14 0.000000e+00
25 62 1.646023e-03 4.134622e-03 0 2 1 2 5.772299e-14 0.000000e+00
25 63 1.646023e-03 5.205181e-03 0 2 1 2 5.399818e-14 0.000000e+00
25 64 1.646023e-03 6.552935e-03 0 2 1 2 5.054185e-14 0.000000e+00
25 65 1.646023e-03 8.249656e-03 0 2 1 2 4.717172e-14 0.000000e+00
26 55 2.072220e-03 8.249656e-04 0 2 1 2 7.104745e-14 0.000000e+00
26 56 2.072220e-03 1.038570e-03 0 2 1 2 7.139548e-14 0.000000e+00
26 57 2.072220e-03 1.307482e-03 0 2 1 2 7.199209e-14 0.000000e+00
26 58 2.072220e-03 1.646023e-03 0 2 1 2 7.304363e-14 0.000000e+00
26 59 2.072220e-03 2.072220e-03 0 2 1 2 7.320348e-14 0.000000e+00
26 60 2.072220e-03 2.608770e-03 0 2 1 2 6.797673e-14 0.000000e+00
26 61 2.072220e-03 3.284247e-03 0 2 1 2 6.241873e-14 0.000000e+00
26 62 2.072220e-03 4.134622e-03 0 2 1 2 5.791730e-14 0.000000e+00
26 63 2.072220e-03 5.205181e-03 0 2 1 2 5.406485e-14 0.000000e+00
26 64 2.072220e-03 6.552935e-03 0 2 1 2 5.055455e-14 0.000000e+00
26 65 2.072220e-03 8.249656e-03 0 2 1 2 4.716482e-14 0.000000e+00
27 55 2.608770e-03 8.249656e-04 0 2 1 2 6.590735e-14 0.000000e+00
27 56 2.608770e-03 1.038570e-03 0 2 1 2 6.609073e-14 0.000000e+00
27 57 2.608770e-03 1.307482e-03 0 2 1 2 6.640186e-14 0.000000e+00
27 58 2.608770e-03 1.646023e-03 0 2 1 2 6.695132e-14 0.000000e+00
27 59 2.608770e-03 2.072220e-03 0 2 1 2 6.797673e-14 0.000000e+00
27 60 2.608770e-03 2.608770e-03 0 2 1 2 6.825371e-14 0.000000e+00
27 61 2.608770e-03 3.284247e-03 0 2 1 2 6.336281e-14 0.000000e+00
27 62 2.608770e-03 4.134622e-03 0 2 1 2 5.829179e-14 0.000000e+00
27 63 2.608770e-03 5.205181e-03 0 2 1 2 5.419110e-14 0.000000e+00
27 64 2.608770e-03 6.552935e-03 0 2 1 2 5.058081e-14 0.000000e+00
27 65 2.608770e-03 8.249656e-03 0 2 1 2 4.715560e-14 0.000000e+00
28 55 3.284247e-03 8.249656e-04 0 2 1 2 6.145062e-14 0.000000e+00
28 56 3.284247e-03 1.038570e-03 0 2 1 2 6.153931e-14 0.000000e+00
28 57 3.284247e-03 1.307482e-03 0 2 1 2 6.168815e-14 0.000000e+00
28 58 3.284247e-03 1.646023e-03 0 2 1 2 6.194610e-14 0.000000e+00
28 59 3.284247e-03 2.072220e-03 0 2 1 2 6.241873e-14 0.000000e+00
28 60 3.284247e-03 2.608770e-03 0 2 1 2 6.336281e-14 0.000000e+00
28 61 3.284247e-03 3.284247e-03 0 2 1 2 6.368896e-14 0.000000e+00
28 62 3.284247e-03 4.134622e-03 0 2 1 2 5.910782e-14 0.000000e+00
28 63 3.284247e-03 5.205181e-03 0 2 1 2 5.445549e-14 0.000000e+00
28 64 3.284247e-03 6.552935e-03 0 2 1 2 5.064018e-14 0.000000e+00
28 65 3.284247e-03 8.249656e-03 0 2 1 2 4.714571e-14 0.000000e+00
29 55 4.134622e-03 8.249656e-04 0 2 1 2 5.751258e-14 0.000000e+00
29 56 4.134622e-03 1.038570e-03 0 2 1 2 5.755071e-14 0.000000e+00
29 57 4.134622e-03 1.307482e-03 0 2 1 2 5.761431e-14 0.000000e+00
29 58 4.134622e-03 1.646023e-03 0 2 1 2 5.772299e-14 0.000000e+00
29 59 4.134622e-03 2.072220e-03 0 2 1 2 5.791730e-14 0.000000e+00
29 60 4.134622e-03 2.608770e-03 0 2 1 2 5.829179e-14 0.000000e+00
29 61 4.134622e-03 3.284247e-03 0 2 1 2 5.910782e-14 0.000000e+00
29 62 4.134622e-03 4.134622e-03 0 2 1 2 5.941613e-14 0.000000e+00
29 63 4.134622e-03 5.205181e-03 0 2 1 2 5.510923e-14 0.000000e+00
29 64 4.134622e-03 6.552935e-03 0 2 1 2 5.079212e-14 0.000000e+00
29 65 4.134622e-03 8.249656e-03 0 2 1 2 4.714421e-14 0.000000e+00
30 55 5.205181e-03 8.249656e-04 0 2 1 2 5.392540e-14 0.000000e+00
30 56 5.205181e-03 1.038570e-03 0 2 1 2 5.393855e-14 0.000000e+00
30 57 5.205181e-03 1.307482e-03 0 2 1 2 5.396060e-14 0.000000e+00
30 58 5.205181e-03 1.646023e-03 0 2 1 2 5.399818e-14 0.000000e+00
30 59 5.205181e-03 2.072220e-03 0 2 1 2 5.406485e-14 0.000000e+00
30 60 5.205181e-03 2.608770e-03 0 2 1 2 5.419110e-14 0.000000e+00
30 61 5.205181e-03 3.284247e-03 0 2 1 2 5.445549e-14 0.000000e+00
30 62 5.205181e-03 4.134622e-03 0 2 1 2 5.510923e-14 0.000000e+00
30 63 5.205181e-03 5.205181e-03 0 2 1 2 5.533895e-14 0.000000e+00
30 64 5.205181e-03 6.552935e-03 0 2 1 2 5.126392e-14 0.000000e+00
30 65 5.205181e-03 8.249656e-03 0 2 1 2 4.719016e-14 0.000000e+00
31 55 6.552935e-03 8.249656e-04 0 2 1 2 5.052957e-14 0.000000e+00
31 56 6.552935e-03 1.038570e-03 0 2 1 2 5.053154e-14 0.000000e+00
31 57 6.552935e-03 1.307482e-03 0 2 1 2 5.053521e-14 0.000000e+00
31 58 6.552935e-03 1.646023e-03 0 2 1 2 5.054185e-14 0.000000e+00
31 59 6.552935e-03 2.072220e-03 0 2 1 2 5.055455e-14 0.000000e+00
31 60 6.552935e-03 2.608770e-03 0 2 1 2 5.058081e-14 0.000000e+00
31 61 6.552935e-03 3.284247e-03 0 2 1 2 5.064018e-14 0.000000e+00
31 62 6.552935e-03 4.134622e-03 0 2 1 2 5.079212e-14 0.000000e+00
31 63 6.552935e-03 5.205181e-03 0 2 1 2 5.126392e-14 0.000000e+00
31 64 6.552935e-03 6.552935e-03 0 2 1 2 5.136497e-14 0.000000e+00
31 65 6.552935e-03 8.249656e-03 0 2 1 2 4.747580e-14 0.000000e+00
32 55 8.249656e-03 8.249656e-04 0 2 1 2 4.718171e-14 0.000000e+00
32 56 8.249656e-03 1.038570e-03 0 2 1 2 4.717954e-14 0.000000e+00
32 57 8.249656e-03 1.307482e-03 0 2 1 2 4.717643e-14 0.000000e+00
32 58 8.249656e-03 1.646023e-03 0 2 1 2 4.717172e-14 0.000000e+00
32 59 8.249656e-03 2.072220e-03 0 2 1 2 4.716482e-14 0.000000e+00
32 60 8.249656e-03 2.608770e-03 0 2 1 2 4.715560e-14 0.000000e+00
32 61 8.249656e-03 3.284247e-03 0 2 1 2 4.714571e-14 0.000000e+00
32 62 8.249656e-03 4.134622e-03 0 2 1 2 4.714421e-14 0.000000e+00
32 63 8.249656e-03 5.205181e-03 0 2 1 2 4.719016e-14 0.000000e+00
32 64 8.249656e-03 6.552935e-03 0 2 1 2 4.747580e-14 0.000000e+00
32 65 8.249656e-03 8.249656e-03 0 2 1 2 4.741267e-14 0.000000e+00
