# Please cite the following papers in research using this covariance:
# arXiv: 1601.05779, https://arxiv.org/abs/1601.05779
# arXiv: 1911.11947, https://arxiv.org/abs/1911.11947
# arXiv: 2004.04833, https://arxiv.org/abs/2004.04833
# arXiv: 1804.10663, https://arxiv.org/abs/1804.10663
########################################################
143 187 8.249656e-04 8.249656e-04 0 3 2 2 8.127234e-17 0.000000e+00
143 188 8.249656e-04 1.038570e-03 0 3 2 2 7.951687e-17 0.000000e+00
143 189 8.249656e-04 1.307482e-03 0 3 2 2 5.629531e-17 0.000000e+00
143 190 8.249656e-04 1.646023e-03 0 3 2 2 3.353837e-17 0.000000e+00
143 191 8.249656e-04 2.072220e-03 0 3 2 2 1.790792e-17 0.000000e+00
143 192 8.249656e-04 2.608770e-03 0 3 2 2 8.829041e-18 0.000000e+00
143 193 8.249656e-04 3.284247e-03 0 3 2 2 4.094699e-18 0.000000e+00
143 194 8.249656e-04 4.134622e-03 0 3 2 2 1.814536e-18 0.000000e+00
143 195 8.249656e-04 5.205181e-03 0 3 2 2 7.810204e-19 0.000000e+00
143 196 8.249656e-04 6.552935e-03 0 3 2 2 3.319866e-19 0.000000e+00
143 197 8.249656e-04 8.249656e-03 0 3 2 2 1.419575e-19 0.000000e+00
144 187 1.038570e-03 8.249656e-04 0 3 2 2 7.951687e-17 0.000000e+00
144 188 1.038570e-03 1.038570e-03 0 3 2 2 1.202871e-16 0.000000e+00
144 189 1.038570e-03 1.307482e-03 0 3 2 2 1.136298e-16 0.000000e+00
144 190 1.038570e-03 1.646023e-03 0 3 2 2 7.624166e-17 0.000000e+00
144 191 1.038570e-03 2.072220e-03 0 3 2 2 4.290558e-17 0.000000e+00
144 192 1.038570e-03 2.608770e-03 0 3 2 2 2.168815e-17 0.000000e+00
144 193 1.038570e-03 3.284247e-03 0 3 2 2 1.018074e-17 0.000000e+00
144 194 1.038570e-03 4.134622e-03 0 3 2 2 4.537272e-18 0.000000e+00
144 195 1.038570e-03 5.205181e-03 0 3 2 2 1.957804e-18 0.000000e+00
144 196 1.038570e-03 6.552935e-03 0 3 2 2 8.330462e-19 0.000000e+00
144 197 1.038570e-03 8.249656e-03 0 3 2 2 3.563408e-19 0.000000e+00
145 187 1.307482e-03 8.249656e-04 0 3 2 2 5.629531e-17 0.000000e+00
145 188 1.307482e-03 1.038570e-03 0 3 2 2 1.136298e-16 0.000000e+00
145 189 1.307482e-03 1.307482e-03 0 3 2 2 1.712826e-16 0.000000e+00
145 190 1.307482e-03 1.646023e-03 0 3 2 2 1.556864e-16 0.000000e+00
145 191 1.307482e-03 2.072220e-03 0 3 2 2 9.859504e-17 0.000000e+00
145 192 1.307482e-03 2.608770e-03 0 3 2 2 5.235777e-17 0.000000e+00
145 193 1.307482e-03 3.284247e-03 0 3 2 2 2.512738e-17 0.000000e+00
145 194 1.307482e-03 4.134622e-03 0 3 2 2 1.131059e-17 0.000000e+00
145 195 1.307482e-03 5.205181e-03 0 3 2 2 4.901068e-18 0.000000e+00
145 196 1.307482e-03 6.552935e-03 0 3 2 2 2.089072e-18 0.000000e+00
145 197 1.307482e-03 8.249656e-03 0 3 2 2 8.941627e-19 0.000000e+00
146 187 1.646023e-03 8.249656e-04 0 3 2 2 3.353837e-17 0.000000e+00
146 188 1.646023e-03 1.038570e-03 0 3 2 2 7.624166e-17 0.000000e+00
146 189 1.646023e-03 1.307482e-03 0 3 2 2 1.556864e-16 0.000000e+00
146 190 1.646023e-03 1.646023e-03 0 3 2 2 2.343292e-16 0.000000e+00
146 191 1.646023e-03 2.072220e-03 0 3 2 2 2.043394e-16 0.000000e+00
146 192 1.646023e-03 2.608770e-03 0 3 2 2 1.218069e-16 0.000000e+00
146 193 1.646023e-03 3.284247e-03 0 3 2 2 6.113948e-17 0.000000e+00
146 194 1.646023e-03 4.134622e-03 0 3 2 2 2.803782e-17 0.000000e+00
146 195 1.646023e-03 5.205181e-03 0 3 2 2 1.224135e-17 0.000000e+00
146 196 1.646023e-03 6.552935e-03 0 3 2 2 5.233128e-18 0.000000e+00
146 197 1.646023e-03 8.249656e-03 0 3 2 2 2.241674e-18 0.000000e+00
147 187 2.072220e-03 8.249656e-04 0 3 2 2 1.790792e-17 0.000000e+00
147 188 2.072220e-03 1.038570e-03 0 3 2 2 4.290558e-17 0.000000e+00
147 189 2.072220e-03 1.307482e-03 0 3 2 2 9.859504e-17 0.000000e+00
147 190 2.072220e-03 1.646023e-03 0 3 2 2 2.043394e-16 0.000000e+00
147 191 2.072220e-03 2.072220e-03 0 3 2 2 3.079248e-16 0.000000e+00
147 192 2.072220e-03 2.608770e-03 0 3 2 2 2.570472e-16 0.000000e+00
147 193 2.072220e-03 3.284247e-03 0 3 2 2 1.441330e-16 0.000000e+00
147 194 2.072220e-03 4.134622e-03 0 3 2 2 6.873208e-17 0.000000e+00
147 195 2.072220e-03 5.205181e-03 0 3 2 2 3.044768e-17 0.000000e+00
147 196 2.072220e-03 6.552935e-03 0 3 2 2 1.308505e-17 0.000000e+00
147 197 2.072220e-03 8.249656e-03 0 3 2 2 5.614369e-18 0.000000e+00
148 187 2.608770e-03 8.249656e-04 0 3 2 2 8.829041e-18 0.000000e+00
148 188 2.608770e-03 1.038570e-03 0 3 2 2 2.168815e-17 0.000000e+00
148 189 2.608770e-03 1.307482e-03 0 3 2 2 5.235777e-17 0.000000e+00
148 190 2.608770e-03 1.646023e-03 0 3 2 2 1.218069e-16 0.000000e+00
148 191 2.608770e-03 2.072220e-03 0 3 2 2 2.570472e-16 0.000000e+00
148 192 2.608770e-03 2.608770e-03 0 3 2 2 3.890563e-16 0.000000e+00
148 193 2.608770e-03 3.284247e-03 0 3 2 2 3.105689e-16 0.000000e+00
148 194 2.608770e-03 4.134622e-03 0 3 2 2 1.641835e-16 0.000000e+00
148 195 2.608770e-03 5.205181e-03 0 3 2 2 7.509572e-17 0.000000e+00
148 196 2.608770e-03 6.552935e-03 0 3 2 2 3.261021e-17 0.000000e+00
148 197 2.608770e-03 8.249656e-03 0 3 2 2 1.403546e-17 0.000000e+00
149 187 3.284247e-03 8.249656e-04 0 3 2 2 4.094699e-18 0.000000e+00
149 188 3.284247e-03 1.038570e-03 0 3 2 2 1.018074e-17 0.000000e+00
149 189 3.284247e-03 1.307482e-03 0 3 2 2 2.512738e-17 0.000000e+00
149 190 3.284247e-03 1.646023e-03 0 3 2 2 6.113948e-17 0.000000e+00
149 191 3.284247e-03 2.072220e-03 0 3 2 2 1.441330e-16 0.000000e+00
149 192 3.284247e-03 2.608770e-03 0 3 2 2 3.105689e-16 0.000000e+00
149 193 3.284247e-03 3.284247e-03 0 3 2 2 4.737846e-16 0.000000e+00
149 194 3.284247e-03 4.134622e-03 0 3 2 2 3.618597e-16 0.000000e+00
149 195 3.284247e-03 5.205181e-03 0 3 2 2 1.814837e-16 0.000000e+00
149 196 3.284247e-03 6.552935e-03 0 3 2 2 8.074009e-17 0.000000e+00
149 197 3.284247e-03 8.249656e-03 0 3 2 2 3.497944e-17 0.000000e+00
150 187 4.134622e-03 8.249656e-04 0 3 2 2 1.814536e-18 0.000000e+00
150 188 4.134622e-03 1.038570e-03 0 3 2 2 4.537272e-18 0.000000e+00
150 189 4.134622e-03 1.307482e-03 0 3 2 2 1.131059e-17 0.000000e+00
150 190 4.134622e-03 1.646023e-03 0 3 2 2 2.803782e-17 0.000000e+00
150 191 4.134622e-03 2.072220e-03 0 3 2 2 6.873208e-17 0.000000e+00
150 192 4.134622e-03 2.608770e-03 0 3 2 2 1.641835e-16 0.000000e+00
150 193 4.134622e-03 3.284247e-03 0 3 2 2 3.618597e-16 0.000000e+00
150 194 4.134622e-03 4.134622e-03 0 3 2 2 5.583007e-16 0.000000e+00
150 195 4.134622e-03 5.205181e-03 0 3 2 2 4.090861e-16 0.000000e+00
150 196 4.134622e-03 6.552935e-03 0 3 2 2 1.967821e-16 0.000000e+00
150 197 4.134622e-03 8.249656e-03 0 3 2 2 8.667824e-17 0.000000e+00
151 187 5.205181e-03 8.249656e-04 0 3 2 2 7.810204e-19 0.000000e+00
151 188 5.205181e-03 1.038570e-03 0 3 2 2 1.957804e-18 0.000000e+00
151 189 5.205181e-03 1.307482e-03 0 3 2 2 4.901068e-18 0.000000e+00
151 190 5.205181e-03 1.646023e-03 0 3 2 2 1.224135e-17 0.000000e+00
151 191 5.205181e-03 2.072220e-03 0 3 2 2 3.044768e-17 0.000000e+00
151 192 5.205181e-03 2.608770e-03 0 3 2 2 7.509572e-17 0.000000e+00
151 193 5.205181e-03 3.284247e-03 0 3 2 2 1.814837e-16 0.000000e+00
151 194 5.205181e-03 4.134622e-03 0 3 2 2 4.090861e-16 0.000000e+00
151 195 5.205181e-03 5.205181e-03 0 3 2 2 6.401113e-16 0.000000e+00
151 196 5.205181e-03 6.552935e-03 0 3 2 2 4.524539e-16 0.000000e+00
151 197 5.205181e-03 8.249656e-03 0 3 2 2 2.120499e-16 0.000000e+00
152 187 6.552935e-03 8.249656e-04 0 3 2 2 3.319866e-19 0.000000e+00
152 188 6.552935e-03 1.038570e-03 0 3 2 2 8.330462e-19 0.000000e+00
152 189 6.552935e-03 1.307482e-03 0 3 2 2 2.089072e-18 0.000000e+00
152 190 6.552935e-03 1.646023e-03 0 3 2 2 5.233128e-18 0.000000e+00
152 191 6.552935e-03 2.072220e-03 0 3 2 2 1.308505e-17 0.000000e+00
152 192 6.552935e-03 2.608770e-03 0 3 2 2 3.261021e-17 0.000000e+00
152 193 6.552935e-03 3.284247e-03 0 3 2 2 8.074009e-17 0.000000e+00
152 194 6.552935e-03 4.134622e-03 0 3 2 2 1.967821e-16 0.000000e+00
152 195 6.552935e-03 5.205181e-03 0 3 2 2 4.524539e-16 0.000000e+00
152 196 6.552935e-03 6.552935e-03 0 3 2 2 7.190781e-16 0.000000e+00
152 197 6.552935e-03 8.249656e-03 0 3 2 2 4.945370e-16 0.000000e+00
153 187 8.249656e-03 8.249656e-04 0 3 2 2 1.419575e-19 0.000000e+00
153 188 8.249656e-03 1.038570e-03 0 3 2 2 3.563408e-19 0.000000e+00
153 189 8.249656e-03 1.307482e-03 0 3 2 2 8.941627e-19 0.000000e+00
153 190 8.249656e-03 1.646023e-03 0 3 2 2 2.241674e-18 0.000000e+00
153 191 8.249656e-03 2.072220e-03 0 3 2 2 5.614369e-18 0.000000e+00
153 192 8.249656e-03 2.608770e-03 0 3 2 2 1.403546e-17 0.000000e+00
153 193 8.249656e-03 3.284247e-03 0 3 2 2 3.497944e-17 0.000000e+00
153 194 8.249656e-03 4.134622e-03 0 3 2 2 8.667824e-17 0.000000e+00
153 195 8.249656e-03 5.205181e-03 0 3 2 2 2.120499e-16 0.000000e+00
153 196 8.249656e-03 6.552935e-03 0 3 2 2 4.945370e-16 0.000000e+00
153 197 8.249656e-03 8.249656e-03 0 3 2 2 7.979320e-16 0.000000e+00
