# Please cite the following papers in research using this covariance:
# arXiv: 1601.05779, https://arxiv.org/abs/1601.05779
# arXiv: 1911.11947, https://arxiv.org/abs/1911.11947
# arXiv: 2004.04833, https://arxiv.org/abs/2004.04833
# arXiv: 1804.10663, https://arxiv.org/abs/1804.10663
########################################################
154 165 8.249656e-04 8.249656e-04 1 1 1 2 2.266843e-14 0.000000e+00
154 166 8.249656e-04 1.038570e-03 1 1 1 2 1.305885e-14 0.000000e+00
154 167 8.249656e-04 1.307482e-03 1 1 1 2 4.903909e-15 0.000000e+00
154 168 8.249656e-04 1.646023e-03 1 1 1 2 1.736384e-15 0.000000e+00
154 169 8.249656e-04 2.072220e-03 1 1 1 2 5.918645e-16 0.000000e+00
154 170 8.249656e-04 2.608770e-03 1 1 1 2 1.958390e-16 0.000000e+00
154 171 8.249656e-04 3.284247e-03 1 1 1 2 6.331858e-17 0.000000e+00
154 172 8.249656e-04 4.134622e-03 1 1 1 2 2.018217e-17 0.000000e+00
154 173 8.249656e-04 5.205181e-03 1 1 1 2 6.376125e-18 0.000000e+00
154 174 8.249656e-04 6.552935e-03 1 1 1 2 2.051516e-18 0.000000e+00
154 175 8.249656e-04 8.249656e-03 1 1 1 2 6.582533e-19 0.000000e+00
155 165 1.038570e-03 8.249656e-04 1 1 1 2 1.305885e-14 0.000000e+00
155 166 1.038570e-03 1.038570e-03 1 1 1 2 2.258755e-14 0.000000e+00
155 167 1.038570e-03 1.307482e-03 1 1 1 2 1.260643e-14 0.000000e+00
155 168 1.038570e-03 1.646023e-03 1 1 1 2 4.514837e-15 0.000000e+00
155 169 1.038570e-03 2.072220e-03 1 1 1 2 1.532219e-15 0.000000e+00
155 170 1.038570e-03 2.608770e-03 1 1 1 2 5.033703e-16 0.000000e+00
155 171 1.038570e-03 3.284247e-03 1 1 1 2 1.616632e-16 0.000000e+00
155 172 1.038570e-03 4.134622e-03 1 1 1 2 5.123135e-17 0.000000e+00
155 173 1.038570e-03 5.205181e-03 1 1 1 2 1.620785e-17 0.000000e+00
155 174 1.038570e-03 6.552935e-03 1 1 1 2 5.147166e-18 0.000000e+00
155 175 1.038570e-03 8.249656e-03 1 1 1 2 1.679211e-18 0.000000e+00
156 165 1.307482e-03 8.249656e-04 1 1 1 2 4.903909e-15 0.000000e+00
156 166 1.307482e-03 1.038570e-03 1 1 1 2 1.260643e-14 0.000000e+00
156 167 1.307482e-03 1.307482e-03 1 1 1 2 2.210387e-14 0.000000e+00
156 168 1.307482e-03 1.646023e-03 1 1 1 2 1.189247e-14 0.000000e+00
156 169 1.307482e-03 2.072220e-03 1 1 1 2 4.041072e-15 0.000000e+00
156 170 1.307482e-03 2.608770e-03 1 1 1 2 1.313158e-15 0.000000e+00
156 171 1.307482e-03 3.284247e-03 1 1 1 2 4.172292e-16 0.000000e+00
156 172 1.307482e-03 4.134622e-03 1 1 1 2 1.310363e-16 0.000000e+00
156 173 1.307482e-03 5.205181e-03 1 1 1 2 4.115655e-17 0.000000e+00
156 174 1.307482e-03 6.552935e-03 1 1 1 2 1.306115e-17 0.000000e+00
156 175 1.307482e-03 8.249656e-03 1 1 1 2 4.279020e-18 0.000000e+00
157 165 1.646023e-03 8.249656e-04 1 1 1 2 1.736384e-15 0.000000e+00
157 166 1.646023e-03 1.038570e-03 1 1 1 2 4.514837e-15 0.000000e+00
157 167 1.646023e-03 1.307482e-03 1 1 1 2 1.189247e-14 0.000000e+00
157 168 1.646023e-03 1.646023e-03 1 1 1 2 2.121626e-14 0.000000e+00
157 169 1.646023e-03 2.072220e-03 1 1 1 2 1.094782e-14 0.000000e+00
157 170 1.646023e-03 2.608770e-03 1 1 1 2 3.515691e-15 0.000000e+00
157 171 1.646023e-03 3.284247e-03 1 1 1 2 1.096518e-15 0.000000e+00
157 172 1.646023e-03 4.134622e-03 1 1 1 2 3.392457e-16 0.000000e+00
157 173 1.646023e-03 5.205181e-03 1 1 1 2 1.053726e-16 0.000000e+00
157 174 1.646023e-03 6.552935e-03 1 1 1 2 3.316152e-17 0.000000e+00
157 175 1.646023e-03 8.249656e-03 1 1 1 2 1.074767e-17 0.000000e+00
158 165 2.072220e-03 8.249656e-04 1 1 1 2 5.918645e-16 0.000000e+00
158 166 2.072220e-03 1.038570e-03 1 1 1 2 1.532219e-15 0.000000e+00
158 167 2.072220e-03 1.307482e-03 1 1 1 2 4.041072e-15 0.000000e+00
158 168 2.072220e-03 1.646023e-03 1 1 1 2 1.094782e-14 0.000000e+00
158 169 2.072220e-03 2.072220e-03 1 1 1 2 1.995250e-14 0.000000e+00
158 170 2.072220e-03 2.608770e-03 1 1 1 2 9.830461e-15 0.000000e+00
158 171 2.072220e-03 3.284247e-03 1 1 1 2 2.978982e-15 0.000000e+00
158 172 2.072220e-03 4.134622e-03 1 1 1 2 8.969749e-16 0.000000e+00
158 173 2.072220e-03 5.205181e-03 1 1 1 2 2.731713e-16 0.000000e+00
158 174 2.072220e-03 6.552935e-03 1 1 1 2 8.490997e-17 0.000000e+00
158 175 2.072220e-03 8.249656e-03 1 1 1 2 2.731577e-17 0.000000e+00
159 165 2.608770e-03 8.249656e-04 1 1 1 2 1.958390e-16 0.000000e+00
159 166 2.608770e-03 1.038570e-03 1 1 1 2 5.033703e-16 0.000000e+00
159 167 2.608770e-03 1.307482e-03 1 1 1 2 1.313158e-15 0.000000e+00
159 168 2.608770e-03 1.646023e-03 1 1 1 2 3.515691e-15 0.000000e+00
159 169 2.608770e-03 2.072220e-03 1 1 1 2 9.830461e-15 0.000000e+00
159 170 2.608770e-03 2.608770e-03 1 1 1 2 1.837949e-14 0.000000e+00
159 171 2.608770e-03 3.284247e-03 1 1 1 2 8.616284e-15 0.000000e+00
159 172 2.608770e-03 4.134622e-03 1 1 1 2 2.468453e-15 0.000000e+00
159 173 2.608770e-03 5.205181e-03 1 1 1 2 7.248155e-16 0.000000e+00
159 174 2.608770e-03 6.552935e-03 1 1 1 2 2.201961e-16 0.000000e+00
159 175 2.608770e-03 8.249656e-03 1 1 1 2 6.972193e-17 0.000000e+00
160 165 3.284247e-03 8.249656e-04 1 1 1 2 6.331858e-17 0.000000e+00
160 166 3.284247e-03 1.038570e-03 1 1 1 2 1.616632e-16 0.000000e+00
160 167 3.284247e-03 1.307482e-03 1 1 1 2 4.172292e-16 0.000000e+00
160 168 3.284247e-03 1.646023e-03 1 1 1 2 1.096518e-15 0.000000e+00
160 169 3.284247e-03 2.072220e-03 1 1 1 2 2.978982e-15 0.000000e+00
160 170 3.284247e-03 2.608770e-03 1 1 1 2 8.616284e-15 0.000000e+00
160 171 3.284247e-03 3.284247e-03 1 1 1 2 1.659111e-14 0.000000e+00
160 172 3.284247e-03 4.134622e-03 1 1 1 2 7.386912e-15 0.000000e+00
160 173 3.284247e-03 5.205181e-03 1 1 1 2 2.013310e-15 0.000000e+00
160 174 3.284247e-03 6.552935e-03 1 1 1 2 5.846462e-16 0.000000e+00
160 175 3.284247e-03 8.249656e-03 1 1 1 2 1.802216e-16 0.000000e+00
161 165 4.134622e-03 8.249656e-04 1 1 1 2 2.018217e-17 0.000000e+00
161 166 4.134622e-03 1.038570e-03 1 1 1 2 5.123135e-17 0.000000e+00
161 167 4.134622e-03 1.307482e-03 1 1 1 2 1.310363e-16 0.000000e+00
161 168 4.134622e-03 1.646023e-03 1 1 1 2 3.392457e-16 0.000000e+00
161 169 4.134622e-03 2.072220e-03 1 1 1 2 8.969749e-16 0.000000e+00
161 170 4.134622e-03 2.608770e-03 1 1 1 2 2.468453e-15 0.000000e+00
161 171 4.134622e-03 3.284247e-03 1 1 1 2 7.386912e-15 0.000000e+00
161 172 4.134622e-03 4.134622e-03 1 1 1 2 1.469562e-14 0.000000e+00
161 173 4.134622e-03 5.205181e-03 1 1 1 2 6.216509e-15 0.000000e+00
161 174 4.134622e-03 6.552935e-03 1 1 1 2 1.630788e-15 0.000000e+00
161 175 4.134622e-03 8.249656e-03 1 1 1 2 4.768069e-16 0.000000e+00
162 165 5.205181e-03 8.249656e-04 1 1 1 2 6.376125e-18 0.000000e+00
162 166 5.205181e-03 1.038570e-03 1 1 1 2 1.620785e-17 0.000000e+00
162 167 5.205181e-03 1.307482e-03 1 1 1 2 4.115655e-17 0.000000e+00
162 168 5.205181e-03 1.646023e-03 1 1 1 2 1.053726e-16 0.000000e+00
162 169 5.205181e-03 2.072220e-03 1 1 1 2 2.731713e-16 0.000000e+00
162 170 5.205181e-03 2.608770e-03 1 1 1 2 7.248155e-16 0.000000e+00
162 171 5.205181e-03 3.284247e-03 1 1 1 2 2.013310e-15 0.000000e+00
162 172 5.205181e-03 4.134622e-03 1 1 1 2 6.216509e-15 0.000000e+00
162 173 5.205181e-03 5.205181e-03 1 1 1 2 1.279969e-14 0.000000e+00
162 174 5.205181e-03 6.552935e-03 1 1 1 2 5.162541e-15 0.000000e+00
162 175 5.205181e-03 8.249656e-03 1 1 1 2 1.326513e-15 0.000000e+00
163 165 6.552935e-03 8.249656e-04 1 1 1 2 2.051516e-18 0.000000e+00
163 166 6.552935e-03 1.038570e-03 1 1 1 2 5.147166e-18 0.000000e+00
163 167 6.552935e-03 1.307482e-03 1 1 1 2 1.306115e-17 0.000000e+00
163 168 6.552935e-03 1.646023e-03 1 1 1 2 3.316152e-17 0.000000e+00
163 169 6.552935e-03 2.072220e-03 1 1 1 2 8.490997e-17 0.000000e+00
163 170 6.552935e-03 2.608770e-03 1 1 1 2 2.201961e-16 0.000000e+00
163 171 6.552935e-03 3.284247e-03 1 1 1 2 5.846462e-16 0.000000e+00
163 172 6.552935e-03 4.134622e-03 1 1 1 2 1.630788e-15 0.000000e+00
163 173 6.552935e-03 5.205181e-03 1 1 1 2 5.162541e-15 0.000000e+00
163 174 6.552935e-03 6.552935e-03 1 1 1 2 1.099626e-14 0.000000e+00
163 175 6.552935e-03 8.249656e-03 1 1 1 2 4.260184e-15 0.000000e+00
164 165 8.249656e-03 8.249656e-04 1 1 1 2 6.582533e-19 0.000000e+00
164 166 8.249656e-03 1.038570e-03 1 1 1 2 1.679211e-18 0.000000e+00
164 167 8.249656e-03 1.307482e-03 1 1 1 2 4.279020e-18 0.000000e+00
164 168 8.249656e-03 1.646023e-03 1 1 1 2 1.074767e-17 0.000000e+00
164 169 8.249656e-03 2.072220e-03 1 1 1 2 2.731577e-17 0.000000e+00
164 170 8.249656e-03 2.608770e-03 1 1 1 2 6.972193e-17 0.000000e+00
164 171 8.249656e-03 3.284247e-03 1 1 1 2 1.802216e-16 0.000000e+00
164 172 8.249656e-03 4.134622e-03 1 1 1 2 4.768069e-16 0.000000e+00
164 173 8.249656e-03 5.205181e-03 1 1 1 2 1.326513e-15 0.000000e+00
164 174 8.249656e-03 6.552935e-03 1 1 1 2 4.260184e-15 0.000000e+00
164 175 8.249656e-03 8.249656e-03 1 1 1 2 9.355582e-15 0.000000e+00
