# Please cite the following papers in research using this covariance:
# arXiv: 1601.05779, https://arxiv.org/abs/1601.05779
# arXiv: 1911.11947, https://arxiv.org/abs/1911.11947
# arXiv: 2004.04833, https://arxiv.org/abs/2004.04833
# arXiv: 1804.10663, https://arxiv.org/abs/1804.10663
########################################################
44 209 8.249656e-04 8.249656e-04 1 1 3 3 -3.153172e-17 0.000000e+00
44 210 8.249656e-04 1.038570e-03 1 1 3 3 -3.986421e-17 0.000000e+00
44 211 8.249656e-04 1.307482e-03 1 1 3 3 3.553128e-17 0.000000e+00
44 212 8.249656e-04 1.646023e-03 1 1 3 3 2.274947e-16 0.000000e+00
44 213 8.249656e-04 2.072220e-03 1 1 3 3 5.135803e-16 0.000000e+00
44 214 8.249656e-04 2.608770e-03 1 1 3 3 8.500492e-16 0.000000e+00
44 215 8.249656e-04 3.284247e-03 1 1 3 3 1.193501e-15 0.000000e+00
44 216 8.249656e-04 4.134622e-03 1 1 3 3 1.513125e-15 0.000000e+00
44 217 8.249656e-04 5.205181e-03 1 1 3 3 1.795654e-15 0.000000e+00
44 218 8.249656e-04 6.552935e-03 1 1 3 3 2.045507e-15 0.000000e+00
44 219 8.249656e-04 8.249656e-03 1 1 3 3 2.281687e-15 0.000000e+00
45 209 1.038570e-03 8.249656e-04 1 1 3 3 -2.013739e-17 0.000000e+00
45 210 1.038570e-03 1.038570e-03 1 1 3 3 -5.182358e-17 0.000000e+00
45 211 1.038570e-03 1.307482e-03 1 1 3 3 -7.232196e-17 0.000000e+00
45 212 1.038570e-03 1.646023e-03 1 1 3 3 2.267062e-17 0.000000e+00
45 213 1.038570e-03 2.072220e-03 1 1 3 3 2.665612e-16 0.000000e+00
45 214 1.038570e-03 2.608770e-03 1 1 3 3 6.117537e-16 0.000000e+00
45 215 1.038570e-03 3.284247e-03 1 1 3 3 9.924750e-16 0.000000e+00
45 216 1.038570e-03 4.134622e-03 1 1 3 3 1.357931e-15 0.000000e+00
45 217 1.038570e-03 5.205181e-03 1 1 3 3 1.682788e-15 0.000000e+00
45 218 1.038570e-03 6.552935e-03 1 1 3 3 1.966450e-15 0.000000e+00
45 219 1.038570e-03 8.249656e-03 1 1 3 3 2.227314e-15 0.000000e+00
46 209 1.307482e-03 8.249656e-04 1 1 3 3 -1.002881e-17 0.000000e+00
46 210 1.307482e-03 1.038570e-03 1 1 3 3 -2.900358e-17 0.000000e+00
46 211 1.307482e-03 1.307482e-03 1 1 3 3 -7.727072e-17 0.000000e+00
46 212 1.307482e-03 1.646023e-03 1 1 3 3 -1.167904e-16 0.000000e+00
46 213 1.307482e-03 2.072220e-03 1 1 3 3 6.303580e-19 0.000000e+00
46 214 1.307482e-03 2.608770e-03 1 1 3 3 3.029321e-16 0.000000e+00
46 215 1.307482e-03 3.284247e-03 1 1 3 3 7.073652e-16 0.000000e+00
46 216 1.307482e-03 4.134622e-03 1 1 3 3 1.127058e-15 0.000000e+00
46 217 1.307482e-03 5.205181e-03 1 1 3 3 1.510393e-15 0.000000e+00
46 218 1.307482e-03 6.552935e-03 1 1 3 3 1.843874e-15 0.000000e+00
46 219 1.307482e-03 8.249656e-03 1 1 3 3 2.142281e-15 0.000000e+00
47 209 1.646023e-03 8.249656e-04 1 1 3 3 -4.208226e-18 0.000000e+00
47 210 1.646023e-03 1.038570e-03 1 1 3 3 -1.293152e-17 0.000000e+00
47 211 1.646023e-03 1.307482e-03 1 1 3 3 -3.726977e-17 0.000000e+00
47 212 1.646023e-03 1.646023e-03 1 1 3 3 -1.070444e-16 0.000000e+00
47 213 1.646023e-03 2.072220e-03 1 1 3 3 -1.726871e-16 0.000000e+00
47 214 1.646023e-03 2.608770e-03 1 1 3 3 -2.902321e-17 0.000000e+00
47 215 1.646023e-03 3.284247e-03 1 1 3 3 3.365008e-16 0.000000e+00
47 216 1.646023e-03 4.134622e-03 1 1 3 3 7.984974e-16 0.000000e+00
47 217 1.646023e-03 5.205181e-03 1 1 3 3 1.253358e-15 0.000000e+00
47 218 1.646023e-03 6.552935e-03 1 1 3 3 1.656422e-15 0.000000e+00
47 219 1.646023e-03 8.249656e-03 1 1 3 3 2.010376e-15 0.000000e+00
48 209 2.072220e-03 8.249656e-04 1 1 3 3 -1.372136e-18 0.000000e+00
48 210 2.072220e-03 1.038570e-03 1 1 3 3 -5.063126e-18 0.000000e+00
48 211 2.072220e-03 1.307482e-03 1 1 3 3 -1.425821e-17 0.000000e+00
48 212 2.072220e-03 1.646023e-03 1 1 3 3 -4.383178e-17 0.000000e+00
48 213 2.072220e-03 2.072220e-03 1 1 3 3 -1.387986e-16 0.000000e+00
48 214 2.072220e-03 2.608770e-03 1 1 3 3 -2.368558e-16 0.000000e+00
48 215 2.072220e-03 3.284247e-03 1 1 3 3 -6.286498e-17 0.000000e+00
48 216 2.072220e-03 4.134622e-03 1 1 3 3 3.689767e-16 0.000000e+00
48 217 2.072220e-03 5.205181e-03 1 1 3 3 8.862495e-16 0.000000e+00
48 218 2.072220e-03 6.552935e-03 1 1 3 3 1.376387e-15 0.000000e+00
48 219 2.072220e-03 8.249656e-03 1 1 3 3 1.808496e-15 0.000000e+00
49 209 2.608770e-03 8.249656e-04 1 1 3 3 -1.721928e-19 0.000000e+00
49 210 2.608770e-03 1.038570e-03 1 1 3 3 -1.775202e-18 0.000000e+00
49 211 2.608770e-03 1.307482e-03 1 1 3 3 -4.761546e-18 0.000000e+00
49 212 2.608770e-03 1.646023e-03 1 1 3 3 -1.404537e-17 0.000000e+00
49 213 2.608770e-03 2.072220e-03 1 1 3 3 -4.735640e-17 0.000000e+00
49 214 2.608770e-03 2.608770e-03 1 1 3 3 -1.690003e-16 0.000000e+00
49 215 2.608770e-03 3.284247e-03 1 1 3 3 -3.047253e-16 0.000000e+00
49 216 2.608770e-03 4.134622e-03 1 1 3 3 -9.591290e-17 0.000000e+00
49 217 2.608770e-03 5.205181e-03 1 1 3 3 4.035919e-16 0.000000e+00
49 218 2.608770e-03 6.552935e-03 1 1 3 3 9.751057e-16 0.000000e+00
49 219 2.608770e-03 8.249656e-03 1 1 3 3 1.506490e-15 0.000000e+00
50 209 3.284247e-03 8.249656e-04 1 1 3 3 2.673934e-19 0.000000e+00
50 210 3.284247e-03 1.038570e-03 1 1 3 3 -5.869754e-19 0.000000e+00
50 211 3.284247e-03 1.307482e-03 1 1 3 3 -1.405036e-18 0.000000e+00
50 212 3.284247e-03 1.646023e-03 1 1 3 3 -3.849602e-18 0.000000e+00
50 213 3.284247e-03 2.072220e-03 1 1 3 3 -1.245683e-17 0.000000e+00
50 214 3.284247e-03 2.608770e-03 1 1 3 3 -4.669590e-17 0.000000e+00
50 215 3.284247e-03 3.284247e-03 1 1 3 3 -1.946017e-16 0.000000e+00
50 216 3.284247e-03 4.134622e-03 1 1 3 3 -3.710185e-16 0.000000e+00
50 217 3.284247e-03 5.205181e-03 1 1 3 3 -1.229002e-16 0.000000e+00
50 218 3.284247e-03 6.552935e-03 1 1 3 3 4.445277e-16 0.000000e+00
50 219 3.284247e-03 8.249656e-03 1 1 3 3 1.072647e-15 0.000000e+00
51 209 4.134622e-03 8.249656e-04 1 1 3 3 4.047882e-19 0.000000e+00
51 210 4.134622e-03 1.038570e-03 1 1 3 3 -2.200892e-19 0.000000e+00
51 211 4.134622e-03 1.307482e-03 1 1 3 3 -3.900474e-19 0.000000e+00
51 212 4.134622e-03 1.646023e-03 1 1 3 3 -8.691477e-19 0.000000e+00
51 213 4.134622e-03 2.072220e-03 1 1 3 3 -2.798801e-18 0.000000e+00
51 214 4.134622e-03 2.608770e-03 1 1 3 3 -9.715003e-18 0.000000e+00
51 215 4.134622e-03 3.284247e-03 1 1 3 3 -4.210176e-17 0.000000e+00
51 216 4.134622e-03 4.134622e-03 1 1 3 3 -2.136760e-16 0.000000e+00
51 217 4.134622e-03 5.205181e-03 1 1 3 3 -4.311984e-16 0.000000e+00
51 218 4.134622e-03 6.552935e-03 1 1 3 3 -1.396953e-16 0.000000e+00
51 219 4.134622e-03 8.249656e-03 1 1 3 3 4.963058e-16 0.000000e+00
52 209 5.205181e-03 8.249656e-04 1 1 3 3 4.398945e-19 0.000000e+00
52 210 5.205181e-03 1.038570e-03 1 1 3 3 -1.267571e-19 0.000000e+00
52 211 5.205181e-03 1.307482e-03 1 1 3 3 -1.356401e-19 0.000000e+00
52 212 5.205181e-03 1.646023e-03 1 1 3 3 -1.404781e-19 0.000000e+00
52 213 5.205181e-03 2.072220e-03 1 1 3 3 -5.406182e-19 0.000000e+00
52 214 5.205181e-03 2.608770e-03 1 1 3 3 -1.737622e-18 0.000000e+00
52 215 5.205181e-03 3.284247e-03 1 1 3 3 -6.722107e-18 0.000000e+00
52 216 5.205181e-03 4.134622e-03 1 1 3 3 -3.497109e-17 0.000000e+00
52 217 5.205181e-03 5.205181e-03 1 1 3 3 -2.262356e-16 0.000000e+00
52 218 5.205181e-03 6.552935e-03 1 1 3 3 -4.827718e-16 0.000000e+00
52 219 5.205181e-03 8.249656e-03 1 1 3 3 -1.443347e-16 0.000000e+00
53 209 6.552935e-03 8.249656e-04 1 1 3 3 4.463503e-19 0.000000e+00
53 210 6.552935e-03 1.038570e-03 1 1 3 3 -1.090231e-19 0.000000e+00
53 211 6.552935e-03 1.307482e-03 1 1 3 3 -8.754499e-20 0.000000e+00
53 212 6.552935e-03 1.646023e-03 1 1 3 3 -3.945091e-21 0.000000e+00
53 213 6.552935e-03 2.072220e-03 1 1 3 3 -1.256381e-19 0.000000e+00
53 214 6.552935e-03 2.608770e-03 1 1 3 3 -3.358331e-19 0.000000e+00
53 215 6.552935e-03 3.284247e-03 1 1 3 3 -1.096851e-18 0.000000e+00
53 216 6.552935e-03 4.134622e-03 1 1 3 3 -4.468779e-18 0.000000e+00
53 217 6.552935e-03 5.205181e-03 1 1 3 3 -2.759410e-17 0.000000e+00
53 218 6.552935e-03 6.552935e-03 1 1 3 3 -2.344191e-16 0.000000e+00
53 219 6.552935e-03 8.249656e-03 1 1 3 3 -5.261569e-16 0.000000e+00
54 209 8.249656e-03 8.249656e-04 1 1 3 3 4.470234e-19 0.000000e+00
54 210 8.249656e-03 1.038570e-03 1 1 3 3 -1.062152e-19 0.000000e+00
54 211 8.249656e-03 1.307482e-03 1 1 3 3 -8.042881e-20 0.000000e+00
54 212 8.249656e-03 1.646023e-03 1 1 3 3 1.535798e-20 0.000000e+00
54 213 8.249656e-03 2.072220e-03 1 1 3 3 -6.889545e-20 0.000000e+00
54 214 8.249656e-03 2.608770e-03 1 1 3 3 -1.518950e-19 0.000000e+00
54 215 8.249656e-03 3.284247e-03 1 1 3 3 -3.990674e-19 0.000000e+00
54 216 8.249656e-03 4.134622e-03 1 1 3 3 -1.124538e-18 0.000000e+00
54 217 8.249656e-03 5.205181e-03 1 1 3 3 -3.804965e-18 0.000000e+00
54 218 8.249656e-03 6.552935e-03 1 1 3 3 -2.262661e-17 0.000000e+00
54 219 8.249656e-03 8.249656e-03 1 1 3 3 -2.422292e-16 0.000000e+00
