# Please cite the following papers in research using this covariance:
# arXiv: 1601.05779, https://arxiv.org/abs/1601.05779
# arXiv: 1911.11947, https://arxiv.org/abs/1911.11947
# arXiv: 2004.04833, https://arxiv.org/abs/2004.04833
# arXiv: 1804.10663, https://arxiv.org/abs/1804.10663
########################################################
11 121 8.249656e-04 8.249656e-04 0 1 0 1 -2.520630e-15 0.000000e+00
11 122 8.249656e-04 1.038570e-03 0 1 0 1 -6.964373e-15 0.000000e+00
11 123 8.249656e-04 1.307482e-03 0 1 0 1 -3.113598e-15 0.000000e+00
11 124 8.249656e-04 1.646023e-03 0 1 0 1 3.348140e-15 0.000000e+00
11 125 8.249656e-04 2.072220e-03 0 1 0 1 8.422323e-15 0.000000e+00
11 126 8.249656e-04 2.608770e-03 0 1 0 1 1.130160e-14 0.000000e+00
11 127 8.249656e-04 3.284247e-03 0 1 0 1 1.231789e-14 0.000000e+00
11 128 8.249656e-04 4.134622e-03 0 1 0 1 1.206499e-14 0.000000e+00
11 129 8.249656e-04 5.205181e-03 0 1 0 1 1.108415e-14 0.000000e+00
11 130 8.249656e-04 6.552935e-03 0 1 0 1 9.779365e-15 0.000000e+00
11 131 8.249656e-04 8.249656e-03 0 1 0 1 8.417434e-15 0.000000e+00
12 121 1.038570e-03 8.249656e-04 0 1 0 1 -1.947287e-17 0.000000e+00
12 122 1.038570e-03 1.038570e-03 0 1 0 1 -2.444889e-15 0.000000e+00
12 123 1.038570e-03 1.307482e-03 0 1 0 1 -7.015152e-15 0.000000e+00
12 124 1.038570e-03 1.646023e-03 0 1 0 1 -3.179861e-15 0.000000e+00
12 125 1.038570e-03 2.072220e-03 0 1 0 1 3.029997e-15 0.000000e+00
12 126 1.038570e-03 2.608770e-03 0 1 0 1 7.665067e-15 0.000000e+00
12 127 1.038570e-03 3.284247e-03 0 1 0 1 1.009925e-14 0.000000e+00
12 128 1.038570e-03 4.134622e-03 0 1 0 1 1.079087e-14 0.000000e+00
12 129 1.038570e-03 5.205181e-03 0 1 0 1 1.038095e-14 0.000000e+00
12 130 1.038570e-03 6.552935e-03 0 1 0 1 9.401243e-15 0.000000e+00
12 131 1.038570e-03 8.249656e-03 0 1 0 1 8.217157e-15 0.000000e+00
13 121 1.307482e-03 8.249656e-04 0 1 0 1 4.552802e-17 0.000000e+00
13 122 1.307482e-03 1.038570e-03 0 1 0 1 6.431726e-17 0.000000e+00
13 123 1.307482e-03 1.307482e-03 0 1 0 1 -2.308756e-15 0.000000e+00
13 124 1.307482e-03 1.646023e-03 0 1 0 1 -6.939702e-15 0.000000e+00
13 125 1.307482e-03 2.072220e-03 0 1 0 1 -3.163029e-15 0.000000e+00
13 126 1.307482e-03 2.608770e-03 0 1 0 1 2.698582e-15 0.000000e+00
13 127 1.307482e-03 3.284247e-03 0 1 0 1 6.844477e-15 0.000000e+00
13 128 1.307482e-03 4.134622e-03 0 1 0 1 8.855440e-15 0.000000e+00
13 129 1.307482e-03 5.205181e-03 0 1 0 1 9.292998e-15 0.000000e+00
13 130 1.307482e-03 6.552935e-03 0 1 0 1 8.810357e-15 0.000000e+00
13 131 1.307482e-03 8.249656e-03 0 1 0 1 7.902439e-15 0.000000e+00
14 121 1.646023e-03 8.249656e-04 0 1 0 1 2.862289e-17 0.000000e+00
14 122 1.646023e-03 1.038570e-03 0 1 0 1 7.241577e-17 0.000000e+00
14 123 1.646023e-03 1.307482e-03 0 1 0 1 1.559802e-16 0.000000e+00
14 124 1.646023e-03 1.646023e-03 0 1 0 1 -2.112953e-15 0.000000e+00
14 125 1.646023e-03 2.072220e-03 0 1 0 1 -6.729572e-15 0.000000e+00
14 126 1.646023e-03 2.608770e-03 0 1 0 1 -3.057789e-15 0.000000e+00
14 127 1.646023e-03 3.284247e-03 0 1 0 1 2.371311e-15 0.000000e+00
14 128 1.646023e-03 4.134622e-03 0 1 0 1 6.005238e-15 0.000000e+00
14 129 1.646023e-03 5.205181e-03 0 1 0 1 7.636825e-15 0.000000e+00
14 130 1.646023e-03 6.552935e-03 0 1 0 1 7.895149e-15 0.000000e+00
14 131 1.646023e-03 8.249656e-03 0 1 0 1 7.410364e-15 0.000000e+00
15 121 2.072220e-03 8.249656e-04 0 1 0 1 1.377718e-17 0.000000e+00
15 122 2.072220e-03 1.038570e-03 0 1 0 1 3.594650e-17 0.000000e+00
15 123 2.072220e-03 1.307482e-03 0 1 0 1 9.661019e-17 0.000000e+00
15 124 2.072220e-03 1.646023e-03 0 1 0 1 2.460076e-16 0.000000e+00
15 125 2.072220e-03 2.072220e-03 0 1 0 1 -1.869090e-15 0.000000e+00
15 126 2.072220e-03 2.608770e-03 0 1 0 1 -6.388682e-15 0.000000e+00
15 127 2.072220e-03 3.284247e-03 0 1 0 1 -2.869444e-15 0.000000e+00
15 128 2.072220e-03 4.134622e-03 0 1 0 1 2.061995e-15 0.000000e+00
15 129 2.072220e-03 5.205181e-03 0 1 0 1 5.188901e-15 0.000000e+00
15 130 2.072220e-03 6.552935e-03 0 1 0 1 6.499369e-15 0.000000e+00
15 131 2.072220e-03 8.249656e-03 0 1 0 1 6.647687e-15 0.000000e+00
16 121 2.608770e-03 8.249656e-04 0 1 0 1 5.952229e-18 0.000000e+00
16 122 2.608770e-03 1.038570e-03 0 1 0 1 1.505111e-17 0.000000e+00
16 123 2.608770e-03 1.307482e-03 0 1 0 1 4.063049e-17 0.000000e+00
16 124 2.608770e-03 1.646023e-03 0 1 0 1 1.139057e-16 0.000000e+00
16 125 2.608770e-03 2.072220e-03 0 1 0 1 3.240128e-16 0.000000e+00
16 126 2.608770e-03 2.608770e-03 0 1 0 1 -1.594486e-15 0.000000e+00
16 127 2.608770e-03 3.284247e-03 0 1 0 1 -5.934299e-15 0.000000e+00
16 128 2.608770e-03 4.134622e-03 0 1 0 1 -2.613727e-15 0.000000e+00
16 129 2.608770e-03 5.205181e-03 0 1 0 1 1.779931e-15 0.000000e+00
16 130 2.608770e-03 6.552935e-03 0 1 0 1 4.429682e-15 0.000000e+00
16 131 2.608770e-03 8.249656e-03 0 1 0 1 5.482965e-15 0.000000e+00
17 121 3.284247e-03 8.249656e-04 0 1 0 1 2.419104e-18 0.000000e+00
17 122 3.284247e-03 1.038570e-03 0 1 0 1 5.702959e-18 0.000000e+00
17 123 3.284247e-03 1.307482e-03 0 1 0 1 1.522312e-17 0.000000e+00
17 124 3.284247e-03 1.646023e-03 0 1 0 1 4.195391e-17 0.000000e+00
17 125 3.284247e-03 2.072220e-03 0 1 0 1 1.220681e-16 0.000000e+00
17 126 3.284247e-03 2.608770e-03 0 1 0 1 3.809410e-16 0.000000e+00
17 127 3.284247e-03 3.284247e-03 0 1 0 1 -1.310540e-15 0.000000e+00
17 128 3.284247e-03 4.134622e-03 0 1 0 1 -5.394589e-15 0.000000e+00
17 129 3.284247e-03 5.205181e-03 0 1 0 1 -2.313510e-15 0.000000e+00
17 130 3.284247e-03 6.552935e-03 0 1 0 1 1.530180e-15 0.000000e+00
17 131 3.284247e-03 8.249656e-03 0 1 0 1 3.751709e-15 0.000000e+00
18 121 4.134622e-03 8.249656e-04 0 1 0 1 1.004829e-18 0.000000e+00
18 122 4.134622e-03 1.038570e-03 0 1 0 1 1.999137e-18 0.000000e+00
18 123 4.134622e-03 1.307482e-03 0 1 0 1 5.280776e-18 0.000000e+00
18 124 4.134622e-03 1.646023e-03 0 1 0 1 1.427967e-17 0.000000e+00
18 125 4.134622e-03 2.072220e-03 0 1 0 1 3.997918e-17 0.000000e+00
18 126 4.134622e-03 2.608770e-03 0 1 0 1 1.207456e-16 0.000000e+00
18 127 4.134622e-03 3.284247e-03 0 1 0 1 4.110109e-16 0.000000e+00
18 128 4.134622e-03 4.134622e-03 0 1 0 1 -1.038424e-15 0.000000e+00
18 129 4.134622e-03 5.205181e-03 0 1 0 1 -4.804155e-15 0.000000e+00
18 130 4.134622e-03 6.552935e-03 0 1 0 1 -1.994558e-15 0.000000e+00
18 131 4.134622e-03 8.249656e-03 0 1 0 1 1.314615e-15 0.000000e+00
19 121 5.205181e-03 8.249656e-04 0 1 0 1 4.618019e-19 0.000000e+00
19 122 5.205181e-03 1.038570e-03 0 1 0 1 6.393067e-19 0.000000e+00
19 123 5.205181e-03 1.307482e-03 0 1 0 1 1.710402e-18 0.000000e+00
19 124 5.205181e-03 1.646023e-03 0 1 0 1 4.614074e-18 0.000000e+00
19 125 5.205181e-03 2.072220e-03 0 1 0 1 1.246125e-17 0.000000e+00
19 126 5.205181e-03 2.608770e-03 0 1 0 1 3.557644e-17 0.000000e+00
19 127 5.205181e-03 3.284247e-03 0 1 0 1 1.113467e-16 0.000000e+00
19 128 5.205181e-03 4.134622e-03 0 1 0 1 4.130827e-16 0.000000e+00
19 129 5.205181e-03 5.205181e-03 0 1 0 1 -7.957569e-16 0.000000e+00
19 130 5.205181e-03 6.552935e-03 0 1 0 1 -4.198929e-15 0.000000e+00
19 131 5.205181e-03 8.249656e-03 0 1 0 1 -1.680640e-15 0.000000e+00
20 121 6.552935e-03 8.249656e-04 0 1 0 1 2.932554e-19 0.000000e+00
20 122 6.552935e-03 1.038570e-03 0 1 0 1 1.677092e-19 0.000000e+00
20 123 6.552935e-03 1.307482e-03 0 1 0 1 5.107126e-19 0.000000e+00
20 124 6.552935e-03 1.646023e-03 0 1 0 1 1.413796e-18 0.000000e+00
20 125 6.552935e-03 2.072220e-03 0 1 0 1 3.713453e-18 0.000000e+00
20 126 6.552935e-03 2.608770e-03 0 1 0 1 1.020871e-17 0.000000e+00
20 127 6.552935e-03 3.284247e-03 0 1 0 1 2.970426e-17 0.000000e+00
20 128 6.552935e-03 4.134622e-03 0 1 0 1 9.636361e-17 0.000000e+00
20 129 6.552935e-03 5.205181e-03 0 1 0 1 3.904774e-16 0.000000e+00
20 130 6.552935e-03 6.552935e-03 0 1 0 1 -5.938659e-16 0.000000e+00
20 131 6.552935e-03 8.249656e-03 0 1 0 1 -3.611472e-15 0.000000e+00
21 121 8.249656e-03 8.249656e-04 0 1 0 1 2.267518e-19 0.000000e+00
21 122 8.249656e-03 1.038570e-03 0 1 0 1 2.211930e-20 0.000000e+00
21 123 8.249656e-03 1.307482e-03 0 1 0 1 1.373680e-19 0.000000e+00
21 124 8.249656e-03 1.646023e-03 0 1 0 1 4.266127e-19 0.000000e+00
21 125 8.249656e-03 2.072220e-03 0 1 0 1 1.087765e-18 0.000000e+00
21 126 8.249656e-03 2.608770e-03 0 1 0 1 2.880265e-18 0.000000e+00
21 127 8.249656e-03 3.284247e-03 0 1 0 1 7.951048e-18 0.000000e+00
21 128 8.249656e-03 4.134622e-03 0 1 0 1 2.348734e-17 0.000000e+00
21 129 8.249656e-03 5.205181e-03 0 1 0 1 7.879816e-17 0.000000e+00
21 130 8.249656e-03 6.552935e-03 0 1 0 1 3.495187e-16 0.000000e+00
21 131 8.249656e-03 8.249656e-03 0 1 0 1 -4.375629e-16 0.000000e+00
