# Please cite the following papers in research using this covariance:
# arXiv: 1601.05779, https://arxiv.org/abs/1601.05779
# arXiv: 1911.11947, https://arxiv.org/abs/1911.11947
# arXiv: 2004.04833, https://arxiv.org/abs/2004.04833
# arXiv: 1804.10663, https://arxiv.org/abs/1804.10663
########################################################
132 198 8.249656e-04 8.249656e-04 0 2 2 3 7.622457e-15 0.000000e+00
132 199 8.249656e-04 1.038570e-03 0 2 2 3 4.318873e-15 0.000000e+00
132 200 8.249656e-04 1.307482e-03 0 2 2 3 1.607284e-15 0.000000e+00
132 201 8.249656e-04 1.646023e-03 0 2 2 3 5.762049e-16 0.000000e+00
132 202 8.249656e-04 2.072220e-03 0 2 2 3 2.023667e-16 0.000000e+00
132 203 8.249656e-04 2.608770e-03 0 2 2 3 7.000523e-17 0.000000e+00
132 204 8.249656e-04 3.284247e-03 0 2 2 3 2.394858e-17 0.000000e+00
132 205 8.249656e-04 4.134622e-03 0 2 2 3 8.161615e-18 0.000000e+00
132 206 8.249656e-04 5.205181e-03 0 2 2 3 2.776953e-18 0.000000e+00
132 207 8.249656e-04 6.552935e-03 0 2 2 3 9.709763e-19 0.000000e+00
132 208 8.249656e-04 8.249656e-03 0 2 2 3 3.408548e-19 0.000000e+00
133 198 1.038570e-03 8.249656e-04 0 2 2 3 4.318873e-15 0.000000e+00
133 199 1.038570e-03 1.038570e-03 0 2 2 3 7.543206e-15 0.000000e+00
133 200 1.038570e-03 1.307482e-03 0 2 2 3 4.157225e-15 0.000000e+00
133 201 1.038570e-03 1.646023e-03 0 2 2 3 1.492932e-15 0.000000e+00
133 202 1.038570e-03 2.072220e-03 0 2 2 3 5.207132e-16 0.000000e+00
133 203 1.038570e-03 2.608770e-03 0 2 2 3 1.788771e-16 0.000000e+00
133 204 1.038570e-03 3.284247e-03 0 2 2 3 6.085339e-17 0.000000e+00
133 205 1.038570e-03 4.134622e-03 0 2 2 3 2.064167e-17 0.000000e+00
133 206 1.038570e-03 5.205181e-03 0 2 2 3 7.035152e-18 0.000000e+00
133 207 1.038570e-03 6.552935e-03 0 2 2 3 2.434907e-18 0.000000e+00
133 208 1.038570e-03 8.249656e-03 0 2 2 3 8.645005e-19 0.000000e+00
134 198 1.307482e-03 8.249656e-04 0 2 2 3 1.607284e-15 0.000000e+00
134 199 1.307482e-03 1.038570e-03 0 2 2 3 4.157225e-15 0.000000e+00
134 200 1.307482e-03 1.307482e-03 0 2 2 3 7.355431e-15 0.000000e+00
134 201 1.307482e-03 1.646023e-03 0 2 2 3 3.933922e-15 0.000000e+00
134 202 1.307482e-03 2.072220e-03 0 2 2 3 1.361416e-15 0.000000e+00
134 203 1.307482e-03 2.608770e-03 0 2 2 3 4.622642e-16 0.000000e+00
134 204 1.307482e-03 3.284247e-03 0 2 2 3 1.558336e-16 0.000000e+00
134 205 1.307482e-03 4.134622e-03 0 2 2 3 5.248581e-17 0.000000e+00
134 206 1.307482e-03 5.205181e-03 0 2 2 3 1.779795e-17 0.000000e+00
134 207 1.307482e-03 6.552935e-03 0 2 2 3 6.154288e-18 0.000000e+00
134 208 1.307482e-03 8.249656e-03 0 2 2 3 2.191244e-18 0.000000e+00
135 198 1.646023e-03 8.249656e-04 0 2 2 3 5.762049e-16 0.000000e+00
135 199 1.646023e-03 1.038570e-03 0 2 2 3 1.492932e-15 0.000000e+00
135 200 1.646023e-03 1.307482e-03 0 2 2 3 3.933922e-15 0.000000e+00
135 201 1.646023e-03 1.646023e-03 0 2 2 3 7.065761e-15 0.000000e+00
135 202 1.646023e-03 2.072220e-03 0 2 2 3 3.658869e-15 0.000000e+00
135 203 1.646023e-03 2.608770e-03 0 2 2 3 1.219528e-15 0.000000e+00
135 204 1.646023e-03 3.284247e-03 0 2 2 3 4.043423e-16 0.000000e+00
135 205 1.646023e-03 4.134622e-03 0 2 2 3 1.345797e-16 0.000000e+00
135 206 1.646023e-03 5.205181e-03 0 2 2 3 4.527406e-17 0.000000e+00
135 207 1.646023e-03 6.552935e-03 0 2 2 3 1.555343e-17 0.000000e+00
135 208 1.646023e-03 8.249656e-03 0 2 2 3 5.503723e-18 0.000000e+00
136 198 2.072220e-03 8.249656e-04 0 2 2 3 2.023667e-16 0.000000e+00
136 199 2.072220e-03 1.038570e-03 0 2 2 3 5.207132e-16 0.000000e+00
136 200 2.072220e-03 1.307482e-03 0 2 2 3 1.361416e-15 0.000000e+00
136 201 2.072220e-03 1.646023e-03 0 2 2 3 3.658869e-15 0.000000e+00
136 202 2.072220e-03 2.072220e-03 0 2 2 3 6.684813e-15 0.000000e+00
136 203 2.072220e-03 2.608770e-03 0 2 2 3 3.346234e-15 0.000000e+00
136 204 2.072220e-03 3.284247e-03 0 2 2 3 1.075548e-15 0.000000e+00
136 205 2.072220e-03 4.134622e-03 0 2 2 3 3.501710e-16 0.000000e+00
136 206 2.072220e-03 5.205181e-03 0 2 2 3 1.161133e-16 0.000000e+00
136 207 2.072220e-03 6.552935e-03 0 2 2 3 3.951510e-17 0.000000e+00
136 208 2.072220e-03 8.249656e-03 0 2 2 3 1.392323e-17 0.000000e+00
137 198 2.608770e-03 8.249656e-04 0 2 2 3 7.000523e-17 0.000000e+00
137 199 2.608770e-03 1.038570e-03 0 2 2 3 1.788771e-16 0.000000e+00
137 200 2.608770e-03 1.307482e-03 0 2 2 3 4.622642e-16 0.000000e+00
137 201 2.608770e-03 1.646023e-03 0 2 2 3 1.219528e-15 0.000000e+00
137 202 2.608770e-03 2.072220e-03 0 2 2 3 3.346234e-15 0.000000e+00
137 203 2.608770e-03 2.608770e-03 0 2 2 3 6.230655e-15 0.000000e+00
137 204 2.608770e-03 3.284247e-03 0 2 2 3 3.013009e-15 0.000000e+00
137 205 2.608770e-03 4.134622e-03 0 2 2 3 9.374861e-16 0.000000e+00
137 206 2.608770e-03 5.205181e-03 0 2 2 3 3.024226e-16 0.000000e+00
137 207 2.608770e-03 6.552935e-03 0 2 2 3 1.011963e-16 0.000000e+00
137 208 2.608770e-03 8.249656e-03 0 2 2 3 3.530036e-17 0.000000e+00
138 198 3.284247e-03 8.249656e-04 0 2 2 3 2.394858e-17 0.000000e+00
138 199 3.284247e-03 1.038570e-03 0 2 2 3 6.085339e-17 0.000000e+00
138 200 3.284247e-03 1.307482e-03 0 2 2 3 1.558336e-16 0.000000e+00
138 201 3.284247e-03 1.646023e-03 0 2 2 3 4.043423e-16 0.000000e+00
138 202 3.284247e-03 2.072220e-03 0 2 2 3 1.075548e-15 0.000000e+00
138 203 3.284247e-03 2.608770e-03 0 2 2 3 3.013009e-15 0.000000e+00
138 204 3.284247e-03 3.284247e-03 0 2 2 3 5.726182e-15 0.000000e+00
138 205 3.284247e-03 4.134622e-03 0 2 2 3 2.677292e-15 0.000000e+00
138 206 3.284247e-03 5.205181e-03 0 2 2 3 8.125182e-16 0.000000e+00
138 207 3.284247e-03 6.552935e-03 0 2 2 3 2.630764e-16 0.000000e+00
138 208 3.284247e-03 8.249656e-03 0 2 2 3 9.013337e-17 0.000000e+00
139 198 4.134622e-03 8.249656e-04 0 2 2 3 8.161615e-18 0.000000e+00
139 199 4.134622e-03 1.038570e-03 0 2 2 3 2.064167e-17 0.000000e+00
139 200 4.134622e-03 1.307482e-03 0 2 2 3 5.248581e-17 0.000000e+00
139 201 4.134622e-03 1.646023e-03 0 2 2 3 1.345797e-16 0.000000e+00
139 202 4.134622e-03 2.072220e-03 0 2 2 3 3.501710e-16 0.000000e+00
139 203 4.134622e-03 2.608770e-03 0 2 2 3 9.374861e-16 0.000000e+00
139 204 4.134622e-03 3.284247e-03 0 2 2 3 2.677292e-15 0.000000e+00
139 205 4.134622e-03 4.134622e-03 0 2 2 3 5.197383e-15 0.000000e+00
139 206 4.134622e-03 5.205181e-03 0 2 2 3 2.356736e-15 0.000000e+00
139 207 4.134622e-03 6.552935e-03 0 2 2 3 7.061439e-16 0.000000e+00
139 208 4.134622e-03 8.249656e-03 0 2 2 3 2.332326e-16 0.000000e+00
140 198 5.205181e-03 8.249656e-04 0 2 2 3 2.776953e-18 0.000000e+00
140 199 5.205181e-03 1.038570e-03 0 2 2 3 7.035152e-18 0.000000e+00
140 200 5.205181e-03 1.307482e-03 0 2 2 3 1.779795e-17 0.000000e+00
140 201 5.205181e-03 1.646023e-03 0 2 2 3 4.527406e-17 0.000000e+00
140 202 5.205181e-03 2.072220e-03 0 2 2 3 1.161133e-16 0.000000e+00
140 203 5.205181e-03 2.608770e-03 0 2 2 3 3.024226e-16 0.000000e+00
140 204 5.205181e-03 3.284247e-03 0 2 2 3 8.125182e-16 0.000000e+00
140 205 5.205181e-03 4.134622e-03 0 2 2 3 2.356736e-15 0.000000e+00
140 206 5.205181e-03 5.205181e-03 0 2 2 3 4.670861e-15 0.000000e+00
140 207 5.205181e-03 6.552935e-03 0 2 2 3 2.066680e-15 0.000000e+00
140 208 5.205181e-03 8.249656e-03 0 2 2 3 6.220719e-16 0.000000e+00
141 198 6.552935e-03 8.249656e-04 0 2 2 3 9.709763e-19 0.000000e+00
141 199 6.552935e-03 1.038570e-03 0 2 2 3 2.434907e-18 0.000000e+00
141 200 6.552935e-03 1.307482e-03 0 2 2 3 6.154288e-18 0.000000e+00
141 201 6.552935e-03 1.646023e-03 0 2 2 3 1.555343e-17 0.000000e+00
141 202 6.552935e-03 2.072220e-03 0 2 2 3 3.951510e-17 0.000000e+00
141 203 6.552935e-03 2.608770e-03 0 2 2 3 1.011963e-16 0.000000e+00
141 204 6.552935e-03 3.284247e-03 0 2 2 3 2.630764e-16 0.000000e+00
141 205 6.552935e-03 4.134622e-03 0 2 2 3 7.061439e-16 0.000000e+00
141 206 6.552935e-03 5.205181e-03 0 2 2 3 2.066680e-15 0.000000e+00
141 207 6.552935e-03 6.552935e-03 0 2 2 3 4.171679e-15 0.000000e+00
141 208 6.552935e-03 8.249656e-03 0 2 2 3 1.819286e-15 0.000000e+00
142 198 8.249656e-03 8.249656e-04 0 2 2 3 3.408548e-19 0.000000e+00
142 199 8.249656e-03 1.038570e-03 0 2 2 3 8.645005e-19 0.000000e+00
142 200 8.249656e-03 1.307482e-03 0 2 2 3 2.191244e-18 0.000000e+00
142 201 8.249656e-03 1.646023e-03 0 2 2 3 5.503723e-18 0.000000e+00
142 202 8.249656e-03 2.072220e-03 0 2 2 3 1.392323e-17 0.000000e+00
142 203 8.249656e-03 2.608770e-03 0 2 2 3 3.530036e-17 0.000000e+00
142 204 8.249656e-03 3.284247e-03 0 2 2 3 9.013337e-17 0.000000e+00
142 205 8.249656e-03 4.134622e-03 0 2 2 3 2.332326e-16 0.000000e+00
142 206 8.249656e-03 5.205181e-03 0 2 2 3 6.220719e-16 0.000000e+00
142 207 8.249656e-03 6.552935e-03 0 2 2 3 1.819286e-15 0.000000e+00
142 208 8.249656e-03 8.249656e-03 0 2 2 3 3.721556e-15 0.000000e+00
