# Please cite the following papers in research using this covariance:
# arXiv: 1601.05779, https://arxiv.org/abs/1601.05779
# arXiv: 1911.11947, https://arxiv.org/abs/1911.11947
# arXiv: 2004.04833, https://arxiv.org/abs/2004.04833
# arXiv: 1804.10663, https://arxiv.org/abs/1804.10663
########################################################
33 77 8.249656e-04 8.249656e-04 0 3 2 2 9.518387e-14 0.000000e+00
33 78 8.249656e-04 1.038570e-03 0 3 2 2 9.427097e-14 0.000000e+00
33 79 8.249656e-04 1.307482e-03 0 3 2 2 9.295360e-14 0.000000e+00
33 80 8.249656e-04 1.646023e-03 0 3 2 2 9.127116e-14 0.000000e+00
33 81 8.249656e-04 2.072220e-03 0 3 2 2 8.927409e-14 0.000000e+00
33 82 8.249656e-04 2.608770e-03 0 3 2 2 8.700068e-14 0.000000e+00
33 83 8.249656e-04 3.284247e-03 0 3 2 2 8.446496e-14 0.000000e+00
33 84 8.249656e-04 4.134622e-03 0 3 2 2 8.165115e-14 0.000000e+00
33 85 8.249656e-04 5.205181e-03 0 3 2 2 7.851397e-14 0.000000e+00
33 86 8.249656e-04 6.552935e-03 0 3 2 2 7.498458e-14 0.000000e+00
33 87 8.249656e-04 8.249656e-03 0 3 2 2 7.098133e-14 0.000000e+00
34 77 1.038570e-03 8.249656e-04 0 3 2 2 9.427097e-14 0.000000e+00
34 78 1.038570e-03 1.038570e-03 0 3 2 2 9.365566e-14 0.000000e+00
34 79 1.038570e-03 1.307482e-03 0 3 2 2 9.259635e-14 0.000000e+00
34 80 1.038570e-03 1.646023e-03 0 3 2 2 9.107148e-14 0.000000e+00
34 81 1.038570e-03 2.072220e-03 0 3 2 2 8.916007e-14 0.000000e+00
34 82 1.038570e-03 2.608770e-03 0 3 2 2 8.693054e-14 0.000000e+00
34 83 1.038570e-03 3.284247e-03 0 3 2 2 8.441709e-14 0.000000e+00
34 84 1.038570e-03 4.134622e-03 0 3 2 2 8.161558e-14 0.000000e+00
34 85 1.038570e-03 5.205181e-03 0 3 2 2 7.848652e-14 0.000000e+00
34 86 1.038570e-03 6.552935e-03 0 3 2 2 7.496352e-14 0.000000e+00
34 87 1.038570e-03 8.249656e-03 0 3 2 2 7.096569e-14 0.000000e+00
35 77 1.307482e-03 8.249656e-04 0 3 2 2 9.295360e-14 0.000000e+00
35 78 1.307482e-03 1.038570e-03 0 3 2 2 9.259635e-14 0.000000e+00
35 79 1.307482e-03 1.307482e-03 0 3 2 2 9.191849e-14 0.000000e+00
35 80 1.307482e-03 1.646023e-03 0 3 2 2 9.070418e-14 0.000000e+00
35 81 1.307482e-03 2.072220e-03 0 3 2 2 8.896094e-14 0.000000e+00
35 82 1.307482e-03 2.608770e-03 0 3 2 2 8.681355e-14 0.000000e+00
35 83 1.307482e-03 3.284247e-03 0 3 2 2 8.433972e-14 0.000000e+00
35 84 1.307482e-03 4.134622e-03 0 3 2 2 8.155901e-14 0.000000e+00
35 85 1.307482e-03 5.205181e-03 0 3 2 2 7.844317e-14 0.000000e+00
35 86 1.307482e-03 6.552935e-03 0 3 2 2 7.493035e-14 0.000000e+00
35 87 1.307482e-03 8.249656e-03 0 3 2 2 7.094115e-14 0.000000e+00
36 77 1.646023e-03 8.249656e-04 0 3 2 2 9.127116e-14 0.000000e+00
36 78 1.646023e-03 1.038570e-03 0 3 2 2 9.107148e-14 0.000000e+00
36 79 1.646023e-03 1.307482e-03 0 3 2 2 9.070418e-14 0.000000e+00
36 80 1.646023e-03 1.646023e-03 0 3 2 2 8.996654e-14 0.000000e+00
36 81 1.646023e-03 2.072220e-03 0 3 2 2 8.858524e-14 0.000000e+00
36 82 1.646023e-03 2.608770e-03 0 3 2 2 8.660948e-14 0.000000e+00
36 83 1.646023e-03 3.284247e-03 0 3 2 2 8.421192e-14 0.000000e+00
36 84 1.646023e-03 4.134622e-03 0 3 2 2 8.146803e-14 0.000000e+00
36 85 1.646023e-03 5.205181e-03 0 3 2 2 7.837412e-14 0.000000e+00
36 86 1.646023e-03 6.552935e-03 0 3 2 2 7.487767e-14 0.000000e+00
36 87 1.646023e-03 8.249656e-03 0 3 2 2 7.090218e-14 0.000000e+00
37 77 2.072220e-03 8.249656e-04 0 3 2 2 8.927409e-14 0.000000e+00
37 78 2.072220e-03 1.038570e-03 0 3 2 2 8.916007e-14 0.000000e+00
37 79 2.072220e-03 1.307482e-03 0 3 2 2 8.896094e-14 0.000000e+00
37 80 2.072220e-03 1.646023e-03 0 3 2 2 8.858524e-14 0.000000e+00
37 81 2.072220e-03 2.072220e-03 0 3 2 2 8.778633e-14 0.000000e+00
37 82 2.072220e-03 2.608770e-03 0 3 2 2 8.622073e-14 0.000000e+00
37 83 2.072220e-03 3.284247e-03 0 3 2 2 8.399242e-14 0.000000e+00
37 84 2.072220e-03 4.134622e-03 0 3 2 2 8.131979e-14 0.000000e+00
37 85 2.072220e-03 5.205181e-03 0 3 2 2 7.826367e-14 0.000000e+00
37 86 2.072220e-03 6.552935e-03 0 3 2 2 7.479382e-14 0.000000e+00
37 87 2.072220e-03 8.249656e-03 0 3 2 2 7.084019e-14 0.000000e+00
38 77 2.608770e-03 8.249656e-04 0 3 2 2 8.700068e-14 0.000000e+00
38 78 2.608770e-03 1.038570e-03 0 3 2 2 8.693054e-14 0.000000e+00
38 79 2.608770e-03 1.307482e-03 0 3 2 2 8.681355e-14 0.000000e+00
38 80 2.608770e-03 1.646023e-03 0 3 2 2 8.660948e-14 0.000000e+00
38 81 2.608770e-03 2.072220e-03 0 3 2 2 8.622073e-14 0.000000e+00
38 82 2.608770e-03 2.608770e-03 0 3 2 2 8.535293e-14 0.000000e+00
38 83 2.608770e-03 3.284247e-03 0 3 2 2 8.357911e-14 0.000000e+00
38 84 2.608770e-03 4.134622e-03 0 3 2 2 8.107098e-14 0.000000e+00
38 85 2.608770e-03 5.205181e-03 0 3 2 2 7.808574e-14 0.000000e+00
38 86 2.608770e-03 6.552935e-03 0 3 2 2 7.466016e-14 0.000000e+00
38 87 2.608770e-03 8.249656e-03 0 3 2 2 7.074160e-14 0.000000e+00
39 77 3.284247e-03 8.249656e-04 0 3 2 2 8.446496e-14 0.000000e+00
39 78 3.284247e-03 1.038570e-03 0 3 2 2 8.441709e-14 0.000000e+00
39 79 3.284247e-03 1.307482e-03 0 3 2 2 8.433972e-14 0.000000e+00
39 80 3.284247e-03 1.646023e-03 0 3 2 2 8.421192e-14 0.000000e+00
39 81 3.284247e-03 2.072220e-03 0 3 2 2 8.399242e-14 0.000000e+00
39 82 3.284247e-03 2.608770e-03 0 3 2 2 8.357911e-14 0.000000e+00
39 83 3.284247e-03 3.284247e-03 0 3 2 2 8.262779e-14 0.000000e+00
39 84 3.284247e-03 4.134622e-03 0 3 2 2 8.061573e-14 0.000000e+00
39 85 3.284247e-03 5.205181e-03 0 3 2 2 7.779300e-14 0.000000e+00
39 86 3.284247e-03 6.552935e-03 0 3 2 2 7.444590e-14 0.000000e+00
39 87 3.284247e-03 8.249656e-03 0 3 2 2 7.058433e-14 0.000000e+00
40 77 4.134622e-03 8.249656e-04 0 3 2 2 8.165115e-14 0.000000e+00
40 78 4.134622e-03 1.038570e-03 0 3 2 2 8.161558e-14 0.000000e+00
40 79 4.134622e-03 1.307482e-03 0 3 2 2 8.155901e-14 0.000000e+00
40 80 4.134622e-03 1.646023e-03 0 3 2 2 8.146803e-14 0.000000e+00
40 81 4.134622e-03 2.072220e-03 0 3 2 2 8.131979e-14 0.000000e+00
40 82 4.134622e-03 2.608770e-03 0 3 2 2 8.107098e-14 0.000000e+00
40 83 4.134622e-03 3.284247e-03 0 3 2 2 8.061573e-14 0.000000e+00
40 84 4.134622e-03 4.134622e-03 0 3 2 2 7.956032e-14 0.000000e+00
40 85 4.134622e-03 5.205181e-03 0 3 2 2 7.727579e-14 0.000000e+00
40 86 4.134622e-03 6.552935e-03 0 3 2 2 7.409774e-14 0.000000e+00
40 87 4.134622e-03 8.249656e-03 0 3 2 2 7.033231e-14 0.000000e+00
41 77 5.205181e-03 8.249656e-04 0 3 2 2 7.851397e-14 0.000000e+00
41 78 5.205181e-03 1.038570e-03 0 3 2 2 7.848652e-14 0.000000e+00
41 79 5.205181e-03 1.307482e-03 0 3 2 2 7.844317e-14 0.000000e+00
41 80 5.205181e-03 1.646023e-03 0 3 2 2 7.837412e-14 0.000000e+00
41 81 5.205181e-03 2.072220e-03 0 3 2 2 7.826367e-14 0.000000e+00
41 82 5.205181e-03 2.608770e-03 0 3 2 2 7.808574e-14 0.000000e+00
41 83 5.205181e-03 3.284247e-03 0 3 2 2 7.779300e-14 0.000000e+00
41 84 5.205181e-03 4.134622e-03 0 3 2 2 7.727579e-14 0.000000e+00
41 85 5.205181e-03 5.205181e-03 0 3 2 2 7.609254e-14 0.000000e+00
41 86 5.205181e-03 6.552935e-03 0 3 2 2 7.350052e-14 0.000000e+00
41 87 5.205181e-03 8.249656e-03 0 3 2 2 6.992437e-14 0.000000e+00
42 77 6.552935e-03 8.249656e-04 0 3 2 2 7.498458e-14 0.000000e+00
42 78 6.552935e-03 1.038570e-03 0 3 2 2 7.496352e-14 0.000000e+00
42 79 6.552935e-03 1.307482e-03 0 3 2 2 7.493035e-14 0.000000e+00
42 80 6.552935e-03 1.646023e-03 0 3 2 2 7.487767e-14 0.000000e+00
42 81 6.552935e-03 2.072220e-03 0 3 2 2 7.479382e-14 0.000000e+00
42 82 6.552935e-03 2.608770e-03 0 3 2 2 7.466016e-14 0.000000e+00
42 83 6.552935e-03 3.284247e-03 0 3 2 2 7.444590e-14 0.000000e+00
42 84 6.552935e-03 4.134622e-03 0 3 2 2 7.409774e-14 0.000000e+00
42 85 6.552935e-03 5.205181e-03 0 3 2 2 7.350052e-14 0.000000e+00
42 86 6.552935e-03 6.552935e-03 0 3 2 2 7.216711e-14 0.000000e+00
42 87 6.552935e-03 8.249656e-03 0 3 2 2 6.923697e-14 0.000000e+00
43 77 8.249656e-03 8.249656e-04 0 3 2 2 7.098133e-14 0.000000e+00
43 78 8.249656e-03 1.038570e-03 0 3 2 2 7.096569e-14 0.000000e+00
43 79 8.249656e-03 1.307482e-03 0 3 2 2 7.094115e-14 0.000000e+00
43 80 8.249656e-03 1.646023e-03 0 3 2 2 7.090218e-14 0.000000e+00
43 81 8.249656e-03 2.072220e-03 0 3 2 2 7.084019e-14 0.000000e+00
43 82 8.249656e-03 2.608770e-03 0 3 2 2 7.074160e-14 0.000000e+00
43 83 8.249656e-03 3.284247e-03 0 3 2 2 7.058433e-14 0.000000e+00
43 84 8.249656e-03 4.134622e-03 0 3 2 2 7.033231e-14 0.000000e+00
43 85 8.249656e-03 5.205181e-03 0 3 2 2 6.992437e-14 0.000000e+00
43 86 8.249656e-03 6.552935e-03 0 3 2 2 6.923697e-14 0.000000e+00
43 87 8.249656e-03 8.249656e-03 0 3 2 2 6.773887e-14 0.000000e+00
