# Please cite the following papers in research using this covariance:
# arXiv: 1601.05779, https://arxiv.org/abs/1601.05779
# arXiv: 1911.11947, https://arxiv.org/abs/1911.11947
# arXiv: 2004.04833, https://arxiv.org/abs/2004.04833
# arXiv: 1804.10663, https://arxiv.org/abs/1804.10663
########################################################
11 88 8.249656e-04 8.249656e-04 0 1 2 3 5.499177e-14 0.000000e+00
11 89 8.249656e-04 1.038570e-03 0 1 2 3 5.449053e-14 0.000000e+00
11 90 8.249656e-04 1.307482e-03 0 1 2 3 5.376679e-14 0.000000e+00
11 91 8.249656e-04 1.646023e-03 0 1 2 3 5.283490e-14 0.000000e+00
11 92 8.249656e-04 2.072220e-03 0 1 2 3 5.172067e-14 0.000000e+00
11 93 8.249656e-04 2.608770e-03 0 1 2 3 5.044922e-14 0.000000e+00
11 94 8.249656e-04 3.284247e-03 0 1 2 3 4.903632e-14 0.000000e+00
11 95 8.249656e-04 4.134622e-03 0 1 2 3 4.748284e-14 0.000000e+00
11 96 8.249656e-04 5.205181e-03 0 1 2 3 4.577222e-14 0.000000e+00
11 97 8.249656e-04 6.552935e-03 0 1 2 3 4.387168e-14 0.000000e+00
11 98 8.249656e-04 8.249656e-03 0 1 2 3 4.173672e-14 0.000000e+00
12 88 1.038570e-03 8.249656e-04 0 1 2 3 5.449053e-14 0.000000e+00
12 89 1.038570e-03 1.038570e-03 0 1 2 3 5.414482e-14 0.000000e+00
12 90 1.038570e-03 1.307482e-03 0 1 2 3 5.356025e-14 0.000000e+00
12 91 1.038570e-03 1.646023e-03 0 1 2 3 5.271845e-14 0.000000e+00
12 92 1.038570e-03 2.072220e-03 0 1 2 3 5.165582e-14 0.000000e+00
12 93 1.038570e-03 2.608770e-03 0 1 2 3 5.041155e-14 0.000000e+00
12 94 1.038570e-03 3.284247e-03 0 1 2 3 4.901222e-14 0.000000e+00
12 95 1.038570e-03 4.134622e-03 0 1 2 3 4.746559e-14 0.000000e+00
12 96 1.038570e-03 5.205181e-03 0 1 2 3 4.575893e-14 0.000000e+00
12 97 1.038570e-03 6.552935e-03 0 1 2 3 4.386124e-14 0.000000e+00
12 98 1.038570e-03 8.249656e-03 0 1 2 3 4.172869e-14 0.000000e+00
13 88 1.307482e-03 8.249656e-04 0 1 2 3 5.376679e-14 0.000000e+00
13 89 1.307482e-03 1.038570e-03 0 1 2 3 5.356025e-14 0.000000e+00
13 90 1.307482e-03 1.307482e-03 0 1 2 3 5.317788e-14 0.000000e+00
13 91 1.307482e-03 1.646023e-03 0 1 2 3 5.250650e-14 0.000000e+00
13 92 1.307482e-03 2.072220e-03 0 1 2 3 5.154223e-14 0.000000e+00
13 93 1.307482e-03 2.608770e-03 0 1 2 3 5.034820e-14 0.000000e+00
13 94 1.307482e-03 3.284247e-03 0 1 2 3 4.897303e-14 0.000000e+00
13 95 1.307482e-03 4.134622e-03 0 1 2 3 4.743813e-14 0.000000e+00
13 96 1.307482e-03 5.205181e-03 0 1 2 3 4.573800e-14 0.000000e+00
13 97 1.307482e-03 6.552935e-03 0 1 2 3 4.384489e-14 0.000000e+00
13 98 1.307482e-03 8.249656e-03 0 1 2 3 4.171617e-14 0.000000e+00
14 88 1.646023e-03 8.249656e-04 0 1 2 3 5.283490e-14 0.000000e+00
14 89 1.646023e-03 1.038570e-03 0 1 2 3 5.271845e-14 0.000000e+00
14 90 1.646023e-03 1.307482e-03 0 1 2 3 5.250650e-14 0.000000e+00
14 91 1.646023e-03 1.646023e-03 0 1 2 3 5.209093e-14 0.000000e+00
14 92 1.646023e-03 2.072220e-03 0 1 2 3 5.132822e-14 0.000000e+00
14 93 1.646023e-03 2.608770e-03 0 1 2 3 5.023621e-14 0.000000e+00
14 94 1.646023e-03 3.284247e-03 0 1 2 3 4.890746e-14 0.000000e+00
14 95 1.646023e-03 4.134622e-03 0 1 2 3 4.739371e-14 0.000000e+00
14 96 1.646023e-03 5.205181e-03 0 1 2 3 4.570461e-14 0.000000e+00
14 97 1.646023e-03 6.552935e-03 0 1 2 3 4.381892e-14 0.000000e+00
14 98 1.646023e-03 8.249656e-03 0 1 2 3 4.169630e-14 0.000000e+00
15 88 2.072220e-03 8.249656e-04 0 1 2 3 5.172067e-14 0.000000e+00
15 89 2.072220e-03 1.038570e-03 0 1 2 3 5.165582e-14 0.000000e+00
15 90 2.072220e-03 1.307482e-03 0 1 2 3 5.154223e-14 0.000000e+00
15 91 2.072220e-03 1.646023e-03 0 1 2 3 5.132822e-14 0.000000e+00
15 92 2.072220e-03 2.072220e-03 0 1 2 3 5.088120e-14 0.000000e+00
15 93 2.072220e-03 2.608770e-03 0 1 2 3 5.002015e-14 0.000000e+00
15 94 2.072220e-03 3.284247e-03 0 1 2 3 4.879252e-14 0.000000e+00
15 95 2.072220e-03 4.134622e-03 0 1 2 3 4.732051e-14 0.000000e+00
15 96 2.072220e-03 5.205181e-03 0 1 2 3 4.565103e-14 0.000000e+00
15 97 2.072220e-03 6.552935e-03 0 1 2 3 4.377757e-14 0.000000e+00
15 98 2.072220e-03 8.249656e-03 0 1 2 3 4.166470e-14 0.000000e+00
16 88 2.608770e-03 8.249656e-04 0 1 2 3 5.044922e-14 0.000000e+00
16 89 2.608770e-03 1.038570e-03 0 1 2 3 5.041155e-14 0.000000e+00
16 90 2.608770e-03 1.307482e-03 0 1 2 3 5.034820e-14 0.000000e+00
16 91 2.608770e-03 1.646023e-03 0 1 2 3 5.023621e-14 0.000000e+00
16 92 2.608770e-03 2.072220e-03 0 1 2 3 5.002015e-14 0.000000e+00
16 93 2.608770e-03 2.608770e-03 0 1 2 3 4.954030e-14 0.000000e+00
16 94 2.608770e-03 3.284247e-03 0 1 2 3 4.857019e-14 0.000000e+00
16 95 2.608770e-03 4.134622e-03 0 1 2 3 4.719522e-14 0.000000e+00
16 96 2.608770e-03 5.205181e-03 0 1 2 3 4.556420e-14 0.000000e+00
16 97 2.608770e-03 6.552935e-03 0 1 2 3 4.371166e-14 0.000000e+00
16 98 2.608770e-03 8.249656e-03 0 1 2 3 4.161451e-14 0.000000e+00
17 88 3.284247e-03 8.249656e-04 0 1 2 3 4.903632e-14 0.000000e+00
17 89 3.284247e-03 1.038570e-03 0 1 2 3 4.901222e-14 0.000000e+00
17 90 3.284247e-03 1.307482e-03 0 1 2 3 4.897303e-14 0.000000e+00
17 91 3.284247e-03 1.646023e-03 0 1 2 3 4.890746e-14 0.000000e+00
17 92 3.284247e-03 2.072220e-03 0 1 2 3 4.879252e-14 0.000000e+00
17 93 3.284247e-03 2.608770e-03 0 1 2 3 4.857019e-14 0.000000e+00
17 94 3.284247e-03 3.284247e-03 0 1 2 3 4.805183e-14 0.000000e+00
17 95 3.284247e-03 4.134622e-03 0 1 2 3 4.695805e-14 0.000000e+00
17 96 3.284247e-03 5.205181e-03 0 1 2 3 4.541947e-14 0.000000e+00
17 97 3.284247e-03 6.552935e-03 0 1 2 3 4.360586e-14 0.000000e+00
17 98 3.284247e-03 8.249656e-03 0 1 2 3 4.153457e-14 0.000000e+00
18 88 4.134622e-03 8.249656e-04 0 1 2 3 4.748284e-14 0.000000e+00
18 89 4.134622e-03 1.038570e-03 0 1 2 3 4.746559e-14 0.000000e+00
18 90 4.134622e-03 1.307482e-03 0 1 2 3 4.743813e-14 0.000000e+00
18 91 4.134622e-03 1.646023e-03 0 1 2 3 4.739371e-14 0.000000e+00
18 92 4.134622e-03 2.072220e-03 0 1 2 3 4.732051e-14 0.000000e+00
18 93 4.134622e-03 2.608770e-03 0 1 2 3 4.719522e-14 0.000000e+00
18 94 4.134622e-03 3.284247e-03 0 1 2 3 4.695805e-14 0.000000e+00
18 95 4.134622e-03 4.134622e-03 0 1 2 3 4.639132e-14 0.000000e+00
18 96 4.134622e-03 5.205181e-03 0 1 2 3 4.515588e-14 0.000000e+00
18 97 4.134622e-03 6.552935e-03 0 1 2 3 4.343307e-14 0.000000e+00
18 98 4.134622e-03 8.249656e-03 0 1 2 3 4.140675e-14 0.000000e+00
19 88 5.205181e-03 8.249656e-04 0 1 2 3 4.577222e-14 0.000000e+00
19 89 5.205181e-03 1.038570e-03 0 1 2 3 4.575893e-14 0.000000e+00
19 90 5.205181e-03 1.307482e-03 0 1 2 3 4.573800e-14 0.000000e+00
19 91 5.205181e-03 1.646023e-03 0 1 2 3 4.570461e-14 0.000000e+00
19 92 5.205181e-03 2.072220e-03 0 1 2 3 4.565103e-14 0.000000e+00
19 93 5.205181e-03 2.608770e-03 0 1 2 3 4.556420e-14 0.000000e+00
19 94 5.205181e-03 3.284247e-03 0 1 2 3 4.541947e-14 0.000000e+00
19 95 5.205181e-03 4.134622e-03 0 1 2 3 4.515588e-14 0.000000e+00
19 96 5.205181e-03 5.205181e-03 0 1 2 3 4.452767e-14 0.000000e+00
19 97 5.205181e-03 6.552935e-03 0 1 2 3 4.313073e-14 0.000000e+00
19 98 5.205181e-03 8.249656e-03 0 1 2 3 4.120011e-14 0.000000e+00
20 88 6.552935e-03 8.249656e-04 0 1 2 3 4.387168e-14 0.000000e+00
20 89 6.552935e-03 1.038570e-03 0 1 2 3 4.386124e-14 0.000000e+00
20 90 6.552935e-03 1.307482e-03 0 1 2 3 4.384489e-14 0.000000e+00
20 91 6.552935e-03 1.646023e-03 0 1 2 3 4.381892e-14 0.000000e+00
20 92 6.552935e-03 2.072220e-03 0 1 2 3 4.377757e-14 0.000000e+00
20 93 6.552935e-03 2.608770e-03 0 1 2 3 4.371166e-14 0.000000e+00
20 94 6.552935e-03 3.284247e-03 0 1 2 3 4.360586e-14 0.000000e+00
20 95 6.552935e-03 4.134622e-03 0 1 2 3 4.343307e-14 0.000000e+00
20 96 6.552935e-03 5.205181e-03 0 1 2 3 4.313073e-14 0.000000e+00
20 97 6.552935e-03 6.552935e-03 0 1 2 3 4.242682e-14 0.000000e+00
20 98 6.552935e-03 8.249656e-03 0 1 2 3 4.084916e-14 0.000000e+00
21 88 8.249656e-03 8.249656e-04 0 1 2 3 4.173672e-14 0.000000e+00
21 89 8.249656e-03 1.038570e-03 0 1 2 3 4.172869e-14 0.000000e+00
21 90 8.249656e-03 1.307482e-03 0 1 2 3 4.171617e-14 0.000000e+00
21 91 8.249656e-03 1.646023e-03 0 1 2 3 4.169630e-14 0.000000e+00
21 92 8.249656e-03 2.072220e-03 0 1 2 3 4.166470e-14 0.000000e+00
21 93 8.249656e-03 2.608770e-03 0 1 2 3 4.161451e-14 0.000000e+00
21 94 8.249656e-03 3.284247e-03 0 1 2 3 4.153457e-14 0.000000e+00
21 95 8.249656e-03 4.134622e-03 0 1 2 3 4.140675e-14 0.000000e+00
21 96 8.249656e-03 5.205181e-03 0 1 2 3 4.120011e-14 0.000000e+00
21 97 8.249656e-03 6.552935e-03 0 1 2 3 4.084916e-14 0.000000e+00
21 98 8.249656e-03 8.249656e-03 0 1 2 3 4.005736e-14 0.000000e+00
