# Please cite the following papers in research using this covariance:
# arXiv: 1601.05779, https://arxiv.org/abs/1601.05779
# arXiv: 1911.11947, https://arxiv.org/abs/1911.11947
# arXiv: 2004.04833, https://arxiv.org/abs/2004.04833
# arXiv: 1804.10663, https://arxiv.org/abs/1804.10663
########################################################
22 110 8.249656e-04 8.249656e-04 0 2 0 0 -3.310235e-15 0.000000e+00
22 111 8.249656e-04 1.038570e-03 0 2 0 0 -9.427759e-15 0.000000e+00
22 112 8.249656e-04 1.307482e-03 0 2 0 0 -4.245990e-15 0.000000e+00
22 113 8.249656e-04 1.646023e-03 0 2 0 0 4.202919e-15 0.000000e+00
22 114 8.249656e-04 2.072220e-03 0 2 0 0 1.059885e-14 0.000000e+00
22 115 8.249656e-04 2.608770e-03 0 2 0 0 1.405207e-14 0.000000e+00
22 116 8.249656e-04 3.284247e-03 0 2 0 0 1.513051e-14 0.000000e+00
22 117 8.249656e-04 4.134622e-03 0 2 0 0 1.466635e-14 0.000000e+00
22 118 8.249656e-04 5.205181e-03 0 2 0 0 1.336674e-14 0.000000e+00
22 119 8.249656e-04 6.552935e-03 0 2 0 0 1.173146e-14 0.000000e+00
22 120 8.249656e-04 8.249656e-03 0 2 0 0 1.007333e-14 0.000000e+00
23 110 1.038570e-03 8.249656e-04 0 2 0 0 6.733252e-17 0.000000e+00
23 111 1.038570e-03 1.038570e-03 0 2 0 0 -3.141908e-15 0.000000e+00
23 112 1.038570e-03 1.307482e-03 0 2 0 0 -9.360344e-15 0.000000e+00
23 113 1.038570e-03 1.646023e-03 0 2 0 0 -4.245468e-15 0.000000e+00
23 114 1.038570e-03 2.072220e-03 0 2 0 0 3.767058e-15 0.000000e+00
23 115 1.038570e-03 2.608770e-03 0 2 0 0 9.530029e-15 0.000000e+00
23 116 1.038570e-03 3.284247e-03 0 2 0 0 1.241369e-14 0.000000e+00
23 117 1.038570e-03 4.134622e-03 0 2 0 0 1.312469e-14 0.000000e+00
23 118 1.038570e-03 5.205181e-03 0 2 0 0 1.252303e-14 0.000000e+00
23 119 1.038570e-03 6.552935e-03 0 2 0 0 1.127999e-14 0.000000e+00
23 120 1.038570e-03 8.249656e-03 0 2 0 0 9.834534e-15 0.000000e+00
24 110 1.307482e-03 8.249656e-04 0 2 0 0 8.893201e-17 0.000000e+00
24 111 1.307482e-03 1.038570e-03 0 2 0 0 1.834972e-16 0.000000e+00
24 112 1.307482e-03 1.307482e-03 0 2 0 0 -2.900587e-15 0.000000e+00
24 113 1.307482e-03 1.646023e-03 0 2 0 0 -9.120007e-15 0.000000e+00
24 114 1.307482e-03 2.072220e-03 0 2 0 0 -4.133600e-15 0.000000e+00
24 115 1.307482e-03 2.608770e-03 0 2 0 0 3.328238e-15 0.000000e+00
24 116 1.307482e-03 3.284247e-03 0 2 0 0 8.418850e-15 0.000000e+00
24 117 1.307482e-03 4.134622e-03 0 2 0 0 1.078002e-14 0.000000e+00
24 118 1.307482e-03 5.205181e-03 0 2 0 0 1.121695e-14 0.000000e+00
24 119 1.307482e-03 6.552935e-03 0 2 0 0 1.057433e-14 0.000000e+00
24 120 1.307482e-03 8.249656e-03 0 2 0 0 9.459265e-15 0.000000e+00
25 110 1.646023e-03 8.249656e-04 0 2 0 0 4.478062e-17 0.000000e+00
25 111 1.646023e-03 1.038570e-03 0 2 0 0 1.192795e-16 0.000000e+00
25 112 1.646023e-03 1.307482e-03 0 2 0 0 2.992496e-16 0.000000e+00
25 113 1.646023e-03 1.646023e-03 0 2 0 0 -2.594619e-15 0.000000e+00
25 114 1.646023e-03 2.072220e-03 0 2 0 0 -8.709151e-15 0.000000e+00
25 115 1.646023e-03 2.608770e-03 0 2 0 0 -3.914432e-15 0.000000e+00
25 116 1.646023e-03 3.284247e-03 0 2 0 0 2.905970e-15 0.000000e+00
25 117 1.646023e-03 4.134622e-03 0 2 0 0 7.319965e-15 0.000000e+00
25 118 1.646023e-03 5.205181e-03 0 2 0 0 9.226784e-15 0.000000e+00
25 119 1.646023e-03 6.552935e-03 0 2 0 0 9.480920e-15 0.000000e+00
25 120 1.646023e-03 8.249656e-03 0 2 0 0 8.872452e-15 0.000000e+00
26 110 2.072220e-03 8.249656e-04 0 2 0 0 1.927327e-17 0.000000e+00
26 111 2.072220e-03 1.038570e-03 0 2 0 0 5.147041e-17 0.000000e+00
26 112 2.072220e-03 1.307482e-03 0 2 0 0 1.433335e-16 0.000000e+00
26 113 2.072220e-03 1.646023e-03 0 2 0 0 4.026499e-16 0.000000e+00
26 114 2.072220e-03 2.072220e-03 0 2 0 0 -2.244573e-15 0.000000e+00
26 115 2.072220e-03 2.608770e-03 0 2 0 0 -8.145456e-15 0.000000e+00
26 116 2.072220e-03 3.284247e-03 0 2 0 0 -3.603644e-15 0.000000e+00
26 117 2.072220e-03 4.134622e-03 0 2 0 0 2.514730e-15 0.000000e+00
26 118 2.072220e-03 5.205181e-03 0 2 0 0 6.280143e-15 0.000000e+00
26 119 2.072220e-03 6.552935e-03 0 2 0 0 7.812259e-15 0.000000e+00
26 120 2.072220e-03 8.249656e-03 0 2 0 0 7.962771e-15 0.000000e+00
27 110 2.608770e-03 8.249656e-04 0 2 0 0 7.731550e-18 0.000000e+00
27 111 2.608770e-03 1.038570e-03 0 2 0 0 1.990974e-17 0.000000e+00
27 112 2.608770e-03 1.307482e-03 0 2 0 0 5.447865e-17 0.000000e+00
27 113 2.608770e-03 1.646023e-03 0 2 0 0 1.571342e-16 0.000000e+00
27 114 2.608770e-03 2.072220e-03 0 2 0 0 4.826976e-16 0.000000e+00
27 115 2.608770e-03 2.608770e-03 0 2 0 0 -1.874964e-15 0.000000e+00
27 116 2.608770e-03 3.284247e-03 0 2 0 0 -7.460702e-15 0.000000e+00
27 117 2.608770e-03 4.134622e-03 0 2 0 0 -3.226956e-15 0.000000e+00
27 118 2.608770e-03 5.205181e-03 0 2 0 0 2.163241e-15 0.000000e+00
27 119 2.608770e-03 6.552935e-03 0 2 0 0 5.334878e-15 0.000000e+00
27 120 2.608770e-03 8.249656e-03 0 2 0 0 6.573076e-15 0.000000e+00
28 110 3.284247e-03 8.249656e-04 0 2 0 0 2.949207e-18 0.000000e+00
28 111 3.284247e-03 1.038570e-03 0 2 0 0 7.144998e-18 0.000000e+00
28 112 3.284247e-03 1.307482e-03 0 2 0 0 1.918816e-17 0.000000e+00
28 113 3.284247e-03 1.646023e-03 0 2 0 0 5.349512e-17 0.000000e+00
28 114 3.284247e-03 2.072220e-03 0 2 0 0 1.594922e-16 0.000000e+00
28 115 3.284247e-03 2.608770e-03 0 2 0 0 5.315305e-16 0.000000e+00
28 116 3.284247e-03 3.284247e-03 0 2 0 0 -1.512143e-15 0.000000e+00
28 117 3.284247e-03 4.134622e-03 0 2 0 0 -6.696560e-15 0.000000e+00
28 118 3.284247e-03 5.205181e-03 0 2 0 0 -2.815173e-15 0.000000e+00
28 119 3.284247e-03 6.552935e-03 0 2 0 0 1.855506e-15 0.000000e+00
28 120 3.284247e-03 8.249656e-03 0 2 0 0 4.506003e-15 0.000000e+00
29 110 4.134622e-03 8.249656e-04 0 2 0 0 1.153025e-18 0.000000e+00
29 111 4.134622e-03 1.038570e-03 0 2 0 0 2.414233e-18 0.000000e+00
29 112 4.134622e-03 1.307482e-03 0 2 0 0 6.378226e-18 0.000000e+00
29 113 4.134622e-03 1.646023e-03 0 2 0 0 1.731522e-17 0.000000e+00
29 114 4.134622e-03 2.072220e-03 0 2 0 0 4.898717e-17 0.000000e+00
29 115 4.134622e-03 2.608770e-03 0 2 0 0 1.511163e-16 0.000000e+00
29 116 4.134622e-03 3.284247e-03 0 2 0 0 5.457565e-16 0.000000e+00
29 117 4.134622e-03 4.134622e-03 0 2 0 0 -1.179362e-15 0.000000e+00
29 118 4.134622e-03 5.205181e-03 0 2 0 0 -5.898209e-15 0.000000e+00
29 119 4.134622e-03 6.552935e-03 0 2 0 0 -2.399356e-15 0.000000e+00
29 120 4.134622e-03 8.249656e-03 0 2 0 0 1.591614e-15 0.000000e+00
30 110 5.205181e-03 8.249656e-04 0 2 0 0 4.882374e-19 0.000000e+00
30 111 5.205181e-03 1.038570e-03 0 2 0 0 7.529852e-19 0.000000e+00
30 112 5.205181e-03 1.307482e-03 0 2 0 0 2.000862e-18 0.000000e+00
30 113 5.205181e-03 1.646023e-03 0 2 0 0 5.391801e-18 0.000000e+00
30 114 5.205181e-03 2.072220e-03 0 2 0 0 1.464734e-17 0.000000e+00
30 115 5.205181e-03 2.608770e-03 0 2 0 0 4.221115e-17 0.000000e+00
30 116 5.205181e-03 3.284247e-03 0 2 0 0 1.346227e-16 0.000000e+00
30 117 5.205181e-03 4.134622e-03 0 2 0 0 5.274734e-16 0.000000e+00
30 118 5.205181e-03 5.205181e-03 0 2 0 0 -8.938166e-16 0.000000e+00
30 119 5.205181e-03 6.552935e-03 0 2 0 0 -5.108933e-15 0.000000e+00
30 120 5.205181e-03 8.249656e-03 0 2 0 0 -2.005998e-15 0.000000e+00
31 110 6.552935e-03 8.249656e-04 0 2 0 0 2.936238e-19 0.000000e+00
31 111 6.552935e-03 1.038570e-03 0 2 0 0 1.981644e-19 0.000000e+00
31 112 6.552935e-03 1.307482e-03 0 2 0 0 5.908650e-19 0.000000e+00
31 113 6.552935e-03 1.646023e-03 0 2 0 0 1.612917e-18 0.000000e+00
31 114 6.552935e-03 2.072220e-03 0 2 0 0 4.253536e-18 0.000000e+00
31 115 6.552935e-03 2.608770e-03 0 2 0 0 1.173017e-17 0.000000e+00
31 116 6.552935e-03 3.284247e-03 0 2 0 0 3.436109e-17 0.000000e+00
31 117 6.552935e-03 4.134622e-03 0 2 0 0 1.132550e-16 0.000000e+00
31 118 6.552935e-03 5.205181e-03 0 2 0 0 4.829373e-16 0.000000e+00
31 119 6.552935e-03 6.552935e-03 0 2 0 0 -6.647006e-16 0.000000e+00
31 120 6.552935e-03 8.249656e-03 0 2 0 0 -4.364978e-15 0.000000e+00
32 110 8.249656e-03 8.249656e-04 0 2 0 0 2.149363e-19 0.000000e+00
32 111 8.249656e-03 1.038570e-03 0 2 0 0 3.018834e-20 0.000000e+00
32 112 8.249656e-03 1.307482e-03 0 2 0 0 1.591767e-19 0.000000e+00
32 113 8.249656e-03 1.646023e-03 0 2 0 0 4.686650e-19 0.000000e+00
32 114 8.249656e-03 2.072220e-03 0 2 0 0 1.208018e-18 0.000000e+00
32 115 8.249656e-03 2.608770e-03 0 2 0 0 3.207108e-18 0.000000e+00
32 116 8.249656e-03 3.284247e-03 0 2 0 0 8.905396e-18 0.000000e+00
32 117 8.249656e-03 4.134622e-03 0 2 0 0 2.654058e-17 0.000000e+00
32 118 8.249656e-03 5.205181e-03 0 2 0 0 9.042765e-17 0.000000e+00
32 119 8.249656e-03 6.552935e-03 0 2 0 0 4.210311e-16 0.000000e+00
32 120 8.249656e-03 8.249656e-03 0 2 0 0 -4.933492e-16 0.000000e+00
