# Please cite the following papers in research using this covariance:
# arXiv: 1601.05779, https://arxiv.org/abs/1601.05779
# arXiv: 1911.11947, https://arxiv.org/abs/1911.11947
# arXiv: 2004.04833, https://arxiv.org/abs/2004.04833
# arXiv: 1804.10663, https://arxiv.org/abs/1804.10663
########################################################
55 121 8.249656e-04 8.249656e-04 1 2 0 1 -1.847773e-15 0.000000e+00
55 122 8.249656e-04 1.038570e-03 1 2 0 1 -5.251957e-15 0.000000e+00
55 123 8.249656e-04 1.307482e-03 1 2 0 1 -2.350510e-15 0.000000e+00
55 124 8.249656e-04 1.646023e-03 1 2 0 1 2.396915e-15 0.000000e+00
55 125 8.249656e-04 2.072220e-03 1 2 0 1 6.027655e-15 0.000000e+00
55 126 8.249656e-04 2.608770e-03 1 2 0 1 8.037870e-15 0.000000e+00
55 127 8.249656e-04 3.284247e-03 1 2 0 1 8.732892e-15 0.000000e+00
55 128 8.249656e-04 4.134622e-03 1 2 0 1 8.566440e-15 0.000000e+00
55 129 8.249656e-04 5.205181e-03 1 2 0 1 7.926052e-15 0.000000e+00
55 130 8.249656e-04 6.552935e-03 1 2 0 1 7.088272e-15 0.000000e+00
55 131 8.249656e-04 8.249656e-03 1 2 0 1 6.229990e-15 0.000000e+00
56 121 1.038570e-03 8.249656e-04 1 2 0 1 3.309831e-17 0.000000e+00
56 122 1.038570e-03 1.038570e-03 1 2 0 1 -1.758946e-15 0.000000e+00
56 123 1.038570e-03 1.307482e-03 1 2 0 1 -5.221687e-15 0.000000e+00
56 124 1.038570e-03 1.646023e-03 1 2 0 1 -2.352259e-15 0.000000e+00
56 125 1.038570e-03 2.072220e-03 1 2 0 1 2.166195e-15 0.000000e+00
56 126 1.038570e-03 2.608770e-03 1 2 0 1 5.461674e-15 0.000000e+00
56 127 1.038570e-03 3.284247e-03 1 2 0 1 7.168860e-15 0.000000e+00
56 128 1.038570e-03 4.134622e-03 1 2 0 1 7.667084e-15 0.000000e+00
56 129 1.038570e-03 5.205181e-03 1 2 0 1 7.425752e-15 0.000000e+00
56 130 1.038570e-03 6.552935e-03 1 2 0 1 6.815207e-15 0.000000e+00
56 131 1.038570e-03 8.249656e-03 1 2 0 1 6.082061e-15 0.000000e+00
57 121 1.307482e-03 8.249656e-04 1 2 0 1 4.711527e-17 0.000000e+00
57 122 1.307482e-03 1.038570e-03 1 2 0 1 9.526239e-17 0.000000e+00
57 123 1.307482e-03 1.307482e-03 1 2 0 1 -1.631046e-15 0.000000e+00
57 124 1.307482e-03 1.646023e-03 1 2 0 1 -5.098606e-15 0.000000e+00
57 125 1.307482e-03 2.072220e-03 1 2 0 1 -2.294740e-15 0.000000e+00
57 126 1.307482e-03 2.608770e-03 1 2 0 1 1.933236e-15 0.000000e+00
57 127 1.307482e-03 3.284247e-03 1 2 0 1 4.872000e-15 0.000000e+00
57 128 1.307482e-03 4.134622e-03 1 2 0 1 6.300766e-15 0.000000e+00
57 129 1.307482e-03 5.205181e-03 1 2 0 1 6.651957e-15 0.000000e+00
57 130 1.307482e-03 6.552935e-03 1 2 0 1 6.388688e-15 0.000000e+00
57 131 1.307482e-03 8.249656e-03 1 2 0 1 5.849710e-15 0.000000e+00
58 121 1.646023e-03 8.249656e-04 1 2 0 1 2.385045e-17 0.000000e+00
58 122 1.646023e-03 1.038570e-03 1 2 0 1 6.299077e-17 0.000000e+00
58 123 1.646023e-03 1.307482e-03 1 2 0 1 1.571534e-16 0.000000e+00
58 124 1.646023e-03 1.646023e-03 1 2 0 1 -1.468784e-15 0.000000e+00
58 125 1.646023e-03 2.072220e-03 1 2 0 1 -4.884310e-15 0.000000e+00
58 126 1.646023e-03 2.608770e-03 1 2 0 1 -2.180177e-15 0.000000e+00
58 127 1.646023e-03 3.284247e-03 1 2 0 1 1.708506e-15 0.000000e+00
58 128 1.646023e-03 4.134622e-03 1 2 0 1 4.287946e-15 0.000000e+00
58 129 1.646023e-03 5.205181e-03 1 2 0 1 5.474530e-15 0.000000e+00
58 130 1.646023e-03 6.552935e-03 1 2 0 1 5.728530e-15 0.000000e+00
58 131 1.646023e-03 8.249656e-03 1 2 0 1 5.486683e-15 0.000000e+00
59 121 2.072220e-03 8.249656e-04 1 2 0 1 1.036412e-17 0.000000e+00
59 122 2.072220e-03 1.038570e-03 1 2 0 1 2.717207e-17 0.000000e+00
59 123 2.072220e-03 1.307482e-03 1 2 0 1 7.575007e-17 0.000000e+00
59 124 2.072220e-03 1.646023e-03 1 2 0 1 2.123408e-16 0.000000e+00
59 125 2.072220e-03 2.072220e-03 1 2 0 1 -1.283174e-15 0.000000e+00
59 126 2.072220e-03 2.608770e-03 1 2 0 1 -4.588121e-15 0.000000e+00
59 127 2.072220e-03 3.284247e-03 1 2 0 1 -2.016715e-15 0.000000e+00
59 128 2.072220e-03 4.134622e-03 1 2 0 1 1.500183e-15 0.000000e+00
59 129 2.072220e-03 5.205181e-03 1 2 0 1 3.735153e-15 0.000000e+00
59 130 2.072220e-03 6.552935e-03 1 2 0 1 4.722822e-15 0.000000e+00
59 131 2.072220e-03 8.249656e-03 1 2 0 1 4.924659e-15 0.000000e+00
60 121 2.608770e-03 8.249656e-04 1 2 0 1 4.274466e-18 0.000000e+00
60 122 2.608770e-03 1.038570e-03 1 2 0 1 1.050545e-17 0.000000e+00
60 123 2.608770e-03 1.307482e-03 1 2 0 1 2.881554e-17 0.000000e+00
60 124 2.608770e-03 1.646023e-03 1 2 0 1 8.318659e-17 0.000000e+00
60 125 2.608770e-03 2.072220e-03 1 2 0 1 2.551183e-16 0.000000e+00
60 126 2.608770e-03 2.608770e-03 1 2 0 1 -1.086905e-15 0.000000e+00
60 127 2.608770e-03 3.284247e-03 1 2 0 1 -4.226672e-15 0.000000e+00
60 128 2.608770e-03 4.134622e-03 1 2 0 1 -1.817451e-15 0.000000e+00
60 129 2.608770e-03 5.205181e-03 1 2 0 1 1.313760e-15 0.000000e+00
60 130 2.608770e-03 6.552935e-03 1 2 0 1 3.233929e-15 0.000000e+00
60 131 2.608770e-03 8.249656e-03 1 2 0 1 4.067906e-15 0.000000e+00
61 121 3.284247e-03 8.249656e-04 1 2 0 1 1.749258e-18 0.000000e+00
61 122 3.284247e-03 1.038570e-03 1 2 0 1 3.764971e-18 0.000000e+00
61 123 3.284247e-03 1.307482e-03 1 2 0 1 1.017949e-17 0.000000e+00
61 124 3.284247e-03 1.646023e-03 1 2 0 1 2.844703e-17 0.000000e+00
61 125 3.284247e-03 2.072220e-03 1 2 0 1 8.466620e-17 0.000000e+00
61 126 3.284247e-03 2.608770e-03 1 2 0 1 2.816309e-16 0.000000e+00
61 127 3.284247e-03 3.284247e-03 1 2 0 1 -8.936394e-16 0.000000e+00
61 128 3.284247e-03 4.134622e-03 1 2 0 1 -3.821645e-15 0.000000e+00
61 129 3.284247e-03 5.205181e-03 1 2 0 1 -1.597956e-15 0.000000e+00
61 130 3.284247e-03 6.552935e-03 1 2 0 1 1.152498e-15 0.000000e+00
61 131 3.284247e-03 8.249656e-03 1 2 0 1 2.797968e-15 0.000000e+00
62 121 4.134622e-03 8.249656e-04 1 2 0 1 7.975648e-19 0.000000e+00
62 122 4.134622e-03 1.038570e-03 1 2 0 1 1.258774e-18 0.000000e+00
62 123 4.134622e-03 1.307482e-03 1 2 0 1 3.394698e-18 0.000000e+00
62 124 4.134622e-03 1.646023e-03 1 2 0 1 9.294880e-18 0.000000e+00
62 125 4.134622e-03 2.072220e-03 1 2 0 1 2.620640e-17 0.000000e+00
62 126 4.134622e-03 2.608770e-03 1 2 0 1 8.063683e-17 0.000000e+00
62 127 4.134622e-03 3.284247e-03 1 2 0 1 2.901644e-16 0.000000e+00
62 128 4.134622e-03 4.134622e-03 1 2 0 1 -7.154392e-16 0.000000e+00
62 129 4.134622e-03 5.205181e-03 1 2 0 1 -3.396595e-15 0.000000e+00
62 130 4.134622e-03 6.552935e-03 1 2 0 1 -1.373998e-15 0.000000e+00
62 131 4.134622e-03 8.249656e-03 1 2 0 1 1.017696e-15 0.000000e+00
63 121 5.205181e-03 8.249656e-04 1 2 0 1 4.416526e-19 0.000000e+00
63 122 5.205181e-03 1.038570e-03 1 2 0 1 3.712056e-19 0.000000e+00
63 123 5.205181e-03 1.307482e-03 1 2 0 1 1.057877e-18 0.000000e+00
63 124 5.205181e-03 1.646023e-03 1 2 0 1 2.937025e-18 0.000000e+00
63 125 5.205181e-03 2.072220e-03 1 2 0 1 7.924972e-18 0.000000e+00
63 126 5.205181e-03 2.608770e-03 1 2 0 1 2.278577e-17 0.000000e+00
63 127 5.205181e-03 3.284247e-03 1 2 0 1 7.235854e-17 0.000000e+00
63 128 5.205181e-03 4.134622e-03 1 2 0 1 2.817202e-16 0.000000e+00
63 129 5.205181e-03 5.205181e-03 1 2 0 1 -5.614429e-16 0.000000e+00
63 130 5.205181e-03 6.552935e-03 1 2 0 1 -2.974378e-15 0.000000e+00
63 131 5.205181e-03 8.249656e-03 1 2 0 1 -1.159258e-15 0.000000e+00
64 121 6.552935e-03 8.249656e-04 1 2 0 1 3.365763e-19 0.000000e+00
64 122 6.552935e-03 1.038570e-03 1 2 0 1 7.104428e-20 0.000000e+00
64 123 6.552935e-03 1.307482e-03 1 2 0 1 2.960774e-19 0.000000e+00
64 124 6.552935e-03 1.646023e-03 1 2 0 1 8.971344e-19 0.000000e+00
64 125 6.552935e-03 2.072220e-03 1 2 0 1 2.324643e-18 0.000000e+00
64 126 6.552935e-03 2.608770e-03 1 2 0 1 6.408358e-18 0.000000e+00
64 127 6.552935e-03 3.284247e-03 1 2 0 1 1.871616e-17 0.000000e+00
64 128 6.552935e-03 4.134622e-03 1 2 0 1 6.135655e-17 0.000000e+00
64 129 6.552935e-03 5.205181e-03 1 2 0 1 2.592618e-16 0.000000e+00
64 130 6.552935e-03 6.552935e-03 1 2 0 1 -4.369577e-16 0.000000e+00
64 131 6.552935e-03 8.249656e-03 1 2 0 1 -2.574643e-15 0.000000e+00
65 121 8.249656e-03 8.249656e-04 1 2 0 1 2.932171e-19 0.000000e+00
65 122 8.249656e-03 1.038570e-03 1 2 0 1 -2.103464e-20 0.000000e+00
65 123 8.249656e-03 1.307482e-03 1 2 0 1 5.949372e-20 0.000000e+00
65 124 8.249656e-03 1.646023e-03 1 2 0 1 2.703850e-19 0.000000e+00
65 125 8.249656e-03 2.072220e-03 1 2 0 1 6.590583e-19 0.000000e+00
65 126 8.249656e-03 2.608770e-03 1 2 0 1 1.757425e-18 0.000000e+00
65 127 8.249656e-03 3.284247e-03 1 2 0 1 4.878089e-18 0.000000e+00
65 128 8.249656e-03 4.134622e-03 1 2 0 1 1.451192e-17 0.000000e+00
65 129 8.249656e-03 5.205181e-03 1 2 0 1 4.924051e-17 0.000000e+00
65 130 8.249656e-03 6.552935e-03 1 2 0 1 2.269856e-16 0.000000e+00
65 131 8.249656e-03 8.249656e-03 1 2 0 1 -3.435435e-16 0.000000e+00
