# Please cite the following papers in research using this covariance:
# arXiv: 1601.05779, https://arxiv.org/abs/1601.05779
# arXiv: 1911.11947, https://arxiv.org/abs/1911.11947
# arXiv: 2004.04833, https://arxiv.org/abs/2004.04833
# arXiv: 1804.10663, https://arxiv.org/abs/1804.10663
########################################################
176 176 8.249656e-04 8.249656e-04 1 3 1 3 2.581507e-11 0.000000e+00
176 177 8.249656e-04 1.038570e-03 1 3 1 3 2.696099e-14 0.000000e+00
176 178 8.249656e-04 1.307482e-03 1 3 1 3 9.310158e-15 0.000000e+00
176 179 8.249656e-04 1.646023e-03 1 3 1 3 3.096787e-15 0.000000e+00
176 180 8.249656e-04 2.072220e-03 1 3 1 3 1.011404e-15 0.000000e+00
176 181 8.249656e-04 2.608770e-03 1 3 1 3 3.268567e-16 0.000000e+00
176 182 8.249656e-04 3.284247e-03 1 3 1 3 1.051163e-16 0.000000e+00
176 183 8.249656e-04 4.134622e-03 1 3 1 3 3.398249e-17 0.000000e+00
176 184 8.249656e-04 5.205181e-03 1 3 1 3 1.103680e-17 0.000000e+00
176 185 8.249656e-04 6.552935e-03 1 3 1 3 3.730573e-18 0.000000e+00
176 186 8.249656e-04 8.249656e-03 1 3 1 3 1.256274e-18 0.000000e+00
177 176 1.038570e-03 8.249656e-04 1 3 1 3 2.696099e-14 0.000000e+00
177 177 1.038570e-03 1.038570e-03 1 3 1 3 1.639005e-11 0.000000e+00
177 178 1.038570e-03 1.307482e-03 1 3 1 3 2.501820e-14 0.000000e+00
177 179 1.038570e-03 1.646023e-03 1 3 1 3 8.224258e-15 0.000000e+00
177 180 1.038570e-03 2.072220e-03 1 3 1 3 2.643056e-15 0.000000e+00
177 181 1.038570e-03 2.608770e-03 1 3 1 3 8.429165e-16 0.000000e+00
177 182 1.038570e-03 3.284247e-03 1 3 1 3 2.684983e-16 0.000000e+00
177 183 1.038570e-03 4.134622e-03 1 3 1 3 8.614012e-17 0.000000e+00
177 184 1.038570e-03 5.205181e-03 1 3 1 3 2.807495e-17 0.000000e+00
177 185 1.038570e-03 6.552935e-03 1 3 1 3 9.329756e-18 0.000000e+00
177 186 1.038570e-03 8.249656e-03 1 3 1 3 3.204089e-18 0.000000e+00
178 176 1.307482e-03 8.249656e-04 1 3 1 3 9.310158e-15 0.000000e+00
178 177 1.307482e-03 1.038570e-03 1 3 1 3 2.501820e-14 0.000000e+00
178 178 1.307482e-03 1.307482e-03 1 3 1 3 1.040240e-11 0.000000e+00
178 179 1.307482e-03 1.646023e-03 1 3 1 3 2.271263e-14 0.000000e+00
178 180 1.307482e-03 2.072220e-03 1 3 1 3 7.104548e-15 0.000000e+00
178 181 1.307482e-03 2.608770e-03 1 3 1 3 2.213409e-15 0.000000e+00
178 182 1.307482e-03 3.284247e-03 1 3 1 3 6.937816e-16 0.000000e+00
178 183 1.307482e-03 4.134622e-03 1 3 1 3 2.200494e-16 0.000000e+00
178 184 1.307482e-03 5.205181e-03 1 3 1 3 7.116823e-17 0.000000e+00
178 185 1.307482e-03 6.552935e-03 1 3 1 3 2.365032e-17 0.000000e+00
178 186 1.307482e-03 8.249656e-03 1 3 1 3 8.160966e-18 0.000000e+00
179 176 1.646023e-03 8.249656e-04 1 3 1 3 3.096787e-15 0.000000e+00
179 177 1.646023e-03 1.038570e-03 1 3 1 3 8.224258e-15 0.000000e+00
179 178 1.646023e-03 1.307482e-03 1 3 1 3 2.271263e-14 0.000000e+00
179 179 1.646023e-03 1.646023e-03 1 3 1 3 6.610481e-12 0.000000e+00
179 180 1.646023e-03 2.072220e-03 1 3 1 3 2.018509e-14 0.000000e+00
179 181 1.646023e-03 2.608770e-03 1 3 1 3 6.015674e-15 0.000000e+00
179 182 1.646023e-03 3.284247e-03 1 3 1 3 1.828864e-15 0.000000e+00
179 183 1.646023e-03 4.134622e-03 1 3 1 3 5.688630e-16 0.000000e+00
179 184 1.646023e-03 5.205181e-03 1 3 1 3 1.817558e-16 0.000000e+00
179 185 1.646023e-03 6.552935e-03 1 3 1 3 5.987503e-17 0.000000e+00
179 186 1.646023e-03 8.249656e-03 1 3 1 3 2.046153e-17 0.000000e+00
180 176 2.072220e-03 8.249656e-04 1 3 1 3 1.011404e-15 0.000000e+00
180 177 2.072220e-03 1.038570e-03 1 3 1 3 2.643056e-15 0.000000e+00
180 178 2.072220e-03 1.307482e-03 1 3 1 3 7.104548e-15 0.000000e+00
180 179 2.072220e-03 1.646023e-03 1 3 1 3 2.018509e-14 0.000000e+00
180 180 2.072220e-03 2.072220e-03 1 3 1 3 4.202972e-12 0.000000e+00
180 181 2.072220e-03 2.608770e-03 1 3 1 3 1.758792e-14 0.000000e+00
180 182 2.072220e-03 3.284247e-03 1 3 1 3 5.015057e-15 0.000000e+00
180 183 2.072220e-03 4.134622e-03 1 3 1 3 1.502168e-15 0.000000e+00
180 184 2.072220e-03 5.205181e-03 1 3 1 3 4.693092e-16 0.000000e+00
180 185 2.072220e-03 6.552935e-03 1 3 1 3 1.526771e-16 0.000000e+00
180 186 2.072220e-03 8.249656e-03 1 3 1 3 5.186718e-17 0.000000e+00
181 176 2.608770e-03 8.249656e-04 1 3 1 3 3.268567e-16 0.000000e+00
181 177 2.608770e-03 1.038570e-03 1 3 1 3 8.429165e-16 0.000000e+00
181 178 2.608770e-03 1.307482e-03 1 3 1 3 2.213409e-15 0.000000e+00
181 179 2.608770e-03 1.646023e-03 1 3 1 3 6.015674e-15 0.000000e+00
181 180 2.608770e-03 2.072220e-03 1 3 1 3 1.758792e-14 0.000000e+00
181 181 2.608770e-03 2.608770e-03 1 3 1 3 2.673229e-12 0.000000e+00
181 182 2.608770e-03 3.284247e-03 1 3 1 3 1.506392e-14 0.000000e+00
181 183 2.608770e-03 4.134622e-03 1 3 1 3 4.141823e-15 0.000000e+00
181 184 2.608770e-03 5.205181e-03 1 3 1 3 1.237994e-15 0.000000e+00
181 185 2.608770e-03 6.552935e-03 1 3 1 3 3.933696e-16 0.000000e+00
181 186 2.608770e-03 8.249656e-03 1 3 1 3 1.317883e-16 0.000000e+00
182 176 3.284247e-03 8.249656e-04 1 3 1 3 1.051163e-16 0.000000e+00
182 177 3.284247e-03 1.038570e-03 1 3 1 3 2.684983e-16 0.000000e+00
182 178 3.284247e-03 1.307482e-03 1 3 1 3 6.937816e-16 0.000000e+00
182 179 3.284247e-03 1.646023e-03 1 3 1 3 1.828864e-15 0.000000e+00
182 180 3.284247e-03 2.072220e-03 1 3 1 3 5.015057e-15 0.000000e+00
182 181 3.284247e-03 2.608770e-03 1 3 1 3 1.506392e-14 0.000000e+00
182 182 3.284247e-03 3.284247e-03 1 3 1 3 1.701463e-12 0.000000e+00
182 183 3.284247e-03 4.134622e-03 1 3 1 3 1.273049e-14 0.000000e+00
182 184 3.284247e-03 5.205181e-03 1 3 1 3 3.416174e-15 0.000000e+00
182 185 3.284247e-03 6.552935e-03 1 3 1 3 1.033814e-15 0.000000e+00
182 186 3.284247e-03 8.249656e-03 1 3 1 3 3.380577e-16 0.000000e+00
183 176 4.134622e-03 8.249656e-04 1 3 1 3 3.398249e-17 0.000000e+00
183 177 4.134622e-03 1.038570e-03 1 3 1 3 8.614012e-17 0.000000e+00
183 178 4.134622e-03 1.307482e-03 1 3 1 3 2.200494e-16 0.000000e+00
183 179 4.134622e-03 1.646023e-03 1 3 1 3 5.688630e-16 0.000000e+00
183 180 4.134622e-03 2.072220e-03 1 3 1 3 1.502168e-15 0.000000e+00
183 181 4.134622e-03 2.608770e-03 1 3 1 3 4.141823e-15 0.000000e+00
183 182 4.134622e-03 3.284247e-03 1 3 1 3 1.273049e-14 0.000000e+00
183 183 4.134622e-03 4.134622e-03 1 3 1 3 1.085514e-12 0.000000e+00
183 184 4.134622e-03 5.205181e-03 1 3 1 3 1.066979e-14 0.000000e+00
183 185 4.134622e-03 6.552935e-03 1 3 1 3 2.840034e-15 0.000000e+00
183 186 4.134622e-03 8.249656e-03 1 3 1 3 8.827733e-16 0.000000e+00
184 176 5.205181e-03 8.249656e-04 1 3 1 3 1.103680e-17 0.000000e+00
184 177 5.205181e-03 1.038570e-03 1 3 1 3 2.807495e-17 0.000000e+00
184 178 5.205181e-03 1.307482e-03 1 3 1 3 7.116823e-17 0.000000e+00
184 179 5.205181e-03 1.646023e-03 1 3 1 3 1.817558e-16 0.000000e+00
184 180 5.205181e-03 2.072220e-03 1 3 1 3 4.693092e-16 0.000000e+00
184 181 5.205181e-03 2.608770e-03 1 3 1 3 1.237994e-15 0.000000e+00
184 182 5.205181e-03 3.284247e-03 1 3 1 3 3.416174e-15 0.000000e+00
184 183 5.205181e-03 4.134622e-03 1 3 1 3 1.066979e-14 0.000000e+00
184 184 5.205181e-03 5.205181e-03 1 3 1 3 6.939265e-13 0.000000e+00
184 185 5.205181e-03 6.552935e-03 1 3 1 3 8.925803e-15 0.000000e+00
184 186 5.205181e-03 8.249656e-03 1 3 1 3 2.401801e-15 0.000000e+00
185 176 6.552935e-03 8.249656e-04 1 3 1 3 3.730573e-18 0.000000e+00
185 177 6.552935e-03 1.038570e-03 1 3 1 3 9.329756e-18 0.000000e+00
185 178 6.552935e-03 1.307482e-03 1 3 1 3 2.365032e-17 0.000000e+00
185 179 6.552935e-03 1.646023e-03 1 3 1 3 5.987503e-17 0.000000e+00
185 180 6.552935e-03 2.072220e-03 1 3 1 3 1.526771e-16 0.000000e+00
185 181 6.552935e-03 2.608770e-03 1 3 1 3 3.933696e-16 0.000000e+00
185 182 6.552935e-03 3.284247e-03 1 3 1 3 1.033814e-15 0.000000e+00
185 183 6.552935e-03 4.134622e-03 1 3 1 3 2.840034e-15 0.000000e+00
185 184 6.552935e-03 5.205181e-03 1 3 1 3 8.925803e-15 0.000000e+00
185 185 6.552935e-03 6.552935e-03 1 3 1 3 4.446779e-13 0.000000e+00
185 186 6.552935e-03 8.249656e-03 1 3 1 3 7.506647e-15 0.000000e+00
186 176 8.249656e-03 8.249656e-04 1 3 1 3 1.256274e-18 0.000000e+00
186 177 8.249656e-03 1.038570e-03 1 3 1 3 3.204089e-18 0.000000e+00
186 178 8.249656e-03 1.307482e-03 1 3 1 3 8.160966e-18 0.000000e+00
186 179 8.249656e-03 1.646023e-03 1 3 1 3 2.046153e-17 0.000000e+00
186 180 8.249656e-03 2.072220e-03 1 3 1 3 5.186718e-17 0.000000e+00
186 181 8.249656e-03 2.608770e-03 1 3 1 3 1.317883e-16 0.000000e+00
186 182 8.249656e-03 3.284247e-03 1 3 1 3 3.380577e-16 0.000000e+00
186 183 8.249656e-03 4.134622e-03 1 3 1 3 8.827733e-16 0.000000e+00
186 184 8.249656e-03 5.205181e-03 1 3 1 3 2.401801e-15 0.000000e+00
186 185 8.249656e-03 6.552935e-03 1 3 1 3 7.506647e-15 0.000000e+00
186 186 8.249656e-03 8.249656e-03 1 3 1 3 2.861596e-13 0.000000e+00
