# Please cite the following papers in research using this covariance:
# arXiv: 1601.05779, https://arxiv.org/abs/1601.05779
# arXiv: 1911.11947, https://arxiv.org/abs/1911.11947
# arXiv: 2004.04833, https://arxiv.org/abs/2004.04833
# arXiv: 1804.10663, https://arxiv.org/abs/1804.10663
########################################################
121 132 8.249656e-04 8.249656e-04 0 1 0 2 1.018349e-14 0.000000e+00
121 133 8.249656e-04 1.038570e-03 0 1 0 2 5.865263e-15 0.000000e+00
121 134 8.249656e-04 1.307482e-03 0 1 0 2 2.201542e-15 0.000000e+00
121 135 8.249656e-04 1.646023e-03 0 1 0 2 7.790456e-16 0.000000e+00
121 136 8.249656e-04 2.072220e-03 0 1 0 2 2.653546e-16 0.000000e+00
121 137 8.249656e-04 2.608770e-03 0 1 0 2 8.774164e-17 0.000000e+00
121 138 8.249656e-04 3.284247e-03 0 1 0 2 2.835629e-17 0.000000e+00
121 139 8.249656e-04 4.134622e-03 0 1 0 2 9.038923e-18 0.000000e+00
121 140 8.249656e-04 5.205181e-03 0 1 0 2 2.857616e-18 0.000000e+00
121 141 8.249656e-04 6.552935e-03 0 1 0 2 9.206128e-19 0.000000e+00
121 142 8.249656e-04 8.249656e-03 0 1 0 2 2.957146e-19 0.000000e+00
122 132 1.038570e-03 8.249656e-04 0 1 0 2 5.865263e-15 0.000000e+00
122 133 1.038570e-03 1.038570e-03 0 1 0 2 1.014566e-14 0.000000e+00
122 134 1.038570e-03 1.307482e-03 0 1 0 2 5.660685e-15 0.000000e+00
122 135 1.038570e-03 1.646023e-03 0 1 0 2 2.026026e-15 0.000000e+00
122 136 1.038570e-03 2.072220e-03 0 1 0 2 6.870572e-16 0.000000e+00
122 137 1.038570e-03 2.608770e-03 0 1 0 2 2.255469e-16 0.000000e+00
122 138 1.038570e-03 3.284247e-03 0 1 0 2 7.240138e-17 0.000000e+00
122 139 1.038570e-03 4.134622e-03 0 1 0 2 2.294466e-17 0.000000e+00
122 140 1.038570e-03 5.205181e-03 0 1 0 2 7.263856e-18 0.000000e+00
122 141 1.038570e-03 6.552935e-03 0 1 0 2 2.309685e-18 0.000000e+00
122 142 1.038570e-03 8.249656e-03 0 1 0 2 7.543620e-19 0.000000e+00
123 132 1.307482e-03 8.249656e-04 0 1 0 2 2.201542e-15 0.000000e+00
123 133 1.307482e-03 1.038570e-03 0 1 0 2 5.660685e-15 0.000000e+00
123 134 1.307482e-03 1.307482e-03 0 1 0 2 9.926440e-15 0.000000e+00
123 135 1.307482e-03 1.646023e-03 0 1 0 2 5.338405e-15 0.000000e+00
123 136 1.307482e-03 2.072220e-03 0 1 0 2 1.812514e-15 0.000000e+00
123 137 1.307482e-03 2.608770e-03 0 1 0 2 5.884905e-16 0.000000e+00
123 138 1.307482e-03 3.284247e-03 0 1 0 2 1.868712e-16 0.000000e+00
123 139 1.307482e-03 4.134622e-03 0 1 0 2 5.868625e-17 0.000000e+00
123 140 1.307482e-03 5.205181e-03 0 1 0 2 1.844434e-17 0.000000e+00
123 141 1.307482e-03 6.552935e-03 0 1 0 2 5.860649e-18 0.000000e+00
123 142 1.307482e-03 8.249656e-03 0 1 0 2 1.922251e-18 0.000000e+00
124 132 1.646023e-03 8.249656e-04 0 1 0 2 7.790456e-16 0.000000e+00
124 133 1.646023e-03 1.038570e-03 0 1 0 2 2.026026e-15 0.000000e+00
124 134 1.646023e-03 1.307482e-03 0 1 0 2 5.338405e-15 0.000000e+00
124 135 1.646023e-03 1.646023e-03 0 1 0 2 9.525452e-15 0.000000e+00
124 136 1.646023e-03 2.072220e-03 0 1 0 2 4.912490e-15 0.000000e+00
124 137 1.646023e-03 2.608770e-03 0 1 0 2 1.576027e-15 0.000000e+00
124 138 1.646023e-03 3.284247e-03 0 1 0 2 4.911836e-16 0.000000e+00
124 139 1.646023e-03 4.134622e-03 0 1 0 2 1.519369e-16 0.000000e+00
124 140 1.646023e-03 5.205181e-03 0 1 0 2 4.722004e-17 0.000000e+00
124 141 1.646023e-03 6.552935e-03 0 1 0 2 1.487868e-17 0.000000e+00
124 142 1.646023e-03 8.249656e-03 0 1 0 2 4.827962e-18 0.000000e+00
125 132 2.072220e-03 8.249656e-04 0 1 0 2 2.653546e-16 0.000000e+00
125 133 2.072220e-03 1.038570e-03 0 1 0 2 6.870572e-16 0.000000e+00
125 134 2.072220e-03 1.307482e-03 0 1 0 2 1.812514e-15 0.000000e+00
125 135 2.072220e-03 1.646023e-03 0 1 0 2 4.912490e-15 0.000000e+00
125 136 2.072220e-03 2.072220e-03 0 1 0 2 8.955447e-15 0.000000e+00
125 137 2.072220e-03 2.608770e-03 0 1 0 2 4.409266e-15 0.000000e+00
125 138 2.072220e-03 3.284247e-03 0 1 0 2 1.334809e-15 0.000000e+00
125 139 2.072220e-03 4.134622e-03 0 1 0 2 4.017442e-16 0.000000e+00
125 140 2.072220e-03 5.205181e-03 0 1 0 2 1.224044e-16 0.000000e+00
125 141 2.072220e-03 6.552935e-03 0 1 0 2 3.809225e-17 0.000000e+00
125 142 2.072220e-03 8.249656e-03 0 1 0 2 1.226973e-17 0.000000e+00
126 132 2.608770e-03 8.249656e-04 0 1 0 2 8.774164e-17 0.000000e+00
126 133 2.608770e-03 1.038570e-03 0 1 0 2 2.255469e-16 0.000000e+00
126 134 2.608770e-03 1.307482e-03 0 1 0 2 5.884905e-16 0.000000e+00
126 135 2.608770e-03 1.646023e-03 0 1 0 2 1.576027e-15 0.000000e+00
126 136 2.608770e-03 2.072220e-03 0 1 0 2 4.409266e-15 0.000000e+00
126 137 2.608770e-03 2.608770e-03 0 1 0 2 8.246842e-15 0.000000e+00
126 138 2.608770e-03 3.284247e-03 0 1 0 2 3.863131e-15 0.000000e+00
126 139 2.608770e-03 4.134622e-03 0 1 0 2 1.105778e-15 0.000000e+00
126 140 2.608770e-03 5.205181e-03 0 1 0 2 3.247466e-16 0.000000e+00
126 141 2.608770e-03 6.552935e-03 0 1 0 2 9.876613e-17 0.000000e+00
126 142 2.608770e-03 8.249656e-03 0 1 0 2 3.131429e-17 0.000000e+00
127 132 3.284247e-03 8.249656e-04 0 1 0 2 2.835629e-17 0.000000e+00
127 133 3.284247e-03 1.038570e-03 0 1 0 2 7.240138e-17 0.000000e+00
127 134 3.284247e-03 1.307482e-03 0 1 0 2 1.868712e-16 0.000000e+00
127 135 3.284247e-03 1.646023e-03 0 1 0 2 4.911836e-16 0.000000e+00
127 136 3.284247e-03 2.072220e-03 0 1 0 2 1.334809e-15 0.000000e+00
127 137 3.284247e-03 2.608770e-03 0 1 0 2 3.863131e-15 0.000000e+00
127 138 3.284247e-03 3.284247e-03 0 1 0 2 7.442179e-15 0.000000e+00
127 139 3.284247e-03 4.134622e-03 0 1 0 2 3.310944e-15 0.000000e+00
127 140 3.284247e-03 5.205181e-03 0 1 0 2 9.019942e-16 0.000000e+00
127 141 3.284247e-03 6.552935e-03 0 1 0 2 2.621646e-16 0.000000e+00
127 142 3.284247e-03 8.249656e-03 0 1 0 2 8.092725e-17 0.000000e+00
128 132 4.134622e-03 8.249656e-04 0 1 0 2 9.038923e-18 0.000000e+00
128 133 4.134622e-03 1.038570e-03 0 1 0 2 2.294466e-17 0.000000e+00
128 134 4.134622e-03 1.307482e-03 0 1 0 2 5.868625e-17 0.000000e+00
128 135 4.134622e-03 1.646023e-03 0 1 0 2 1.519369e-16 0.000000e+00
128 136 4.134622e-03 2.072220e-03 0 1 0 2 4.017442e-16 0.000000e+00
128 137 4.134622e-03 2.608770e-03 0 1 0 2 1.105778e-15 0.000000e+00
128 138 4.134622e-03 3.284247e-03 0 1 0 2 3.310944e-15 0.000000e+00
128 139 4.134622e-03 4.134622e-03 0 1 0 2 6.590348e-15 0.000000e+00
128 140 4.134622e-03 5.205181e-03 0 1 0 2 2.786026e-15 0.000000e+00
128 141 4.134622e-03 6.552935e-03 0 1 0 2 7.310169e-16 0.000000e+00
128 142 4.134622e-03 8.249656e-03 0 1 0 2 2.140339e-16 0.000000e+00
129 132 5.205181e-03 8.249656e-04 0 1 0 2 2.857616e-18 0.000000e+00
129 133 5.205181e-03 1.038570e-03 0 1 0 2 7.263856e-18 0.000000e+00
129 134 5.205181e-03 1.307482e-03 0 1 0 2 1.844434e-17 0.000000e+00
129 135 5.205181e-03 1.646023e-03 0 1 0 2 4.722004e-17 0.000000e+00
129 136 5.205181e-03 2.072220e-03 0 1 0 2 1.224044e-16 0.000000e+00
129 137 5.205181e-03 2.608770e-03 0 1 0 2 3.247466e-16 0.000000e+00
129 138 5.205181e-03 3.284247e-03 0 1 0 2 9.019942e-16 0.000000e+00
129 139 5.205181e-03 4.134622e-03 0 1 0 2 2.786026e-15 0.000000e+00
129 140 5.205181e-03 5.205181e-03 0 1 0 2 5.739305e-15 0.000000e+00
129 141 5.205181e-03 6.552935e-03 0 1 0 2 2.313970e-15 0.000000e+00
129 142 5.205181e-03 8.249656e-03 0 1 0 2 5.951243e-16 0.000000e+00
130 132 6.552935e-03 8.249656e-04 0 1 0 2 9.206128e-19 0.000000e+00
130 133 6.552935e-03 1.038570e-03 0 1 0 2 2.309685e-18 0.000000e+00
130 134 6.552935e-03 1.307482e-03 0 1 0 2 5.860649e-18 0.000000e+00
130 135 6.552935e-03 1.646023e-03 0 1 0 2 1.487868e-17 0.000000e+00
130 136 6.552935e-03 2.072220e-03 0 1 0 2 3.809225e-17 0.000000e+00
130 137 6.552935e-03 2.608770e-03 0 1 0 2 9.876613e-17 0.000000e+00
130 138 6.552935e-03 3.284247e-03 0 1 0 2 2.621646e-16 0.000000e+00
130 139 6.552935e-03 4.134622e-03 0 1 0 2 7.310169e-16 0.000000e+00
130 140 6.552935e-03 5.205181e-03 0 1 0 2 2.313970e-15 0.000000e+00
130 141 6.552935e-03 6.552935e-03 0 1 0 2 4.930579e-15 0.000000e+00
130 142 6.552935e-03 8.249656e-03 0 1 0 2 1.910185e-15 0.000000e+00
131 132 8.249656e-03 8.249656e-04 0 1 0 2 2.957146e-19 0.000000e+00
131 133 8.249656e-03 1.038570e-03 0 1 0 2 7.543620e-19 0.000000e+00
131 134 8.249656e-03 1.307482e-03 0 1 0 2 1.922251e-18 0.000000e+00
131 135 8.249656e-03 1.646023e-03 0 1 0 2 4.827962e-18 0.000000e+00
131 136 8.249656e-03 2.072220e-03 0 1 0 2 1.226973e-17 0.000000e+00
131 137 8.249656e-03 2.608770e-03 0 1 0 2 3.131429e-17 0.000000e+00
131 138 8.249656e-03 3.284247e-03 0 1 0 2 8.092725e-17 0.000000e+00
131 139 8.249656e-03 4.134622e-03 0 1 0 2 2.140339e-16 0.000000e+00
131 140 8.249656e-03 5.205181e-03 0 1 0 2 5.951243e-16 0.000000e+00
131 141 8.249656e-03 6.552935e-03 0 1 0 2 1.910185e-15 0.000000e+00
131 142 8.249656e-03 8.249656e-03 0 1 0 2 4.195296e-15 0.000000e+00
