# Please cite the following papers in research using this covariance:
# arXiv: 1601.05779, https://arxiv.org/abs/1601.05779
# arXiv: 1911.11947, https://arxiv.org/abs/1911.11947
# arXiv: 2004.04833, https://arxiv.org/abs/2004.04833
# arXiv: 1804.10663, https://arxiv.org/abs/1804.10663
########################################################
22 209 8.249656e-04 8.249656e-04 0 2 3 3 -4.258245e-17 0.000000e+00
22 210 8.249656e-04 1.038570e-03 0 2 3 3 -5.764705e-17 0.000000e+00
22 211 8.249656e-04 1.307482e-03 0 2 3 3 3.188447e-17 0.000000e+00
22 212 8.249656e-04 1.646023e-03 0 2 3 3 2.601452e-16 0.000000e+00
22 213 8.249656e-04 2.072220e-03 0 2 3 3 5.918400e-16 0.000000e+00
22 214 8.249656e-04 2.608770e-03 0 2 3 3 9.735380e-16 0.000000e+00
22 215 8.249656e-04 3.284247e-03 0 2 3 3 1.359581e-15 0.000000e+00
22 216 8.249656e-04 4.134622e-03 0 2 3 3 1.722483e-15 0.000000e+00
22 217 8.249656e-04 5.205181e-03 0 2 3 3 2.054804e-15 0.000000e+00
22 218 8.249656e-04 6.552935e-03 0 2 3 3 2.366891e-15 0.000000e+00
22 219 8.249656e-04 8.249656e-03 0 2 3 3 2.682385e-15 0.000000e+00
23 209 1.038570e-03 8.249656e-04 0 2 3 3 -2.456710e-17 0.000000e+00
23 210 1.038570e-03 1.038570e-03 0 2 3 3 -6.585283e-17 0.000000e+00
23 211 1.038570e-03 1.307482e-03 0 2 3 3 -9.629670e-17 0.000000e+00
23 212 1.038570e-03 1.646023e-03 0 2 3 3 1.606323e-17 0.000000e+00
23 213 1.038570e-03 2.072220e-03 0 2 3 3 3.031054e-16 0.000000e+00
23 214 1.038570e-03 2.608770e-03 0 2 3 3 7.000277e-16 0.000000e+00
23 215 1.038570e-03 3.284247e-03 0 2 3 3 1.131636e-15 0.000000e+00
23 216 1.038570e-03 4.134622e-03 0 2 3 3 1.547308e-15 0.000000e+00
23 217 1.038570e-03 5.205181e-03 0 2 3 3 1.926965e-15 0.000000e+00
23 218 1.038570e-03 6.552935e-03 0 2 3 3 2.276334e-15 0.000000e+00
23 219 1.038570e-03 8.249656e-03 0 2 3 3 2.618995e-15 0.000000e+00
24 209 1.307482e-03 8.249656e-04 0 2 3 3 -1.129926e-17 0.000000e+00
24 210 1.307482e-03 1.038570e-03 0 2 3 3 -3.346608e-17 0.000000e+00
24 211 1.307482e-03 1.307482e-03 0 2 3 3 -9.383076e-17 0.000000e+00
24 212 1.307482e-03 1.646023e-03 0 2 3 3 -1.467907e-16 0.000000e+00
24 213 1.307482e-03 2.072220e-03 0 2 3 3 -8.070041e-18 0.000000e+00
24 214 1.307482e-03 2.608770e-03 0 2 3 3 3.447068e-16 0.000000e+00
24 215 1.307482e-03 3.284247e-03 0 2 3 3 8.078511e-16 0.000000e+00
24 216 1.307482e-03 4.134622e-03 0 2 3 3 1.286533e-15 0.000000e+00
24 217 1.307482e-03 5.205181e-03 0 2 3 3 1.731668e-15 0.000000e+00
24 218 1.307482e-03 6.552935e-03 0 2 3 3 2.135944e-15 0.000000e+00
24 219 1.307482e-03 8.249656e-03 0 2 3 3 2.519877e-15 0.000000e+00
25 209 1.646023e-03 8.249656e-04 0 2 3 3 -4.478999e-18 0.000000e+00
25 210 1.646023e-03 1.038570e-03 0 2 3 3 -1.384740e-17 0.000000e+00
25 211 1.646023e-03 1.307482e-03 0 2 3 3 -4.125517e-17 0.000000e+00
25 212 1.646023e-03 1.646023e-03 0 2 3 3 -1.253506e-16 0.000000e+00
25 213 1.646023e-03 2.072220e-03 0 2 3 3 -2.079420e-16 0.000000e+00
25 214 1.646023e-03 2.608770e-03 0 2 3 3 -3.831003e-17 0.000000e+00
25 215 1.646023e-03 3.284247e-03 0 2 3 3 3.855935e-16 0.000000e+00
25 216 1.646023e-03 4.134622e-03 0 2 3 3 9.149684e-16 0.000000e+00
25 217 1.646023e-03 5.205181e-03 0 2 3 3 1.440398e-15 0.000000e+00
25 218 1.646023e-03 6.552935e-03 0 2 3 3 1.921282e-15 0.000000e+00
25 219 1.646023e-03 8.249656e-03 0 2 3 3 2.366168e-15 0.000000e+00
26 209 2.072220e-03 8.249656e-04 0 2 3 3 -1.414997e-18 0.000000e+00
26 210 2.072220e-03 1.038570e-03 0 2 3 3 -5.164336e-18 0.000000e+00
26 211 2.072220e-03 1.307482e-03 0 2 3 3 -1.477971e-17 0.000000e+00
26 212 2.072220e-03 1.646023e-03 0 2 3 3 -4.696467e-17 0.000000e+00
26 213 2.072220e-03 2.072220e-03 0 2 3 3 -1.580412e-16 0.000000e+00
26 214 2.072220e-03 2.608770e-03 0 2 3 3 -2.763077e-16 0.000000e+00
26 215 2.072220e-03 3.284247e-03 0 2 3 3 -7.095631e-17 0.000000e+00
26 216 2.072220e-03 4.134622e-03 0 2 3 3 4.281169e-16 0.000000e+00
26 217 2.072220e-03 5.205181e-03 0 2 3 3 1.024117e-15 0.000000e+00
26 218 2.072220e-03 6.552935e-03 0 2 3 3 1.600654e-15 0.000000e+00
26 219 2.072220e-03 8.249656e-03 0 2 3 3 2.131022e-15 0.000000e+00
27 209 2.608770e-03 8.249656e-04 0 2 3 3 -1.896797e-19 0.000000e+00
27 210 2.608770e-03 1.038570e-03 0 2 3 3 -1.771725e-18 0.000000e+00
27 211 2.608770e-03 1.307482e-03 0 2 3 3 -4.785473e-18 0.000000e+00
27 212 2.608770e-03 1.646023e-03 0 2 3 3 -1.428560e-17 0.000000e+00
27 213 2.608770e-03 2.072220e-03 0 2 3 3 -4.961323e-17 0.000000e+00
27 214 2.608770e-03 2.608770e-03 0 2 3 3 -1.887221e-16 0.000000e+00
27 215 2.608770e-03 3.284247e-03 0 2 3 3 -3.474963e-16 0.000000e+00
27 216 2.608770e-03 4.134622e-03 0 2 3 3 -1.012270e-16 0.000000e+00
27 217 2.608770e-03 5.205181e-03 0 2 3 3 4.759496e-16 0.000000e+00
27 218 2.608770e-03 6.552935e-03 0 2 3 3 1.141238e-15 0.000000e+00
27 219 2.608770e-03 8.249656e-03 0 2 3 3 1.779481e-15 0.000000e+00
28 209 3.284247e-03 8.249656e-04 0 2 3 3 2.439890e-19 0.000000e+00
28 210 3.284247e-03 1.038570e-03 0 2 3 3 -5.938475e-19 0.000000e+00
28 211 3.284247e-03 1.307482e-03 0 2 3 3 -1.429987e-18 0.000000e+00
28 212 3.284247e-03 1.646023e-03 0 2 3 3 -3.919278e-18 0.000000e+00
28 213 3.284247e-03 2.072220e-03 0 2 3 3 -1.269056e-17 0.000000e+00
28 214 3.284247e-03 2.608770e-03 0 2 3 3 -4.849973e-17 0.000000e+00
28 215 3.284247e-03 3.284247e-03 0 2 3 3 -2.150098e-16 0.000000e+00
28 216 3.284247e-03 4.134622e-03 0 2 3 3 -4.169260e-16 0.000000e+00
28 217 3.284247e-03 5.205181e-03 0 2 3 3 -1.245255e-16 0.000000e+00
28 218 3.284247e-03 6.552935e-03 0 2 3 3 5.334997e-16 0.000000e+00
28 219 3.284247e-03 8.249656e-03 0 2 3 3 1.274920e-15 0.000000e+00
29 209 4.134622e-03 8.249656e-04 0 2 3 3 3.791971e-19 0.000000e+00
29 210 4.134622e-03 1.038570e-03 0 2 3 3 -2.327784e-19 0.000000e+00
29 211 4.134622e-03 1.307482e-03 0 2 3 3 -4.304130e-19 0.000000e+00
29 212 4.134622e-03 1.646023e-03 0 2 3 3 -9.746561e-19 0.000000e+00
29 213 4.134622e-03 2.072220e-03 0 2 3 3 -3.050041e-18 0.000000e+00
29 214 4.134622e-03 2.608770e-03 0 2 3 3 -1.031659e-17 0.000000e+00
29 215 4.134622e-03 3.284247e-03 0 2 3 3 -4.427918e-17 0.000000e+00
29 216 4.134622e-03 4.134622e-03 0 2 3 3 -2.358271e-16 0.000000e+00
29 217 4.134622e-03 5.205181e-03 0 2 3 3 -4.811817e-16 0.000000e+00
29 218 4.134622e-03 6.552935e-03 0 2 3 3 -1.377183e-16 0.000000e+00
29 219 4.134622e-03 8.249656e-03 0 2 3 3 6.051845e-16 0.000000e+00
30 209 5.205181e-03 8.249656e-04 0 2 3 3 4.152779e-19 0.000000e+00
30 210 5.205181e-03 1.038570e-03 0 2 3 3 -1.370050e-19 0.000000e+00
30 211 5.205181e-03 1.307482e-03 0 2 3 3 -1.704089e-19 0.000000e+00
30 212 5.205181e-03 1.646023e-03 0 2 3 3 -2.342754e-19 0.000000e+00
30 213 5.205181e-03 2.072220e-03 0 2 3 3 -7.719988e-19 0.000000e+00
30 214 5.205181e-03 2.608770e-03 0 2 3 3 -2.303299e-18 0.000000e+00
30 215 5.205181e-03 3.284247e-03 0 2 3 3 -8.079126e-18 0.000000e+00
30 216 5.205181e-03 4.134622e-03 0 2 3 3 -3.858830e-17 0.000000e+00
30 217 5.205181e-03 5.205181e-03 0 2 3 3 -2.520354e-16 0.000000e+00
30 218 5.205181e-03 6.552935e-03 0 2 3 3 -5.392058e-16 0.000000e+00
30 219 5.205181e-03 8.249656e-03 0 2 3 3 -1.401031e-16 0.000000e+00
31 209 6.552935e-03 8.249656e-04 0 2 3 3 4.239892e-19 0.000000e+00
31 210 6.552935e-03 1.038570e-03 0 2 3 3 -1.135722e-19 0.000000e+00
31 211 6.552935e-03 1.307482e-03 0 2 3 3 -1.083644e-19 0.000000e+00
31 212 6.552935e-03 1.646023e-03 0 2 3 3 -6.407125e-20 0.000000e+00
31 213 6.552935e-03 2.072220e-03 0 2 3 3 -2.773986e-19 0.000000e+00
31 214 6.552935e-03 2.608770e-03 0 2 3 3 -7.205788e-19 0.000000e+00
31 215 6.552935e-03 3.284247e-03 0 2 3 3 -2.071824e-18 0.000000e+00
31 216 6.552935e-03 4.134622e-03 0 2 3 3 -6.911755e-18 0.000000e+00
31 217 6.552935e-03 5.205181e-03 0 2 3 3 -3.380166e-17 0.000000e+00
31 218 6.552935e-03 6.552935e-03 0 2 3 3 -2.665485e-16 0.000000e+00
31 219 6.552935e-03 8.249656e-03 0 2 3 3 -5.930019e-16 0.000000e+00
32 209 8.249656e-03 8.249656e-04 0 2 3 3 4.260249e-19 0.000000e+00
32 210 8.249656e-03 1.038570e-03 0 2 3 3 -1.070582e-19 0.000000e+00
32 211 8.249656e-03 1.307482e-03 0 2 3 3 -9.182858e-20 0.000000e+00
32 212 8.249656e-03 1.646023e-03 0 2 3 3 -2.063929e-20 0.000000e+00
32 213 8.249656e-03 2.072220e-03 0 2 3 3 -1.585357e-19 0.000000e+00
32 214 8.249656e-03 2.608770e-03 0 2 3 3 -3.774317e-19 0.000000e+00
32 215 8.249656e-03 3.284247e-03 0 2 3 3 -9.719422e-19 0.000000e+00
32 216 8.249656e-03 4.134622e-03 0 2 3 3 -2.592454e-18 0.000000e+00
32 217 8.249656e-03 5.205181e-03 0 2 3 3 -7.599268e-18 0.000000e+00
32 218 8.249656e-03 6.552935e-03 0 2 3 3 -3.249878e-17 0.000000e+00
32 219 8.249656e-03 8.249656e-03 0 2 3 3 -2.839558e-16 0.000000e+00
