# Please cite the following papers in research using this covariance:
# arXiv: 1601.05779, https://arxiv.org/abs/1601.05779
# arXiv: 1911.11947, https://arxiv.org/abs/1911.11947
# arXiv: 2004.04833, https://arxiv.org/abs/2004.04833
# arXiv: 1804.10663, https://arxiv.org/abs/1804.10663
########################################################
11 165 8.249656e-04 8.249656e-04 0 1 1 2 -1.847773e-15 0.000000e+00
11 166 8.249656e-04 1.038570e-03 0 1 1 2 -5.251957e-15 0.000000e+00
11 167 8.249656e-04 1.307482e-03 0 1 1 2 -2.350510e-15 0.000000e+00
11 168 8.249656e-04 1.646023e-03 0 1 1 2 2.396915e-15 0.000000e+00
11 169 8.249656e-04 2.072220e-03 0 1 1 2 6.027655e-15 0.000000e+00
11 170 8.249656e-04 2.608770e-03 0 1 1 2 8.037870e-15 0.000000e+00
11 171 8.249656e-04 3.284247e-03 0 1 1 2 8.732892e-15 0.000000e+00
11 172 8.249656e-04 4.134622e-03 0 1 1 2 8.566440e-15 0.000000e+00
11 173 8.249656e-04 5.205181e-03 0 1 1 2 7.926052e-15 0.000000e+00
11 174 8.249656e-04 6.552935e-03 0 1 1 2 7.088272e-15 0.000000e+00
11 175 8.249656e-04 8.249656e-03 0 1 1 2 6.229990e-15 0.000000e+00
12 165 1.038570e-03 8.249656e-04 0 1 1 2 3.309831e-17 0.000000e+00
12 166 1.038570e-03 1.038570e-03 0 1 1 2 -1.758946e-15 0.000000e+00
12 167 1.038570e-03 1.307482e-03 0 1 1 2 -5.221687e-15 0.000000e+00
12 168 1.038570e-03 1.646023e-03 0 1 1 2 -2.352259e-15 0.000000e+00
12 169 1.038570e-03 2.072220e-03 0 1 1 2 2.166195e-15 0.000000e+00
12 170 1.038570e-03 2.608770e-03 0 1 1 2 5.461674e-15 0.000000e+00
12 171 1.038570e-03 3.284247e-03 0 1 1 2 7.168860e-15 0.000000e+00
12 172 1.038570e-03 4.134622e-03 0 1 1 2 7.667084e-15 0.000000e+00
12 173 1.038570e-03 5.205181e-03 0 1 1 2 7.425752e-15 0.000000e+00
12 174 1.038570e-03 6.552935e-03 0 1 1 2 6.815207e-15 0.000000e+00
12 175 1.038570e-03 8.249656e-03 0 1 1 2 6.082061e-15 0.000000e+00
13 165 1.307482e-03 8.249656e-04 0 1 1 2 4.711527e-17 0.000000e+00
13 166 1.307482e-03 1.038570e-03 0 1 1 2 9.526239e-17 0.000000e+00
13 167 1.307482e-03 1.307482e-03 0 1 1 2 -1.631046e-15 0.000000e+00
13 168 1.307482e-03 1.646023e-03 0 1 1 2 -5.098606e-15 0.000000e+00
13 169 1.307482e-03 2.072220e-03 0 1 1 2 -2.294740e-15 0.000000e+00
13 170 1.307482e-03 2.608770e-03 0 1 1 2 1.933236e-15 0.000000e+00
13 171 1.307482e-03 3.284247e-03 0 1 1 2 4.872000e-15 0.000000e+00
13 172 1.307482e-03 4.134622e-03 0 1 1 2 6.300766e-15 0.000000e+00
13 173 1.307482e-03 5.205181e-03 0 1 1 2 6.651957e-15 0.000000e+00
13 174 1.307482e-03 6.552935e-03 0 1 1 2 6.388688e-15 0.000000e+00
13 175 1.307482e-03 8.249656e-03 0 1 1 2 5.849710e-15 0.000000e+00
14 165 1.646023e-03 8.249656e-04 0 1 1 2 2.385045e-17 0.000000e+00
14 166 1.646023e-03 1.038570e-03 0 1 1 2 6.299077e-17 0.000000e+00
14 167 1.646023e-03 1.307482e-03 0 1 1 2 1.571534e-16 0.000000e+00
14 168 1.646023e-03 1.646023e-03 0 1 1 2 -1.468784e-15 0.000000e+00
14 169 1.646023e-03 2.072220e-03 0 1 1 2 -4.884310e-15 0.000000e+00
14 170 1.646023e-03 2.608770e-03 0 1 1 2 -2.180177e-15 0.000000e+00
14 171 1.646023e-03 3.284247e-03 0 1 1 2 1.708506e-15 0.000000e+00
14 172 1.646023e-03 4.134622e-03 0 1 1 2 4.287946e-15 0.000000e+00
14 173 1.646023e-03 5.205181e-03 0 1 1 2 5.474530e-15 0.000000e+00
14 174 1.646023e-03 6.552935e-03 0 1 1 2 5.728530e-15 0.000000e+00
14 175 1.646023e-03 8.249656e-03 0 1 1 2 5.486683e-15 0.000000e+00
15 165 2.072220e-03 8.249656e-04 0 1 1 2 1.036412e-17 0.000000e+00
15 166 2.072220e-03 1.038570e-03 0 1 1 2 2.717207e-17 0.000000e+00
15 167 2.072220e-03 1.307482e-03 0 1 1 2 7.575007e-17 0.000000e+00
15 168 2.072220e-03 1.646023e-03 0 1 1 2 2.123408e-16 0.000000e+00
15 169 2.072220e-03 2.072220e-03 0 1 1 2 -1.283174e-15 0.000000e+00
15 170 2.072220e-03 2.608770e-03 0 1 1 2 -4.588121e-15 0.000000e+00
15 171 2.072220e-03 3.284247e-03 0 1 1 2 -2.016715e-15 0.000000e+00
15 172 2.072220e-03 4.134622e-03 0 1 1 2 1.500183e-15 0.000000e+00
15 173 2.072220e-03 5.205181e-03 0 1 1 2 3.735153e-15 0.000000e+00
15 174 2.072220e-03 6.552935e-03 0 1 1 2 4.722822e-15 0.000000e+00
15 175 2.072220e-03 8.249656e-03 0 1 1 2 4.924659e-15 0.000000e+00
16 165 2.608770e-03 8.249656e-04 0 1 1 2 4.274466e-18 0.000000e+00
16 166 2.608770e-03 1.038570e-03 0 1 1 2 1.050545e-17 0.000000e+00
16 167 2.608770e-03 1.307482e-03 0 1 1 2 2.881554e-17 0.000000e+00
16 168 2.608770e-03 1.646023e-03 0 1 1 2 8.318659e-17 0.000000e+00
16 169 2.608770e-03 2.072220e-03 0 1 1 2 2.551183e-16 0.000000e+00
16 170 2.608770e-03 2.608770e-03 0 1 1 2 -1.086905e-15 0.000000e+00
16 171 2.608770e-03 3.284247e-03 0 1 1 2 -4.226672e-15 0.000000e+00
16 172 2.608770e-03 4.134622e-03 0 1 1 2 -1.817451e-15 0.000000e+00
16 173 2.608770e-03 5.205181e-03 0 1 1 2 1.313760e-15 0.000000e+00
16 174 2.608770e-03 6.552935e-03 0 1 1 2 3.233929e-15 0.000000e+00
16 175 2.608770e-03 8.249656e-03 0 1 1 2 4.067906e-15 0.000000e+00
17 165 3.284247e-03 8.249656e-04 0 1 1 2 1.749258e-18 0.000000e+00
17 166 3.284247e-03 1.038570e-03 0 1 1 2 3.764971e-18 0.000000e+00
17 167 3.284247e-03 1.307482e-03 0 1 1 2 1.017949e-17 0.000000e+00
17 168 3.284247e-03 1.646023e-03 0 1 1 2 2.844703e-17 0.000000e+00
17 169 3.284247e-03 2.072220e-03 0 1 1 2 8.466620e-17 0.000000e+00
17 170 3.284247e-03 2.608770e-03 0 1 1 2 2.816309e-16 0.000000e+00
17 171 3.284247e-03 3.284247e-03 0 1 1 2 -8.936394e-16 0.000000e+00
17 172 3.284247e-03 4.134622e-03 0 1 1 2 -3.821645e-15 0.000000e+00
17 173 3.284247e-03 5.205181e-03 0 1 1 2 -1.597956e-15 0.000000e+00
17 174 3.284247e-03 6.552935e-03 0 1 1 2 1.152498e-15 0.000000e+00
17 175 3.284247e-03 8.249656e-03 0 1 1 2 2.797968e-15 0.000000e+00
18 165 4.134622e-03 8.249656e-04 0 1 1 2 7.975648e-19 0.000000e+00
18 166 4.134622e-03 1.038570e-03 0 1 1 2 1.258774e-18 0.000000e+00
18 167 4.134622e-03 1.307482e-03 0 1 1 2 3.394698e-18 0.000000e+00
18 168 4.134622e-03 1.646023e-03 0 1 1 2 9.294880e-18 0.000000e+00
18 169 4.134622e-03 2.072220e-03 0 1 1 2 2.620640e-17 0.000000e+00
18 170 4.134622e-03 2.608770e-03 0 1 1 2 8.063683e-17 0.000000e+00
18 171 4.134622e-03 3.284247e-03 0 1 1 2 2.901644e-16 0.000000e+00
18 172 4.134622e-03 4.134622e-03 0 1 1 2 -7.154392e-16 0.000000e+00
18 173 4.134622e-03 5.205181e-03 0 1 1 2 -3.396595e-15 0.000000e+00
18 174 4.134622e-03 6.552935e-03 0 1 1 2 -1.373998e-15 0.000000e+00
18 175 4.134622e-03 8.249656e-03 0 1 1 2 1.017696e-15 0.000000e+00
19 165 5.205181e-03 8.249656e-04 0 1 1 2 4.416526e-19 0.000000e+00
19 166 5.205181e-03 1.038570e-03 0 1 1 2 3.712056e-19 0.000000e+00
19 167 5.205181e-03 1.307482e-03 0 1 1 2 1.057877e-18 0.000000e+00
19 168 5.205181e-03 1.646023e-03 0 1 1 2 2.937025e-18 0.000000e+00
19 169 5.205181e-03 2.072220e-03 0 1 1 2 7.924972e-18 0.000000e+00
19 170 5.205181e-03 2.608770e-03 0 1 1 2 2.278577e-17 0.000000e+00
19 171 5.205181e-03 3.284247e-03 0 1 1 2 7.235854e-17 0.000000e+00
19 172 5.205181e-03 4.134622e-03 0 1 1 2 2.817202e-16 0.000000e+00
19 173 5.205181e-03 5.205181e-03 0 1 1 2 -5.614429e-16 0.000000e+00
19 174 5.205181e-03 6.552935e-03 0 1 1 2 -2.974378e-15 0.000000e+00
19 175 5.205181e-03 8.249656e-03 0 1 1 2 -1.159258e-15 0.000000e+00
20 165 6.552935e-03 8.249656e-04 0 1 1 2 3.365763e-19 0.000000e+00
20 166 6.552935e-03 1.038570e-03 0 1 1 2 7.104428e-20 0.000000e+00
20 167 6.552935e-03 1.307482e-03 0 1 1 2 2.960774e-19 0.000000e+00
20 168 6.552935e-03 1.646023e-03 0 1 1 2 8.971344e-19 0.000000e+00
20 169 6.552935e-03 2.072220e-03 0 1 1 2 2.324643e-18 0.000000e+00
20 170 6.552935e-03 2.608770e-03 0 1 1 2 6.408358e-18 0.000000e+00
20 171 6.552935e-03 3.284247e-03 0 1 1 2 1.871616e-17 0.000000e+00
20 172 6.552935e-03 4.134622e-03 0 1 1 2 6.135655e-17 0.000000e+00
20 173 6.552935e-03 5.205181e-03 0 1 1 2 2.592618e-16 0.000000e+00
20 174 6.552935e-03 6.552935e-03 0 1 1 2 -4.369577e-16 0.000000e+00
20 175 6.552935e-03 8.249656e-03 0 1 1 2 -2.574643e-15 0.000000e+00
21 165 8.249656e-03 8.249656e-04 0 1 1 2 2.932171e-19 0.000000e+00
21 166 8.249656e-03 1.038570e-03 0 1 1 2 -2.103464e-20 0.000000e+00
21 167 8.249656e-03 1.307482e-03 0 1 1 2 5.949372e-20 0.000000e+00
21 168 8.249656e-03 1.646023e-03 0 1 1 2 2.703850e-19 0.000000e+00
21 169 8.249656e-03 2.072220e-03 0 1 1 2 6.590583e-19 0.000000e+00
21 170 8.249656e-03 2.608770e-03 0 1 1 2 1.757425e-18 0.000000e+00
21 171 8.249656e-03 3.284247e-03 0 1 1 2 4.878089e-18 0.000000e+00
21 172 8.249656e-03 4.134622e-03 0 1 1 2 1.451192e-17 0.000000e+00
21 173 8.249656e-03 5.205181e-03 0 1 1 2 4.924051e-17 0.000000e+00
21 174 8.249656e-03 6.552935e-03 0 1 1 2 2.269856e-16 0.000000e+00
21 175 8.249656e-03 8.249656e-03 0 1 1 2 -3.435435e-16 0.000000e+00
