# Please cite the following papers in research using this covariance:
# arXiv: 1601.05779, https://arxiv.org/abs/1601.05779
# arXiv: 1911.11947, https://arxiv.org/abs/1911.11947
# arXiv: 2004.04833, https://arxiv.org/abs/2004.04833
# arXiv: 1804.10663, https://arxiv.org/abs/1804.10663
########################################################
176 187 8.249656e-04 8.249656e-04 1 3 2 2 1.388292e-16 0.000000e+00
176 188 8.249656e-04 1.038570e-03 1 3 2 2 1.356959e-16 0.000000e+00
176 189 8.249656e-04 1.307482e-03 1 3 2 2 9.574617e-17 0.000000e+00
176 190 8.249656e-04 1.646023e-03 1 3 2 2 5.664742e-17 0.000000e+00
176 191 8.249656e-04 2.072220e-03 1 3 2 2 2.992855e-17 0.000000e+00
176 192 8.249656e-04 2.608770e-03 1 3 2 2 1.455643e-17 0.000000e+00
176 193 8.249656e-04 3.284247e-03 1 3 2 2 6.648366e-18 0.000000e+00
176 194 8.249656e-04 4.134622e-03 1 3 2 2 2.901193e-18 0.000000e+00
176 195 8.249656e-04 5.205181e-03 1 3 2 2 1.231858e-18 0.000000e+00
176 196 8.249656e-04 6.552935e-03 1 3 2 2 5.183241e-19 0.000000e+00
176 197 8.249656e-04 8.249656e-03 1 3 2 2 2.205699e-19 0.000000e+00
177 187 1.038570e-03 8.249656e-04 1 3 2 2 1.356959e-16 0.000000e+00
177 188 1.038570e-03 1.038570e-03 1 3 2 2 2.050931e-16 0.000000e+00
177 189 1.038570e-03 1.307482e-03 1 3 2 2 1.932706e-16 0.000000e+00
177 190 1.038570e-03 1.646023e-03 1 3 2 2 1.288921e-16 0.000000e+00
177 191 1.038570e-03 2.072220e-03 1 3 2 2 7.179534e-17 0.000000e+00
177 192 1.038570e-03 2.608770e-03 1 3 2 2 3.579996e-17 0.000000e+00
177 193 1.038570e-03 3.284247e-03 1 3 2 2 1.654551e-17 0.000000e+00
177 194 1.038570e-03 4.134622e-03 1 3 2 2 7.259106e-18 0.000000e+00
177 195 1.038570e-03 5.205181e-03 1 3 2 2 3.089066e-18 0.000000e+00
177 196 1.038570e-03 6.552935e-03 1 3 2 2 1.300862e-18 0.000000e+00
177 197 1.038570e-03 8.249656e-03 1 3 2 2 5.537078e-19 0.000000e+00
178 187 1.307482e-03 8.249656e-04 1 3 2 2 9.574617e-17 0.000000e+00
178 188 1.307482e-03 1.038570e-03 1 3 2 2 1.932706e-16 0.000000e+00
178 189 1.307482e-03 1.307482e-03 1 3 2 2 2.910161e-16 0.000000e+00
178 190 1.307482e-03 1.646023e-03 1 3 2 2 2.633990e-16 0.000000e+00
178 191 1.307482e-03 2.072220e-03 1 3 2 2 1.652715e-16 0.000000e+00
178 192 1.307482e-03 2.608770e-03 1 3 2 2 8.658582e-17 0.000000e+00
178 193 1.307482e-03 3.284247e-03 1 3 2 2 4.089796e-17 0.000000e+00
178 194 1.307482e-03 4.134622e-03 1 3 2 2 1.811424e-17 0.000000e+00
178 195 1.307482e-03 5.205181e-03 1 3 2 2 7.737604e-18 0.000000e+00
178 196 1.307482e-03 6.552935e-03 1 3 2 2 3.263219e-18 0.000000e+00
178 197 1.307482e-03 8.249656e-03 1 3 2 2 1.389536e-18 0.000000e+00
179 187 1.646023e-03 8.249656e-04 1 3 2 2 5.664742e-17 0.000000e+00
179 188 1.646023e-03 1.038570e-03 1 3 2 2 1.288921e-16 0.000000e+00
179 189 1.646023e-03 1.307482e-03 1 3 2 2 2.633990e-16 0.000000e+00
179 190 1.646023e-03 1.646023e-03 1 3 2 2 3.960211e-16 0.000000e+00
179 191 1.646023e-03 2.072220e-03 1 3 2 2 3.431649e-16 0.000000e+00
179 192 1.646023e-03 2.608770e-03 1 3 2 2 2.019918e-16 0.000000e+00
179 193 1.646023e-03 3.284247e-03 1 3 2 2 9.975172e-17 0.000000e+00
179 194 1.646023e-03 4.134622e-03 1 3 2 2 4.497859e-17 0.000000e+00
179 195 1.646023e-03 5.205181e-03 1 3 2 2 1.934499e-17 0.000000e+00
179 196 1.646023e-03 6.552935e-03 1 3 2 2 8.178341e-18 0.000000e+00
179 197 1.646023e-03 8.249656e-03 1 3 2 2 3.483997e-18 0.000000e+00
180 187 2.072220e-03 8.249656e-04 1 3 2 2 2.992855e-17 0.000000e+00
180 188 2.072220e-03 1.038570e-03 1 3 2 2 7.179534e-17 0.000000e+00
180 189 2.072220e-03 1.307482e-03 1 3 2 2 1.652715e-16 0.000000e+00
180 190 2.072220e-03 1.646023e-03 1 3 2 2 3.431649e-16 0.000000e+00
180 191 2.072220e-03 2.072220e-03 1 3 2 2 5.167257e-16 0.000000e+00
180 192 2.072220e-03 2.608770e-03 1 3 2 2 4.276855e-16 0.000000e+00
180 193 2.072220e-03 3.284247e-03 1 3 2 2 2.360446e-16 0.000000e+00
180 194 2.072220e-03 4.134622e-03 1 3 2 2 1.105651e-16 0.000000e+00
180 195 2.072220e-03 5.205181e-03 1 3 2 2 4.819480e-17 0.000000e+00
180 196 2.072220e-03 6.552935e-03 1 3 2 2 2.046573e-17 0.000000e+00
180 197 2.072220e-03 8.249656e-03 1 3 2 2 8.727833e-18 0.000000e+00
181 187 2.608770e-03 8.249656e-04 1 3 2 2 1.455643e-17 0.000000e+00
181 188 2.608770e-03 1.038570e-03 1 3 2 2 3.579996e-17 0.000000e+00
181 189 2.608770e-03 1.307482e-03 1 3 2 2 8.658582e-17 0.000000e+00
181 190 2.608770e-03 1.646023e-03 1 3 2 2 2.019918e-16 0.000000e+00
181 191 2.608770e-03 2.072220e-03 1 3 2 2 4.276855e-16 0.000000e+00
181 192 2.608770e-03 2.608770e-03 1 3 2 2 6.472789e-16 0.000000e+00
181 193 2.608770e-03 3.284247e-03 1 3 2 2 5.111910e-16 0.000000e+00
181 194 2.608770e-03 4.134622e-03 1 3 2 2 2.653144e-16 0.000000e+00
181 195 2.608770e-03 5.205181e-03 1 3 2 2 1.191979e-16 0.000000e+00
181 196 2.608770e-03 6.552935e-03 1 3 2 2 5.107348e-17 0.000000e+00
181 197 2.608770e-03 8.249656e-03 1 3 2 2 2.182792e-17 0.000000e+00
182 187 3.284247e-03 8.249656e-04 1 3 2 2 6.648366e-18 0.000000e+00
182 188 3.284247e-03 1.038570e-03 1 3 2 2 1.654551e-17 0.000000e+00
182 189 3.284247e-03 1.307482e-03 1 3 2 2 4.089796e-17 0.000000e+00
182 190 3.284247e-03 1.646023e-03 1 3 2 2 9.975172e-17 0.000000e+00
182 191 3.284247e-03 2.072220e-03 1 3 2 2 2.360446e-16 0.000000e+00
182 192 3.284247e-03 2.608770e-03 1 3 2 2 5.111910e-16 0.000000e+00
182 193 3.284247e-03 3.284247e-03 1 3 2 2 7.806179e-16 0.000000e+00
182 194 3.284247e-03 4.134622e-03 1 3 2 2 5.887099e-16 0.000000e+00
182 195 3.284247e-03 5.205181e-03 1 3 2 2 2.894718e-16 0.000000e+00
182 196 3.284247e-03 6.552935e-03 1 3 2 2 1.267588e-16 0.000000e+00
182 197 3.284247e-03 8.249656e-03 1 3 2 2 5.444295e-17 0.000000e+00
183 187 4.134622e-03 8.249656e-04 1 3 2 2 2.901193e-18 0.000000e+00
183 188 4.134622e-03 1.038570e-03 1 3 2 2 7.259106e-18 0.000000e+00
183 189 4.134622e-03 1.307482e-03 1 3 2 2 1.811424e-17 0.000000e+00
183 190 4.134622e-03 1.646023e-03 1 3 2 2 4.497859e-17 0.000000e+00
183 191 4.134622e-03 2.072220e-03 1 3 2 2 1.105651e-16 0.000000e+00
183 192 4.134622e-03 2.608770e-03 1 3 2 2 2.653144e-16 0.000000e+00
183 193 4.134622e-03 3.284247e-03 1 3 2 2 5.887099e-16 0.000000e+00
183 194 4.134622e-03 4.134622e-03 1 3 2 2 9.104335e-16 0.000000e+00
183 195 4.134622e-03 5.205181e-03 1 3 2 2 6.577895e-16 0.000000e+00
183 196 4.134622e-03 6.552935e-03 1 3 2 2 3.103474e-16 0.000000e+00
183 197 4.134622e-03 8.249656e-03 1 3 2 2 1.351231e-16 0.000000e+00
184 187 5.205181e-03 8.249656e-04 1 3 2 2 1.231858e-18 0.000000e+00
184 188 5.205181e-03 1.038570e-03 1 3 2 2 3.089066e-18 0.000000e+00
184 189 5.205181e-03 1.307482e-03 1 3 2 2 7.737604e-18 0.000000e+00
184 190 5.205181e-03 1.646023e-03 1 3 2 2 1.934499e-17 0.000000e+00
184 191 5.205181e-03 2.072220e-03 1 3 2 2 4.819480e-17 0.000000e+00
184 192 5.205181e-03 2.608770e-03 1 3 2 2 1.191979e-16 0.000000e+00
184 193 5.205181e-03 3.284247e-03 1 3 2 2 2.894718e-16 0.000000e+00
184 194 5.205181e-03 4.134622e-03 1 3 2 2 6.577895e-16 0.000000e+00
184 195 5.205181e-03 5.205181e-03 1 3 2 2 1.033188e-15 0.000000e+00
184 196 5.205181e-03 6.552935e-03 1 3 2 2 7.197251e-16 0.000000e+00
184 197 5.205181e-03 8.249656e-03 1 3 2 2 3.317140e-16 0.000000e+00
185 187 6.552935e-03 8.249656e-04 1 3 2 2 5.183241e-19 0.000000e+00
185 188 6.552935e-03 1.038570e-03 1 3 2 2 1.300862e-18 0.000000e+00
185 189 6.552935e-03 1.307482e-03 1 3 2 2 3.263219e-18 0.000000e+00
185 190 6.552935e-03 1.646023e-03 1 3 2 2 8.178341e-18 0.000000e+00
185 191 6.552935e-03 2.072220e-03 1 3 2 2 2.046573e-17 0.000000e+00
185 192 6.552935e-03 2.608770e-03 1 3 2 2 5.107348e-17 0.000000e+00
185 193 6.552935e-03 3.284247e-03 1 3 2 2 1.267588e-16 0.000000e+00
185 194 6.552935e-03 4.134622e-03 1 3 2 2 3.103474e-16 0.000000e+00
185 195 6.552935e-03 5.205181e-03 1 3 2 2 7.197251e-16 0.000000e+00
185 196 6.552935e-03 6.552935e-03 1 3 2 2 1.149679e-15 0.000000e+00
185 197 6.552935e-03 8.249656e-03 1 3 2 2 7.798065e-16 0.000000e+00
186 187 8.249656e-03 8.249656e-04 1 3 2 2 2.205699e-19 0.000000e+00
186 188 8.249656e-03 1.038570e-03 1 3 2 2 5.537078e-19 0.000000e+00
186 189 8.249656e-03 1.307482e-03 1 3 2 2 1.389536e-18 0.000000e+00
186 190 8.249656e-03 1.646023e-03 1 3 2 2 3.483997e-18 0.000000e+00
186 191 8.249656e-03 2.072220e-03 1 3 2 2 8.727833e-18 0.000000e+00
186 192 8.249656e-03 2.608770e-03 1 3 2 2 2.182792e-17 0.000000e+00
186 193 8.249656e-03 3.284247e-03 1 3 2 2 5.444295e-17 0.000000e+00
186 194 8.249656e-03 4.134622e-03 1 3 2 2 1.351231e-16 0.000000e+00
186 195 8.249656e-03 5.205181e-03 1 3 2 2 3.317140e-16 0.000000e+00
186 196 8.249656e-03 6.552935e-03 1 3 2 2 7.798065e-16 0.000000e+00
186 197 8.249656e-03 8.249656e-03 1 3 2 2 1.265656e-15 0.000000e+00
