# Please cite the following papers in research using this covariance:
# arXiv: 1601.05779, https://arxiv.org/abs/1601.05779
# arXiv: 1911.11947, https://arxiv.org/abs/1911.11947
# arXiv: 2004.04833, https://arxiv.org/abs/2004.04833
# arXiv: 1804.10663, https://arxiv.org/abs/1804.10663
########################################################
143 198 8.249656e-04 8.249656e-04 0 3 2 3 8.992800e-15 0.000000e+00
143 199 8.249656e-04 1.038570e-03 0 3 2 3 5.214973e-15 0.000000e+00
143 200 8.249656e-04 1.307482e-03 0 3 2 3 1.996039e-15 0.000000e+00
143 201 8.249656e-04 1.646023e-03 0 3 2 3 7.287214e-16 0.000000e+00
143 202 8.249656e-04 2.072220e-03 0 3 2 3 2.587637e-16 0.000000e+00
143 203 8.249656e-04 2.608770e-03 0 3 2 3 8.997212e-17 0.000000e+00
143 204 8.249656e-04 3.284247e-03 0 3 2 3 3.078265e-17 0.000000e+00
143 205 8.249656e-04 4.134622e-03 0 3 2 3 1.044462e-17 0.000000e+00
143 206 8.249656e-04 5.205181e-03 0 3 2 3 3.537439e-18 0.000000e+00
143 207 8.249656e-04 6.552935e-03 0 3 2 3 1.225411e-18 0.000000e+00
143 208 8.249656e-04 8.249656e-03 0 3 2 3 4.300748e-19 0.000000e+00
144 198 1.038570e-03 8.249656e-04 0 3 2 3 5.214973e-15 0.000000e+00
144 199 1.038570e-03 1.038570e-03 0 3 2 3 9.009857e-15 0.000000e+00
144 200 1.038570e-03 1.307482e-03 0 3 2 3 5.088274e-15 0.000000e+00
144 201 1.038570e-03 1.646023e-03 0 3 2 3 1.876938e-15 0.000000e+00
144 202 1.038570e-03 2.072220e-03 0 3 2 3 6.642855e-16 0.000000e+00
144 203 1.038570e-03 2.608770e-03 0 3 2 3 2.297371e-16 0.000000e+00
144 204 1.038570e-03 3.284247e-03 0 3 2 3 7.821858e-17 0.000000e+00
144 205 1.038570e-03 4.134622e-03 0 3 2 3 2.642686e-17 0.000000e+00
144 206 1.038570e-03 5.205181e-03 0 3 2 3 8.959271e-18 0.000000e+00
144 207 1.038570e-03 6.552935e-03 0 3 2 3 3.075440e-18 0.000000e+00
144 208 1.038570e-03 8.249656e-03 0 3 2 3 1.090365e-18 0.000000e+00
145 198 1.307482e-03 8.249656e-04 0 3 2 3 1.996039e-15 0.000000e+00
145 199 1.307482e-03 1.038570e-03 0 3 2 3 5.088274e-15 0.000000e+00
145 200 1.307482e-03 1.307482e-03 0 3 2 3 8.892610e-15 0.000000e+00
145 201 1.307482e-03 1.646023e-03 0 3 2 3 4.875111e-15 0.000000e+00
145 202 1.307482e-03 2.072220e-03 0 3 2 3 1.728327e-15 0.000000e+00
145 203 1.307482e-03 2.608770e-03 0 3 2 3 5.928548e-16 0.000000e+00
145 204 1.307482e-03 3.284247e-03 0 3 2 3 2.002785e-16 0.000000e+00
145 205 1.307482e-03 4.134622e-03 0 3 2 3 6.722328e-17 0.000000e+00
145 206 1.307482e-03 5.205181e-03 0 3 2 3 2.267094e-17 0.000000e+00
145 207 1.307482e-03 6.552935e-03 0 3 2 3 7.775749e-18 0.000000e+00
145 208 1.307482e-03 8.249656e-03 0 3 2 3 2.762622e-18 0.000000e+00
146 198 1.646023e-03 8.249656e-04 0 3 2 3 7.287214e-16 0.000000e+00
146 199 1.646023e-03 1.038570e-03 0 3 2 3 1.876938e-15 0.000000e+00
146 200 1.646023e-03 1.307482e-03 0 3 2 3 4.875111e-15 0.000000e+00
146 201 1.646023e-03 1.646023e-03 0 3 2 3 8.640004e-15 0.000000e+00
146 202 1.646023e-03 2.072220e-03 0 3 2 3 4.583053e-15 0.000000e+00
146 203 1.646023e-03 2.608770e-03 0 3 2 3 1.558612e-15 0.000000e+00
146 204 1.646023e-03 3.284247e-03 0 3 2 3 5.194278e-16 0.000000e+00
146 205 1.646023e-03 4.134622e-03 0 3 2 3 1.724590e-16 0.000000e+00
146 206 1.646023e-03 5.205181e-03 0 3 2 3 5.769153e-17 0.000000e+00
146 207 1.646023e-03 6.552935e-03 0 3 2 3 1.966494e-17 0.000000e+00
146 208 1.646023e-03 8.249656e-03 0 3 2 3 6.937995e-18 0.000000e+00
147 198 2.072220e-03 8.249656e-04 0 3 2 3 2.587637e-16 0.000000e+00
147 199 2.072220e-03 1.038570e-03 0 3 2 3 6.642855e-16 0.000000e+00
147 200 2.072220e-03 1.307482e-03 0 3 2 3 1.728327e-15 0.000000e+00
147 201 2.072220e-03 1.646023e-03 0 3 2 3 4.583053e-15 0.000000e+00
147 202 2.072220e-03 2.072220e-03 0 3 2 3 8.257854e-15 0.000000e+00
147 203 2.072220e-03 2.608770e-03 0 3 2 3 4.227311e-15 0.000000e+00
147 204 2.072220e-03 3.284247e-03 0 3 2 3 1.379198e-15 0.000000e+00
147 205 2.072220e-03 4.134622e-03 0 3 2 3 4.490010e-16 0.000000e+00
147 206 2.072220e-03 5.205181e-03 0 3 2 3 1.480636e-16 0.000000e+00
147 207 2.072220e-03 6.552935e-03 0 3 2 3 5.000536e-17 0.000000e+00
147 208 2.072220e-03 8.249656e-03 0 3 2 3 1.754818e-17 0.000000e+00
148 198 2.608770e-03 8.249656e-04 0 3 2 3 8.997212e-17 0.000000e+00
148 199 2.608770e-03 1.038570e-03 0 3 2 3 2.297371e-16 0.000000e+00
148 200 2.608770e-03 1.307482e-03 0 3 2 3 5.928548e-16 0.000000e+00
148 201 2.608770e-03 1.646023e-03 0 3 2 3 1.558612e-15 0.000000e+00
148 202 2.608770e-03 2.072220e-03 0 3 2 3 4.227311e-15 0.000000e+00
148 203 2.608770e-03 2.608770e-03 0 3 2 3 7.763698e-15 0.000000e+00
148 204 2.608770e-03 3.284247e-03 0 3 2 3 3.829201e-15 0.000000e+00
148 205 2.608770e-03 4.134622e-03 0 3 2 3 1.202168e-15 0.000000e+00
148 206 2.608770e-03 5.205181e-03 0 3 2 3 3.860932e-16 0.000000e+00
148 207 2.608770e-03 6.552935e-03 0 3 2 3 1.282177e-16 0.000000e+00
148 208 2.608770e-03 8.249656e-03 0 3 2 3 4.449310e-17 0.000000e+00
149 198 3.284247e-03 8.249656e-04 0 3 2 3 3.078265e-17 0.000000e+00
149 199 3.284247e-03 1.038570e-03 0 3 2 3 7.821858e-17 0.000000e+00
149 200 3.284247e-03 1.307482e-03 0 3 2 3 2.002785e-16 0.000000e+00
149 201 3.284247e-03 1.646023e-03 0 3 2 3 5.194278e-16 0.000000e+00
149 202 3.284247e-03 2.072220e-03 0 3 2 3 1.379198e-15 0.000000e+00
149 203 3.284247e-03 2.608770e-03 0 3 2 3 3.829201e-15 0.000000e+00
149 204 3.284247e-03 3.284247e-03 0 3 2 3 7.184316e-15 0.000000e+00
149 205 3.284247e-03 4.134622e-03 0 3 2 3 3.413958e-15 0.000000e+00
149 206 3.284247e-03 5.205181e-03 0 3 2 3 1.038974e-15 0.000000e+00
149 207 3.284247e-03 6.552935e-03 0 3 2 3 3.339133e-16 0.000000e+00
149 208 3.284247e-03 8.249656e-03 0 3 2 3 1.136647e-16 0.000000e+00
150 198 4.134622e-03 8.249656e-04 0 3 2 3 1.044462e-17 0.000000e+00
150 199 4.134622e-03 1.038570e-03 0 3 2 3 2.642686e-17 0.000000e+00
150 200 4.134622e-03 1.307482e-03 0 3 2 3 6.722328e-17 0.000000e+00
150 201 4.134622e-03 1.646023e-03 0 3 2 3 1.724590e-16 0.000000e+00
150 202 4.134622e-03 2.072220e-03 0 3 2 3 4.490010e-16 0.000000e+00
150 203 4.134622e-03 2.608770e-03 0 3 2 3 1.202168e-15 0.000000e+00
150 204 4.134622e-03 3.284247e-03 0 3 2 3 3.413958e-15 0.000000e+00
150 205 4.134622e-03 4.134622e-03 0 3 2 3 6.553573e-15 0.000000e+00
150 206 4.134622e-03 5.205181e-03 0 3 2 3 3.007613e-15 0.000000e+00
150 207 4.134622e-03 6.552935e-03 0 3 2 3 8.987265e-16 0.000000e+00
150 208 4.134622e-03 8.249656e-03 0 3 2 3 2.945284e-16 0.000000e+00
151 198 5.205181e-03 8.249656e-04 0 3 2 3 3.537439e-18 0.000000e+00
151 199 5.205181e-03 1.038570e-03 0 3 2 3 8.959271e-18 0.000000e+00
151 200 5.205181e-03 1.307482e-03 0 3 2 3 2.267094e-17 0.000000e+00
151 201 5.205181e-03 1.646023e-03 0 3 2 3 5.769153e-17 0.000000e+00
151 202 5.205181e-03 2.072220e-03 0 3 2 3 1.480636e-16 0.000000e+00
151 203 5.205181e-03 2.608770e-03 0 3 2 3 3.860932e-16 0.000000e+00
151 204 5.205181e-03 3.284247e-03 0 3 2 3 1.038974e-15 0.000000e+00
151 205 5.205181e-03 4.134622e-03 0 3 2 3 3.007613e-15 0.000000e+00
151 206 5.205181e-03 5.205181e-03 0 3 2 3 5.908351e-15 0.000000e+00
151 207 5.205181e-03 6.552935e-03 0 3 2 3 2.634069e-15 0.000000e+00
151 208 5.205181e-03 8.249656e-03 0 3 2 3 7.877942e-16 0.000000e+00
152 198 6.552935e-03 8.249656e-04 0 3 2 3 1.225411e-18 0.000000e+00
152 199 6.552935e-03 1.038570e-03 0 3 2 3 3.075440e-18 0.000000e+00
152 200 6.552935e-03 1.307482e-03 0 3 2 3 7.775749e-18 0.000000e+00
152 201 6.552935e-03 1.646023e-03 0 3 2 3 1.966494e-17 0.000000e+00
152 202 6.552935e-03 2.072220e-03 0 3 2 3 5.000536e-17 0.000000e+00
152 203 6.552935e-03 2.608770e-03 0 3 2 3 1.282177e-16 0.000000e+00
152 204 6.552935e-03 3.284247e-03 0 3 2 3 3.339133e-16 0.000000e+00
152 205 6.552935e-03 4.134622e-03 0 3 2 3 8.987265e-16 0.000000e+00
152 206 6.552935e-03 5.205181e-03 0 3 2 3 2.634069e-15 0.000000e+00
152 207 6.552935e-03 6.552935e-03 0 3 2 3 5.285160e-15 0.000000e+00
152 208 6.552935e-03 8.249656e-03 0 3 2 3 2.312778e-15 0.000000e+00
153 198 8.249656e-03 8.249656e-04 0 3 2 3 4.300748e-19 0.000000e+00
153 199 8.249656e-03 1.038570e-03 0 3 2 3 1.090365e-18 0.000000e+00
153 200 8.249656e-03 1.307482e-03 0 3 2 3 2.762622e-18 0.000000e+00
153 201 8.249656e-03 1.646023e-03 0 3 2 3 6.937995e-18 0.000000e+00
153 202 8.249656e-03 2.072220e-03 0 3 2 3 1.754818e-17 0.000000e+00
153 203 8.249656e-03 2.608770e-03 0 3 2 3 4.449310e-17 0.000000e+00
153 204 8.249656e-03 3.284247e-03 0 3 2 3 1.136647e-16 0.000000e+00
153 205 8.249656e-03 4.134622e-03 0 3 2 3 2.945284e-16 0.000000e+00
153 206 8.249656e-03 5.205181e-03 0 3 2 3 7.877942e-16 0.000000e+00
153 207 8.249656e-03 6.552935e-03 0 3 2 3 2.312778e-15 0.000000e+00
153 208 8.249656e-03 8.249656e-03 0 3 2 3 4.716603e-15 0.000000e+00
