# Please cite the following papers in research using this covariance:
# arXiv: 1601.05779, https://arxiv.org/abs/1601.05779
# arXiv: 1911.11947, https://arxiv.org/abs/1911.11947
# arXiv: 2004.04833, https://arxiv.org/abs/2004.04833
# arXiv: 1804.10663, https://arxiv.org/abs/1804.10663
########################################################
121 176 8.249656e-04 8.249656e-04 0 1 1 3 8.106225e-15 0.000000e+00
121 177 8.249656e-04 1.038570e-03 0 1 1 3 4.568682e-15 0.000000e+00
121 178 8.249656e-04 1.307482e-03 0 1 1 3 1.681408e-15 0.000000e+00
121 179 8.249656e-04 1.646023e-03 0 1 1 3 5.937322e-16 0.000000e+00
121 180 8.249656e-04 2.072220e-03 0 1 1 3 2.045436e-16 0.000000e+00
121 181 8.249656e-04 2.608770e-03 0 1 1 3 6.911487e-17 0.000000e+00
121 182 8.249656e-04 3.284247e-03 0 1 1 3 2.299406e-17 0.000000e+00
121 183 8.249656e-04 4.134622e-03 0 1 1 3 7.586219e-18 0.000000e+00
121 184 8.249656e-04 5.205181e-03 0 1 1 3 2.482291e-18 0.000000e+00
121 185 8.249656e-04 6.552935e-03 0 1 1 3 8.308771e-19 0.000000e+00
121 186 8.249656e-04 8.249656e-03 0 1 1 3 2.747249e-19 0.000000e+00
122 176 1.038570e-03 8.249656e-04 0 1 1 3 4.568682e-15 0.000000e+00
122 177 1.038570e-03 1.038570e-03 0 1 1 3 7.993457e-15 0.000000e+00
122 178 1.038570e-03 1.307482e-03 0 1 1 3 4.371742e-15 0.000000e+00
122 179 1.038570e-03 1.646023e-03 0 1 1 3 1.545613e-15 0.000000e+00
122 180 1.038570e-03 2.072220e-03 0 1 1 3 5.283845e-16 0.000000e+00
122 181 1.038570e-03 2.608770e-03 0 1 1 3 1.771470e-16 0.000000e+00
122 182 1.038570e-03 3.284247e-03 0 1 1 3 5.856313e-17 0.000000e+00
122 183 1.038570e-03 4.134622e-03 0 1 1 3 1.921713e-17 0.000000e+00
122 184 1.038570e-03 5.205181e-03 0 1 1 3 6.301387e-18 0.000000e+00
122 185 1.038570e-03 6.552935e-03 0 1 1 3 2.083230e-18 0.000000e+00
122 186 1.038570e-03 8.249656e-03 0 1 1 3 6.991502e-19 0.000000e+00
123 176 1.307482e-03 8.249656e-04 0 1 1 3 1.681408e-15 0.000000e+00
123 177 1.307482e-03 1.038570e-03 0 1 1 3 4.371742e-15 0.000000e+00
123 178 1.307482e-03 1.307482e-03 0 1 1 3 7.756791e-15 0.000000e+00
123 179 1.307482e-03 1.646023e-03 0 1 1 3 4.104121e-15 0.000000e+00
123 180 1.307482e-03 2.072220e-03 0 1 1 3 1.390437e-15 0.000000e+00
123 181 1.307482e-03 2.608770e-03 0 1 1 3 4.601164e-16 0.000000e+00
123 182 1.307482e-03 3.284247e-03 0 1 1 3 1.505409e-16 0.000000e+00
123 183 1.307482e-03 4.134622e-03 0 1 1 3 4.899829e-17 0.000000e+00
123 184 1.307482e-03 5.205181e-03 0 1 1 3 1.597268e-17 0.000000e+00
123 185 1.307482e-03 6.552935e-03 0 1 1 3 5.275724e-18 0.000000e+00
123 186 1.307482e-03 8.249656e-03 0 1 1 3 1.777965e-18 0.000000e+00
124 176 1.646023e-03 8.249656e-04 0 1 1 3 5.937322e-16 0.000000e+00
124 177 1.646023e-03 1.038570e-03 0 1 1 3 1.545613e-15 0.000000e+00
124 178 1.646023e-03 1.307482e-03 0 1 1 3 4.104121e-15 0.000000e+00
124 179 1.646023e-03 1.646023e-03 0 1 1 3 7.403817e-15 0.000000e+00
124 180 1.646023e-03 2.072220e-03 0 1 1 3 3.777746e-15 0.000000e+00
124 181 1.646023e-03 2.608770e-03 0 1 1 3 1.224276e-15 0.000000e+00
124 182 1.646023e-03 3.284247e-03 0 1 1 3 3.930879e-16 0.000000e+00
124 183 1.646023e-03 4.134622e-03 0 1 1 3 1.262123e-16 0.000000e+00
124 184 1.646023e-03 5.205181e-03 0 1 1 3 4.076642e-17 0.000000e+00
124 185 1.646023e-03 6.552935e-03 0 1 1 3 1.336203e-17 0.000000e+00
124 186 1.646023e-03 8.249656e-03 0 1 1 3 4.468688e-18 0.000000e+00
125 176 2.072220e-03 8.249656e-04 0 1 1 3 2.045436e-16 0.000000e+00
125 177 2.072220e-03 1.038570e-03 0 1 1 3 5.283845e-16 0.000000e+00
125 178 2.072220e-03 1.307482e-03 0 1 1 3 1.390437e-15 0.000000e+00
125 179 2.072220e-03 1.646023e-03 0 1 1 3 3.777746e-15 0.000000e+00
125 180 2.072220e-03 2.072220e-03 0 1 1 3 6.947447e-15 0.000000e+00
125 181 2.072220e-03 2.608770e-03 0 1 1 3 3.409753e-15 0.000000e+00
125 182 2.072220e-03 3.284247e-03 0 1 1 3 1.057058e-15 0.000000e+00
125 183 2.072220e-03 4.134622e-03 0 1 1 3 3.309283e-16 0.000000e+00
125 184 2.072220e-03 5.205181e-03 0 1 1 3 1.051200e-16 0.000000e+00
125 185 2.072220e-03 6.552935e-03 0 1 1 3 3.407827e-17 0.000000e+00
125 186 2.072220e-03 8.249656e-03 0 1 1 3 1.134201e-17 0.000000e+00
126 176 2.608770e-03 8.249656e-04 0 1 1 3 6.911487e-17 0.000000e+00
126 177 2.608770e-03 1.038570e-03 0 1 1 3 1.771470e-16 0.000000e+00
126 178 2.608770e-03 1.307482e-03 0 1 1 3 4.601164e-16 0.000000e+00
126 179 2.608770e-03 1.646023e-03 0 1 1 3 1.224276e-15 0.000000e+00
126 180 2.608770e-03 2.072220e-03 0 1 1 3 3.409753e-15 0.000000e+00
126 181 2.608770e-03 2.608770e-03 0 1 1 3 6.409387e-15 0.000000e+00
126 182 2.608770e-03 3.284247e-03 0 1 1 3 3.020460e-15 0.000000e+00
126 183 2.608770e-03 4.134622e-03 0 1 1 3 8.979669e-16 0.000000e+00
126 184 2.608770e-03 5.205181e-03 0 1 1 3 2.763090e-16 0.000000e+00
126 185 2.608770e-03 6.552935e-03 0 1 1 3 8.782941e-17 0.000000e+00
126 186 2.608770e-03 8.249656e-03 0 1 1 3 2.888712e-17 0.000000e+00
127 176 3.284247e-03 8.249656e-04 0 1 1 3 2.299406e-17 0.000000e+00
127 177 3.284247e-03 1.038570e-03 0 1 1 3 5.856313e-17 0.000000e+00
127 178 3.284247e-03 1.307482e-03 0 1 1 3 1.505409e-16 0.000000e+00
127 179 3.284247e-03 1.646023e-03 0 1 1 3 3.930879e-16 0.000000e+00
127 180 3.284247e-03 2.072220e-03 0 1 1 3 1.057058e-15 0.000000e+00
127 181 3.284247e-03 2.608770e-03 0 1 1 3 3.020460e-15 0.000000e+00
127 182 3.284247e-03 3.284247e-03 0 1 1 3 5.816762e-15 0.000000e+00
127 183 3.284247e-03 4.134622e-03 0 1 1 3 2.630858e-15 0.000000e+00
127 184 3.284247e-03 5.205181e-03 0 1 1 3 7.545386e-16 0.000000e+00
127 185 3.284247e-03 6.552935e-03 0 1 1 3 2.308054e-16 0.000000e+00
127 186 3.284247e-03 8.249656e-03 0 1 1 3 7.431896e-17 0.000000e+00
128 176 4.134622e-03 8.249656e-04 0 1 1 3 7.586219e-18 0.000000e+00
128 177 4.134622e-03 1.038570e-03 0 1 1 3 1.921713e-17 0.000000e+00
128 178 4.134622e-03 1.307482e-03 0 1 1 3 4.899829e-17 0.000000e+00
128 179 4.134622e-03 1.646023e-03 0 1 1 3 1.262123e-16 0.000000e+00
128 180 4.134622e-03 2.072220e-03 0 1 1 3 3.309283e-16 0.000000e+00
128 181 4.134622e-03 2.608770e-03 0 1 1 3 8.979669e-16 0.000000e+00
128 182 4.134622e-03 3.284247e-03 0 1 1 3 2.630858e-15 0.000000e+00
128 183 4.134622e-03 4.134622e-03 0 1 1 3 5.199467e-15 0.000000e+00
128 184 4.134622e-03 5.205181e-03 0 1 1 3 2.260315e-15 0.000000e+00
128 185 4.134622e-03 6.552935e-03 0 1 1 3 6.316745e-16 0.000000e+00
128 186 4.134622e-03 8.249656e-03 0 1 1 3 1.947876e-16 0.000000e+00
129 176 5.205181e-03 8.249656e-04 0 1 1 3 2.482291e-18 0.000000e+00
129 177 5.205181e-03 1.038570e-03 0 1 1 3 6.301387e-18 0.000000e+00
129 178 5.205181e-03 1.307482e-03 0 1 1 3 1.597268e-17 0.000000e+00
129 179 5.205181e-03 1.646023e-03 0 1 1 3 4.076642e-17 0.000000e+00
129 180 5.205181e-03 2.072220e-03 0 1 1 3 1.051200e-16 0.000000e+00
129 181 5.205181e-03 2.608770e-03 0 1 1 3 2.763090e-16 0.000000e+00
129 182 5.205181e-03 3.284247e-03 0 1 1 3 7.545386e-16 0.000000e+00
129 183 5.205181e-03 4.134622e-03 0 1 1 3 2.260315e-15 0.000000e+00
129 184 5.205181e-03 5.205181e-03 0 1 1 3 4.586763e-15 0.000000e+00
129 185 5.205181e-03 6.552935e-03 0 1 1 3 1.924191e-15 0.000000e+00
129 186 5.205181e-03 8.249656e-03 0 1 1 3 5.316533e-16 0.000000e+00
130 176 6.552935e-03 8.249656e-04 0 1 1 3 8.308771e-19 0.000000e+00
130 177 6.552935e-03 1.038570e-03 0 1 1 3 2.083230e-18 0.000000e+00
130 178 6.552935e-03 1.307482e-03 0 1 1 3 5.275724e-18 0.000000e+00
130 179 6.552935e-03 1.646023e-03 0 1 1 3 1.336203e-17 0.000000e+00
130 180 6.552935e-03 2.072220e-03 0 1 1 3 3.407827e-17 0.000000e+00
130 181 6.552935e-03 2.608770e-03 0 1 1 3 8.782941e-17 0.000000e+00
130 182 6.552935e-03 3.284247e-03 0 1 1 3 2.308054e-16 0.000000e+00
130 183 6.552935e-03 4.134622e-03 0 1 1 3 6.316745e-16 0.000000e+00
130 184 6.552935e-03 5.205181e-03 0 1 1 3 1.924191e-15 0.000000e+00
130 185 6.552935e-03 6.552935e-03 0 1 1 3 4.004451e-15 0.000000e+00
130 186 6.552935e-03 8.249656e-03 0 1 1 3 1.632920e-15 0.000000e+00
131 176 8.249656e-03 8.249656e-04 0 1 1 3 2.747249e-19 0.000000e+00
131 177 8.249656e-03 1.038570e-03 0 1 1 3 6.991502e-19 0.000000e+00
131 178 8.249656e-03 1.307482e-03 0 1 1 3 1.777965e-18 0.000000e+00
131 179 8.249656e-03 1.646023e-03 0 1 1 3 4.468688e-18 0.000000e+00
131 180 8.249656e-03 2.072220e-03 0 1 1 3 1.134201e-17 0.000000e+00
131 181 8.249656e-03 2.608770e-03 0 1 1 3 2.888712e-17 0.000000e+00
131 182 8.249656e-03 3.284247e-03 0 1 1 3 7.431896e-17 0.000000e+00
131 183 8.249656e-03 4.134622e-03 0 1 1 3 1.947876e-16 0.000000e+00
131 184 8.249656e-03 5.205181e-03 0 1 1 3 5.316533e-16 0.000000e+00
131 185 8.249656e-03 6.552935e-03 0 1 1 3 1.632920e-15 0.000000e+00
131 186 8.249656e-03 8.249656e-03 0 1 1 3 3.472832e-15 0.000000e+00
