# Please cite the following papers in research using this covariance:
# arXiv: 1601.05779, https://arxiv.org/abs/1601.05779
# arXiv: 1911.11947, https://arxiv.org/abs/1911.11947
# arXiv: 2004.04833, https://arxiv.org/abs/2004.04833
# arXiv: 1804.10663, https://arxiv.org/abs/1804.10663
########################################################
22 198 8.249656e-04 8.249656e-04 0 2 2 3 -2.046922e-15 0.000000e+00
22 199 8.249656e-04 1.038570e-03 0 2 2 3 -5.988839e-15 0.000000e+00
22 200 8.249656e-04 1.307482e-03 0 2 2 3 -2.644599e-15 0.000000e+00
22 201 8.249656e-04 1.646023e-03 0 2 2 3 2.715544e-15 0.000000e+00
22 202 8.249656e-04 2.072220e-03 0 2 2 3 6.789693e-15 0.000000e+00
22 203 8.249656e-04 2.608770e-03 0 2 2 3 9.085982e-15 0.000000e+00
22 204 8.249656e-04 3.284247e-03 0 2 2 3 9.971415e-15 0.000000e+00
22 205 8.249656e-04 4.134622e-03 0 2 2 3 9.946641e-15 0.000000e+00
22 206 8.249656e-04 5.205181e-03 0 2 2 3 9.428950e-15 0.000000e+00
22 207 8.249656e-04 6.552935e-03 0 2 2 3 8.715411e-15 0.000000e+00
22 208 8.249656e-04 8.249656e-03 0 2 2 3 7.999738e-15 0.000000e+00
23 198 1.038570e-03 8.249656e-04 0 2 2 3 7.671644e-17 0.000000e+00
23 199 1.038570e-03 1.038570e-03 0 2 2 3 -1.929573e-15 0.000000e+00
23 200 1.038570e-03 1.307482e-03 0 2 2 3 -5.899304e-15 0.000000e+00
23 201 1.038570e-03 1.646023e-03 0 2 2 3 -2.609566e-15 0.000000e+00
23 202 1.038570e-03 2.072220e-03 0 2 2 3 2.477561e-15 0.000000e+00
23 203 1.038570e-03 2.608770e-03 0 2 2 3 6.197745e-15 0.000000e+00
23 204 1.038570e-03 3.284247e-03 0 2 2 3 8.198373e-15 0.000000e+00
23 205 1.038570e-03 4.134622e-03 0 2 2 3 8.908478e-15 0.000000e+00
23 206 1.038570e-03 5.205181e-03 0 2 2 3 8.836512e-15 0.000000e+00
23 207 1.038570e-03 6.552935e-03 0 2 2 3 8.380815e-15 0.000000e+00
23 208 1.038570e-03 8.249656e-03 0 2 2 3 7.810292e-15 0.000000e+00
24 198 1.307482e-03 8.249656e-04 0 2 2 3 5.775639e-17 0.000000e+00
24 199 1.307482e-03 1.038570e-03 0 2 2 3 1.365227e-16 0.000000e+00
24 200 1.307482e-03 1.307482e-03 0 2 2 3 -1.779468e-15 0.000000e+00
24 201 1.307482e-03 1.646023e-03 0 2 2 3 -5.718418e-15 0.000000e+00
24 202 1.307482e-03 2.072220e-03 0 2 2 3 -2.518659e-15 0.000000e+00
24 203 1.307482e-03 2.608770e-03 0 2 2 3 2.242043e-15 0.000000e+00
24 204 1.307482e-03 3.284247e-03 0 2 2 3 5.597326e-15 0.000000e+00
24 205 1.307482e-03 4.134622e-03 0 2 2 3 7.333349e-15 0.000000e+00
24 206 1.307482e-03 5.205181e-03 0 2 2 3 7.921333e-15 0.000000e+00
24 207 1.307482e-03 6.552935e-03 0 2 2 3 7.858748e-15 0.000000e+00
24 208 1.307482e-03 8.249656e-03 0 2 2 3 7.512982e-15 0.000000e+00
25 198 1.646023e-03 8.249656e-04 0 2 2 3 2.594948e-17 0.000000e+00
25 199 1.646023e-03 1.038570e-03 0 2 2 3 7.029402e-17 0.000000e+00
25 200 1.646023e-03 1.307482e-03 0 2 2 3 1.924290e-16 0.000000e+00
25 201 1.646023e-03 1.646023e-03 0 2 2 3 -1.602461e-15 0.000000e+00
25 202 1.646023e-03 2.072220e-03 0 2 2 3 -5.452473e-15 0.000000e+00
25 203 1.646023e-03 2.608770e-03 0 2 2 3 -2.376382e-15 0.000000e+00
25 204 1.646023e-03 3.284247e-03 0 2 2 3 2.019570e-15 0.000000e+00
25 205 1.646023e-03 4.134622e-03 0 2 2 3 5.017536e-15 0.000000e+00
25 206 1.646023e-03 5.205181e-03 0 2 2 3 6.531463e-15 0.000000e+00
25 207 1.646023e-03 6.552935e-03 0 2 2 3 7.052080e-15 0.000000e+00
25 208 1.646023e-03 8.249656e-03 0 2 2 3 7.049102e-15 0.000000e+00
26 198 2.072220e-03 8.249656e-04 0 2 2 3 1.074253e-17 0.000000e+00
26 199 2.072220e-03 1.038570e-03 0 2 2 3 2.805156e-17 0.000000e+00
26 200 2.072220e-03 1.307482e-03 0 2 2 3 7.997462e-17 0.000000e+00
26 201 2.072220e-03 1.646023e-03 0 2 2 3 2.393732e-16 0.000000e+00
26 202 2.072220e-03 2.072220e-03 0 2 2 3 -1.409615e-15 0.000000e+00
26 203 2.072220e-03 2.608770e-03 0 2 2 3 -5.113561e-15 0.000000e+00
26 204 2.072220e-03 3.284247e-03 0 2 2 3 -2.191339e-15 0.000000e+00
26 205 2.072220e-03 4.134622e-03 0 2 2 3 1.819268e-15 0.000000e+00
26 206 2.072220e-03 5.205181e-03 0 2 2 3 4.484481e-15 0.000000e+00
26 207 2.072220e-03 6.552935e-03 0 2 2 3 5.826481e-15 0.000000e+00
26 208 2.072220e-03 8.249656e-03 0 2 2 3 6.332509e-15 0.000000e+00
27 198 2.608770e-03 8.249656e-04 0 2 2 3 4.406598e-18 0.000000e+00
27 199 2.608770e-03 1.038570e-03 0 2 2 3 1.045288e-17 0.000000e+00
27 200 2.608770e-03 1.307482e-03 0 2 2 3 2.894250e-17 0.000000e+00
27 201 2.608770e-03 1.646023e-03 0 2 2 3 8.486312e-17 0.000000e+00
27 202 2.608770e-03 2.072220e-03 0 2 2 3 2.733038e-16 0.000000e+00
27 203 2.608770e-03 2.608770e-03 0 2 2 3 -1.212188e-15 0.000000e+00
27 204 2.608770e-03 3.284247e-03 0 2 2 3 -4.719303e-15 0.000000e+00
27 205 2.608770e-03 4.134622e-03 0 2 2 3 -1.975349e-15 0.000000e+00
27 206 2.608770e-03 5.205181e-03 0 2 2 3 1.648024e-15 0.000000e+00
27 207 2.608770e-03 6.552935e-03 0 2 2 3 4.019766e-15 0.000000e+00
27 208 2.608770e-03 8.249656e-03 0 2 2 3 5.243965e-15 0.000000e+00
28 198 3.284247e-03 8.249656e-04 0 2 2 3 1.872347e-18 0.000000e+00
28 199 3.284247e-03 1.038570e-03 0 2 2 3 3.657110e-18 0.000000e+00
28 200 3.284247e-03 1.307482e-03 0 2 2 3 9.998706e-18 0.000000e+00
28 201 3.284247e-03 1.646023e-03 0 2 2 3 2.814396e-17 0.000000e+00
28 202 3.284247e-03 2.072220e-03 0 2 2 3 8.453384e-17 0.000000e+00
28 203 3.284247e-03 2.608770e-03 0 2 2 3 2.919245e-16 0.000000e+00
28 204 3.284247e-03 3.284247e-03 0 2 2 3 -1.021923e-15 0.000000e+00
28 205 3.284247e-03 4.134622e-03 0 2 2 3 -4.290984e-15 0.000000e+00
28 206 3.284247e-03 5.205181e-03 0 2 2 3 -1.742137e-15 0.000000e+00
28 207 3.284247e-03 6.552935e-03 0 2 2 3 1.510796e-15 0.000000e+00
28 208 3.284247e-03 8.249656e-03 0 2 2 3 3.639520e-15 0.000000e+00
29 198 4.134622e-03 8.249656e-04 0 2 2 3 9.396465e-19 0.000000e+00
29 199 4.134622e-03 1.038570e-03 0 2 2 3 1.192685e-18 0.000000e+00
29 200 4.134622e-03 1.307482e-03 0 2 2 3 3.299733e-18 0.000000e+00
29 201 4.134622e-03 1.646023e-03 0 2 2 3 9.120301e-18 0.000000e+00
29 202 4.134622e-03 2.072220e-03 0 2 2 3 2.569487e-17 0.000000e+00
29 203 4.134622e-03 2.608770e-03 0 2 2 3 7.949496e-17 0.000000e+00
29 204 4.134622e-03 3.284247e-03 0 2 2 3 2.941372e-16 0.000000e+00
29 205 4.134622e-03 4.134622e-03 0 2 2 3 -8.494033e-16 0.000000e+00
29 206 4.134622e-03 5.205181e-03 0 2 2 3 -3.851261e-15 0.000000e+00
29 207 4.134622e-03 6.552935e-03 0 2 2 3 -1.505579e-15 0.000000e+00
29 208 4.134622e-03 8.249656e-03 0 2 2 3 1.410436e-15 0.000000e+00
30 198 5.205181e-03 8.249656e-04 0 2 2 3 5.835666e-19 0.000000e+00
30 199 5.205181e-03 1.038570e-03 0 2 2 3 3.138094e-19 0.000000e+00
30 200 5.205181e-03 1.307482e-03 0 2 2 3 9.905259e-19 0.000000e+00
30 201 5.205181e-03 1.646023e-03 0 2 2 3 2.845770e-18 0.000000e+00
30 202 5.205181e-03 2.072220e-03 0 2 2 3 7.647230e-18 0.000000e+00
30 203 5.205181e-03 2.608770e-03 0 2 2 3 2.207703e-17 0.000000e+00
30 204 5.205181e-03 3.284247e-03 0 2 2 3 7.049161e-17 0.000000e+00
30 205 5.205181e-03 4.134622e-03 0 2 2 3 2.807570e-16 0.000000e+00
30 206 5.205181e-03 5.205181e-03 0 2 2 3 -7.029532e-16 0.000000e+00
30 207 5.205181e-03 6.552935e-03 0 2 2 3 -3.422321e-15 0.000000e+00
30 208 5.205181e-03 8.249656e-03 0 2 2 3 -1.278476e-15 0.000000e+00
31 198 6.552935e-03 8.249656e-04 0 2 2 3 4.844383e-19 0.000000e+00
31 199 6.552935e-03 1.038570e-03 0 2 2 3 2.301829e-20 0.000000e+00
31 200 6.552935e-03 1.307482e-03 0 2 2 3 2.528696e-19 0.000000e+00
31 201 6.552935e-03 1.646023e-03 0 2 2 3 8.603863e-19 0.000000e+00
31 202 6.552935e-03 2.072220e-03 0 2 2 3 2.178143e-18 0.000000e+00
31 203 6.552935e-03 2.608770e-03 0 2 2 3 6.032168e-18 0.000000e+00
31 204 6.552935e-03 3.284247e-03 0 2 2 3 1.771400e-17 0.000000e+00
31 205 6.552935e-03 4.134622e-03 0 2 2 3 5.863557e-17 0.000000e+00
31 206 6.552935e-03 5.205181e-03 0 2 2 3 2.538926e-16 0.000000e+00
31 207 6.552935e-03 6.552935e-03 0 2 2 3 -5.882917e-16 0.000000e+00
31 208 6.552935e-03 8.249656e-03 0 2 2 3 -3.024040e-15 0.000000e+00
32 198 8.249656e-03 8.249656e-04 0 2 2 3 4.396915e-19 0.000000e+00
32 199 8.249656e-03 1.038570e-03 0 2 2 3 -6.869754e-20 0.000000e+00
32 200 8.249656e-03 1.307482e-03 0 2 2 3 1.815276e-20 0.000000e+00
32 201 8.249656e-03 1.646023e-03 0 2 2 3 2.427090e-19 0.000000e+00
32 202 8.249656e-03 2.072220e-03 0 2 2 3 5.498490e-19 0.000000e+00
32 203 8.249656e-03 2.608770e-03 0 2 2 3 1.504855e-18 0.000000e+00
32 204 8.249656e-03 3.284247e-03 0 2 2 3 4.253664e-18 0.000000e+00
32 205 8.249656e-03 4.134622e-03 0 2 2 3 1.292107e-17 0.000000e+00
32 206 8.249656e-03 5.205181e-03 0 2 2 3 4.505652e-17 0.000000e+00
32 207 8.249656e-03 6.552935e-03 0 2 2 3 2.166013e-16 0.000000e+00
32 208 8.249656e-03 8.249656e-03 0 2 2 3 -5.082438e-16 0.000000e+00
