# Please cite the following papers in research using this covariance:
# arXiv: 1601.05779, https://arxiv.org/abs/1601.05779
# arXiv: 1911.11947, https://arxiv.org/abs/1911.11947
# arXiv: 2004.04833, https://arxiv.org/abs/2004.04833
# arXiv: 1804.10663, https://arxiv.org/abs/1804.10663
########################################################
99 99 8.249656e-04 8.249656e-04 3 3 3 3 7.122474e-11 0.000000e+00
99 100 8.249656e-04 1.038570e-03 3 3 3 3 1.802394e-12 0.000000e+00
99 101 8.249656e-04 1.307482e-03 3 3 3 3 1.512332e-12 0.000000e+00
99 102 8.249656e-04 1.646023e-03 3 3 3 3 1.296275e-12 0.000000e+00
99 103 8.249656e-04 2.072220e-03 3 3 3 3 1.130970e-12 0.000000e+00
99 104 8.249656e-04 2.608770e-03 3 3 3 3 9.993224e-13 0.000000e+00
99 105 8.249656e-04 3.284247e-03 3 3 3 3 8.897922e-13 0.000000e+00
99 106 8.249656e-04 4.134622e-03 3 3 3 3 7.946187e-13 0.000000e+00
99 107 8.249656e-04 5.205181e-03 3 3 3 3 7.086361e-13 0.000000e+00
99 108 8.249656e-04 6.552935e-03 3 3 3 3 6.285124e-13 0.000000e+00
99 109 8.249656e-04 8.249656e-03 3 3 3 3 5.522408e-13 0.000000e+00
100 99 1.038570e-03 8.249656e-04 3 3 3 3 1.802394e-12 0.000000e+00
100 100 1.038570e-03 1.038570e-03 3 3 3 3 4.569023e-11 0.000000e+00
100 101 1.038570e-03 1.307482e-03 3 3 3 3 1.580113e-12 0.000000e+00
100 102 1.038570e-03 1.646023e-03 3 3 3 3 1.326637e-12 0.000000e+00
100 103 1.038570e-03 2.072220e-03 3 3 3 3 1.144203e-12 0.000000e+00
100 104 1.038570e-03 2.608770e-03 3 3 3 3 1.004996e-12 0.000000e+00
100 105 1.038570e-03 3.284247e-03 3 3 3 3 8.921750e-13 0.000000e+00
100 106 1.038570e-03 4.134622e-03 3 3 3 3 7.955986e-13 0.000000e+00
100 107 1.038570e-03 5.205181e-03 3 3 3 3 7.090351e-13 0.000000e+00
100 108 1.038570e-03 6.552935e-03 3 3 3 3 6.286786e-13 0.000000e+00
100 109 1.038570e-03 8.249656e-03 3 3 3 3 5.523174e-13 0.000000e+00
101 99 1.307482e-03 8.249656e-04 3 3 3 3 1.512332e-12 0.000000e+00
101 100 1.307482e-03 1.038570e-03 3 3 3 3 1.580113e-12 0.000000e+00
101 101 1.307482e-03 1.307482e-03 3 3 3 3 2.941356e-11 0.000000e+00
101 102 1.307482e-03 1.646023e-03 3 3 3 3 1.388866e-12 0.000000e+00
101 103 1.307482e-03 2.072220e-03 3 3 3 3 1.169330e-12 0.000000e+00
101 104 1.307482e-03 2.608770e-03 3 3 3 3 1.015165e-12 0.000000e+00
101 105 1.307482e-03 3.284247e-03 3 3 3 3 8.962837e-13 0.000000e+00
101 106 1.307482e-03 4.134622e-03 3 3 3 3 7.972443e-13 0.000000e+00
101 107 1.307482e-03 5.205181e-03 3 3 3 3 7.096926e-13 0.000000e+00
101 108 1.307482e-03 6.552935e-03 3 3 3 3 6.289498e-13 0.000000e+00
101 109 1.307482e-03 8.249656e-03 3 3 3 3 5.524419e-13 0.000000e+00
102 99 1.646023e-03 8.249656e-04 3 3 3 3 1.296275e-12 0.000000e+00
102 100 1.646023e-03 1.038570e-03 3 3 3 3 1.326637e-12 0.000000e+00
102 101 1.646023e-03 1.307482e-03 3 3 3 3 1.388866e-12 0.000000e+00
102 102 1.646023e-03 1.646023e-03 3 3 3 3 1.905844e-11 0.000000e+00
102 103 1.646023e-03 2.072220e-03 3 3 3 3 1.224184e-12 0.000000e+00
102 104 1.646023e-03 2.608770e-03 3 3 3 3 1.035083e-12 0.000000e+00
102 105 1.646023e-03 3.284247e-03 3 3 3 3 9.037759e-13 0.000000e+00
102 106 1.646023e-03 4.134622e-03 3 3 3 3 8.001091e-13 0.000000e+00
102 107 1.646023e-03 5.205181e-03 3 3 3 3 7.108011e-13 0.000000e+00
102 108 1.646023e-03 6.552935e-03 3 3 3 3 6.293956e-13 0.000000e+00
102 109 1.646023e-03 8.249656e-03 3 3 3 3 5.526426e-13 0.000000e+00
103 99 2.072220e-03 8.249656e-04 3 3 3 3 1.130970e-12 0.000000e+00
103 100 2.072220e-03 1.038570e-03 3 3 3 3 1.144203e-12 0.000000e+00
103 101 2.072220e-03 1.307482e-03 3 3 3 3 1.169330e-12 0.000000e+00
103 102 2.072220e-03 1.646023e-03 3 3 3 3 1.224184e-12 0.000000e+00
103 103 2.072220e-03 2.072220e-03 3 3 3 3 1.244311e-11 0.000000e+00
103 104 2.072220e-03 2.608770e-03 3 3 3 3 1.081616e-12 0.000000e+00
103 105 2.072220e-03 3.284247e-03 3 3 3 3 9.189266e-13 0.000000e+00
103 106 2.072220e-03 4.134622e-03 3 3 3 3 8.054218e-13 0.000000e+00
103 107 2.072220e-03 5.205181e-03 3 3 3 3 7.127457e-13 0.000000e+00
103 108 2.072220e-03 6.552935e-03 3 3 3 3 6.301481e-13 0.000000e+00
103 109 2.072220e-03 8.249656e-03 3 3 3 3 5.529719e-13 0.000000e+00
104 99 2.608770e-03 8.249656e-04 3 3 3 3 9.993224e-13 0.000000e+00
104 100 2.608770e-03 1.038570e-03 3 3 3 3 1.004996e-12 0.000000e+00
104 101 2.608770e-03 1.307482e-03 3 3 3 3 1.015165e-12 0.000000e+00
104 102 2.608770e-03 1.646023e-03 3 3 3 3 1.035083e-12 0.000000e+00
104 103 2.608770e-03 2.072220e-03 3 3 3 3 1.081616e-12 0.000000e+00
104 104 2.608770e-03 2.608770e-03 3 3 3 3 8.203578e-12 0.000000e+00
104 105 2.608770e-03 3.284247e-03 3 3 3 3 9.569905e-13 0.000000e+00
104 106 2.608770e-03 4.134622e-03 3 3 3 3 8.165152e-13 0.000000e+00
104 107 2.608770e-03 5.205181e-03 3 3 3 3 7.164059e-13 0.000000e+00
104 108 2.608770e-03 6.552935e-03 3 3 3 3 6.314716e-13 0.000000e+00
104 109 2.608770e-03 8.249656e-03 3 3 3 3 5.535231e-13 0.000000e+00
105 99 3.284247e-03 8.249656e-04 3 3 3 3 8.897922e-13 0.000000e+00
105 100 3.284247e-03 1.038570e-03 3 3 3 3 8.921750e-13 0.000000e+00
105 101 3.284247e-03 1.307482e-03 3 3 3 3 8.962837e-13 0.000000e+00
105 102 3.284247e-03 1.646023e-03 3 3 3 3 9.037759e-13 0.000000e+00
105 103 3.284247e-03 2.072220e-03 3 3 3 3 9.189266e-13 0.000000e+00
105 104 3.284247e-03 2.608770e-03 3 3 3 3 9.569905e-13 0.000000e+00
105 105 3.284247e-03 3.284247e-03 3 3 3 3 5.477656e-12 0.000000e+00
105 106 3.284247e-03 4.134622e-03 3 3 3 3 8.466084e-13 0.000000e+00
105 107 3.284247e-03 5.205181e-03 3 3 3 3 7.242779e-13 0.000000e+00
105 108 3.284247e-03 6.552935e-03 3 3 3 3 6.339788e-13 0.000000e+00
105 109 3.284247e-03 8.249656e-03 3 3 3 3 5.544829e-13 0.000000e+00
106 99 4.134622e-03 8.249656e-04 3 3 3 3 7.946187e-13 0.000000e+00
106 100 4.134622e-03 1.038570e-03 3 3 3 3 7.955986e-13 0.000000e+00
106 101 4.134622e-03 1.307482e-03 3 3 3 3 7.972443e-13 0.000000e+00
106 102 4.134622e-03 1.646023e-03 3 3 3 3 8.001091e-13 0.000000e+00
106 103 4.134622e-03 2.072220e-03 3 3 3 3 8.054218e-13 0.000000e+00
106 104 4.134622e-03 2.608770e-03 3 3 3 3 8.165152e-13 0.000000e+00
106 105 4.134622e-03 3.284247e-03 3 3 3 3 8.466084e-13 0.000000e+00
106 106 4.134622e-03 4.134622e-03 3 3 3 3 3.719368e-12 0.000000e+00
106 107 4.134622e-03 5.205181e-03 3 3 3 3 7.473605e-13 0.000000e+00
106 108 4.134622e-03 6.552935e-03 3 3 3 3 6.394765e-13 0.000000e+00
106 109 4.134622e-03 8.249656e-03 3 3 3 3 5.562792e-13 0.000000e+00
107 99 5.205181e-03 8.249656e-04 3 3 3 3 7.086361e-13 0.000000e+00
107 100 5.205181e-03 1.038570e-03 3 3 3 3 7.090351e-13 0.000000e+00
107 101 5.205181e-03 1.307482e-03 3 3 3 3 7.096926e-13 0.000000e+00
107 102 5.205181e-03 1.646023e-03 3 3 3 3 7.108011e-13 0.000000e+00
107 103 5.205181e-03 2.072220e-03 3 3 3 3 7.127457e-13 0.000000e+00
107 104 5.205181e-03 2.608770e-03 3 3 3 3 7.164059e-13 0.000000e+00
107 105 5.205181e-03 3.284247e-03 3 3 3 3 7.242779e-13 0.000000e+00
107 106 5.205181e-03 4.134622e-03 3 3 3 3 7.473605e-13 0.000000e+00
107 107 5.205181e-03 5.205181e-03 3 3 3 3 2.573106e-12 0.000000e+00
107 108 5.205181e-03 6.552935e-03 3 3 3 3 6.567765e-13 0.000000e+00
107 109 5.205181e-03 8.249656e-03 3 3 3 3 5.601915e-13 0.000000e+00
108 99 6.552935e-03 8.249656e-04 3 3 3 3 6.285124e-13 0.000000e+00
108 100 6.552935e-03 1.038570e-03 3 3 3 3 6.286786e-13 0.000000e+00
108 101 6.552935e-03 1.307482e-03 3 3 3 3 6.289498e-13 0.000000e+00
108 102 6.552935e-03 1.646023e-03 3 3 3 3 6.293956e-13 0.000000e+00
108 103 6.552935e-03 2.072220e-03 3 3 3 3 6.301481e-13 0.000000e+00
108 104 6.552935e-03 2.608770e-03 3 3 3 3 6.314716e-13 0.000000e+00
108 105 6.552935e-03 3.284247e-03 3 3 3 3 6.339788e-13 0.000000e+00
108 106 6.552935e-03 4.134622e-03 3 3 3 3 6.394765e-13 0.000000e+00
108 107 6.552935e-03 5.205181e-03 3 3 3 3 6.567765e-13 0.000000e+00
108 108 6.552935e-03 6.552935e-03 3 3 3 3 1.816589e-12 0.000000e+00
108 109 6.552935e-03 8.249656e-03 3 3 3 3 5.730431e-13 0.000000e+00
109 99 8.249656e-03 8.249656e-04 3 3 3 3 5.522408e-13 0.000000e+00
109 100 8.249656e-03 1.038570e-03 3 3 3 3 5.523174e-13 0.000000e+00
109 101 8.249656e-03 1.307482e-03 3 3 3 3 5.524419e-13 0.000000e+00
109 102 8.249656e-03 1.646023e-03 3 3 3 3 5.526426e-13 0.000000e+00
109 103 8.249656e-03 2.072220e-03 3 3 3 3 5.529719e-13 0.000000e+00
109 104 8.249656e-03 2.608770e-03 3 3 3 3 5.535231e-13 0.000000e+00
109 105 8.249656e-03 3.284247e-03 3 3 3 3 5.544829e-13 0.000000e+00
109 106 8.249656e-03 4.134622e-03 3 3 3 3 5.562792e-13 0.000000e+00
109 107 8.249656e-03 5.205181e-03 3 3 3 3 5.601915e-13 0.000000e+00
109 108 8.249656e-03 6.552935e-03 3 3 3 3 5.730431e-13 0.000000e+00
109 109 8.249656e-03 8.249656e-03 3 3 3 3 1.309814e-12 0.000000e+00
