# Please cite the following papers in research using this covariance:
# arXiv: 1601.05779, https://arxiv.org/abs/1601.05779
# arXiv: 1911.11947, https://arxiv.org/abs/1911.11947
# arXiv: 2004.04833, https://arxiv.org/abs/2004.04833
# arXiv: 1804.10663, https://arxiv.org/abs/1804.10663
########################################################
55 55 8.249656e-04 8.249656e-04 1 2 1 2 1.826061e-11 0.000000e+00
55 56 8.249656e-04 1.038570e-03 1 2 1 2 2.977555e-13 0.000000e+00
55 57 8.249656e-04 1.307482e-03 1 2 1 2 2.525933e-13 0.000000e+00
55 58 8.249656e-04 1.646023e-03 1 2 1 2 2.166054e-13 0.000000e+00
55 59 8.249656e-04 2.072220e-03 1 2 1 2 1.883319e-13 0.000000e+00
55 60 8.249656e-04 2.608770e-03 1 2 1 2 1.659386e-13 0.000000e+00
55 61 8.249656e-04 3.284247e-03 1 2 1 2 1.478476e-13 0.000000e+00
55 62 8.249656e-04 4.134622e-03 1 2 1 2 1.328018e-13 0.000000e+00
55 63 8.249656e-04 5.205181e-03 1 2 1 2 1.198393e-13 0.000000e+00
55 64 8.249656e-04 6.552935e-03 1 2 1 2 1.082481e-13 0.000000e+00
55 65 8.249656e-04 8.249656e-03 1 2 1 2 9.752189e-14 0.000000e+00
56 55 1.038570e-03 8.249656e-04 1 2 1 2 2.977555e-13 0.000000e+00
56 56 1.038570e-03 1.038570e-03 1 2 1 2 1.166683e-11 0.000000e+00
56 57 1.038570e-03 1.307482e-03 1 2 1 2 2.616999e-13 0.000000e+00
56 58 1.038570e-03 1.646023e-03 1 2 1 2 2.214487e-13 0.000000e+00
56 59 1.038570e-03 2.072220e-03 1 2 1 2 1.907169e-13 0.000000e+00
56 60 1.038570e-03 2.608770e-03 1 2 1 2 1.670654e-13 0.000000e+00
56 61 1.038570e-03 3.284247e-03 1 2 1 2 1.483604e-13 0.000000e+00
56 62 1.038570e-03 4.134622e-03 1 2 1 2 1.330263e-13 0.000000e+00
56 63 1.038570e-03 5.205181e-03 1 2 1 2 1.199334e-13 0.000000e+00
56 64 1.038570e-03 6.552935e-03 1 2 1 2 1.082857e-13 0.000000e+00
56 65 1.038570e-03 8.249656e-03 1 2 1 2 9.753606e-14 0.000000e+00
57 55 1.307482e-03 8.249656e-04 1 2 1 2 2.525933e-13 0.000000e+00
57 56 1.307482e-03 1.038570e-03 1 2 1 2 2.616999e-13 0.000000e+00
57 57 1.307482e-03 1.307482e-03 1 2 1 2 7.469312e-12 0.000000e+00
57 58 1.307482e-03 1.646023e-03 1 2 1 2 2.304513e-13 0.000000e+00
57 59 1.307482e-03 2.072220e-03 1 2 1 2 1.950346e-13 0.000000e+00
57 60 1.307482e-03 2.608770e-03 1 2 1 2 1.690330e-13 0.000000e+00
57 61 1.307482e-03 3.284247e-03 1 2 1 2 1.492315e-13 0.000000e+00
57 62 1.307482e-03 4.134622e-03 1 2 1 2 1.334002e-13 0.000000e+00
57 63 1.307482e-03 5.205181e-03 1 2 1 2 1.200881e-13 0.000000e+00
57 64 1.307482e-03 6.552935e-03 1 2 1 2 1.083471e-13 0.000000e+00
57 65 1.307482e-03 8.249656e-03 1 2 1 2 9.755935e-14 0.000000e+00
58 55 1.646023e-03 8.249656e-04 1 2 1 2 2.166054e-13 0.000000e+00
58 56 1.646023e-03 1.038570e-03 1 2 1 2 2.214487e-13 0.000000e+00
58 57 1.646023e-03 1.307482e-03 1 2 1 2 2.304513e-13 0.000000e+00
58 58 1.646023e-03 1.646023e-03 1 2 1 2 4.803906e-12 0.000000e+00
58 59 1.646023e-03 2.072220e-03 1 2 1 2 2.035329e-13 0.000000e+00
58 60 1.646023e-03 2.608770e-03 1 2 1 2 1.727027e-13 0.000000e+00
58 61 1.646023e-03 3.284247e-03 1 2 1 2 1.507788e-13 0.000000e+00
58 62 1.646023e-03 4.134622e-03 1 2 1 2 1.340419e-13 0.000000e+00
58 63 1.646023e-03 5.205181e-03 1 2 1 2 1.203474e-13 0.000000e+00
58 64 1.646023e-03 6.552935e-03 1 2 1 2 1.084483e-13 0.000000e+00
58 65 1.646023e-03 8.249656e-03 1 2 1 2 9.759721e-14 0.000000e+00
59 55 2.072220e-03 8.249656e-04 1 2 1 2 1.883319e-13 0.000000e+00
59 56 2.072220e-03 1.038570e-03 1 2 1 2 1.907169e-13 0.000000e+00
59 57 2.072220e-03 1.307482e-03 1 2 1 2 1.950346e-13 0.000000e+00
59 58 2.072220e-03 1.646023e-03 1 2 1 2 2.035329e-13 0.000000e+00
59 59 2.072220e-03 2.072220e-03 1 2 1 2 3.105657e-12 0.000000e+00
59 60 2.072220e-03 2.608770e-03 1 2 1 2 1.803868e-13 0.000000e+00
59 61 2.072220e-03 3.284247e-03 1 2 1 2 1.537569e-13 0.000000e+00
59 62 2.072220e-03 4.134622e-03 1 2 1 2 1.352026e-13 0.000000e+00
59 63 2.072220e-03 5.205181e-03 1 2 1 2 1.207975e-13 0.000000e+00
59 64 2.072220e-03 6.552935e-03 1 2 1 2 1.086191e-13 0.000000e+00
59 65 2.072220e-03 8.249656e-03 1 2 1 2 9.765997e-14 0.000000e+00
60 55 2.608770e-03 8.249656e-04 1 2 1 2 1.659386e-13 0.000000e+00
60 56 2.608770e-03 1.038570e-03 1 2 1 2 1.670654e-13 0.000000e+00
60 57 2.608770e-03 1.307482e-03 1 2 1 2 1.690330e-13 0.000000e+00
60 58 2.608770e-03 1.646023e-03 1 2 1 2 1.727027e-13 0.000000e+00
60 59 2.608770e-03 2.072220e-03 1 2 1 2 1.803868e-13 0.000000e+00
60 60 2.608770e-03 2.608770e-03 1 2 1 2 2.021482e-12 0.000000e+00
60 61 2.608770e-03 3.284247e-03 1 2 1 2 1.604257e-13 0.000000e+00
60 62 2.608770e-03 4.134622e-03 1 2 1 2 1.375121e-13 0.000000e+00
60 63 2.608770e-03 5.205181e-03 1 2 1 2 1.216279e-13 0.000000e+00
60 64 2.608770e-03 6.552935e-03 1 2 1 2 1.089195e-13 0.000000e+00
60 65 2.608770e-03 8.249656e-03 1 2 1 2 9.776691e-14 0.000000e+00
61 55 3.284247e-03 8.249656e-04 1 2 1 2 1.478476e-13 0.000000e+00
61 56 3.284247e-03 1.038570e-03 1 2 1 2 1.483604e-13 0.000000e+00
61 57 3.284247e-03 1.307482e-03 1 2 1 2 1.492315e-13 0.000000e+00
61 58 3.284247e-03 1.646023e-03 1 2 1 2 1.507788e-13 0.000000e+00
61 59 3.284247e-03 2.072220e-03 1 2 1 2 1.537569e-13 0.000000e+00
61 60 3.284247e-03 2.608770e-03 1 2 1 2 1.604257e-13 0.000000e+00
61 61 3.284247e-03 3.284247e-03 1 2 1 2 1.328268e-12 0.000000e+00
61 62 3.284247e-03 4.134622e-03 1 2 1 2 1.430755e-13 0.000000e+00
61 63 3.284247e-03 5.205181e-03 1 2 1 2 1.233402e-13 0.000000e+00
61 64 3.284247e-03 6.552935e-03 1 2 1 2 1.094856e-13 0.000000e+00
61 65 3.284247e-03 8.249656e-03 1 2 1 2 9.795763e-14 0.000000e+00
62 55 4.134622e-03 8.249656e-04 1 2 1 2 1.328018e-13 0.000000e+00
62 56 4.134622e-03 1.038570e-03 1 2 1 2 1.330263e-13 0.000000e+00
62 57 4.134622e-03 1.307482e-03 1 2 1 2 1.334002e-13 0.000000e+00
62 58 4.134622e-03 1.646023e-03 1 2 1 2 1.340419e-13 0.000000e+00
62 59 4.134622e-03 2.072220e-03 1 2 1 2 1.352026e-13 0.000000e+00
62 60 4.134622e-03 2.608770e-03 1 2 1 2 1.375121e-13 0.000000e+00
62 61 4.134622e-03 3.284247e-03 1 2 1 2 1.430755e-13 0.000000e+00
62 62 4.134622e-03 4.134622e-03 1 2 1 2 8.847722e-13 0.000000e+00
62 63 4.134622e-03 5.205181e-03 1 2 1 2 1.278069e-13 0.000000e+00
62 64 4.134622e-03 6.552935e-03 1 2 1 2 1.106992e-13 0.000000e+00
62 65 4.134622e-03 8.249656e-03 1 2 1 2 9.832570e-14 0.000000e+00
63 55 5.205181e-03 8.249656e-04 1 2 1 2 1.198393e-13 0.000000e+00
63 56 5.205181e-03 1.038570e-03 1 2 1 2 1.199334e-13 0.000000e+00
63 57 5.205181e-03 1.307482e-03 1 2 1 2 1.200881e-13 0.000000e+00
63 58 5.205181e-03 1.646023e-03 1 2 1 2 1.203474e-13 0.000000e+00
63 59 5.205181e-03 2.072220e-03 1 2 1 2 1.207975e-13 0.000000e+00
63 60 5.205181e-03 2.608770e-03 1 2 1 2 1.216279e-13 0.000000e+00
63 61 5.205181e-03 3.284247e-03 1 2 1 2 1.233402e-13 0.000000e+00
63 62 5.205181e-03 4.134622e-03 1 2 1 2 1.278069e-13 0.000000e+00
63 63 5.205181e-03 5.205181e-03 1 2 1 2 5.990147e-13 0.000000e+00
63 64 5.205181e-03 6.552935e-03 1 2 1 2 1.141541e-13 0.000000e+00
63 65 5.205181e-03 8.249656e-03 1 2 1 2 9.914868e-14 0.000000e+00
64 55 6.552935e-03 8.249656e-04 1 2 1 2 1.082481e-13 0.000000e+00
64 56 6.552935e-03 1.038570e-03 1 2 1 2 1.082857e-13 0.000000e+00
64 57 6.552935e-03 1.307482e-03 1 2 1 2 1.083471e-13 0.000000e+00
64 58 6.552935e-03 1.646023e-03 1 2 1 2 1.084483e-13 0.000000e+00
64 59 6.552935e-03 2.072220e-03 1 2 1 2 1.086191e-13 0.000000e+00
64 60 6.552935e-03 2.608770e-03 1 2 1 2 1.089195e-13 0.000000e+00
64 61 6.552935e-03 3.284247e-03 1 2 1 2 1.094856e-13 0.000000e+00
64 62 6.552935e-03 4.134622e-03 1 2 1 2 1.106992e-13 0.000000e+00
64 63 6.552935e-03 5.205181e-03 1 2 1 2 1.141541e-13 0.000000e+00
64 64 6.552935e-03 6.552935e-03 1 2 1 2 4.134943e-13 0.000000e+00
64 65 6.552935e-03 8.249656e-03 1 2 1 2 1.017277e-13 0.000000e+00
65 55 8.249656e-03 8.249656e-04 1 2 1 2 9.752189e-14 0.000000e+00
65 56 8.249656e-03 1.038570e-03 1 2 1 2 9.753606e-14 0.000000e+00
65 57 8.249656e-03 1.307482e-03 1 2 1 2 9.755935e-14 0.000000e+00
65 58 8.249656e-03 1.646023e-03 1 2 1 2 9.759721e-14 0.000000e+00
65 59 8.249656e-03 2.072220e-03 1 2 1 2 9.765997e-14 0.000000e+00
65 60 8.249656e-03 2.608770e-03 1 2 1 2 9.776691e-14 0.000000e+00
65 61 8.249656e-03 3.284247e-03 1 2 1 2 9.795763e-14 0.000000e+00
65 62 8.249656e-03 4.134622e-03 1 2 1 2 9.832570e-14 0.000000e+00
65 63 8.249656e-03 5.205181e-03 1 2 1 2 9.914868e-14 0.000000e+00
65 64 8.249656e-03 6.552935e-03 1 2 1 2 1.017277e-13 0.000000e+00
65 65 8.249656e-03 8.249656e-03 1 2 1 2 2.919664e-13 0.000000e+00
