# Please cite the following papers in research using this covariance:
# arXiv: 1601.05779, https://arxiv.org/abs/1601.05779
# arXiv: 1911.11947, https://arxiv.org/abs/1911.11947
# arXiv: 2004.04833, https://arxiv.org/abs/2004.04833
# arXiv: 1804.10663, https://arxiv.org/abs/1804.10663
########################################################
33 55 8.249656e-04 8.249656e-04 0 3 1 2 6.183005e-14 0.000000e+00
33 56 8.249656e-04 1.038570e-03 0 3 1 2 6.126362e-14 0.000000e+00
33 57 8.249656e-04 1.307482e-03 0 3 1 2 6.044549e-14 0.000000e+00
33 58 8.249656e-04 1.646023e-03 0 3 1 2 5.939186e-14 0.000000e+00
33 59 8.249656e-04 2.072220e-03 0 3 1 2 5.813110e-14 0.000000e+00
33 60 8.249656e-04 2.608770e-03 0 3 1 2 5.668987e-14 0.000000e+00
33 61 8.249656e-04 3.284247e-03 0 3 1 2 5.508384e-14 0.000000e+00
33 62 8.249656e-04 4.134622e-03 0 3 1 2 5.331186e-14 0.000000e+00
33 63 8.249656e-04 5.205181e-03 0 3 1 2 5.135378e-14 0.000000e+00
33 64 8.249656e-04 6.552935e-03 0 3 1 2 4.917237e-14 0.000000e+00
33 65 8.249656e-04 8.249656e-03 0 3 1 2 4.671866e-14 0.000000e+00
34 55 1.038570e-03 8.249656e-04 0 3 1 2 6.126362e-14 0.000000e+00
34 56 1.038570e-03 1.038570e-03 0 3 1 2 6.087302e-14 0.000000e+00
34 57 1.038570e-03 1.307482e-03 0 3 1 2 6.021188e-14 0.000000e+00
34 58 1.038570e-03 1.646023e-03 0 3 1 2 5.925947e-14 0.000000e+00
34 59 1.038570e-03 2.072220e-03 0 3 1 2 5.805654e-14 0.000000e+00
34 60 1.038570e-03 2.608770e-03 0 3 1 2 5.664590e-14 0.000000e+00
34 61 1.038570e-03 3.284247e-03 0 3 1 2 5.505535e-14 0.000000e+00
34 62 1.038570e-03 4.134622e-03 0 3 1 2 5.329141e-14 0.000000e+00
34 63 1.038570e-03 5.205181e-03 0 3 1 2 5.133815e-14 0.000000e+00
34 64 1.038570e-03 6.552935e-03 0 3 1 2 4.916025e-14 0.000000e+00
34 65 1.038570e-03 8.249656e-03 0 3 1 2 4.670947e-14 0.000000e+00
35 55 1.307482e-03 8.249656e-04 0 3 1 2 6.044549e-14 0.000000e+00
35 56 1.307482e-03 1.038570e-03 0 3 1 2 6.021188e-14 0.000000e+00
35 57 1.307482e-03 1.307482e-03 0 3 1 2 5.977914e-14 0.000000e+00
35 58 1.307482e-03 1.646023e-03 0 3 1 2 5.901880e-14 0.000000e+00
35 59 1.307482e-03 2.072220e-03 0 3 1 2 5.792631e-14 0.000000e+00
35 60 1.307482e-03 2.608770e-03 0 3 1 2 5.657214e-14 0.000000e+00
35 61 1.307482e-03 3.284247e-03 0 3 1 2 5.500908e-14 0.000000e+00
35 62 1.307482e-03 4.134622e-03 0 3 1 2 5.325887e-14 0.000000e+00
35 63 1.307482e-03 5.205181e-03 0 3 1 2 5.131350e-14 0.000000e+00
35 64 1.307482e-03 6.552935e-03 0 3 1 2 4.914123e-14 0.000000e+00
35 65 1.307482e-03 8.249656e-03 0 3 1 2 4.669510e-14 0.000000e+00
36 55 1.646023e-03 8.249656e-04 0 3 1 2 5.939186e-14 0.000000e+00
36 56 1.646023e-03 1.038570e-03 0 3 1 2 5.925947e-14 0.000000e+00
36 57 1.646023e-03 1.307482e-03 0 3 1 2 5.901880e-14 0.000000e+00
36 58 1.646023e-03 1.646023e-03 0 3 1 2 5.854725e-14 0.000000e+00
36 59 1.646023e-03 2.072220e-03 0 3 1 2 5.768185e-14 0.000000e+00
36 60 1.646023e-03 2.608770e-03 0 3 1 2 5.644240e-14 0.000000e+00
36 61 1.646023e-03 3.284247e-03 0 3 1 2 5.493192e-14 0.000000e+00
36 62 1.646023e-03 4.134622e-03 0 3 1 2 5.320627e-14 0.000000e+00
36 63 1.646023e-03 5.205181e-03 0 3 1 2 5.127419e-14 0.000000e+00
36 64 1.646023e-03 6.552935e-03 0 3 1 2 4.911103e-14 0.000000e+00
36 65 1.646023e-03 8.249656e-03 0 3 1 2 4.667231e-14 0.000000e+00
37 55 2.072220e-03 8.249656e-04 0 3 1 2 5.813110e-14 0.000000e+00
37 56 2.072220e-03 1.038570e-03 0 3 1 2 5.805654e-14 0.000000e+00
37 57 2.072220e-03 1.307482e-03 0 3 1 2 5.792631e-14 0.000000e+00
37 58 2.072220e-03 1.646023e-03 0 3 1 2 5.768185e-14 0.000000e+00
37 59 2.072220e-03 2.072220e-03 0 3 1 2 5.717284e-14 0.000000e+00
37 60 2.072220e-03 2.608770e-03 0 3 1 2 5.619373e-14 0.000000e+00
37 61 2.072220e-03 3.284247e-03 0 3 1 2 5.479744e-14 0.000000e+00
37 62 2.072220e-03 4.134622e-03 0 3 1 2 5.311980e-14 0.000000e+00
37 63 2.072220e-03 5.205181e-03 0 3 1 2 5.121112e-14 0.000000e+00
37 64 2.072220e-03 6.552935e-03 0 3 1 2 4.906291e-14 0.000000e+00
37 65 2.072220e-03 8.249656e-03 0 3 1 2 4.663604e-14 0.000000e+00
38 55 2.608770e-03 8.249656e-04 0 3 1 2 5.668987e-14 0.000000e+00
38 56 2.608770e-03 1.038570e-03 0 3 1 2 5.664590e-14 0.000000e+00
38 57 2.608770e-03 1.307482e-03 0 3 1 2 5.657214e-14 0.000000e+00
38 58 2.608770e-03 1.646023e-03 0 3 1 2 5.644240e-14 0.000000e+00
38 59 2.608770e-03 2.072220e-03 0 3 1 2 5.619373e-14 0.000000e+00
38 60 2.608770e-03 2.608770e-03 0 3 1 2 5.564513e-14 0.000000e+00
38 61 2.608770e-03 3.284247e-03 0 3 1 2 5.453959e-14 0.000000e+00
38 62 2.608770e-03 4.134622e-03 0 3 1 2 5.297242e-14 0.000000e+00
38 63 2.608770e-03 5.205181e-03 0 3 1 2 5.110897e-14 0.000000e+00
38 64 2.608770e-03 6.552935e-03 0 3 1 2 4.898617e-14 0.000000e+00
38 65 2.608770e-03 8.249656e-03 0 3 1 2 4.657839e-14 0.000000e+00
39 55 3.284247e-03 8.249656e-04 0 3 1 2 5.508384e-14 0.000000e+00
39 56 3.284247e-03 1.038570e-03 0 3 1 2 5.505535e-14 0.000000e+00
39 57 3.284247e-03 1.307482e-03 0 3 1 2 5.500908e-14 0.000000e+00
39 58 3.284247e-03 1.646023e-03 0 3 1 2 5.493192e-14 0.000000e+00
39 59 3.284247e-03 2.072220e-03 0 3 1 2 5.479744e-14 0.000000e+00
39 60 3.284247e-03 2.608770e-03 0 3 1 2 5.453959e-14 0.000000e+00
39 61 3.284247e-03 3.284247e-03 0 3 1 2 5.394470e-14 0.000000e+00
39 62 3.284247e-03 4.134622e-03 0 3 1 2 5.269588e-14 0.000000e+00
39 63 3.284247e-03 5.205181e-03 0 3 1 2 5.093900e-14 0.000000e+00
39 64 3.284247e-03 6.552935e-03 0 3 1 2 4.886290e-14 0.000000e+00
39 65 3.284247e-03 8.249656e-03 0 3 1 2 4.648650e-14 0.000000e+00
40 55 4.134622e-03 8.249656e-04 0 3 1 2 5.331186e-14 0.000000e+00
40 56 4.134622e-03 1.038570e-03 0 3 1 2 5.329141e-14 0.000000e+00
40 57 4.134622e-03 1.307482e-03 0 3 1 2 5.325887e-14 0.000000e+00
40 58 4.134622e-03 1.646023e-03 0 3 1 2 5.320627e-14 0.000000e+00
40 59 4.134622e-03 2.072220e-03 0 3 1 2 5.311980e-14 0.000000e+00
40 60 4.134622e-03 2.608770e-03 0 3 1 2 5.297242e-14 0.000000e+00
40 61 4.134622e-03 3.284247e-03 0 3 1 2 5.269588e-14 0.000000e+00
40 62 4.134622e-03 4.134622e-03 0 3 1 2 5.204364e-14 0.000000e+00
40 63 4.134622e-03 5.205181e-03 0 3 1 2 5.063129e-14 0.000000e+00
40 64 4.134622e-03 6.552935e-03 0 3 1 2 4.866145e-14 0.000000e+00
40 65 4.134622e-03 8.249656e-03 0 3 1 2 4.633933e-14 0.000000e+00
41 55 5.205181e-03 8.249656e-04 0 3 1 2 5.135378e-14 0.000000e+00
41 56 5.205181e-03 1.038570e-03 0 3 1 2 5.133815e-14 0.000000e+00
41 57 5.205181e-03 1.307482e-03 0 3 1 2 5.131350e-14 0.000000e+00
41 58 5.205181e-03 1.646023e-03 0 3 1 2 5.127419e-14 0.000000e+00
41 59 5.205181e-03 2.072220e-03 0 3 1 2 5.121112e-14 0.000000e+00
41 60 5.205181e-03 2.608770e-03 0 3 1 2 5.110897e-14 0.000000e+00
41 61 5.205181e-03 3.284247e-03 0 3 1 2 5.093900e-14 0.000000e+00
41 62 5.205181e-03 4.134622e-03 0 3 1 2 5.063129e-14 0.000000e+00
41 63 5.205181e-03 5.205181e-03 0 3 1 2 4.990745e-14 0.000000e+00
41 64 5.205181e-03 6.552935e-03 0 3 1 2 4.830972e-14 0.000000e+00
41 65 5.205181e-03 8.249656e-03 0 3 1 2 4.610090e-14 0.000000e+00
42 55 6.552935e-03 8.249656e-04 0 3 1 2 4.917237e-14 0.000000e+00
42 56 6.552935e-03 1.038570e-03 0 3 1 2 4.916025e-14 0.000000e+00
42 57 6.552935e-03 1.307482e-03 0 3 1 2 4.914123e-14 0.000000e+00
42 58 6.552935e-03 1.646023e-03 0 3 1 2 4.911103e-14 0.000000e+00
42 59 6.552935e-03 2.072220e-03 0 3 1 2 4.906291e-14 0.000000e+00
42 60 6.552935e-03 2.608770e-03 0 3 1 2 4.898617e-14 0.000000e+00
42 61 6.552935e-03 3.284247e-03 0 3 1 2 4.886290e-14 0.000000e+00
42 62 6.552935e-03 4.134622e-03 0 3 1 2 4.866145e-14 0.000000e+00
42 63 6.552935e-03 5.205181e-03 0 3 1 2 4.830972e-14 0.000000e+00
42 64 6.552935e-03 6.552935e-03 0 3 1 2 4.749923e-14 0.000000e+00
42 65 6.552935e-03 8.249656e-03 0 3 1 2 4.569539e-14 0.000000e+00
43 55 8.249656e-03 8.249656e-04 0 3 1 2 4.671866e-14 0.000000e+00
43 56 8.249656e-03 1.038570e-03 0 3 1 2 4.670947e-14 0.000000e+00
43 57 8.249656e-03 1.307482e-03 0 3 1 2 4.669510e-14 0.000000e+00
43 58 8.249656e-03 1.646023e-03 0 3 1 2 4.667231e-14 0.000000e+00
43 59 8.249656e-03 2.072220e-03 0 3 1 2 4.663604e-14 0.000000e+00
43 60 8.249656e-03 2.608770e-03 0 3 1 2 4.657839e-14 0.000000e+00
43 61 8.249656e-03 3.284247e-03 0 3 1 2 4.648650e-14 0.000000e+00
43 62 8.249656e-03 4.134622e-03 0 3 1 2 4.633933e-14 0.000000e+00
43 63 8.249656e-03 5.205181e-03 0 3 1 2 4.610090e-14 0.000000e+00
43 64 8.249656e-03 6.552935e-03 0 3 1 2 4.569539e-14 0.000000e+00
43 65 8.249656e-03 8.249656e-03 0 3 1 2 4.478601e-14 0.000000e+00
