# Please cite the following papers in research using this covariance:
# arXiv: 1601.05779, https://arxiv.org/abs/1601.05779
# arXiv: 1911.11947, https://arxiv.org/abs/1911.11947
# arXiv: 2004.04833, https://arxiv.org/abs/2004.04833
# arXiv: 1804.10663, https://arxiv.org/abs/1804.10663
########################################################
11 176 8.249656e-04 8.249656e-04 0 1 1 3 -2.166030e-15 0.000000e+00
11 177 8.249656e-04 1.038570e-03 0 1 1 3 -6.379478e-15 0.000000e+00
11 178 8.249656e-04 1.307482e-03 0 1 1 3 -2.849775e-15 0.000000e+00
11 179 8.249656e-04 1.646023e-03 0 1 1 3 2.756291e-15 0.000000e+00
11 180 8.249656e-04 2.072220e-03 0 1 1 3 6.924678e-15 0.000000e+00
11 181 8.249656e-04 2.608770e-03 0 1 1 3 9.162852e-15 0.000000e+00
11 182 8.249656e-04 3.284247e-03 0 1 1 3 9.892017e-15 0.000000e+00
11 183 8.249656e-04 4.134622e-03 0 1 1 3 9.663634e-15 0.000000e+00
11 184 8.249656e-04 5.205181e-03 0 1 1 3 8.926473e-15 0.000000e+00
11 185 8.249656e-04 6.552935e-03 0 1 1 3 7.989540e-15 0.000000e+00
11 186 8.249656e-04 8.249656e-03 0 1 1 3 7.043769e-15 0.000000e+00
12 176 1.038570e-03 8.249656e-04 0 1 1 3 9.769566e-17 0.000000e+00
12 177 1.038570e-03 1.038570e-03 0 1 1 3 -2.026029e-15 0.000000e+00
12 178 1.038570e-03 1.307482e-03 0 1 1 3 -6.259358e-15 0.000000e+00
12 179 1.038570e-03 1.646023e-03 0 1 1 3 -2.801286e-15 0.000000e+00
12 180 1.038570e-03 2.072220e-03 0 1 1 3 2.478076e-15 0.000000e+00
12 181 1.038570e-03 2.608770e-03 0 1 1 3 6.230718e-15 0.000000e+00
12 182 1.038570e-03 3.284247e-03 0 1 1 3 8.125821e-15 0.000000e+00
12 183 1.038570e-03 4.134622e-03 0 1 1 3 8.652531e-15 0.000000e+00
12 184 1.038570e-03 5.205181e-03 0 1 1 3 8.364762e-15 0.000000e+00
12 185 1.038570e-03 6.552935e-03 0 1 1 3 7.682419e-15 0.000000e+00
12 186 1.038570e-03 8.249656e-03 0 1 1 3 6.876688e-15 0.000000e+00
13 176 1.307482e-03 8.249656e-04 0 1 1 3 6.887571e-17 0.000000e+00
13 177 1.307482e-03 1.038570e-03 0 1 1 3 1.668733e-16 0.000000e+00
13 178 1.307482e-03 1.307482e-03 0 1 1 3 -1.848330e-15 0.000000e+00
13 179 1.307482e-03 1.646023e-03 0 1 1 3 -6.034618e-15 0.000000e+00
13 180 1.307482e-03 2.072220e-03 0 1 1 3 -2.688286e-15 0.000000e+00
13 181 1.307482e-03 2.608770e-03 0 1 1 3 2.203557e-15 0.000000e+00
13 182 1.307482e-03 3.284247e-03 0 1 1 3 5.528777e-15 0.000000e+00
13 183 1.307482e-03 4.134622e-03 0 1 1 3 7.115681e-15 0.000000e+00
13 184 1.307482e-03 5.205181e-03 0 1 1 3 7.495856e-15 0.000000e+00
13 185 1.307482e-03 6.552935e-03 0 1 1 3 7.202728e-15 0.000000e+00
13 186 1.307482e-03 8.249656e-03 0 1 1 3 6.614273e-15 0.000000e+00
14 176 1.646023e-03 8.249656e-04 0 1 1 3 3.051172e-17 0.000000e+00
14 177 1.646023e-03 1.038570e-03 0 1 1 3 8.350934e-17 0.000000e+00
14 178 1.646023e-03 1.307482e-03 0 1 1 3 2.309912e-16 0.000000e+00
14 179 1.646023e-03 1.646023e-03 0 1 1 3 -1.640265e-15 0.000000e+00
14 180 1.646023e-03 2.072220e-03 0 1 1 3 -5.713216e-15 0.000000e+00
14 181 1.646023e-03 2.608770e-03 0 1 1 3 -2.517371e-15 0.000000e+00
14 182 1.646023e-03 3.284247e-03 0 1 1 3 1.943267e-15 0.000000e+00
14 183 1.646023e-03 4.134622e-03 0 1 1 3 4.849562e-15 0.000000e+00
14 184 1.646023e-03 5.205181e-03 0 1 1 3 6.173352e-15 0.000000e+00
14 185 1.646023e-03 6.552935e-03 0 1 1 3 6.460308e-15 0.000000e+00
14 186 1.646023e-03 8.249656e-03 0 1 1 3 6.204319e-15 0.000000e+00
15 176 2.072220e-03 8.249656e-04 0 1 1 3 1.236162e-17 0.000000e+00
15 177 2.072220e-03 1.038570e-03 0 1 1 3 3.293802e-17 0.000000e+00
15 178 2.072220e-03 1.307482e-03 0 1 1 3 9.409823e-17 0.000000e+00
15 179 2.072220e-03 1.646023e-03 0 1 1 3 2.839304e-16 0.000000e+00
15 180 2.072220e-03 2.072220e-03 0 1 1 3 -1.415347e-15 0.000000e+00
15 181 2.072220e-03 2.608770e-03 0 1 1 3 -5.310549e-15 0.000000e+00
15 182 2.072220e-03 3.284247e-03 0 1 1 3 -2.300374e-15 0.000000e+00
15 183 2.072220e-03 4.134622e-03 0 1 1 3 1.705188e-15 0.000000e+00
15 184 2.072220e-03 5.205181e-03 0 1 1 3 4.218633e-15 0.000000e+00
15 185 2.072220e-03 6.552935e-03 0 1 1 3 5.329319e-15 0.000000e+00
15 186 2.072220e-03 8.249656e-03 0 1 1 3 5.569764e-15 0.000000e+00
16 176 2.608770e-03 8.249656e-04 0 1 1 3 4.868710e-18 0.000000e+00
16 177 2.608770e-03 1.038570e-03 0 1 1 3 1.211226e-17 0.000000e+00
16 178 2.608770e-03 1.307482e-03 0 1 1 3 3.352681e-17 0.000000e+00
16 179 2.608770e-03 1.646023e-03 0 1 1 3 9.867057e-17 0.000000e+00
16 180 2.608770e-03 2.072220e-03 0 1 1 3 3.208188e-16 0.000000e+00
16 181 2.608770e-03 2.608770e-03 0 1 1 3 -1.187524e-15 0.000000e+00
16 182 2.608770e-03 3.284247e-03 0 1 1 3 -4.848331e-15 0.000000e+00
16 183 2.608770e-03 4.134622e-03 0 1 1 3 -2.052949e-15 0.000000e+00
16 184 2.608770e-03 5.205181e-03 0 1 1 3 1.494258e-15 0.000000e+00
16 185 2.608770e-03 6.552935e-03 0 1 1 3 3.654866e-15 0.000000e+00
16 186 2.608770e-03 8.249656e-03 0 1 1 3 4.602725e-15 0.000000e+00
17 176 3.284247e-03 8.249656e-04 0 1 1 3 1.921838e-18 0.000000e+00
17 177 3.284247e-03 1.038570e-03 0 1 1 3 4.195480e-18 0.000000e+00
17 178 3.284247e-03 1.307482e-03 0 1 1 3 1.139000e-17 0.000000e+00
17 179 3.284247e-03 1.646023e-03 0 1 1 3 3.207401e-17 0.000000e+00
17 180 3.284247e-03 2.072220e-03 0 1 1 3 9.703681e-17 0.000000e+00
17 181 3.284247e-03 2.608770e-03 0 1 1 3 3.390367e-16 0.000000e+00
17 182 3.284247e-03 3.284247e-03 0 1 1 3 -9.705830e-16 0.000000e+00
17 183 3.284247e-03 4.134622e-03 0 1 1 3 -4.351994e-15 0.000000e+00
17 184 3.284247e-03 5.205181e-03 0 1 1 3 -1.792349e-15 0.000000e+00
17 185 3.284247e-03 6.552935e-03 0 1 1 3 1.313084e-15 0.000000e+00
17 186 3.284247e-03 8.249656e-03 0 1 1 3 3.169910e-15 0.000000e+00
18 176 4.134622e-03 8.249656e-04 0 1 1 3 8.572623e-19 0.000000e+00
18 177 4.134622e-03 1.038570e-03 0 1 1 3 1.378983e-18 0.000000e+00
18 178 4.134622e-03 1.307482e-03 0 1 1 3 3.717416e-18 0.000000e+00
18 179 4.134622e-03 1.646023e-03 0 1 1 3 1.019607e-17 0.000000e+00
18 180 4.134622e-03 2.072220e-03 0 1 1 3 2.890628e-17 0.000000e+00
18 181 4.134622e-03 2.608770e-03 0 1 1 3 9.007737e-17 0.000000e+00
18 182 4.134622e-03 3.284247e-03 0 1 1 3 3.380836e-16 0.000000e+00
18 183 4.134622e-03 4.134622e-03 0 1 1 3 -7.760825e-16 0.000000e+00
18 184 4.134622e-03 5.205181e-03 0 1 1 3 -3.847411e-15 0.000000e+00
18 185 4.134622e-03 6.552935e-03 0 1 1 3 -1.534809e-15 0.000000e+00
18 186 4.134622e-03 8.249656e-03 0 1 1 3 1.162173e-15 0.000000e+00
19 176 5.205181e-03 8.249656e-04 0 1 1 3 4.607213e-19 0.000000e+00
19 177 5.205181e-03 1.038570e-03 0 1 1 3 3.968976e-19 0.000000e+00
19 178 5.205181e-03 1.307482e-03 0 1 1 3 1.131601e-18 0.000000e+00
19 179 5.205181e-03 1.646023e-03 0 1 1 3 3.146884e-18 0.000000e+00
19 180 5.205181e-03 2.072220e-03 0 1 1 3 8.524326e-18 0.000000e+00
19 181 5.205181e-03 2.608770e-03 0 1 1 3 2.465492e-17 0.000000e+00
19 182 5.205181e-03 3.284247e-03 0 1 1 3 7.919015e-17 0.000000e+00
19 183 5.205181e-03 4.134622e-03 0 1 1 3 3.200583e-16 0.000000e+00
19 184 5.205181e-03 5.205181e-03 0 1 1 3 -6.119084e-16 0.000000e+00
19 185 5.205181e-03 6.552935e-03 0 1 1 3 -3.358318e-15 0.000000e+00
19 186 5.205181e-03 8.249656e-03 0 1 1 3 -1.293818e-15 0.000000e+00
20 176 6.552935e-03 8.249656e-04 0 1 1 3 3.515163e-19 0.000000e+00
20 177 6.552935e-03 1.038570e-03 0 1 1 3 7.701248e-20 0.000000e+00
20 178 6.552935e-03 1.307482e-03 0 1 1 3 3.189014e-19 0.000000e+00
20 179 6.552935e-03 1.646023e-03 0 1 1 3 9.569187e-19 0.000000e+00
20 180 6.552935e-03 2.072220e-03 0 1 1 3 2.475320e-18 0.000000e+00
20 181 6.552935e-03 2.608770e-03 0 1 1 3 6.822813e-18 0.000000e+00
20 182 6.552935e-03 3.284247e-03 0 1 1 3 1.998724e-17 0.000000e+00
20 183 6.552935e-03 4.134622e-03 0 1 1 3 6.610894e-17 0.000000e+00
20 184 6.552935e-03 5.205181e-03 0 1 1 3 2.887536e-16 0.000000e+00
20 185 6.552935e-03 6.552935e-03 0 1 1 3 -4.820036e-16 0.000000e+00
20 186 6.552935e-03 8.249656e-03 0 1 1 3 -2.904085e-15 0.000000e+00
21 176 8.249656e-03 8.249656e-04 0 1 1 3 3.028153e-19 0.000000e+00
21 177 8.249656e-03 1.038570e-03 0 1 1 3 -2.392671e-20 0.000000e+00
21 178 8.249656e-03 1.307482e-03 0 1 1 3 6.076234e-20 0.000000e+00
21 179 8.249656e-03 1.646023e-03 0 1 1 3 2.779185e-19 0.000000e+00
21 180 8.249656e-03 2.072220e-03 0 1 1 3 6.842087e-19 0.000000e+00
21 181 8.249656e-03 2.608770e-03 0 1 1 3 1.838942e-18 0.000000e+00
21 182 8.249656e-03 3.284247e-03 0 1 1 3 5.134060e-18 0.000000e+00
21 183 8.249656e-03 4.134622e-03 0 1 1 3 1.533739e-17 0.000000e+00
21 184 8.249656e-03 5.205181e-03 0 1 1 3 5.242712e-17 0.000000e+00
21 185 8.249656e-03 6.552935e-03 0 1 1 3 2.489210e-16 0.000000e+00
21 186 8.249656e-03 8.249656e-03 0 1 1 3 -3.863883e-16 0.000000e+00
