# Please cite the following papers in research using this covariance:
# arXiv: 1601.05779, https://arxiv.org/abs/1601.05779
# arXiv: 1911.11947, https://arxiv.org/abs/1911.11947
# arXiv: 2004.04833, https://arxiv.org/abs/2004.04833
# arXiv: 1804.10663, https://arxiv.org/abs/1804.10663
########################################################
11 187 8.249656e-04 8.249656e-04 0 1 2 2 -1.307150e-17 0.000000e+00
11 188 8.249656e-04 1.038570e-03 0 1 2 2 -1.558437e-17 0.000000e+00
11 189 8.249656e-04 1.307482e-03 0 1 2 2 2.038418e-17 0.000000e+00
11 190 8.249656e-04 1.646023e-03 0 1 2 2 1.113450e-16 0.000000e+00
11 191 8.249656e-04 2.072220e-03 0 1 2 2 2.497942e-16 0.000000e+00
11 192 8.249656e-04 2.608770e-03 0 1 2 2 4.175795e-16 0.000000e+00
11 193 8.249656e-04 3.284247e-03 0 1 2 2 5.946204e-16 0.000000e+00
11 194 8.249656e-04 4.134622e-03 0 1 2 2 7.646423e-16 0.000000e+00
11 195 8.249656e-04 5.205181e-03 0 1 2 2 9.182870e-16 0.000000e+00
11 196 8.249656e-04 6.552935e-03 0 1 2 2 1.054304e-15 0.000000e+00
11 197 8.249656e-04 8.249656e-03 0 1 2 2 1.179085e-15 0.000000e+00
12 187 1.038570e-03 8.249656e-04 0 1 2 2 -8.772762e-18 0.000000e+00
12 188 1.038570e-03 1.038570e-03 0 1 2 2 -2.243333e-17 0.000000e+00
12 189 1.038570e-03 1.307482e-03 0 1 2 2 -2.996008e-17 0.000000e+00
12 190 1.038570e-03 1.646023e-03 0 1 2 2 1.584535e-17 0.000000e+00
12 191 1.038570e-03 2.072220e-03 0 1 2 2 1.327939e-16 0.000000e+00
12 192 1.038570e-03 2.608770e-03 0 1 2 2 3.023889e-16 0.000000e+00
12 193 1.038570e-03 3.284247e-03 0 1 2 2 4.953565e-16 0.000000e+00
12 194 1.038570e-03 4.134622e-03 0 1 2 2 6.864728e-16 0.000000e+00
12 195 1.038570e-03 5.205181e-03 0 1 2 2 8.604938e-16 0.000000e+00
12 196 1.038570e-03 6.552935e-03 0 1 2 2 1.013362e-15 0.000000e+00
12 197 1.038570e-03 8.249656e-03 0 1 2 2 1.150791e-15 0.000000e+00
13 187 1.307482e-03 8.249656e-04 0 1 2 2 -4.563821e-18 0.000000e+00
13 188 1.307482e-03 1.038570e-03 0 1 2 2 -1.328312e-17 0.000000e+00
13 189 1.307482e-03 1.307482e-03 0 1 2 2 -3.450729e-17 0.000000e+00
13 190 1.307482e-03 1.646023e-03 0 1 2 2 -5.047898e-17 0.000000e+00
13 191 1.307482e-03 2.072220e-03 0 1 2 2 6.556500e-18 0.000000e+00
13 192 1.307482e-03 2.608770e-03 0 1 2 2 1.532446e-16 0.000000e+00
13 193 1.307482e-03 3.284247e-03 0 1 2 2 3.547625e-16 0.000000e+00
13 194 1.307482e-03 4.134622e-03 0 1 2 2 5.703106e-16 0.000000e+00
13 195 1.307482e-03 5.205181e-03 0 1 2 2 7.722802e-16 0.000000e+00
13 196 1.307482e-03 6.552935e-03 0 1 2 2 9.499069e-16 0.000000e+00
13 197 1.307482e-03 8.249656e-03 0 1 2 2 1.106551e-15 0.000000e+00
14 187 1.646023e-03 8.249656e-04 0 1 2 2 -1.988509e-18 0.000000e+00
14 188 1.646023e-03 1.038570e-03 0 1 2 2 -6.303618e-18 0.000000e+00
14 189 1.646023e-03 1.307482e-03 0 1 2 2 -1.773195e-17 0.000000e+00
14 190 1.646023e-03 1.646023e-03 0 1 2 2 -4.927534e-17 0.000000e+00
14 191 1.646023e-03 2.072220e-03 0 1 2 2 -7.740185e-17 0.000000e+00
14 192 1.646023e-03 2.608770e-03 0 1 2 2 -7.213762e-18 0.000000e+00
14 193 1.646023e-03 3.284247e-03 0 1 2 2 1.721974e-16 0.000000e+00
14 194 1.646023e-03 4.134622e-03 0 1 2 2 4.052745e-16 0.000000e+00
14 195 1.646023e-03 5.205181e-03 0 1 2 2 6.409065e-16 0.000000e+00
14 196 1.646023e-03 6.552935e-03 0 1 2 2 8.529267e-16 0.000000e+00
14 197 1.646023e-03 8.249656e-03 0 1 2 2 1.037941e-15 0.000000e+00
15 187 2.072220e-03 8.249656e-04 0 1 2 2 -6.527178e-19 0.000000e+00
15 188 2.072220e-03 1.038570e-03 0 1 2 2 -2.651302e-18 0.000000e+00
15 189 2.072220e-03 1.307482e-03 0 1 2 2 -7.304868e-18 0.000000e+00
15 190 2.072220e-03 1.646023e-03 0 1 2 2 -2.171628e-17 0.000000e+00
15 191 2.072220e-03 2.072220e-03 0 1 2 2 -6.587470e-17 0.000000e+00
15 192 2.072220e-03 2.608770e-03 0 1 2 2 -1.096283e-16 0.000000e+00
15 193 2.072220e-03 3.284247e-03 0 1 2 2 -2.425499e-17 0.000000e+00
15 194 2.072220e-03 4.134622e-03 0 1 2 2 1.900499e-16 0.000000e+00
15 195 2.072220e-03 5.205181e-03 0 1 2 2 4.536139e-16 0.000000e+00
15 196 2.072220e-03 6.552935e-03 0 1 2 2 7.081960e-16 0.000000e+00
15 197 2.072220e-03 8.249656e-03 0 1 2 2 9.329798e-16 0.000000e+00
16 187 2.608770e-03 8.249656e-04 0 1 2 2 -4.664260e-20 0.000000e+00
16 188 2.608770e-03 1.038570e-03 0 1 2 2 -1.010544e-18 0.000000e+00
16 189 2.608770e-03 1.307482e-03 0 1 2 2 -2.657574e-18 0.000000e+00
16 190 2.608770e-03 1.646023e-03 0 1 2 2 -7.602606e-18 0.000000e+00
16 191 2.608770e-03 2.072220e-03 0 1 2 2 -2.454456e-17 0.000000e+00
16 192 2.608770e-03 2.608770e-03 0 1 2 2 -8.260184e-17 0.000000e+00
16 193 2.608770e-03 3.284247e-03 0 1 2 2 -1.452016e-16 0.000000e+00
16 194 2.608770e-03 4.134622e-03 0 1 2 2 -4.233753e-17 0.000000e+00
16 195 2.608770e-03 5.205181e-03 0 1 2 2 2.080757e-16 0.000000e+00
16 196 2.608770e-03 6.552935e-03 0 1 2 2 5.011547e-16 0.000000e+00
16 197 2.608770e-03 8.249656e-03 0 1 2 2 7.760759e-16 0.000000e+00
17 187 3.284247e-03 8.249656e-04 0 1 2 2 1.939901e-19 0.000000e+00
17 188 3.284247e-03 1.038570e-03 0 1 2 2 -3.666712e-19 0.000000e+00
17 189 3.284247e-03 1.307482e-03 0 1 2 2 -8.682480e-19 0.000000e+00
17 190 3.284247e-03 1.646023e-03 0 1 2 2 -2.309362e-18 0.000000e+00
17 191 3.284247e-03 2.072220e-03 0 1 2 2 -7.201289e-18 0.000000e+00
17 192 3.284247e-03 2.608770e-03 0 1 2 2 -2.539509e-17 0.000000e+00
17 193 3.284247e-03 3.284247e-03 0 1 2 2 -9.777055e-17 0.000000e+00
17 194 3.284247e-03 4.134622e-03 0 1 2 2 -1.814825e-16 0.000000e+00
17 195 3.284247e-03 5.205181e-03 0 1 2 2 -5.872855e-17 0.000000e+00
17 196 3.284247e-03 6.552935e-03 0 1 2 2 2.281981e-16 0.000000e+00
17 197 3.284247e-03 8.249656e-03 0 1 2 2 5.509725e-16 0.000000e+00
18 187 4.134622e-03 8.249656e-04 0 1 2 2 2.768070e-19 0.000000e+00
18 188 4.134622e-03 1.038570e-03 0 1 2 2 -1.474975e-19 0.000000e+00
18 189 4.134622e-03 1.307482e-03 0 1 2 2 -2.703410e-19 0.000000e+00
18 190 4.134622e-03 1.646023e-03 0 1 2 2 -5.927387e-19 0.000000e+00
18 191 4.134622e-03 2.072220e-03 0 1 2 2 -1.837472e-18 0.000000e+00
18 192 4.134622e-03 2.608770e-03 0 1 2 2 -6.052570e-18 0.000000e+00
18 193 4.134622e-03 3.284247e-03 0 1 2 2 -2.408465e-17 0.000000e+00
18 194 4.134622e-03 4.134622e-03 0 1 2 2 -1.100047e-16 0.000000e+00
18 195 4.134622e-03 5.205181e-03 0 1 2 2 -2.158278e-16 0.000000e+00
18 196 4.134622e-03 6.552935e-03 0 1 2 2 -7.092089e-17 0.000000e+00
18 197 4.134622e-03 8.249656e-03 0 1 2 2 2.526709e-16 0.000000e+00
19 187 5.205181e-03 8.249656e-04 0 1 2 2 3.008790e-19 0.000000e+00
19 188 5.205181e-03 1.038570e-03 0 1 2 2 -8.414218e-20 0.000000e+00
19 189 5.205181e-03 1.307482e-03 0 1 2 2 -9.999459e-20 0.000000e+00
19 190 5.205181e-03 1.646023e-03 0 1 2 2 -1.152817e-19 0.000000e+00
19 191 5.205181e-03 2.072220e-03 0 1 2 2 -4.066032e-19 0.000000e+00
19 192 5.205181e-03 2.608770e-03 0 1 2 2 -1.255750e-18 0.000000e+00
19 193 5.205181e-03 3.284247e-03 0 1 2 2 -4.526512e-18 0.000000e+00
19 194 5.205181e-03 4.134622e-03 0 1 2 2 -2.101338e-17 0.000000e+00
19 195 5.205181e-03 5.205181e-03 0 1 2 2 -1.187571e-16 0.000000e+00
19 196 5.205181e-03 6.552935e-03 0 1 2 2 -2.463336e-16 0.000000e+00
19 197 5.205181e-03 8.249656e-03 0 1 2 2 -7.727998e-17 0.000000e+00
20 187 6.552935e-03 8.249656e-04 0 1 2 2 3.064142e-19 0.000000e+00
20 188 6.552935e-03 1.038570e-03 0 1 2 2 -6.936075e-20 0.000000e+00
20 189 6.552935e-03 1.307482e-03 0 1 2 2 -6.063813e-20 0.000000e+00
20 190 6.552935e-03 1.646023e-03 0 1 2 2 -6.654319e-21 0.000000e+00
20 191 6.552935e-03 2.072220e-03 0 1 2 2 -8.972152e-20 0.000000e+00
20 192 6.552935e-03 2.608770e-03 0 1 2 2 -2.459477e-19 0.000000e+00
20 193 6.552935e-03 3.284247e-03 0 1 2 2 -7.966954e-19 0.000000e+00
20 194 6.552935e-03 4.134622e-03 0 1 2 2 -3.116135e-18 0.000000e+00
20 195 6.552935e-03 5.205181e-03 0 1 2 2 -1.715432e-17 0.000000e+00
20 196 6.552935e-03 6.552935e-03 0 1 2 2 -1.245712e-16 0.000000e+00
20 197 6.552935e-03 8.249656e-03 0 1 2 2 -2.724045e-16 0.000000e+00
21 187 8.249656e-03 8.249656e-04 0 1 2 2 3.072946e-19 0.000000e+00
21 188 8.249656e-03 1.038570e-03 0 1 2 2 -6.654720e-20 0.000000e+00
21 189 8.249656e-03 1.307482e-03 0 1 2 2 -5.339843e-20 0.000000e+00
21 190 8.249656e-03 1.646023e-03 0 1 2 2 1.283637e-20 0.000000e+00
21 191 8.249656e-03 2.072220e-03 0 1 2 2 -3.421982e-20 0.000000e+00
21 192 8.249656e-03 2.608770e-03 0 1 2 2 -7.565994e-20 0.000000e+00
21 193 8.249656e-03 3.284247e-03 0 1 2 2 -2.060448e-19 0.000000e+00
21 194 8.249656e-03 4.134622e-03 0 1 2 2 -6.250590e-19 0.000000e+00
21 195 8.249656e-03 5.205181e-03 0 1 2 2 -2.313161e-18 0.000000e+00
21 196 8.249656e-03 6.552935e-03 0 1 2 2 -1.383210e-17 0.000000e+00
21 197 8.249656e-03 8.249656e-03 0 1 2 2 -1.290588e-16 0.000000e+00
