# Please cite the following papers in research using this covariance:
# arXiv: 1601.05779, https://arxiv.org/abs/1601.05779
# arXiv: 1911.11947, https://arxiv.org/abs/1911.11947
# arXiv: 2004.04833, https://arxiv.org/abs/2004.04833
# arXiv: 1804.10663, https://arxiv.org/abs/1804.10663
########################################################
165 176 8.249656e-04 8.249656e-04 1 2 1 3 2.855194e-14 0.000000e+00
165 177 8.249656e-04 1.038570e-03 1 2 1 3 1.567483e-14 0.000000e+00
165 178 8.249656e-04 1.307482e-03 1 2 1 3 5.474878e-15 0.000000e+00
165 179 8.249656e-04 1.646023e-03 1 2 1 3 1.822685e-15 0.000000e+00
165 180 8.249656e-04 2.072220e-03 1 2 1 3 5.923501e-16 0.000000e+00
165 181 8.249656e-04 2.608770e-03 1 2 1 3 1.900610e-16 0.000000e+00
165 182 8.249656e-04 3.284247e-03 1 2 1 3 6.070939e-17 0.000000e+00
165 183 8.249656e-04 4.134622e-03 1 2 1 3 1.953722e-17 0.000000e+00
165 184 8.249656e-04 5.205181e-03 1 2 1 3 6.341970e-18 0.000000e+00
165 185 8.249656e-04 6.552935e-03 1 2 1 3 2.151026e-18 0.000000e+00
165 186 8.249656e-04 8.249656e-03 1 2 1 3 7.304188e-19 0.000000e+00
166 176 1.038570e-03 8.249656e-04 1 2 1 3 1.567483e-14 0.000000e+00
166 177 1.038570e-03 1.038570e-03 1 2 1 3 2.769322e-14 0.000000e+00
166 178 1.038570e-03 1.307482e-03 1 2 1 3 1.461442e-14 0.000000e+00
166 179 1.038570e-03 1.646023e-03 1 2 1 3 4.839026e-15 0.000000e+00
166 180 1.038570e-03 2.072220e-03 1 2 1 3 1.549680e-15 0.000000e+00
166 181 1.038570e-03 2.608770e-03 1 2 1 3 4.906377e-16 0.000000e+00
166 182 1.038570e-03 3.284247e-03 1 2 1 3 1.551659e-16 0.000000e+00
166 183 1.038570e-03 4.134622e-03 1 2 1 3 4.954308e-17 0.000000e+00
166 184 1.038570e-03 5.205181e-03 1 2 1 3 1.613046e-17 0.000000e+00
166 185 1.038570e-03 6.552935e-03 1 2 1 3 5.380416e-18 0.000000e+00
166 186 1.038570e-03 8.249656e-03 1 2 1 3 1.862918e-18 0.000000e+00
167 176 1.307482e-03 8.249656e-04 1 2 1 3 5.474878e-15 0.000000e+00
167 177 1.307482e-03 1.038570e-03 1 2 1 3 1.461442e-14 0.000000e+00
167 178 1.307482e-03 1.307482e-03 1 2 1 3 2.632817e-14 0.000000e+00
167 179 1.307482e-03 1.646023e-03 1 2 1 3 1.330347e-14 0.000000e+00
167 180 1.307482e-03 2.072220e-03 1 2 1 3 4.170944e-15 0.000000e+00
167 181 1.307482e-03 2.608770e-03 1 2 1 3 1.290524e-15 0.000000e+00
167 182 1.307482e-03 3.284247e-03 1 2 1 3 4.013551e-16 0.000000e+00
167 183 1.307482e-03 4.134622e-03 1 2 1 3 1.266156e-16 0.000000e+00
167 184 1.307482e-03 5.205181e-03 1 2 1 3 4.089163e-17 0.000000e+00
167 185 1.307482e-03 6.552935e-03 1 2 1 3 1.363715e-17 0.000000e+00
167 186 1.307482e-03 8.249656e-03 1 2 1 3 4.744895e-18 0.000000e+00
168 176 1.646023e-03 8.249656e-04 1 2 1 3 1.822685e-15 0.000000e+00
168 177 1.646023e-03 1.038570e-03 1 2 1 3 4.839026e-15 0.000000e+00
168 178 1.646023e-03 1.307482e-03 1 2 1 3 1.330347e-14 0.000000e+00
168 179 1.646023e-03 1.646023e-03 1 2 1 3 2.453345e-14 0.000000e+00
168 180 1.646023e-03 2.072220e-03 1 2 1 3 1.183005e-14 0.000000e+00
168 181 1.646023e-03 2.608770e-03 1 2 1 3 3.516515e-15 0.000000e+00
168 182 1.646023e-03 3.284247e-03 1 2 1 3 1.059931e-15 0.000000e+00
168 183 1.646023e-03 4.134622e-03 1 2 1 3 3.275734e-16 0.000000e+00
168 184 1.646023e-03 5.205181e-03 1 2 1 3 1.044475e-16 0.000000e+00
168 185 1.646023e-03 6.552935e-03 1 2 1 3 3.451781e-17 0.000000e+00
168 186 1.646023e-03 8.249656e-03 1 2 1 3 1.189258e-17 0.000000e+00
169 176 2.072220e-03 8.249656e-04 1 2 1 3 5.923501e-16 0.000000e+00
169 177 2.072220e-03 1.038570e-03 1 2 1 3 1.549680e-15 0.000000e+00
169 178 2.072220e-03 1.307482e-03 1 2 1 3 4.170944e-15 0.000000e+00
169 179 2.072220e-03 1.646023e-03 1 2 1 3 1.183005e-14 0.000000e+00
169 180 2.072220e-03 2.072220e-03 1 2 1 3 2.241261e-14 0.000000e+00
169 181 2.072220e-03 2.608770e-03 1 2 1 3 1.029469e-14 0.000000e+00
169 182 2.072220e-03 3.284247e-03 1 2 1 3 2.915991e-15 0.000000e+00
169 183 2.072220e-03 4.134622e-03 1 2 1 3 8.662928e-16 0.000000e+00
169 184 2.072220e-03 5.205181e-03 1 2 1 3 2.697742e-16 0.000000e+00
169 185 2.072220e-03 6.552935e-03 1 2 1 3 8.799375e-17 0.000000e+00
169 186 2.072220e-03 8.249656e-03 1 2 1 3 3.013567e-17 0.000000e+00
170 176 2.608770e-03 8.249656e-04 1 2 1 3 1.900610e-16 0.000000e+00
170 177 2.608770e-03 1.038570e-03 1 2 1 3 4.906377e-16 0.000000e+00
170 178 2.608770e-03 1.307482e-03 1 2 1 3 1.290524e-15 0.000000e+00
170 179 2.608770e-03 1.646023e-03 1 2 1 3 3.516515e-15 0.000000e+00
170 180 2.608770e-03 2.072220e-03 1 2 1 3 1.029469e-14 0.000000e+00
170 181 2.608770e-03 2.608770e-03 1 2 1 3 2.009614e-14 0.000000e+00
170 182 2.608770e-03 3.284247e-03 1 2 1 3 8.793821e-15 0.000000e+00
170 183 2.608770e-03 4.134622e-03 1 2 1 3 2.396028e-15 0.000000e+00
170 184 2.608770e-03 5.205181e-03 1 2 1 3 7.121772e-16 0.000000e+00
170 185 2.608770e-03 6.552935e-03 1 2 1 3 2.266338e-16 0.000000e+00
170 186 2.608770e-03 8.249656e-03 1 2 1 3 7.652412e-17 0.000000e+00
171 176 3.284247e-03 8.249656e-04 1 2 1 3 6.070939e-17 0.000000e+00
171 177 3.284247e-03 1.038570e-03 1 2 1 3 1.551659e-16 0.000000e+00
171 178 3.284247e-03 1.307482e-03 1 2 1 3 4.013551e-16 0.000000e+00
171 179 3.284247e-03 1.646023e-03 1 2 1 3 1.059931e-15 0.000000e+00
171 180 3.284247e-03 2.072220e-03 1 2 1 3 2.915991e-15 0.000000e+00
171 181 3.284247e-03 2.608770e-03 1 2 1 3 8.793821e-15 0.000000e+00
171 182 3.284247e-03 3.284247e-03 1 2 1 3 1.771891e-14 0.000000e+00
171 183 3.284247e-03 4.134622e-03 1 2 1 3 7.406739e-15 0.000000e+00
171 184 3.284247e-03 5.205181e-03 1 2 1 3 1.969419e-15 0.000000e+00
171 185 3.284247e-03 6.552935e-03 1 2 1 3 5.954305e-16 0.000000e+00
171 186 3.284247e-03 8.249656e-03 1 2 1 3 1.961053e-16 0.000000e+00
172 176 4.134622e-03 8.249656e-04 1 2 1 3 1.953722e-17 0.000000e+00
172 177 4.134622e-03 1.038570e-03 1 2 1 3 4.954308e-17 0.000000e+00
172 178 4.134622e-03 1.307482e-03 1 2 1 3 1.266156e-16 0.000000e+00
172 179 4.134622e-03 1.646023e-03 1 2 1 3 3.275734e-16 0.000000e+00
172 180 4.134622e-03 2.072220e-03 1 2 1 3 8.662928e-16 0.000000e+00
172 181 4.134622e-03 2.608770e-03 1 2 1 3 2.396028e-15 0.000000e+00
172 182 4.134622e-03 3.284247e-03 1 2 1 3 7.406739e-15 0.000000e+00
172 183 4.134622e-03 4.134622e-03 1 2 1 3 1.540444e-14 0.000000e+00
172 184 4.134622e-03 5.205181e-03 1 2 1 3 6.188125e-15 0.000000e+00
172 185 4.134622e-03 6.552935e-03 1 2 1 3 1.636426e-15 0.000000e+00
172 186 4.134622e-03 8.249656e-03 1 2 1 3 5.113459e-16 0.000000e+00
173 176 5.205181e-03 8.249656e-04 1 2 1 3 6.341970e-18 0.000000e+00
173 177 5.205181e-03 1.038570e-03 1 2 1 3 1.613046e-17 0.000000e+00
173 178 5.205181e-03 1.307482e-03 1 2 1 3 4.089163e-17 0.000000e+00
173 179 5.205181e-03 1.646023e-03 1 2 1 3 1.044475e-16 0.000000e+00
173 180 5.205181e-03 2.072220e-03 1 2 1 3 2.697742e-16 0.000000e+00
173 181 5.205181e-03 2.608770e-03 1 2 1 3 7.121772e-16 0.000000e+00
173 182 5.205181e-03 3.284247e-03 1 2 1 3 1.969419e-15 0.000000e+00
173 183 5.205181e-03 4.134622e-03 1 2 1 3 6.188125e-15 0.000000e+00
173 184 5.205181e-03 5.205181e-03 1 2 1 3 1.325193e-14 0.000000e+00
173 185 5.205181e-03 6.552935e-03 1 2 1 3 5.166342e-15 0.000000e+00
173 186 5.205181e-03 8.249656e-03 1 2 1 3 1.388837e-15 0.000000e+00
174 176 6.552935e-03 8.249656e-04 1 2 1 3 2.151026e-18 0.000000e+00
174 177 6.552935e-03 1.038570e-03 1 2 1 3 5.380416e-18 0.000000e+00
174 178 6.552935e-03 1.307482e-03 1 2 1 3 1.363715e-17 0.000000e+00
174 179 6.552935e-03 1.646023e-03 1 2 1 3 3.451781e-17 0.000000e+00
174 180 6.552935e-03 2.072220e-03 1 2 1 3 8.799375e-17 0.000000e+00
174 181 6.552935e-03 2.608770e-03 1 2 1 3 2.266338e-16 0.000000e+00
174 182 6.552935e-03 3.284247e-03 1 2 1 3 5.954305e-16 0.000000e+00
174 183 6.552935e-03 4.134622e-03 1 2 1 3 1.636426e-15 0.000000e+00
174 184 6.552935e-03 5.205181e-03 1 2 1 3 5.166342e-15 0.000000e+00
174 185 6.552935e-03 6.552935e-03 1 2 1 3 1.133060e-14 0.000000e+00
174 186 6.552935e-03 8.249656e-03 1 2 1 3 4.346145e-15 0.000000e+00
175 176 8.249656e-03 8.249656e-04 1 2 1 3 7.304188e-19 0.000000e+00
175 177 8.249656e-03 1.038570e-03 1 2 1 3 1.862918e-18 0.000000e+00
175 178 8.249656e-03 1.307482e-03 1 2 1 3 4.744895e-18 0.000000e+00
175 179 8.249656e-03 1.646023e-03 1 2 1 3 1.189258e-17 0.000000e+00
175 180 8.249656e-03 2.072220e-03 1 2 1 3 3.013567e-17 0.000000e+00
175 181 8.249656e-03 2.608770e-03 1 2 1 3 7.652412e-17 0.000000e+00
175 182 8.249656e-03 3.284247e-03 1 2 1 3 1.961053e-16 0.000000e+00
175 183 8.249656e-03 4.134622e-03 1 2 1 3 5.113459e-16 0.000000e+00
175 184 8.249656e-03 5.205181e-03 1 2 1 3 1.388837e-15 0.000000e+00
175 185 8.249656e-03 6.552935e-03 1 2 1 3 4.346145e-15 0.000000e+00
175 186 8.249656e-03 8.249656e-03 1 2 1 3 9.678554e-15 0.000000e+00
