# Please cite the following papers in research using this covariance:
# arXiv: 1601.05779, https://arxiv.org/abs/1601.05779
# arXiv: 1911.11947, https://arxiv.org/abs/1911.11947
# arXiv: 2004.04833, https://arxiv.org/abs/2004.04833
# arXiv: 1804.10663, https://arxiv.org/abs/1804.10663
########################################################
77 132 8.249656e-04 8.249656e-04 2 2 0 2 -3.461872e-15 0.000000e+00
77 133 8.249656e-04 1.038570e-03 2 2 0 2 -9.822178e-15 0.000000e+00
77 134 8.249656e-04 1.307482e-03 2 2 0 2 -4.387534e-15 0.000000e+00
77 135 8.249656e-04 1.646023e-03 2 2 0 2 4.523157e-15 0.000000e+00
77 136 8.249656e-04 2.072220e-03 2 2 0 2 1.136613e-14 0.000000e+00
77 137 8.249656e-04 2.608770e-03 2 2 0 2 1.518475e-14 0.000000e+00
77 138 8.249656e-04 3.284247e-03 2 2 0 2 1.653877e-14 0.000000e+00
77 139 8.249656e-04 4.134622e-03 2 2 0 2 1.627301e-14 0.000000e+00
77 140 8.249656e-04 5.205181e-03 2 2 0 2 1.511557e-14 0.000000e+00
77 141 8.249656e-04 6.552935e-03 2 2 0 2 1.359136e-14 0.000000e+00
77 142 8.249656e-04 8.249656e-03 2 2 0 2 1.204047e-14 0.000000e+00
78 132 1.038570e-03 8.249656e-04 2 2 0 2 5.503851e-17 0.000000e+00
78 133 1.038570e-03 1.038570e-03 2 2 0 2 -3.301491e-15 0.000000e+00
78 134 1.038570e-03 1.307482e-03 2 2 0 2 -9.775814e-15 0.000000e+00
78 135 1.038570e-03 1.646023e-03 2 2 0 2 -4.397009e-15 0.000000e+00
78 136 1.038570e-03 2.072220e-03 2 2 0 2 4.096374e-15 0.000000e+00
78 137 1.038570e-03 2.608770e-03 2 2 0 2 1.032180e-14 0.000000e+00
78 138 1.038570e-03 3.284247e-03 2 2 0 2 1.357808e-14 0.000000e+00
78 139 1.038570e-03 4.134622e-03 2 2 0 2 1.456533e-14 0.000000e+00
78 140 1.038570e-03 5.205181e-03 2 2 0 2 1.416213e-14 0.000000e+00
78 141 1.038570e-03 6.552935e-03 2 2 0 2 1.306839e-14 0.000000e+00
78 142 1.038570e-03 8.249656e-03 2 2 0 2 1.175506e-14 0.000000e+00
79 132 1.307482e-03 8.249656e-04 2 2 0 2 8.520153e-17 0.000000e+00
79 133 1.307482e-03 1.038570e-03 2 2 0 2 1.698321e-16 0.000000e+00
79 134 1.307482e-03 1.307482e-03 2 2 0 2 -3.068601e-15 0.000000e+00
79 135 1.307482e-03 1.646023e-03 2 2 0 2 -9.557769e-15 0.000000e+00
79 136 1.307482e-03 2.072220e-03 2 2 0 2 -4.296695e-15 0.000000e+00
79 137 1.307482e-03 2.608770e-03 2 2 0 2 3.664848e-15 0.000000e+00
79 138 1.307482e-03 3.284247e-03 2 2 0 2 9.231763e-15 0.000000e+00
79 139 1.307482e-03 4.134622e-03 2 2 0 2 1.197161e-14 0.000000e+00
79 140 1.307482e-03 5.205181e-03 2 2 0 2 1.268774e-14 0.000000e+00
79 141 1.307482e-03 6.552935e-03 2 2 0 2 1.225164e-14 0.000000e+00
79 142 1.307482e-03 8.249656e-03 2 2 0 2 1.130683e-14 0.000000e+00
80 132 1.646023e-03 8.249656e-04 2 2 0 2 4.357655e-17 0.000000e+00
80 133 1.646023e-03 1.038570e-03 2 2 0 2 1.150209e-16 0.000000e+00
80 134 1.646023e-03 1.307482e-03 2 2 0 2 2.847908e-16 0.000000e+00
80 135 1.646023e-03 1.646023e-03 2 2 0 2 -2.771050e-15 0.000000e+00
80 136 1.646023e-03 2.072220e-03 2 2 0 2 -9.169751e-15 0.000000e+00
80 137 1.646023e-03 2.608770e-03 2 2 0 2 -4.089379e-15 0.000000e+00
80 138 1.646023e-03 3.284247e-03 2 2 0 2 3.249150e-15 0.000000e+00
80 139 1.646023e-03 4.134622e-03 2 2 0 2 8.152180e-15 0.000000e+00
80 140 1.646023e-03 5.205181e-03 2 2 0 2 1.044490e-14 0.000000e+00
80 141 1.646023e-03 6.552935e-03 2 2 0 2 1.098777e-14 0.000000e+00
80 142 1.646023e-03 8.249656e-03 2 2 0 2 1.060667e-14 0.000000e+00
81 132 2.072220e-03 8.249656e-04 2 2 0 2 1.905600e-17 0.000000e+00
81 133 2.072220e-03 1.038570e-03 2 2 0 2 5.012584e-17 0.000000e+00
81 134 2.072220e-03 1.307482e-03 2 2 0 2 1.393603e-16 0.000000e+00
81 135 2.072220e-03 1.646023e-03 2 2 0 2 3.883079e-16 0.000000e+00
81 136 2.072220e-03 2.072220e-03 2 2 0 2 -2.428473e-15 0.000000e+00
81 137 2.072220e-03 2.608770e-03 2 2 0 2 -8.627741e-15 0.000000e+00
81 138 2.072220e-03 3.284247e-03 2 2 0 2 -3.788759e-15 0.000000e+00
81 139 2.072220e-03 4.134622e-03 2 2 0 2 2.865826e-15 0.000000e+00
81 140 2.072220e-03 5.205181e-03 2 2 0 2 7.133146e-15 0.000000e+00
81 141 2.072220e-03 6.552935e-03 2 2 0 2 9.063052e-15 0.000000e+00
81 142 2.072220e-03 8.249656e-03 2 2 0 2 9.523053e-15 0.000000e+00
82 132 2.608770e-03 8.249656e-04 2 2 0 2 7.869684e-18 0.000000e+00
82 133 2.608770e-03 1.038570e-03 2 2 0 2 1.955760e-17 0.000000e+00
82 134 2.608770e-03 1.307482e-03 2 2 0 2 5.354276e-17 0.000000e+00
82 135 2.608770e-03 1.646023e-03 2 2 0 2 1.540777e-16 0.000000e+00
82 136 2.608770e-03 2.072220e-03 2 2 0 2 4.697780e-16 0.000000e+00
82 137 2.608770e-03 2.608770e-03 2 2 0 2 -2.064023e-15 0.000000e+00
82 138 2.608770e-03 3.284247e-03 2 2 0 2 -7.961573e-15 0.000000e+00
82 139 2.608770e-03 4.134622e-03 2 2 0 2 -3.418132e-15 0.000000e+00
82 140 2.608770e-03 5.205181e-03 2 2 0 2 2.526372e-15 0.000000e+00
82 141 2.608770e-03 6.552935e-03 2 2 0 2 6.215269e-15 0.000000e+00
82 142 2.608770e-03 8.249656e-03 2 2 0 2 7.872049e-15 0.000000e+00
83 132 3.284247e-03 8.249656e-04 2 2 0 2 3.184289e-18 0.000000e+00
83 133 3.284247e-03 1.038570e-03 2 2 0 2 7.065539e-18 0.000000e+00
83 134 3.284247e-03 1.307482e-03 2 2 0 2 1.907172e-17 0.000000e+00
83 135 3.284247e-03 1.646023e-03 2 2 0 2 5.316634e-17 0.000000e+00
83 136 3.284247e-03 2.072220e-03 2 2 0 2 1.577749e-16 0.000000e+00
83 137 3.284247e-03 2.608770e-03 2 2 0 2 5.215877e-16 0.000000e+00
83 138 3.284247e-03 3.284247e-03 2 2 0 2 -1.703246e-15 0.000000e+00
83 139 3.284247e-03 4.134622e-03 2 2 0 2 -7.211151e-15 0.000000e+00
83 140 3.284247e-03 5.205181e-03 2 2 0 2 -3.006158e-15 0.000000e+00
83 141 3.284247e-03 6.552935e-03 2 2 0 2 2.237871e-15 0.000000e+00
83 142 3.284247e-03 8.249656e-03 2 2 0 2 5.426828e-15 0.000000e+00
84 132 4.134622e-03 8.249656e-04 2 2 0 2 1.403139e-18 0.000000e+00
84 133 4.134622e-03 1.038570e-03 2 2 0 2 2.378329e-18 0.000000e+00
84 134 4.134622e-03 1.307482e-03 2 2 0 2 6.397002e-18 0.000000e+00
84 135 4.134622e-03 1.646023e-03 2 2 0 2 1.745916e-17 0.000000e+00
84 136 4.134622e-03 2.072220e-03 2 2 0 2 4.917524e-17 0.000000e+00
84 137 4.134622e-03 2.608770e-03 2 2 0 2 1.509346e-16 0.000000e+00
84 138 4.134622e-03 3.284247e-03 2 2 0 2 5.398150e-16 0.000000e+00
84 139 4.134622e-03 4.134622e-03 2 2 0 2 -1.369382e-15 0.000000e+00
84 140 4.134622e-03 5.205181e-03 2 2 0 2 -6.420793e-15 0.000000e+00
84 141 4.134622e-03 6.552935e-03 2 2 0 2 -2.582780e-15 0.000000e+00
84 142 4.134622e-03 8.249656e-03 2 2 0 2 2.003375e-15 0.000000e+00
85 132 5.205181e-03 8.249656e-04 2 2 0 2 7.330163e-19 0.000000e+00
85 133 5.205181e-03 1.038570e-03 2 2 0 2 7.073180e-19 0.000000e+00
85 134 5.205181e-03 1.307482e-03 2 2 0 2 1.999955e-18 0.000000e+00
85 135 5.205181e-03 1.646023e-03 2 2 0 2 5.507763e-18 0.000000e+00
85 136 5.205181e-03 2.072220e-03 2 2 0 2 1.487107e-17 0.000000e+00
85 137 5.205181e-03 2.608770e-03 2 2 0 2 4.275424e-17 0.000000e+00
85 138 5.205181e-03 3.284247e-03 2 2 0 2 1.356254e-16 0.000000e+00
85 139 5.205181e-03 4.134622e-03 2 2 0 2 5.255046e-16 0.000000e+00
85 140 5.205181e-03 5.205181e-03 2 2 0 2 -1.080765e-15 0.000000e+00
85 141 5.205181e-03 6.552935e-03 2 2 0 2 -5.634450e-15 0.000000e+00
85 142 5.205181e-03 8.249656e-03 2 2 0 2 -2.174834e-15 0.000000e+00
86 132 6.552935e-03 8.249656e-04 2 2 0 2 5.345281e-19 0.000000e+00
86 133 6.552935e-03 1.038570e-03 2 2 0 2 1.411655e-19 0.000000e+00
86 134 6.552935e-03 1.307482e-03 2 2 0 2 5.628855e-19 0.000000e+00
86 135 6.552935e-03 1.646023e-03 2 2 0 2 1.660874e-18 0.000000e+00
86 136 6.552935e-03 2.072220e-03 2 2 0 2 4.314446e-18 0.000000e+00
86 137 6.552935e-03 2.608770e-03 2 2 0 2 1.191422e-17 0.000000e+00
86 138 6.552935e-03 3.284247e-03 2 2 0 2 3.486667e-17 0.000000e+00
86 139 6.552935e-03 4.134622e-03 2 2 0 2 1.145513e-16 0.000000e+00
86 140 6.552935e-03 5.205181e-03 2 2 0 2 4.834972e-16 0.000000e+00
86 141 6.552935e-03 6.552935e-03 2 2 0 2 -8.488220e-16 0.000000e+00
86 142 6.552935e-03 8.249656e-03 2 2 0 2 -4.890808e-15 0.000000e+00
87 132 8.249656e-03 8.249656e-04 2 2 0 2 4.532381e-19 0.000000e+00
87 133 8.249656e-03 1.038570e-03 2 2 0 2 -3.143042e-20 0.000000e+00
87 134 8.249656e-03 1.307482e-03 2 2 0 2 1.192247e-19 0.000000e+00
87 135 8.249656e-03 1.646023e-03 2 2 0 2 4.850405e-19 0.000000e+00
87 136 8.249656e-03 2.072220e-03 2 2 0 2 1.187796e-18 0.000000e+00
87 137 8.249656e-03 2.608770e-03 2 2 0 2 3.177523e-18 0.000000e+00
87 138 8.249656e-03 3.284247e-03 2 2 0 2 8.855198e-18 0.000000e+00
87 139 8.249656e-03 4.134622e-03 2 2 0 2 2.651510e-17 0.000000e+00
87 140 8.249656e-03 5.205181e-03 2 2 0 2 9.073813e-17 0.000000e+00
87 141 8.249656e-03 6.552935e-03 2 2 0 2 4.212630e-16 0.000000e+00
87 142 8.249656e-03 8.249656e-03 2 2 0 2 -6.779344e-16 0.000000e+00
