# Please cite the following papers in research using this covariance:
# arXiv: 1601.05779, https://arxiv.org/abs/1601.05779
# arXiv: 1911.11947, https://arxiv.org/abs/1911.11947
# arXiv: 2004.04833, https://arxiv.org/abs/2004.04833
# arXiv: 1804.10663, https://arxiv.org/abs/1804.10663
########################################################
77 187 8.249656e-04 8.249656e-04 2 2 2 2 -2.221423e-14 0.000000e+00
77 188 8.249656e-04 1.038570e-03 2 2 2 2 -6.600256e-14 0.000000e+00
77 189 8.249656e-04 1.307482e-03 2 2 2 2 -3.018100e-14 0.000000e+00
77 190 8.249656e-04 1.646023e-03 2 2 2 2 2.578377e-14 0.000000e+00
77 191 8.249656e-04 2.072220e-03 2 2 2 2 6.545676e-14 0.000000e+00
77 192 8.249656e-04 2.608770e-03 2 2 2 2 8.474311e-14 0.000000e+00
77 193 8.249656e-04 3.284247e-03 2 2 2 2 8.902215e-14 0.000000e+00
77 194 8.249656e-04 4.134622e-03 2 2 2 2 8.455596e-14 0.000000e+00
77 195 8.249656e-04 5.205181e-03 2 2 2 2 7.608218e-14 0.000000e+00
77 196 8.249656e-04 6.552935e-03 2 2 2 2 6.659759e-14 0.000000e+00
77 197 8.249656e-04 8.249656e-03 2 2 2 2 5.774822e-14 0.000000e+00
78 187 1.038570e-03 8.249656e-04 2 2 2 2 1.428636e-15 0.000000e+00
78 188 1.038570e-03 1.038570e-03 2 2 2 2 -2.031345e-14 0.000000e+00
78 189 1.038570e-03 1.307482e-03 2 2 2 2 -6.412133e-14 0.000000e+00
78 190 1.038570e-03 1.646023e-03 2 2 2 2 -2.920511e-14 0.000000e+00
78 191 1.038570e-03 2.072220e-03 2 2 2 2 2.269038e-14 0.000000e+00
78 192 1.038570e-03 2.608770e-03 2 2 2 2 5.748419e-14 0.000000e+00
78 193 1.038570e-03 3.284247e-03 2 2 2 2 7.316982e-14 0.000000e+00
78 194 1.038570e-03 4.134622e-03 2 2 2 2 7.578060e-14 0.000000e+00
78 195 1.038570e-03 5.205181e-03 2 2 2 2 7.134962e-14 0.000000e+00
78 196 1.038570e-03 6.552935e-03 2 2 2 2 6.407067e-14 0.000000e+00
78 197 1.038570e-03 8.249656e-03 2 2 2 2 5.639498e-14 0.000000e+00
79 187 1.307482e-03 8.249656e-04 2 2 2 2 9.368573e-16 0.000000e+00
79 188 1.307482e-03 1.038570e-03 2 2 2 2 2.324845e-15 0.000000e+00
79 189 1.307482e-03 1.307482e-03 2 2 2 2 -1.795494e-14 0.000000e+00
79 190 1.307482e-03 1.646023e-03 2 2 2 2 -6.094330e-14 0.000000e+00
79 191 1.307482e-03 2.072220e-03 2 2 2 2 -2.740353e-14 0.000000e+00
79 192 1.307482e-03 2.608770e-03 2 2 2 2 1.977128e-14 0.000000e+00
79 193 1.307482e-03 3.284247e-03 2 2 2 2 4.974049e-14 0.000000e+00
79 194 1.307482e-03 4.134622e-03 2 2 2 2 6.239893e-14 0.000000e+00
79 195 1.307482e-03 5.205181e-03 2 2 2 2 6.401505e-14 0.000000e+00
79 196 1.307482e-03 6.552935e-03 2 2 2 2 6.011995e-14 0.000000e+00
79 197 1.307482e-03 8.249656e-03 2 2 2 2 5.426878e-14 0.000000e+00
80 187 1.646023e-03 8.249656e-04 2 2 2 2 3.922258e-16 0.000000e+00
80 188 1.646023e-03 1.038570e-03 2 2 2 2 1.096855e-15 0.000000e+00
80 189 1.646023e-03 1.307482e-03 2 2 2 2 3.094847e-15 0.000000e+00
80 190 1.646023e-03 1.646023e-03 2 2 2 2 -1.529618e-14 0.000000e+00
80 191 1.646023e-03 2.072220e-03 2 2 2 2 -5.664781e-14 0.000000e+00
80 192 1.646023e-03 2.608770e-03 2 2 2 2 -2.494519e-14 0.000000e+00
80 193 1.646023e-03 3.284247e-03 2 2 2 2 1.711473e-14 0.000000e+00
80 194 1.646023e-03 4.134622e-03 2 2 2 2 4.255986e-14 0.000000e+00
80 195 1.646023e-03 5.205181e-03 2 2 2 2 5.281673e-14 0.000000e+00
80 196 1.646023e-03 6.552935e-03 2 2 2 2 5.399531e-14 0.000000e+00
80 197 1.646023e-03 8.249656e-03 2 2 2 2 5.094478e-14 0.000000e+00
81 187 2.072220e-03 8.249656e-04 2 2 2 2 1.460212e-16 0.000000e+00
81 188 2.072220e-03 1.038570e-03 2 2 2 2 4.019293e-16 0.000000e+00
81 189 2.072220e-03 1.307482e-03 2 2 2 2 1.172330e-15 0.000000e+00
81 190 2.072220e-03 1.646023e-03 2 2 2 2 3.648289e-15 0.000000e+00
81 191 2.072220e-03 2.072220e-03 2 2 2 2 -1.255866e-14 0.000000e+00
81 192 2.072220e-03 2.608770e-03 2 2 2 2 -5.151744e-14 0.000000e+00
81 193 2.072220e-03 3.284247e-03 2 2 2 2 -2.206052e-14 0.000000e+00
81 194 2.072220e-03 4.134622e-03 2 2 2 2 1.477265e-14 0.000000e+00
81 195 2.072220e-03 5.205181e-03 2 2 2 2 3.617685e-14 0.000000e+00
81 196 2.072220e-03 6.552935e-03 2 2 2 2 4.463954e-14 0.000000e+00
81 197 2.072220e-03 8.249656e-03 2 2 2 2 4.579367e-14 0.000000e+00
82 187 2.608770e-03 8.249656e-04 2 2 2 2 5.142565e-17 0.000000e+00
82 188 2.608770e-03 1.038570e-03 2 2 2 2 1.357810e-16 0.000000e+00
82 189 2.608770e-03 1.307482e-03 2 2 2 2 3.814626e-16 0.000000e+00
82 190 2.608770e-03 1.646023e-03 2 2 2 2 1.154618e-15 0.000000e+00
82 191 2.608770e-03 2.072220e-03 2 2 2 2 3.932974e-15 0.000000e+00
82 192 2.608770e-03 2.608770e-03 2 2 2 2 -9.948176e-15 0.000000e+00
82 193 2.608770e-03 3.284247e-03 2 2 2 2 -4.589460e-14 0.000000e+00
82 194 2.608770e-03 4.134622e-03 2 2 2 2 -1.900027e-14 0.000000e+00
82 195 2.608770e-03 5.205181e-03 2 2 2 2 1.276434e-14 0.000000e+00
82 196 2.608770e-03 6.552935e-03 2 2 2 2 3.072202e-14 0.000000e+00
82 197 2.608770e-03 8.249656e-03 2 2 2 2 3.792750e-14 0.000000e+00
83 187 3.284247e-03 8.249656e-04 2 2 2 2 1.727378e-17 0.000000e+00
83 188 3.284247e-03 1.038570e-03 2 2 2 2 4.312849e-17 0.000000e+00
83 189 3.284247e-03 1.307482e-03 2 2 2 2 1.178183e-16 0.000000e+00
83 190 3.284247e-03 1.646023e-03 2 2 2 2 3.376222e-16 0.000000e+00
83 191 3.284247e-03 2.072220e-03 2 2 2 2 1.059613e-15 0.000000e+00
83 192 3.284247e-03 2.608770e-03 2 2 2 2 3.944341e-15 0.000000e+00
83 193 3.284247e-03 3.284247e-03 2 2 2 2 -7.631789e-15 0.000000e+00
83 194 3.284247e-03 4.134622e-03 2 2 2 2 -4.013228e-14 0.000000e+00
83 195 3.284247e-03 5.205181e-03 2 2 2 2 -1.599425e-14 0.000000e+00
83 196 3.284247e-03 6.552935e-03 2 2 2 2 1.108624e-14 0.000000e+00
83 197 3.284247e-03 8.249656e-03 2 2 2 2 2.622931e-14 0.000000e+00
84 187 4.134622e-03 8.249656e-04 2 2 2 2 6.050108e-18 0.000000e+00
84 188 4.134622e-03 1.038570e-03 2 2 2 2 1.318512e-17 0.000000e+00
84 189 4.134622e-03 1.307482e-03 2 2 2 2 3.513422e-17 0.000000e+00
84 190 4.134622e-03 1.646023e-03 2 2 2 2 9.665118e-17 0.000000e+00
84 191 4.134622e-03 2.072220e-03 2 2 2 2 2.808517e-16 0.000000e+00
84 192 4.134622e-03 2.608770e-03 2 2 2 2 9.129567e-16 0.000000e+00
84 193 4.134622e-03 3.284247e-03 2 2 2 2 3.717120e-15 0.000000e+00
84 194 4.134622e-03 4.134622e-03 2 2 2 2 -5.716387e-15 0.000000e+00
84 195 4.134622e-03 5.205181e-03 2 2 2 2 -3.454735e-14 0.000000e+00
84 196 4.134622e-03 6.552935e-03 2 2 2 2 -1.322409e-14 0.000000e+00
84 197 4.134622e-03 8.249656e-03 2 2 2 2 9.718133e-15 0.000000e+00
85 187 5.205181e-03 8.249656e-04 2 2 2 2 2.217073e-18 0.000000e+00
85 188 5.205181e-03 1.038570e-03 2 2 2 2 3.667214e-18 0.000000e+00
85 189 5.205181e-03 1.307482e-03 2 2 2 2 9.897194e-18 0.000000e+00
85 190 5.205181e-03 1.646023e-03 2 2 2 2 2.694422e-17 0.000000e+00
85 191 5.205181e-03 2.072220e-03 2 2 2 2 7.438827e-17 0.000000e+00
85 192 5.205181e-03 2.608770e-03 2 2 2 2 2.205381e-16 0.000000e+00
85 193 5.205181e-03 3.284247e-03 2 2 2 2 7.423460e-16 0.000000e+00
85 194 5.205181e-03 4.134622e-03 2 2 2 2 3.314416e-15 0.000000e+00
85 195 5.205181e-03 5.205181e-03 2 2 2 2 -4.245942e-15 0.000000e+00
85 196 5.205181e-03 6.552935e-03 2 2 2 2 -2.939132e-14 0.000000e+00
85 197 5.205181e-03 8.249656e-03 2 2 2 2 -1.080700e-14 0.000000e+00
86 187 6.552935e-03 8.249656e-04 2 2 2 2 1.269692e-18 0.000000e+00
86 188 6.552935e-03 1.038570e-03 2 2 2 2 8.187426e-19 0.000000e+00
86 189 6.552935e-03 1.307482e-03 2 2 2 2 2.655542e-18 0.000000e+00
86 190 6.552935e-03 1.646023e-03 2 2 2 2 7.236044e-18 0.000000e+00
86 191 6.552935e-03 2.072220e-03 2 2 2 2 1.924388e-17 0.000000e+00
86 192 6.552935e-03 2.608770e-03 2 2 2 2 5.407652e-17 0.000000e+00
86 193 6.552935e-03 3.284247e-03 2 2 2 2 1.633427e-16 0.000000e+00
86 194 6.552935e-03 4.134622e-03 2 2 2 2 5.705751e-16 0.000000e+00
86 195 6.552935e-03 5.205181e-03 2 2 2 2 2.809266e-15 0.000000e+00
86 196 6.552935e-03 6.552935e-03 2 2 2 2 -3.207016e-15 0.000000e+00
86 197 6.552935e-03 8.249656e-03 2 2 2 2 -2.483306e-14 0.000000e+00
87 187 8.249656e-03 8.249656e-04 2 2 2 2 8.773432e-19 0.000000e+00
87 188 8.249656e-03 1.038570e-03 2 2 2 2 4.857660e-20 0.000000e+00
87 189 8.249656e-03 1.307482e-03 2 2 2 2 6.622908e-19 0.000000e+00
87 190 8.249656e-03 1.646023e-03 2 2 2 2 1.893191e-18 0.000000e+00
87 191 8.249656e-03 2.072220e-03 2 2 2 2 4.904342e-18 0.000000e+00
87 192 8.249656e-03 2.608770e-03 2 2 2 2 1.314016e-17 0.000000e+00
87 193 8.249656e-03 3.284247e-03 2 2 2 2 3.714601e-17 0.000000e+00
87 194 8.249656e-03 4.134622e-03 2 2 2 2 1.144207e-16 0.000000e+00
87 195 8.249656e-03 5.205181e-03 2 2 2 2 4.153414e-16 0.000000e+00
87 196 8.249656e-03 6.552935e-03 2 2 2 2 2.271045e-15 0.000000e+00
87 197 8.249656e-03 8.249656e-03 2 2 2 2 -2.546333e-15 0.000000e+00
