# Please cite the following papers in research using this covariance:
# arXiv: 1601.05779, https://arxiv.org/abs/1601.05779
# arXiv: 1911.11947, https://arxiv.org/abs/1911.11947
# arXiv: 2004.04833, https://arxiv.org/abs/2004.04833
# arXiv: 1804.10663, https://arxiv.org/abs/1804.10663
########################################################
198 209 8.249656e-04 8.249656e-04 2 3 3 3 7.689605e-14 0.000000e+00
198 210 8.249656e-04 1.038570e-03 2 3 3 3 4.231188e-14 0.000000e+00
198 211 8.249656e-04 1.307482e-03 2 3 3 3 1.484424e-14 0.000000e+00
198 212 8.249656e-04 1.646023e-03 2 3 3 3 4.967813e-15 0.000000e+00
198 213 8.249656e-04 2.072220e-03 2 3 3 3 1.623705e-15 0.000000e+00
198 214 8.249656e-04 2.608770e-03 2 3 3 3 5.241080e-16 0.000000e+00
198 215 8.249656e-04 3.284247e-03 2 3 3 3 1.685124e-16 0.000000e+00
198 216 8.249656e-04 4.134622e-03 2 3 3 3 5.467379e-17 0.000000e+00
198 217 8.249656e-04 5.205181e-03 2 3 3 3 1.796581e-17 0.000000e+00
198 218 8.249656e-04 6.552935e-03 2 3 3 3 6.201923e-18 0.000000e+00
198 219 8.249656e-04 8.249656e-03 2 3 3 3 2.168138e-18 0.000000e+00
199 209 1.038570e-03 8.249656e-04 2 3 3 3 4.231188e-14 0.000000e+00
199 210 1.038570e-03 1.038570e-03 2 3 3 3 7.468704e-14 0.000000e+00
199 211 1.038570e-03 1.307482e-03 2 3 3 3 3.953538e-14 0.000000e+00
199 212 1.038570e-03 1.646023e-03 2 3 3 3 1.316574e-14 0.000000e+00
199 213 1.038570e-03 2.072220e-03 2 3 3 3 4.242566e-15 0.000000e+00
199 214 1.038570e-03 2.608770e-03 2 3 3 3 1.351854e-15 0.000000e+00
199 215 1.038570e-03 3.284247e-03 2 3 3 3 4.304596e-16 0.000000e+00
199 216 1.038570e-03 4.134622e-03 2 3 3 3 1.385906e-16 0.000000e+00
199 217 1.038570e-03 5.205181e-03 2 3 3 3 4.566242e-17 0.000000e+00
199 218 1.038570e-03 6.552935e-03 2 3 3 3 1.551547e-17 0.000000e+00
199 219 1.038570e-03 8.249656e-03 2 3 3 3 5.520922e-18 0.000000e+00
200 209 1.307482e-03 8.249656e-04 2 3 3 3 1.484424e-14 0.000000e+00
200 210 1.307482e-03 1.038570e-03 2 3 3 3 3.953538e-14 0.000000e+00
200 211 1.307482e-03 1.307482e-03 2 3 3 3 7.112826e-14 0.000000e+00
200 212 1.307482e-03 1.646023e-03 2 3 3 3 3.608479e-14 0.000000e+00
200 213 1.307482e-03 2.072220e-03 2 3 3 3 1.139415e-14 0.000000e+00
200 214 1.307482e-03 2.608770e-03 2 3 3 3 3.550785e-15 0.000000e+00
200 215 1.307482e-03 3.284247e-03 2 3 3 3 1.112397e-15 0.000000e+00
200 216 1.307482e-03 4.134622e-03 2 3 3 3 3.539481e-16 0.000000e+00
200 217 1.307482e-03 5.205181e-03 2 3 3 3 1.156903e-16 0.000000e+00
200 218 1.307482e-03 6.552935e-03 2 3 3 3 3.929278e-17 0.000000e+00
200 219 1.307482e-03 8.249656e-03 2 3 3 3 1.404011e-17 0.000000e+00
201 209 1.646023e-03 8.249656e-04 2 3 3 3 4.967813e-15 0.000000e+00
201 210 1.646023e-03 1.038570e-03 2 3 3 3 1.316574e-14 0.000000e+00
201 211 1.646023e-03 1.307482e-03 2 3 3 3 3.608479e-14 0.000000e+00
201 212 1.646023e-03 1.646023e-03 2 3 3 3 6.641702e-14 0.000000e+00
201 213 1.646023e-03 2.072220e-03 2 3 3 3 3.218934e-14 0.000000e+00
201 214 1.646023e-03 2.608770e-03 2 3 3 3 9.650980e-15 0.000000e+00
201 215 1.646023e-03 3.284247e-03 2 3 3 3 2.933033e-15 0.000000e+00
201 216 1.646023e-03 4.134622e-03 2 3 3 3 9.146674e-16 0.000000e+00
201 217 1.646023e-03 5.205181e-03 2 3 3 3 2.952080e-16 0.000000e+00
201 218 1.646023e-03 6.552935e-03 2 3 3 3 9.937153e-17 0.000000e+00
201 219 1.646023e-03 8.249656e-03 2 3 3 3 3.518109e-17 0.000000e+00
202 209 2.072220e-03 8.249656e-04 2 3 3 3 1.623705e-15 0.000000e+00
202 210 2.072220e-03 1.038570e-03 2 3 3 3 4.242566e-15 0.000000e+00
202 211 2.072220e-03 1.307482e-03 2 3 3 3 1.139415e-14 0.000000e+00
202 212 2.072220e-03 1.646023e-03 2 3 3 3 3.218934e-14 0.000000e+00
202 213 2.072220e-03 2.072220e-03 2 3 3 3 6.082239e-14 0.000000e+00
202 214 2.072220e-03 2.608770e-03 2 3 3 3 2.811403e-14 0.000000e+00
202 215 2.072220e-03 3.284247e-03 2 3 3 3 8.045631e-15 0.000000e+00
202 216 2.072220e-03 4.134622e-03 2 3 3 3 2.414237e-15 0.000000e+00
202 217 2.072220e-03 5.205181e-03 2 3 3 3 7.612752e-16 0.000000e+00
202 218 2.072220e-03 6.552935e-03 2 3 3 3 2.529419e-16 0.000000e+00
202 219 2.072220e-03 8.249656e-03 2 3 3 3 8.901572e-17 0.000000e+00
203 209 2.608770e-03 8.249656e-04 2 3 3 3 5.241080e-16 0.000000e+00
203 210 2.608770e-03 1.038570e-03 2 3 3 3 1.351854e-15 0.000000e+00
203 211 2.608770e-03 1.307482e-03 2 3 3 3 3.550785e-15 0.000000e+00
203 212 2.608770e-03 1.646023e-03 2 3 3 3 9.650980e-15 0.000000e+00
203 213 2.608770e-03 2.072220e-03 2 3 3 3 2.811403e-14 0.000000e+00
203 214 2.608770e-03 2.608770e-03 2 3 3 3 5.468859e-14 0.000000e+00
203 215 2.608770e-03 3.284247e-03 2 3 3 3 2.411757e-14 0.000000e+00
203 216 2.608770e-03 4.134622e-03 2 3 3 3 6.654177e-15 0.000000e+00
203 217 2.608770e-03 5.205181e-03 2 3 3 3 2.004421e-15 0.000000e+00
203 218 2.608770e-03 6.552935e-03 2 3 3 3 6.499152e-16 0.000000e+00
203 219 2.608770e-03 8.249656e-03 2 3 3 3 2.255744e-16 0.000000e+00
204 209 3.284247e-03 8.249656e-04 2 3 3 3 1.685124e-16 0.000000e+00
204 210 3.284247e-03 1.038570e-03 2 3 3 3 4.304596e-16 0.000000e+00
204 211 3.284247e-03 1.307482e-03 2 3 3 3 1.112397e-15 0.000000e+00
204 212 3.284247e-03 1.646023e-03 2 3 3 3 2.933033e-15 0.000000e+00
204 213 3.284247e-03 2.072220e-03 2 3 3 3 8.045631e-15 0.000000e+00
204 214 3.284247e-03 2.608770e-03 2 3 3 3 2.411757e-14 0.000000e+00
204 215 3.284247e-03 3.284247e-03 2 3 3 3 4.837686e-14 0.000000e+00
204 216 3.284247e-03 4.134622e-03 2 3 3 3 2.041846e-14 0.000000e+00
204 217 3.284247e-03 5.205181e-03 2 3 3 3 5.517691e-15 0.000000e+00
204 218 3.284247e-03 6.552935e-03 2 3 3 3 1.700928e-15 0.000000e+00
204 219 3.284247e-03 8.249656e-03 2 3 3 3 5.760996e-16 0.000000e+00
205 209 4.134622e-03 8.249656e-04 2 3 3 3 5.467379e-17 0.000000e+00
205 210 4.134622e-03 1.038570e-03 2 3 3 3 1.385906e-16 0.000000e+00
205 211 4.134622e-03 1.307482e-03 2 3 3 3 3.539481e-16 0.000000e+00
205 212 4.134622e-03 1.646023e-03 2 3 3 3 9.146674e-16 0.000000e+00
205 213 4.134622e-03 2.072220e-03 2 3 3 3 2.414237e-15 0.000000e+00
205 214 4.134622e-03 2.608770e-03 2 3 3 3 6.654177e-15 0.000000e+00
205 215 4.134622e-03 3.284247e-03 2 3 3 3 2.041846e-14 0.000000e+00
205 216 4.134622e-03 4.134622e-03 2 3 3 3 4.222485e-14 0.000000e+00
205 217 4.134622e-03 5.205181e-03 2 3 3 3 1.717429e-14 0.000000e+00
205 218 4.134622e-03 6.552935e-03 2 3 3 3 4.644344e-15 0.000000e+00
205 219 4.134622e-03 8.249656e-03 2 3 3 3 1.493786e-15 0.000000e+00
206 209 5.205181e-03 8.249656e-04 2 3 3 3 1.796581e-17 0.000000e+00
206 210 5.205181e-03 1.038570e-03 2 3 3 3 4.566242e-17 0.000000e+00
206 211 5.205181e-03 1.307482e-03 2 3 3 3 1.156903e-16 0.000000e+00
206 212 5.205181e-03 1.646023e-03 2 3 3 3 2.952080e-16 0.000000e+00
206 213 5.205181e-03 2.072220e-03 2 3 3 3 7.612752e-16 0.000000e+00
206 214 5.205181e-03 2.608770e-03 2 3 3 3 2.004421e-15 0.000000e+00
206 215 5.205181e-03 3.284247e-03 2 3 3 3 5.517691e-15 0.000000e+00
206 216 5.205181e-03 4.134622e-03 2 3 3 3 1.717429e-14 0.000000e+00
206 217 5.205181e-03 5.205181e-03 2 3 3 3 3.651133e-14 0.000000e+00
206 218 5.205181e-03 6.552935e-03 2 3 3 3 1.447533e-14 0.000000e+00
206 219 5.205181e-03 8.249656e-03 2 3 3 3 4.019031e-15 0.000000e+00
207 209 6.552935e-03 8.249656e-04 2 3 3 3 6.201923e-18 0.000000e+00
207 210 6.552935e-03 1.038570e-03 2 3 3 3 1.551547e-17 0.000000e+00
207 211 6.552935e-03 1.307482e-03 2 3 3 3 3.929278e-17 0.000000e+00
207 212 6.552935e-03 1.646023e-03 2 3 3 3 9.937153e-17 0.000000e+00
207 213 6.552935e-03 2.072220e-03 2 3 3 3 2.529419e-16 0.000000e+00
207 214 6.552935e-03 2.608770e-03 2 3 3 3 6.499152e-16 0.000000e+00
207 215 6.552935e-03 3.284247e-03 2 3 3 3 1.700928e-15 0.000000e+00
207 216 6.552935e-03 4.134622e-03 2 3 3 3 4.644344e-15 0.000000e+00
207 217 6.552935e-03 5.205181e-03 2 3 3 3 1.447533e-14 0.000000e+00
207 218 6.552935e-03 6.552935e-03 2 3 3 3 3.143977e-14 0.000000e+00
207 219 6.552935e-03 8.249656e-03 2 3 3 3 1.234963e-14 0.000000e+00
208 209 8.249656e-03 8.249656e-04 2 3 3 3 2.168138e-18 0.000000e+00
208 210 8.249656e-03 1.038570e-03 2 3 3 3 5.520922e-18 0.000000e+00
208 211 8.249656e-03 1.307482e-03 2 3 3 3 1.404011e-17 0.000000e+00
208 212 8.249656e-03 1.646023e-03 2 3 3 3 3.518109e-17 0.000000e+00
208 213 8.249656e-03 2.072220e-03 2 3 3 3 8.901572e-17 0.000000e+00
208 214 8.249656e-03 2.608770e-03 2 3 3 3 2.255744e-16 0.000000e+00
208 215 8.249656e-03 3.284247e-03 2 3 3 3 5.760996e-16 0.000000e+00
208 216 8.249656e-03 4.134622e-03 2 3 3 3 1.493786e-15 0.000000e+00
208 217 8.249656e-03 5.205181e-03 2 3 3 3 4.019031e-15 0.000000e+00
208 218 8.249656e-03 6.552935e-03 2 3 3 3 1.234963e-14 0.000000e+00
208 219 8.249656e-03 8.249656e-03 2 3 3 3 2.713287e-14 0.000000e+00
