# Please cite the following papers in research using this covariance:
# arXiv: 1601.05779, https://arxiv.org/abs/1601.05779
# arXiv: 1911.11947, https://arxiv.org/abs/1911.11947
# arXiv: 2004.04833, https://arxiv.org/abs/2004.04833
# arXiv: 1804.10663, https://arxiv.org/abs/1804.10663
########################################################
88 198 8.249656e-04 8.249656e-04 2 3 2 3 -1.723453e-14 0.000000e+00
88 199 8.249656e-04 1.038570e-03 2 3 2 3 -5.338493e-14 0.000000e+00
88 200 8.249656e-04 1.307482e-03 2 3 2 3 -2.417649e-14 0.000000e+00
88 201 8.249656e-04 1.646023e-03 2 3 2 3 1.999266e-14 0.000000e+00
88 202 8.249656e-04 2.072220e-03 2 3 2 3 5.050618e-14 0.000000e+00
88 203 8.249656e-04 2.608770e-03 2 3 2 3 6.509249e-14 0.000000e+00
88 204 8.249656e-04 3.284247e-03 2 3 2 3 6.840955e-14 0.000000e+00
88 205 8.249656e-04 4.134622e-03 2 3 2 3 6.538931e-14 0.000000e+00
88 206 8.249656e-04 5.205181e-03 2 3 2 3 5.959992e-14 0.000000e+00
88 207 8.249656e-04 6.552935e-03 2 3 2 3 5.322879e-14 0.000000e+00
88 208 8.249656e-04 8.249656e-03 2 3 2 3 4.745005e-14 0.000000e+00
89 198 1.038570e-03 8.249656e-04 2 3 2 3 1.662680e-15 0.000000e+00
89 199 1.038570e-03 1.038570e-03 2 3 2 3 -1.545198e-14 0.000000e+00
89 200 1.038570e-03 1.307482e-03 2 3 2 3 -5.114753e-14 0.000000e+00
89 201 1.038570e-03 1.646023e-03 2 3 2 3 -2.294361e-14 0.000000e+00
89 202 1.038570e-03 2.072220e-03 2 3 2 3 1.761483e-14 0.000000e+00
89 203 1.038570e-03 2.608770e-03 2 3 2 3 4.428002e-14 0.000000e+00
89 204 1.038570e-03 3.284247e-03 2 3 2 3 5.630606e-14 0.000000e+00
89 205 1.038570e-03 4.134622e-03 2 3 2 3 5.864120e-14 0.000000e+00
89 206 1.038570e-03 5.205181e-03 2 3 2 3 5.590762e-14 0.000000e+00
89 207 1.038570e-03 6.552935e-03 2 3 2 3 5.121336e-14 0.000000e+00
89 208 1.038570e-03 8.249656e-03 2 3 2 3 4.633832e-14 0.000000e+00
90 198 1.307482e-03 8.249656e-04 2 3 2 3 8.323070e-16 0.000000e+00
90 199 1.307482e-03 1.038570e-03 2 3 2 3 2.283936e-15 0.000000e+00
90 200 1.307482e-03 1.307482e-03 2 3 2 3 -1.342271e-14 0.000000e+00
90 201 1.307482e-03 1.646023e-03 2 3 2 3 -4.799415e-14 0.000000e+00
90 202 1.307482e-03 2.072220e-03 2 3 2 3 -2.116130e-14 0.000000e+00
90 203 1.307482e-03 2.608770e-03 2 3 2 3 1.541942e-14 0.000000e+00
90 204 1.307482e-03 3.284247e-03 2 3 2 3 3.841048e-14 0.000000e+00
90 205 1.307482e-03 4.134622e-03 2 3 2 3 4.835526e-14 0.000000e+00
90 206 1.307482e-03 5.205181e-03 2 3 2 3 5.018926e-14 0.000000e+00
90 207 1.307482e-03 6.552935e-03 2 3 2 3 4.806460e-14 0.000000e+00
90 208 1.307482e-03 8.249656e-03 2 3 2 3 4.459264e-14 0.000000e+00
91 198 1.646023e-03 8.249656e-04 2 3 2 3 3.143502e-16 0.000000e+00
91 199 1.646023e-03 1.038570e-03 2 3 2 3 9.048776e-16 0.000000e+00
91 200 1.646023e-03 1.307482e-03 2 3 2 3 2.760080e-15 0.000000e+00
91 201 1.646023e-03 1.646023e-03 2 3 2 3 -1.127928e-14 0.000000e+00
91 202 1.646023e-03 2.072220e-03 2 3 2 3 -4.412029e-14 0.000000e+00
91 203 1.646023e-03 2.608770e-03 2 3 2 3 -1.899011e-14 0.000000e+00
91 204 1.646023e-03 3.284247e-03 2 3 2 3 1.346157e-14 0.000000e+00
91 205 1.646023e-03 4.134622e-03 2 3 2 3 3.311366e-14 0.000000e+00
91 206 1.646023e-03 5.205181e-03 2 3 2 3 4.146791e-14 0.000000e+00
91 207 1.646023e-03 6.552935e-03 2 3 2 3 4.318872e-14 0.000000e+00
91 208 1.646023e-03 8.249656e-03 2 3 2 3 4.186621e-14 0.000000e+00
92 198 2.072220e-03 8.249656e-04 2 3 2 3 1.100274e-16 0.000000e+00
92 199 2.072220e-03 1.038570e-03 2 3 2 3 3.060738e-16 0.000000e+00
92 200 2.072220e-03 1.307482e-03 2 3 2 3 9.153473e-16 0.000000e+00
92 201 2.072220e-03 1.646023e-03 2 3 2 3 3.044968e-15 0.000000e+00
92 202 2.072220e-03 2.072220e-03 2 3 2 3 -9.184706e-15 0.000000e+00
92 203 2.072220e-03 2.608770e-03 2 3 2 3 -3.977368e-14 0.000000e+00
92 204 2.072220e-03 3.284247e-03 2 3 2 3 -1.661237e-14 0.000000e+00
92 205 2.072220e-03 4.134622e-03 2 3 2 3 1.177255e-14 0.000000e+00
92 206 2.072220e-03 5.205181e-03 2 3 2 3 2.852914e-14 0.000000e+00
92 207 2.072220e-03 6.552935e-03 2 3 2 3 3.575374e-14 0.000000e+00
92 208 2.072220e-03 8.249656e-03 2 3 2 3 3.764766e-14 0.000000e+00
93 198 2.608770e-03 8.249656e-04 2 3 2 3 3.735794e-17 0.000000e+00
93 199 2.608770e-03 1.038570e-03 2 3 2 3 9.841522e-17 0.000000e+00
93 200 2.608770e-03 1.307482e-03 2 3 2 3 2.794967e-16 0.000000e+00
93 201 2.608770e-03 1.646023e-03 2 3 2 3 8.641338e-16 0.000000e+00
93 202 2.608770e-03 2.072220e-03 2 3 2 3 3.124033e-15 0.000000e+00
93 203 2.608770e-03 2.608770e-03 2 3 2 3 -7.272553e-15 0.000000e+00
93 204 2.608770e-03 3.284247e-03 2 3 2 3 -3.522199e-14 0.000000e+00
93 205 2.608770e-03 4.134622e-03 2 3 2 3 -1.420568e-14 0.000000e+00
93 206 2.608770e-03 5.205181e-03 2 3 2 3 1.036242e-14 0.000000e+00
93 207 2.608770e-03 6.552935e-03 2 3 2 3 2.472408e-14 0.000000e+00
93 208 2.608770e-03 8.249656e-03 2 3 2 3 3.122149e-14 0.000000e+00
94 198 3.284247e-03 8.249656e-04 2 3 2 3 1.238201e-17 0.000000e+00
94 199 3.284247e-03 1.038570e-03 2 3 2 3 3.018164e-17 0.000000e+00
94 200 3.284247e-03 1.307482e-03 2 3 2 3 8.300107e-17 0.000000e+00
94 201 3.284247e-03 1.646023e-03 2 3 2 3 2.400123e-16 0.000000e+00
94 202 3.284247e-03 2.072220e-03 2 3 2 3 7.667683e-16 0.000000e+00
94 203 3.284247e-03 2.608770e-03 2 3 2 3 3.013803e-15 0.000000e+00
94 204 3.284247e-03 3.284247e-03 2 3 2 3 -5.639859e-15 0.000000e+00
94 205 3.284247e-03 4.134622e-03 2 3 2 3 -3.071951e-14 0.000000e+00
94 206 3.284247e-03 5.205181e-03 2 3 2 3 -1.191950e-14 0.000000e+00
94 207 3.284247e-03 6.552935e-03 2 3 2 3 9.226700e-15 0.000000e+00
94 208 3.284247e-03 8.249656e-03 2 3 2 3 2.170237e-14 0.000000e+00
95 198 4.134622e-03 8.249656e-04 2 3 2 3 4.448244e-18 0.000000e+00
95 199 4.134622e-03 1.038570e-03 2 3 2 3 8.926106e-18 0.000000e+00
95 200 4.134622e-03 1.307482e-03 2 3 2 3 2.398924e-17 0.000000e+00
95 201 4.134622e-03 1.646023e-03 2 3 2 3 6.645579e-17 0.000000e+00
95 202 4.134622e-03 2.072220e-03 2 3 2 3 1.944983e-16 0.000000e+00
95 203 4.134622e-03 2.608770e-03 2 3 2 3 6.424601e-16 0.000000e+00
95 204 4.134622e-03 3.284247e-03 2 3 2 3 2.751806e-15 0.000000e+00
95 205 4.134622e-03 4.134622e-03 2 3 2 3 -4.338319e-15 0.000000e+00
95 206 4.134622e-03 5.205181e-03 2 3 2 3 -2.647955e-14 0.000000e+00
95 207 4.134622e-03 6.552935e-03 2 3 2 3 -9.863027e-15 0.000000e+00
95 208 4.134622e-03 8.249656e-03 2 3 2 3 8.349894e-15 0.000000e+00
96 198 5.205181e-03 8.249656e-04 2 3 2 3 1.774794e-18 0.000000e+00
96 199 5.205181e-03 1.038570e-03 2 3 2 3 2.358227e-18 0.000000e+00
96 200 5.205181e-03 1.307482e-03 2 3 2 3 6.537646e-18 0.000000e+00
96 201 5.205181e-03 1.646023e-03 2 3 2 3 1.802633e-17 0.000000e+00
96 202 5.205181e-03 2.072220e-03 2 3 2 3 4.984873e-17 0.000000e+00
96 203 5.205181e-03 2.608770e-03 2 3 2 3 1.489785e-16 0.000000e+00
96 204 5.205181e-03 3.284247e-03 2 3 2 3 5.093248e-16 0.000000e+00
96 205 5.205181e-03 4.134622e-03 2 3 2 3 2.388287e-15 0.000000e+00
96 206 5.205181e-03 5.205181e-03 2 3 2 3 -3.378243e-15 0.000000e+00
96 207 5.205181e-03 6.552935e-03 2 3 2 3 -2.266089e-14 0.000000e+00
96 208 5.205181e-03 8.249656e-03 2 3 2 3 -8.100318e-15 0.000000e+00
97 198 6.552935e-03 8.249656e-04 2 3 2 3 1.159506e-18 0.000000e+00
97 199 6.552935e-03 1.038570e-03 2 3 2 3 4.294490e-19 0.000000e+00
97 200 6.552935e-03 1.307482e-03 2 3 2 3 1.656564e-18 0.000000e+00
97 201 6.552935e-03 1.646023e-03 2 3 2 3 4.686289e-18 0.000000e+00
97 202 6.552935e-03 2.072220e-03 2 3 2 3 1.239557e-17 0.000000e+00
97 203 6.552935e-03 2.608770e-03 2 3 2 3 3.509067e-17 0.000000e+00
97 204 6.552935e-03 3.284247e-03 2 3 2 3 1.070622e-16 0.000000e+00
97 205 6.552935e-03 4.134622e-03 2 3 2 3 3.808412e-16 0.000000e+00
97 206 6.552935e-03 5.205181e-03 2 3 2 3 1.973975e-15 0.000000e+00
97 207 6.552935e-03 6.552935e-03 2 3 2 3 -2.735992e-15 0.000000e+00
97 208 6.552935e-03 8.249656e-03 2 3 2 3 -1.936251e-14 0.000000e+00
98 198 8.249656e-03 8.249656e-04 2 3 2 3 8.867849e-19 0.000000e+00
98 199 8.249656e-03 1.038570e-03 2 3 2 3 -7.434993e-20 0.000000e+00
98 200 8.249656e-03 1.307482e-03 2 3 2 3 3.463934e-19 0.000000e+00
98 201 8.249656e-03 1.646023e-03 2 3 2 3 1.165461e-18 0.000000e+00
98 202 8.249656e-03 2.072220e-03 2 3 2 3 2.937062e-18 0.000000e+00
98 203 8.249656e-03 2.608770e-03 2 3 2 3 7.940199e-18 0.000000e+00
98 204 8.249656e-03 3.284247e-03 2 3 2 3 2.270887e-17 0.000000e+00
98 205 8.249656e-03 4.134622e-03 2 3 2 3 7.126975e-17 0.000000e+00
98 206 8.249656e-03 5.205181e-03 2 3 2 3 2.664045e-16 0.000000e+00
98 207 8.249656e-03 6.552935e-03 2 3 2 3 1.552541e-15 0.000000e+00
98 208 8.249656e-03 8.249656e-03 2 3 2 3 -2.367368e-15 0.000000e+00
