# Please cite the following papers in research using this covariance:
# arXiv: 1601.05779, https://arxiv.org/abs/1601.05779
# arXiv: 1911.11947, https://arxiv.org/abs/1911.11947
# arXiv: 2004.04833, https://arxiv.org/abs/2004.04833
# arXiv: 1804.10663, https://arxiv.org/abs/1804.10663
########################################################
176 209 8.249656e-04 8.249656e-04 1 3 3 3 3.542481e-14 0.000000e+00
176 210 8.249656e-04 1.038570e-03 1 3 3 3 2.026845e-14 0.000000e+00
176 211 8.249656e-04 1.307482e-03 1 3 3 3 7.552367e-15 0.000000e+00
176 212 8.249656e-04 1.646023e-03 1 3 3 3 2.664982e-15 0.000000e+00
176 213 8.249656e-04 2.072220e-03 1 3 3 3 9.093166e-16 0.000000e+00
176 214 8.249656e-04 2.608770e-03 1 3 3 3 3.026537e-16 0.000000e+00
176 215 8.249656e-04 3.284247e-03 1 3 3 3 9.901874e-17 0.000000e+00
176 216 8.249656e-04 4.134622e-03 1 3 3 3 3.216963e-17 0.000000e+00
176 217 8.249656e-04 5.205181e-03 1 3 3 3 1.045706e-17 0.000000e+00
176 218 8.249656e-04 6.552935e-03 1 3 3 3 3.501337e-18 0.000000e+00
176 219 8.249656e-04 8.249656e-03 1 3 3 3 1.188299e-18 0.000000e+00
177 209 1.038570e-03 8.249656e-04 1 3 3 3 2.026845e-14 0.000000e+00
177 210 1.038570e-03 1.038570e-03 1 3 3 3 3.517419e-14 0.000000e+00
177 211 1.038570e-03 1.307482e-03 1 3 3 3 1.949627e-14 0.000000e+00
177 212 1.038570e-03 1.646023e-03 1 3 3 3 6.937993e-15 0.000000e+00
177 213 1.038570e-03 2.072220e-03 1 3 3 3 2.353645e-15 0.000000e+00
177 214 1.038570e-03 2.608770e-03 1 3 3 3 7.773603e-16 0.000000e+00
177 215 1.038570e-03 3.284247e-03 1 3 3 3 2.525557e-16 0.000000e+00
177 216 1.038570e-03 4.134622e-03 1 3 3 3 8.157346e-17 0.000000e+00
177 217 1.038570e-03 5.205181e-03 1 3 3 3 2.654844e-17 0.000000e+00
177 218 1.038570e-03 6.552935e-03 1 3 3 3 8.781017e-18 0.000000e+00
177 219 1.038570e-03 8.249656e-03 1 3 3 3 3.023217e-18 0.000000e+00
178 209 1.307482e-03 8.249656e-04 1 3 3 3 7.552367e-15 0.000000e+00
178 210 1.307482e-03 1.038570e-03 1 3 3 3 1.949627e-14 0.000000e+00
178 211 1.307482e-03 1.307482e-03 1 3 3 3 3.431178e-14 0.000000e+00
178 212 1.307482e-03 1.646023e-03 1 3 3 3 1.834309e-14 0.000000e+00
178 213 1.307482e-03 2.072220e-03 1 3 3 3 6.209227e-15 0.000000e+00
178 214 1.307482e-03 2.608770e-03 1 3 3 3 2.025721e-15 0.000000e+00
178 215 1.307482e-03 3.284247e-03 1 3 3 3 6.507878e-16 0.000000e+00
178 216 1.307482e-03 4.134622e-03 1 3 3 3 2.082970e-16 0.000000e+00
178 217 1.307482e-03 5.205181e-03 1 3 3 3 6.731318e-17 0.000000e+00
178 218 1.307482e-03 6.552935e-03 1 3 3 3 2.224545e-17 0.000000e+00
178 219 1.307482e-03 8.249656e-03 1 3 3 3 7.683486e-18 0.000000e+00
179 209 1.646023e-03 8.249656e-04 1 3 3 3 2.664982e-15 0.000000e+00
179 210 1.646023e-03 1.038570e-03 1 3 3 3 6.937993e-15 0.000000e+00
179 211 1.646023e-03 1.307482e-03 1 3 3 3 1.834309e-14 0.000000e+00
179 212 1.646023e-03 1.646023e-03 1 3 3 3 3.285158e-14 0.000000e+00
179 213 1.646023e-03 2.072220e-03 1 3 3 3 1.686446e-14 0.000000e+00
179 214 1.646023e-03 2.608770e-03 1 3 3 3 5.416776e-15 0.000000e+00
179 215 1.646023e-03 3.284247e-03 1 3 3 3 1.706281e-15 0.000000e+00
179 216 1.646023e-03 4.134622e-03 1 3 3 3 5.378641e-16 0.000000e+00
179 217 1.646023e-03 5.205181e-03 1 3 3 3 1.719182e-16 0.000000e+00
179 218 1.646023e-03 6.552935e-03 1 3 3 3 5.635870e-17 0.000000e+00
179 219 1.646023e-03 8.249656e-03 1 3 3 3 1.928285e-17 0.000000e+00
180 209 2.072220e-03 8.249656e-04 1 3 3 3 9.093166e-16 0.000000e+00
180 210 2.072220e-03 1.038570e-03 1 3 3 3 2.353645e-15 0.000000e+00
180 211 2.072220e-03 1.307482e-03 1 3 3 3 6.209227e-15 0.000000e+00
180 212 2.072220e-03 1.646023e-03 1 3 3 3 1.686446e-14 0.000000e+00
180 213 2.072220e-03 2.072220e-03 1 3 3 3 3.084851e-14 0.000000e+00
180 214 2.072220e-03 2.608770e-03 1 3 3 3 1.515321e-14 0.000000e+00
180 215 2.072220e-03 3.284247e-03 1 3 3 3 4.620079e-15 0.000000e+00
180 216 2.072220e-03 4.134622e-03 1 3 3 3 1.416298e-15 0.000000e+00
180 217 2.072220e-03 5.205181e-03 1 3 3 3 4.439309e-16 0.000000e+00
180 218 2.072220e-03 6.552935e-03 1 3 3 3 1.437972e-16 0.000000e+00
180 219 2.072220e-03 8.249656e-03 1 3 3 3 4.885893e-17 0.000000e+00
181 209 2.608770e-03 8.249656e-04 1 3 3 3 3.026537e-16 0.000000e+00
181 210 2.608770e-03 1.038570e-03 1 3 3 3 7.773603e-16 0.000000e+00
181 211 2.608770e-03 1.307482e-03 1 3 3 3 2.025721e-15 0.000000e+00
181 212 2.608770e-03 1.646023e-03 1 3 3 3 5.416776e-15 0.000000e+00
181 213 2.608770e-03 2.072220e-03 1 3 3 3 1.515321e-14 0.000000e+00
181 214 2.608770e-03 2.608770e-03 1 3 3 3 2.841301e-14 0.000000e+00
181 215 2.608770e-03 3.284247e-03 1 3 3 3 1.332507e-14 0.000000e+00
181 216 2.608770e-03 4.134622e-03 1 3 3 3 3.873253e-15 0.000000e+00
181 217 2.608770e-03 5.205181e-03 1 3 3 3 1.170440e-15 0.000000e+00
181 218 2.608770e-03 6.552935e-03 1 3 3 3 3.707968e-16 0.000000e+00
181 219 2.608770e-03 8.249656e-03 1 3 3 3 1.241587e-16 0.000000e+00
182 209 3.284247e-03 8.249656e-04 1 3 3 3 9.901874e-17 0.000000e+00
182 210 3.284247e-03 1.038570e-03 1 3 3 3 2.525557e-16 0.000000e+00
182 211 3.284247e-03 1.307482e-03 1 3 3 3 6.507878e-16 0.000000e+00
182 212 3.284247e-03 1.646023e-03 1 3 3 3 1.706281e-15 0.000000e+00
182 213 3.284247e-03 2.072220e-03 1 3 3 3 4.620079e-15 0.000000e+00
182 214 3.284247e-03 2.608770e-03 1 3 3 3 1.332507e-14 0.000000e+00
182 215 3.284247e-03 3.284247e-03 1 3 3 3 2.569171e-14 0.000000e+00
182 216 3.284247e-03 4.134622e-03 1 3 3 3 1.150125e-14 0.000000e+00
182 217 3.284247e-03 5.205181e-03 1 3 3 3 3.218181e-15 0.000000e+00
182 218 3.284247e-03 6.552935e-03 1 3 3 3 9.754883e-16 0.000000e+00
182 219 3.284247e-03 8.249656e-03 1 3 3 3 3.185640e-16 0.000000e+00
183 209 4.134622e-03 8.249656e-04 1 3 3 3 3.216963e-17 0.000000e+00
183 210 4.134622e-03 1.038570e-03 1 3 3 3 8.157346e-17 0.000000e+00
183 211 4.134622e-03 1.307482e-03 1 3 3 3 2.082970e-16 0.000000e+00
183 212 4.134622e-03 1.646023e-03 1 3 3 3 5.378641e-16 0.000000e+00
183 213 4.134622e-03 2.072220e-03 1 3 3 3 1.416298e-15 0.000000e+00
183 214 4.134622e-03 2.608770e-03 1 3 3 3 3.873253e-15 0.000000e+00
183 215 4.134622e-03 3.284247e-03 1 3 3 3 1.150125e-14 0.000000e+00
183 216 4.134622e-03 4.134622e-03 1 3 3 3 2.284932e-14 0.000000e+00
183 217 4.134622e-03 5.205181e-03 1 3 3 3 9.790524e-15 0.000000e+00
183 218 4.134622e-03 6.552935e-03 1 3 3 3 2.679879e-15 0.000000e+00
183 219 4.134622e-03 8.249656e-03 1 3 3 3 8.324482e-16 0.000000e+00
184 209 5.205181e-03 8.249656e-04 1 3 3 3 1.045706e-17 0.000000e+00
184 210 5.205181e-03 1.038570e-03 1 3 3 3 2.654844e-17 0.000000e+00
184 211 5.205181e-03 1.307482e-03 1 3 3 3 6.731318e-17 0.000000e+00
184 212 5.205181e-03 1.646023e-03 1 3 3 3 1.719182e-16 0.000000e+00
184 213 5.205181e-03 2.072220e-03 1 3 3 3 4.439309e-16 0.000000e+00
184 214 5.205181e-03 2.608770e-03 1 3 3 3 1.170440e-15 0.000000e+00
184 215 5.205181e-03 3.284247e-03 1 3 3 3 3.218181e-15 0.000000e+00
184 216 5.205181e-03 4.134622e-03 1 3 3 3 9.790524e-15 0.000000e+00
184 217 5.205181e-03 5.205181e-03 1 3 3 3 2.004613e-14 0.000000e+00
184 218 5.205181e-03 6.552935e-03 1 3 3 3 8.277201e-15 0.000000e+00
184 219 5.205181e-03 8.249656e-03 1 3 3 3 2.267366e-15 0.000000e+00
185 209 6.552935e-03 8.249656e-04 1 3 3 3 3.501337e-18 0.000000e+00
185 210 6.552935e-03 1.038570e-03 1 3 3 3 8.781017e-18 0.000000e+00
185 211 6.552935e-03 1.307482e-03 1 3 3 3 2.224545e-17 0.000000e+00
185 212 6.552935e-03 1.646023e-03 1 3 3 3 5.635870e-17 0.000000e+00
185 213 6.552935e-03 2.072220e-03 1 3 3 3 1.437972e-16 0.000000e+00
185 214 6.552935e-03 2.608770e-03 1 3 3 3 3.707968e-16 0.000000e+00
185 215 6.552935e-03 3.284247e-03 1 3 3 3 9.754883e-16 0.000000e+00
185 216 6.552935e-03 4.134622e-03 1 3 3 3 2.679879e-15 0.000000e+00
185 217 6.552935e-03 5.205181e-03 1 3 3 3 8.277201e-15 0.000000e+00
185 218 6.552935e-03 6.552935e-03 1 3 3 3 1.742159e-14 0.000000e+00
185 219 6.552935e-03 8.249656e-03 1 3 3 3 7.013935e-15 0.000000e+00
186 209 8.249656e-03 8.249656e-04 1 3 3 3 1.188299e-18 0.000000e+00
186 210 8.249656e-03 1.038570e-03 1 3 3 3 3.023217e-18 0.000000e+00
186 211 8.249656e-03 1.307482e-03 1 3 3 3 7.683486e-18 0.000000e+00
186 212 8.249656e-03 1.646023e-03 1 3 3 3 1.928285e-17 0.000000e+00
186 213 8.249656e-03 2.072220e-03 1 3 3 3 4.885893e-17 0.000000e+00
186 214 8.249656e-03 2.608770e-03 1 3 3 3 1.241587e-16 0.000000e+00
186 215 8.249656e-03 3.284247e-03 1 3 3 3 3.185640e-16 0.000000e+00
186 216 8.249656e-03 4.134622e-03 1 3 3 3 8.324482e-16 0.000000e+00
186 217 8.249656e-03 5.205181e-03 1 3 3 3 2.267366e-15 0.000000e+00
186 218 8.249656e-03 6.552935e-03 1 3 3 3 7.013935e-15 0.000000e+00
186 219 8.249656e-03 8.249656e-03 1 3 3 3 1.508229e-14 0.000000e+00
