# Please cite the following papers in research using this covariance:
# arXiv: 1601.05779, https://arxiv.org/abs/1601.05779
# arXiv: 1911.11947, https://arxiv.org/abs/1911.11947
# arXiv: 2004.04833, https://arxiv.org/abs/2004.04833
# arXiv: 1804.10663, https://arxiv.org/abs/1804.10663
########################################################
88 121 8.249656e-04 8.249656e-04 2 3 0 1 -1.574877e-17 0.000000e+00
88 122 8.249656e-04 1.038570e-03 2 3 0 1 -1.936838e-17 0.000000e+00
88 123 8.249656e-04 1.307482e-03 2 3 0 1 2.160400e-17 0.000000e+00
88 124 8.249656e-04 1.646023e-03 2 3 0 1 1.253638e-16 0.000000e+00
88 125 8.249656e-04 2.072220e-03 2 3 0 1 2.819467e-16 0.000000e+00
88 126 8.249656e-04 2.608770e-03 2 3 0 1 4.699907e-16 0.000000e+00
88 127 8.249656e-04 3.284247e-03 2 3 0 1 6.670171e-16 0.000000e+00
88 128 8.249656e-04 4.134622e-03 2 3 0 1 8.556308e-16 0.000000e+00
88 129 8.249656e-04 5.205181e-03 2 3 0 1 1.026555e-15 0.000000e+00
88 130 8.249656e-04 6.552935e-03 2 3 0 1 1.179524e-15 0.000000e+00
88 131 8.249656e-04 8.249656e-03 2 3 0 1 1.322451e-15 0.000000e+00
89 121 1.038570e-03 8.249656e-04 2 3 0 1 -1.022254e-17 0.000000e+00
89 122 1.038570e-03 1.038570e-03 2 3 0 1 -2.640059e-17 0.000000e+00
89 123 1.038570e-03 1.307482e-03 2 3 0 1 -3.597874e-17 0.000000e+00
89 124 1.038570e-03 1.646023e-03 2 3 0 1 1.605672e-17 0.000000e+00
89 125 1.038570e-03 2.072220e-03 2 3 0 1 1.489135e-16 0.000000e+00
89 126 1.038570e-03 2.608770e-03 2 3 0 1 3.399319e-16 0.000000e+00
89 127 1.038570e-03 3.284247e-03 2 3 0 1 5.555973e-16 0.000000e+00
89 128 1.038570e-03 4.134622e-03 2 3 0 1 7.682496e-16 0.000000e+00
89 129 1.038570e-03 5.205181e-03 2 3 0 1 9.620828e-16 0.000000e+00
89 130 1.038570e-03 6.552935e-03 2 3 0 1 1.133839e-15 0.000000e+00
89 131 1.038570e-03 8.249656e-03 2 3 0 1 1.290801e-15 0.000000e+00
90 121 1.307482e-03 8.249656e-04 2 3 0 1 -5.193705e-18 0.000000e+00
90 122 1.307482e-03 1.038570e-03 2 3 0 1 -1.515651e-17 0.000000e+00
90 123 1.307482e-03 1.307482e-03 2 3 0 1 -3.997006e-17 0.000000e+00
90 124 1.307482e-03 1.646023e-03 2 3 0 1 -5.928945e-17 0.000000e+00
90 125 1.307482e-03 2.072220e-03 2 3 0 1 5.405327e-18 0.000000e+00
90 126 1.307482e-03 2.608770e-03 2 3 0 1 1.714343e-16 0.000000e+00
90 127 1.307482e-03 3.284247e-03 2 3 0 1 3.977059e-16 0.000000e+00
90 128 1.307482e-03 4.134622e-03 2 3 0 1 6.383594e-16 0.000000e+00
90 129 1.307482e-03 5.205181e-03 2 3 0 1 8.636610e-16 0.000000e+00
90 130 1.307482e-03 6.552935e-03 2 3 0 1 1.063031e-15 0.000000e+00
90 131 1.307482e-03 8.249656e-03 2 3 0 1 1.241313e-15 0.000000e+00
91 121 1.646023e-03 8.249656e-04 2 3 0 1 -2.226857e-18 0.000000e+00
91 122 1.646023e-03 1.038570e-03 2 3 0 1 -7.019599e-18 0.000000e+00
91 123 1.646023e-03 1.307482e-03 2 3 0 1 -1.994208e-17 0.000000e+00
91 124 1.646023e-03 1.646023e-03 2 3 0 1 -5.633756e-17 0.000000e+00
91 125 1.646023e-03 2.072220e-03 2 3 0 1 -8.943834e-17 0.000000e+00
91 126 1.646023e-03 2.608770e-03 2 3 0 1 -9.911899e-18 0.000000e+00
91 127 1.646023e-03 3.284247e-03 2 3 0 1 1.925230e-16 0.000000e+00
91 128 1.646023e-03 4.134622e-03 2 3 0 1 4.537274e-16 0.000000e+00
91 129 1.646023e-03 5.205181e-03 2 3 0 1 7.170490e-16 0.000000e+00
91 130 1.646023e-03 6.552935e-03 2 3 0 1 9.548048e-16 0.000000e+00
91 131 1.646023e-03 8.249656e-03 2 3 0 1 1.164567e-15 0.000000e+00
92 121 2.072220e-03 8.249656e-04 2 3 0 1 -7.279897e-19 0.000000e+00
92 122 2.072220e-03 1.038570e-03 2 3 0 1 -2.895678e-18 0.000000e+00
92 123 2.072220e-03 1.307482e-03 2 3 0 1 -8.026158e-18 0.000000e+00
92 124 2.072220e-03 1.646023e-03 2 3 0 1 -2.412002e-17 0.000000e+00
92 125 2.072220e-03 2.072220e-03 2 3 0 1 -7.450011e-17 0.000000e+00
92 126 2.072220e-03 2.608770e-03 2 3 0 1 -1.251141e-16 0.000000e+00
92 127 2.072220e-03 3.284247e-03 2 3 0 1 -2.845786e-17 0.000000e+00
92 128 2.072220e-03 4.134622e-03 2 3 0 1 2.127503e-16 0.000000e+00
92 129 2.072220e-03 5.205181e-03 2 3 0 1 5.079443e-16 0.000000e+00
92 130 2.072220e-03 6.552935e-03 2 3 0 1 7.932691e-16 0.000000e+00
92 131 2.072220e-03 8.249656e-03 2 3 0 1 1.047158e-15 0.000000e+00
93 121 2.608770e-03 8.249656e-04 2 3 0 1 -6.213568e-20 0.000000e+00
93 122 2.608770e-03 1.038570e-03 2 3 0 1 -1.086561e-18 0.000000e+00
93 123 2.608770e-03 1.307482e-03 2 3 0 1 -2.869065e-18 0.000000e+00
93 124 2.608770e-03 1.646023e-03 2 3 0 1 -8.260284e-18 0.000000e+00
93 125 2.608770e-03 2.072220e-03 2 3 0 1 -2.696589e-17 0.000000e+00
93 126 2.608770e-03 2.608770e-03 2 3 0 1 -9.261191e-17 0.000000e+00
93 127 2.608770e-03 3.284247e-03 2 3 0 1 -1.641335e-16 0.000000e+00
93 128 2.608770e-03 4.134622e-03 2 3 0 1 -4.776386e-17 0.000000e+00
93 129 2.608770e-03 5.205181e-03 2 3 0 1 2.336029e-16 0.000000e+00
93 130 2.608770e-03 6.552935e-03 2 3 0 1 5.621272e-16 0.000000e+00
93 131 2.608770e-03 8.249656e-03 2 3 0 1 8.716477e-16 0.000000e+00
94 121 3.284247e-03 8.249656e-04 2 3 0 1 1.976299e-19 0.000000e+00
94 122 3.284247e-03 1.038570e-03 2 3 0 1 -3.899738e-19 0.000000e+00
94 123 3.284247e-03 1.307482e-03 2 3 0 1 -9.260564e-19 0.000000e+00
94 124 3.284247e-03 1.646023e-03 2 3 0 1 -2.474200e-18 0.000000e+00
94 125 3.284247e-03 2.072220e-03 2 3 0 1 -7.754125e-18 0.000000e+00
94 126 3.284247e-03 2.608770e-03 2 3 0 1 -2.766263e-17 0.000000e+00
94 127 3.284247e-03 3.284247e-03 2 3 0 1 -1.089127e-16 0.000000e+00
94 128 3.284247e-03 4.134622e-03 2 3 0 1 -2.036701e-16 0.000000e+00
94 129 3.284247e-03 5.205181e-03 2 3 0 1 -6.491942e-17 0.000000e+00
94 130 3.284247e-03 6.552935e-03 2 3 0 1 2.572253e-16 0.000000e+00
94 131 3.284247e-03 8.249656e-03 2 3 0 1 6.198384e-16 0.000000e+00
95 121 4.134622e-03 8.249656e-04 2 3 0 1 2.858561e-19 0.000000e+00
95 122 4.134622e-03 1.038570e-03 2 3 0 1 -1.562145e-19 0.000000e+00
95 123 4.134622e-03 1.307482e-03 2 3 0 1 -2.871426e-19 0.000000e+00
95 124 4.134622e-03 1.646023e-03 2 3 0 1 -6.335151e-19 0.000000e+00
95 125 4.134622e-03 2.072220e-03 2 3 0 1 -1.964970e-18 0.000000e+00
95 126 4.134622e-03 2.608770e-03 2 3 0 1 -6.492881e-18 0.000000e+00
95 127 4.134622e-03 3.284247e-03 2 3 0 1 -2.610058e-17 0.000000e+00
95 128 4.134622e-03 4.134622e-03 2 3 0 1 -1.220447e-16 0.000000e+00
95 129 4.134622e-03 5.205181e-03 2 3 0 1 -2.409981e-16 0.000000e+00
95 130 4.134622e-03 6.552935e-03 2 3 0 1 -7.735019e-17 0.000000e+00
95 131 4.134622e-03 8.249656e-03 2 3 0 1 2.860640e-16 0.000000e+00
96 121 5.205181e-03 8.249656e-04 2 3 0 1 3.112269e-19 0.000000e+00
96 122 5.205181e-03 1.038570e-03 2 3 0 1 -8.936960e-20 0.000000e+00
96 123 5.205181e-03 1.307482e-03 2 3 0 1 -1.071948e-19 0.000000e+00
96 124 5.205181e-03 1.646023e-03 2 3 0 1 -1.281409e-19 0.000000e+00
96 125 5.205181e-03 2.072220e-03 2 3 0 1 -4.453881e-19 0.000000e+00
96 126 5.205181e-03 2.608770e-03 2 3 0 1 -1.366666e-18 0.000000e+00
96 127 5.205181e-03 3.284247e-03 2 3 0 1 -4.898345e-18 0.000000e+00
96 128 5.205181e-03 4.134622e-03 2 3 0 1 -2.279234e-17 0.000000e+00
96 129 5.205181e-03 5.205181e-03 2 3 0 1 -1.315807e-16 0.000000e+00
96 130 5.205181e-03 6.552935e-03 2 3 0 1 -2.742758e-16 0.000000e+00
96 131 5.205181e-03 8.249656e-03 2 3 0 1 -8.349773e-17 0.000000e+00
97 121 6.552935e-03 8.249656e-04 2 3 0 1 3.171387e-19 0.000000e+00
97 122 6.552935e-03 1.038570e-03 2 3 0 1 -7.357839e-20 0.000000e+00
97 123 6.552935e-03 1.307482e-03 2 3 0 1 -6.520821e-20 0.000000e+00
97 124 6.552935e-03 1.646023e-03 2 3 0 1 -1.244907e-20 0.000000e+00
97 125 6.552935e-03 2.072220e-03 2 3 0 1 -1.084344e-19 0.000000e+00
97 126 6.552935e-03 2.608770e-03 2 3 0 1 -2.936451e-19 0.000000e+00
97 127 6.552935e-03 3.284247e-03 2 3 0 1 -9.258697e-19 0.000000e+00
97 128 6.552935e-03 4.134622e-03 2 3 0 1 -3.503864e-18 0.000000e+00
97 129 6.552935e-03 5.205181e-03 2 3 0 1 -1.883964e-17 0.000000e+00
97 130 6.552935e-03 6.552935e-03 2 3 0 1 -1.382743e-16 0.000000e+00
97 131 6.552935e-03 8.249656e-03 2 3 0 1 -3.031291e-16 0.000000e+00
98 121 8.249656e-03 8.249656e-04 2 3 0 1 3.181422e-19 0.000000e+00
98 122 8.249656e-03 1.038570e-03 2 3 0 1 -7.037833e-20 0.000000e+00
98 123 8.249656e-03 1.307482e-03 2 3 0 1 -5.698627e-20 0.000000e+00
98 124 8.249656e-03 1.646023e-03 2 3 0 1 9.604154e-21 0.000000e+00
98 125 8.249656e-03 2.072220e-03 2 3 0 1 -4.606765e-20 0.000000e+00
98 126 8.249656e-03 2.608770e-03 2 3 0 1 -1.044266e-19 0.000000e+00
98 127 8.249656e-03 3.284247e-03 2 3 0 1 -2.792465e-19 0.000000e+00
98 128 8.249656e-03 4.134622e-03 2 3 0 1 -8.143881e-19 0.000000e+00
98 129 8.249656e-03 5.205181e-03 2 3 0 1 -2.828609e-18 0.000000e+00
98 130 8.249656e-03 6.552935e-03 2 3 0 1 -1.568233e-17 0.000000e+00
98 131 8.249656e-03 8.249656e-03 2 3 0 1 -1.440017e-16 0.000000e+00
