# Please cite the following papers in research using this covariance:
# arXiv: 1601.05779, https://arxiv.org/abs/1601.05779
# arXiv: 1911.11947, https://arxiv.org/abs/1911.11947
# arXiv: 2004.04833, https://arxiv.org/abs/2004.04833
# arXiv: 1804.10663, https://arxiv.org/abs/1804.10663
########################################################
99 209 8.249656e-04 8.249656e-04 3 3 3 3 -5.275642e-14 0.000000e+00
99 210 8.249656e-04 1.038570e-03 3 3 3 3 -1.699587e-13 0.000000e+00
99 211 8.249656e-04 1.307482e-03 3 3 3 3 -7.682290e-14 0.000000e+00
99 212 8.249656e-04 1.646023e-03 3 3 3 3 5.946302e-14 0.000000e+00
99 213 8.249656e-04 2.072220e-03 3 3 3 3 1.500571e-13 0.000000e+00
99 214 8.249656e-04 2.608770e-03 3 3 3 3 1.909092e-13 0.000000e+00
99 215 8.249656e-04 3.284247e-03 3 3 3 3 1.980953e-13 0.000000e+00
99 216 8.249656e-04 4.134622e-03 3 3 3 3 1.872187e-13 0.000000e+00
99 217 8.249656e-04 5.205181e-03 3 3 3 3 1.689854e-13 0.000000e+00
99 218 8.249656e-04 6.552935e-03 3 3 3 3 1.496067e-13 0.000000e+00
99 219 8.249656e-04 8.249656e-03 3 3 3 3 1.321665e-13 0.000000e+00
100 209 1.038570e-03 8.249656e-04 3 3 3 3 6.850388e-15 0.000000e+00
100 210 1.038570e-03 1.038570e-03 3 3 3 3 -4.621922e-14 0.000000e+00
100 211 1.038570e-03 1.307482e-03 3 3 3 3 -1.606072e-13 0.000000e+00
100 212 1.038570e-03 1.646023e-03 3 3 3 3 -7.156704e-14 0.000000e+00
100 213 1.038570e-03 2.072220e-03 3 3 3 3 5.187960e-14 0.000000e+00
100 214 1.038570e-03 2.608770e-03 3 3 3 3 1.299346e-13 0.000000e+00
100 215 1.038570e-03 3.284247e-03 3 3 3 3 1.631724e-13 0.000000e+00
100 216 1.038570e-03 4.134622e-03 3 3 3 3 1.679819e-13 0.000000e+00
100 217 1.038570e-03 5.205181e-03 3 3 3 3 1.585563e-13 0.000000e+00
100 218 1.038570e-03 6.552935e-03 3 3 3 3 1.439545e-13 0.000000e+00
100 219 1.038570e-03 8.249656e-03 3 3 3 3 1.290694e-13 0.000000e+00
101 209 1.307482e-03 8.249656e-04 3 3 3 3 2.953802e-15 0.000000e+00
101 210 1.307482e-03 1.038570e-03 3 3 3 3 8.639381e-15 0.000000e+00
101 211 1.307482e-03 1.307482e-03 3 3 3 3 -3.917915e-14 0.000000e+00
101 212 1.307482e-03 1.646023e-03 3 3 3 3 -1.485805e-13 0.000000e+00
101 213 1.307482e-03 2.072220e-03 3 3 3 3 -6.480061e-14 0.000000e+00
101 214 1.307482e-03 2.608770e-03 3 3 3 3 4.499988e-14 0.000000e+00
101 215 1.307482e-03 3.284247e-03 3 3 3 3 1.114136e-13 0.000000e+00
101 216 1.307482e-03 4.134622e-03 3 3 3 3 1.386240e-13 0.000000e+00
101 217 1.307482e-03 5.205181e-03 3 3 3 3 1.423953e-13 0.000000e+00
101 218 1.307482e-03 6.552935e-03 3 3 3 3 1.351218e-13 0.000000e+00
101 219 1.307482e-03 8.249656e-03 3 3 3 3 1.242057e-13 0.000000e+00
102 209 1.646023e-03 8.249656e-04 3 3 3 3 1.034949e-15 0.000000e+00
102 210 1.646023e-03 1.038570e-03 3 3 3 3 3.052453e-15 0.000000e+00
102 211 1.646023e-03 1.307482e-03 3 3 3 3 9.836725e-15 0.000000e+00
102 212 1.646023e-03 1.646023e-03 3 3 3 3 -3.209237e-14 0.000000e+00
102 213 1.646023e-03 2.072220e-03 3 3 3 3 -1.346567e-13 0.000000e+00
102 214 1.646023e-03 2.608770e-03 3 3 3 3 -5.712934e-14 0.000000e+00
102 215 1.646023e-03 3.284247e-03 3 3 3 3 3.894203e-14 0.000000e+00
102 216 1.646023e-03 4.134622e-03 3 3 3 3 9.502968e-14 0.000000e+00
102 217 1.646023e-03 5.205181e-03 3 3 3 3 1.177232e-13 0.000000e+00
102 218 1.646023e-03 6.552935e-03 3 3 3 3 1.214383e-13 0.000000e+00
102 219 1.646023e-03 8.249656e-03 3 3 3 3 1.166078e-13 0.000000e+00
103 209 2.072220e-03 8.249656e-04 3 3 3 3 3.420362e-16 0.000000e+00
103 210 2.072220e-03 1.038570e-03 3 3 3 3 9.672202e-16 0.000000e+00
103 211 2.072220e-03 1.307482e-03 3 3 3 3 2.953998e-15 0.000000e+00
103 212 2.072220e-03 1.646023e-03 3 3 3 3 1.035458e-14 0.000000e+00
103 213 2.072220e-03 2.072220e-03 3 3 3 3 -2.546343e-14 0.000000e+00
103 214 2.072220e-03 2.608770e-03 3 3 3 3 -1.197151e-13 0.000000e+00
103 215 2.072220e-03 3.284247e-03 3 3 3 3 -4.916565e-14 0.000000e+00
103 216 2.072220e-03 4.134622e-03 3 3 3 3 3.374969e-14 0.000000e+00
103 217 2.072220e-03 5.205181e-03 3 3 3 3 8.105667e-14 0.000000e+00
103 218 2.072220e-03 6.552935e-03 3 3 3 3 1.005578e-13 0.000000e+00
103 219 2.072220e-03 8.249656e-03 3 3 3 3 1.048481e-13 0.000000e+00
104 209 2.608770e-03 8.249656e-04 3 3 3 3 1.102131e-16 0.000000e+00
104 210 2.608770e-03 1.038570e-03 3 3 3 3 2.963349e-16 0.000000e+00
104 211 2.608770e-03 1.307482e-03 3 3 3 3 8.498752e-16 0.000000e+00
104 212 2.608770e-03 1.646023e-03 3 3 3 3 2.681506e-15 0.000000e+00
104 213 2.608770e-03 2.072220e-03 3 3 3 3 1.021261e-14 0.000000e+00
104 214 2.608770e-03 2.608770e-03 3 3 3 3 -1.965947e-14 0.000000e+00
104 215 2.608770e-03 3.284247e-03 3 3 3 3 -1.046280e-13 0.000000e+00
104 216 2.608770e-03 4.134622e-03 3 3 3 3 -4.145372e-14 0.000000e+00
104 217 2.608770e-03 5.205181e-03 3 3 3 3 2.940414e-14 0.000000e+00
104 218 2.608770e-03 6.552935e-03 3 3 3 3 6.954101e-14 0.000000e+00
104 219 2.608770e-03 8.249656e-03 3 3 3 3 8.692419e-14 0.000000e+00
105 209 3.284247e-03 8.249656e-04 3 3 3 3 3.431954e-17 0.000000e+00
105 210 3.284247e-03 1.038570e-03 3 3 3 3 8.751834e-17 0.000000e+00
105 211 3.284247e-03 1.307482e-03 3 3 3 3 2.413955e-16 0.000000e+00
105 212 3.284247e-03 1.646023e-03 3 3 3 3 7.044005e-16 0.000000e+00
105 213 3.284247e-03 2.072220e-03 3 3 3 3 2.296769e-15 0.000000e+00
105 214 3.284247e-03 2.608770e-03 3 3 3 3 9.517298e-15 0.000000e+00
105 215 3.284247e-03 3.284247e-03 3 3 3 3 -1.490512e-14 0.000000e+00
105 216 3.284247e-03 4.134622e-03 3 3 3 3 -9.016129e-14 0.000000e+00
105 217 3.284247e-03 5.205181e-03 3 3 3 3 -3.440927e-14 0.000000e+00
105 218 3.284247e-03 6.552935e-03 3 3 3 3 2.584733e-14 0.000000e+00
105 219 3.284247e-03 8.249656e-03 3 3 3 3 6.034695e-14 0.000000e+00
106 209 4.134622e-03 8.249656e-04 3 3 3 3 1.116646e-17 0.000000e+00
106 210 4.134622e-03 1.038570e-03 3 3 3 3 2.519214e-17 0.000000e+00
106 211 4.134622e-03 1.307482e-03 3 3 3 3 6.726538e-17 0.000000e+00
106 212 4.134622e-03 1.646023e-03 3 3 3 3 1.867848e-16 0.000000e+00
106 213 4.134622e-03 2.072220e-03 3 3 3 3 5.527952e-16 0.000000e+00
106 214 4.134622e-03 2.608770e-03 3 3 3 3 1.862954e-15 0.000000e+00
106 215 4.134622e-03 3.284247e-03 3 3 3 3 8.425676e-15 0.000000e+00
106 216 4.134622e-03 4.134622e-03 3 3 3 3 -1.127364e-14 0.000000e+00
106 217 4.134622e-03 5.205181e-03 3 3 3 3 -7.690245e-14 0.000000e+00
106 218 4.134622e-03 6.552935e-03 3 3 3 3 -2.829818e-14 0.000000e+00
106 219 4.134622e-03 8.249656e-03 3 3 3 3 2.299404e-14 0.000000e+00
107 209 5.205181e-03 8.249656e-04 3 3 3 3 3.569222e-18 0.000000e+00
107 210 5.205181e-03 1.038570e-03 3 3 3 3 6.697000e-18 0.000000e+00
107 211 5.205181e-03 1.307482e-03 3 3 3 3 1.795109e-17 0.000000e+00
107 212 5.205181e-03 1.646023e-03 3 3 3 3 4.900084e-17 0.000000e+00
107 213 5.205181e-03 2.072220e-03 3 3 3 3 1.364989e-16 0.000000e+00
107 214 5.205181e-03 2.608770e-03 3 3 3 3 4.117157e-16 0.000000e+00
107 215 5.205181e-03 3.284247e-03 3 3 3 3 1.435065e-15 0.000000e+00
107 216 5.205181e-03 4.134622e-03 3 3 3 3 7.115044e-15 0.000000e+00
107 217 5.205181e-03 5.205181e-03 3 3 3 3 -8.713424e-15 0.000000e+00
107 218 5.205181e-03 6.552935e-03 3 3 3 3 -6.523677e-14 0.000000e+00
107 219 5.205181e-03 8.249656e-03 3 3 3 3 -2.323802e-14 0.000000e+00
108 209 6.552935e-03 8.249656e-04 3 3 3 3 1.964553e-18 0.000000e+00
108 210 6.552935e-03 1.038570e-03 3 3 3 3 1.421219e-18 0.000000e+00
108 211 6.552935e-03 1.307482e-03 3 3 3 3 4.655052e-18 0.000000e+00
108 212 6.552935e-03 1.646023e-03 3 3 3 3 1.246482e-17 0.000000e+00
108 213 6.552935e-03 2.072220e-03 3 3 3 3 3.336046e-17 0.000000e+00
108 214 6.552935e-03 2.608770e-03 3 3 3 3 9.464486e-17 0.000000e+00
108 215 6.552935e-03 3.284247e-03 3 3 3 3 2.906228e-16 0.000000e+00
108 216 6.552935e-03 4.134622e-03 3 3 3 3 1.050065e-15 0.000000e+00
108 217 6.552935e-03 5.205181e-03 3 3 3 3 5.747164e-15 0.000000e+00
108 218 6.552935e-03 6.552935e-03 3 3 3 3 -7.081974e-15 0.000000e+00
108 219 6.552935e-03 8.249656e-03 3 3 3 3 -5.534969e-14 0.000000e+00
109 209 8.249656e-03 8.249656e-04 3 3 3 3 1.199659e-18 0.000000e+00
109 210 8.249656e-03 1.038570e-03 3 3 3 3 8.608096e-20 0.000000e+00
109 211 8.249656e-03 1.307482e-03 3 3 3 3 1.167690e-18 0.000000e+00
109 212 8.249656e-03 1.646023e-03 3 3 3 3 3.076296e-18 0.000000e+00
109 213 8.249656e-03 2.072220e-03 3 3 3 3 8.117785e-18 0.000000e+00
109 214 8.249656e-03 2.608770e-03 3 3 3 3 2.176370e-17 0.000000e+00
109 215 8.249656e-03 3.284247e-03 3 3 3 3 6.206129e-17 0.000000e+00
109 216 8.249656e-03 4.134622e-03 3 3 3 3 1.943887e-16 0.000000e+00
109 217 8.249656e-03 5.205181e-03 3 3 3 3 7.298766e-16 0.000000e+00
109 218 8.249656e-03 6.552935e-03 3 3 3 3 4.449184e-15 0.000000e+00
109 219 8.249656e-03 8.249656e-03 3 3 3 3 -6.190370e-15 0.000000e+00
