# Please cite the following papers in research using this covariance:
# arXiv: 1601.05779, https://arxiv.org/abs/1601.05779
# arXiv: 1911.11947, https://arxiv.org/abs/1911.11947
# arXiv: 2004.04833, https://arxiv.org/abs/2004.04833
# arXiv: 1804.10663, https://arxiv.org/abs/1804.10663
########################################################
11 55 8.249656e-04 8.249656e-04 0 1 1 2 1.030545e-13 0.000000e+00
11 56 8.249656e-04 1.038570e-03 0 1 1 2 9.285239e-14 0.000000e+00
11 57 8.249656e-04 1.307482e-03 0 1 1 2 8.128694e-14 0.000000e+00
11 58 8.249656e-04 1.646023e-03 0 1 1 2 7.158832e-14 0.000000e+00
11 59 8.249656e-04 2.072220e-03 0 1 1 2 6.362839e-14 0.000000e+00
11 60 8.249656e-04 2.608770e-03 0 1 1 2 5.711112e-14 0.000000e+00
11 61 8.249656e-04 3.284247e-03 0 1 1 2 5.173051e-14 0.000000e+00
11 62 8.249656e-04 4.134622e-03 0 1 1 2 4.720622e-14 0.000000e+00
11 63 8.249656e-04 5.205181e-03 0 1 1 2 4.329559e-14 0.000000e+00
11 64 8.249656e-04 6.552935e-03 0 1 1 2 3.979673e-14 0.000000e+00
11 65 8.249656e-04 8.249656e-03 0 1 1 2 3.654781e-14 0.000000e+00
12 55 1.038570e-03 8.249656e-04 0 1 1 2 9.285239e-14 0.000000e+00
12 56 1.038570e-03 1.038570e-03 0 1 1 2 9.275990e-14 0.000000e+00
12 57 1.038570e-03 1.307482e-03 0 1 1 2 8.321372e-14 0.000000e+00
12 58 1.038570e-03 1.646023e-03 0 1 1 2 7.270883e-14 0.000000e+00
12 59 1.038570e-03 2.072220e-03 0 1 1 2 6.422479e-14 0.000000e+00
12 60 1.038570e-03 2.608770e-03 0 1 1 2 5.741290e-14 0.000000e+00
12 61 1.038570e-03 3.284247e-03 0 1 1 2 5.187609e-14 0.000000e+00
12 62 1.038570e-03 4.134622e-03 0 1 1 2 4.727278e-14 0.000000e+00
12 63 1.038570e-03 5.205181e-03 0 1 1 2 4.332396e-14 0.000000e+00
12 64 1.038570e-03 6.552935e-03 0 1 1 2 3.980758e-14 0.000000e+00
12 65 1.038570e-03 8.249656e-03 0 1 1 2 3.655117e-14 0.000000e+00
13 55 1.307482e-03 8.249656e-04 0 1 1 2 8.128694e-14 0.000000e+00
13 56 1.307482e-03 1.038570e-03 0 1 1 2 8.321372e-14 0.000000e+00
13 57 1.307482e-03 1.307482e-03 0 1 1 2 8.355337e-14 0.000000e+00
13 58 1.307482e-03 1.646023e-03 0 1 1 2 7.469947e-14 0.000000e+00
13 59 1.307482e-03 2.072220e-03 0 1 1 2 6.527448e-14 0.000000e+00
13 60 1.307482e-03 2.608770e-03 0 1 1 2 5.793087e-14 0.000000e+00
13 61 1.307482e-03 3.284247e-03 0 1 1 2 5.212092e-14 0.000000e+00
13 62 1.307482e-03 4.134622e-03 0 1 1 2 4.738313e-14 0.000000e+00
13 63 1.307482e-03 5.205181e-03 0 1 1 2 4.337061e-14 0.000000e+00
13 64 1.307482e-03 6.552935e-03 0 1 1 2 3.982546e-14 0.000000e+00
13 65 1.307482e-03 8.249656e-03 0 1 1 2 3.655685e-14 0.000000e+00
14 55 1.646023e-03 8.249656e-04 0 1 1 2 7.158832e-14 0.000000e+00
14 56 1.646023e-03 1.038570e-03 0 1 1 2 7.270883e-14 0.000000e+00
14 57 1.646023e-03 1.307482e-03 0 1 1 2 7.469947e-14 0.000000e+00
14 58 1.646023e-03 1.646023e-03 0 1 1 2 7.538447e-14 0.000000e+00
14 59 1.646023e-03 2.072220e-03 0 1 1 2 6.723505e-14 0.000000e+00
14 60 1.646023e-03 2.608770e-03 0 1 1 2 5.886727e-14 0.000000e+00
14 61 1.646023e-03 3.284247e-03 0 1 1 2 5.254805e-14 0.000000e+00
14 62 1.646023e-03 4.134622e-03 0 1 1 2 4.757065e-14 0.000000e+00
14 63 1.646023e-03 5.205181e-03 0 1 1 2 4.344848e-14 0.000000e+00
14 64 1.646023e-03 6.552935e-03 0 1 1 2 3.985494e-14 0.000000e+00
14 65 1.646023e-03 8.249656e-03 0 1 1 2 3.656617e-14 0.000000e+00
15 55 2.072220e-03 8.249656e-04 0 1 1 2 6.362839e-14 0.000000e+00
15 56 2.072220e-03 1.038570e-03 0 1 1 2 6.422479e-14 0.000000e+00
15 57 2.072220e-03 1.307482e-03 0 1 1 2 6.527448e-14 0.000000e+00
15 58 2.072220e-03 1.646023e-03 0 1 1 2 6.723505e-14 0.000000e+00
15 59 2.072220e-03 2.072220e-03 0 1 1 2 6.816561e-14 0.000000e+00
15 60 2.072220e-03 2.608770e-03 0 1 1 2 6.071400e-14 0.000000e+00
15 61 2.072220e-03 3.284247e-03 0 1 1 2 5.334348e-14 0.000000e+00
15 62 2.072220e-03 4.134622e-03 0 1 1 2 4.790401e-14 0.000000e+00
15 63 2.072220e-03 5.205181e-03 0 1 1 2 4.358269e-14 0.000000e+00
15 64 2.072220e-03 6.552935e-03 0 1 1 2 3.990481e-14 0.000000e+00
15 65 2.072220e-03 8.249656e-03 0 1 1 2 3.658180e-14 0.000000e+00
16 55 2.608770e-03 8.249656e-04 0 1 1 2 5.711112e-14 0.000000e+00
16 56 2.608770e-03 1.038570e-03 0 1 1 2 5.741290e-14 0.000000e+00
16 57 2.608770e-03 1.307482e-03 0 1 1 2 5.793087e-14 0.000000e+00
16 58 2.608770e-03 1.646023e-03 0 1 1 2 5.886727e-14 0.000000e+00
16 59 2.608770e-03 2.072220e-03 0 1 1 2 6.071400e-14 0.000000e+00
16 60 2.608770e-03 2.608770e-03 0 1 1 2 6.178681e-14 0.000000e+00
16 61 2.608770e-03 3.284247e-03 0 1 1 2 5.500962e-14 0.000000e+00
16 62 2.608770e-03 4.134622e-03 0 1 1 2 4.854607e-14 0.000000e+00
16 63 2.608770e-03 5.205181e-03 0 1 1 2 4.382703e-14 0.000000e+00
16 64 2.608770e-03 6.552935e-03 0 1 1 2 3.999265e-14 0.000000e+00
16 65 2.608770e-03 8.249656e-03 0 1 1 2 3.660896e-14 0.000000e+00
17 55 3.284247e-03 8.249656e-04 0 1 1 2 5.173051e-14 0.000000e+00
17 56 3.284247e-03 1.038570e-03 0 1 1 2 5.187609e-14 0.000000e+00
17 57 3.284247e-03 1.307482e-03 0 1 1 2 5.212092e-14 0.000000e+00
17 58 3.284247e-03 1.646023e-03 0 1 1 2 5.254805e-14 0.000000e+00
17 59 3.284247e-03 2.072220e-03 0 1 1 2 5.334348e-14 0.000000e+00
17 60 3.284247e-03 2.608770e-03 0 1 1 2 5.500962e-14 0.000000e+00
17 61 3.284247e-03 3.284247e-03 0 1 1 2 5.612603e-14 0.000000e+00
17 62 3.284247e-03 4.134622e-03 0 1 1 2 4.998580e-14 0.000000e+00
17 63 3.284247e-03 5.205181e-03 0 1 1 2 4.431697e-14 0.000000e+00
17 64 3.284247e-03 6.552935e-03 0 1 1 2 4.015794e-14 0.000000e+00
17 65 3.284247e-03 8.249656e-03 0 1 1 2 3.665871e-14 0.000000e+00
18 55 4.134622e-03 8.249656e-04 0 1 1 2 4.720622e-14 0.000000e+00
18 56 4.134622e-03 1.038570e-03 0 1 1 2 4.727278e-14 0.000000e+00
18 57 4.134622e-03 1.307482e-03 0 1 1 2 4.738313e-14 0.000000e+00
18 58 4.134622e-03 1.646023e-03 0 1 1 2 4.757065e-14 0.000000e+00
18 59 4.134622e-03 2.072220e-03 0 1 1 2 4.790401e-14 0.000000e+00
18 60 4.134622e-03 2.608770e-03 0 1 1 2 4.854607e-14 0.000000e+00
18 61 4.134622e-03 3.284247e-03 0 1 1 2 4.998580e-14 0.000000e+00
18 62 4.134622e-03 4.134622e-03 0 1 1 2 5.105883e-14 0.000000e+00
18 63 4.134622e-03 5.205181e-03 0 1 1 2 4.550684e-14 0.000000e+00
18 64 4.134622e-03 6.552935e-03 0 1 1 2 4.050750e-14 0.000000e+00
18 65 4.134622e-03 8.249656e-03 0 1 1 2 3.675788e-14 0.000000e+00
19 55 5.205181e-03 8.249656e-04 0 1 1 2 4.329559e-14 0.000000e+00
19 56 5.205181e-03 1.038570e-03 0 1 1 2 4.332396e-14 0.000000e+00
19 57 5.205181e-03 1.307482e-03 0 1 1 2 4.337061e-14 0.000000e+00
19 58 5.205181e-03 1.646023e-03 0 1 1 2 4.344848e-14 0.000000e+00
19 59 5.205181e-03 2.072220e-03 0 1 1 2 4.358269e-14 0.000000e+00
19 60 5.205181e-03 2.608770e-03 0 1 1 2 4.382703e-14 0.000000e+00
19 61 5.205181e-03 3.284247e-03 0 1 1 2 4.431697e-14 0.000000e+00
19 62 5.205181e-03 4.134622e-03 0 1 1 2 4.550684e-14 0.000000e+00
19 63 5.205181e-03 5.205181e-03 0 1 1 2 4.646595e-14 0.000000e+00
19 64 5.205181e-03 6.552935e-03 0 1 1 2 4.144458e-14 0.000000e+00
19 65 5.205181e-03 8.249656e-03 0 1 1 2 3.698580e-14 0.000000e+00
20 55 6.552935e-03 8.249656e-04 0 1 1 2 3.979673e-14 0.000000e+00
20 56 6.552935e-03 1.038570e-03 0 1 1 2 3.980758e-14 0.000000e+00
20 57 6.552935e-03 1.307482e-03 0 1 1 2 3.982546e-14 0.000000e+00
20 58 6.552935e-03 1.646023e-03 0 1 1 2 3.985494e-14 0.000000e+00
20 59 6.552935e-03 2.072220e-03 0 1 1 2 3.990481e-14 0.000000e+00
20 60 6.552935e-03 2.608770e-03 0 1 1 2 3.999265e-14 0.000000e+00
20 61 6.552935e-03 3.284247e-03 0 1 1 2 4.015794e-14 0.000000e+00
20 62 6.552935e-03 4.134622e-03 0 1 1 2 4.050750e-14 0.000000e+00
20 63 6.552935e-03 5.205181e-03 0 1 1 2 4.144458e-14 0.000000e+00
20 64 6.552935e-03 6.552935e-03 0 1 1 2 4.223845e-14 0.000000e+00
20 65 6.552935e-03 8.249656e-03 0 1 1 2 3.768423e-14 0.000000e+00
21 55 8.249656e-03 8.249656e-04 0 1 1 2 3.654781e-14 0.000000e+00
21 56 8.249656e-03 1.038570e-03 0 1 1 2 3.655117e-14 0.000000e+00
21 57 8.249656e-03 1.307482e-03 0 1 1 2 3.655685e-14 0.000000e+00
21 58 8.249656e-03 1.646023e-03 0 1 1 2 3.656617e-14 0.000000e+00
21 59 8.249656e-03 2.072220e-03 0 1 1 2 3.658180e-14 0.000000e+00
21 60 8.249656e-03 2.608770e-03 0 1 1 2 3.660896e-14 0.000000e+00
21 61 8.249656e-03 3.284247e-03 0 1 1 2 3.665871e-14 0.000000e+00
21 62 8.249656e-03 4.134622e-03 0 1 1 2 3.675788e-14 0.000000e+00
21 63 8.249656e-03 5.205181e-03 0 1 1 2 3.698580e-14 0.000000e+00
21 64 8.249656e-03 6.552935e-03 0 1 1 2 3.768423e-14 0.000000e+00
21 65 8.249656e-03 8.249656e-03 0 1 1 2 3.828170e-14 0.000000e+00
