# Please cite the following papers in research using this covariance:
# arXiv: 1601.05779, https://arxiv.org/abs/1601.05779
# arXiv: 1911.11947, https://arxiv.org/abs/1911.11947
# arXiv: 2004.04833, https://arxiv.org/abs/2004.04833
# arXiv: 1804.10663, https://arxiv.org/abs/1804.10663
########################################################
0 44 8.249656e-04 8.249656e-04 0 0 1 1 1.701819e-14 0.000000e+00
0 45 8.249656e-04 1.038570e-03 0 0 1 1 1.688386e-14 0.000000e+00
0 46 8.249656e-04 1.307482e-03 0 0 1 1 1.668927e-14 0.000000e+00
0 47 8.249656e-04 1.646023e-03 0 0 1 1 1.643329e-14 0.000000e+00
0 48 8.249656e-04 2.072220e-03 0 0 1 1 1.611967e-14 0.000000e+00
0 49 8.249656e-04 2.608770e-03 0 0 1 1 1.575500e-14 0.000000e+00
0 50 8.249656e-04 3.284247e-03 0 0 1 1 1.534623e-14 0.000000e+00
0 51 8.249656e-04 4.134622e-03 0 0 1 1 1.489832e-14 0.000000e+00
0 52 8.249656e-04 5.205181e-03 0 0 1 1 1.441223e-14 0.000000e+00
0 53 8.249656e-04 6.552935e-03 0 0 1 1 1.388375e-14 0.000000e+00
0 54 8.249656e-04 8.249656e-03 0 0 1 1 1.330358e-14 0.000000e+00
1 44 1.038570e-03 8.249656e-04 0 0 1 1 1.688386e-14 0.000000e+00
1 45 1.038570e-03 1.038570e-03 0 0 1 1 1.678604e-14 0.000000e+00
1 46 1.038570e-03 1.307482e-03 0 0 1 1 1.662626e-14 0.000000e+00
1 47 1.038570e-03 1.646023e-03 0 0 1 1 1.639559e-14 0.000000e+00
1 48 1.038570e-03 2.072220e-03 0 0 1 1 1.609831e-14 0.000000e+00
1 49 1.038570e-03 2.608770e-03 0 0 1 1 1.574319e-14 0.000000e+00
1 50 1.038570e-03 3.284247e-03 0 0 1 1 1.533951e-14 0.000000e+00
1 51 1.038570e-03 4.134622e-03 0 0 1 1 1.489412e-14 0.000000e+00
1 52 1.038570e-03 5.205181e-03 0 0 1 1 1.440924e-14 0.000000e+00
1 53 1.038570e-03 6.552935e-03 0 0 1 1 1.388142e-14 0.000000e+00
1 54 1.038570e-03 8.249656e-03 0 0 1 1 1.330171e-14 0.000000e+00
2 44 1.307482e-03 8.249656e-04 0 0 1 1 1.668927e-14 0.000000e+00
2 45 1.307482e-03 1.038570e-03 0 0 1 1 1.662626e-14 0.000000e+00
2 46 1.307482e-03 1.307482e-03 0 0 1 1 1.651562e-14 0.000000e+00
2 47 1.307482e-03 1.646023e-03 0 0 1 1 1.632943e-14 0.000000e+00
2 48 1.307482e-03 2.072220e-03 0 0 1 1 1.606146e-14 0.000000e+00
2 49 1.307482e-03 2.608770e-03 0 0 1 1 1.572330e-14 0.000000e+00
2 50 1.307482e-03 3.284247e-03 0 0 1 1 1.532851e-14 0.000000e+00
2 51 1.307482e-03 4.134622e-03 0 0 1 1 1.488742e-14 0.000000e+00
2 52 1.307482e-03 5.205181e-03 0 0 1 1 1.440458e-14 0.000000e+00
2 53 1.307482e-03 6.552935e-03 0 0 1 1 1.387784e-14 0.000000e+00
2 54 1.307482e-03 8.249656e-03 0 0 1 1 1.329887e-14 0.000000e+00
3 44 1.646023e-03 8.249656e-04 0 0 1 1 1.643329e-14 0.000000e+00
3 45 1.646023e-03 1.038570e-03 0 0 1 1 1.639559e-14 0.000000e+00
3 46 1.646023e-03 1.307482e-03 0 0 1 1 1.632943e-14 0.000000e+00
3 47 1.646023e-03 1.646023e-03 0 0 1 1 1.620742e-14 0.000000e+00
3 48 1.646023e-03 2.072220e-03 0 0 1 1 1.599417e-14 0.000000e+00
3 49 1.646023e-03 2.608770e-03 0 0 1 1 1.568812e-14 0.000000e+00
3 50 1.646023e-03 3.284247e-03 0 0 1 1 1.530977e-14 0.000000e+00
3 51 1.646023e-03 4.134622e-03 0 0 1 1 1.487641e-14 0.000000e+00
3 52 1.646023e-03 5.205181e-03 0 0 1 1 1.439710e-14 0.000000e+00
3 53 1.646023e-03 6.552935e-03 0 0 1 1 1.387214e-14 0.000000e+00
3 54 1.646023e-03 8.249656e-03 0 0 1 1 1.329435e-14 0.000000e+00
4 44 2.072220e-03 8.249656e-04 0 0 1 1 1.611967e-14 0.000000e+00
4 45 2.072220e-03 1.038570e-03 0 0 1 1 1.609831e-14 0.000000e+00
4 46 2.072220e-03 1.307482e-03 0 0 1 1 1.606146e-14 0.000000e+00
4 47 2.072220e-03 1.646023e-03 0 0 1 1 1.599417e-14 0.000000e+00
4 48 2.072220e-03 2.072220e-03 0 0 1 1 1.586238e-14 0.000000e+00
4 49 2.072220e-03 2.608770e-03 0 0 1 1 1.562123e-14 0.000000e+00
4 50 2.072220e-03 3.284247e-03 0 0 1 1 1.527617e-14 0.000000e+00
4 51 2.072220e-03 4.134622e-03 0 0 1 1 1.485776e-14 0.000000e+00
4 52 2.072220e-03 5.205181e-03 0 0 1 1 1.438490e-14 0.000000e+00
4 53 2.072220e-03 6.552935e-03 0 0 1 1 1.386301e-14 0.000000e+00
4 54 2.072220e-03 8.249656e-03 0 0 1 1 1.328715e-14 0.000000e+00
5 44 2.608770e-03 8.249656e-04 0 0 1 1 1.575500e-14 0.000000e+00
5 45 2.608770e-03 1.038570e-03 0 0 1 1 1.574319e-14 0.000000e+00
5 46 2.608770e-03 1.307482e-03 0 0 1 1 1.572330e-14 0.000000e+00
5 47 2.608770e-03 1.646023e-03 0 0 1 1 1.568812e-14 0.000000e+00
5 48 2.608770e-03 2.072220e-03 0 0 1 1 1.562123e-14 0.000000e+00
5 49 2.608770e-03 2.608770e-03 0 0 1 1 1.548082e-14 0.000000e+00
5 50 2.608770e-03 3.284247e-03 0 0 1 1 1.521018e-14 0.000000e+00
5 51 2.608770e-03 4.134622e-03 0 0 1 1 1.482452e-14 0.000000e+00
5 52 2.608770e-03 5.205181e-03 0 0 1 1 1.436467e-14 0.000000e+00
5 53 2.608770e-03 6.552935e-03 0 0 1 1 1.384837e-14 0.000000e+00
5 54 2.608770e-03 8.249656e-03 0 0 1 1 1.327573e-14 0.000000e+00
6 44 3.284247e-03 8.249656e-04 0 0 1 1 1.534623e-14 0.000000e+00
6 45 3.284247e-03 1.038570e-03 0 0 1 1 1.533951e-14 0.000000e+00
6 46 3.284247e-03 1.307482e-03 0 0 1 1 1.532851e-14 0.000000e+00
6 47 3.284247e-03 1.646023e-03 0 0 1 1 1.530977e-14 0.000000e+00
6 48 3.284247e-03 2.072220e-03 0 0 1 1 1.527617e-14 0.000000e+00
6 49 3.284247e-03 2.608770e-03 0 0 1 1 1.521018e-14 0.000000e+00
6 50 3.284247e-03 3.284247e-03 0 0 1 1 1.506126e-14 0.000000e+00
6 51 3.284247e-03 4.134622e-03 0 0 1 1 1.475843e-14 0.000000e+00
6 52 3.284247e-03 5.205181e-03 0 0 1 1 1.432948e-14 0.000000e+00
6 53 3.284247e-03 6.552935e-03 0 0 1 1 1.382455e-14 0.000000e+00
6 54 3.284247e-03 8.249656e-03 0 0 1 1 1.325750e-14 0.000000e+00
7 44 4.134622e-03 8.249656e-04 0 0 1 1 1.489832e-14 0.000000e+00
7 45 4.134622e-03 1.038570e-03 0 0 1 1 1.489412e-14 0.000000e+00
7 46 4.134622e-03 1.307482e-03 0 0 1 1 1.488742e-14 0.000000e+00
7 47 4.134622e-03 1.646023e-03 0 0 1 1 1.487641e-14 0.000000e+00
7 48 4.134622e-03 2.072220e-03 0 0 1 1 1.485776e-14 0.000000e+00
7 49 4.134622e-03 2.608770e-03 0 0 1 1 1.482452e-14 0.000000e+00
7 50 4.134622e-03 3.284247e-03 0 0 1 1 1.475843e-14 0.000000e+00
7 51 4.134622e-03 4.134622e-03 0 0 1 1 1.459978e-14 0.000000e+00
7 52 4.134622e-03 5.205181e-03 0 0 1 1 1.426081e-14 0.000000e+00
7 53 4.134622e-03 6.552935e-03 0 0 1 1 1.378446e-14 0.000000e+00
7 54 4.134622e-03 8.249656e-03 0 0 1 1 1.322825e-14 0.000000e+00
8 44 5.205181e-03 8.249656e-04 0 0 1 1 1.441223e-14 0.000000e+00
8 45 5.205181e-03 1.038570e-03 0 0 1 1 1.440924e-14 0.000000e+00
8 46 5.205181e-03 1.307482e-03 0 0 1 1 1.440458e-14 0.000000e+00
8 47 5.205181e-03 1.646023e-03 0 0 1 1 1.439710e-14 0.000000e+00
8 48 5.205181e-03 2.072220e-03 0 0 1 1 1.438490e-14 0.000000e+00
8 49 5.205181e-03 2.608770e-03 0 0 1 1 1.436467e-14 0.000000e+00
8 50 5.205181e-03 3.284247e-03 0 0 1 1 1.432948e-14 0.000000e+00
8 51 5.205181e-03 4.134622e-03 0 0 1 1 1.426081e-14 0.000000e+00
8 52 5.205181e-03 5.205181e-03 0 0 1 1 1.408976e-14 0.000000e+00
8 53 5.205181e-03 6.552935e-03 0 0 1 1 1.370959e-14 0.000000e+00
8 54 5.205181e-03 8.249656e-03 0 0 1 1 1.318033e-14 0.000000e+00
9 44 6.552935e-03 8.249656e-04 0 0 1 1 1.388375e-14 0.000000e+00
9 45 6.552935e-03 1.038570e-03 0 0 1 1 1.388142e-14 0.000000e+00
9 46 6.552935e-03 1.307482e-03 0 0 1 1 1.387784e-14 0.000000e+00
9 47 6.552935e-03 1.646023e-03 0 0 1 1 1.387214e-14 0.000000e+00
9 48 6.552935e-03 2.072220e-03 0 0 1 1 1.386301e-14 0.000000e+00
9 49 6.552935e-03 2.608770e-03 0 0 1 1 1.384837e-14 0.000000e+00
9 50 6.552935e-03 3.284247e-03 0 0 1 1 1.382455e-14 0.000000e+00
9 51 6.552935e-03 4.134622e-03 0 0 1 1 1.378446e-14 0.000000e+00
9 52 6.552935e-03 5.205181e-03 0 0 1 1 1.370959e-14 0.000000e+00
9 53 6.552935e-03 6.552935e-03 0 0 1 1 1.352228e-14 0.000000e+00
9 54 6.552935e-03 8.249656e-03 0 0 1 1 1.309519e-14 0.000000e+00
10 44 8.249656e-03 8.249656e-04 0 0 1 1 1.330358e-14 0.000000e+00
10 45 8.249656e-03 1.038570e-03 0 0 1 1 1.330171e-14 0.000000e+00
10 46 8.249656e-03 1.307482e-03 0 0 1 1 1.329887e-14 0.000000e+00
10 47 8.249656e-03 1.646023e-03 0 0 1 1 1.329435e-14 0.000000e+00
10 48 8.249656e-03 2.072220e-03 0 0 1 1 1.328715e-14 0.000000e+00
10 49 8.249656e-03 2.608770e-03 0 0 1 1 1.327573e-14 0.000000e+00
10 50 8.249656e-03 3.284247e-03 0 0 1 1 1.325750e-14 0.000000e+00
10 51 8.249656e-03 4.134622e-03 0 0 1 1 1.322825e-14 0.000000e+00
10 52 8.249656e-03 5.205181e-03 0 0 1 1 1.318033e-14 0.000000e+00
10 53 8.249656e-03 6.552935e-03 0 0 1 1 1.309519e-14 0.000000e+00
10 54 8.249656e-03 8.249656e-03 0 0 1 1 1.288718e-14 0.000000e+00
