# Please cite the following papers in research using this covariance:
# arXiv: 1601.05779, https://arxiv.org/abs/1601.05779
# arXiv: 1911.11947, https://arxiv.org/abs/1911.11947
# arXiv: 2004.04833, https://arxiv.org/abs/2004.04833
# arXiv: 1804.10663, https://arxiv.org/abs/1804.10663
########################################################
22 88 8.249656e-04 8.249656e-04 0 2 2 3 1.645917e-13 0.000000e+00
22 89 8.249656e-04 1.038570e-03 0 2 2 3 1.528346e-13 0.000000e+00
22 90 8.249656e-04 1.307482e-03 0 2 2 3 1.395852e-13 0.000000e+00
22 91 8.249656e-04 1.646023e-03 0 2 2 3 1.283251e-13 0.000000e+00
22 92 8.249656e-04 2.072220e-03 0 2 2 3 1.187798e-13 0.000000e+00
22 93 8.249656e-04 2.608770e-03 0 2 2 3 1.105850e-13 0.000000e+00
22 94 8.249656e-04 3.284247e-03 0 2 2 3 1.033931e-13 0.000000e+00
22 95 8.249656e-04 4.134622e-03 0 2 2 3 9.688524e-14 0.000000e+00
22 96 8.249656e-04 5.205181e-03 0 2 2 3 9.077534e-14 0.000000e+00
22 97 8.249656e-04 6.552935e-03 0 2 2 3 8.481304e-14 0.000000e+00
22 98 8.249656e-04 8.249656e-03 0 2 2 3 7.878752e-14 0.000000e+00
23 88 1.038570e-03 8.249656e-04 0 2 2 3 1.528346e-13 0.000000e+00
23 89 1.038570e-03 1.038570e-03 0 2 2 3 1.526478e-13 0.000000e+00
23 90 1.038570e-03 1.307482e-03 0 2 2 3 1.415764e-13 0.000000e+00
23 91 1.038570e-03 1.646023e-03 0 2 2 3 1.294147e-13 0.000000e+00
23 92 1.038570e-03 2.072220e-03 0 2 2 3 1.193336e-13 0.000000e+00
23 93 1.038570e-03 2.608770e-03 0 2 2 3 1.108496e-13 0.000000e+00
23 94 1.038570e-03 3.284247e-03 0 2 2 3 1.035086e-13 0.000000e+00
23 95 1.038570e-03 4.134622e-03 0 2 2 3 9.692796e-14 0.000000e+00
23 96 1.038570e-03 5.205181e-03 0 2 2 3 9.078522e-14 0.000000e+00
23 97 1.038570e-03 6.552935e-03 0 2 2 3 8.480999e-14 0.000000e+00
23 98 1.038570e-03 8.249656e-03 0 2 2 3 7.878091e-14 0.000000e+00
24 88 1.307482e-03 8.249656e-04 0 2 2 3 1.395852e-13 0.000000e+00
24 89 1.307482e-03 1.038570e-03 0 2 2 3 1.415764e-13 0.000000e+00
24 90 1.307482e-03 1.307482e-03 0 2 2 3 1.417737e-13 0.000000e+00
24 91 1.307482e-03 1.646023e-03 0 2 2 3 1.314099e-13 0.000000e+00
24 92 1.307482e-03 2.072220e-03 0 2 2 3 1.203222e-13 0.000000e+00
24 93 1.307482e-03 2.608770e-03 0 2 2 3 1.113090e-13 0.000000e+00
24 94 1.307482e-03 3.284247e-03 0 2 2 3 1.037057e-13 0.000000e+00
24 95 1.307482e-03 4.134622e-03 0 2 2 3 9.700049e-14 0.000000e+00
24 96 1.307482e-03 5.205181e-03 0 2 2 3 9.080258e-14 0.000000e+00
24 97 1.307482e-03 6.552935e-03 0 2 2 3 8.480588e-14 0.000000e+00
24 98 1.307482e-03 8.249656e-03 0 2 2 3 7.877084e-14 0.000000e+00
25 88 1.646023e-03 8.249656e-04 0 2 2 3 1.283251e-13 0.000000e+00
25 89 1.646023e-03 1.038570e-03 0 2 2 3 1.294147e-13 0.000000e+00
25 90 1.646023e-03 1.307482e-03 0 2 2 3 1.314099e-13 0.000000e+00
25 91 1.646023e-03 1.646023e-03 0 2 2 3 1.318903e-13 0.000000e+00
25 92 1.646023e-03 2.072220e-03 0 2 2 3 1.222276e-13 0.000000e+00
25 93 1.646023e-03 2.608770e-03 0 2 2 3 1.121552e-13 0.000000e+00
25 94 1.646023e-03 3.284247e-03 0 2 2 3 1.040567e-13 0.000000e+00
25 95 1.646023e-03 4.134622e-03 0 2 2 3 9.712784e-14 0.000000e+00
25 96 1.646023e-03 5.205181e-03 0 2 2 3 9.083389e-14 0.000000e+00
25 97 1.646023e-03 6.552935e-03 0 2 2 3 8.480044e-14 0.000000e+00
25 98 1.646023e-03 8.249656e-03 0 2 2 3 7.875514e-14 0.000000e+00
26 88 2.072220e-03 8.249656e-04 0 2 2 3 1.187798e-13 0.000000e+00
26 89 2.072220e-03 1.038570e-03 0 2 2 3 1.193336e-13 0.000000e+00
26 90 2.072220e-03 1.307482e-03 0 2 2 3 1.203222e-13 0.000000e+00
26 91 2.072220e-03 1.646023e-03 0 2 2 3 1.222276e-13 0.000000e+00
26 92 2.072220e-03 2.072220e-03 0 2 2 3 1.228791e-13 0.000000e+00
26 93 2.072220e-03 2.608770e-03 0 2 2 3 1.138874e-13 0.000000e+00
26 94 2.072220e-03 3.284247e-03 0 2 2 3 1.047316e-13 0.000000e+00
26 95 2.072220e-03 4.134622e-03 0 2 2 3 9.736510e-14 0.000000e+00
26 96 2.072220e-03 5.205181e-03 0 2 2 3 9.089391e-14 0.000000e+00
26 97 2.072220e-03 6.552935e-03 0 2 2 3 8.479472e-14 0.000000e+00
26 98 2.072220e-03 8.249656e-03 0 2 2 3 7.873094e-14 0.000000e+00
27 88 2.608770e-03 8.249656e-04 0 2 2 3 1.105850e-13 0.000000e+00
27 89 2.608770e-03 1.038570e-03 0 2 2 3 1.108496e-13 0.000000e+00
27 90 2.608770e-03 1.307482e-03 0 2 2 3 1.113090e-13 0.000000e+00
27 91 2.608770e-03 1.646023e-03 0 2 2 3 1.121552e-13 0.000000e+00
27 92 2.608770e-03 2.072220e-03 0 2 2 3 1.138874e-13 0.000000e+00
27 93 2.608770e-03 2.608770e-03 0 2 2 3 1.145950e-13 0.000000e+00
27 94 2.608770e-03 3.284247e-03 0 2 2 3 1.062230e-13 0.000000e+00
27 95 2.608770e-03 4.134622e-03 0 2 2 3 9.785335e-14 0.000000e+00
27 96 2.608770e-03 5.205181e-03 0 2 2 3 9.101974e-14 0.000000e+00
27 97 2.608770e-03 6.552935e-03 0 2 2 3 8.479399e-14 0.000000e+00
27 98 2.608770e-03 8.249656e-03 0 2 2 3 7.869468e-14 0.000000e+00
28 88 3.284247e-03 8.249656e-04 0 2 2 3 1.033931e-13 0.000000e+00
28 89 3.284247e-03 1.038570e-03 0 2 2 3 1.035086e-13 0.000000e+00
28 90 3.284247e-03 1.307482e-03 0 2 2 3 1.037057e-13 0.000000e+00
28 91 3.284247e-03 1.646023e-03 0 2 2 3 1.040567e-13 0.000000e+00
28 92 3.284247e-03 2.072220e-03 0 2 2 3 1.047316e-13 0.000000e+00
28 93 3.284247e-03 2.608770e-03 0 2 2 3 1.062230e-13 0.000000e+00
28 94 3.284247e-03 3.284247e-03 0 2 2 3 1.068767e-13 0.000000e+00
28 95 3.284247e-03 4.134622e-03 0 2 2 3 9.905574e-14 0.000000e+00
28 96 3.284247e-03 5.205181e-03 0 2 2 3 9.131929e-14 0.000000e+00
28 97 3.284247e-03 6.552935e-03 0 2 2 3 8.481752e-14 0.000000e+00
28 98 3.284247e-03 8.249656e-03 0 2 2 3 7.864308e-14 0.000000e+00
29 88 4.134622e-03 8.249656e-04 0 2 2 3 9.688524e-14 0.000000e+00
29 89 4.134622e-03 1.038570e-03 0 2 2 3 9.692796e-14 0.000000e+00
29 90 4.134622e-03 1.307482e-03 0 2 2 3 9.700049e-14 0.000000e+00
29 91 4.134622e-03 1.646023e-03 0 2 2 3 9.712784e-14 0.000000e+00
29 92 4.134622e-03 2.072220e-03 0 2 2 3 9.736510e-14 0.000000e+00
29 93 4.134622e-03 2.608770e-03 0 2 2 3 9.785335e-14 0.000000e+00
29 94 4.134622e-03 3.284247e-03 0 2 2 3 9.905574e-14 0.000000e+00
29 95 4.134622e-03 4.134622e-03 0 2 2 3 9.955775e-14 0.000000e+00
29 96 4.134622e-03 5.205181e-03 0 2 2 3 9.220628e-14 0.000000e+00
29 97 4.134622e-03 6.552935e-03 0 2 2 3 8.493870e-14 0.000000e+00
29 98 4.134622e-03 8.249656e-03 0 2 2 3 7.857949e-14 0.000000e+00
30 88 5.205181e-03 8.249656e-04 0 2 2 3 9.077534e-14 0.000000e+00
30 89 5.205181e-03 1.038570e-03 0 2 2 3 9.078522e-14 0.000000e+00
30 90 5.205181e-03 1.307482e-03 0 2 2 3 9.080258e-14 0.000000e+00
30 91 5.205181e-03 1.646023e-03 0 2 2 3 9.083389e-14 0.000000e+00
30 92 5.205181e-03 2.072220e-03 0 2 2 3 9.089391e-14 0.000000e+00
30 93 5.205181e-03 2.608770e-03 0 2 2 3 9.101974e-14 0.000000e+00
30 94 5.205181e-03 3.284247e-03 0 2 2 3 9.131929e-14 0.000000e+00
30 95 5.205181e-03 4.134622e-03 0 2 2 3 9.220628e-14 0.000000e+00
30 96 5.205181e-03 5.205181e-03 0 2 2 3 9.247676e-14 0.000000e+00
30 97 5.205181e-03 6.552935e-03 0 2 2 3 8.550626e-14 0.000000e+00
30 98 5.205181e-03 8.249656e-03 0 2 2 3 7.854379e-14 0.000000e+00
31 88 6.552935e-03 8.249656e-04 0 2 2 3 8.481304e-14 0.000000e+00
31 89 6.552935e-03 1.038570e-03 0 2 2 3 8.480999e-14 0.000000e+00
31 90 6.552935e-03 1.307482e-03 0 2 2 3 8.480588e-14 0.000000e+00
31 91 6.552935e-03 1.646023e-03 0 2 2 3 8.480044e-14 0.000000e+00
31 92 6.552935e-03 2.072220e-03 0 2 2 3 8.479472e-14 0.000000e+00
31 93 6.552935e-03 2.608770e-03 0 2 2 3 8.479399e-14 0.000000e+00
31 94 6.552935e-03 3.284247e-03 0 2 2 3 8.481752e-14 0.000000e+00
31 95 6.552935e-03 4.134622e-03 0 2 2 3 8.493870e-14 0.000000e+00
31 96 6.552935e-03 5.205181e-03 0 2 2 3 8.550626e-14 0.000000e+00
31 97 6.552935e-03 6.552935e-03 0 2 2 3 8.548834e-14 0.000000e+00
31 98 6.552935e-03 8.249656e-03 0 2 2 3 7.881001e-14 0.000000e+00
32 88 8.249656e-03 8.249656e-04 0 2 2 3 7.878752e-14 0.000000e+00
32 89 8.249656e-03 1.038570e-03 0 2 2 3 7.878091e-14 0.000000e+00
32 90 8.249656e-03 1.307482e-03 0 2 2 3 7.877084e-14 0.000000e+00
32 91 8.249656e-03 1.646023e-03 0 2 2 3 7.875514e-14 0.000000e+00
32 92 8.249656e-03 2.072220e-03 0 2 2 3 7.873094e-14 0.000000e+00
32 93 8.249656e-03 2.608770e-03 0 2 2 3 7.869468e-14 0.000000e+00
32 94 8.249656e-03 3.284247e-03 0 2 2 3 7.864308e-14 0.000000e+00
32 95 8.249656e-03 4.134622e-03 0 2 2 3 7.857949e-14 0.000000e+00
32 96 8.249656e-03 5.205181e-03 0 2 2 3 7.854379e-14 0.000000e+00
32 97 8.249656e-03 6.552935e-03 0 2 2 3 7.881001e-14 0.000000e+00
32 98 8.249656e-03 8.249656e-03 0 2 2 3 7.847424e-14 0.000000e+00
