# Please cite the following papers in research using this covariance:
# arXiv: 1601.05779, https://arxiv.org/abs/1601.05779
# arXiv: 1911.11947, https://arxiv.org/abs/1911.11947
# arXiv: 2004.04833, https://arxiv.org/abs/2004.04833
# arXiv: 1804.10663, https://arxiv.org/abs/1804.10663
########################################################
44 66 8.249656e-04 8.249656e-04 1 1 1 3 3.028013e-13 0.000000e+00
44 67 8.249656e-04 1.038570e-03 1 1 1 3 2.647394e-13 0.000000e+00
44 68 8.249656e-04 1.307482e-03 1 1 1 3 2.224313e-13 0.000000e+00
44 69 8.249656e-04 1.646023e-03 1 1 1 3 1.883701e-13 0.000000e+00
44 70 8.249656e-04 2.072220e-03 1 1 1 3 1.615489e-13 0.000000e+00
44 71 8.249656e-04 2.608770e-03 1 1 1 3 1.404153e-13 0.000000e+00
44 72 8.249656e-04 3.284247e-03 1 1 1 3 1.235368e-13 0.000000e+00
44 73 8.249656e-04 4.134622e-03 1 1 1 3 1.097282e-13 0.000000e+00
44 74 8.249656e-04 5.205181e-03 1 1 1 3 9.806338e-14 0.000000e+00
44 75 8.249656e-04 6.552935e-03 1 1 1 3 8.785067e-14 0.000000e+00
44 76 8.249656e-04 8.249656e-03 1 1 1 3 7.859625e-14 0.000000e+00
45 66 1.038570e-03 8.249656e-04 1 1 1 3 2.647394e-13 0.000000e+00
45 67 1.038570e-03 1.038570e-03 1 1 1 3 2.659995e-13 0.000000e+00
45 68 1.038570e-03 1.307482e-03 1 1 1 3 2.307625e-13 0.000000e+00
45 69 1.038570e-03 1.646023e-03 1 1 1 3 1.929635e-13 0.000000e+00
45 70 1.038570e-03 2.072220e-03 1 1 1 3 1.638704e-13 0.000000e+00
45 71 1.038570e-03 2.608770e-03 1 1 1 3 1.415339e-13 0.000000e+00
45 72 1.038570e-03 3.284247e-03 1 1 1 3 1.240550e-13 0.000000e+00
45 73 1.038570e-03 4.134622e-03 1 1 1 3 1.099596e-13 0.000000e+00
45 74 1.038570e-03 5.205181e-03 1 1 1 3 9.816320e-14 0.000000e+00
45 75 1.038570e-03 6.552935e-03 1 1 1 3 8.789241e-14 0.000000e+00
45 76 1.038570e-03 8.249656e-03 1 1 1 3 7.861330e-14 0.000000e+00
46 66 1.307482e-03 8.249656e-04 1 1 1 3 2.224313e-13 0.000000e+00
46 67 1.307482e-03 1.038570e-03 1 1 1 3 2.307625e-13 0.000000e+00
46 68 1.307482e-03 1.307482e-03 1 1 1 3 2.336592e-13 0.000000e+00
46 69 1.307482e-03 1.646023e-03 1 1 1 3 2.013375e-13 0.000000e+00
46 70 1.307482e-03 2.072220e-03 1 1 1 3 1.680324e-13 0.000000e+00
46 71 1.307482e-03 2.608770e-03 1 1 1 3 1.434778e-13 0.000000e+00
46 72 1.307482e-03 3.284247e-03 1 1 1 3 1.249327e-13 0.000000e+00
46 73 1.307482e-03 4.134622e-03 1 1 1 3 1.103442e-13 0.000000e+00
46 74 1.307482e-03 5.205181e-03 1 1 1 3 9.832692e-14 0.000000e+00
46 75 1.307482e-03 6.552935e-03 1 1 1 3 8.796042e-14 0.000000e+00
46 76 1.307482e-03 8.249656e-03 1 1 1 3 7.864112e-14 0.000000e+00
47 66 1.646023e-03 8.249656e-04 1 1 1 3 1.883701e-13 0.000000e+00
47 67 1.646023e-03 1.038570e-03 1 1 1 3 1.929635e-13 0.000000e+00
47 68 1.646023e-03 1.307482e-03 1 1 1 3 2.013375e-13 0.000000e+00
47 69 1.646023e-03 1.646023e-03 1 1 1 3 2.054612e-13 0.000000e+00
47 70 1.646023e-03 2.072220e-03 1 1 1 3 1.760584e-13 0.000000e+00
47 71 1.646023e-03 2.608770e-03 1 1 1 3 1.470687e-13 0.000000e+00
47 72 1.646023e-03 3.284247e-03 1 1 1 3 1.264838e-13 0.000000e+00
47 73 1.646023e-03 4.134622e-03 1 1 1 3 1.110020e-13 0.000000e+00
47 74 1.646023e-03 5.205181e-03 1 1 1 3 9.860044e-14 0.000000e+00
47 75 1.646023e-03 6.552935e-03 1 1 1 3 8.807204e-14 0.000000e+00
47 76 1.646023e-03 8.249656e-03 1 1 1 3 7.868621e-14 0.000000e+00
48 66 2.072220e-03 8.249656e-04 1 1 1 3 1.615489e-13 0.000000e+00
48 67 2.072220e-03 1.038570e-03 1 1 1 3 1.638704e-13 0.000000e+00
48 68 2.072220e-03 1.307482e-03 1 1 1 3 1.680324e-13 0.000000e+00
48 69 2.072220e-03 1.646023e-03 1 1 1 3 1.760584e-13 0.000000e+00
48 70 2.072220e-03 2.072220e-03 1 1 1 3 1.809710e-13 0.000000e+00
48 71 2.072220e-03 2.608770e-03 1 1 1 3 1.544292e-13 0.000000e+00
48 72 2.072220e-03 3.284247e-03 1 1 1 3 1.294408e-13 0.000000e+00
48 73 2.072220e-03 4.134622e-03 1 1 1 3 1.121848e-13 0.000000e+00
48 74 2.072220e-03 5.205181e-03 1 1 1 3 9.907281e-14 0.000000e+00
48 75 2.072220e-03 6.552935e-03 1 1 1 3 8.825951e-14 0.000000e+00
48 76 2.072220e-03 8.249656e-03 1 1 1 3 7.876051e-14 0.000000e+00
49 66 2.608770e-03 8.249656e-04 1 1 1 3 1.404153e-13 0.000000e+00
49 67 2.608770e-03 1.038570e-03 1 1 1 3 1.415339e-13 0.000000e+00
49 68 2.608770e-03 1.307482e-03 1 1 1 3 1.434778e-13 0.000000e+00
49 69 2.608770e-03 1.646023e-03 1 1 1 3 1.470687e-13 0.000000e+00
49 70 2.608770e-03 2.072220e-03 1 1 1 3 1.544292e-13 0.000000e+00
49 71 2.608770e-03 2.608770e-03 1 1 1 3 1.597064e-13 0.000000e+00
49 72 2.608770e-03 3.284247e-03 1 1 1 3 1.359159e-13 0.000000e+00
49 73 2.608770e-03 4.134622e-03 1 1 1 3 1.145136e-13 0.000000e+00
49 74 2.608770e-03 5.205181e-03 1 1 1 3 9.993730e-14 0.000000e+00
49 75 2.608770e-03 6.552935e-03 1 1 1 3 8.858644e-14 0.000000e+00
49 76 2.608770e-03 8.249656e-03 1 1 1 3 7.888589e-14 0.000000e+00
50 66 3.284247e-03 8.249656e-04 1 1 1 3 1.235368e-13 0.000000e+00
50 67 3.284247e-03 1.038570e-03 1 1 1 3 1.240550e-13 0.000000e+00
50 68 3.284247e-03 1.307482e-03 1 1 1 3 1.249327e-13 0.000000e+00
50 69 3.284247e-03 1.646023e-03 1 1 1 3 1.264838e-13 0.000000e+00
50 70 3.284247e-03 2.072220e-03 1 1 1 3 1.294408e-13 0.000000e+00
50 71 3.284247e-03 2.608770e-03 1 1 1 3 1.359159e-13 0.000000e+00
50 72 3.284247e-03 3.284247e-03 1 1 1 3 1.411810e-13 0.000000e+00
50 73 3.284247e-03 4.134622e-03 1 1 1 3 1.199892e-13 0.000000e+00
50 74 3.284247e-03 5.205181e-03 1 1 1 3 1.016961e-13 0.000000e+00
50 75 3.284247e-03 6.552935e-03 1 1 1 3 8.919471e-14 0.000000e+00
50 76 3.284247e-03 8.249656e-03 1 1 1 3 7.910622e-14 0.000000e+00
51 66 4.134622e-03 8.249656e-04 1 1 1 3 1.097282e-13 0.000000e+00
51 67 4.134622e-03 1.038570e-03 1 1 1 3 1.099596e-13 0.000000e+00
51 68 4.134622e-03 1.307482e-03 1 1 1 3 1.103442e-13 0.000000e+00
51 69 4.134622e-03 1.646023e-03 1 1 1 3 1.110020e-13 0.000000e+00
51 70 4.134622e-03 2.072220e-03 1 1 1 3 1.121848e-13 0.000000e+00
51 71 4.134622e-03 2.608770e-03 1 1 1 3 1.145136e-13 0.000000e+00
51 72 4.134622e-03 3.284247e-03 1 1 1 3 1.199892e-13 0.000000e+00
51 73 4.134622e-03 4.134622e-03 1 1 1 3 1.249376e-13 0.000000e+00
51 74 4.134622e-03 5.205181e-03 1 1 1 3 1.061568e-13 0.000000e+00
51 75 4.134622e-03 6.552935e-03 1 1 1 3 9.047297e-14 0.000000e+00
51 76 4.134622e-03 8.249656e-03 1 1 1 3 7.952206e-14 0.000000e+00
52 66 5.205181e-03 8.249656e-04 1 1 1 3 9.806338e-14 0.000000e+00
52 67 5.205181e-03 1.038570e-03 1 1 1 3 9.816320e-14 0.000000e+00
52 68 5.205181e-03 1.307482e-03 1 1 1 3 9.832692e-14 0.000000e+00
52 69 5.205181e-03 1.646023e-03 1 1 1 3 9.860044e-14 0.000000e+00
52 70 5.205181e-03 2.072220e-03 1 1 1 3 9.907281e-14 0.000000e+00
52 71 5.205181e-03 2.608770e-03 1 1 1 3 9.993730e-14 0.000000e+00
52 72 5.205181e-03 3.284247e-03 1 1 1 3 1.016961e-13 0.000000e+00
52 73 5.205181e-03 4.134622e-03 1 1 1 3 1.061568e-13 0.000000e+00
52 74 5.205181e-03 5.205181e-03 1 1 1 3 1.105681e-13 0.000000e+00
52 75 5.205181e-03 6.552935e-03 1 1 1 3 9.398252e-14 0.000000e+00
52 76 5.205181e-03 8.249656e-03 1 1 1 3 8.042189e-14 0.000000e+00
53 66 6.552935e-03 8.249656e-04 1 1 1 3 8.785067e-14 0.000000e+00
53 67 6.552935e-03 1.038570e-03 1 1 1 3 8.789241e-14 0.000000e+00
53 68 6.552935e-03 1.307482e-03 1 1 1 3 8.796042e-14 0.000000e+00
53 69 6.552935e-03 1.646023e-03 1 1 1 3 8.807204e-14 0.000000e+00
53 70 6.552935e-03 2.072220e-03 1 1 1 3 8.825951e-14 0.000000e+00
53 71 6.552935e-03 2.608770e-03 1 1 1 3 8.858644e-14 0.000000e+00
53 72 6.552935e-03 3.284247e-03 1 1 1 3 8.919471e-14 0.000000e+00
53 73 6.552935e-03 4.134622e-03 1 1 1 3 9.047297e-14 0.000000e+00
53 74 6.552935e-03 5.205181e-03 1 1 1 3 9.398252e-14 0.000000e+00
53 75 6.552935e-03 6.552935e-03 1 1 1 3 9.772347e-14 0.000000e+00
53 76 6.552935e-03 8.249656e-03 1 1 1 3 8.309824e-14 0.000000e+00
54 66 8.249656e-03 8.249656e-04 1 1 1 3 7.859625e-14 0.000000e+00
54 67 8.249656e-03 1.038570e-03 1 1 1 3 7.861330e-14 0.000000e+00
54 68 8.249656e-03 1.307482e-03 1 1 1 3 7.864112e-14 0.000000e+00
54 69 8.249656e-03 1.646023e-03 1 1 1 3 7.868621e-14 0.000000e+00
54 70 8.249656e-03 2.072220e-03 1 1 1 3 7.876051e-14 0.000000e+00
54 71 8.249656e-03 2.608770e-03 1 1 1 3 7.888589e-14 0.000000e+00
54 72 8.249656e-03 3.284247e-03 1 1 1 3 7.910622e-14 0.000000e+00
54 73 8.249656e-03 4.134622e-03 1 1 1 3 7.952206e-14 0.000000e+00
54 74 8.249656e-03 5.205181e-03 1 1 1 3 8.042189e-14 0.000000e+00
54 75 8.249656e-03 6.552935e-03 1 1 1 3 8.309824e-14 0.000000e+00
54 76 8.249656e-03 8.249656e-03 1 1 1 3 8.611561e-14 0.000000e+00
