5.532580772117114e-06
4.406192233663892e-06
3.5077357369106357e-06
2.7934237057775535e-06
2.224294719680825e-06
1.7705603632748587e-06
1.408986160329476e-06
1.1216817730533023e-06
8.929245208862841e-07
7.107078865469272e-07
5.658290377843824e-07
4.166763732202727e-06
3.3184454191684392e-06
2.641788409392395e-06
2.1038170072513435e-06
1.675187750671548e-06
1.3334657850878664e-06
1.0611526751603654e-06
8.447744077562957e-07
6.72490148626729e-07
5.352569476429054e-07
4.261439897499436e-07
4.0634160505663215e-06
3.236138130550054e-06
2.576264349790215e-06
2.0516361763236677e-06
1.6336382708543528e-06
1.3003918640163818e-06
1.034832836742244e-06
8.238215826257528e-07
6.558104146779006e-07
5.219810341382147e-07
4.1557442173454327e-07
4.804163819021995e-06
3.826075012333135e-06
3.0459088955515397e-06
2.425643007534291e-06
1.9314453137482306e-06
1.5374491861521798e-06
1.2234798731487167e-06
9.7400159137447e-07
7.753625603548317e-07
6.17136451686335e-07
4.913322704647029e-07
6.276247286396545e-06
4.998454761223713e-06
3.979231081503058e-06
3.1689035958829673e-06
2.5232754506791368e-06
2.008551717033943e-06
1.5983763636891032e-06
1.2724535354974656e-06
1.0129476788067585e-06
8.062383642571222e-07
6.418855038088958e-07
4.3279024942805725e-06
3.4467767551728674e-06
2.743952441278821e-06
2.185176651897965e-06
1.7399712641305316e-06
1.385033934602326e-06
1.1021900924976599e-06
8.77443844357005e-07
6.98496886177741e-07
5.559565630514671e-07
4.426239939271255e-07
5.116865251303771e-06
4.075113495352e-06
3.244165532151527e-06
2.5835270465005782e-06
2.057162365978923e-06
1.637521297571424e-06
1.3031154975672724e-06
1.0373991517251208e-06
8.258306121717698e-07
6.573056366714042e-07
5.23312908306302e-07
5.968770392635321e-06
4.753577600081859e-06
3.784285930000533e-06
3.013657744336606e-06
2.3996587257358075e-06
1.9101515646670554e-06
1.5200710509709734e-06
1.2101152837643197e-06
9.633228949838158e-07
7.66740242846298e-07
6.104391861602596e-07
4.989951903575825e-06
3.97403824843194e-06
3.163701945506245e-06
2.51944815386227e-06
2.0061388286955614e-06
1.596906071126289e-06
1.270794633290525e-06
1.0116684239413622e-06
8.053476268047233e-07
6.410025740977957e-07
5.103332244720111e-07
8.343299706950482e-06
6.644673054409825e-06
5.289772206815715e-06
4.212568100339744e-06
3.3543046969528573e-06
2.6700588008506478e-06
2.124794107672553e-06
1.6915300765874663e-06
1.346557462568902e-06
1.071769098266973e-06
8.532874662152258e-07
5.532580772117114e-06
4.406192233663892e-06
3.5077357369106357e-06
2.7934237057775535e-06
2.224294719680825e-06
1.7705603632748587e-06
1.408986160329476e-06
1.1216817730533023e-06
8.929245208862841e-07
7.107078865469272e-07
5.658290377843824e-07
4.166763732202727e-06
3.3184454191684392e-06
2.641788409392395e-06
2.1038170072513435e-06
1.675187750671548e-06
1.3334657850878664e-06
1.0611526751603654e-06
8.447744077562957e-07
6.72490148626729e-07
5.352569476429054e-07
4.261439897499436e-07
4.0634160505663215e-06
3.236138130550054e-06
2.576264349790215e-06
2.0516361763236677e-06
1.6336382708543528e-06
1.3003918640163818e-06
1.034832836742244e-06
8.238215826257528e-07
6.558104146779006e-07
5.219810341382147e-07
4.1557442173454327e-07
4.804163819021995e-06
3.826075012333135e-06
3.0459088955515397e-06
2.425643007534291e-06
1.9314453137482306e-06
1.5374491861521798e-06
1.2234798731487167e-06
9.7400159137447e-07
7.753625603548317e-07
6.17136451686335e-07
4.913322704647029e-07
6.276247286396545e-06
4.998454761223713e-06
3.979231081503058e-06
3.1689035958829673e-06
2.5232754506791368e-06
2.008551717033943e-06
1.5983763636891032e-06
1.2724535354974656e-06
1.0129476788067585e-06
8.062383642571222e-07
6.418855038088958e-07
4.3279024942805725e-06
3.4467767551728674e-06
2.743952441278821e-06
2.185176651897965e-06
1.7399712641305316e-06
1.385033934602326e-06
1.1021900924976599e-06
8.77443844357005e-07
6.98496886177741e-07
5.559565630514671e-07
4.426239939271255e-07
5.116865251303771e-06
4.075113495352e-06
3.244165532151527e-06
2.5835270465005782e-06
2.057162365978923e-06
1.637521297571424e-06
1.3031154975672724e-06
1.0373991517251208e-06
8.258306121717698e-07
6.573056366714042e-07
5.23312908306302e-07
5.968770392635321e-06
4.753577600081859e-06
3.784285930000533e-06
3.013657744336606e-06
2.3996587257358075e-06
1.9101515646670554e-06
1.5200710509709734e-06
1.2101152837643197e-06
9.633228949838158e-07
7.66740242846298e-07
6.104391861602596e-07
4.989951903575825e-06
3.97403824843194e-06
3.163701945506245e-06
2.51944815386227e-06
2.0061388286955614e-06
1.596906071126289e-06
1.270794633290525e-06
1.0116684239413622e-06
8.053476268047233e-07
6.410025740977957e-07
5.103332244720111e-07
8.343299706950482e-06
6.644673054409825e-06
5.289772206815715e-06
4.212568100339744e-06
3.3543046969528573e-06
2.6700588008506478e-06
2.124794107672553e-06
1.6915300765874663e-06
1.346557462568902e-06
1.071769098266973e-06
8.532874662152258e-07
