# Please cite the following papers in research using this covariance:
# arXiv: 1601.05779, https://arxiv.org/abs/1601.05779
# arXiv: 1911.11947, https://arxiv.org/abs/1911.11947
# arXiv: 2004.04833, https://arxiv.org/abs/2004.04833
# arXiv: 1804.10663, https://arxiv.org/abs/1804.10663
########################################################
286 407 8.249656e-04 8.249656e-04 1 2 4 1 1.200858e-13 0.000000e+00
286 408 8.249656e-04 1.038570e-03 1 2 4 1 1.206644e-13 0.000000e+00
286 409 8.249656e-04 1.307482e-03 1 2 4 1 1.018564e-13 0.000000e+00
286 410 8.249656e-04 1.646023e-03 1 2 4 1 7.739093e-14 0.000000e+00
286 411 8.249656e-04 2.072220e-03 1 2 4 1 5.514862e-14 0.000000e+00
286 412 8.249656e-04 2.608770e-03 1 2 4 1 3.794873e-14 0.000000e+00
286 413 8.249656e-04 3.284247e-03 1 2 4 1 2.584350e-14 0.000000e+00
286 414 8.249656e-04 4.134622e-03 1 2 4 1 1.778173e-14 0.000000e+00
286 415 8.249656e-04 5.205181e-03 1 2 4 1 1.254122e-14 0.000000e+00
286 416 8.249656e-04 6.552935e-03 1 2 4 1 9.117026e-15 0.000000e+00
286 417 8.249656e-04 8.249656e-03 1 2 4 1 6.806078e-15 0.000000e+00
287 407 1.038570e-03 8.249656e-04 1 2 4 1 1.206644e-13 0.000000e+00
287 408 1.038570e-03 1.038570e-03 1 2 4 1 1.488574e-13 0.000000e+00
287 409 1.038570e-03 1.307482e-03 1 2 4 1 1.450433e-13 0.000000e+00
287 410 1.038570e-03 1.646023e-03 1 2 4 1 1.172917e-13 0.000000e+00
287 411 1.038570e-03 2.072220e-03 1 2 4 1 8.582013e-14 0.000000e+00
287 412 1.038570e-03 2.608770e-03 1 2 4 1 5.969892e-14 0.000000e+00
287 413 1.038570e-03 3.284247e-03 1 2 4 1 4.082027e-14 0.000000e+00
287 414 1.038570e-03 4.134622e-03 1 2 4 1 2.812339e-14 0.000000e+00
287 415 1.038570e-03 5.205181e-03 1 2 4 1 1.984350e-14 0.000000e+00
287 416 1.038570e-03 6.552935e-03 1 2 4 1 1.442933e-14 0.000000e+00
287 417 1.038570e-03 8.249656e-03 1 2 4 1 1.077498e-14 0.000000e+00
288 407 1.307482e-03 8.249656e-04 1 2 4 1 1.018564e-13 0.000000e+00
288 408 1.307482e-03 1.038570e-03 1 2 4 1 1.450433e-13 0.000000e+00
288 409 1.307482e-03 1.307482e-03 1 2 4 1 1.785158e-13 0.000000e+00
288 410 1.307482e-03 1.646023e-03 1 2 4 1 1.687763e-13 0.000000e+00
288 411 1.307482e-03 2.072220e-03 1 2 4 1 1.311918e-13 0.000000e+00
288 412 1.307482e-03 2.608770e-03 1 2 4 1 9.333180e-14 0.000000e+00
288 413 1.307482e-03 3.284247e-03 1 2 4 1 6.432012e-14 0.000000e+00
288 414 1.307482e-03 4.134622e-03 1 2 4 1 4.442156e-14 0.000000e+00
288 415 1.307482e-03 5.205181e-03 1 2 4 1 3.136668e-14 0.000000e+00
288 416 1.307482e-03 6.552935e-03 1 2 4 1 2.281832e-14 0.000000e+00
288 417 1.307482e-03 8.249656e-03 1 2 4 1 1.704727e-14 0.000000e+00
289 407 1.646023e-03 8.249656e-04 1 2 4 1 7.739093e-14 0.000000e+00
289 408 1.646023e-03 1.038570e-03 1 2 4 1 1.172917e-13 0.000000e+00
289 409 1.646023e-03 1.307482e-03 1 2 4 1 1.687763e-13 0.000000e+00
289 410 1.646023e-03 1.646023e-03 1 2 4 1 2.079872e-13 0.000000e+00
289 411 1.646023e-03 2.072220e-03 1 2 4 1 1.912031e-13 0.000000e+00
289 412 1.646023e-03 2.608770e-03 1 2 4 1 1.438444e-13 0.000000e+00
289 413 1.646023e-03 3.284247e-03 1 2 4 1 1.008655e-13 0.000000e+00
289 414 1.646023e-03 4.134622e-03 1 2 4 1 7.000800e-14 0.000000e+00
289 415 1.646023e-03 5.205181e-03 1 2 4 1 4.950275e-14 0.000000e+00
289 416 1.646023e-03 6.552935e-03 1 2 4 1 3.603737e-14 0.000000e+00
289 417 1.646023e-03 8.249656e-03 1 2 4 1 2.694279e-14 0.000000e+00
290 407 2.072220e-03 8.249656e-04 1 2 4 1 5.514862e-14 0.000000e+00
290 408 2.072220e-03 1.038570e-03 1 2 4 1 8.582013e-14 0.000000e+00
290 409 2.072220e-03 1.307482e-03 1 2 4 1 1.311918e-13 0.000000e+00
290 410 2.072220e-03 1.646023e-03 1 2 4 1 1.912031e-13 0.000000e+00
290 411 2.072220e-03 2.072220e-03 1 2 4 1 2.368140e-13 0.000000e+00
290 412 2.072220e-03 2.608770e-03 1 2 4 1 2.125365e-13 0.000000e+00
290 413 2.072220e-03 3.284247e-03 1 2 4 1 1.564236e-13 0.000000e+00
290 414 2.072220e-03 4.134622e-03 1 2 4 1 1.098766e-13 0.000000e+00
290 415 2.072220e-03 5.205181e-03 1 2 4 1 7.792220e-14 0.000000e+00
290 416 2.072220e-03 6.552935e-03 1 2 4 1 5.679578e-14 0.000000e+00
290 417 2.072220e-03 8.249656e-03 1 2 4 1 4.251219e-14 0.000000e+00
291 407 2.608770e-03 8.249656e-04 1 2 4 1 3.794873e-14 0.000000e+00
291 408 2.608770e-03 1.038570e-03 1 2 4 1 5.969892e-14 0.000000e+00
291 409 2.608770e-03 1.307482e-03 1 2 4 1 9.333180e-14 0.000000e+00
291 410 2.608770e-03 1.646023e-03 1 2 4 1 1.438444e-13 0.000000e+00
291 411 2.608770e-03 2.072220e-03 1 2 4 1 2.125365e-13 0.000000e+00
291 412 2.608770e-03 2.608770e-03 1 2 4 1 2.654661e-13 0.000000e+00
291 413 2.608770e-03 3.284247e-03 1 2 4 1 2.340433e-13 0.000000e+00
291 414 2.608770e-03 4.134622e-03 1 2 4 1 1.708941e-13 0.000000e+00
291 415 2.608770e-03 5.205181e-03 1 2 4 1 1.221150e-13 0.000000e+00
291 416 2.608770e-03 6.552935e-03 1 2 4 1 8.921131e-14 0.000000e+00
291 417 2.608770e-03 8.249656e-03 1 2 4 1 6.690122e-14 0.000000e+00
292 407 3.284247e-03 8.249656e-04 1 2 4 1 2.584350e-14 0.000000e+00
292 408 3.284247e-03 1.038570e-03 1 2 4 1 4.082027e-14 0.000000e+00
292 409 3.284247e-03 1.307482e-03 1 2 4 1 6.432012e-14 0.000000e+00
292 410 3.284247e-03 1.646023e-03 1 2 4 1 1.008655e-13 0.000000e+00
292 411 3.284247e-03 2.072220e-03 1 2 4 1 1.564236e-13 0.000000e+00
292 412 3.284247e-03 2.608770e-03 1 2 4 1 2.340433e-13 0.000000e+00
292 413 3.284247e-03 3.284247e-03 1 2 4 1 2.954813e-13 0.000000e+00
292 414 3.284247e-03 4.134622e-03 1 2 4 1 2.580121e-13 0.000000e+00
292 415 3.284247e-03 5.205181e-03 1 2 4 1 1.897464e-13 0.000000e+00
292 416 3.284247e-03 6.552935e-03 1 2 4 1 1.393591e-13 0.000000e+00
292 417 3.284247e-03 8.249656e-03 1 2 4 1 1.048334e-13 0.000000e+00
293 407 4.134622e-03 8.249656e-04 1 2 4 1 1.778173e-14 0.000000e+00
293 408 4.134622e-03 1.038570e-03 1 2 4 1 2.812339e-14 0.000000e+00
293 409 4.134622e-03 1.307482e-03 1 2 4 1 4.442156e-14 0.000000e+00
293 410 4.134622e-03 1.646023e-03 1 2 4 1 7.000800e-14 0.000000e+00
293 411 4.134622e-03 2.072220e-03 1 2 4 1 1.098766e-13 0.000000e+00
293 412 4.134622e-03 2.608770e-03 1 2 4 1 1.708941e-13 0.000000e+00
293 413 4.134622e-03 3.284247e-03 1 2 4 1 2.580121e-13 0.000000e+00
293 414 4.134622e-03 4.134622e-03 1 2 4 1 3.294109e-13 0.000000e+00
293 415 4.134622e-03 5.205181e-03 1 2 4 1 2.875173e-13 0.000000e+00
293 416 4.134622e-03 6.552935e-03 1 2 4 1 2.156254e-13 0.000000e+00
293 417 4.134622e-03 8.249656e-03 1 2 4 1 1.631321e-13 0.000000e+00
294 407 5.205181e-03 8.249656e-04 1 2 4 1 1.254122e-14 0.000000e+00
294 408 5.205181e-03 1.038570e-03 1 2 4 1 1.984350e-14 0.000000e+00
294 409 5.205181e-03 1.307482e-03 1 2 4 1 3.136668e-14 0.000000e+00
294 410 5.205181e-03 1.646023e-03 1 2 4 1 4.950275e-14 0.000000e+00
294 411 5.205181e-03 2.072220e-03 1 2 4 1 7.792220e-14 0.000000e+00
294 412 5.205181e-03 2.608770e-03 1 2 4 1 1.221150e-13 0.000000e+00
294 413 5.205181e-03 3.284247e-03 1 2 4 1 1.897464e-13 0.000000e+00
294 414 5.205181e-03 4.134622e-03 1 2 4 1 2.875173e-13 0.000000e+00
294 415 5.205181e-03 5.205181e-03 1 2 4 1 3.705771e-13 0.000000e+00
294 416 5.205181e-03 6.552935e-03 1 2 4 1 3.260126e-13 0.000000e+00
294 417 5.205181e-03 8.249656e-03 1 2 4 1 2.508976e-13 0.000000e+00
295 407 6.552935e-03 8.249656e-04 1 2 4 1 9.117026e-15 0.000000e+00
295 408 6.552935e-03 1.038570e-03 1 2 4 1 1.442933e-14 0.000000e+00
295 409 6.552935e-03 1.307482e-03 1 2 4 1 2.281832e-14 0.000000e+00
295 410 6.552935e-03 1.646023e-03 1 2 4 1 3.603737e-14 0.000000e+00
295 411 6.552935e-03 2.072220e-03 1 2 4 1 5.679578e-14 0.000000e+00
295 412 6.552935e-03 2.608770e-03 1 2 4 1 8.921131e-14 0.000000e+00
295 413 6.552935e-03 3.284247e-03 1 2 4 1 1.393591e-13 0.000000e+00
295 414 6.552935e-03 4.134622e-03 1 2 4 1 2.156254e-13 0.000000e+00
295 415 6.552935e-03 5.205181e-03 1 2 4 1 3.260126e-13 0.000000e+00
295 416 6.552935e-03 6.552935e-03 1 2 4 1 4.226580e-13 0.000000e+00
295 417 6.552935e-03 8.249656e-03 1 2 4 1 3.767717e-13 0.000000e+00
296 407 8.249656e-03 8.249656e-04 1 2 4 1 6.806078e-15 0.000000e+00
296 408 8.249656e-03 1.038570e-03 1 2 4 1 1.077498e-14 0.000000e+00
296 409 8.249656e-03 1.307482e-03 1 2 4 1 1.704727e-14 0.000000e+00
296 410 8.249656e-03 1.646023e-03 1 2 4 1 2.694279e-14 0.000000e+00
296 411 8.249656e-03 2.072220e-03 1 2 4 1 4.251219e-14 0.000000e+00
296 412 8.249656e-03 2.608770e-03 1 2 4 1 6.690122e-14 0.000000e+00
296 413 8.249656e-03 3.284247e-03 1 2 4 1 1.048334e-13 0.000000e+00
296 414 8.249656e-03 4.134622e-03 1 2 4 1 1.631321e-13 0.000000e+00
296 415 8.249656e-03 5.205181e-03 1 2 4 1 2.508976e-13 0.000000e+00
296 416 8.249656e-03 6.552935e-03 1 2 4 1 3.767717e-13 0.000000e+00
296 417 8.249656e-03 8.249656e-03 1 2 4 1 4.890649e-13 0.000000e+00
