# Please cite the following papers in research using this covariance:
# arXiv: 1601.05779, https://arxiv.org/abs/1601.05779
# arXiv: 1911.11947, https://arxiv.org/abs/1911.11947
# arXiv: 2004.04833, https://arxiv.org/abs/2004.04833
# arXiv: 1804.10663, https://arxiv.org/abs/1804.10663
########################################################
264 264 8.249656e-04 8.249656e-04 1 0 1 0 2.535447e-09 0.000000e+00
264 265 8.249656e-04 1.038570e-03 1 0 1 0 8.125762e-11 0.000000e+00
264 266 8.249656e-04 1.307482e-03 1 0 1 0 3.901382e-11 0.000000e+00
264 267 8.249656e-04 1.646023e-03 1 0 1 0 1.801346e-11 0.000000e+00
264 268 8.249656e-04 2.072220e-03 1 0 1 0 8.320911e-12 0.000000e+00
264 269 8.249656e-04 2.608770e-03 1 0 1 0 3.958193e-12 0.000000e+00
264 270 8.249656e-04 3.284247e-03 1 0 1 0 1.975579e-12 0.000000e+00
264 271 8.249656e-04 4.134622e-03 1 0 1 0 1.043925e-12 0.000000e+00
264 272 8.249656e-04 5.205181e-03 1 0 1 0 5.822775e-13 0.000000e+00
264 273 8.249656e-04 6.552935e-03 1 0 1 0 3.386382e-13 0.000000e+00
264 274 8.249656e-04 8.249656e-03 1 0 1 0 2.016001e-13 0.000000e+00
265 264 1.038570e-03 8.249656e-04 1 0 1 0 8.125762e-11 0.000000e+00
265 265 1.038570e-03 1.038570e-03 1 0 1 0 1.641560e-09 0.000000e+00
265 266 1.038570e-03 1.307482e-03 1 0 1 0 6.951212e-11 0.000000e+00
265 267 1.038570e-03 1.646023e-03 1 0 1 0 3.130819e-11 0.000000e+00
265 268 1.038570e-03 2.072220e-03 1 0 1 0 1.400577e-11 0.000000e+00
265 269 1.038570e-03 2.608770e-03 1 0 1 0 6.493695e-12 0.000000e+00
265 270 1.038570e-03 3.284247e-03 1 0 1 0 3.187674e-12 0.000000e+00
265 271 1.038570e-03 4.134622e-03 1 0 1 0 1.668185e-12 0.000000e+00
265 272 1.038570e-03 5.205181e-03 1 0 1 0 9.260788e-13 0.000000e+00
265 273 1.038570e-03 6.552935e-03 1 0 1 0 5.373347e-13 0.000000e+00
265 274 1.038570e-03 8.249656e-03 1 0 1 0 3.197841e-13 0.000000e+00
266 264 1.307482e-03 8.249656e-04 1 0 1 0 3.901382e-11 0.000000e+00
266 265 1.307482e-03 1.038570e-03 1 0 1 0 6.951212e-11 0.000000e+00
266 266 1.307482e-03 1.307482e-03 1 0 1 0 1.068314e-09 0.000000e+00
266 267 1.307482e-03 1.646023e-03 1 0 1 0 5.801587e-11 0.000000e+00
266 268 1.307482e-03 2.072220e-03 1 0 1 0 2.468211e-11 0.000000e+00
266 269 1.307482e-03 2.608770e-03 1 0 1 0 1.093156e-11 0.000000e+00
266 270 1.307482e-03 3.284247e-03 1 0 1 0 5.209101e-12 0.000000e+00
266 271 1.307482e-03 4.134622e-03 1 0 1 0 2.681355e-12 0.000000e+00
266 272 1.307482e-03 5.205181e-03 1 0 1 0 1.476512e-12 0.000000e+00
266 273 1.307482e-03 6.552935e-03 1 0 1 0 8.536046e-13 0.000000e+00
266 274 1.307482e-03 8.249656e-03 1 0 1 0 5.072029e-13 0.000000e+00
267 264 1.646023e-03 8.249656e-04 1 0 1 0 1.801346e-11 0.000000e+00
267 265 1.646023e-03 1.038570e-03 1 0 1 0 3.130819e-11 0.000000e+00
267 266 1.646023e-03 1.307482e-03 1 0 1 0 5.801587e-11 0.000000e+00
267 267 1.646023e-03 1.646023e-03 1 0 1 0 7.004605e-10 0.000000e+00
267 268 1.646023e-03 2.072220e-03 1 0 1 0 4.749452e-11 0.000000e+00
267 269 1.646023e-03 2.608770e-03 1 0 1 0 1.937514e-11 0.000000e+00
267 270 1.646023e-03 3.284247e-03 1 0 1 0 8.722095e-12 0.000000e+00
267 271 1.646023e-03 4.134622e-03 1 0 1 0 4.355008e-12 0.000000e+00
267 272 1.646023e-03 5.205181e-03 1 0 1 0 2.363465e-12 0.000000e+00
267 273 1.646023e-03 6.552935e-03 1 0 1 0 1.358016e-12 0.000000e+00
267 274 1.646023e-03 8.249656e-03 1 0 1 0 8.051790e-13 0.000000e+00
268 264 2.072220e-03 8.249656e-04 1 0 1 0 8.320911e-12 0.000000e+00
268 265 2.072220e-03 1.038570e-03 1 0 1 0 1.400577e-11 0.000000e+00
268 266 2.072220e-03 1.307482e-03 1 0 1 0 2.468211e-11 0.000000e+00
268 267 2.072220e-03 1.646023e-03 1 0 1 0 4.749452e-11 0.000000e+00
268 268 2.072220e-03 2.072220e-03 1 0 1 0 4.628298e-10 0.000000e+00
268 269 2.072220e-03 2.608770e-03 1 0 1 0 3.842741e-11 0.000000e+00
268 270 2.072220e-03 3.284247e-03 1 0 1 0 1.539127e-11 0.000000e+00
268 271 2.072220e-03 4.134622e-03 1 0 1 0 7.221748e-12 0.000000e+00
268 272 2.072220e-03 5.205181e-03 1 0 1 0 3.812466e-12 0.000000e+00
268 273 2.072220e-03 6.552935e-03 1 0 1 0 2.166398e-12 0.000000e+00
268 274 2.072220e-03 8.249656e-03 1 0 1 0 1.279184e-12 0.000000e+00
269 264 2.608770e-03 8.249656e-04 1 0 1 0 3.958193e-12 0.000000e+00
269 265 2.608770e-03 1.038570e-03 1 0 1 0 6.493695e-12 0.000000e+00
269 266 2.608770e-03 1.307482e-03 1 0 1 0 1.093156e-11 0.000000e+00
269 267 2.608770e-03 1.646023e-03 1 0 1 0 1.937514e-11 0.000000e+00
269 268 2.608770e-03 2.072220e-03 1 0 1 0 3.842741e-11 0.000000e+00
269 269 2.608770e-03 2.608770e-03 1 0 1 0 3.085447e-10 0.000000e+00
269 270 2.608770e-03 3.284247e-03 1 0 1 0 3.102678e-11 0.000000e+00
269 271 2.608770e-03 4.134622e-03 1 0 1 0 1.256825e-11 0.000000e+00
269 272 2.608770e-03 5.205181e-03 1 0 1 0 6.249091e-12 0.000000e+00
269 273 2.608770e-03 6.552935e-03 1 0 1 0 3.473821e-12 0.000000e+00
269 274 2.608770e-03 8.249656e-03 1 0 1 0 2.035987e-12 0.000000e+00
270 264 3.284247e-03 8.249656e-04 1 0 1 0 1.975579e-12 0.000000e+00
270 265 3.284247e-03 1.038570e-03 1 0 1 0 3.187674e-12 0.000000e+00
270 266 3.284247e-03 1.307482e-03 1 0 1 0 5.209101e-12 0.000000e+00
270 267 3.284247e-03 1.646023e-03 1 0 1 0 8.722095e-12 0.000000e+00
270 268 3.284247e-03 2.072220e-03 1 0 1 0 1.539127e-11 0.000000e+00
270 269 3.284247e-03 2.608770e-03 1 0 1 0 3.102678e-11 0.000000e+00
270 270 3.284247e-03 3.284247e-03 1 0 1 0 2.079799e-10 0.000000e+00
270 271 3.284247e-03 4.134622e-03 1 0 1 0 2.527512e-11 0.000000e+00
270 272 3.284247e-03 5.205181e-03 1 0 1 0 1.066235e-11 0.000000e+00
270 273 3.284247e-03 6.552935e-03 1 0 1 0 5.633186e-12 0.000000e+00
270 274 3.284247e-03 8.249656e-03 1 0 1 0 3.251432e-12 0.000000e+00
271 264 4.134622e-03 8.249656e-04 1 0 1 0 1.043925e-12 0.000000e+00
271 265 4.134622e-03 1.038570e-03 1 0 1 0 1.668185e-12 0.000000e+00
271 266 4.134622e-03 1.307482e-03 1 0 1 0 2.681355e-12 0.000000e+00
271 267 4.134622e-03 1.646023e-03 1 0 1 0 4.355008e-12 0.000000e+00
271 268 4.134622e-03 2.072220e-03 1 0 1 0 7.221748e-12 0.000000e+00
271 269 4.134622e-03 2.608770e-03 1 0 1 0 1.256825e-11 0.000000e+00
271 270 4.134622e-03 3.284247e-03 1 0 1 0 2.527512e-11 0.000000e+00
271 271 4.134622e-03 4.134622e-03 1 0 1 0 1.423134e-10 0.000000e+00
271 272 4.134622e-03 5.205181e-03 1 0 1 0 2.099089e-11 0.000000e+00
271 273 4.134622e-03 6.552935e-03 1 0 1 0 9.415082e-12 0.000000e+00
271 274 4.134622e-03 8.249656e-03 1 0 1 0 5.231035e-12 0.000000e+00
272 264 5.205181e-03 8.249656e-04 1 0 1 0 5.822775e-13 0.000000e+00
272 265 5.205181e-03 1.038570e-03 1 0 1 0 9.260788e-13 0.000000e+00
272 266 5.205181e-03 1.307482e-03 1 0 1 0 1.476512e-12 0.000000e+00
272 267 5.205181e-03 1.646023e-03 1 0 1 0 2.363465e-12 0.000000e+00
272 268 5.205181e-03 2.072220e-03 1 0 1 0 3.812466e-12 0.000000e+00
272 269 5.205181e-03 2.608770e-03 1 0 1 0 6.249091e-12 0.000000e+00
272 270 5.205181e-03 3.284247e-03 1 0 1 0 1.066235e-11 0.000000e+00
272 271 5.205181e-03 4.134622e-03 1 0 1 0 2.099089e-11 0.000000e+00
272 272 5.205181e-03 5.205181e-03 1 0 1 0 9.918014e-11 0.000000e+00
272 273 5.205181e-03 6.552935e-03 1 0 1 0 1.790192e-11 0.000000e+00
272 274 5.205181e-03 8.249656e-03 1 0 1 0 8.594478e-12 0.000000e+00
273 264 6.552935e-03 8.249656e-04 1 0 1 0 3.386382e-13 0.000000e+00
273 265 6.552935e-03 1.038570e-03 1 0 1 0 5.373347e-13 0.000000e+00
273 266 6.552935e-03 1.307482e-03 1 0 1 0 8.536046e-13 0.000000e+00
273 267 6.552935e-03 1.646023e-03 1 0 1 0 1.358016e-12 0.000000e+00
273 268 6.552935e-03 2.072220e-03 1 0 1 0 2.166398e-12 0.000000e+00
273 269 6.552935e-03 2.608770e-03 1 0 1 0 3.473821e-12 0.000000e+00
273 270 6.552935e-03 3.284247e-03 1 0 1 0 5.633186e-12 0.000000e+00
273 271 6.552935e-03 4.134622e-03 1 0 1 0 9.415082e-12 0.000000e+00
273 272 6.552935e-03 5.205181e-03 1 0 1 0 1.790192e-11 0.000000e+00
273 273 6.552935e-03 6.552935e-03 1 0 1 0 7.073248e-11 0.000000e+00
273 274 6.552935e-03 8.249656e-03 1 0 1 0 1.570914e-11 0.000000e+00
274 264 8.249656e-03 8.249656e-04 1 0 1 0 2.016001e-13 0.000000e+00
274 265 8.249656e-03 1.038570e-03 1 0 1 0 3.197841e-13 0.000000e+00
274 266 8.249656e-03 1.307482e-03 1 0 1 0 5.072029e-13 0.000000e+00
274 267 8.249656e-03 1.646023e-03 1 0 1 0 8.051790e-13 0.000000e+00
274 268 8.249656e-03 2.072220e-03 1 0 1 0 1.279184e-12 0.000000e+00
274 269 8.249656e-03 2.608770e-03 1 0 1 0 2.035987e-12 0.000000e+00
274 270 8.249656e-03 3.284247e-03 1 0 1 0 3.251432e-12 0.000000e+00
274 271 8.249656e-03 4.134622e-03 1 0 1 0 5.231035e-12 0.000000e+00
274 272 8.249656e-03 5.205181e-03 1 0 1 0 8.594478e-12 0.000000e+00
274 273 8.249656e-03 6.552935e-03 1 0 1 0 1.570914e-11 0.000000e+00
274 274 8.249656e-03 8.249656e-03 1 0 1 0 5.190947e-11 0.000000e+00
