# Please cite the following papers in research using this covariance:
# arXiv: 1601.05779, https://arxiv.org/abs/1601.05779
# arXiv: 1911.11947, https://arxiv.org/abs/1911.11947
# arXiv: 2004.04833, https://arxiv.org/abs/2004.04833
# arXiv: 1804.10663, https://arxiv.org/abs/1804.10663
########################################################
374 374 8.249656e-04 8.249656e-04 3 2 3 2 2.048017e-09 0.000000e+00
374 375 8.249656e-04 1.038570e-03 3 2 3 2 5.837040e-11 0.000000e+00
374 376 8.249656e-04 1.307482e-03 3 2 3 2 2.547991e-11 0.000000e+00
374 377 8.249656e-04 1.646023e-03 3 2 3 2 1.200761e-11 0.000000e+00
374 378 8.249656e-04 2.072220e-03 3 2 3 2 6.123248e-12 0.000000e+00
374 379 8.249656e-04 2.608770e-03 3 2 3 2 3.339401e-12 0.000000e+00
374 380 8.249656e-04 3.284247e-03 3 2 3 2 1.920974e-12 0.000000e+00
374 381 8.249656e-04 4.134622e-03 3 2 3 2 1.147910e-12 0.000000e+00
374 382 8.249656e-04 5.205181e-03 3 2 3 2 7.026268e-13 0.000000e+00
374 383 8.249656e-04 6.552935e-03 3 2 3 2 4.360489e-13 0.000000e+00
374 384 8.249656e-04 8.249656e-03 3 2 3 2 2.718086e-13 0.000000e+00
375 374 1.038570e-03 8.249656e-04 3 2 3 2 5.837040e-11 0.000000e+00
375 375 1.038570e-03 1.038570e-03 3 2 3 2 1.322566e-09 0.000000e+00
375 376 1.038570e-03 1.307482e-03 3 2 3 2 4.849831e-11 0.000000e+00
375 377 1.038570e-03 1.646023e-03 3 2 3 2 2.082044e-11 0.000000e+00
375 378 1.038570e-03 2.072220e-03 3 2 3 2 1.010609e-11 0.000000e+00
375 379 1.038570e-03 2.608770e-03 3 2 3 2 5.384212e-12 0.000000e+00
375 380 1.038570e-03 3.284247e-03 3 2 3 2 3.065099e-12 0.000000e+00
375 381 1.038570e-03 4.134622e-03 3 2 3 2 1.823525e-12 0.000000e+00
375 382 1.038570e-03 5.205181e-03 3 2 3 2 1.114536e-12 0.000000e+00
375 383 1.038570e-03 6.552935e-03 3 2 3 2 6.911729e-13 0.000000e+00
375 384 1.038570e-03 8.249656e-03 3 2 3 2 4.308987e-13 0.000000e+00
376 374 1.307482e-03 8.249656e-04 3 2 3 2 2.547991e-11 0.000000e+00
376 375 1.307482e-03 1.038570e-03 3 2 3 2 4.849831e-11 0.000000e+00
376 376 1.307482e-03 1.307482e-03 3 2 3 2 8.579032e-10 0.000000e+00
376 377 1.307482e-03 1.646023e-03 3 2 3 2 4.019385e-11 0.000000e+00
376 378 1.307482e-03 2.072220e-03 3 2 3 2 1.736759e-11 0.000000e+00
376 379 1.307482e-03 2.608770e-03 3 2 3 2 8.810115e-12 0.000000e+00
376 380 1.307482e-03 3.284247e-03 3 2 3 2 4.916214e-12 0.000000e+00
376 381 1.307482e-03 4.134622e-03 3 2 3 2 2.902354e-12 0.000000e+00
376 382 1.307482e-03 5.205181e-03 3 2 3 2 1.769028e-12 0.000000e+00
376 383 1.307482e-03 6.552935e-03 3 2 3 2 1.095925e-12 0.000000e+00
376 384 1.307482e-03 8.249656e-03 3 2 3 2 6.829871e-13 0.000000e+00
377 374 1.646023e-03 8.249656e-04 3 2 3 2 1.200761e-11 0.000000e+00
377 375 1.646023e-03 1.038570e-03 3 2 3 2 2.082044e-11 0.000000e+00
377 376 1.646023e-03 1.307482e-03 3 2 3 2 4.019385e-11 0.000000e+00
377 377 1.646023e-03 1.646023e-03 3 2 3 2 5.606091e-10 0.000000e+00
377 378 1.646023e-03 2.072220e-03 3 2 3 2 3.353581e-11 0.000000e+00
377 379 1.646023e-03 2.608770e-03 3 2 3 2 1.493058e-11 0.000000e+00
377 380 1.646023e-03 3.284247e-03 3 2 3 2 7.972069e-12 0.000000e+00
377 381 1.646023e-03 4.134622e-03 3 2 3 2 4.635236e-12 0.000000e+00
377 382 1.646023e-03 5.205181e-03 3 2 3 2 2.810545e-12 0.000000e+00
377 383 1.646023e-03 6.552935e-03 3 2 3 2 1.738173e-12 0.000000e+00
377 384 1.646023e-03 8.249656e-03 3 2 3 2 1.082818e-12 0.000000e+00
378 374 2.072220e-03 8.249656e-04 3 2 3 2 6.123248e-12 0.000000e+00
378 375 2.072220e-03 1.038570e-03 3 2 3 2 1.010609e-11 0.000000e+00
378 376 2.072220e-03 1.307482e-03 3 2 3 2 1.736759e-11 0.000000e+00
378 377 2.072220e-03 1.646023e-03 3 2 3 2 3.353581e-11 0.000000e+00
378 378 2.072220e-03 2.072220e-03 3 2 3 2 3.695554e-10 0.000000e+00
378 379 2.072220e-03 2.608770e-03 3 2 3 2 2.843077e-11 0.000000e+00
378 380 2.072220e-03 3.284247e-03 3 2 3 2 1.329242e-11 0.000000e+00
378 381 2.072220e-03 4.134622e-03 3 2 3 2 7.457735e-12 0.000000e+00
378 382 2.072220e-03 5.205181e-03 3 2 3 2 4.474419e-12 0.000000e+00
378 383 2.072220e-03 6.552935e-03 3 2 3 2 2.758394e-12 0.000000e+00
378 384 2.072220e-03 8.249656e-03 3 2 3 2 1.716870e-12 0.000000e+00
379 374 2.608770e-03 8.249656e-04 3 2 3 2 3.339401e-12 0.000000e+00
379 375 2.608770e-03 1.038570e-03 3 2 3 2 5.384212e-12 0.000000e+00
379 376 2.608770e-03 1.307482e-03 3 2 3 2 8.810115e-12 0.000000e+00
379 377 2.608770e-03 1.646023e-03 3 2 3 2 1.493058e-11 0.000000e+00
379 378 2.608770e-03 2.072220e-03 3 2 3 2 2.843077e-11 0.000000e+00
379 379 2.608770e-03 2.608770e-03 3 2 3 2 2.464795e-10 0.000000e+00
379 380 2.608770e-03 3.284247e-03 3 2 3 2 2.467494e-11 0.000000e+00
379 381 2.608770e-03 4.134622e-03 3 2 3 2 1.224319e-11 0.000000e+00
379 382 2.608770e-03 5.205181e-03 3 2 3 2 7.156238e-12 0.000000e+00
379 383 2.608770e-03 6.552935e-03 3 2 3 2 4.382359e-12 0.000000e+00
379 384 2.608770e-03 8.249656e-03 3 2 3 2 2.723178e-12 0.000000e+00
380 374 3.284247e-03 8.249656e-04 3 2 3 2 1.920974e-12 0.000000e+00
380 375 3.284247e-03 1.038570e-03 3 2 3 2 3.065099e-12 0.000000e+00
380 376 3.284247e-03 1.307482e-03 3 2 3 2 4.916214e-12 0.000000e+00
380 377 3.284247e-03 1.646023e-03 3 2 3 2 7.972069e-12 0.000000e+00
380 378 3.284247e-03 2.072220e-03 3 2 3 2 1.329242e-11 0.000000e+00
380 379 3.284247e-03 2.608770e-03 3 2 3 2 2.467494e-11 0.000000e+00
380 380 3.284247e-03 3.284247e-03 3 2 3 2 1.671132e-10 0.000000e+00
380 381 3.284247e-03 4.134622e-03 3 2 3 2 2.201633e-11 0.000000e+00
380 382 3.284247e-03 5.205181e-03 3 2 3 2 1.159983e-11 0.000000e+00
380 383 3.284247e-03 6.552935e-03 3 2 3 2 6.981132e-12 0.000000e+00
380 384 3.284247e-03 8.249656e-03 3 2 3 2 4.322044e-12 0.000000e+00
381 374 4.134622e-03 8.249656e-04 3 2 3 2 1.147910e-12 0.000000e+00
381 375 4.134622e-03 1.038570e-03 3 2 3 2 1.823525e-12 0.000000e+00
381 376 4.134622e-03 1.307482e-03 3 2 3 2 2.902354e-12 0.000000e+00
381 377 4.134622e-03 1.646023e-03 3 2 3 2 4.635236e-12 0.000000e+00
381 378 4.134622e-03 2.072220e-03 3 2 3 2 7.457735e-12 0.000000e+00
381 379 4.134622e-03 2.608770e-03 3 2 3 2 1.224319e-11 0.000000e+00
381 380 4.134622e-03 3.284247e-03 3 2 3 2 2.201633e-11 0.000000e+00
381 381 4.134622e-03 4.134622e-03 3 2 3 2 1.159967e-10 0.000000e+00
381 382 4.134622e-03 5.205181e-03 3 2 3 2 2.019695e-11 0.000000e+00
381 383 4.134622e-03 6.552935e-03 3 2 3 2 1.121362e-11 0.000000e+00
381 384 4.134622e-03 8.249656e-03 3 2 3 2 6.869830e-12 0.000000e+00
382 374 5.205181e-03 8.249656e-04 3 2 3 2 7.026268e-13 0.000000e+00
382 375 5.205181e-03 1.038570e-03 3 2 3 2 1.114536e-12 0.000000e+00
382 376 5.205181e-03 1.307482e-03 3 2 3 2 1.769028e-12 0.000000e+00
382 377 5.205181e-03 1.646023e-03 3 2 3 2 2.810545e-12 0.000000e+00
382 378 5.205181e-03 2.072220e-03 3 2 3 2 4.474419e-12 0.000000e+00
382 379 5.205181e-03 2.608770e-03 3 2 3 2 7.156238e-12 0.000000e+00
382 380 5.205181e-03 3.284247e-03 3 2 3 2 1.159983e-11 0.000000e+00
382 381 5.205181e-03 4.134622e-03 3 2 3 2 2.019695e-11 0.000000e+00
382 382 5.205181e-03 5.205181e-03 3 2 3 2 8.297085e-11 0.000000e+00
382 383 5.205181e-03 6.552935e-03 3 2 3 2 1.898153e-11 0.000000e+00
382 384 5.205181e-03 8.249656e-03 3 2 3 2 1.097234e-11 0.000000e+00
383 374 6.552935e-03 8.249656e-04 3 2 3 2 4.360489e-13 0.000000e+00
383 375 6.552935e-03 1.038570e-03 3 2 3 2 6.911729e-13 0.000000e+00
383 376 6.552935e-03 1.307482e-03 3 2 3 2 1.095925e-12 0.000000e+00
383 377 6.552935e-03 1.646023e-03 3 2 3 2 1.738173e-12 0.000000e+00
383 378 6.552935e-03 2.072220e-03 3 2 3 2 2.758394e-12 0.000000e+00
383 379 6.552935e-03 2.608770e-03 3 2 3 2 4.382359e-12 0.000000e+00
383 380 6.552935e-03 3.284247e-03 3 2 3 2 6.981132e-12 0.000000e+00
383 381 6.552935e-03 4.134622e-03 3 2 3 2 1.121362e-11 0.000000e+00
383 382 6.552935e-03 5.205181e-03 3 2 3 2 1.898153e-11 0.000000e+00
383 383 6.552935e-03 6.552935e-03 3 2 3 2 6.160303e-11 0.000000e+00
383 384 6.552935e-03 8.249656e-03 3 2 3 2 1.817121e-11 0.000000e+00
384 374 8.249656e-03 8.249656e-04 3 2 3 2 2.718086e-13 0.000000e+00
384 375 8.249656e-03 1.038570e-03 3 2 3 2 4.308987e-13 0.000000e+00
384 376 8.249656e-03 1.307482e-03 3 2 3 2 6.829871e-13 0.000000e+00
384 377 8.249656e-03 1.646023e-03 3 2 3 2 1.082818e-12 0.000000e+00
384 378 8.249656e-03 2.072220e-03 3 2 3 2 1.716870e-12 0.000000e+00
384 379 8.249656e-03 2.608770e-03 3 2 3 2 2.723178e-12 0.000000e+00
384 380 8.249656e-03 3.284247e-03 3 2 3 2 4.322044e-12 0.000000e+00
384 381 8.249656e-03 4.134622e-03 3 2 3 2 6.869830e-12 0.000000e+00
384 382 8.249656e-03 5.205181e-03 3 2 3 2 1.097234e-11 0.000000e+00
384 383 8.249656e-03 6.552935e-03 3 2 3 2 1.817121e-11 0.000000e+00
384 384 8.249656e-03 8.249656e-03 3 2 3 2 4.777076e-11 0.000000e+00
