# Please cite the following papers in research using this covariance:
# arXiv: 1601.05779, https://arxiv.org/abs/1601.05779
# arXiv: 1911.11947, https://arxiv.org/abs/1911.11947
# arXiv: 2004.04833, https://arxiv.org/abs/2004.04833
# arXiv: 1804.10663, https://arxiv.org/abs/1804.10663
########################################################
319 396 8.249656e-04 8.249656e-04 2 1 4 0 2.215353e-14 0.000000e+00
319 397 8.249656e-04 1.038570e-03 2 1 4 0 2.243862e-14 0.000000e+00
319 398 8.249656e-04 1.307482e-03 2 1 4 0 1.925868e-14 0.000000e+00
319 399 8.249656e-04 1.646023e-03 2 1 4 0 1.505457e-14 0.000000e+00
319 400 8.249656e-04 2.072220e-03 2 1 4 0 1.116735e-14 0.000000e+00
319 401 8.249656e-04 2.608770e-03 2 1 4 0 8.064275e-15 0.000000e+00
319 402 8.249656e-04 3.284247e-03 2 1 4 0 5.773830e-15 0.000000e+00
319 403 8.249656e-04 4.134622e-03 2 1 4 0 4.151127e-15 0.000000e+00
319 404 8.249656e-04 5.205181e-03 2 1 4 0 3.016655e-15 0.000000e+00
319 405 8.249656e-04 6.552935e-03 2 1 4 0 2.216884e-15 0.000000e+00
319 406 8.249656e-04 8.249656e-03 2 1 4 0 1.641261e-15 0.000000e+00
320 396 1.038570e-03 8.249656e-04 2 1 4 0 2.243862e-14 0.000000e+00
320 397 1.038570e-03 1.038570e-03 2 1 4 0 2.781882e-14 0.000000e+00
320 398 1.038570e-03 1.307482e-03 2 1 4 0 2.745479e-14 0.000000e+00
320 399 1.038570e-03 1.646023e-03 2 1 4 0 2.277202e-14 0.000000e+00
320 400 1.038570e-03 2.072220e-03 2 1 4 0 1.732031e-14 0.000000e+00
320 401 1.038570e-03 2.608770e-03 2 1 4 0 1.264501e-14 0.000000e+00
320 402 1.038570e-03 3.284247e-03 2 1 4 0 9.097323e-15 0.000000e+00
320 403 1.038570e-03 4.134622e-03 2 1 4 0 6.555147e-15 0.000000e+00
320 404 1.038570e-03 5.205181e-03 2 1 4 0 4.769274e-15 0.000000e+00
320 405 1.038570e-03 6.552935e-03 2 1 4 0 3.507526e-15 0.000000e+00
320 406 1.038570e-03 8.249656e-03 2 1 4 0 2.598183e-15 0.000000e+00
321 396 1.307482e-03 8.249656e-04 2 1 4 0 1.925868e-14 0.000000e+00
321 397 1.307482e-03 1.038570e-03 2 1 4 0 2.745479e-14 0.000000e+00
321 398 1.307482e-03 1.307482e-03 2 1 4 0 3.399266e-14 0.000000e+00
321 399 1.307482e-03 1.646023e-03 2 1 4 0 3.273926e-14 0.000000e+00
321 400 1.307482e-03 2.072220e-03 2 1 4 0 2.635876e-14 0.000000e+00
321 401 1.307482e-03 2.608770e-03 2 1 4 0 1.966981e-14 0.000000e+00
321 402 1.307482e-03 3.284247e-03 2 1 4 0 1.427797e-14 0.000000e+00
321 403 1.307482e-03 4.134622e-03 2 1 4 0 1.032799e-14 0.000000e+00
321 404 1.307482e-03 5.205181e-03 2 1 4 0 7.528944e-15 0.000000e+00
321 405 1.307482e-03 6.552935e-03 2 1 4 0 5.543934e-15 0.000000e+00
321 406 1.307482e-03 8.249656e-03 2 1 4 0 4.110198e-15 0.000000e+00
322 396 1.646023e-03 8.249656e-04 2 1 4 0 1.505457e-14 0.000000e+00
322 397 1.646023e-03 1.038570e-03 2 1 4 0 2.277202e-14 0.000000e+00
322 398 1.646023e-03 1.307482e-03 2 1 4 0 3.273926e-14 0.000000e+00
322 399 1.646023e-03 1.646023e-03 2 1 4 0 4.059281e-14 0.000000e+00
322 400 1.646023e-03 2.072220e-03 2 1 4 0 3.825666e-14 0.000000e+00
322 401 1.646023e-03 2.608770e-03 2 1 4 0 3.009385e-14 0.000000e+00
322 402 1.646023e-03 3.284247e-03 2 1 4 0 2.224963e-14 0.000000e+00
322 403 1.646023e-03 4.134622e-03 2 1 4 0 1.621025e-14 0.000000e+00
322 404 1.646023e-03 5.205181e-03 2 1 4 0 1.185673e-14 0.000000e+00
322 405 1.646023e-03 6.552935e-03 2 1 4 0 8.748323e-15 0.000000e+00
322 406 1.646023e-03 8.249656e-03 2 1 4 0 6.494944e-15 0.000000e+00
323 396 2.072220e-03 8.249656e-04 2 1 4 0 1.116735e-14 0.000000e+00
323 397 2.072220e-03 1.038570e-03 2 1 4 0 1.732031e-14 0.000000e+00
323 398 2.072220e-03 1.307482e-03 2 1 4 0 2.635876e-14 0.000000e+00
323 399 2.072220e-03 1.646023e-03 2 1 4 0 3.825666e-14 0.000000e+00
323 400 2.072220e-03 2.072220e-03 2 1 4 0 4.762307e-14 0.000000e+00
323 401 2.072220e-03 2.608770e-03 2 1 4 0 4.408988e-14 0.000000e+00
323 402 2.072220e-03 3.284247e-03 2 1 4 0 3.416807e-14 0.000000e+00
323 403 2.072220e-03 4.134622e-03 2 1 4 0 2.527064e-14 0.000000e+00
323 404 2.072220e-03 5.205181e-03 2 1 4 0 1.859728e-14 0.000000e+00
323 405 2.072220e-03 6.552935e-03 2 1 4 0 1.376821e-14 0.000000e+00
323 406 2.072220e-03 8.249656e-03 2 1 4 0 1.024509e-14 0.000000e+00
324 396 2.608770e-03 8.249656e-04 2 1 4 0 8.064275e-15 0.000000e+00
324 397 2.608770e-03 1.038570e-03 2 1 4 0 1.264501e-14 0.000000e+00
324 398 2.608770e-03 1.307482e-03 2 1 4 0 1.966981e-14 0.000000e+00
324 399 2.608770e-03 1.646023e-03 2 1 4 0 3.009385e-14 0.000000e+00
324 400 2.608770e-03 2.072220e-03 2 1 4 0 4.408988e-14 0.000000e+00
324 401 2.608770e-03 2.608770e-03 2 1 4 0 5.521297e-14 0.000000e+00
324 402 2.608770e-03 3.284247e-03 2 1 4 0 5.046002e-14 0.000000e+00
324 403 2.608770e-03 4.134622e-03 2 1 4 0 3.886878e-14 0.000000e+00
324 404 2.608770e-03 5.205181e-03 2 1 4 0 2.896768e-14 0.000000e+00
324 405 2.608770e-03 6.552935e-03 2 1 4 0 2.157365e-14 0.000000e+00
324 406 2.608770e-03 8.249656e-03 2 1 4 0 1.611391e-14 0.000000e+00
325 396 3.284247e-03 8.249656e-04 2 1 4 0 5.773830e-15 0.000000e+00
325 397 3.284247e-03 1.038570e-03 2 1 4 0 9.097323e-15 0.000000e+00
325 398 3.284247e-03 1.307482e-03 2 1 4 0 1.427797e-14 0.000000e+00
325 399 3.284247e-03 1.646023e-03 2 1 4 0 2.224963e-14 0.000000e+00
325 400 3.284247e-03 2.072220e-03 2 1 4 0 3.416807e-14 0.000000e+00
325 401 3.284247e-03 2.608770e-03 2 1 4 0 5.046002e-14 0.000000e+00
325 402 3.284247e-03 3.284247e-03 2 1 4 0 6.362957e-14 0.000000e+00
325 403 3.284247e-03 4.134622e-03 2 1 4 0 5.771056e-14 0.000000e+00
325 404 3.284247e-03 5.205181e-03 2 1 4 0 4.453120e-14 0.000000e+00
325 405 3.284247e-03 6.552935e-03 2 1 4 0 3.355221e-14 0.000000e+00
325 406 3.284247e-03 8.249656e-03 2 1 4 0 2.522383e-14 0.000000e+00
326 396 4.134622e-03 8.249656e-04 2 1 4 0 4.151127e-15 0.000000e+00
326 397 4.134622e-03 1.038570e-03 2 1 4 0 6.555147e-15 0.000000e+00
326 398 4.134622e-03 1.307482e-03 2 1 4 0 1.032799e-14 0.000000e+00
326 399 4.134622e-03 1.646023e-03 2 1 4 0 1.621025e-14 0.000000e+00
326 400 4.134622e-03 2.072220e-03 2 1 4 0 2.527064e-14 0.000000e+00
326 401 4.134622e-03 2.608770e-03 2 1 4 0 3.886878e-14 0.000000e+00
326 402 4.134622e-03 3.284247e-03 2 1 4 0 5.771056e-14 0.000000e+00
326 403 4.134622e-03 4.134622e-03 2 1 4 0 7.325477e-14 0.000000e+00
326 404 4.134622e-03 5.205181e-03 2 1 4 0 6.625917e-14 0.000000e+00
326 405 4.134622e-03 6.552935e-03 2 1 4 0 5.147393e-14 0.000000e+00
326 406 4.134622e-03 8.249656e-03 2 1 4 0 3.916453e-14 0.000000e+00
327 396 5.205181e-03 8.249656e-04 2 1 4 0 3.016655e-15 0.000000e+00
327 397 5.205181e-03 1.038570e-03 2 1 4 0 4.769274e-15 0.000000e+00
327 398 5.205181e-03 1.307482e-03 2 1 4 0 7.528944e-15 0.000000e+00
327 399 5.205181e-03 1.646023e-03 2 1 4 0 1.185673e-14 0.000000e+00
327 400 5.205181e-03 2.072220e-03 2 1 4 0 1.859728e-14 0.000000e+00
327 401 5.205181e-03 2.608770e-03 2 1 4 0 2.896768e-14 0.000000e+00
327 402 5.205181e-03 3.284247e-03 2 1 4 0 4.453120e-14 0.000000e+00
327 403 5.205181e-03 4.134622e-03 2 1 4 0 6.625917e-14 0.000000e+00
327 404 5.205181e-03 5.205181e-03 2 1 4 0 8.453435e-14 0.000000e+00
327 405 5.205181e-03 6.552935e-03 2 1 4 0 7.652457e-14 0.000000e+00
327 406 5.205181e-03 8.249656e-03 2 1 4 0 5.992687e-14 0.000000e+00
328 396 6.552935e-03 8.249656e-04 2 1 4 0 2.216884e-15 0.000000e+00
328 397 6.552935e-03 1.038570e-03 2 1 4 0 3.507526e-15 0.000000e+00
328 398 6.552935e-03 1.307482e-03 2 1 4 0 5.543934e-15 0.000000e+00
328 399 6.552935e-03 1.646023e-03 2 1 4 0 8.748323e-15 0.000000e+00
328 400 6.552935e-03 2.072220e-03 2 1 4 0 1.376821e-14 0.000000e+00
328 401 6.552935e-03 2.608770e-03 2 1 4 0 2.157365e-14 0.000000e+00
328 402 6.552935e-03 3.284247e-03 2 1 4 0 3.355221e-14 0.000000e+00
328 403 6.552935e-03 4.134622e-03 2 1 4 0 5.147393e-14 0.000000e+00
328 404 6.552935e-03 5.205181e-03 2 1 4 0 7.652457e-14 0.000000e+00
328 405 6.552935e-03 6.552935e-03 2 1 4 0 9.790130e-14 0.000000e+00
328 406 6.552935e-03 8.249656e-03 2 1 4 0 8.883579e-14 0.000000e+00
329 396 8.249656e-03 8.249656e-04 2 1 4 0 1.641261e-15 0.000000e+00
329 397 8.249656e-03 1.038570e-03 2 1 4 0 2.598183e-15 0.000000e+00
329 398 8.249656e-03 1.307482e-03 2 1 4 0 4.110198e-15 0.000000e+00
329 399 8.249656e-03 1.646023e-03 2 1 4 0 6.494944e-15 0.000000e+00
329 400 8.249656e-03 2.072220e-03 2 1 4 0 1.024509e-14 0.000000e+00
329 401 8.249656e-03 2.608770e-03 2 1 4 0 1.611391e-14 0.000000e+00
329 402 8.249656e-03 3.284247e-03 2 1 4 0 2.522383e-14 0.000000e+00
329 403 8.249656e-03 4.134622e-03 2 1 4 0 3.916453e-14 0.000000e+00
329 404 8.249656e-03 5.205181e-03 2 1 4 0 5.992687e-14 0.000000e+00
329 405 8.249656e-03 6.552935e-03 2 1 4 0 8.883579e-14 0.000000e+00
329 406 8.249656e-03 8.249656e-03 2 1 4 0 1.136781e-13 0.000000e+00
