# Please cite the following papers in research using this covariance:
# arXiv: 1601.05779, https://arxiv.org/abs/1601.05779
# arXiv: 1911.11947, https://arxiv.org/abs/1911.11947
# arXiv: 2004.04833, https://arxiv.org/abs/2004.04833
# arXiv: 1804.10663, https://arxiv.org/abs/1804.10663
########################################################
275 429 8.249656e-04 8.249656e-04 1 1 4 3 1.308341e-13 0.000000e+00
275 430 8.249656e-04 1.038570e-03 1 1 4 3 1.327236e-13 0.000000e+00
275 431 8.249656e-04 1.307482e-03 1 1 4 3 1.134329e-13 0.000000e+00
275 432 8.249656e-04 1.646023e-03 1 1 4 3 8.700485e-14 0.000000e+00
275 433 8.249656e-04 2.072220e-03 1 1 4 3 6.227636e-14 0.000000e+00
275 434 8.249656e-04 2.608770e-03 1 1 4 3 4.280544e-14 0.000000e+00
275 435 8.249656e-04 3.284247e-03 1 1 4 3 2.896737e-14 0.000000e+00
275 436 8.249656e-04 4.134622e-03 1 1 4 3 1.973247e-14 0.000000e+00
275 437 8.249656e-04 5.205181e-03 1 1 4 3 1.376022e-14 0.000000e+00
275 438 8.249656e-04 6.552935e-03 1 1 4 3 9.900193e-15 0.000000e+00
275 439 8.249656e-04 8.249656e-03 1 1 4 3 7.333829e-15 0.000000e+00
276 429 1.038570e-03 8.249656e-04 1 1 4 3 1.327236e-13 0.000000e+00
276 430 1.038570e-03 1.038570e-03 1 1 4 3 1.638114e-13 0.000000e+00
276 431 1.038570e-03 1.307482e-03 1 1 4 3 1.610023e-13 0.000000e+00
276 432 1.038570e-03 1.646023e-03 1 1 4 3 1.315506e-13 0.000000e+00
276 433 1.038570e-03 2.072220e-03 1 1 4 3 9.680692e-14 0.000000e+00
276 434 1.038570e-03 2.608770e-03 1 1 4 3 6.732282e-14 0.000000e+00
276 435 1.038570e-03 3.284247e-03 1 1 4 3 4.576174e-14 0.000000e+00
276 436 1.038570e-03 4.134622e-03 1 1 4 3 3.121676e-14 0.000000e+00
276 437 1.038570e-03 5.205181e-03 1 1 4 3 2.177680e-14 0.000000e+00
276 438 1.038570e-03 6.552935e-03 1 1 4 3 1.567087e-14 0.000000e+00
276 439 1.038570e-03 8.249656e-03 1 1 4 3 1.161125e-14 0.000000e+00
277 429 1.307482e-03 8.249656e-04 1 1 4 3 1.134329e-13 0.000000e+00
277 430 1.307482e-03 1.038570e-03 1 1 4 3 1.610023e-13 0.000000e+00
277 431 1.307482e-03 1.307482e-03 1 1 4 3 1.980139e-13 0.000000e+00
277 432 1.307482e-03 1.646023e-03 1 1 4 3 1.885954e-13 0.000000e+00
277 433 1.307482e-03 2.072220e-03 1 1 4 3 1.476885e-13 0.000000e+00
277 434 1.307482e-03 2.608770e-03 1 1 4 3 1.051942e-13 0.000000e+00
277 435 1.307482e-03 3.284247e-03 1 1 4 3 7.212079e-14 0.000000e+00
277 436 1.307482e-03 4.134622e-03 1 1 4 3 4.932741e-14 0.000000e+00
277 437 1.307482e-03 5.205181e-03 1 1 4 3 3.443406e-14 0.000000e+00
277 438 1.307482e-03 6.552935e-03 1 1 4 3 2.478677e-14 0.000000e+00
277 439 1.307482e-03 8.249656e-03 1 1 4 3 1.837228e-14 0.000000e+00
278 429 1.646023e-03 8.249656e-04 1 1 4 3 8.700485e-14 0.000000e+00
278 430 1.646023e-03 1.038570e-03 1 1 4 3 1.315506e-13 0.000000e+00
278 431 1.646023e-03 1.307482e-03 1 1 4 3 1.885954e-13 0.000000e+00
278 432 1.646023e-03 1.646023e-03 1 1 4 3 2.319818e-13 0.000000e+00
278 433 1.646023e-03 2.072220e-03 1 1 4 3 2.144584e-13 0.000000e+00
278 434 1.646023e-03 2.608770e-03 1 1 4 3 1.619205e-13 0.000000e+00
278 435 1.646023e-03 3.284247e-03 1 1 4 3 1.131175e-13 0.000000e+00
278 436 1.646023e-03 4.134622e-03 1 1 4 3 7.778659e-14 0.000000e+00
278 437 1.646023e-03 5.205181e-03 1 1 4 3 5.437232e-14 0.000000e+00
278 438 1.646023e-03 6.552935e-03 1 1 4 3 3.915913e-14 0.000000e+00
278 439 1.646023e-03 8.249656e-03 1 1 4 3 2.904188e-14 0.000000e+00
279 429 2.072220e-03 8.249656e-04 1 1 4 3 6.227636e-14 0.000000e+00
279 430 2.072220e-03 1.038570e-03 1 1 4 3 9.680692e-14 0.000000e+00
279 431 2.072220e-03 1.307482e-03 1 1 4 3 1.476885e-13 0.000000e+00
279 432 2.072220e-03 1.646023e-03 1 1 4 3 2.144584e-13 0.000000e+00
279 433 2.072220e-03 2.072220e-03 1 1 4 3 2.648904e-13 0.000000e+00
279 434 2.072220e-03 2.608770e-03 1 1 4 3 2.385226e-13 0.000000e+00
279 435 2.072220e-03 3.284247e-03 1 1 4 3 1.753895e-13 0.000000e+00
279 436 2.072220e-03 4.134622e-03 1 1 4 3 1.221895e-13 0.000000e+00
279 437 2.072220e-03 5.205181e-03 1 1 4 3 8.565899e-14 0.000000e+00
279 438 2.072220e-03 6.552935e-03 1 1 4 3 6.174865e-14 0.000000e+00
279 439 2.072220e-03 8.249656e-03 1 1 4 3 4.583688e-14 0.000000e+00
280 429 2.608770e-03 8.249656e-04 1 1 4 3 4.280544e-14 0.000000e+00
280 430 2.608770e-03 1.038570e-03 1 1 4 3 6.732282e-14 0.000000e+00
280 431 2.608770e-03 1.307482e-03 1 1 4 3 1.051942e-13 0.000000e+00
280 432 2.608770e-03 1.646023e-03 1 1 4 3 1.619205e-13 0.000000e+00
280 433 2.608770e-03 2.072220e-03 1 1 4 3 2.385226e-13 0.000000e+00
280 434 2.608770e-03 2.608770e-03 1 1 4 3 2.969640e-13 0.000000e+00
280 435 2.608770e-03 3.284247e-03 1 1 4 3 2.619635e-13 0.000000e+00
280 436 2.608770e-03 4.134622e-03 1 1 4 3 1.902298e-13 0.000000e+00
280 437 2.608770e-03 5.205181e-03 1 1 4 3 1.344151e-13 0.000000e+00
280 438 2.608770e-03 6.552935e-03 1 1 4 3 9.707521e-14 0.000000e+00
280 439 2.608770e-03 8.249656e-03 1 1 4 3 7.216580e-14 0.000000e+00
281 429 3.284247e-03 8.249656e-04 1 1 4 3 2.896737e-14 0.000000e+00
281 430 3.284247e-03 1.038570e-03 1 1 4 3 4.576174e-14 0.000000e+00
281 431 3.284247e-03 1.307482e-03 1 1 4 3 7.212079e-14 0.000000e+00
281 432 3.284247e-03 1.646023e-03 1 1 4 3 1.131175e-13 0.000000e+00
281 433 3.284247e-03 2.072220e-03 1 1 4 3 1.753895e-13 0.000000e+00
281 434 3.284247e-03 2.608770e-03 1 1 4 3 2.619635e-13 0.000000e+00
281 435 3.284247e-03 3.284247e-03 1 1 4 3 3.296862e-13 0.000000e+00
281 436 3.284247e-03 4.134622e-03 1 1 4 3 2.872001e-13 0.000000e+00
281 437 3.284247e-03 5.205181e-03 1 1 4 3 2.092550e-13 0.000000e+00
281 438 3.284247e-03 6.552935e-03 1 1 4 3 1.518604e-13 0.000000e+00
281 439 3.284247e-03 8.249656e-03 1 1 4 3 1.131680e-13 0.000000e+00
282 429 4.134622e-03 8.249656e-04 1 1 4 3 1.973247e-14 0.000000e+00
282 430 4.134622e-03 1.038570e-03 1 1 4 3 3.121676e-14 0.000000e+00
282 431 4.134622e-03 1.307482e-03 1 1 4 3 4.932741e-14 0.000000e+00
282 432 4.134622e-03 1.646023e-03 1 1 4 3 7.778659e-14 0.000000e+00
282 433 4.134622e-03 2.072220e-03 1 1 4 3 1.221895e-13 0.000000e+00
282 434 4.134622e-03 2.608770e-03 1 1 4 3 1.902298e-13 0.000000e+00
282 435 4.134622e-03 3.284247e-03 1 1 4 3 2.872001e-13 0.000000e+00
282 436 4.134622e-03 4.134622e-03 1 1 4 3 3.657578e-13 0.000000e+00
282 437 4.134622e-03 5.205181e-03 1 1 4 3 3.176313e-13 0.000000e+00
282 438 4.134622e-03 6.552935e-03 1 1 4 3 2.355157e-13 0.000000e+00
282 439 4.134622e-03 8.249656e-03 1 1 4 3 1.763281e-13 0.000000e+00
283 429 5.205181e-03 8.249656e-04 1 1 4 3 1.376022e-14 0.000000e+00
283 430 5.205181e-03 1.038570e-03 1 1 4 3 2.177680e-14 0.000000e+00
283 431 5.205181e-03 1.307482e-03 1 1 4 3 3.443406e-14 0.000000e+00
283 432 5.205181e-03 1.646023e-03 1 1 4 3 5.437232e-14 0.000000e+00
283 433 5.205181e-03 2.072220e-03 1 1 4 3 8.565899e-14 0.000000e+00
283 434 5.205181e-03 2.608770e-03 1 1 4 3 1.344151e-13 0.000000e+00
283 435 5.205181e-03 3.284247e-03 1 1 4 3 2.092550e-13 0.000000e+00
283 436 5.205181e-03 4.134622e-03 1 1 4 3 3.176313e-13 0.000000e+00
283 437 5.205181e-03 5.205181e-03 1 1 4 3 4.088305e-13 0.000000e+00
283 438 5.205181e-03 6.552935e-03 1 1 4 3 3.571774e-13 0.000000e+00
283 439 5.205181e-03 8.249656e-03 1 1 4 3 2.718086e-13 0.000000e+00
284 429 6.552935e-03 8.249656e-04 1 1 4 3 9.900193e-15 0.000000e+00
284 430 6.552935e-03 1.038570e-03 1 1 4 3 1.567087e-14 0.000000e+00
284 431 6.552935e-03 1.307482e-03 1 1 4 3 2.478677e-14 0.000000e+00
284 432 6.552935e-03 1.646023e-03 1 1 4 3 3.915913e-14 0.000000e+00
284 433 6.552935e-03 2.072220e-03 1 1 4 3 6.174865e-14 0.000000e+00
284 434 6.552935e-03 2.608770e-03 1 1 4 3 9.707521e-14 0.000000e+00
284 435 6.552935e-03 3.284247e-03 1 1 4 3 1.518604e-13 0.000000e+00
284 436 6.552935e-03 4.134622e-03 1 1 4 3 2.355157e-13 0.000000e+00
284 437 6.552935e-03 5.205181e-03 1 1 4 3 3.571774e-13 0.000000e+00
284 438 6.552935e-03 6.552935e-03 1 1 4 3 4.630551e-13 0.000000e+00
284 439 6.552935e-03 8.249656e-03 1 1 4 3 4.096726e-13 0.000000e+00
285 429 8.249656e-03 8.249656e-04 1 1 4 3 7.333829e-15 0.000000e+00
285 430 8.249656e-03 1.038570e-03 1 1 4 3 1.161125e-14 0.000000e+00
285 431 8.249656e-03 1.307482e-03 1 1 4 3 1.837228e-14 0.000000e+00
285 432 8.249656e-03 1.646023e-03 1 1 4 3 2.904188e-14 0.000000e+00
285 433 8.249656e-03 2.072220e-03 1 1 4 3 4.583688e-14 0.000000e+00
285 434 8.249656e-03 2.608770e-03 1 1 4 3 7.216580e-14 0.000000e+00
285 435 8.249656e-03 3.284247e-03 1 1 4 3 1.131680e-13 0.000000e+00
285 436 8.249656e-03 4.134622e-03 1 1 4 3 1.763281e-13 0.000000e+00
285 437 8.249656e-03 5.205181e-03 1 1 4 3 2.718086e-13 0.000000e+00
285 438 8.249656e-03 6.552935e-03 1 1 4 3 4.096726e-13 0.000000e+00
285 439 8.249656e-03 8.249656e-03 1 1 4 3 5.324411e-13 0.000000e+00
