# Please cite the following papers in research using this covariance:
# arXiv: 1601.05779, https://arxiv.org/abs/1601.05779
# arXiv: 1911.11947, https://arxiv.org/abs/1911.11947
# arXiv: 2004.04833, https://arxiv.org/abs/2004.04833
# arXiv: 1804.10663, https://arxiv.org/abs/1804.10663
########################################################
341 473 8.249656e-04 8.249656e-04 2 3 5 3 9.282677e-12 0.000000e+00
341 474 8.249656e-04 1.038570e-03 2 3 5 3 5.697503e-12 0.000000e+00
341 475 8.249656e-04 1.307482e-03 2 3 5 3 2.646702e-12 0.000000e+00
341 476 8.249656e-04 1.646023e-03 2 3 5 3 1.283176e-12 0.000000e+00
341 477 8.249656e-04 2.072220e-03 2 3 5 3 6.662662e-13 0.000000e+00
341 478 8.249656e-04 2.608770e-03 2 3 5 3 3.718270e-13 0.000000e+00
341 479 8.249656e-04 3.284247e-03 2 3 5 3 2.224162e-13 0.000000e+00
341 480 8.249656e-04 4.134622e-03 2 3 5 3 1.414565e-13 0.000000e+00
341 481 8.249656e-04 5.205181e-03 2 3 5 3 9.441739e-14 0.000000e+00
341 482 8.249656e-04 6.552935e-03 2 3 5 3 6.525784e-14 0.000000e+00
341 483 8.249656e-04 8.249656e-03 2 3 5 3 4.603138e-14 0.000000e+00
342 473 1.038570e-03 8.249656e-04 2 3 5 3 5.697503e-12 0.000000e+00
342 474 1.038570e-03 1.038570e-03 2 3 5 3 8.237022e-12 0.000000e+00
342 475 1.038570e-03 1.307482e-03 2 3 5 3 4.852391e-12 0.000000e+00
342 476 1.038570e-03 1.646023e-03 2 3 5 3 2.204158e-12 0.000000e+00
342 477 1.038570e-03 2.072220e-03 2 3 5 3 1.096503e-12 0.000000e+00
342 478 1.038570e-03 2.608770e-03 2 3 5 3 5.985356e-13 0.000000e+00
342 479 1.038570e-03 3.284247e-03 2 3 5 3 3.543184e-13 0.000000e+00
342 480 1.038570e-03 4.134622e-03 2 3 5 3 2.243419e-13 0.000000e+00
342 481 1.038570e-03 5.205181e-03 2 3 5 3 1.495373e-13 0.000000e+00
342 482 1.038570e-03 6.552935e-03 2 3 5 3 1.033182e-13 0.000000e+00
342 483 1.038570e-03 8.249656e-03 2 3 5 3 7.290087e-14 0.000000e+00
343 473 1.307482e-03 8.249656e-04 2 3 5 3 2.646702e-12 0.000000e+00
343 474 1.307482e-03 1.038570e-03 2 3 5 3 4.852391e-12 0.000000e+00
343 475 1.307482e-03 1.307482e-03 2 3 5 3 7.226713e-12 0.000000e+00
343 476 1.307482e-03 1.646023e-03 2 3 5 3 4.114211e-12 0.000000e+00
343 477 1.307482e-03 2.072220e-03 2 3 5 3 1.871393e-12 0.000000e+00
343 478 1.307482e-03 2.608770e-03 2 3 5 3 9.765104e-13 0.000000e+00
343 479 1.307482e-03 3.284247e-03 2 3 5 3 5.668286e-13 0.000000e+00
343 480 1.307482e-03 4.134622e-03 2 3 5 3 3.561033e-13 0.000000e+00
343 481 1.307482e-03 5.205181e-03 2 3 5 3 2.367703e-13 0.000000e+00
343 482 1.307482e-03 6.552935e-03 2 3 5 3 1.635018e-13 0.000000e+00
343 483 1.307482e-03 8.249656e-03 2 3 5 3 1.153807e-13 0.000000e+00
344 473 1.646023e-03 8.249656e-04 2 3 5 3 1.283176e-12 0.000000e+00
344 474 1.646023e-03 1.038570e-03 2 3 5 3 2.204158e-12 0.000000e+00
344 475 1.646023e-03 1.307482e-03 2 3 5 3 4.114211e-12 0.000000e+00
344 476 1.646023e-03 1.646023e-03 2 3 5 3 6.304185e-12 0.000000e+00
344 477 1.646023e-03 2.072220e-03 2 3 5 3 3.510360e-12 0.000000e+00
344 478 1.646023e-03 2.608770e-03 2 3 5 3 1.644488e-12 0.000000e+00
344 479 1.646023e-03 3.284247e-03 2 3 5 3 9.151878e-13 0.000000e+00
344 480 1.646023e-03 4.134622e-03 2 3 5 3 5.662756e-13 0.000000e+00
344 481 1.646023e-03 5.205181e-03 2 3 5 3 3.747154e-13 0.000000e+00
344 482 1.646023e-03 6.552935e-03 2 3 5 3 2.585155e-13 0.000000e+00
344 483 1.646023e-03 8.249656e-03 2 3 5 3 1.824886e-13 0.000000e+00
345 473 2.072220e-03 8.249656e-04 2 3 5 3 6.662662e-13 0.000000e+00
345 474 2.072220e-03 1.038570e-03 2 3 5 3 1.096503e-12 0.000000e+00
345 475 2.072220e-03 1.307482e-03 2 3 5 3 1.871393e-12 0.000000e+00
345 476 2.072220e-03 1.646023e-03 2 3 5 3 3.510360e-12 0.000000e+00
345 477 2.072220e-03 2.072220e-03 2 3 5 3 5.504811e-12 0.000000e+00
345 478 2.072220e-03 2.608770e-03 2 3 5 3 3.052208e-12 0.000000e+00
345 479 2.072220e-03 3.284247e-03 2 3 5 3 1.513791e-12 0.000000e+00
345 480 2.072220e-03 4.134622e-03 2 3 5 3 9.047893e-13 0.000000e+00
345 481 2.072220e-03 5.205181e-03 2 3 5 3 5.928600e-13 0.000000e+00
345 482 2.072220e-03 6.552935e-03 2 3 5 3 4.082087e-13 0.000000e+00
345 483 2.072220e-03 8.249656e-03 2 3 5 3 2.882518e-13 0.000000e+00
346 473 2.608770e-03 8.249656e-04 2 3 5 3 3.718270e-13 0.000000e+00
346 474 2.608770e-03 1.038570e-03 2 3 5 3 5.985356e-13 0.000000e+00
346 475 2.608770e-03 1.307482e-03 2 3 5 3 9.765104e-13 0.000000e+00
346 476 2.608770e-03 1.646023e-03 2 3 5 3 1.644488e-12 0.000000e+00
346 477 2.608770e-03 2.072220e-03 2 3 5 3 3.052208e-12 0.000000e+00
346 478 2.608770e-03 2.608770e-03 2 3 5 3 4.851094e-12 0.000000e+00
346 479 2.608770e-03 3.284247e-03 2 3 5 3 2.738954e-12 0.000000e+00
346 480 2.608770e-03 4.134622e-03 2 3 5 3 1.467925e-12 0.000000e+00
346 481 2.608770e-03 5.205181e-03 2 3 5 3 9.387239e-13 0.000000e+00
346 482 2.608770e-03 6.552935e-03 2 3 5 3 6.433347e-13 0.000000e+00
346 483 2.608770e-03 8.249656e-03 2 3 5 3 4.544291e-13 0.000000e+00
347 473 3.284247e-03 8.249656e-04 2 3 5 3 2.224162e-13 0.000000e+00
347 474 3.284247e-03 1.038570e-03 2 3 5 3 3.543184e-13 0.000000e+00
347 475 3.284247e-03 1.307482e-03 2 3 5 3 5.668286e-13 0.000000e+00
347 476 3.284247e-03 1.646023e-03 2 3 5 3 9.151878e-13 0.000000e+00
347 477 3.284247e-03 2.072220e-03 2 3 5 3 1.513791e-12 0.000000e+00
347 478 3.284247e-03 2.608770e-03 2 3 5 3 2.738954e-12 0.000000e+00
347 479 3.284247e-03 3.284247e-03 2 3 5 3 4.354047e-12 0.000000e+00
347 480 3.284247e-03 4.134622e-03 2 3 5 3 2.562445e-12 0.000000e+00
347 481 3.284247e-03 5.205181e-03 2 3 5 3 1.496262e-12 0.000000e+00
347 482 3.284247e-03 6.552935e-03 2 3 5 3 1.011449e-12 0.000000e+00
347 483 3.284247e-03 8.249656e-03 2 3 5 3 7.141865e-13 0.000000e+00
348 473 4.134622e-03 8.249656e-04 2 3 5 3 1.414565e-13 0.000000e+00
348 474 4.134622e-03 1.038570e-03 2 3 5 3 2.243419e-13 0.000000e+00
348 475 4.134622e-03 1.307482e-03 2 3 5 3 3.561033e-13 0.000000e+00
348 476 4.134622e-03 1.646023e-03 2 3 5 3 5.662756e-13 0.000000e+00
348 477 4.134622e-03 2.072220e-03 2 3 5 3 9.047893e-13 0.000000e+00
348 478 4.134622e-03 2.608770e-03 2 3 5 3 1.467925e-12 0.000000e+00
348 479 4.134622e-03 3.284247e-03 2 3 5 3 2.562445e-12 0.000000e+00
348 480 4.134622e-03 4.134622e-03 2 3 5 3 4.016068e-12 0.000000e+00
348 481 4.134622e-03 5.205181e-03 2 3 5 3 2.510979e-12 0.000000e+00
348 482 4.134622e-03 6.552935e-03 2 3 5 3 1.589191e-12 0.000000e+00
348 483 4.134622e-03 8.249656e-03 2 3 5 3 1.117099e-12 0.000000e+00
349 473 5.205181e-03 8.249656e-04 2 3 5 3 9.441739e-14 0.000000e+00
349 474 5.205181e-03 1.038570e-03 2 3 5 3 1.495373e-13 0.000000e+00
349 475 5.205181e-03 1.307482e-03 2 3 5 3 2.367703e-13 0.000000e+00
349 476 5.205181e-03 1.646023e-03 2 3 5 3 3.747154e-13 0.000000e+00
349 477 5.205181e-03 2.072220e-03 2 3 5 3 5.928600e-13 0.000000e+00
349 478 5.205181e-03 2.608770e-03 2 3 5 3 9.387239e-13 0.000000e+00
349 479 5.205181e-03 3.284247e-03 2 3 5 3 1.496262e-12 0.000000e+00
349 480 5.205181e-03 4.134622e-03 2 3 5 3 2.510979e-12 0.000000e+00
349 481 5.205181e-03 5.205181e-03 2 3 5 3 3.833016e-12 0.000000e+00
349 482 5.205181e-03 6.552935e-03 2 3 5 3 2.570933e-12 0.000000e+00
349 483 5.205181e-03 8.249656e-03 2 3 5 3 1.736582e-12 0.000000e+00
350 473 6.552935e-03 8.249656e-04 2 3 5 3 6.525784e-14 0.000000e+00
350 474 6.552935e-03 1.038570e-03 2 3 5 3 1.033182e-13 0.000000e+00
350 475 6.552935e-03 1.307482e-03 2 3 5 3 1.635018e-13 0.000000e+00
350 476 6.552935e-03 1.646023e-03 2 3 5 3 2.585155e-13 0.000000e+00
350 477 6.552935e-03 2.072220e-03 2 3 5 3 4.082087e-13 0.000000e+00
350 478 6.552935e-03 2.608770e-03 2 3 5 3 6.433347e-13 0.000000e+00
350 479 6.552935e-03 3.284247e-03 2 3 5 3 1.011449e-12 0.000000e+00
350 480 6.552935e-03 4.134622e-03 2 3 5 3 1.589191e-12 0.000000e+00
350 481 6.552935e-03 5.205181e-03 2 3 5 3 2.570933e-12 0.000000e+00
350 482 6.552935e-03 6.552935e-03 2 3 5 3 3.794883e-12 0.000000e+00
350 483 6.552935e-03 8.249656e-03 2 3 5 3 2.725969e-12 0.000000e+00
351 473 8.249656e-03 8.249656e-04 2 3 5 3 4.603138e-14 0.000000e+00
351 474 8.249656e-03 1.038570e-03 2 3 5 3 7.290087e-14 0.000000e+00
351 475 8.249656e-03 1.307482e-03 2 3 5 3 1.153807e-13 0.000000e+00
351 476 8.249656e-03 1.646023e-03 2 3 5 3 1.824886e-13 0.000000e+00
351 477 8.249656e-03 2.072220e-03 2 3 5 3 2.882518e-13 0.000000e+00
351 478 8.249656e-03 2.608770e-03 2 3 5 3 4.544291e-13 0.000000e+00
351 479 8.249656e-03 3.284247e-03 2 3 5 3 7.141865e-13 0.000000e+00
351 480 8.249656e-03 4.134622e-03 2 3 5 3 1.117099e-12 0.000000e+00
351 481 8.249656e-03 5.205181e-03 2 3 5 3 1.736582e-12 0.000000e+00
351 482 8.249656e-03 6.552935e-03 2 3 5 3 2.725969e-12 0.000000e+00
351 483 8.249656e-03 8.249656e-03 2 3 5 3 3.884508e-12 0.000000e+00
