# Please cite the following papers in research using this covariance:
# arXiv: 1601.05779, https://arxiv.org/abs/1601.05779
# arXiv: 1911.11947, https://arxiv.org/abs/1911.11947
# arXiv: 2004.04833, https://arxiv.org/abs/2004.04833
# arXiv: 1804.10663, https://arxiv.org/abs/1804.10663
########################################################
319 440 8.249656e-04 8.249656e-04 2 1 5 0 2.345357e-14 0.000000e+00
319 441 8.249656e-04 1.038570e-03 2 1 5 0 2.380206e-14 0.000000e+00
319 442 8.249656e-04 1.307482e-03 2 1 5 0 2.047133e-14 0.000000e+00
319 443 8.249656e-04 1.646023e-03 2 1 5 0 1.601278e-14 0.000000e+00
319 444 8.249656e-04 2.072220e-03 2 1 5 0 1.186727e-14 0.000000e+00
319 445 8.249656e-04 2.608770e-03 2 1 5 0 8.551603e-15 0.000000e+00
319 446 8.249656e-04 3.284247e-03 2 1 5 0 6.105837e-15 0.000000e+00
319 447 8.249656e-04 4.134622e-03 2 1 5 0 4.377591e-15 0.000000e+00
319 448 8.249656e-04 5.205181e-03 2 1 5 0 3.173811e-15 0.000000e+00
319 449 8.249656e-04 6.552935e-03 2 1 5 0 2.328784e-15 0.000000e+00
319 450 8.249656e-04 8.249656e-03 2 1 5 0 1.722994e-15 0.000000e+00
320 440 1.038570e-03 8.249656e-04 2 1 5 0 2.380206e-14 0.000000e+00
320 441 1.038570e-03 1.038570e-03 2 1 5 0 2.950274e-14 0.000000e+00
320 442 1.038570e-03 1.307482e-03 2 1 5 0 2.915898e-14 0.000000e+00
320 443 1.038570e-03 1.646023e-03 2 1 5 0 2.421218e-14 0.000000e+00
320 444 1.038570e-03 2.072220e-03 2 1 5 0 1.840511e-14 0.000000e+00
320 445 1.038570e-03 2.608770e-03 2 1 5 0 1.341044e-14 0.000000e+00
320 446 1.038570e-03 3.284247e-03 2 1 5 0 9.621550e-15 0.000000e+00
320 447 1.038570e-03 4.134622e-03 2 1 5 0 6.913337e-15 0.000000e+00
320 448 1.038570e-03 5.205181e-03 2 1 5 0 5.017985e-15 0.000000e+00
320 449 1.038570e-03 6.552935e-03 2 1 5 0 3.684659e-15 0.000000e+00
320 450 1.038570e-03 8.249656e-03 2 1 5 0 2.727599e-15 0.000000e+00
321 440 1.307482e-03 8.249656e-04 2 1 5 0 2.047133e-14 0.000000e+00
321 441 1.307482e-03 1.038570e-03 2 1 5 0 2.915898e-14 0.000000e+00
321 442 1.307482e-03 1.307482e-03 2 1 5 0 3.608441e-14 0.000000e+00
321 443 1.307482e-03 1.646023e-03 2 1 5 0 3.478341e-14 0.000000e+00
321 444 1.307482e-03 2.072220e-03 2 1 5 0 2.800501e-14 0.000000e+00
321 445 1.307482e-03 2.608770e-03 2 1 5 0 2.086300e-14 0.000000e+00
321 446 1.307482e-03 3.284247e-03 2 1 5 0 1.510340e-14 0.000000e+00
321 447 1.307482e-03 4.134622e-03 2 1 5 0 1.089379e-14 0.000000e+00
321 448 1.307482e-03 5.205181e-03 2 1 5 0 7.922204e-15 0.000000e+00
321 449 1.307482e-03 6.552935e-03 2 1 5 0 5.824134e-15 0.000000e+00
321 450 1.307482e-03 8.249656e-03 2 1 5 0 4.315001e-15 0.000000e+00
322 440 1.646023e-03 8.249656e-04 2 1 5 0 1.601278e-14 0.000000e+00
322 441 1.646023e-03 1.038570e-03 2 1 5 0 2.421218e-14 0.000000e+00
322 442 1.646023e-03 1.307482e-03 2 1 5 0 3.478341e-14 0.000000e+00
322 443 1.646023e-03 1.646023e-03 2 1 5 0 4.309724e-14 0.000000e+00
322 444 1.646023e-03 2.072220e-03 2 1 5 0 4.062439e-14 0.000000e+00
322 445 1.646023e-03 2.608770e-03 2 1 5 0 3.192239e-14 0.000000e+00
322 446 1.646023e-03 3.284247e-03 2 1 5 0 2.354209e-14 0.000000e+00
322 447 1.646023e-03 4.134622e-03 2 1 5 0 1.710197e-14 0.000000e+00
322 448 1.646023e-03 5.205181e-03 2 1 5 0 1.247767e-14 0.000000e+00
322 449 1.646023e-03 6.552935e-03 2 1 5 0 9.191058e-15 0.000000e+00
322 450 1.646023e-03 8.249656e-03 2 1 5 0 6.818757e-15 0.000000e+00
323 440 2.072220e-03 8.249656e-04 2 1 5 0 1.186727e-14 0.000000e+00
323 441 2.072220e-03 1.038570e-03 2 1 5 0 1.840511e-14 0.000000e+00
323 442 2.072220e-03 1.307482e-03 2 1 5 0 2.800501e-14 0.000000e+00
323 443 2.072220e-03 1.646023e-03 2 1 5 0 4.062439e-14 0.000000e+00
323 444 2.072220e-03 2.072220e-03 2 1 5 0 5.053203e-14 0.000000e+00
323 445 2.072220e-03 2.608770e-03 2 1 5 0 4.675998e-14 0.000000e+00
323 446 2.072220e-03 3.284247e-03 2 1 5 0 3.616518e-14 0.000000e+00
323 447 2.072220e-03 4.134622e-03 2 1 5 0 2.666985e-14 0.000000e+00
323 448 2.072220e-03 5.205181e-03 2 1 5 0 1.957536e-14 0.000000e+00
323 449 2.072220e-03 6.552935e-03 2 1 5 0 1.446650e-14 0.000000e+00
323 450 2.072220e-03 8.249656e-03 2 1 5 0 1.075635e-14 0.000000e+00
324 440 2.608770e-03 8.249656e-04 2 1 5 0 8.551603e-15 0.000000e+00
324 441 2.608770e-03 1.038570e-03 2 1 5 0 1.341044e-14 0.000000e+00
324 442 2.608770e-03 1.307482e-03 2 1 5 0 2.086300e-14 0.000000e+00
324 443 2.608770e-03 1.646023e-03 2 1 5 0 3.192239e-14 0.000000e+00
324 444 2.608770e-03 2.072220e-03 2 1 5 0 4.675998e-14 0.000000e+00
324 445 2.608770e-03 2.608770e-03 2 1 5 0 5.851680e-14 0.000000e+00
324 446 2.608770e-03 3.284247e-03 2 1 5 0 5.342038e-14 0.000000e+00
324 447 2.608770e-03 4.134622e-03 2 1 5 0 4.104201e-14 0.000000e+00
324 448 2.608770e-03 5.205181e-03 2 1 5 0 3.050185e-14 0.000000e+00
324 449 2.608770e-03 6.552935e-03 2 1 5 0 2.267178e-14 0.000000e+00
324 450 2.608770e-03 8.249656e-03 2 1 5 0 1.691925e-14 0.000000e+00
325 440 3.284247e-03 8.249656e-04 2 1 5 0 6.105837e-15 0.000000e+00
325 441 3.284247e-03 1.038570e-03 2 1 5 0 9.621550e-15 0.000000e+00
325 442 3.284247e-03 1.307482e-03 2 1 5 0 1.510340e-14 0.000000e+00
325 443 3.284247e-03 1.646023e-03 2 1 5 0 2.354209e-14 0.000000e+00
325 444 3.284247e-03 2.072220e-03 2 1 5 0 3.616518e-14 0.000000e+00
325 445 3.284247e-03 2.608770e-03 2 1 5 0 5.342038e-14 0.000000e+00
325 446 3.284247e-03 3.284247e-03 2 1 5 0 6.733059e-14 0.000000e+00
325 447 3.284247e-03 4.134622e-03 2 1 5 0 6.097180e-14 0.000000e+00
325 448 3.284247e-03 5.205181e-03 2 1 5 0 4.691680e-14 0.000000e+00
325 449 3.284247e-03 6.552935e-03 2 1 5 0 3.527074e-14 0.000000e+00
325 450 3.284247e-03 8.249656e-03 2 1 5 0 2.648777e-14 0.000000e+00
326 440 4.134622e-03 8.249656e-04 2 1 5 0 4.377591e-15 0.000000e+00
326 441 4.134622e-03 1.038570e-03 2 1 5 0 6.913337e-15 0.000000e+00
326 442 4.134622e-03 1.307482e-03 2 1 5 0 1.089379e-14 0.000000e+00
326 443 4.134622e-03 1.646023e-03 2 1 5 0 1.710197e-14 0.000000e+00
326 444 4.134622e-03 2.072220e-03 2 1 5 0 2.666985e-14 0.000000e+00
326 445 4.134622e-03 2.608770e-03 2 1 5 0 4.104201e-14 0.000000e+00
326 446 4.134622e-03 3.284247e-03 2 1 5 0 6.097180e-14 0.000000e+00
326 447 4.134622e-03 4.134622e-03 2 1 5 0 7.738034e-14 0.000000e+00
326 448 4.134622e-03 5.205181e-03 2 1 5 0 6.986545e-14 0.000000e+00
326 449 4.134622e-03 6.552935e-03 2 1 5 0 5.413960e-14 0.000000e+00
326 450 4.134622e-03 8.249656e-03 2 1 5 0 4.113626e-14 0.000000e+00
327 440 5.205181e-03 8.249656e-04 2 1 5 0 3.173811e-15 0.000000e+00
327 441 5.205181e-03 1.038570e-03 2 1 5 0 5.017985e-15 0.000000e+00
327 442 5.205181e-03 1.307482e-03 2 1 5 0 7.922204e-15 0.000000e+00
327 443 5.205181e-03 1.646023e-03 2 1 5 0 1.247767e-14 0.000000e+00
327 444 5.205181e-03 2.072220e-03 2 1 5 0 1.957536e-14 0.000000e+00
327 445 5.205181e-03 2.608770e-03 2 1 5 0 3.050185e-14 0.000000e+00
327 446 5.205181e-03 3.284247e-03 2 1 5 0 4.691680e-14 0.000000e+00
327 447 5.205181e-03 4.134622e-03 2 1 5 0 6.986545e-14 0.000000e+00
327 448 5.205181e-03 5.205181e-03 2 1 5 0 8.914724e-14 0.000000e+00
327 449 5.205181e-03 6.552935e-03 2 1 5 0 8.056013e-14 0.000000e+00
327 450 5.205181e-03 8.249656e-03 2 1 5 0 6.297107e-14 0.000000e+00
328 440 6.552935e-03 8.249656e-04 2 1 5 0 2.328784e-15 0.000000e+00
328 441 6.552935e-03 1.038570e-03 2 1 5 0 3.684659e-15 0.000000e+00
328 442 6.552935e-03 1.307482e-03 2 1 5 0 5.824134e-15 0.000000e+00
328 443 6.552935e-03 1.646023e-03 2 1 5 0 9.191058e-15 0.000000e+00
328 444 6.552935e-03 2.072220e-03 2 1 5 0 1.446650e-14 0.000000e+00
328 445 6.552935e-03 2.608770e-03 2 1 5 0 2.267178e-14 0.000000e+00
328 446 6.552935e-03 3.284247e-03 2 1 5 0 3.527074e-14 0.000000e+00
328 447 6.552935e-03 4.134622e-03 2 1 5 0 5.413960e-14 0.000000e+00
328 448 6.552935e-03 5.205181e-03 2 1 5 0 8.056013e-14 0.000000e+00
328 449 6.552935e-03 6.552935e-03 2 1 5 0 1.031070e-13 0.000000e+00
328 450 6.552935e-03 8.249656e-03 2 1 5 0 9.342780e-14 0.000000e+00
329 440 8.249656e-03 8.249656e-04 2 1 5 0 1.722994e-15 0.000000e+00
329 441 8.249656e-03 1.038570e-03 2 1 5 0 2.727599e-15 0.000000e+00
329 442 8.249656e-03 1.307482e-03 2 1 5 0 4.315001e-15 0.000000e+00
329 443 8.249656e-03 1.646023e-03 2 1 5 0 6.818757e-15 0.000000e+00
329 444 8.249656e-03 2.072220e-03 2 1 5 0 1.075635e-14 0.000000e+00
329 445 8.249656e-03 2.608770e-03 2 1 5 0 1.691925e-14 0.000000e+00
329 446 8.249656e-03 3.284247e-03 2 1 5 0 2.648777e-14 0.000000e+00
329 447 8.249656e-03 4.134622e-03 2 1 5 0 4.113626e-14 0.000000e+00
329 448 8.249656e-03 5.205181e-03 2 1 5 0 6.297107e-14 0.000000e+00
329 449 8.249656e-03 6.552935e-03 2 1 5 0 9.342780e-14 0.000000e+00
329 450 8.249656e-03 8.249656e-03 2 1 5 0 1.196293e-13 0.000000e+00
