# Please cite the following papers in research using this covariance:
# arXiv: 1601.05779, https://arxiv.org/abs/1601.05779
# arXiv: 1911.11947, https://arxiv.org/abs/1911.11947
# arXiv: 2004.04833, https://arxiv.org/abs/2004.04833
# arXiv: 1804.10663, https://arxiv.org/abs/1804.10663
########################################################
396 429 8.249656e-04 8.249656e-04 4 0 4 3 5.053023e-12 0.000000e+00
396 430 8.249656e-04 1.038570e-03 4 0 4 3 3.659964e-12 0.000000e+00
396 431 8.249656e-04 1.307482e-03 4 0 4 3 2.139415e-12 0.000000e+00
396 432 8.249656e-04 1.646023e-03 4 0 4 3 1.231507e-12 0.000000e+00
396 433 8.249656e-04 2.072220e-03 4 0 4 3 7.120936e-13 0.000000e+00
396 434 8.249656e-04 2.608770e-03 4 0 4 3 4.202163e-13 0.000000e+00
396 435 8.249656e-04 3.284247e-03 4 0 4 3 2.567483e-13 0.000000e+00
396 436 8.249656e-04 4.134622e-03 4 0 4 3 1.639013e-13 0.000000e+00
396 437 8.249656e-04 5.205181e-03 4 0 4 3 1.093344e-13 0.000000e+00
396 438 8.249656e-04 6.552935e-03 4 0 4 3 7.554261e-14 0.000000e+00
396 439 8.249656e-04 8.249656e-03 4 0 4 3 5.333585e-14 0.000000e+00
397 429 1.038570e-03 8.249656e-04 4 0 4 3 3.659964e-12 0.000000e+00
397 430 1.038570e-03 1.038570e-03 4 0 4 3 4.903714e-12 0.000000e+00
397 431 1.038570e-03 1.307482e-03 4 0 4 3 3.482647e-12 0.000000e+00
397 432 1.038570e-03 1.646023e-03 4 0 4 3 1.998041e-12 0.000000e+00
397 433 1.038570e-03 2.072220e-03 4 0 4 3 1.146039e-12 0.000000e+00
397 434 1.038570e-03 2.608770e-03 4 0 4 3 6.715786e-13 0.000000e+00
397 435 1.038570e-03 3.284247e-03 4 0 4 3 4.083151e-13 0.000000e+00
397 436 1.038570e-03 4.134622e-03 4 0 4 3 2.599230e-13 0.000000e+00
397 437 1.038570e-03 5.205181e-03 4 0 4 3 1.731745e-13 0.000000e+00
397 438 1.038570e-03 6.552935e-03 4 0 4 3 1.196103e-13 0.000000e+00
397 439 1.038570e-03 8.249656e-03 4 0 4 3 8.445791e-14 0.000000e+00
398 429 1.307482e-03 8.249656e-04 4 0 4 3 2.139415e-12 0.000000e+00
398 430 1.307482e-03 1.038570e-03 4 0 4 3 3.482647e-12 0.000000e+00
398 431 1.307482e-03 1.307482e-03 4 0 4 3 4.712774e-12 0.000000e+00
398 432 1.307482e-03 1.646023e-03 4 0 4 3 3.287952e-12 0.000000e+00
398 433 1.307482e-03 2.072220e-03 4 0 4 3 1.865099e-12 0.000000e+00
398 434 1.307482e-03 2.608770e-03 4 0 4 3 1.079886e-12 0.000000e+00
398 435 1.307482e-03 3.284247e-03 4 0 4 3 6.510301e-13 0.000000e+00
398 436 1.307482e-03 4.134622e-03 4 0 4 3 4.124307e-13 0.000000e+00
398 437 1.307482e-03 5.205181e-03 4 0 4 3 2.741966e-13 0.000000e+00
398 438 1.307482e-03 6.552935e-03 4 0 4 3 1.892903e-13 0.000000e+00
398 439 1.307482e-03 8.249656e-03 4 0 4 3 1.336817e-13 0.000000e+00
399 429 1.646023e-03 8.249656e-04 4 0 4 3 1.231507e-12 0.000000e+00
399 430 1.646023e-03 1.038570e-03 4 0 4 3 1.998041e-12 0.000000e+00
399 431 1.646023e-03 1.307482e-03 4 0 4 3 3.287952e-12 0.000000e+00
399 432 1.646023e-03 1.646023e-03 4 0 4 3 4.499157e-12 0.000000e+00
399 433 1.646023e-03 2.072220e-03 4 0 4 3 3.096356e-12 0.000000e+00
399 434 1.646023e-03 2.608770e-03 4 0 4 3 1.757249e-12 0.000000e+00
399 435 1.646023e-03 3.284247e-03 4 0 4 3 1.043280e-12 0.000000e+00
399 436 1.646023e-03 4.134622e-03 4 0 4 3 6.552298e-13 0.000000e+00
399 437 1.646023e-03 5.205181e-03 4 0 4 3 4.339735e-13 0.000000e+00
399 438 1.646023e-03 6.552935e-03 4 0 4 3 2.993003e-13 0.000000e+00
399 439 1.646023e-03 8.249656e-03 4 0 4 3 2.114176e-13 0.000000e+00
400 429 2.072220e-03 8.249656e-04 4 0 4 3 7.120936e-13 0.000000e+00
400 430 2.072220e-03 1.038570e-03 4 0 4 3 1.146039e-12 0.000000e+00
400 431 2.072220e-03 1.307482e-03 4 0 4 3 1.865099e-12 0.000000e+00
400 432 2.072220e-03 1.646023e-03 4 0 4 3 3.096356e-12 0.000000e+00
400 433 2.072220e-03 2.072220e-03 4 0 4 3 4.285612e-12 0.000000e+00
400 434 2.072220e-03 2.608770e-03 4 0 4 3 2.930655e-12 0.000000e+00
400 435 2.072220e-03 3.284247e-03 4 0 4 3 1.690346e-12 0.000000e+00
400 436 2.072220e-03 4.134622e-03 4 0 4 3 1.044075e-12 0.000000e+00
400 437 2.072220e-03 5.205181e-03 4 0 4 3 6.865994e-13 0.000000e+00
400 438 2.072220e-03 6.552935e-03 4 0 4 3 4.726399e-13 0.000000e+00
400 439 2.072220e-03 8.249656e-03 4 0 4 3 3.339510e-13 0.000000e+00
401 429 2.608770e-03 8.249656e-04 4 0 4 3 4.202163e-13 0.000000e+00
401 430 2.608770e-03 1.038570e-03 4 0 4 3 6.715786e-13 0.000000e+00
401 431 2.608770e-03 1.307482e-03 4 0 4 3 1.079886e-12 0.000000e+00
401 432 2.608770e-03 1.646023e-03 4 0 4 3 1.757249e-12 0.000000e+00
401 433 2.608770e-03 2.072220e-03 4 0 4 3 2.930655e-12 0.000000e+00
401 434 2.608770e-03 2.608770e-03 4 0 4 3 4.097593e-12 0.000000e+00
401 435 2.608770e-03 3.284247e-03 4 0 4 3 2.813393e-12 0.000000e+00
401 436 2.608770e-03 4.134622e-03 4 0 4 3 1.677239e-12 0.000000e+00
401 437 2.608770e-03 5.205181e-03 4 0 4 3 1.086622e-12 0.000000e+00
401 438 2.608770e-03 6.552935e-03 4 0 4 3 7.449589e-13 0.000000e+00
401 439 2.608770e-03 8.249656e-03 4 0 4 3 5.264607e-13 0.000000e+00
402 429 3.284247e-03 8.249656e-04 4 0 4 3 2.567483e-13 0.000000e+00
402 430 3.284247e-03 1.038570e-03 4 0 4 3 4.083151e-13 0.000000e+00
402 431 3.284247e-03 1.307482e-03 4 0 4 3 6.510301e-13 0.000000e+00
402 432 3.284247e-03 1.646023e-03 4 0 4 3 1.043280e-12 0.000000e+00
402 433 3.284247e-03 2.072220e-03 4 0 4 3 1.690346e-12 0.000000e+00
402 434 3.284247e-03 2.608770e-03 4 0 4 3 2.813393e-12 0.000000e+00
402 435 3.284247e-03 3.284247e-03 4 0 4 3 3.960411e-12 0.000000e+00
402 436 3.284247e-03 4.134622e-03 4 0 4 3 2.764158e-12 0.000000e+00
402 437 3.284247e-03 5.205181e-03 4 0 4 3 1.726032e-12 0.000000e+00
402 438 3.284247e-03 6.552935e-03 4 0 4 3 1.171329e-12 0.000000e+00
402 439 3.284247e-03 8.249656e-03 4 0 4 3 8.273939e-13 0.000000e+00
403 429 4.134622e-03 8.249656e-04 4 0 4 3 1.639013e-13 0.000000e+00
403 430 4.134622e-03 1.038570e-03 4 0 4 3 2.599230e-13 0.000000e+00
403 431 4.134622e-03 1.307482e-03 4 0 4 3 4.124307e-13 0.000000e+00
403 432 4.134622e-03 1.646023e-03 4 0 4 3 6.552298e-13 0.000000e+00
403 433 4.134622e-03 2.072220e-03 4 0 4 3 1.044075e-12 0.000000e+00
403 434 4.134622e-03 2.608770e-03 4 0 4 3 1.677239e-12 0.000000e+00
403 435 4.134622e-03 3.284247e-03 4 0 4 3 2.764158e-12 0.000000e+00
403 436 4.134622e-03 4.134622e-03 4 0 4 3 3.896435e-12 0.000000e+00
403 437 4.134622e-03 5.205181e-03 4 0 4 3 2.797225e-12 0.000000e+00
403 438 4.134622e-03 6.552935e-03 4 0 4 3 1.839044e-12 0.000000e+00
403 439 4.134622e-03 8.249656e-03 4 0 4 3 1.294243e-12 0.000000e+00
404 429 5.205181e-03 8.249656e-04 4 0 4 3 1.093344e-13 0.000000e+00
404 430 5.205181e-03 1.038570e-03 4 0 4 3 1.731745e-13 0.000000e+00
404 431 5.205181e-03 1.307482e-03 4 0 4 3 2.741966e-13 0.000000e+00
404 432 5.205181e-03 1.646023e-03 4 0 4 3 4.339735e-13 0.000000e+00
404 433 5.205181e-03 2.072220e-03 4 0 4 3 6.865994e-13 0.000000e+00
404 434 5.205181e-03 2.608770e-03 4 0 4 3 1.086622e-12 0.000000e+00
404 435 5.205181e-03 3.284247e-03 4 0 4 3 1.726032e-12 0.000000e+00
404 436 5.205181e-03 4.134622e-03 4 0 4 3 2.797225e-12 0.000000e+00
404 437 5.205181e-03 5.205181e-03 4 0 4 3 3.922604e-12 0.000000e+00
404 438 5.205181e-03 6.552935e-03 4 0 4 3 2.919550e-12 0.000000e+00
404 439 5.205181e-03 8.249656e-03 4 0 4 3 2.011928e-12 0.000000e+00
405 429 6.552935e-03 8.249656e-04 4 0 4 3 7.554261e-14 0.000000e+00
405 430 6.552935e-03 1.038570e-03 4 0 4 3 1.196103e-13 0.000000e+00
405 431 6.552935e-03 1.307482e-03 4 0 4 3 1.892903e-13 0.000000e+00
405 432 6.552935e-03 1.646023e-03 4 0 4 3 2.993003e-13 0.000000e+00
405 433 6.552935e-03 2.072220e-03 4 0 4 3 4.726399e-13 0.000000e+00
405 434 6.552935e-03 2.608770e-03 4 0 4 3 7.449589e-13 0.000000e+00
405 435 6.552935e-03 3.284247e-03 4 0 4 3 1.171329e-12 0.000000e+00
405 436 6.552935e-03 4.134622e-03 4 0 4 3 1.839044e-12 0.000000e+00
405 437 6.552935e-03 5.205181e-03 4 0 4 3 2.919550e-12 0.000000e+00
405 438 6.552935e-03 6.552935e-03 4 0 4 3 4.047980e-12 0.000000e+00
405 439 6.552935e-03 8.249656e-03 4 0 4 3 3.129030e-12 0.000000e+00
406 429 8.249656e-03 8.249656e-04 4 0 4 3 5.333585e-14 0.000000e+00
406 430 8.249656e-03 1.038570e-03 4 0 4 3 8.445791e-14 0.000000e+00
406 431 8.249656e-03 1.307482e-03 4 0 4 3 1.336817e-13 0.000000e+00
406 432 8.249656e-03 1.646023e-03 4 0 4 3 2.114176e-13 0.000000e+00
406 433 8.249656e-03 2.072220e-03 4 0 4 3 3.339510e-13 0.000000e+00
406 434 8.249656e-03 2.608770e-03 4 0 4 3 5.264607e-13 0.000000e+00
406 435 8.249656e-03 3.284247e-03 4 0 4 3 8.273939e-13 0.000000e+00
406 436 8.249656e-03 4.134622e-03 4 0 4 3 1.294243e-12 0.000000e+00
406 437 8.249656e-03 5.205181e-03 4 0 4 3 2.011928e-12 0.000000e+00
406 438 8.249656e-03 6.552935e-03 4 0 4 3 3.129030e-12 0.000000e+00
406 439 8.249656e-03 8.249656e-03 4 0 4 3 4.271457e-12 0.000000e+00
