# Please cite the following papers in research using this covariance:
# arXiv: 1601.05779, https://arxiv.org/abs/1601.05779
# arXiv: 1911.11947, https://arxiv.org/abs/1911.11947
# arXiv: 2004.04833, https://arxiv.org/abs/2004.04833
# arXiv: 1804.10663, https://arxiv.org/abs/1804.10663
########################################################
242 462 8.249656e-04 8.249656e-04 0 2 5 2 6.790469e-12 0.000000e+00
242 463 8.249656e-04 1.038570e-03 0 2 5 2 4.826502e-12 0.000000e+00
242 464 8.249656e-04 1.307482e-03 0 2 5 2 2.678400e-12 0.000000e+00
242 465 8.249656e-04 1.646023e-03 0 2 5 2 1.416108e-12 0.000000e+00
242 466 8.249656e-04 2.072220e-03 0 2 5 2 7.286837e-13 0.000000e+00
242 467 8.249656e-04 2.608770e-03 0 2 5 2 3.718875e-13 0.000000e+00
242 468 8.249656e-04 3.284247e-03 0 2 5 2 1.924413e-13 0.000000e+00
242 469 8.249656e-04 4.134622e-03 0 2 5 2 1.033047e-13 0.000000e+00
242 470 8.249656e-04 5.205181e-03 0 2 5 2 5.855595e-14 0.000000e+00
242 471 8.249656e-04 6.552935e-03 0 2 5 2 3.536524e-14 0.000000e+00
242 472 8.249656e-04 8.249656e-03 0 2 5 2 2.267238e-14 0.000000e+00
243 462 1.038570e-03 8.249656e-04 0 2 5 2 4.826502e-12 0.000000e+00
243 463 1.038570e-03 1.038570e-03 0 2 5 2 6.456185e-12 0.000000e+00
243 464 1.038570e-03 1.307482e-03 0 2 5 2 4.432509e-12 0.000000e+00
243 465 1.038570e-03 1.646023e-03 0 2 5 2 2.346154e-12 0.000000e+00
243 466 1.038570e-03 2.072220e-03 0 2 5 2 1.195898e-12 0.000000e+00
243 467 1.038570e-03 2.608770e-03 0 2 5 2 6.037679e-13 0.000000e+00
243 468 1.038570e-03 3.284247e-03 0 2 5 2 3.095148e-13 0.000000e+00
243 469 1.038570e-03 4.134622e-03 0 2 5 2 1.649954e-13 0.000000e+00
243 470 1.038570e-03 5.205181e-03 0 2 5 2 9.312501e-14 0.000000e+00
243 471 1.038570e-03 6.552935e-03 0 2 5 2 5.610762e-14 0.000000e+00
243 472 1.038570e-03 8.249656e-03 0 2 5 2 3.594191e-14 0.000000e+00
244 462 1.307482e-03 8.249656e-04 0 2 5 2 2.678400e-12 0.000000e+00
244 463 1.307482e-03 1.038570e-03 0 2 5 2 4.432509e-12 0.000000e+00
244 464 1.307482e-03 1.307482e-03 0 2 5 2 6.017792e-12 0.000000e+00
244 465 1.307482e-03 1.646023e-03 0 2 5 2 3.977618e-12 0.000000e+00
244 466 1.307482e-03 2.072220e-03 0 2 5 2 2.007999e-12 0.000000e+00
244 467 1.307482e-03 2.608770e-03 0 2 5 2 9.961799e-13 0.000000e+00
244 468 1.307482e-03 3.284247e-03 0 2 5 2 5.026962e-13 0.000000e+00
244 469 1.307482e-03 4.134622e-03 0 2 5 2 2.648913e-13 0.000000e+00
244 470 1.307482e-03 5.205181e-03 0 2 5 2 1.484449e-13 0.000000e+00
244 471 1.307482e-03 6.552935e-03 0 2 5 2 8.909318e-14 0.000000e+00
244 472 1.307482e-03 8.249656e-03 0 2 5 2 5.697273e-14 0.000000e+00
245 462 1.646023e-03 8.249656e-04 0 2 5 2 1.416108e-12 0.000000e+00
245 463 1.646023e-03 1.038570e-03 0 2 5 2 2.346154e-12 0.000000e+00
245 464 1.646023e-03 1.307482e-03 0 2 5 2 3.977618e-12 0.000000e+00
245 465 1.646023e-03 1.646023e-03 0 2 5 2 5.504831e-12 0.000000e+00
245 466 1.646023e-03 2.072220e-03 0 2 5 2 3.496167e-12 0.000000e+00
245 467 1.646023e-03 2.608770e-03 0 2 5 2 1.691662e-12 0.000000e+00
245 468 1.646023e-03 3.284247e-03 0 2 5 2 8.308420e-13 0.000000e+00
245 469 1.646023e-03 4.134622e-03 0 2 5 2 4.291201e-13 0.000000e+00
245 470 1.646023e-03 5.205181e-03 0 2 5 2 2.375353e-13 0.000000e+00
245 471 1.646023e-03 6.552935e-03 0 2 5 2 1.416489e-13 0.000000e+00
245 472 1.646023e-03 8.249656e-03 0 2 5 2 9.033785e-14 0.000000e+00
246 462 2.072220e-03 8.249656e-04 0 2 5 2 7.286837e-13 0.000000e+00
246 463 2.072220e-03 1.038570e-03 0 2 5 2 1.195898e-12 0.000000e+00
246 464 2.072220e-03 1.307482e-03 0 2 5 2 2.007999e-12 0.000000e+00
246 465 2.072220e-03 1.646023e-03 0 2 5 2 3.496167e-12 0.000000e+00
246 466 2.072220e-03 2.072220e-03 0 2 5 2 4.952876e-12 0.000000e+00
246 467 2.072220e-03 2.608770e-03 0 2 5 2 3.024349e-12 0.000000e+00
246 468 2.072220e-03 3.284247e-03 0 2 5 2 1.419683e-12 0.000000e+00
246 469 2.072220e-03 4.134622e-03 0 2 5 2 7.070093e-13 0.000000e+00
246 470 2.072220e-03 5.205181e-03 0 2 5 2 3.828162e-13 0.000000e+00
246 471 2.072220e-03 6.552935e-03 0 2 5 2 2.257377e-13 0.000000e+00
246 472 2.072220e-03 8.249656e-03 0 2 5 2 1.432790e-13 0.000000e+00
247 462 2.608770e-03 8.249656e-04 0 2 5 2 3.718875e-13 0.000000e+00
247 463 2.608770e-03 1.038570e-03 0 2 5 2 6.037679e-13 0.000000e+00
247 464 2.608770e-03 1.307482e-03 0 2 5 2 9.961799e-13 0.000000e+00
247 465 2.608770e-03 1.646023e-03 0 2 5 2 1.691662e-12 0.000000e+00
247 466 2.608770e-03 2.072220e-03 0 2 5 2 3.024349e-12 0.000000e+00
247 467 2.608770e-03 2.608770e-03 0 2 5 2 4.399352e-12 0.000000e+00
247 468 2.608770e-03 3.284247e-03 0 2 5 2 2.594299e-12 0.000000e+00
247 469 2.608770e-03 4.134622e-03 0 2 5 2 1.206095e-12 0.000000e+00
247 470 2.608770e-03 5.205181e-03 0 2 5 2 6.257697e-13 0.000000e+00
247 471 2.608770e-03 6.552935e-03 0 2 5 2 3.613851e-13 0.000000e+00
247 472 2.608770e-03 8.249656e-03 0 2 5 2 2.274325e-13 0.000000e+00
248 462 3.284247e-03 8.249656e-04 0 2 5 2 1.924413e-13 0.000000e+00
248 463 3.284247e-03 1.038570e-03 0 2 5 2 3.095148e-13 0.000000e+00
248 464 3.284247e-03 1.307482e-03 0 2 5 2 5.026962e-13 0.000000e+00
248 465 3.284247e-03 1.646023e-03 0 2 5 2 8.308420e-13 0.000000e+00
248 466 3.284247e-03 2.072220e-03 0 2 5 2 1.419683e-12 0.000000e+00
248 467 3.284247e-03 2.608770e-03 0 2 5 2 2.594299e-12 0.000000e+00
248 468 3.284247e-03 3.284247e-03 0 2 5 2 3.878085e-12 0.000000e+00
248 469 3.284247e-03 4.134622e-03 0 2 5 2 2.230190e-12 0.000000e+00
248 470 3.284247e-03 5.205181e-03 0 2 5 2 1.056314e-12 0.000000e+00
248 471 3.284247e-03 6.552935e-03 0 2 5 2 5.843071e-13 0.000000e+00
248 472 3.284247e-03 8.249656e-03 0 2 5 2 3.616867e-13 0.000000e+00
249 462 4.134622e-03 8.249656e-04 0 2 5 2 1.033047e-13 0.000000e+00
249 463 4.134622e-03 1.038570e-03 0 2 5 2 1.649954e-13 0.000000e+00
249 464 4.134622e-03 1.307482e-03 0 2 5 2 2.648913e-13 0.000000e+00
249 465 4.134622e-03 1.646023e-03 0 2 5 2 4.291201e-13 0.000000e+00
249 466 4.134622e-03 2.072220e-03 0 2 5 2 7.070093e-13 0.000000e+00
249 467 4.134622e-03 2.608770e-03 0 2 5 2 1.206095e-12 0.000000e+00
249 468 4.134622e-03 3.284247e-03 0 2 5 2 2.230190e-12 0.000000e+00
249 469 4.134622e-03 4.134622e-03 0 2 5 2 3.416228e-12 0.000000e+00
249 470 4.134622e-03 5.205181e-03 0 2 5 2 1.946832e-12 0.000000e+00
249 471 4.134622e-03 6.552935e-03 0 2 5 2 9.690765e-13 0.000000e+00
249 472 4.134622e-03 8.249656e-03 0 2 5 2 5.781048e-13 0.000000e+00
250 462 5.205181e-03 8.249656e-04 0 2 5 2 5.855595e-14 0.000000e+00
250 463 5.205181e-03 1.038570e-03 0 2 5 2 9.312501e-14 0.000000e+00
250 464 5.205181e-03 1.307482e-03 0 2 5 2 1.484449e-13 0.000000e+00
250 465 5.205181e-03 1.646023e-03 0 2 5 2 2.375353e-13 0.000000e+00
250 466 5.205181e-03 2.072220e-03 0 2 5 2 3.828162e-13 0.000000e+00
250 467 5.205181e-03 2.608770e-03 0 2 5 2 6.257697e-13 0.000000e+00
250 468 5.205181e-03 3.284247e-03 0 2 5 2 1.056314e-12 0.000000e+00
250 469 5.205181e-03 4.134622e-03 0 2 5 2 1.946832e-12 0.000000e+00
250 470 5.205181e-03 5.205181e-03 0 2 5 2 3.033047e-12 0.000000e+00
250 471 5.205181e-03 6.552935e-03 0 2 5 2 1.750364e-12 0.000000e+00
250 472 5.205181e-03 8.249656e-03 0 2 5 2 9.391873e-13 0.000000e+00
251 462 6.552935e-03 8.249656e-04 0 2 5 2 3.536524e-14 0.000000e+00
251 463 6.552935e-03 1.038570e-03 0 2 5 2 5.610762e-14 0.000000e+00
251 464 6.552935e-03 1.307482e-03 0 2 5 2 8.909318e-14 0.000000e+00
251 465 6.552935e-03 1.646023e-03 0 2 5 2 1.416489e-13 0.000000e+00
251 466 6.552935e-03 2.072220e-03 0 2 5 2 2.257377e-13 0.000000e+00
251 467 6.552935e-03 2.608770e-03 0 2 5 2 3.613851e-13 0.000000e+00
251 468 6.552935e-03 3.284247e-03 0 2 5 2 5.843071e-13 0.000000e+00
251 469 6.552935e-03 4.134622e-03 0 2 5 2 9.690765e-13 0.000000e+00
251 470 6.552935e-03 5.205181e-03 0 2 5 2 1.750364e-12 0.000000e+00
251 471 6.552935e-03 6.552935e-03 0 2 5 2 2.740238e-12 0.000000e+00
251 472 6.552935e-03 8.249656e-03 0 2 5 2 1.640079e-12 0.000000e+00
252 462 8.249656e-03 8.249656e-04 0 2 5 2 2.267238e-14 0.000000e+00
252 463 8.249656e-03 1.038570e-03 0 2 5 2 3.594191e-14 0.000000e+00
252 464 8.249656e-03 1.307482e-03 0 2 5 2 5.697273e-14 0.000000e+00
252 465 8.249656e-03 1.646023e-03 0 2 5 2 9.033785e-14 0.000000e+00
252 466 8.249656e-03 2.072220e-03 0 2 5 2 1.432790e-13 0.000000e+00
252 467 8.249656e-03 2.608770e-03 0 2 5 2 2.274325e-13 0.000000e+00
252 468 8.249656e-03 3.284247e-03 0 2 5 2 3.616867e-13 0.000000e+00
252 469 8.249656e-03 4.134622e-03 0 2 5 2 5.781048e-13 0.000000e+00
252 470 8.249656e-03 5.205181e-03 0 2 5 2 9.391873e-13 0.000000e+00
252 471 8.249656e-03 6.552935e-03 0 2 5 2 1.640079e-12 0.000000e+00
252 472 8.249656e-03 8.249656e-03 0 2 5 2 2.542781e-12 0.000000e+00
