# Please cite the following papers in research using this covariance:
# arXiv: 1601.05779, https://arxiv.org/abs/1601.05779
# arXiv: 1911.11947, https://arxiv.org/abs/1911.11947
# arXiv: 2004.04833, https://arxiv.org/abs/2004.04833
# arXiv: 1804.10663, https://arxiv.org/abs/1804.10663
########################################################
231 286 8.249656e-04 8.249656e-04 0 1 1 2 1.056812e-12 0.000000e+00
231 287 8.249656e-04 1.038570e-03 0 1 1 2 1.095344e-12 0.000000e+00
231 288 8.249656e-04 1.307482e-03 0 1 1 2 9.615695e-13 0.000000e+00
231 289 8.249656e-04 1.646023e-03 0 1 1 2 7.506579e-13 0.000000e+00
231 290 8.249656e-04 2.072220e-03 0 1 1 2 5.383439e-13 0.000000e+00
231 291 8.249656e-04 2.608770e-03 0 1 1 2 3.641891e-13 0.000000e+00
231 292 8.249656e-04 3.284247e-03 0 1 1 2 2.386749e-13 0.000000e+00
231 293 8.249656e-04 4.134622e-03 0 1 1 2 1.557668e-13 0.000000e+00
231 294 8.249656e-04 5.205181e-03 0 1 1 2 1.038230e-13 0.000000e+00
231 295 8.249656e-04 6.552935e-03 0 1 1 2 7.189946e-14 0.000000e+00
231 296 8.249656e-04 8.249656e-03 0 1 1 2 5.197006e-14 0.000000e+00
232 286 1.038570e-03 8.249656e-04 0 1 1 2 1.095344e-12 0.000000e+00
232 287 1.038570e-03 1.038570e-03 0 1 1 2 1.353137e-12 0.000000e+00
232 288 1.038570e-03 1.307482e-03 0 1 1 2 1.354300e-12 0.000000e+00
232 289 1.038570e-03 1.646023e-03 0 1 1 2 1.128659e-12 0.000000e+00
232 290 1.038570e-03 2.072220e-03 0 1 1 2 8.350747e-13 0.000000e+00
232 291 1.038570e-03 2.608770e-03 0 1 1 2 5.729180e-13 0.000000e+00
232 292 1.038570e-03 3.284247e-03 0 1 1 2 3.775123e-13 0.000000e+00
232 293 1.038570e-03 4.134622e-03 0 1 1 2 2.467395e-13 0.000000e+00
232 294 1.038570e-03 5.205181e-03 0 1 1 2 1.644643e-13 0.000000e+00
232 295 1.038570e-03 6.552935e-03 0 1 1 2 1.138701e-13 0.000000e+00
232 296 1.038570e-03 8.249656e-03 0 1 1 2 8.230247e-14 0.000000e+00
233 286 1.307482e-03 8.249656e-04 0 1 1 2 9.615695e-13 0.000000e+00
233 287 1.307482e-03 1.038570e-03 0 1 1 2 1.354300e-12 0.000000e+00
233 288 1.307482e-03 1.307482e-03 0 1 1 2 1.661429e-12 0.000000e+00
233 289 1.307482e-03 1.646023e-03 0 1 1 2 1.603889e-12 0.000000e+00
233 290 1.307482e-03 2.072220e-03 0 1 1 2 1.268573e-12 0.000000e+00
233 291 1.307482e-03 2.608770e-03 0 1 1 2 8.951083e-13 0.000000e+00
233 292 1.307482e-03 3.284247e-03 0 1 1 2 5.960270e-13 0.000000e+00
233 293 1.307482e-03 4.134622e-03 0 1 1 2 3.906746e-13 0.000000e+00
233 294 1.307482e-03 5.205181e-03 0 1 1 2 2.604464e-13 0.000000e+00
233 295 1.307482e-03 6.552935e-03 0 1 1 2 1.802655e-13 0.000000e+00
233 296 1.307482e-03 8.249656e-03 0 1 1 2 1.302793e-13 0.000000e+00
234 286 1.646023e-03 8.249656e-04 0 1 1 2 7.506579e-13 0.000000e+00
234 287 1.646023e-03 1.038570e-03 0 1 1 2 1.128659e-12 0.000000e+00
234 288 1.646023e-03 1.307482e-03 0 1 1 2 1.603889e-12 0.000000e+00
234 289 1.646023e-03 1.646023e-03 0 1 1 2 1.961652e-12 0.000000e+00
234 290 1.646023e-03 2.072220e-03 0 1 1 2 1.826869e-12 0.000000e+00
234 291 1.646023e-03 2.608770e-03 0 1 1 2 1.375721e-12 0.000000e+00
234 292 1.646023e-03 3.284247e-03 0 1 1 2 9.370717e-13 0.000000e+00
234 293 1.646023e-03 4.134622e-03 0 1 1 2 6.180068e-13 0.000000e+00
234 294 1.646023e-03 5.205181e-03 0 1 1 2 4.122422e-13 0.000000e+00
234 295 1.646023e-03 6.552935e-03 0 1 1 2 2.851884e-13 0.000000e+00
234 296 1.646023e-03 8.249656e-03 0 1 1 2 2.060744e-13 0.000000e+00
235 286 2.072220e-03 8.249656e-04 0 1 1 2 5.383439e-13 0.000000e+00
235 287 2.072220e-03 1.038570e-03 0 1 1 2 8.350747e-13 0.000000e+00
235 288 2.072220e-03 1.307482e-03 0 1 1 2 1.268573e-12 0.000000e+00
235 289 2.072220e-03 1.646023e-03 0 1 1 2 1.826869e-12 0.000000e+00
235 290 2.072220e-03 2.072220e-03 0 1 1 2 2.238353e-12 0.000000e+00
235 291 2.072220e-03 2.608770e-03 0 1 1 2 2.015001e-12 0.000000e+00
235 292 2.072220e-03 3.284247e-03 0 1 1 2 1.456343e-12 0.000000e+00
235 293 2.072220e-03 4.134622e-03 0 1 1 2 9.753819e-13 0.000000e+00
235 294 2.072220e-03 5.205181e-03 0 1 1 2 6.519635e-13 0.000000e+00
235 295 2.072220e-03 6.552935e-03 0 1 1 2 4.507262e-13 0.000000e+00
235 296 2.072220e-03 8.249656e-03 0 1 1 2 3.255971e-13 0.000000e+00
236 286 2.608770e-03 8.249656e-04 0 1 1 2 3.641891e-13 0.000000e+00
236 287 2.608770e-03 1.038570e-03 0 1 1 2 5.729180e-13 0.000000e+00
236 288 2.608770e-03 1.307482e-03 0 1 1 2 8.951083e-13 0.000000e+00
236 289 2.608770e-03 1.646023e-03 0 1 1 2 1.375721e-12 0.000000e+00
236 290 2.608770e-03 2.072220e-03 0 1 1 2 2.015001e-12 0.000000e+00
236 291 2.608770e-03 2.608770e-03 0 1 1 2 2.486102e-12 0.000000e+00
236 292 2.608770e-03 3.284247e-03 0 1 1 2 2.173035e-12 0.000000e+00
236 293 2.608770e-03 4.134622e-03 0 1 1 2 1.528308e-12 0.000000e+00
236 294 2.608770e-03 5.205181e-03 0 1 1 2 1.029388e-12 0.000000e+00
236 295 2.608770e-03 6.552935e-03 0 1 1 2 7.112473e-13 0.000000e+00
236 296 2.608770e-03 8.249656e-03 0 1 1 2 5.135299e-13 0.000000e+00
237 286 3.284247e-03 8.249656e-04 0 1 1 2 2.386749e-13 0.000000e+00
237 287 3.284247e-03 1.038570e-03 0 1 1 2 3.775123e-13 0.000000e+00
237 288 3.284247e-03 1.307482e-03 0 1 1 2 5.960270e-13 0.000000e+00
237 289 3.284247e-03 1.646023e-03 0 1 1 2 9.370717e-13 0.000000e+00
237 290 3.284247e-03 2.072220e-03 0 1 1 2 1.456343e-12 0.000000e+00
237 291 3.284247e-03 2.608770e-03 0 1 1 2 2.173035e-12 0.000000e+00
237 292 3.284247e-03 3.284247e-03 0 1 1 2 2.712489e-12 0.000000e+00
237 293 3.284247e-03 4.134622e-03 0 1 1 2 2.319410e-12 0.000000e+00
237 294 3.284247e-03 5.205181e-03 0 1 1 2 1.617861e-12 0.000000e+00
237 295 3.284247e-03 6.552935e-03 0 1 1 2 1.119657e-12 0.000000e+00
237 296 3.284247e-03 8.249656e-03 0 1 1 2 8.077108e-13 0.000000e+00
238 286 4.134622e-03 8.249656e-04 0 1 1 2 1.557668e-13 0.000000e+00
238 287 4.134622e-03 1.038570e-03 0 1 1 2 2.467395e-13 0.000000e+00
238 288 4.134622e-03 1.307482e-03 0 1 1 2 3.906746e-13 0.000000e+00
238 289 4.134622e-03 1.646023e-03 0 1 1 2 6.180068e-13 0.000000e+00
238 290 4.134622e-03 2.072220e-03 0 1 1 2 9.753819e-13 0.000000e+00
238 291 4.134622e-03 2.608770e-03 0 1 1 2 1.528308e-12 0.000000e+00
238 292 4.134622e-03 3.284247e-03 0 1 1 2 2.319410e-12 0.000000e+00
238 293 4.134622e-03 4.134622e-03 0 1 1 2 2.938187e-12 0.000000e+00
238 294 4.134622e-03 5.205181e-03 0 1 1 2 2.483947e-12 0.000000e+00
238 295 4.134622e-03 6.552935e-03 0 1 1 2 1.754958e-12 0.000000e+00
238 296 4.134622e-03 8.249656e-03 0 1 1 2 1.265099e-12 0.000000e+00
239 286 5.205181e-03 8.249656e-04 0 1 1 2 1.038230e-13 0.000000e+00
239 287 5.205181e-03 1.038570e-03 0 1 1 2 1.644643e-13 0.000000e+00
239 288 5.205181e-03 1.307482e-03 0 1 1 2 2.604464e-13 0.000000e+00
239 289 5.205181e-03 1.646023e-03 0 1 1 2 4.122422e-13 0.000000e+00
239 290 5.205181e-03 2.072220e-03 0 1 1 2 6.519635e-13 0.000000e+00
239 291 5.205181e-03 2.608770e-03 0 1 1 2 1.029388e-12 0.000000e+00
239 292 5.205181e-03 3.284247e-03 0 1 1 2 1.617861e-12 0.000000e+00
239 293 5.205181e-03 4.134622e-03 0 1 1 2 2.483947e-12 0.000000e+00
239 294 5.205181e-03 5.205181e-03 0 1 1 2 3.194673e-12 0.000000e+00
239 295 5.205181e-03 6.552935e-03 0 1 1 2 2.703695e-12 0.000000e+00
239 296 5.205181e-03 8.249656e-03 0 1 1 2 1.968892e-12 0.000000e+00
240 286 6.552935e-03 8.249656e-04 0 1 1 2 7.189946e-14 0.000000e+00
240 287 6.552935e-03 1.038570e-03 0 1 1 2 1.138701e-13 0.000000e+00
240 288 6.552935e-03 1.307482e-03 0 1 1 2 1.802655e-13 0.000000e+00
240 289 6.552935e-03 1.646023e-03 0 1 1 2 2.851884e-13 0.000000e+00
240 290 6.552935e-03 2.072220e-03 0 1 1 2 4.507262e-13 0.000000e+00
240 291 6.552935e-03 2.608770e-03 0 1 1 2 7.112473e-13 0.000000e+00
240 292 6.552935e-03 3.284247e-03 0 1 1 2 1.119657e-12 0.000000e+00
240 293 6.552935e-03 4.134622e-03 0 1 1 2 1.754958e-12 0.000000e+00
240 294 6.552935e-03 5.205181e-03 0 1 1 2 2.703695e-12 0.000000e+00
240 295 6.552935e-03 6.552935e-03 0 1 1 2 3.520700e-12 0.000000e+00
240 296 6.552935e-03 8.249656e-03 0 1 1 2 3.018080e-12 0.000000e+00
241 286 8.249656e-03 8.249656e-04 0 1 1 2 5.197006e-14 0.000000e+00
241 287 8.249656e-03 1.038570e-03 0 1 1 2 8.230247e-14 0.000000e+00
241 288 8.249656e-03 1.307482e-03 0 1 1 2 1.302793e-13 0.000000e+00
241 289 8.249656e-03 1.646023e-03 0 1 1 2 2.060744e-13 0.000000e+00
241 290 8.249656e-03 2.072220e-03 0 1 1 2 3.255971e-13 0.000000e+00
241 291 8.249656e-03 2.608770e-03 0 1 1 2 5.135299e-13 0.000000e+00
241 292 8.249656e-03 3.284247e-03 0 1 1 2 8.077108e-13 0.000000e+00
241 293 8.249656e-03 4.134622e-03 0 1 1 2 1.265099e-12 0.000000e+00
241 294 8.249656e-03 5.205181e-03 0 1 1 2 1.968892e-12 0.000000e+00
241 295 8.249656e-03 6.552935e-03 0 1 1 2 3.018080e-12 0.000000e+00
241 296 8.249656e-03 8.249656e-03 0 1 1 2 3.957870e-12 0.000000e+00
