# Please cite the following papers in research using this covariance:
# arXiv: 1601.05779, https://arxiv.org/abs/1601.05779
# arXiv: 1911.11947, https://arxiv.org/abs/1911.11947
# arXiv: 2004.04833, https://arxiv.org/abs/2004.04833
# arXiv: 1804.10663, https://arxiv.org/abs/1804.10663
########################################################
341 407 8.249656e-04 8.249656e-04 2 3 4 1 1.047019e-13 0.000000e+00
341 408 8.249656e-04 1.038570e-03 2 3 4 1 1.018797e-13 0.000000e+00
341 409 8.249656e-04 1.307482e-03 2 3 4 1 8.269617e-14 0.000000e+00
341 410 8.249656e-04 1.646023e-03 2 3 4 1 6.155460e-14 0.000000e+00
341 411 8.249656e-04 2.072220e-03 2 3 4 1 4.415936e-14 0.000000e+00
341 412 8.249656e-04 2.608770e-03 2 3 4 1 3.141236e-14 0.000000e+00
341 413 8.249656e-04 3.284247e-03 2 3 4 1 2.255479e-14 0.000000e+00
341 414 8.249656e-04 4.134622e-03 2 3 4 1 1.650357e-14 0.000000e+00
341 415 8.249656e-04 5.205181e-03 2 3 4 1 1.232585e-14 0.000000e+00
341 416 8.249656e-04 6.552935e-03 2 3 4 1 9.352877e-15 0.000000e+00
341 417 8.249656e-04 8.249656e-03 2 3 4 1 7.148485e-15 0.000000e+00
342 407 1.038570e-03 8.249656e-04 2 3 4 1 1.018797e-13 0.000000e+00
342 408 1.038570e-03 1.038570e-03 2 3 4 1 1.258838e-13 0.000000e+00
342 409 1.038570e-03 1.307482e-03 2 3 4 1 1.194168e-13 0.000000e+00
342 410 1.038570e-03 1.646023e-03 2 3 4 1 9.405946e-14 0.000000e+00
342 411 1.038570e-03 2.072220e-03 2 3 4 1 6.886198e-14 0.000000e+00
342 412 1.038570e-03 2.608770e-03 2 3 4 1 4.936332e-14 0.000000e+00
342 413 1.038570e-03 3.284247e-03 2 3 4 1 3.555557e-14 0.000000e+00
342 414 1.038570e-03 4.134622e-03 2 3 4 1 2.605678e-14 0.000000e+00
342 415 1.038570e-03 5.205181e-03 2 3 4 1 1.948075e-14 0.000000e+00
342 416 1.038570e-03 6.552935e-03 2 3 4 1 1.479373e-14 0.000000e+00
342 417 1.038570e-03 8.249656e-03 2 3 4 1 1.131404e-14 0.000000e+00
343 407 1.307482e-03 8.249656e-04 2 3 4 1 8.269617e-14 0.000000e+00
343 408 1.307482e-03 1.038570e-03 2 3 4 1 1.194168e-13 0.000000e+00
343 409 1.307482e-03 1.307482e-03 2 3 4 1 1.479701e-13 0.000000e+00
343 410 1.307482e-03 1.646023e-03 2 3 4 1 1.373015e-13 0.000000e+00
343 411 1.307482e-03 2.072220e-03 2 3 4 1 1.057998e-13 0.000000e+00
343 412 1.307482e-03 2.608770e-03 2 3 4 1 7.709180e-14 0.000000e+00
343 413 1.307482e-03 3.284247e-03 2 3 4 1 5.585795e-14 0.000000e+00
343 414 1.307482e-03 4.134622e-03 2 3 4 1 4.104487e-14 0.000000e+00
343 415 1.307482e-03 5.205181e-03 2 3 4 1 3.073776e-14 0.000000e+00
343 416 1.307482e-03 6.552935e-03 2 3 4 1 2.337209e-14 0.000000e+00
343 417 1.307482e-03 8.249656e-03 2 3 4 1 1.789247e-14 0.000000e+00
344 407 1.646023e-03 8.249656e-04 2 3 4 1 6.155460e-14 0.000000e+00
344 408 1.646023e-03 1.038570e-03 2 3 4 1 9.405946e-14 0.000000e+00
344 409 1.646023e-03 1.307482e-03 2 3 4 1 1.373015e-13 0.000000e+00
344 410 1.646023e-03 1.646023e-03 2 3 4 1 1.710868e-13 0.000000e+00
344 411 1.646023e-03 2.072220e-03 2 3 4 1 1.560352e-13 0.000000e+00
344 412 1.646023e-03 2.608770e-03 2 3 4 1 1.188509e-13 0.000000e+00
344 413 1.646023e-03 3.284247e-03 2 3 4 1 8.722353e-14 0.000000e+00
344 414 1.646023e-03 4.134622e-03 2 3 4 1 6.440835e-14 0.000000e+00
344 415 1.646023e-03 5.205181e-03 2 3 4 1 4.836958e-14 0.000000e+00
344 416 1.646023e-03 6.552935e-03 2 3 4 1 3.685470e-14 0.000000e+00
344 417 1.646023e-03 8.249656e-03 2 3 4 1 2.825913e-14 0.000000e+00
345 407 2.072220e-03 8.249656e-04 2 3 4 1 4.415936e-14 0.000000e+00
345 408 2.072220e-03 1.038570e-03 2 3 4 1 6.886198e-14 0.000000e+00
345 409 2.072220e-03 1.307482e-03 2 3 4 1 1.057998e-13 0.000000e+00
345 410 2.072220e-03 1.646023e-03 2 3 4 1 1.560352e-13 0.000000e+00
345 411 2.072220e-03 2.072220e-03 2 3 4 1 1.959282e-13 0.000000e+00
345 412 2.072220e-03 2.608770e-03 2 3 4 1 1.767346e-13 0.000000e+00
345 413 2.072220e-03 3.284247e-03 2 3 4 1 1.345862e-13 0.000000e+00
345 414 2.072220e-03 4.134622e-03 2 3 4 1 1.004165e-13 0.000000e+00
345 415 2.072220e-03 5.205181e-03 2 3 4 1 7.578163e-14 0.000000e+00
345 416 2.072220e-03 6.552935e-03 2 3 4 1 5.793705e-14 0.000000e+00
345 417 2.072220e-03 8.249656e-03 2 3 4 1 4.453918e-14 0.000000e+00
346 407 2.608770e-03 8.249656e-04 2 3 4 1 3.141236e-14 0.000000e+00
346 408 2.608770e-03 1.038570e-03 2 3 4 1 4.936332e-14 0.000000e+00
346 409 2.608770e-03 1.307482e-03 2 3 4 1 7.709180e-14 0.000000e+00
346 410 2.608770e-03 1.646023e-03 2 3 4 1 1.188509e-13 0.000000e+00
346 411 2.608770e-03 2.072220e-03 2 3 4 1 1.767346e-13 0.000000e+00
346 412 2.608770e-03 2.608770e-03 2 3 4 1 2.238332e-13 0.000000e+00
346 413 2.608770e-03 3.284247e-03 2 3 4 1 2.011096e-13 0.000000e+00
346 414 2.608770e-03 4.134622e-03 2 3 4 1 1.546830e-13 0.000000e+00
346 415 2.608770e-03 5.205181e-03 2 3 4 1 1.178573e-13 0.000000e+00
346 416 2.608770e-03 6.552935e-03 2 3 4 1 9.062310e-14 0.000000e+00
346 417 2.608770e-03 8.249656e-03 2 3 4 1 6.996101e-14 0.000000e+00
347 407 3.284247e-03 8.249656e-04 2 3 4 1 2.255479e-14 0.000000e+00
347 408 3.284247e-03 1.038570e-03 2 3 4 1 3.555557e-14 0.000000e+00
347 409 3.284247e-03 1.307482e-03 2 3 4 1 5.585795e-14 0.000000e+00
347 410 3.284247e-03 1.646023e-03 2 3 4 1 8.722353e-14 0.000000e+00
347 411 3.284247e-03 2.072220e-03 2 3 4 1 1.345862e-13 0.000000e+00
347 412 3.284247e-03 2.608770e-03 2 3 4 1 2.011096e-13 0.000000e+00
347 413 3.284247e-03 3.284247e-03 2 3 4 1 2.567530e-13 0.000000e+00
347 414 3.284247e-03 4.134622e-03 2 3 4 1 2.313277e-13 0.000000e+00
347 415 3.284247e-03 5.205181e-03 2 3 4 1 1.809119e-13 0.000000e+00
347 416 3.284247e-03 6.552935e-03 2 3 4 1 1.405631e-13 0.000000e+00
347 417 3.284247e-03 8.249656e-03 2 3 4 1 1.092831e-13 0.000000e+00
348 407 4.134622e-03 8.249656e-04 2 3 4 1 1.650357e-14 0.000000e+00
348 408 4.134622e-03 1.038570e-03 2 3 4 1 2.605678e-14 0.000000e+00
348 409 4.134622e-03 1.307482e-03 2 3 4 1 4.104487e-14 0.000000e+00
348 410 4.134622e-03 1.646023e-03 2 3 4 1 6.440835e-14 0.000000e+00
348 411 4.134622e-03 2.072220e-03 2 3 4 1 1.004165e-13 0.000000e+00
348 412 4.134622e-03 2.608770e-03 2 3 4 1 1.546830e-13 0.000000e+00
348 413 4.134622e-03 3.284247e-03 2 3 4 1 2.313277e-13 0.000000e+00
348 414 4.134622e-03 4.134622e-03 2 3 4 1 2.971039e-13 0.000000e+00
348 415 4.134622e-03 5.205181e-03 2 3 4 1 2.697622e-13 0.000000e+00
348 416 4.134622e-03 6.552935e-03 2 3 4 1 2.148407e-13 0.000000e+00
348 417 4.134622e-03 8.249656e-03 2 3 4 1 1.691138e-13 0.000000e+00
349 407 5.205181e-03 8.249656e-04 2 3 4 1 1.232585e-14 0.000000e+00
349 408 5.205181e-03 1.038570e-03 2 3 4 1 1.948075e-14 0.000000e+00
349 409 5.205181e-03 1.307482e-03 2 3 4 1 3.073776e-14 0.000000e+00
349 410 5.205181e-03 1.646023e-03 2 3 4 1 4.836958e-14 0.000000e+00
349 411 5.205181e-03 2.072220e-03 2 3 4 1 7.578163e-14 0.000000e+00
349 412 5.205181e-03 2.608770e-03 2 3 4 1 1.178573e-13 0.000000e+00
349 413 5.205181e-03 3.284247e-03 2 3 4 1 1.809119e-13 0.000000e+00
349 414 5.205181e-03 4.134622e-03 2 3 4 1 2.697622e-13 0.000000e+00
349 415 5.205181e-03 5.205181e-03 2 3 4 1 3.474809e-13 0.000000e+00
349 416 5.205181e-03 6.552935e-03 2 3 4 1 3.186005e-13 0.000000e+00
349 417 5.205181e-03 8.249656e-03 2 3 4 1 2.574261e-13 0.000000e+00
350 407 6.552935e-03 8.249656e-04 2 3 4 1 9.352877e-15 0.000000e+00
350 408 6.552935e-03 1.038570e-03 2 3 4 1 1.479373e-14 0.000000e+00
350 409 6.552935e-03 1.307482e-03 2 3 4 1 2.337209e-14 0.000000e+00
350 410 6.552935e-03 1.646023e-03 2 3 4 1 3.685470e-14 0.000000e+00
350 411 6.552935e-03 2.072220e-03 2 3 4 1 5.793705e-14 0.000000e+00
350 412 6.552935e-03 2.608770e-03 2 3 4 1 9.062310e-14 0.000000e+00
350 413 6.552935e-03 3.284247e-03 2 3 4 1 1.405631e-13 0.000000e+00
350 414 6.552935e-03 4.134622e-03 2 3 4 1 2.148407e-13 0.000000e+00
350 415 6.552935e-03 5.205181e-03 2 3 4 1 3.186005e-13 0.000000e+00
350 416 6.552935e-03 6.552935e-03 2 3 4 1 4.101920e-13 0.000000e+00
350 417 6.552935e-03 8.249656e-03 2 3 4 1 3.792695e-13 0.000000e+00
351 407 8.249656e-03 8.249656e-04 2 3 4 1 7.148485e-15 0.000000e+00
351 408 8.249656e-03 1.038570e-03 2 3 4 1 1.131404e-14 0.000000e+00
351 409 8.249656e-03 1.307482e-03 2 3 4 1 1.789247e-14 0.000000e+00
351 410 8.249656e-03 1.646023e-03 2 3 4 1 2.825913e-14 0.000000e+00
351 411 8.249656e-03 2.072220e-03 2 3 4 1 4.453918e-14 0.000000e+00
351 412 8.249656e-03 2.608770e-03 2 3 4 1 6.996101e-14 0.000000e+00
351 413 8.249656e-03 3.284247e-03 2 3 4 1 1.092831e-13 0.000000e+00
351 414 8.249656e-03 4.134622e-03 2 3 4 1 1.691138e-13 0.000000e+00
351 415 8.249656e-03 5.205181e-03 2 3 4 1 2.574261e-13 0.000000e+00
351 416 8.249656e-03 6.552935e-03 2 3 4 1 3.792695e-13 0.000000e+00
351 417 8.249656e-03 8.249656e-03 2 3 4 1 4.865573e-13 0.000000e+00
