# Please cite the following papers in research using this covariance:
# arXiv: 1601.05779, https://arxiv.org/abs/1601.05779
# arXiv: 1911.11947, https://arxiv.org/abs/1911.11947
# arXiv: 2004.04833, https://arxiv.org/abs/2004.04833
# arXiv: 1804.10663, https://arxiv.org/abs/1804.10663
########################################################
352 462 8.249656e-04 8.249656e-04 3 0 5 2 6.645230e-14 0.000000e+00
352 463 8.249656e-04 1.038570e-03 3 0 5 2 6.557094e-14 0.000000e+00
352 464 8.249656e-04 1.307482e-03 3 0 5 2 5.462722e-14 0.000000e+00
352 465 8.249656e-04 1.646023e-03 3 0 5 2 4.212195e-14 0.000000e+00
352 466 8.249656e-04 2.072220e-03 3 0 5 2 3.144943e-14 0.000000e+00
352 467 8.249656e-04 2.608770e-03 3 0 5 2 2.327491e-14 0.000000e+00
352 468 8.249656e-04 3.284247e-03 3 0 5 2 1.728350e-14 0.000000e+00
352 469 8.249656e-04 4.134622e-03 3 0 5 2 1.293331e-14 0.000000e+00
352 470 8.249656e-04 5.205181e-03 3 0 5 2 9.739405e-15 0.000000e+00
352 471 8.249656e-04 6.552935e-03 3 0 5 2 7.346166e-15 0.000000e+00
352 472 8.249656e-04 8.249656e-03 3 0 5 2 5.516039e-15 0.000000e+00
353 462 1.038570e-03 8.249656e-04 3 0 5 2 6.557094e-14 0.000000e+00
353 463 1.038570e-03 1.038570e-03 3 0 5 2 8.144474e-14 0.000000e+00
353 464 1.038570e-03 1.307482e-03 3 0 5 2 7.871425e-14 0.000000e+00
353 465 1.038570e-03 1.646023e-03 3 0 5 2 6.408101e-14 0.000000e+00
353 466 1.038570e-03 2.072220e-03 3 0 5 2 4.884598e-14 0.000000e+00
353 467 1.038570e-03 2.608770e-03 3 0 5 2 3.646987e-14 0.000000e+00
353 468 1.038570e-03 3.284247e-03 3 0 5 2 2.719735e-14 0.000000e+00
353 469 1.038570e-03 4.134622e-03 3 0 5 2 2.040118e-14 0.000000e+00
353 470 1.038570e-03 5.205181e-03 3 0 5 2 1.538720e-14 0.000000e+00
353 471 1.038570e-03 6.552935e-03 3 0 5 2 1.161870e-14 0.000000e+00
353 472 1.038570e-03 8.249656e-03 3 0 5 2 8.730690e-15 0.000000e+00
354 462 1.307482e-03 8.249656e-04 3 0 5 2 5.462722e-14 0.000000e+00
354 463 1.307482e-03 1.038570e-03 3 0 5 2 7.871425e-14 0.000000e+00
354 464 1.307482e-03 1.307482e-03 3 0 5 2 9.800637e-14 0.000000e+00
354 465 1.307482e-03 1.646023e-03 3 0 5 2 9.309544e-14 0.000000e+00
354 466 1.307482e-03 2.072220e-03 3 0 5 2 7.458978e-14 0.000000e+00
354 467 1.307482e-03 2.608770e-03 3 0 5 2 5.669076e-14 0.000000e+00
354 468 1.307482e-03 3.284247e-03 3 0 5 2 4.260326e-14 0.000000e+00
354 469 1.307482e-03 4.134622e-03 3 0 5 2 3.208806e-14 0.000000e+00
354 470 1.307482e-03 5.205181e-03 3 0 5 2 2.426398e-14 0.000000e+00
354 471 1.307482e-03 6.552935e-03 3 0 5 2 1.835344e-14 0.000000e+00
354 472 1.307482e-03 8.249656e-03 3 0 5 2 1.380790e-14 0.000000e+00
355 462 1.646023e-03 8.249656e-04 3 0 5 2 4.212195e-14 0.000000e+00
355 463 1.646023e-03 1.038570e-03 3 0 5 2 6.408101e-14 0.000000e+00
355 464 1.646023e-03 1.307482e-03 3 0 5 2 9.309544e-14 0.000000e+00
355 465 1.646023e-03 1.646023e-03 3 0 5 2 1.164219e-13 0.000000e+00
355 466 1.646023e-03 2.072220e-03 3 0 5 2 1.091596e-13 0.000000e+00
355 467 1.646023e-03 2.608770e-03 3 0 5 2 8.675115e-14 0.000000e+00
355 468 1.646023e-03 3.284247e-03 3 0 5 2 6.620784e-14 0.000000e+00
355 469 1.646023e-03 4.134622e-03 3 0 5 2 5.022791e-14 0.000000e+00
355 470 1.646023e-03 5.205181e-03 3 0 5 2 3.814358e-14 0.000000e+00
355 471 1.646023e-03 6.552935e-03 3 0 5 2 2.893408e-14 0.000000e+00
355 472 1.646023e-03 8.249656e-03 3 0 5 2 2.181001e-14 0.000000e+00
356 462 2.072220e-03 8.249656e-04 3 0 5 2 3.144943e-14 0.000000e+00
356 463 2.072220e-03 1.038570e-03 3 0 5 2 4.884598e-14 0.000000e+00
356 464 2.072220e-03 1.307482e-03 3 0 5 2 7.458978e-14 0.000000e+00
356 465 2.072220e-03 1.646023e-03 3 0 5 2 1.091596e-13 0.000000e+00
356 466 2.072220e-03 2.072220e-03 3 0 5 2 1.372743e-13 0.000000e+00
356 467 2.072220e-03 2.608770e-03 3 0 5 2 1.276506e-13 0.000000e+00
356 468 2.072220e-03 3.284247e-03 3 0 5 2 1.013452e-13 0.000000e+00
356 469 2.072220e-03 4.134622e-03 3 0 5 2 7.797615e-14 0.000000e+00
356 470 2.072220e-03 5.205181e-03 3 0 5 2 5.965637e-14 0.000000e+00
356 471 2.072220e-03 6.552935e-03 3 0 5 2 4.546616e-14 0.000000e+00
356 472 2.072220e-03 8.249656e-03 3 0 5 2 3.437916e-14 0.000000e+00
357 462 2.608770e-03 8.249656e-04 3 0 5 2 2.327491e-14 0.000000e+00
357 463 2.608770e-03 1.038570e-03 3 0 5 2 3.646987e-14 0.000000e+00
357 464 2.608770e-03 1.307482e-03 3 0 5 2 5.669076e-14 0.000000e+00
357 465 2.608770e-03 1.646023e-03 3 0 5 2 8.675115e-14 0.000000e+00
357 466 2.608770e-03 2.072220e-03 3 0 5 2 1.276506e-13 0.000000e+00
357 467 2.608770e-03 2.608770e-03 3 0 5 2 1.614477e-13 0.000000e+00
357 468 2.608770e-03 3.284247e-03 3 0 5 2 1.495570e-13 0.000000e+00
357 469 2.608770e-03 4.134622e-03 3 0 5 2 1.192189e-13 0.000000e+00
357 470 2.608770e-03 5.205181e-03 3 0 5 2 9.248965e-14 0.000000e+00
357 471 2.608770e-03 6.552935e-03 3 0 5 2 7.105922e-14 0.000000e+00
357 472 2.608770e-03 8.249656e-03 3 0 5 2 5.401083e-14 0.000000e+00
358 462 3.284247e-03 8.249656e-04 3 0 5 2 1.728350e-14 0.000000e+00
358 463 3.284247e-03 1.038570e-03 3 0 5 2 2.719735e-14 0.000000e+00
358 464 3.284247e-03 1.307482e-03 3 0 5 2 4.260326e-14 0.000000e+00
358 465 3.284247e-03 1.646023e-03 3 0 5 2 6.620784e-14 0.000000e+00
358 466 3.284247e-03 2.072220e-03 3 0 5 2 1.013452e-13 0.000000e+00
358 467 3.284247e-03 2.608770e-03 3 0 5 2 1.495570e-13 0.000000e+00
358 468 3.284247e-03 3.284247e-03 3 0 5 2 1.900584e-13 0.000000e+00
358 469 3.284247e-03 4.134622e-03 3 0 5 2 1.759851e-13 0.000000e+00
358 470 3.284247e-03 5.205181e-03 3 0 5 2 1.411297e-13 0.000000e+00
358 471 3.284247e-03 6.552935e-03 3 0 5 2 1.100368e-13 0.000000e+00
358 472 3.284247e-03 8.249656e-03 3 0 5 2 8.438074e-14 0.000000e+00
359 462 4.134622e-03 8.249656e-04 3 0 5 2 1.293331e-14 0.000000e+00
359 463 4.134622e-03 1.038570e-03 3 0 5 2 2.040118e-14 0.000000e+00
359 464 4.134622e-03 1.307482e-03 3 0 5 2 3.208806e-14 0.000000e+00
359 465 4.134622e-03 1.646023e-03 3 0 5 2 5.022791e-14 0.000000e+00
359 466 4.134622e-03 2.072220e-03 3 0 5 2 7.797615e-14 0.000000e+00
359 467 4.134622e-03 2.608770e-03 3 0 5 2 1.192189e-13 0.000000e+00
359 468 4.134622e-03 3.284247e-03 3 0 5 2 1.759851e-13 0.000000e+00
359 469 4.134622e-03 4.134622e-03 3 0 5 2 2.243153e-13 0.000000e+00
359 470 4.134622e-03 5.205181e-03 3 0 5 2 2.079714e-13 0.000000e+00
359 471 4.134622e-03 6.552935e-03 3 0 5 2 1.675626e-13 0.000000e+00
359 472 4.134622e-03 8.249656e-03 3 0 5 2 1.305672e-13 0.000000e+00
360 462 5.205181e-03 8.249656e-04 3 0 5 2 9.739405e-15 0.000000e+00
360 463 5.205181e-03 1.038570e-03 3 0 5 2 1.538720e-14 0.000000e+00
360 464 5.205181e-03 1.307482e-03 3 0 5 2 2.426398e-14 0.000000e+00
360 465 5.205181e-03 1.646023e-03 3 0 5 2 3.814358e-14 0.000000e+00
360 466 5.205181e-03 2.072220e-03 3 0 5 2 5.965637e-14 0.000000e+00
360 467 5.205181e-03 2.608770e-03 3 0 5 2 9.248965e-14 0.000000e+00
360 468 5.205181e-03 3.284247e-03 3 0 5 2 1.411297e-13 0.000000e+00
360 469 5.205181e-03 4.134622e-03 3 0 5 2 2.079714e-13 0.000000e+00
360 470 5.205181e-03 5.205181e-03 3 0 5 2 2.653137e-13 0.000000e+00
360 471 5.205181e-03 6.552935e-03 3 0 5 2 2.462413e-13 0.000000e+00
360 472 5.205181e-03 8.249656e-03 3 0 5 2 1.985217e-13 0.000000e+00
361 462 6.552935e-03 8.249656e-04 3 0 5 2 7.346166e-15 0.000000e+00
361 463 6.552935e-03 1.038570e-03 3 0 5 2 1.161870e-14 0.000000e+00
361 464 6.552935e-03 1.307482e-03 3 0 5 2 1.835344e-14 0.000000e+00
361 465 6.552935e-03 1.646023e-03 3 0 5 2 2.893408e-14 0.000000e+00
361 466 6.552935e-03 2.072220e-03 3 0 5 2 4.546616e-14 0.000000e+00
361 467 6.552935e-03 2.608770e-03 3 0 5 2 7.105922e-14 0.000000e+00
361 468 6.552935e-03 3.284247e-03 3 0 5 2 1.100368e-13 0.000000e+00
361 469 6.552935e-03 4.134622e-03 3 0 5 2 1.675626e-13 0.000000e+00
361 470 6.552935e-03 5.205181e-03 3 0 5 2 2.462413e-13 0.000000e+00
361 471 6.552935e-03 6.552935e-03 3 0 5 2 3.137624e-13 0.000000e+00
361 472 6.552935e-03 8.249656e-03 3 0 5 2 2.909118e-13 0.000000e+00
362 462 8.249656e-03 8.249656e-04 3 0 5 2 5.516039e-15 0.000000e+00
362 463 8.249656e-03 1.038570e-03 3 0 5 2 8.730690e-15 0.000000e+00
362 464 8.249656e-03 1.307482e-03 3 0 5 2 1.380790e-14 0.000000e+00
362 465 8.249656e-03 1.646023e-03 3 0 5 2 2.181001e-14 0.000000e+00
362 466 8.249656e-03 2.072220e-03 3 0 5 2 3.437916e-14 0.000000e+00
362 467 8.249656e-03 2.608770e-03 3 0 5 2 5.401083e-14 0.000000e+00
362 468 8.249656e-03 3.284247e-03 3 0 5 2 8.438074e-14 0.000000e+00
362 469 8.249656e-03 4.134622e-03 3 0 5 2 1.305672e-13 0.000000e+00
362 470 8.249656e-03 5.205181e-03 3 0 5 2 1.985217e-13 0.000000e+00
362 471 8.249656e-03 6.552935e-03 3 0 5 2 2.909118e-13 0.000000e+00
362 472 8.249656e-03 8.249656e-03 3 0 5 2 3.696296e-13 0.000000e+00
