# Please cite the following papers in research using this covariance:
# arXiv: 1601.05779, https://arxiv.org/abs/1601.05779
# arXiv: 1911.11947, https://arxiv.org/abs/1911.11947
# arXiv: 2004.04833, https://arxiv.org/abs/2004.04833
# arXiv: 1804.10663, https://arxiv.org/abs/1804.10663
########################################################
220 286 8.249656e-04 8.249656e-04 0 0 1 2 5.782622e-13 0.000000e+00
220 287 8.249656e-04 1.038570e-03 0 0 1 2 6.015098e-13 0.000000e+00
220 288 8.249656e-04 1.307482e-03 0 0 1 2 5.314061e-13 0.000000e+00
220 289 8.249656e-04 1.646023e-03 0 0 1 2 4.185613e-13 0.000000e+00
220 290 8.249656e-04 2.072220e-03 0 0 1 2 3.034448e-13 0.000000e+00
220 291 8.249656e-04 2.608770e-03 0 0 1 2 2.076541e-13 0.000000e+00
220 292 8.249656e-04 3.284247e-03 0 0 1 2 1.375112e-13 0.000000e+00
220 293 8.249656e-04 4.134622e-03 0 0 1 2 9.040826e-14 0.000000e+00
220 294 8.249656e-04 5.205181e-03 0 0 1 2 6.043478e-14 0.000000e+00
220 295 8.249656e-04 6.552935e-03 0 0 1 2 4.177905e-14 0.000000e+00
220 296 8.249656e-04 8.249656e-03 0 0 1 2 3.004277e-14 0.000000e+00
221 286 1.038570e-03 8.249656e-04 0 0 1 2 6.015098e-13 0.000000e+00
221 287 1.038570e-03 1.038570e-03 0 0 1 2 7.442920e-13 0.000000e+00
221 288 1.038570e-03 1.307482e-03 0 0 1 2 7.483884e-13 0.000000e+00
221 289 1.038570e-03 1.646023e-03 0 0 1 2 6.287521e-13 0.000000e+00
221 290 1.038570e-03 2.072220e-03 0 0 1 2 4.701636e-13 0.000000e+00
221 291 1.038570e-03 2.608770e-03 0 0 1 2 3.263461e-13 0.000000e+00
221 292 1.038570e-03 3.284247e-03 0 0 1 2 2.173568e-13 0.000000e+00
221 293 1.038570e-03 4.134622e-03 0 0 1 2 1.431593e-13 0.000000e+00
221 294 1.038570e-03 5.205181e-03 0 0 1 2 9.572135e-14 0.000000e+00
221 295 1.038570e-03 6.552935e-03 0 0 1 2 6.616617e-14 0.000000e+00
221 296 1.038570e-03 8.249656e-03 0 0 1 2 4.757817e-14 0.000000e+00
222 286 1.307482e-03 8.249656e-04 0 0 1 2 5.314061e-13 0.000000e+00
222 287 1.307482e-03 1.038570e-03 0 0 1 2 7.483884e-13 0.000000e+00
222 288 1.307482e-03 1.307482e-03 0 0 1 2 9.195759e-13 0.000000e+00
222 289 1.307482e-03 1.646023e-03 0 0 1 2 8.928012e-13 0.000000e+00
222 290 1.307482e-03 2.072220e-03 0 0 1 2 7.130810e-13 0.000000e+00
222 291 1.307482e-03 2.608770e-03 0 0 1 2 5.090875e-13 0.000000e+00
222 292 1.307482e-03 3.284247e-03 0 0 1 2 3.427995e-13 0.000000e+00
222 293 1.307482e-03 4.134622e-03 0 0 1 2 2.265406e-13 0.000000e+00
222 294 1.307482e-03 5.205181e-03 0 0 1 2 1.515524e-13 0.000000e+00
222 295 1.307482e-03 6.552935e-03 0 0 1 2 1.047436e-13 0.000000e+00
222 296 1.307482e-03 8.249656e-03 0 0 1 2 7.531525e-14 0.000000e+00
223 286 1.646023e-03 8.249656e-04 0 0 1 2 4.185613e-13 0.000000e+00
223 287 1.646023e-03 1.038570e-03 0 0 1 2 6.287521e-13 0.000000e+00
223 288 1.646023e-03 1.307482e-03 0 0 1 2 8.928012e-13 0.000000e+00
223 289 1.646023e-03 1.646023e-03 0 0 1 2 1.093364e-12 0.000000e+00
223 290 1.646023e-03 2.072220e-03 0 0 1 2 1.025111e-12 0.000000e+00
223 291 1.646023e-03 2.608770e-03 0 0 1 2 7.806237e-13 0.000000e+00
223 292 1.646023e-03 3.284247e-03 0 0 1 2 5.380043e-13 0.000000e+00
223 293 1.646023e-03 4.134622e-03 0 0 1 2 3.580192e-13 0.000000e+00
223 294 1.646023e-03 5.205181e-03 0 0 1 2 2.397943e-13 0.000000e+00
223 295 1.646023e-03 6.552935e-03 0 0 1 2 1.657007e-13 0.000000e+00
223 296 1.646023e-03 8.249656e-03 0 0 1 2 1.191383e-13 0.000000e+00
224 286 2.072220e-03 8.249656e-04 0 0 1 2 3.034448e-13 0.000000e+00
224 287 2.072220e-03 1.038570e-03 0 0 1 2 4.701636e-13 0.000000e+00
224 288 2.072220e-03 1.307482e-03 0 0 1 2 7.130810e-13 0.000000e+00
224 289 2.072220e-03 1.646023e-03 0 0 1 2 1.025111e-12 0.000000e+00
224 290 2.072220e-03 2.072220e-03 0 0 1 2 1.256864e-12 0.000000e+00
224 291 2.072220e-03 2.608770e-03 0 0 1 2 1.140067e-12 0.000000e+00
224 292 2.072220e-03 3.284247e-03 0 0 1 2 8.337868e-13 0.000000e+00
224 293 2.072220e-03 4.134622e-03 0 0 1 2 5.641226e-13 0.000000e+00
224 294 2.072220e-03 5.205181e-03 0 0 1 2 3.789935e-13 0.000000e+00
224 295 2.072220e-03 6.552935e-03 0 0 1 2 2.618548e-13 0.000000e+00
224 296 2.072220e-03 8.249656e-03 0 0 1 2 1.882512e-13 0.000000e+00
225 286 2.608770e-03 8.249656e-04 0 0 1 2 2.076541e-13 0.000000e+00
225 287 2.608770e-03 1.038570e-03 0 0 1 2 3.263461e-13 0.000000e+00
225 288 2.608770e-03 1.307482e-03 0 0 1 2 5.090875e-13 0.000000e+00
225 289 2.608770e-03 1.646023e-03 0 0 1 2 7.806237e-13 0.000000e+00
225 290 2.608770e-03 2.072220e-03 0 0 1 2 1.140067e-12 0.000000e+00
225 291 2.608770e-03 2.608770e-03 0 0 1 2 1.406291e-12 0.000000e+00
225 292 2.608770e-03 3.284247e-03 0 0 1 2 1.239186e-12 0.000000e+00
225 293 2.608770e-03 4.134622e-03 0 0 1 2 8.813861e-13 0.000000e+00
225 294 2.608770e-03 5.205181e-03 0 0 1 2 5.976852e-13 0.000000e+00
225 295 2.608770e-03 6.552935e-03 0 0 1 2 4.131154e-13 0.000000e+00
225 296 2.608770e-03 8.249656e-03 0 0 1 2 2.969377e-13 0.000000e+00
226 286 3.284247e-03 8.249656e-04 0 0 1 2 1.375112e-13 0.000000e+00
226 287 3.284247e-03 1.038570e-03 0 0 1 2 2.173568e-13 0.000000e+00
226 288 3.284247e-03 1.307482e-03 0 0 1 2 3.427995e-13 0.000000e+00
226 289 3.284247e-03 1.646023e-03 0 0 1 2 5.380043e-13 0.000000e+00
226 290 3.284247e-03 2.072220e-03 0 0 1 2 8.337868e-13 0.000000e+00
226 291 3.284247e-03 2.608770e-03 0 0 1 2 1.239186e-12 0.000000e+00
226 292 3.284247e-03 3.284247e-03 0 0 1 2 1.544745e-12 0.000000e+00
226 293 3.284247e-03 4.134622e-03 0 0 1 2 1.331463e-12 0.000000e+00
226 294 3.284247e-03 5.205181e-03 0 0 1 2 9.371785e-13 0.000000e+00
226 295 3.284247e-03 6.552935e-03 0 0 1 2 6.499910e-13 0.000000e+00
226 296 3.284247e-03 8.249656e-03 0 0 1 2 4.670981e-13 0.000000e+00
227 286 4.134622e-03 8.249656e-04 0 0 1 2 9.040826e-14 0.000000e+00
227 287 4.134622e-03 1.038570e-03 0 0 1 2 1.431593e-13 0.000000e+00
227 288 4.134622e-03 1.307482e-03 0 0 1 2 2.265406e-13 0.000000e+00
227 289 4.134622e-03 1.646023e-03 0 0 1 2 3.580192e-13 0.000000e+00
227 290 4.134622e-03 2.072220e-03 0 0 1 2 5.641226e-13 0.000000e+00
227 291 4.134622e-03 2.608770e-03 0 0 1 2 8.813861e-13 0.000000e+00
227 292 4.134622e-03 3.284247e-03 0 0 1 2 1.331463e-12 0.000000e+00
227 293 4.134622e-03 4.134622e-03 0 0 1 2 1.682552e-12 0.000000e+00
227 294 4.134622e-03 5.205181e-03 0 0 1 2 1.432408e-12 0.000000e+00
227 295 4.134622e-03 6.552935e-03 0 0 1 2 1.017425e-12 0.000000e+00
227 296 4.134622e-03 8.249656e-03 0 0 1 2 7.316633e-13 0.000000e+00
228 286 5.205181e-03 8.249656e-04 0 0 1 2 6.043478e-14 0.000000e+00
228 287 5.205181e-03 1.038570e-03 0 0 1 2 9.572135e-14 0.000000e+00
228 288 5.205181e-03 1.307482e-03 0 0 1 2 1.515524e-13 0.000000e+00
228 289 5.205181e-03 1.646023e-03 0 0 1 2 2.397943e-13 0.000000e+00
228 290 5.205181e-03 2.072220e-03 0 0 1 2 3.789935e-13 0.000000e+00
228 291 5.205181e-03 2.608770e-03 0 0 1 2 5.976852e-13 0.000000e+00
228 292 5.205181e-03 3.284247e-03 0 0 1 2 9.371785e-13 0.000000e+00
228 293 5.205181e-03 4.134622e-03 0 0 1 2 1.432408e-12 0.000000e+00
228 294 5.205181e-03 5.205181e-03 0 0 1 2 1.836235e-12 0.000000e+00
228 295 5.205181e-03 6.552935e-03 0 0 1 2 1.561898e-12 0.000000e+00
228 296 5.205181e-03 8.249656e-03 0 0 1 2 1.138371e-12 0.000000e+00
229 286 6.552935e-03 8.249656e-04 0 0 1 2 4.177905e-14 0.000000e+00
229 287 6.552935e-03 1.038570e-03 0 0 1 2 6.616617e-14 0.000000e+00
229 288 6.552935e-03 1.307482e-03 0 0 1 2 1.047436e-13 0.000000e+00
229 289 6.552935e-03 1.646023e-03 0 0 1 2 1.657007e-13 0.000000e+00
229 290 6.552935e-03 2.072220e-03 0 0 1 2 2.618548e-13 0.000000e+00
229 291 6.552935e-03 2.608770e-03 0 0 1 2 4.131154e-13 0.000000e+00
229 292 6.552935e-03 3.284247e-03 0 0 1 2 6.499910e-13 0.000000e+00
229 293 6.552935e-03 4.134622e-03 0 0 1 2 1.017425e-12 0.000000e+00
229 294 6.552935e-03 5.205181e-03 0 0 1 2 1.561898e-12 0.000000e+00
229 295 6.552935e-03 6.552935e-03 0 0 1 2 2.026607e-12 0.000000e+00
229 296 6.552935e-03 8.249656e-03 0 0 1 2 1.741459e-12 0.000000e+00
230 286 8.249656e-03 8.249656e-04 0 0 1 2 3.004277e-14 0.000000e+00
230 287 8.249656e-03 1.038570e-03 0 0 1 2 4.757817e-14 0.000000e+00
230 288 8.249656e-03 1.307482e-03 0 0 1 2 7.531525e-14 0.000000e+00
230 289 8.249656e-03 1.646023e-03 0 0 1 2 1.191383e-13 0.000000e+00
230 290 8.249656e-03 2.072220e-03 0 0 1 2 1.882512e-13 0.000000e+00
230 291 8.249656e-03 2.608770e-03 0 0 1 2 2.969377e-13 0.000000e+00
230 292 8.249656e-03 3.284247e-03 0 0 1 2 4.670981e-13 0.000000e+00
230 293 8.249656e-03 4.134622e-03 0 0 1 2 7.316633e-13 0.000000e+00
230 294 8.249656e-03 5.205181e-03 0 0 1 2 1.138371e-12 0.000000e+00
230 295 8.249656e-03 6.552935e-03 0 0 1 2 1.741459e-12 0.000000e+00
230 296 8.249656e-03 8.249656e-03 0 0 1 2 2.276288e-12 0.000000e+00
