# Please cite the following papers in research using this covariance:
# arXiv: 1601.05779, https://arxiv.org/abs/1601.05779
# arXiv: 1911.11947, https://arxiv.org/abs/1911.11947
# arXiv: 2004.04833, https://arxiv.org/abs/2004.04833
# arXiv: 1804.10663, https://arxiv.org/abs/1804.10663
########################################################
242 451 8.249656e-04 8.249656e-04 0 2 5 1 1.459939e-13 0.000000e+00
242 452 8.249656e-04 1.038570e-03 0 2 5 1 1.512604e-13 0.000000e+00
242 453 8.249656e-04 1.307482e-03 0 2 5 1 1.334771e-13 0.000000e+00
242 454 8.249656e-04 1.646023e-03 0 2 5 1 1.058790e-13 0.000000e+00
242 455 8.249656e-04 2.072220e-03 0 2 5 1 7.790634e-14 0.000000e+00
242 456 8.249656e-04 2.608770e-03 0 2 5 1 5.438920e-14 0.000000e+00
242 457 8.249656e-04 3.284247e-03 0 2 5 1 3.680183e-14 0.000000e+00
242 458 8.249656e-04 4.134622e-03 0 2 5 1 2.466123e-14 0.000000e+00
242 459 8.249656e-04 5.205181e-03 0 2 5 1 1.669674e-14 0.000000e+00
242 460 8.249656e-04 6.552935e-03 0 2 5 1 1.158946e-14 0.000000e+00
242 461 8.249656e-04 8.249656e-03 0 2 5 1 8.295483e-15 0.000000e+00
243 451 1.038570e-03 8.249656e-04 0 2 5 1 1.512604e-13 0.000000e+00
243 452 1.038570e-03 1.038570e-03 0 2 5 1 1.876429e-13 0.000000e+00
243 453 1.038570e-03 1.307482e-03 0 2 5 1 1.885608e-13 0.000000e+00
243 454 1.038570e-03 1.646023e-03 0 2 5 1 1.591262e-13 0.000000e+00
243 455 1.038570e-03 2.072220e-03 0 2 5 1 1.205824e-13 0.000000e+00
243 456 1.038570e-03 2.608770e-03 0 2 5 1 8.535465e-14 0.000000e+00
243 457 1.038570e-03 3.284247e-03 0 2 5 1 5.810119e-14 0.000000e+00
243 458 1.038570e-03 4.134622e-03 0 2 5 1 3.902062e-14 0.000000e+00
243 459 1.038570e-03 5.205181e-03 0 2 5 1 2.643552e-14 0.000000e+00
243 460 1.038570e-03 6.552935e-03 0 2 5 1 1.835193e-14 0.000000e+00
243 461 1.038570e-03 8.249656e-03 0 2 5 1 1.313726e-14 0.000000e+00
244 451 1.307482e-03 8.249656e-04 0 2 5 1 1.334771e-13 0.000000e+00
244 452 1.307482e-03 1.038570e-03 0 2 5 1 1.885608e-13 0.000000e+00
244 453 1.307482e-03 1.307482e-03 0 2 5 1 2.325348e-13 0.000000e+00
244 454 1.307482e-03 1.646023e-03 0 2 5 1 2.264160e-13 0.000000e+00
244 455 1.307482e-03 2.072220e-03 0 2 5 1 1.826894e-13 0.000000e+00
244 456 1.307482e-03 2.608770e-03 0 2 5 1 1.328674e-13 0.000000e+00
244 457 1.307482e-03 3.284247e-03 0 2 5 1 9.145946e-14 0.000000e+00
244 458 1.307482e-03 4.134622e-03 0 2 5 1 6.167143e-14 0.000000e+00
244 459 1.307482e-03 5.205181e-03 0 2 5 1 4.182851e-14 0.000000e+00
244 460 1.307482e-03 6.552935e-03 0 2 5 1 2.904536e-14 0.000000e+00
244 461 1.307482e-03 8.249656e-03 0 2 5 1 2.079560e-14 0.000000e+00
245 451 1.646023e-03 8.249656e-04 0 2 5 1 1.058790e-13 0.000000e+00
245 452 1.646023e-03 1.038570e-03 0 2 5 1 1.591262e-13 0.000000e+00
245 453 1.646023e-03 1.307482e-03 0 2 5 1 2.264160e-13 0.000000e+00
245 454 1.646023e-03 1.646023e-03 0 2 5 1 2.783957e-13 0.000000e+00
245 455 1.646023e-03 2.072220e-03 0 2 5 1 2.626823e-13 0.000000e+00
245 456 1.646023e-03 2.608770e-03 0 2 5 1 2.031627e-13 0.000000e+00
245 457 1.646023e-03 3.284247e-03 0 2 5 1 1.431153e-13 0.000000e+00
245 458 1.646023e-03 4.134622e-03 0 2 5 1 9.726805e-14 0.000000e+00
245 459 1.646023e-03 5.205181e-03 0 2 5 1 6.611574e-14 0.000000e+00
245 460 1.646023e-03 6.552935e-03 0 2 5 1 4.593194e-14 0.000000e+00
245 461 1.646023e-03 8.249656e-03 0 2 5 1 3.289451e-14 0.000000e+00
246 451 2.072220e-03 8.249656e-04 0 2 5 1 7.790634e-14 0.000000e+00
246 452 2.072220e-03 1.038570e-03 0 2 5 1 1.205824e-13 0.000000e+00
246 453 2.072220e-03 1.307482e-03 0 2 5 1 1.826894e-13 0.000000e+00
246 454 2.072220e-03 1.646023e-03 0 2 5 1 2.626823e-13 0.000000e+00
246 455 2.072220e-03 2.072220e-03 0 2 5 1 3.232304e-13 0.000000e+00
246 456 2.072220e-03 2.608770e-03 0 2 5 1 2.960318e-13 0.000000e+00
246 457 2.072220e-03 3.284247e-03 0 2 5 1 2.208228e-13 0.000000e+00
246 458 2.072220e-03 4.134622e-03 0 2 5 1 1.527577e-13 0.000000e+00
246 459 2.072220e-03 5.205181e-03 0 2 5 1 1.043161e-13 0.000000e+00
246 460 2.072220e-03 6.552935e-03 0 2 5 1 7.254062e-14 0.000000e+00
246 461 2.072220e-03 8.249656e-03 0 2 5 1 5.197295e-14 0.000000e+00
247 451 2.608770e-03 8.249656e-04 0 2 5 1 5.438920e-14 0.000000e+00
247 452 2.608770e-03 1.038570e-03 0 2 5 1 8.535465e-14 0.000000e+00
247 453 2.608770e-03 1.307482e-03 0 2 5 1 1.328674e-13 0.000000e+00
247 454 2.608770e-03 1.646023e-03 0 2 5 1 2.031627e-13 0.000000e+00
247 455 2.608770e-03 2.072220e-03 0 2 5 1 2.960318e-13 0.000000e+00
247 456 2.608770e-03 2.608770e-03 0 2 5 1 3.660203e-13 0.000000e+00
247 457 2.608770e-03 3.284247e-03 0 2 5 1 3.265493e-13 0.000000e+00
247 458 2.608770e-03 4.134622e-03 0 2 5 1 2.373969e-13 0.000000e+00
247 459 2.608770e-03 5.205181e-03 0 2 5 1 1.640219e-13 0.000000e+00
247 460 2.608770e-03 6.552935e-03 0 2 5 1 1.143184e-13 0.000000e+00
247 461 2.608770e-03 8.249656e-03 0 2 5 1 8.196653e-14 0.000000e+00
248 451 3.284247e-03 8.249656e-04 0 2 5 1 3.680183e-14 0.000000e+00
248 452 3.284247e-03 1.038570e-03 0 2 5 1 5.810119e-14 0.000000e+00
248 453 3.284247e-03 1.307482e-03 0 2 5 1 9.145946e-14 0.000000e+00
248 454 3.284247e-03 1.646023e-03 0 2 5 1 1.431153e-13 0.000000e+00
248 455 3.284247e-03 2.072220e-03 0 2 5 1 2.208228e-13 0.000000e+00
248 456 3.284247e-03 2.608770e-03 0 2 5 1 3.265493e-13 0.000000e+00
248 457 3.284247e-03 3.284247e-03 0 2 5 1 4.072279e-13 0.000000e+00
248 458 3.284247e-03 4.134622e-03 0 2 5 1 3.559979e-13 0.000000e+00
248 459 3.284247e-03 5.205181e-03 0 2 5 1 2.558385e-13 0.000000e+00
248 460 3.284247e-03 6.552935e-03 0 2 5 1 1.795000e-13 0.000000e+00
248 461 3.284247e-03 8.249656e-03 0 2 5 1 1.288918e-13 0.000000e+00
249 451 4.134622e-03 8.249656e-04 0 2 5 1 2.466123e-14 0.000000e+00
249 452 4.134622e-03 1.038570e-03 0 2 5 1 3.902062e-14 0.000000e+00
249 453 4.134622e-03 1.307482e-03 0 2 5 1 6.167143e-14 0.000000e+00
249 454 4.134622e-03 1.646023e-03 0 2 5 1 9.726805e-14 0.000000e+00
249 455 4.134622e-03 2.072220e-03 0 2 5 1 1.527577e-13 0.000000e+00
249 456 4.134622e-03 2.608770e-03 0 2 5 1 2.373969e-13 0.000000e+00
249 457 4.134622e-03 3.284247e-03 0 2 5 1 3.559979e-13 0.000000e+00
249 458 4.134622e-03 4.134622e-03 0 2 5 1 4.489698e-13 0.000000e+00
249 459 4.134622e-03 5.205181e-03 0 2 5 1 3.876966e-13 0.000000e+00
249 460 4.134622e-03 6.552935e-03 0 2 5 1 2.798223e-13 0.000000e+00
249 461 4.134622e-03 8.249656e-03 0 2 5 1 2.017238e-13 0.000000e+00
250 451 5.205181e-03 8.249656e-04 0 2 5 1 1.669674e-14 0.000000e+00
250 452 5.205181e-03 1.038570e-03 0 2 5 1 2.643552e-14 0.000000e+00
250 453 5.205181e-03 1.307482e-03 0 2 5 1 4.182851e-14 0.000000e+00
250 454 5.205181e-03 1.646023e-03 0 2 5 1 6.611574e-14 0.000000e+00
250 455 5.205181e-03 2.072220e-03 0 2 5 1 1.043161e-13 0.000000e+00
250 456 5.205181e-03 2.608770e-03 0 2 5 1 1.640219e-13 0.000000e+00
250 457 5.205181e-03 3.284247e-03 0 2 5 1 2.558385e-13 0.000000e+00
250 458 5.205181e-03 4.134622e-03 0 2 5 1 3.876966e-13 0.000000e+00
250 459 5.205181e-03 5.205181e-03 0 2 5 1 4.948533e-13 0.000000e+00
250 460 5.205181e-03 6.552935e-03 0 2 5 1 4.260904e-13 0.000000e+00
250 461 5.205181e-03 8.249656e-03 0 2 5 1 3.131475e-13 0.000000e+00
251 451 6.552935e-03 8.249656e-04 0 2 5 1 1.158946e-14 0.000000e+00
251 452 6.552935e-03 1.038570e-03 0 2 5 1 1.835193e-14 0.000000e+00
251 453 6.552935e-03 1.307482e-03 0 2 5 1 2.904536e-14 0.000000e+00
251 454 6.552935e-03 1.646023e-03 0 2 5 1 4.593194e-14 0.000000e+00
251 455 6.552935e-03 2.072220e-03 0 2 5 1 7.254062e-14 0.000000e+00
251 456 6.552935e-03 2.608770e-03 0 2 5 1 1.143184e-13 0.000000e+00
251 457 6.552935e-03 3.284247e-03 0 2 5 1 1.795000e-13 0.000000e+00
251 458 6.552935e-03 4.134622e-03 0 2 5 1 2.798223e-13 0.000000e+00
251 459 6.552935e-03 5.205181e-03 0 2 5 1 4.260904e-13 0.000000e+00
251 460 6.552935e-03 6.552935e-03 0 2 5 1 5.495721e-13 0.000000e+00
251 461 6.552935e-03 8.249656e-03 0 2 5 1 4.761026e-13 0.000000e+00
252 451 8.249656e-03 8.249656e-04 0 2 5 1 8.295483e-15 0.000000e+00
252 452 8.249656e-03 1.038570e-03 0 2 5 1 1.313726e-14 0.000000e+00
252 453 8.249656e-03 1.307482e-03 0 2 5 1 2.079560e-14 0.000000e+00
252 454 8.249656e-03 1.646023e-03 0 2 5 1 3.289451e-14 0.000000e+00
252 455 8.249656e-03 2.072220e-03 0 2 5 1 5.197295e-14 0.000000e+00
252 456 8.249656e-03 2.608770e-03 0 2 5 1 8.196653e-14 0.000000e+00
252 457 8.249656e-03 3.284247e-03 0 2 5 1 1.288918e-13 0.000000e+00
252 458 8.249656e-03 4.134622e-03 0 2 5 1 2.017238e-13 0.000000e+00
252 459 8.249656e-03 5.205181e-03 0 2 5 1 3.131475e-13 0.000000e+00
252 460 8.249656e-03 6.552935e-03 0 2 5 1 4.761026e-13 0.000000e+00
252 461 8.249656e-03 8.249656e-03 0 2 5 1 6.182572e-13 0.000000e+00
