# Please cite the following papers in research using this covariance:
# arXiv: 1601.05779, https://arxiv.org/abs/1601.05779
# arXiv: 1911.11947, https://arxiv.org/abs/1911.11947
# arXiv: 2004.04833, https://arxiv.org/abs/2004.04833
# arXiv: 1804.10663, https://arxiv.org/abs/1804.10663
########################################################
374 385 8.249656e-04 8.249656e-04 3 2 3 3 1.339239e-11 0.000000e+00
374 386 8.249656e-04 1.038570e-03 3 2 3 3 9.417230e-12 0.000000e+00
374 387 8.249656e-04 1.307482e-03 3 2 3 3 5.254411e-12 0.000000e+00
374 388 8.249656e-04 1.646023e-03 3 2 3 3 2.893233e-12 0.000000e+00
374 389 8.249656e-04 2.072220e-03 3 2 3 3 1.612414e-12 0.000000e+00
374 390 8.249656e-04 2.608770e-03 3 2 3 3 9.276035e-13 0.000000e+00
374 391 8.249656e-04 3.284247e-03 3 2 3 3 5.602497e-13 0.000000e+00
374 392 8.249656e-04 4.134622e-03 3 2 3 3 3.586065e-13 0.000000e+00
374 393 8.249656e-04 5.205181e-03 3 2 3 3 2.428325e-13 0.000000e+00
374 394 8.249656e-04 6.552935e-03 3 2 3 3 1.719785e-13 0.000000e+00
374 395 8.249656e-04 8.249656e-03 3 2 3 3 1.252360e-13 0.000000e+00
375 385 1.038570e-03 8.249656e-04 3 2 3 3 9.417230e-12 0.000000e+00
375 386 1.038570e-03 1.038570e-03 3 2 3 3 1.273801e-11 0.000000e+00
375 387 1.038570e-03 1.307482e-03 3 2 3 3 8.730354e-12 0.000000e+00
375 388 1.038570e-03 1.646023e-03 3 2 3 3 4.756201e-12 0.000000e+00
375 389 1.038570e-03 2.072220e-03 3 2 3 3 2.613665e-12 0.000000e+00
375 390 1.038570e-03 2.608770e-03 3 2 3 3 1.487365e-12 0.000000e+00
375 391 1.038570e-03 3.284247e-03 3 2 3 3 8.920143e-13 0.000000e+00
375 392 1.038570e-03 4.134622e-03 3 2 3 3 5.688049e-13 0.000000e+00
375 393 1.038570e-03 5.205181e-03 3 2 3 3 3.845759e-13 0.000000e+00
375 394 1.038570e-03 6.552935e-03 3 2 3 3 2.722449e-13 0.000000e+00
375 395 1.038570e-03 8.249656e-03 3 2 3 3 1.982794e-13 0.000000e+00
376 385 1.307482e-03 8.249656e-04 3 2 3 3 5.254411e-12 0.000000e+00
376 386 1.307482e-03 1.038570e-03 3 2 3 3 8.730354e-12 0.000000e+00
376 387 1.307482e-03 1.307482e-03 3 2 3 3 1.197608e-11 0.000000e+00
376 388 1.307482e-03 1.646023e-03 3 2 3 3 8.019359e-12 0.000000e+00
376 389 1.307482e-03 2.072220e-03 3 2 3 3 4.310363e-12 0.000000e+00
376 390 1.307482e-03 2.608770e-03 3 2 3 3 2.406020e-12 0.000000e+00
376 391 1.307482e-03 3.284247e-03 3 2 3 3 1.425235e-12 0.000000e+00
376 392 1.307482e-03 4.134622e-03 3 2 3 3 9.028830e-13 0.000000e+00
376 393 1.307482e-03 5.205181e-03 3 2 3 3 6.088070e-13 0.000000e+00
376 394 1.307482e-03 6.552935e-03 3 2 3 3 4.307085e-13 0.000000e+00
376 395 1.307482e-03 8.249656e-03 3 2 3 3 3.137603e-13 0.000000e+00
377 385 1.646023e-03 8.249656e-04 3 2 3 3 2.893233e-12 0.000000e+00
377 386 1.646023e-03 1.038570e-03 3 2 3 3 4.756201e-12 0.000000e+00
377 387 1.646023e-03 1.307482e-03 3 2 3 3 8.019359e-12 0.000000e+00
377 388 1.646023e-03 1.646023e-03 3 2 3 3 1.117298e-11 0.000000e+00
377 389 1.646023e-03 2.072220e-03 3 2 3 3 7.349785e-12 0.000000e+00
377 390 1.646023e-03 2.608770e-03 3 2 3 3 3.961885e-12 0.000000e+00
377 391 1.646023e-03 3.284247e-03 3 2 3 3 2.293261e-12 0.000000e+00
377 392 1.646023e-03 4.134622e-03 3 2 3 3 1.435540e-12 0.000000e+00
377 393 1.646023e-03 5.205181e-03 3 2 3 3 9.633150e-13 0.000000e+00
377 394 1.646023e-03 6.552935e-03 3 2 3 3 6.806863e-13 0.000000e+00
377 395 1.646023e-03 8.249656e-03 3 2 3 3 4.960033e-13 0.000000e+00
378 385 2.072220e-03 8.249656e-04 3 2 3 3 1.612414e-12 0.000000e+00
378 386 2.072220e-03 1.038570e-03 3 2 3 3 2.613665e-12 0.000000e+00
378 387 2.072220e-03 1.307482e-03 3 2 3 3 4.310363e-12 0.000000e+00
378 388 2.072220e-03 1.646023e-03 3 2 3 3 7.349785e-12 0.000000e+00
378 389 2.072220e-03 2.072220e-03 3 2 3 3 1.040032e-11 0.000000e+00
378 390 2.072220e-03 2.608770e-03 3 2 3 3 6.786982e-12 0.000000e+00
378 391 2.072220e-03 3.284247e-03 3 2 3 3 3.748902e-12 0.000000e+00
378 392 2.072220e-03 4.134622e-03 3 2 3 3 2.291685e-12 0.000000e+00
378 393 2.072220e-03 5.205181e-03 3 2 3 3 1.523612e-12 0.000000e+00
378 394 2.072220e-03 6.552935e-03 3 2 3 3 1.074091e-12 0.000000e+00
378 395 2.072220e-03 8.249656e-03 3 2 3 3 7.829527e-13 0.000000e+00
379 385 2.608770e-03 8.249656e-04 3 2 3 3 9.276035e-13 0.000000e+00
379 386 2.608770e-03 1.038570e-03 3 2 3 3 1.487365e-12 0.000000e+00
379 387 2.608770e-03 1.307482e-03 3 2 3 3 2.406020e-12 0.000000e+00
379 388 2.608770e-03 1.646023e-03 3 2 3 3 3.961885e-12 0.000000e+00
379 389 2.608770e-03 2.072220e-03 3 2 3 3 6.786982e-12 0.000000e+00
379 390 2.608770e-03 2.608770e-03 3 2 3 3 9.731557e-12 0.000000e+00
379 391 2.608770e-03 3.284247e-03 3 2 3 3 6.390297e-12 0.000000e+00
379 392 2.608770e-03 4.134622e-03 3 2 3 3 3.700165e-12 0.000000e+00
379 393 2.608770e-03 5.205181e-03 3 2 3 3 2.410971e-12 0.000000e+00
379 394 2.608770e-03 6.552935e-03 3 2 3 3 1.691006e-12 0.000000e+00
379 395 2.608770e-03 8.249656e-03 3 2 3 3 1.232968e-12 0.000000e+00
380 385 3.284247e-03 8.249656e-04 3 2 3 3 5.602497e-13 0.000000e+00
380 386 3.284247e-03 1.038570e-03 3 2 3 3 8.920143e-13 0.000000e+00
380 387 3.284247e-03 1.307482e-03 3 2 3 3 1.425235e-12 0.000000e+00
380 388 3.284247e-03 1.646023e-03 3 2 3 3 2.293261e-12 0.000000e+00
380 389 3.284247e-03 2.072220e-03 3 2 3 3 3.748902e-12 0.000000e+00
380 390 3.284247e-03 2.608770e-03 3 2 3 3 6.390297e-12 0.000000e+00
380 391 3.284247e-03 3.284247e-03 3 2 3 3 9.235934e-12 0.000000e+00
380 392 3.284247e-03 4.134622e-03 3 2 3 3 6.209055e-12 0.000000e+00
380 393 3.284247e-03 5.205181e-03 3 2 3 3 3.834467e-12 0.000000e+00
380 394 3.284247e-03 6.552935e-03 3 2 3 3 2.654476e-12 0.000000e+00
380 395 3.284247e-03 8.249656e-03 3 2 3 3 1.934435e-12 0.000000e+00
381 385 4.134622e-03 8.249656e-04 3 2 3 3 3.586065e-13 0.000000e+00
381 386 4.134622e-03 1.038570e-03 3 2 3 3 5.688049e-13 0.000000e+00
381 387 4.134622e-03 1.307482e-03 3 2 3 3 9.028830e-13 0.000000e+00
381 388 4.134622e-03 1.646023e-03 3 2 3 3 1.435540e-12 0.000000e+00
381 389 4.134622e-03 2.072220e-03 3 2 3 3 2.291685e-12 0.000000e+00
381 390 4.134622e-03 2.608770e-03 3 2 3 3 3.700165e-12 0.000000e+00
381 391 4.134622e-03 3.284247e-03 3 2 3 3 6.209055e-12 0.000000e+00
381 392 4.134622e-03 4.134622e-03 3 2 3 3 8.974251e-12 0.000000e+00
381 393 4.134622e-03 5.205181e-03 3 2 3 3 6.280114e-12 0.000000e+00
381 394 4.134622e-03 6.552935e-03 3 2 3 3 4.160045e-12 0.000000e+00
381 395 4.134622e-03 8.249656e-03 3 2 3 3 3.017792e-12 0.000000e+00
382 385 5.205181e-03 8.249656e-04 3 2 3 3 2.428325e-13 0.000000e+00
382 386 5.205181e-03 1.038570e-03 3 2 3 3 3.845759e-13 0.000000e+00
382 387 5.205181e-03 1.307482e-03 3 2 3 3 6.088070e-13 0.000000e+00
382 388 5.205181e-03 1.646023e-03 3 2 3 3 9.633150e-13 0.000000e+00
382 389 5.205181e-03 2.072220e-03 3 2 3 3 1.523612e-12 0.000000e+00
382 390 5.205181e-03 2.608770e-03 3 2 3 3 2.410971e-12 0.000000e+00
382 391 5.205181e-03 3.284247e-03 3 2 3 3 3.834467e-12 0.000000e+00
382 392 5.205181e-03 4.134622e-03 3 2 3 3 6.280114e-12 0.000000e+00
382 393 5.205181e-03 5.205181e-03 3 2 3 3 8.994964e-12 0.000000e+00
382 394 5.205181e-03 6.552935e-03 3 2 3 3 6.625066e-12 0.000000e+00
382 395 5.205181e-03 8.249656e-03 3 2 3 3 4.672456e-12 0.000000e+00
383 385 6.552935e-03 8.249656e-04 3 2 3 3 1.719785e-13 0.000000e+00
383 386 6.552935e-03 1.038570e-03 3 2 3 3 2.722449e-13 0.000000e+00
383 387 6.552935e-03 1.307482e-03 3 2 3 3 4.307085e-13 0.000000e+00
383 388 6.552935e-03 1.646023e-03 3 2 3 3 6.806863e-13 0.000000e+00
383 389 6.552935e-03 2.072220e-03 3 2 3 3 1.074091e-12 0.000000e+00
383 390 6.552935e-03 2.608770e-03 3 2 3 3 1.691006e-12 0.000000e+00
383 391 6.552935e-03 3.284247e-03 3 2 3 3 2.654476e-12 0.000000e+00
383 392 6.552935e-03 4.134622e-03 3 2 3 3 4.160045e-12 0.000000e+00
383 393 6.552935e-03 5.205181e-03 3 2 3 3 6.625066e-12 0.000000e+00
383 394 6.552935e-03 6.552935e-03 3 2 3 3 9.329428e-12 0.000000e+00
383 395 6.552935e-03 8.249656e-03 3 2 3 3 7.245686e-12 0.000000e+00
384 385 8.249656e-03 8.249656e-04 3 2 3 3 1.252360e-13 0.000000e+00
384 386 8.249656e-03 1.038570e-03 3 2 3 3 1.982794e-13 0.000000e+00
384 387 8.249656e-03 1.307482e-03 3 2 3 3 3.137603e-13 0.000000e+00
384 388 8.249656e-03 1.646023e-03 3 2 3 3 4.960033e-13 0.000000e+00
384 389 8.249656e-03 2.072220e-03 3 2 3 3 7.829527e-13 0.000000e+00
384 390 8.249656e-03 2.608770e-03 3 2 3 3 1.232968e-12 0.000000e+00
384 391 8.249656e-03 3.284247e-03 3 2 3 3 1.934435e-12 0.000000e+00
384 392 8.249656e-03 4.134622e-03 3 2 3 3 3.017792e-12 0.000000e+00
384 393 8.249656e-03 5.205181e-03 3 2 3 3 4.672456e-12 0.000000e+00
384 394 8.249656e-03 6.552935e-03 3 2 3 3 7.245686e-12 0.000000e+00
384 395 8.249656e-03 8.249656e-03 3 2 3 3 9.984024e-12 0.000000e+00
