# Please cite the following papers in research using this covariance:
# arXiv: 1601.05779, https://arxiv.org/abs/1601.05779
# arXiv: 1911.11947, https://arxiv.org/abs/1911.11947
# arXiv: 2004.04833, https://arxiv.org/abs/2004.04833
# arXiv: 1804.10663, https://arxiv.org/abs/1804.10663
########################################################
385 396 8.249656e-04 8.249656e-04 3 3 4 0 2.071616e-13 0.000000e+00
385 397 8.249656e-04 1.038570e-03 3 3 4 0 2.022266e-13 0.000000e+00
385 398 8.249656e-04 1.307482e-03 3 3 4 0 1.659922e-13 0.000000e+00
385 399 8.249656e-04 1.646023e-03 3 3 4 0 1.264599e-13 0.000000e+00
385 400 8.249656e-04 2.072220e-03 3 3 4 0 9.379843e-14 0.000000e+00
385 401 8.249656e-04 2.608770e-03 3 3 4 0 6.937225e-14 0.000000e+00
385 402 8.249656e-04 3.284247e-03 3 3 4 0 5.174019e-14 0.000000e+00
385 403 8.249656e-04 4.134622e-03 3 3 4 0 3.901776e-14 0.000000e+00
385 404 8.249656e-04 5.205181e-03 3 3 4 0 2.965794e-14 0.000000e+00
385 405 8.249656e-04 6.552935e-03 3 3 4 0 2.258284e-14 0.000000e+00
385 406 8.249656e-04 8.249656e-03 3 3 4 0 1.710292e-14 0.000000e+00
386 396 1.038570e-03 8.249656e-04 3 3 4 0 2.022266e-13 0.000000e+00
386 397 1.038570e-03 1.038570e-03 3 3 4 0 2.510297e-13 0.000000e+00
386 398 1.038570e-03 1.307482e-03 3 3 4 0 2.400883e-13 0.000000e+00
386 399 1.038570e-03 1.646023e-03 3 3 4 0 1.929155e-13 0.000000e+00
386 400 1.038570e-03 2.072220e-03 3 3 4 0 1.458721e-13 0.000000e+00
386 401 1.038570e-03 2.608770e-03 3 3 4 0 1.087430e-13 0.000000e+00
386 402 1.038570e-03 3.284247e-03 3 3 4 0 8.141759e-14 0.000000e+00
386 403 1.038570e-03 4.134622e-03 3 3 4 0 6.153944e-14 0.000000e+00
386 404 1.038570e-03 5.205181e-03 3 3 4 0 4.685048e-14 0.000000e+00
386 405 1.038570e-03 6.552935e-03 3 3 4 0 3.571382e-14 0.000000e+00
386 406 1.038570e-03 8.249656e-03 3 3 4 0 2.706855e-14 0.000000e+00
387 396 1.307482e-03 8.249656e-04 3 3 4 0 1.659922e-13 0.000000e+00
387 397 1.307482e-03 1.038570e-03 3 3 4 0 2.400883e-13 0.000000e+00
387 398 1.307482e-03 1.307482e-03 3 3 4 0 2.991211e-13 0.000000e+00
387 399 1.307482e-03 1.646023e-03 3 3 4 0 2.814665e-13 0.000000e+00
387 400 1.307482e-03 2.072220e-03 3 3 4 0 2.232795e-13 0.000000e+00
387 401 1.307482e-03 2.608770e-03 3 3 4 0 1.691651e-13 0.000000e+00
387 402 1.307482e-03 3.284247e-03 3 3 4 0 1.275401e-13 0.000000e+00
387 403 1.307482e-03 4.134622e-03 3 3 4 0 9.677427e-14 0.000000e+00
387 404 1.307482e-03 5.205181e-03 3 3 4 0 7.386372e-14 0.000000e+00
387 405 1.307482e-03 6.552935e-03 3 3 4 0 5.640711e-14 0.000000e+00
387 406 1.307482e-03 8.249656e-03 3 3 4 0 4.280571e-14 0.000000e+00
388 396 1.646023e-03 8.249656e-04 3 3 4 0 1.264599e-13 0.000000e+00
388 397 1.646023e-03 1.038570e-03 3 3 4 0 1.929155e-13 0.000000e+00
388 398 1.646023e-03 1.307482e-03 3 3 4 0 2.814665e-13 0.000000e+00
388 399 1.646023e-03 1.646023e-03 3 3 4 0 3.526428e-13 0.000000e+00
388 400 1.646023e-03 2.072220e-03 3 3 4 0 3.281453e-13 0.000000e+00
388 401 1.646023e-03 2.608770e-03 3 3 4 0 2.592843e-13 0.000000e+00
388 402 1.646023e-03 3.284247e-03 3 3 4 0 1.982390e-13 0.000000e+00
388 403 1.646023e-03 4.134622e-03 3 3 4 0 1.514413e-13 0.000000e+00
388 404 1.646023e-03 5.205181e-03 3 3 4 0 1.160799e-13 0.000000e+00
388 405 1.646023e-03 6.552935e-03 3 3 4 0 8.890512e-14 0.000000e+00
388 406 1.646023e-03 8.249656e-03 3 3 4 0 6.760256e-14 0.000000e+00
389 396 2.072220e-03 8.249656e-04 3 3 4 0 9.379843e-14 0.000000e+00
389 397 2.072220e-03 1.038570e-03 3 3 4 0 1.458721e-13 0.000000e+00
389 398 2.072220e-03 1.307482e-03 3 3 4 0 2.232795e-13 0.000000e+00
389 399 2.072220e-03 1.646023e-03 3 3 4 0 3.281453e-13 0.000000e+00
389 400 2.072220e-03 2.072220e-03 3 3 4 0 4.138243e-13 0.000000e+00
389 401 2.072220e-03 2.608770e-03 3 3 4 0 3.828788e-13 0.000000e+00
389 402 2.072220e-03 3.284247e-03 3 3 4 0 3.036549e-13 0.000000e+00
389 403 2.072220e-03 4.134622e-03 3 3 4 0 2.350250e-13 0.000000e+00
389 404 2.072220e-03 5.205181e-03 3 3 4 0 1.814623e-13 0.000000e+00
389 405 2.072220e-03 6.552935e-03 3 3 4 0 1.396519e-13 0.000000e+00
389 406 2.072220e-03 8.249656e-03 3 3 4 0 1.065360e-13 0.000000e+00
390 396 2.608770e-03 8.249656e-04 3 3 4 0 6.937225e-14 0.000000e+00
390 397 2.608770e-03 1.038570e-03 3 3 4 0 1.087430e-13 0.000000e+00
390 398 2.608770e-03 1.307482e-03 3 3 4 0 1.691651e-13 0.000000e+00
390 399 2.608770e-03 1.646023e-03 3 3 4 0 2.592843e-13 0.000000e+00
390 400 2.608770e-03 2.072220e-03 3 3 4 0 3.828788e-13 0.000000e+00
390 401 2.608770e-03 2.608770e-03 3 3 4 0 4.858756e-13 0.000000e+00
390 402 2.608770e-03 3.284247e-03 3 3 4 0 4.491676e-13 0.000000e+00
390 403 2.608770e-03 4.134622e-03 3 3 4 0 3.592563e-13 0.000000e+00
390 404 2.608770e-03 5.205181e-03 3 3 4 0 2.811357e-13 0.000000e+00
390 405 2.608770e-03 6.552935e-03 3 3 4 0 2.181357e-13 0.000000e+00
390 406 2.608770e-03 8.249656e-03 3 3 4 0 1.673065e-13 0.000000e+00
391 396 3.284247e-03 8.249656e-04 3 3 4 0 5.174019e-14 0.000000e+00
391 397 3.284247e-03 1.038570e-03 3 3 4 0 8.141759e-14 0.000000e+00
391 398 3.284247e-03 1.307482e-03 3 3 4 0 1.275401e-13 0.000000e+00
391 399 3.284247e-03 1.646023e-03 3 3 4 0 1.982390e-13 0.000000e+00
391 400 3.284247e-03 2.072220e-03 3 3 4 0 3.036549e-13 0.000000e+00
391 401 3.284247e-03 2.608770e-03 3 3 4 0 4.491676e-13 0.000000e+00
391 402 3.284247e-03 3.284247e-03 3 3 4 0 5.727279e-13 0.000000e+00
391 403 3.284247e-03 4.134622e-03 3 3 4 0 5.308206e-13 0.000000e+00
391 404 3.284247e-03 5.205181e-03 3 3 4 0 4.285894e-13 0.000000e+00
391 405 3.284247e-03 6.552935e-03 3 3 4 0 3.374785e-13 0.000000e+00
391 406 3.284247e-03 8.249656e-03 3 3 4 0 2.612183e-13 0.000000e+00
392 396 4.134622e-03 8.249656e-04 3 3 4 0 3.901776e-14 0.000000e+00
392 397 4.134622e-03 1.038570e-03 3 3 4 0 6.153944e-14 0.000000e+00
392 398 4.134622e-03 1.307482e-03 3 3 4 0 9.677427e-14 0.000000e+00
392 399 4.134622e-03 1.646023e-03 3 3 4 0 1.514413e-13 0.000000e+00
392 400 4.134622e-03 2.072220e-03 3 3 4 0 2.350250e-13 0.000000e+00
392 401 4.134622e-03 2.608770e-03 3 3 4 0 3.592563e-13 0.000000e+00
392 402 4.134622e-03 3.284247e-03 3 3 4 0 5.308206e-13 0.000000e+00
392 403 4.134622e-03 4.134622e-03 3 3 4 0 6.785528e-13 0.000000e+00
392 404 4.134622e-03 5.205181e-03 3 3 4 0 6.313308e-13 0.000000e+00
392 405 4.134622e-03 6.552935e-03 3 3 4 0 5.131984e-13 0.000000e+00
392 406 4.134622e-03 8.249656e-03 3 3 4 0 4.037891e-13 0.000000e+00
393 396 5.205181e-03 8.249656e-04 3 3 4 0 2.965794e-14 0.000000e+00
393 397 5.205181e-03 1.038570e-03 3 3 4 0 4.685048e-14 0.000000e+00
393 398 5.205181e-03 1.307482e-03 3 3 4 0 7.386372e-14 0.000000e+00
393 399 5.205181e-03 1.646023e-03 3 3 4 0 1.160799e-13 0.000000e+00
393 400 5.205181e-03 2.072220e-03 3 3 4 0 1.814623e-13 0.000000e+00
393 401 5.205181e-03 2.608770e-03 3 3 4 0 2.811357e-13 0.000000e+00
393 402 5.205181e-03 3.284247e-03 3 3 4 0 4.285894e-13 0.000000e+00
393 403 5.205181e-03 4.134622e-03 3 3 4 0 6.313308e-13 0.000000e+00
393 404 5.205181e-03 5.205181e-03 3 3 4 0 8.070694e-13 0.000000e+00
393 405 5.205181e-03 6.552935e-03 3 3 4 0 7.530621e-13 0.000000e+00
393 406 5.205181e-03 8.249656e-03 3 3 4 0 6.129456e-13 0.000000e+00
394 396 6.552935e-03 8.249656e-04 3 3 4 0 2.258284e-14 0.000000e+00
394 397 6.552935e-03 1.038570e-03 3 3 4 0 3.571382e-14 0.000000e+00
394 398 6.552935e-03 1.307482e-03 3 3 4 0 5.640711e-14 0.000000e+00
394 399 6.552935e-03 1.646023e-03 3 3 4 0 8.890512e-14 0.000000e+00
394 400 6.552935e-03 2.072220e-03 3 3 4 0 1.396519e-13 0.000000e+00
394 401 6.552935e-03 2.608770e-03 3 3 4 0 2.181357e-13 0.000000e+00
394 402 6.552935e-03 3.284247e-03 3 3 4 0 3.374785e-13 0.000000e+00
394 403 6.552935e-03 4.134622e-03 3 3 4 0 5.131984e-13 0.000000e+00
394 404 6.552935e-03 5.205181e-03 3 3 4 0 7.530621e-13 0.000000e+00
394 405 6.552935e-03 6.552935e-03 3 3 4 0 9.605916e-13 0.000000e+00
394 406 6.552935e-03 8.249656e-03 3 3 4 0 8.962127e-13 0.000000e+00
395 396 8.249656e-03 8.249656e-04 3 3 4 0 1.710292e-14 0.000000e+00
395 397 8.249656e-03 1.038570e-03 3 3 4 0 2.706855e-14 0.000000e+00
395 398 8.249656e-03 1.307482e-03 3 3 4 0 4.280571e-14 0.000000e+00
395 399 8.249656e-03 1.646023e-03 3 3 4 0 6.760256e-14 0.000000e+00
395 400 8.249656e-03 2.072220e-03 3 3 4 0 1.065360e-13 0.000000e+00
395 401 8.249656e-03 2.608770e-03 3 3 4 0 1.673065e-13 0.000000e+00
395 402 8.249656e-03 3.284247e-03 3 3 4 0 2.612183e-13 0.000000e+00
395 403 8.249656e-03 4.134622e-03 3 3 4 0 4.037891e-13 0.000000e+00
395 404 8.249656e-03 5.205181e-03 3 3 4 0 6.129456e-13 0.000000e+00
395 405 8.249656e-03 6.552935e-03 3 3 4 0 8.962127e-13 0.000000e+00
395 406 8.249656e-03 8.249656e-03 3 3 4 0 1.138791e-12 0.000000e+00
