# Please cite the following papers in research using this covariance:
# arXiv: 1601.05779, https://arxiv.org/abs/1601.05779
# arXiv: 1911.11947, https://arxiv.org/abs/1911.11947
# arXiv: 2004.04833, https://arxiv.org/abs/2004.04833
# arXiv: 1804.10663, https://arxiv.org/abs/1804.10663
########################################################
385 440 8.249656e-04 8.249656e-04 3 3 5 0 8.484552e-14 0.000000e+00
385 441 8.249656e-04 1.038570e-03 3 3 5 0 8.266280e-14 0.000000e+00
385 442 8.249656e-04 1.307482e-03 3 3 5 0 6.775176e-14 0.000000e+00
385 443 8.249656e-04 1.646023e-03 3 3 5 0 5.162755e-14 0.000000e+00
385 444 8.249656e-04 2.072220e-03 3 3 5 0 3.832825e-14 0.000000e+00
385 445 8.249656e-04 2.608770e-03 3 3 5 0 2.836661e-14 0.000000e+00
385 446 8.249656e-04 3.284247e-03 3 3 5 0 2.116151e-14 0.000000e+00
385 447 8.249656e-04 4.134622e-03 3 3 5 0 1.595924e-14 0.000000e+00
385 448 8.249656e-04 5.205181e-03 3 3 5 0 1.213506e-14 0.000000e+00
385 449 8.249656e-04 6.552935e-03 3 3 5 0 9.247826e-15 0.000000e+00
385 450 8.249656e-04 8.249656e-03 3 3 5 0 7.011680e-15 0.000000e+00
386 440 1.038570e-03 8.249656e-04 3 3 5 0 8.266280e-14 0.000000e+00
386 441 1.038570e-03 1.038570e-03 3 3 5 0 1.026810e-13 0.000000e+00
386 442 1.038570e-03 1.307482e-03 3 3 5 0 9.807542e-14 0.000000e+00
386 443 1.038570e-03 1.646023e-03 3 3 5 0 7.876409e-14 0.000000e+00
386 444 1.038570e-03 2.072220e-03 3 3 5 0 5.959937e-14 0.000000e+00
386 445 1.038570e-03 2.608770e-03 3 3 5 0 4.446208e-14 0.000000e+00
386 446 1.038570e-03 3.284247e-03 3 3 5 0 3.329899e-14 0.000000e+00
386 447 1.038570e-03 4.134622e-03 3 3 5 0 2.517137e-14 0.000000e+00
386 448 1.038570e-03 5.205181e-03 3 3 5 0 1.916978e-14 0.000000e+00
386 449 1.038570e-03 6.552935e-03 3 3 5 0 1.462501e-14 0.000000e+00
386 450 1.038570e-03 8.249656e-03 3 3 5 0 1.109719e-14 0.000000e+00
387 440 1.307482e-03 8.249656e-04 3 3 5 0 6.775176e-14 0.000000e+00
387 441 1.307482e-03 1.038570e-03 3 3 5 0 9.807542e-14 0.000000e+00
387 442 1.307482e-03 1.307482e-03 3 3 5 0 1.222789e-13 0.000000e+00
387 443 1.307482e-03 1.646023e-03 3 3 5 0 1.149716e-13 0.000000e+00
387 444 1.307482e-03 2.072220e-03 3 3 5 0 9.121461e-14 0.000000e+00
387 445 1.307482e-03 2.608770e-03 3 3 5 0 6.915832e-14 0.000000e+00
387 446 1.307482e-03 3.284247e-03 3 3 5 0 5.216114e-14 0.000000e+00
387 447 1.307482e-03 4.134622e-03 3 3 5 0 3.958386e-14 0.000000e+00
387 448 1.307482e-03 5.205181e-03 3 3 5 0 3.022301e-14 0.000000e+00
387 449 1.307482e-03 6.552935e-03 3 3 5 0 2.309891e-14 0.000000e+00
387 450 1.307482e-03 8.249656e-03 3 3 5 0 1.754869e-14 0.000000e+00
388 440 1.646023e-03 8.249656e-04 3 3 5 0 5.162755e-14 0.000000e+00
388 441 1.646023e-03 1.038570e-03 3 3 5 0 7.876409e-14 0.000000e+00
388 442 1.646023e-03 1.307482e-03 3 3 5 0 1.149716e-13 0.000000e+00
388 443 1.646023e-03 1.646023e-03 3 3 5 0 1.441343e-13 0.000000e+00
388 444 1.646023e-03 2.072220e-03 3 3 5 0 1.340714e-13 0.000000e+00
388 445 1.646023e-03 2.608770e-03 3 3 5 0 1.059811e-13 0.000000e+00
388 446 1.646023e-03 3.284247e-03 3 3 5 0 8.107047e-14 0.000000e+00
388 447 1.646023e-03 4.134622e-03 3 3 5 0 6.194524e-14 0.000000e+00
388 448 1.646023e-03 5.205181e-03 3 3 5 0 4.749733e-14 0.000000e+00
388 449 1.646023e-03 6.552935e-03 3 3 5 0 3.640671e-14 0.000000e+00
388 450 1.646023e-03 8.249656e-03 3 3 5 0 2.771390e-14 0.000000e+00
389 440 2.072220e-03 8.249656e-04 3 3 5 0 3.832825e-14 0.000000e+00
389 441 2.072220e-03 1.038570e-03 3 3 5 0 5.959937e-14 0.000000e+00
389 442 2.072220e-03 1.307482e-03 3 3 5 0 9.121461e-14 0.000000e+00
389 443 2.072220e-03 1.646023e-03 3 3 5 0 1.340714e-13 0.000000e+00
389 444 2.072220e-03 2.072220e-03 3 3 5 0 1.691487e-13 0.000000e+00
389 445 2.072220e-03 2.608770e-03 3 3 5 0 1.564846e-13 0.000000e+00
389 446 2.072220e-03 3.284247e-03 3 3 5 0 1.241644e-13 0.000000e+00
389 447 2.072220e-03 4.134622e-03 3 3 5 0 9.613469e-14 0.000000e+00
389 448 2.072220e-03 5.205181e-03 3 3 5 0 7.425181e-14 0.000000e+00
389 449 2.072220e-03 6.552935e-03 3 3 5 0 5.718701e-14 0.000000e+00
389 450 2.072220e-03 8.249656e-03 3 3 5 0 4.367350e-14 0.000000e+00
390 440 2.608770e-03 8.249656e-04 3 3 5 0 2.836661e-14 0.000000e+00
390 441 2.608770e-03 1.038570e-03 3 3 5 0 4.446208e-14 0.000000e+00
390 442 2.608770e-03 1.307482e-03 3 3 5 0 6.915832e-14 0.000000e+00
390 443 2.608770e-03 1.646023e-03 3 3 5 0 1.059811e-13 0.000000e+00
390 444 2.608770e-03 2.072220e-03 3 3 5 0 1.564846e-13 0.000000e+00
390 445 2.608770e-03 2.608770e-03 3 3 5 0 1.986254e-13 0.000000e+00
390 446 2.608770e-03 3.284247e-03 3 3 5 0 1.836356e-13 0.000000e+00
390 447 2.608770e-03 4.134622e-03 3 3 5 0 1.469453e-13 0.000000e+00
390 448 2.608770e-03 5.205181e-03 3 3 5 0 1.150399e-13 0.000000e+00
390 449 2.608770e-03 6.552935e-03 3 3 5 0 8.932475e-14 0.000000e+00
390 450 2.608770e-03 8.249656e-03 3 3 5 0 6.858271e-14 0.000000e+00
391 440 3.284247e-03 8.249656e-04 3 3 5 0 2.116151e-14 0.000000e+00
391 441 3.284247e-03 1.038570e-03 3 3 5 0 3.329899e-14 0.000000e+00
391 442 3.284247e-03 1.307482e-03 3 3 5 0 5.216114e-14 0.000000e+00
391 443 3.284247e-03 1.646023e-03 3 3 5 0 8.107047e-14 0.000000e+00
391 444 3.284247e-03 2.072220e-03 3 3 5 0 1.241644e-13 0.000000e+00
391 445 3.284247e-03 2.608770e-03 3 3 5 0 1.836356e-13 0.000000e+00
391 446 3.284247e-03 3.284247e-03 3 3 5 0 2.341778e-13 0.000000e+00
391 447 3.284247e-03 4.134622e-03 3 3 5 0 2.170969e-13 0.000000e+00
391 448 3.284247e-03 5.205181e-03 3 3 5 0 1.753811e-13 0.000000e+00
391 449 3.284247e-03 6.552935e-03 3 3 5 0 1.381928e-13 0.000000e+00
391 450 3.284247e-03 8.249656e-03 3 3 5 0 1.070721e-13 0.000000e+00
392 440 4.134622e-03 8.249656e-04 3 3 5 0 1.595924e-14 0.000000e+00
392 441 4.134622e-03 1.038570e-03 3 3 5 0 2.517137e-14 0.000000e+00
392 442 4.134622e-03 1.307482e-03 3 3 5 0 3.958386e-14 0.000000e+00
392 443 4.134622e-03 1.646023e-03 3 3 5 0 6.194524e-14 0.000000e+00
392 444 4.134622e-03 2.072220e-03 3 3 5 0 9.613469e-14 0.000000e+00
392 445 4.134622e-03 2.608770e-03 3 3 5 0 1.469453e-13 0.000000e+00
392 446 4.134622e-03 3.284247e-03 3 3 5 0 2.170969e-13 0.000000e+00
392 447 4.134622e-03 4.134622e-03 3 3 5 0 2.775407e-13 0.000000e+00
392 448 4.134622e-03 5.205181e-03 3 3 5 0 2.583341e-13 0.000000e+00
392 449 4.134622e-03 6.552935e-03 3 3 5 0 2.101449e-13 0.000000e+00
392 450 4.134622e-03 8.249656e-03 3 3 5 0 1.654957e-13 0.000000e+00
393 440 5.205181e-03 8.249656e-04 3 3 5 0 1.213506e-14 0.000000e+00
393 441 5.205181e-03 1.038570e-03 3 3 5 0 1.916978e-14 0.000000e+00
393 442 5.205181e-03 1.307482e-03 3 3 5 0 3.022301e-14 0.000000e+00
393 443 5.205181e-03 1.646023e-03 3 3 5 0 4.749733e-14 0.000000e+00
393 444 5.205181e-03 2.072220e-03 3 3 5 0 7.425181e-14 0.000000e+00
393 445 5.205181e-03 2.608770e-03 3 3 5 0 1.150399e-13 0.000000e+00
393 446 5.205181e-03 3.284247e-03 3 3 5 0 1.753811e-13 0.000000e+00
393 447 5.205181e-03 4.134622e-03 3 3 5 0 2.583341e-13 0.000000e+00
393 448 5.205181e-03 5.205181e-03 3 3 5 0 3.302776e-13 0.000000e+00
393 449 5.205181e-03 6.552935e-03 3 3 5 0 3.083505e-13 0.000000e+00
393 450 5.205181e-03 8.249656e-03 3 3 5 0 2.511900e-13 0.000000e+00
394 440 6.552935e-03 8.249656e-04 3 3 5 0 9.247826e-15 0.000000e+00
394 441 6.552935e-03 1.038570e-03 3 3 5 0 1.462501e-14 0.000000e+00
394 442 6.552935e-03 1.307482e-03 3 3 5 0 2.309891e-14 0.000000e+00
394 443 6.552935e-03 1.646023e-03 3 3 5 0 3.640671e-14 0.000000e+00
394 444 6.552935e-03 2.072220e-03 3 3 5 0 5.718701e-14 0.000000e+00
394 445 6.552935e-03 2.608770e-03 3 3 5 0 8.932475e-14 0.000000e+00
394 446 6.552935e-03 3.284247e-03 3 3 5 0 1.381928e-13 0.000000e+00
394 447 6.552935e-03 4.134622e-03 3 3 5 0 2.101449e-13 0.000000e+00
394 448 6.552935e-03 5.205181e-03 3 3 5 0 3.083505e-13 0.000000e+00
394 449 6.552935e-03 6.552935e-03 3 3 5 0 3.933581e-13 0.000000e+00
394 450 6.552935e-03 8.249656e-03 3 3 5 0 3.672203e-13 0.000000e+00
395 440 8.249656e-03 8.249656e-04 3 3 5 0 7.011680e-15 0.000000e+00
395 441 8.249656e-03 1.038570e-03 3 3 5 0 1.109719e-14 0.000000e+00
395 442 8.249656e-03 1.307482e-03 3 3 5 0 1.754869e-14 0.000000e+00
395 443 8.249656e-03 1.646023e-03 3 3 5 0 2.771390e-14 0.000000e+00
395 444 8.249656e-03 2.072220e-03 3 3 5 0 4.367350e-14 0.000000e+00
395 445 8.249656e-03 2.608770e-03 3 3 5 0 6.858271e-14 0.000000e+00
395 446 8.249656e-03 3.284247e-03 3 3 5 0 1.070721e-13 0.000000e+00
395 447 8.249656e-03 4.134622e-03 3 3 5 0 1.654957e-13 0.000000e+00
395 448 8.249656e-03 5.205181e-03 3 3 5 0 2.511900e-13 0.000000e+00
395 449 8.249656e-03 6.552935e-03 3 3 5 0 3.672203e-13 0.000000e+00
395 450 8.249656e-03 8.249656e-03 3 3 5 0 4.666043e-13 0.000000e+00
