# Please cite the following papers in research using this covariance:
# arXiv: 1601.05779, https://arxiv.org/abs/1601.05779
# arXiv: 1911.11947, https://arxiv.org/abs/1911.11947
# arXiv: 2004.04833, https://arxiv.org/abs/2004.04833
# arXiv: 1804.10663, https://arxiv.org/abs/1804.10663
########################################################
242 374 8.249656e-04 8.249656e-04 0 2 3 2 6.252885e-12 0.000000e+00
242 375 8.249656e-04 1.038570e-03 0 2 3 2 4.487143e-12 0.000000e+00
242 376 8.249656e-04 1.307482e-03 0 2 3 2 2.531405e-12 0.000000e+00
242 377 8.249656e-04 1.646023e-03 0 2 3 2 1.364828e-12 0.000000e+00
242 378 8.249656e-04 2.072220e-03 0 2 3 2 7.187007e-13 0.000000e+00
242 379 8.249656e-04 2.608770e-03 0 2 3 2 3.772870e-13 0.000000e+00
242 380 8.249656e-04 3.284247e-03 0 2 3 2 2.023021e-13 0.000000e+00
242 381 8.249656e-04 4.134622e-03 0 2 3 2 1.134528e-13 0.000000e+00
242 382 8.249656e-04 5.205181e-03 0 2 3 2 6.759750e-14 0.000000e+00
242 383 8.249656e-04 6.552935e-03 0 2 3 2 4.295895e-14 0.000000e+00
242 384 8.249656e-04 8.249656e-03 0 2 3 2 2.887339e-14 0.000000e+00
243 374 1.038570e-03 8.249656e-04 0 2 3 2 4.487143e-12 0.000000e+00
243 375 1.038570e-03 1.038570e-03 0 2 3 2 5.986092e-12 0.000000e+00
243 376 1.038570e-03 1.307482e-03 0 2 3 2 4.160505e-12 0.000000e+00
243 377 1.038570e-03 1.646023e-03 0 2 3 2 2.248640e-12 0.000000e+00
243 378 1.038570e-03 2.072220e-03 0 2 3 2 1.174526e-12 0.000000e+00
243 379 1.038570e-03 2.608770e-03 0 2 3 2 6.105618e-13 0.000000e+00
243 380 1.038570e-03 3.284247e-03 0 2 3 2 3.245639e-13 0.000000e+00
243 381 1.038570e-03 4.134622e-03 0 2 3 2 1.808712e-13 0.000000e+00
243 382 1.038570e-03 5.205181e-03 0 2 3 2 1.073696e-13 0.000000e+00
243 383 1.038570e-03 6.552935e-03 0 2 3 2 6.810695e-14 0.000000e+00
243 384 1.038570e-03 8.249656e-03 0 2 3 2 4.575195e-14 0.000000e+00
244 374 1.307482e-03 8.249656e-04 0 2 3 2 2.531405e-12 0.000000e+00
244 375 1.307482e-03 1.038570e-03 0 2 3 2 4.160505e-12 0.000000e+00
244 376 1.307482e-03 1.307482e-03 0 2 3 2 5.625279e-12 0.000000e+00
244 377 1.307482e-03 1.646023e-03 0 2 3 2 3.776932e-12 0.000000e+00
244 378 1.307482e-03 2.072220e-03 0 2 3 2 1.958050e-12 0.000000e+00
244 379 1.307482e-03 2.608770e-03 0 2 3 2 1.002013e-12 0.000000e+00
244 380 1.307482e-03 3.284247e-03 0 2 3 2 5.249950e-13 0.000000e+00
244 381 1.307482e-03 4.134622e-03 0 2 3 2 2.895107e-13 0.000000e+00
244 382 1.307482e-03 5.205181e-03 0 2 3 2 1.708032e-13 0.000000e+00
244 383 1.307482e-03 6.552935e-03 0 2 3 2 1.080179e-13 0.000000e+00
244 384 1.307482e-03 8.249656e-03 0 2 3 2 7.247687e-14 0.000000e+00
245 374 1.646023e-03 8.249656e-04 0 2 3 2 1.364828e-12 0.000000e+00
245 375 1.646023e-03 1.038570e-03 0 2 3 2 2.248640e-12 0.000000e+00
245 376 1.646023e-03 1.307482e-03 0 2 3 2 3.776932e-12 0.000000e+00
245 377 1.646023e-03 1.646023e-03 0 2 3 2 5.195961e-12 0.000000e+00
245 378 1.646023e-03 2.072220e-03 0 2 3 2 3.367210e-12 0.000000e+00
245 379 1.646023e-03 2.608770e-03 0 2 3 2 1.686048e-12 0.000000e+00
245 380 1.646023e-03 3.284247e-03 0 2 3 2 8.618342e-13 0.000000e+00
245 381 1.646023e-03 4.134622e-03 0 2 3 2 4.666992e-13 0.000000e+00
245 382 1.646023e-03 5.205181e-03 0 2 3 2 2.724133e-13 0.000000e+00
245 383 1.646023e-03 6.552935e-03 0 2 3 2 1.714054e-13 0.000000e+00
245 384 1.646023e-03 8.249656e-03 0 2 3 2 1.147978e-13 0.000000e+00
246 374 2.072220e-03 8.249656e-04 0 2 3 2 7.187007e-13 0.000000e+00
246 375 2.072220e-03 1.038570e-03 0 2 3 2 1.174526e-12 0.000000e+00
246 376 2.072220e-03 1.307482e-03 0 2 3 2 1.958050e-12 0.000000e+00
246 377 2.072220e-03 1.646023e-03 0 2 3 2 3.367210e-12 0.000000e+00
246 378 2.072220e-03 2.072220e-03 0 2 3 2 4.730481e-12 0.000000e+00
246 379 2.072220e-03 2.608770e-03 0 2 3 2 2.965338e-12 0.000000e+00
246 380 2.072220e-03 3.284247e-03 0 2 3 2 1.455489e-12 0.000000e+00
246 381 2.072220e-03 4.134622e-03 0 2 3 2 7.625777e-13 0.000000e+00
246 382 2.072220e-03 5.205181e-03 0 2 3 2 4.366358e-13 0.000000e+00
246 383 2.072220e-03 6.552935e-03 0 2 3 2 2.722862e-13 0.000000e+00
246 384 2.072220e-03 8.249656e-03 0 2 3 2 1.817626e-13 0.000000e+00
247 374 2.608770e-03 8.249656e-04 0 2 3 2 3.772870e-13 0.000000e+00
247 375 2.608770e-03 1.038570e-03 0 2 3 2 6.105618e-13 0.000000e+00
247 376 2.608770e-03 1.307482e-03 0 2 3 2 1.002013e-12 0.000000e+00
247 377 2.608770e-03 1.646023e-03 0 2 3 2 1.686048e-12 0.000000e+00
247 378 2.608770e-03 2.072220e-03 0 2 3 2 2.965338e-12 0.000000e+00
247 379 2.608770e-03 2.608770e-03 0 2 3 2 4.264278e-12 0.000000e+00
247 380 2.608770e-03 3.284247e-03 0 2 3 2 2.602958e-12 0.000000e+00
247 381 2.608770e-03 4.134622e-03 0 2 3 2 1.282062e-12 0.000000e+00
247 382 2.608770e-03 5.205181e-03 0 2 3 2 7.071137e-13 0.000000e+00
247 383 2.608770e-03 6.552935e-03 0 2 3 2 4.335649e-13 0.000000e+00
247 384 2.608770e-03 8.249656e-03 0 2 3 2 2.877016e-13 0.000000e+00
248 374 3.284247e-03 8.249656e-04 0 2 3 2 2.023021e-13 0.000000e+00
248 375 3.284247e-03 1.038570e-03 0 2 3 2 3.245639e-13 0.000000e+00
248 376 3.284247e-03 1.307482e-03 0 2 3 2 5.249950e-13 0.000000e+00
248 377 3.284247e-03 1.646023e-03 0 2 3 2 8.618342e-13 0.000000e+00
248 378 3.284247e-03 2.072220e-03 0 2 3 2 1.455489e-12 0.000000e+00
248 379 3.284247e-03 2.608770e-03 0 2 3 2 2.602958e-12 0.000000e+00
248 380 3.284247e-03 3.284247e-03 0 2 3 2 3.830696e-12 0.000000e+00
248 381 3.284247e-03 4.134622e-03 0 2 3 2 2.305364e-12 0.000000e+00
248 382 3.284247e-03 5.205181e-03 0 2 3 2 1.173605e-12 0.000000e+00
248 383 3.284247e-03 6.552935e-03 0 2 3 2 6.944488e-13 0.000000e+00
248 384 3.284247e-03 8.249656e-03 0 2 3 2 4.553443e-13 0.000000e+00
249 374 4.134622e-03 8.249656e-04 0 2 3 2 1.134528e-13 0.000000e+00
249 375 4.134622e-03 1.038570e-03 0 2 3 2 1.808712e-13 0.000000e+00
249 376 4.134622e-03 1.307482e-03 0 2 3 2 2.895107e-13 0.000000e+00
249 377 4.134622e-03 1.646023e-03 0 2 3 2 4.666992e-13 0.000000e+00
249 378 4.134622e-03 2.072220e-03 0 2 3 2 7.625777e-13 0.000000e+00
249 379 4.134622e-03 2.608770e-03 0 2 3 2 1.282062e-12 0.000000e+00
249 380 4.134622e-03 3.284247e-03 0 2 3 2 2.305364e-12 0.000000e+00
249 381 4.134622e-03 4.134622e-03 0 2 3 2 3.457803e-12 0.000000e+00
249 382 4.134622e-03 5.205181e-03 0 2 3 2 2.089759e-12 0.000000e+00
249 383 4.134622e-03 6.552935e-03 0 2 3 2 1.131557e-12 0.000000e+00
249 384 4.134622e-03 8.249656e-03 0 2 3 2 7.216462e-13 0.000000e+00
250 374 5.205181e-03 8.249656e-04 0 2 3 2 6.759750e-14 0.000000e+00
250 375 5.205181e-03 1.038570e-03 0 2 3 2 1.073696e-13 0.000000e+00
250 376 5.205181e-03 1.307482e-03 0 2 3 2 1.708032e-13 0.000000e+00
250 377 5.205181e-03 1.646023e-03 0 2 3 2 2.724133e-13 0.000000e+00
250 378 5.205181e-03 2.072220e-03 0 2 3 2 4.366358e-13 0.000000e+00
250 379 5.205181e-03 2.608770e-03 0 2 3 2 7.071137e-13 0.000000e+00
250 380 5.205181e-03 3.284247e-03 0 2 3 2 1.173605e-12 0.000000e+00
250 381 5.205181e-03 4.134622e-03 0 2 3 2 2.089759e-12 0.000000e+00
250 382 5.205181e-03 5.205181e-03 0 2 3 2 3.166982e-12 0.000000e+00
250 383 5.205181e-03 6.552935e-03 0 2 3 2 1.965414e-12 0.000000e+00
250 384 5.205181e-03 8.249656e-03 0 2 3 2 1.153183e-12 0.000000e+00
251 374 6.552935e-03 8.249656e-04 0 2 3 2 4.295895e-14 0.000000e+00
251 375 6.552935e-03 1.038570e-03 0 2 3 2 6.810695e-14 0.000000e+00
251 376 6.552935e-03 1.307482e-03 0 2 3 2 1.080179e-13 0.000000e+00
251 377 6.552935e-03 1.646023e-03 0 2 3 2 1.714054e-13 0.000000e+00
251 378 6.552935e-03 2.072220e-03 0 2 3 2 2.722862e-13 0.000000e+00
251 379 6.552935e-03 2.608770e-03 0 2 3 2 4.335649e-13 0.000000e+00
251 380 6.552935e-03 3.284247e-03 0 2 3 2 6.944488e-13 0.000000e+00
251 381 6.552935e-03 4.134622e-03 0 2 3 2 1.131557e-12 0.000000e+00
251 382 6.552935e-03 5.205181e-03 0 2 3 2 1.965414e-12 0.000000e+00
251 383 6.552935e-03 6.552935e-03 0 2 3 2 2.972757e-12 0.000000e+00
251 384 6.552935e-03 8.249656e-03 0 2 3 2 1.934808e-12 0.000000e+00
252 374 8.249656e-03 8.249656e-04 0 2 3 2 2.887339e-14 0.000000e+00
252 375 8.249656e-03 1.038570e-03 0 2 3 2 4.575195e-14 0.000000e+00
252 376 8.249656e-03 1.307482e-03 0 2 3 2 7.247687e-14 0.000000e+00
252 377 8.249656e-03 1.646023e-03 0 2 3 2 1.147978e-13 0.000000e+00
252 378 8.249656e-03 2.072220e-03 0 2 3 2 1.817626e-13 0.000000e+00
252 379 8.249656e-03 2.608770e-03 0 2 3 2 2.877016e-13 0.000000e+00
252 380 8.249656e-03 3.284247e-03 0 2 3 2 4.553443e-13 0.000000e+00
252 381 8.249656e-03 4.134622e-03 0 2 3 2 7.216462e-13 0.000000e+00
252 382 8.249656e-03 5.205181e-03 0 2 3 2 1.153183e-12 0.000000e+00
252 383 8.249656e-03 6.552935e-03 0 2 3 2 1.934808e-12 0.000000e+00
252 384 8.249656e-03 8.249656e-03 0 2 3 2 2.882927e-12 0.000000e+00
