# Please cite the following papers in research using this covariance:
# arXiv: 1601.05779, https://arxiv.org/abs/1601.05779
# arXiv: 1911.11947, https://arxiv.org/abs/1911.11947
# arXiv: 2004.04833, https://arxiv.org/abs/2004.04833
# arXiv: 1804.10663, https://arxiv.org/abs/1804.10663
########################################################
319 385 8.249656e-04 8.249656e-04 2 1 3 3 2.992455e-13 0.000000e+00
319 386 8.249656e-04 1.038570e-03 2 1 3 3 2.947371e-13 0.000000e+00
319 387 8.249656e-04 1.307482e-03 2 1 3 3 2.423999e-13 0.000000e+00
319 388 8.249656e-04 1.646023e-03 2 1 3 3 1.813136e-13 0.000000e+00
319 389 8.249656e-04 2.072220e-03 2 1 3 3 1.296696e-13 0.000000e+00
319 390 8.249656e-04 2.608770e-03 2 1 3 3 9.149056e-14 0.000000e+00
319 391 8.249656e-04 3.284247e-03 2 1 3 3 6.502702e-14 0.000000e+00
319 392 8.249656e-04 4.134622e-03 2 1 3 3 4.708902e-14 0.000000e+00
319 393 8.249656e-04 5.205181e-03 2 1 3 3 3.482527e-14 0.000000e+00
319 394 8.249656e-04 6.552935e-03 2 1 3 3 2.619077e-14 0.000000e+00
319 395 8.249656e-04 8.249656e-03 2 1 3 3 1.987047e-14 0.000000e+00
320 385 1.038570e-03 8.249656e-04 2 1 3 3 2.947371e-13 0.000000e+00
320 386 1.038570e-03 1.038570e-03 2 1 3 3 3.634986e-13 0.000000e+00
320 387 1.038570e-03 1.307482e-03 2 1 3 3 3.481664e-13 0.000000e+00
320 388 1.038570e-03 1.646023e-03 2 1 3 3 2.764570e-13 0.000000e+00
320 389 1.038570e-03 2.072220e-03 2 1 3 3 2.021731e-13 0.000000e+00
320 390 1.038570e-03 2.608770e-03 2 1 3 3 1.438367e-13 0.000000e+00
320 391 1.038570e-03 3.284247e-03 2 1 3 3 1.025509e-13 0.000000e+00
320 392 1.038570e-03 4.134622e-03 2 1 3 3 7.436650e-14 0.000000e+00
320 393 1.038570e-03 5.205181e-03 2 1 3 3 5.504895e-14 0.000000e+00
320 394 1.038570e-03 6.552935e-03 2 1 3 3 4.143051e-14 0.000000e+00
320 395 1.038570e-03 8.249656e-03 2 1 3 3 3.145124e-14 0.000000e+00
321 385 1.307482e-03 8.249656e-04 2 1 3 3 2.423999e-13 0.000000e+00
321 386 1.307482e-03 1.038570e-03 2 1 3 3 3.481664e-13 0.000000e+00
321 387 1.307482e-03 1.307482e-03 2 1 3 3 4.300184e-13 0.000000e+00
321 388 1.307482e-03 1.646023e-03 2 1 3 3 4.016984e-13 0.000000e+00
321 389 1.307482e-03 2.072220e-03 2 1 3 3 3.103478e-13 0.000000e+00
321 390 1.307482e-03 2.608770e-03 2 1 3 3 2.247586e-13 0.000000e+00
321 391 1.307482e-03 3.284247e-03 2 1 3 3 1.612115e-13 0.000000e+00
321 392 1.307482e-03 4.134622e-03 2 1 3 3 1.171925e-13 0.000000e+00
321 393 1.307482e-03 5.205181e-03 2 1 3 3 8.688035e-14 0.000000e+00
321 394 1.307482e-03 6.552935e-03 2 1 3 3 6.546413e-14 0.000000e+00
321 395 1.307482e-03 8.249656e-03 2 1 3 3 4.974291e-14 0.000000e+00
322 385 1.646023e-03 8.249656e-04 2 1 3 3 1.813136e-13 0.000000e+00
322 386 1.646023e-03 1.038570e-03 2 1 3 3 2.764570e-13 0.000000e+00
322 387 1.646023e-03 1.307482e-03 2 1 3 3 4.016984e-13 0.000000e+00
322 388 1.646023e-03 1.646023e-03 2 1 3 3 4.985502e-13 0.000000e+00
322 389 1.646023e-03 2.072220e-03 2 1 3 3 4.562766e-13 0.000000e+00
322 390 1.646023e-03 2.608770e-03 2 1 3 3 3.466425e-13 0.000000e+00
322 391 1.646023e-03 3.284247e-03 2 1 3 3 2.519833e-13 0.000000e+00
322 392 1.646023e-03 4.134622e-03 2 1 3 3 1.840272e-13 0.000000e+00
322 393 1.646023e-03 5.205181e-03 2 1 3 3 1.367709e-13 0.000000e+00
322 394 1.646023e-03 6.552935e-03 2 1 3 3 1.032525e-13 0.000000e+00
322 395 1.646023e-03 8.249656e-03 2 1 3 3 7.857511e-14 0.000000e+00
323 385 2.072220e-03 8.249656e-04 2 1 3 3 1.296696e-13 0.000000e+00
323 386 2.072220e-03 1.038570e-03 2 1 3 3 2.021731e-13 0.000000e+00
323 387 2.072220e-03 1.307482e-03 2 1 3 3 3.103478e-13 0.000000e+00
323 388 2.072220e-03 1.646023e-03 2 1 3 3 4.562766e-13 0.000000e+00
323 389 2.072220e-03 2.072220e-03 2 1 3 3 5.706201e-13 0.000000e+00
323 390 2.072220e-03 2.608770e-03 2 1 3 3 5.148128e-13 0.000000e+00
323 391 2.072220e-03 3.284247e-03 2 1 3 3 3.893225e-13 0.000000e+00
323 392 2.072220e-03 4.134622e-03 2 1 3 3 2.872313e-13 0.000000e+00
323 393 2.072220e-03 5.205181e-03 2 1 3 3 2.144219e-13 0.000000e+00
323 394 2.072220e-03 6.552935e-03 2 1 3 3 1.623788e-13 0.000000e+00
323 395 2.072220e-03 8.249656e-03 2 1 3 3 1.238718e-13 0.000000e+00
324 385 2.608770e-03 8.249656e-04 2 1 3 3 9.149056e-14 0.000000e+00
324 386 2.608770e-03 1.038570e-03 2 1 3 3 1.438367e-13 0.000000e+00
324 387 2.608770e-03 1.307482e-03 2 1 3 3 2.247586e-13 0.000000e+00
324 388 2.608770e-03 1.646023e-03 2 1 3 3 3.466425e-13 0.000000e+00
324 389 2.608770e-03 2.072220e-03 2 1 3 3 5.148128e-13 0.000000e+00
324 390 2.608770e-03 2.608770e-03 2 1 3 3 6.497391e-13 0.000000e+00
324 391 2.608770e-03 3.284247e-03 2 1 3 3 5.820601e-13 0.000000e+00
324 392 2.608770e-03 4.134622e-03 2 1 3 3 4.432382e-13 0.000000e+00
324 393 2.608770e-03 5.205181e-03 2 1 3 3 3.338398e-13 0.000000e+00
324 394 2.608770e-03 6.552935e-03 2 1 3 3 2.541457e-13 0.000000e+00
324 395 2.608770e-03 8.249656e-03 2 1 3 3 1.946493e-13 0.000000e+00
325 385 3.284247e-03 8.249656e-04 2 1 3 3 6.502702e-14 0.000000e+00
325 386 3.284247e-03 1.038570e-03 2 1 3 3 1.025509e-13 0.000000e+00
325 387 3.284247e-03 1.307482e-03 2 1 3 3 1.612115e-13 0.000000e+00
325 388 3.284247e-03 1.646023e-03 2 1 3 3 2.519833e-13 0.000000e+00
325 389 3.284247e-03 2.072220e-03 2 1 3 3 3.893225e-13 0.000000e+00
325 390 3.284247e-03 2.608770e-03 2 1 3 3 5.820601e-13 0.000000e+00
325 391 3.284247e-03 3.284247e-03 2 1 3 3 7.412307e-13 0.000000e+00
325 392 3.284247e-03 4.134622e-03 2 1 3 3 6.641067e-13 0.000000e+00
325 393 3.284247e-03 5.205181e-03 2 1 3 3 5.134069e-13 0.000000e+00
325 394 3.284247e-03 6.552935e-03 2 1 3 3 3.946123e-13 0.000000e+00
325 395 3.284247e-03 8.249656e-03 2 1 3 3 3.042429e-13 0.000000e+00
326 385 4.134622e-03 8.249656e-04 2 1 3 3 4.708902e-14 0.000000e+00
326 386 4.134622e-03 1.038570e-03 2 1 3 3 7.436650e-14 0.000000e+00
326 387 4.134622e-03 1.307482e-03 2 1 3 3 1.171925e-13 0.000000e+00
326 388 4.134622e-03 1.646023e-03 2 1 3 3 1.840272e-13 0.000000e+00
326 389 4.134622e-03 2.072220e-03 2 1 3 3 2.872313e-13 0.000000e+00
326 390 4.134622e-03 2.608770e-03 2 1 3 3 4.432382e-13 0.000000e+00
326 391 4.134622e-03 3.284247e-03 2 1 3 3 6.641067e-13 0.000000e+00
326 392 4.134622e-03 4.134622e-03 2 1 3 3 8.517336e-13 0.000000e+00
326 393 4.134622e-03 5.205181e-03 2 1 3 3 7.676131e-13 0.000000e+00
326 394 4.134622e-03 6.552935e-03 2 1 3 3 6.042438e-13 0.000000e+00
326 395 4.134622e-03 8.249656e-03 2 1 3 3 4.712979e-13 0.000000e+00
327 385 5.205181e-03 8.249656e-04 2 1 3 3 3.482527e-14 0.000000e+00
327 386 5.205181e-03 1.038570e-03 2 1 3 3 5.504895e-14 0.000000e+00
327 387 5.205181e-03 1.307482e-03 2 1 3 3 8.688035e-14 0.000000e+00
327 388 5.205181e-03 1.646023e-03 2 1 3 3 1.367709e-13 0.000000e+00
327 389 5.205181e-03 2.072220e-03 2 1 3 3 2.144219e-13 0.000000e+00
327 390 5.205181e-03 2.608770e-03 2 1 3 3 3.338398e-13 0.000000e+00
327 391 5.205181e-03 3.284247e-03 2 1 3 3 5.134069e-13 0.000000e+00
327 392 5.205181e-03 4.134622e-03 2 1 3 3 7.676131e-13 0.000000e+00
327 393 5.205181e-03 5.205181e-03 2 1 3 3 9.884296e-13 0.000000e+00
327 394 5.205181e-03 6.552935e-03 2 1 3 3 8.988215e-13 0.000000e+00
327 395 5.205181e-03 8.249656e-03 2 1 3 3 7.186984e-13 0.000000e+00
328 385 6.552935e-03 8.249656e-04 2 1 3 3 2.619077e-14 0.000000e+00
328 386 6.552935e-03 1.038570e-03 2 1 3 3 4.143051e-14 0.000000e+00
328 387 6.552935e-03 1.307482e-03 2 1 3 3 6.546413e-14 0.000000e+00
328 388 6.552935e-03 1.646023e-03 2 1 3 3 1.032525e-13 0.000000e+00
328 389 6.552935e-03 2.072220e-03 2 1 3 3 1.623788e-13 0.000000e+00
328 390 6.552935e-03 2.608770e-03 2 1 3 3 2.541457e-13 0.000000e+00
328 391 6.552935e-03 3.284247e-03 2 1 3 3 3.946123e-13 0.000000e+00
328 392 6.552935e-03 4.134622e-03 2 1 3 3 6.042438e-13 0.000000e+00
328 393 6.552935e-03 5.205181e-03 2 1 3 3 8.988215e-13 0.000000e+00
328 394 6.552935e-03 6.552935e-03 2 1 3 3 1.157970e-12 0.000000e+00
328 395 6.552935e-03 8.249656e-03 2 1 3 3 1.062265e-12 0.000000e+00
329 385 8.249656e-03 8.249656e-04 2 1 3 3 1.987047e-14 0.000000e+00
329 386 8.249656e-03 1.038570e-03 2 1 3 3 3.145124e-14 0.000000e+00
329 387 8.249656e-03 1.307482e-03 2 1 3 3 4.974291e-14 0.000000e+00
329 388 8.249656e-03 1.646023e-03 2 1 3 3 7.857511e-14 0.000000e+00
329 389 8.249656e-03 2.072220e-03 2 1 3 3 1.238718e-13 0.000000e+00
329 390 8.249656e-03 2.608770e-03 2 1 3 3 1.946493e-13 0.000000e+00
329 391 8.249656e-03 3.284247e-03 2 1 3 3 3.042429e-13 0.000000e+00
329 392 8.249656e-03 4.134622e-03 2 1 3 3 4.712979e-13 0.000000e+00
329 393 8.249656e-03 5.205181e-03 2 1 3 3 7.186984e-13 0.000000e+00
329 394 8.249656e-03 6.552935e-03 2 1 3 3 1.062265e-12 0.000000e+00
329 395 8.249656e-03 8.249656e-03 2 1 3 3 1.364901e-12 0.000000e+00
