# Please cite the following papers in research using this covariance:
# arXiv: 1601.05779, https://arxiv.org/abs/1601.05779
# arXiv: 1911.11947, https://arxiv.org/abs/1911.11947
# arXiv: 2004.04833, https://arxiv.org/abs/2004.04833
# arXiv: 1804.10663, https://arxiv.org/abs/1804.10663
########################################################
220 385 8.249656e-04 8.249656e-04 0 0 3 3 1.174303e-13 0.000000e+00
220 386 8.249656e-04 1.038570e-03 0 0 3 3 1.199503e-13 0.000000e+00
220 387 8.249656e-04 1.307482e-03 0 0 3 3 1.039204e-13 0.000000e+00
220 388 8.249656e-04 1.646023e-03 0 0 3 3 8.134347e-14 0.000000e+00
220 389 8.249656e-04 2.072220e-03 0 0 3 3 5.959636e-14 0.000000e+00
220 390 8.249656e-04 2.608770e-03 0 0 3 3 4.183910e-14 0.000000e+00
220 391 8.249656e-04 3.284247e-03 0 0 3 3 2.871843e-14 0.000000e+00
220 392 8.249656e-04 4.134622e-03 0 0 3 3 1.963771e-14 0.000000e+00
220 393 8.249656e-04 5.205181e-03 0 0 3 3 1.359244e-14 0.000000e+00
220 394 8.249656e-04 6.552935e-03 0 0 3 3 9.624549e-15 0.000000e+00
220 395 8.249656e-04 8.249656e-03 0 0 3 3 6.993339e-15 0.000000e+00
221 385 1.038570e-03 8.249656e-04 0 0 3 3 1.199503e-13 0.000000e+00
221 386 1.038570e-03 1.038570e-03 0 0 3 3 1.486237e-13 0.000000e+00
221 387 1.038570e-03 1.307482e-03 0 0 3 3 1.474989e-13 0.000000e+00
221 388 1.038570e-03 1.646023e-03 0 0 3 3 1.226908e-13 0.000000e+00
221 389 1.038570e-03 2.072220e-03 0 0 3 3 9.238352e-14 0.000000e+00
221 390 1.038570e-03 2.608770e-03 0 0 3 3 6.566945e-14 0.000000e+00
221 391 1.038570e-03 3.284247e-03 0 0 3 3 4.531848e-14 0.000000e+00
221 392 1.038570e-03 4.134622e-03 0 0 3 3 3.105429e-14 0.000000e+00
221 393 1.038570e-03 5.205181e-03 0 0 3 3 2.151108e-14 0.000000e+00
221 394 1.038570e-03 6.552935e-03 0 0 3 3 1.523651e-14 0.000000e+00
221 395 1.038570e-03 8.249656e-03 0 0 3 3 1.107352e-14 0.000000e+00
222 385 1.307482e-03 8.249656e-04 0 0 3 3 1.039204e-13 0.000000e+00
222 386 1.307482e-03 1.038570e-03 0 0 3 3 1.474989e-13 0.000000e+00
222 387 1.307482e-03 1.307482e-03 0 0 3 3 1.820693e-13 0.000000e+00
222 388 1.307482e-03 1.646023e-03 0 0 3 3 1.755325e-13 0.000000e+00
222 389 1.307482e-03 2.072220e-03 0 0 3 3 1.403753e-13 0.000000e+00
222 390 1.307482e-03 2.608770e-03 0 0 3 3 1.022760e-13 0.000000e+00
222 391 1.307482e-03 3.284247e-03 0 0 3 3 7.129146e-14 0.000000e+00
222 392 1.307482e-03 4.134622e-03 0 0 3 3 4.903707e-14 0.000000e+00
222 393 1.307482e-03 5.205181e-03 0 0 3 3 3.401280e-14 0.000000e+00
222 394 1.307482e-03 6.552935e-03 0 0 3 3 2.410456e-14 0.000000e+00
222 395 1.307482e-03 8.249656e-03 0 0 3 3 1.752484e-14 0.000000e+00
223 385 1.646023e-03 8.249656e-04 0 0 3 3 8.134347e-14 0.000000e+00
223 386 1.646023e-03 1.038570e-03 0 0 3 3 1.226908e-13 0.000000e+00
223 387 1.646023e-03 1.307482e-03 0 0 3 3 1.755325e-13 0.000000e+00
223 388 1.646023e-03 1.646023e-03 0 0 3 3 2.164646e-13 0.000000e+00
223 389 1.646023e-03 2.072220e-03 0 0 3 3 2.029231e-13 0.000000e+00
223 390 1.646023e-03 2.608770e-03 0 0 3 3 1.566246e-13 0.000000e+00
223 391 1.646023e-03 3.284247e-03 0 0 3 3 1.114702e-13 0.000000e+00
223 392 1.646023e-03 4.134622e-03 0 0 3 3 7.723575e-14 0.000000e+00
223 393 1.646023e-03 5.205181e-03 0 0 3 3 5.370192e-14 0.000000e+00
223 394 1.646023e-03 6.552935e-03 0 0 3 3 3.809292e-14 0.000000e+00
223 395 1.646023e-03 8.249656e-03 0 0 3 3 2.771078e-14 0.000000e+00
224 385 2.072220e-03 8.249656e-04 0 0 3 3 5.959636e-14 0.000000e+00
224 386 2.072220e-03 1.038570e-03 0 0 3 3 9.238352e-14 0.000000e+00
224 387 2.072220e-03 1.307482e-03 0 0 3 3 1.403753e-13 0.000000e+00
224 388 2.072220e-03 1.646023e-03 0 0 3 3 2.029231e-13 0.000000e+00
224 389 2.072220e-03 2.072220e-03 0 0 3 3 2.508078e-13 0.000000e+00
224 390 2.072220e-03 2.608770e-03 0 0 3 3 2.291609e-13 0.000000e+00
224 391 2.072220e-03 3.284247e-03 0 0 3 3 1.719212e-13 0.000000e+00
224 392 2.072220e-03 4.134622e-03 0 0 3 3 1.210555e-13 0.000000e+00
224 393 2.072220e-03 5.205181e-03 0 0 3 3 8.457933e-14 0.000000e+00
224 394 2.072220e-03 6.552935e-03 0 0 3 3 6.009445e-14 0.000000e+00
224 395 2.072220e-03 8.249656e-03 0 0 3 3 4.375721e-14 0.000000e+00
225 385 2.608770e-03 8.249656e-04 0 0 3 3 4.183910e-14 0.000000e+00
225 386 2.608770e-03 1.038570e-03 0 0 3 3 6.566945e-14 0.000000e+00
225 387 2.608770e-03 1.307482e-03 0 0 3 3 1.022760e-13 0.000000e+00
225 388 2.608770e-03 1.646023e-03 0 0 3 3 1.566246e-13 0.000000e+00
225 389 2.608770e-03 2.072220e-03 0 0 3 3 2.291609e-13 0.000000e+00
225 390 2.608770e-03 2.608770e-03 0 0 3 3 2.848081e-13 0.000000e+00
225 391 2.608770e-03 3.284247e-03 0 0 3 3 2.546880e-13 0.000000e+00
225 392 2.608770e-03 4.134622e-03 0 0 3 3 1.876556e-13 0.000000e+00
225 393 2.608770e-03 5.205181e-03 0 0 3 3 1.326168e-13 0.000000e+00
225 394 2.608770e-03 6.552935e-03 0 0 3 3 9.453362e-14 0.000000e+00
225 395 2.608770e-03 8.249656e-03 0 0 3 3 6.894401e-14 0.000000e+00
226 385 3.284247e-03 8.249656e-04 0 0 3 3 2.871843e-14 0.000000e+00
226 386 3.284247e-03 1.038570e-03 0 0 3 3 4.531848e-14 0.000000e+00
226 387 3.284247e-03 1.307482e-03 0 0 3 3 7.129146e-14 0.000000e+00
226 388 3.284247e-03 1.646023e-03 0 0 3 3 1.114702e-13 0.000000e+00
226 389 3.284247e-03 2.072220e-03 0 0 3 3 1.719212e-13 0.000000e+00
226 390 3.284247e-03 2.608770e-03 0 0 3 3 2.546880e-13 0.000000e+00
226 391 3.284247e-03 3.284247e-03 0 0 3 3 3.191761e-13 0.000000e+00
226 392 3.284247e-03 4.134622e-03 0 0 3 3 2.810419e-13 0.000000e+00
226 393 3.284247e-03 5.205181e-03 0 0 3 3 2.059923e-13 0.000000e+00
226 394 3.284247e-03 6.552935e-03 0 0 3 3 1.479900e-13 0.000000e+00
226 395 3.284247e-03 8.249656e-03 0 0 3 3 1.082432e-13 0.000000e+00
227 385 4.134622e-03 8.249656e-04 0 0 3 3 1.963771e-14 0.000000e+00
227 386 4.134622e-03 1.038570e-03 0 0 3 3 3.105429e-14 0.000000e+00
227 387 4.134622e-03 1.307482e-03 0 0 3 3 4.903707e-14 0.000000e+00
227 388 4.134622e-03 1.646023e-03 0 0 3 3 7.723575e-14 0.000000e+00
227 389 4.134622e-03 2.072220e-03 0 0 3 3 1.210555e-13 0.000000e+00
227 390 4.134622e-03 2.608770e-03 0 0 3 3 1.876556e-13 0.000000e+00
227 391 4.134622e-03 3.284247e-03 0 0 3 3 2.810419e-13 0.000000e+00
227 392 4.134622e-03 4.134622e-03 0 0 3 3 3.557304e-13 0.000000e+00
227 393 4.134622e-03 5.205181e-03 0 0 3 3 3.107799e-13 0.000000e+00
227 394 4.134622e-03 6.552935e-03 0 0 3 3 2.295624e-13 0.000000e+00
227 395 4.134622e-03 8.249656e-03 0 0 3 3 1.689502e-13 0.000000e+00
228 385 5.205181e-03 8.249656e-04 0 0 3 3 1.359244e-14 0.000000e+00
228 386 5.205181e-03 1.038570e-03 0 0 3 3 2.151108e-14 0.000000e+00
228 387 5.205181e-03 1.307482e-03 0 0 3 3 3.401280e-14 0.000000e+00
228 388 5.205181e-03 1.646023e-03 0 0 3 3 5.370192e-14 0.000000e+00
228 389 5.205181e-03 2.072220e-03 0 0 3 3 8.457933e-14 0.000000e+00
228 390 5.205181e-03 2.608770e-03 0 0 3 3 1.326168e-13 0.000000e+00
228 391 5.205181e-03 3.284247e-03 0 0 3 3 2.059923e-13 0.000000e+00
228 392 5.205181e-03 4.134622e-03 0 0 3 3 3.107799e-13 0.000000e+00
228 393 5.205181e-03 5.205181e-03 0 0 3 3 3.972949e-13 0.000000e+00
228 394 5.205181e-03 6.552935e-03 0 0 3 3 3.471756e-13 0.000000e+00
228 395 5.205181e-03 8.249656e-03 0 0 3 3 2.610158e-13 0.000000e+00
229 385 6.552935e-03 8.249656e-04 0 0 3 3 9.624549e-15 0.000000e+00
229 386 6.552935e-03 1.038570e-03 0 0 3 3 1.523651e-14 0.000000e+00
229 387 6.552935e-03 1.307482e-03 0 0 3 3 2.410456e-14 0.000000e+00
229 388 6.552935e-03 1.646023e-03 0 0 3 3 3.809292e-14 0.000000e+00
229 389 6.552935e-03 2.072220e-03 0 0 3 3 6.009445e-14 0.000000e+00
229 390 6.552935e-03 2.608770e-03 0 0 3 3 9.453362e-14 0.000000e+00
229 391 6.552935e-03 3.284247e-03 0 0 3 3 1.479900e-13 0.000000e+00
229 392 6.552935e-03 4.134622e-03 0 0 3 3 2.295624e-13 0.000000e+00
229 393 6.552935e-03 5.205181e-03 0 0 3 3 3.471756e-13 0.000000e+00
229 394 6.552935e-03 6.552935e-03 0 0 3 3 4.473677e-13 0.000000e+00
229 395 6.552935e-03 8.249656e-03 0 0 3 3 3.937012e-13 0.000000e+00
230 385 8.249656e-03 8.249656e-04 0 0 3 3 6.993339e-15 0.000000e+00
230 386 8.249656e-03 1.038570e-03 0 0 3 3 1.107352e-14 0.000000e+00
230 387 8.249656e-03 1.307482e-03 0 0 3 3 1.752484e-14 0.000000e+00
230 388 8.249656e-03 1.646023e-03 0 0 3 3 2.771078e-14 0.000000e+00
230 389 8.249656e-03 2.072220e-03 0 0 3 3 4.375721e-14 0.000000e+00
230 390 8.249656e-03 2.608770e-03 0 0 3 3 6.894401e-14 0.000000e+00
230 391 8.249656e-03 3.284247e-03 0 0 3 3 1.082432e-13 0.000000e+00
230 392 8.249656e-03 4.134622e-03 0 0 3 3 1.689502e-13 0.000000e+00
230 393 8.249656e-03 5.205181e-03 0 0 3 3 2.610158e-13 0.000000e+00
230 394 8.249656e-03 6.552935e-03 0 0 3 3 3.937012e-13 0.000000e+00
230 395 8.249656e-03 8.249656e-03 0 0 3 3 5.095740e-13 0.000000e+00
