# Please cite the following papers in research using this covariance:
# arXiv: 1601.05779, https://arxiv.org/abs/1601.05779
# arXiv: 1911.11947, https://arxiv.org/abs/1911.11947
# arXiv: 2004.04833, https://arxiv.org/abs/2004.04833
# arXiv: 1804.10663, https://arxiv.org/abs/1804.10663
########################################################
297 297 8.249656e-04 8.249656e-04 1 3 1 3 3.846882e-09 0.000000e+00
297 298 8.249656e-04 1.038570e-03 1 3 1 3 1.389216e-10 0.000000e+00
297 299 8.249656e-04 1.307482e-03 1 3 1 3 6.812195e-11 0.000000e+00
297 300 8.249656e-04 1.646023e-03 1 3 1 3 3.242039e-11 0.000000e+00
297 301 8.249656e-04 2.072220e-03 1 3 1 3 1.554203e-11 0.000000e+00
297 302 8.249656e-04 2.608770e-03 1 3 1 3 7.705945e-12 0.000000e+00
297 303 8.249656e-04 3.284247e-03 1 3 1 3 4.022621e-12 0.000000e+00
297 304 8.249656e-04 4.134622e-03 1 3 1 3 2.233637e-12 0.000000e+00
297 305 8.249656e-04 5.205181e-03 1 3 1 3 1.319921e-12 0.000000e+00
297 306 8.249656e-04 6.552935e-03 1 3 1 3 8.235517e-13 0.000000e+00
297 307 8.249656e-04 8.249656e-03 1 3 1 3 5.351153e-13 0.000000e+00
298 297 1.038570e-03 8.249656e-04 1 3 1 3 1.389216e-10 0.000000e+00
298 298 1.038570e-03 1.038570e-03 1 3 1 3 2.497823e-09 0.000000e+00
298 299 1.038570e-03 1.307482e-03 1 3 1 3 1.201761e-10 0.000000e+00
298 300 1.038570e-03 1.646023e-03 1 3 1 3 5.577937e-11 0.000000e+00
298 301 1.038570e-03 2.072220e-03 1 3 1 3 2.595028e-11 0.000000e+00
298 302 1.038570e-03 2.608770e-03 1 3 1 3 1.257337e-11 0.000000e+00
298 303 1.038570e-03 3.284247e-03 1 3 1 3 6.468559e-12 0.000000e+00
298 304 1.038570e-03 4.134622e-03 1 3 1 3 3.562070e-12 0.000000e+00
298 305 1.038570e-03 5.205181e-03 1 3 1 3 2.096546e-12 0.000000e+00
298 306 1.038570e-03 6.552935e-03 1 3 1 3 1.305684e-12 0.000000e+00
298 307 1.038570e-03 8.249656e-03 1 3 1 3 8.481350e-13 0.000000e+00
299 297 1.307482e-03 8.249656e-04 1 3 1 3 6.812195e-11 0.000000e+00
299 298 1.307482e-03 1.038570e-03 1 3 1 3 1.201761e-10 0.000000e+00
299 299 1.307482e-03 1.307482e-03 1 3 1 3 1.632161e-09 0.000000e+00
299 300 1.307482e-03 1.646023e-03 1 3 1 3 1.017747e-10 0.000000e+00
299 301 1.307482e-03 2.072220e-03 1 3 1 3 4.511449e-11 0.000000e+00
299 302 1.307482e-03 2.608770e-03 1 3 1 3 2.096918e-11 0.000000e+00
299 303 1.307482e-03 3.284247e-03 1 3 1 3 1.051004e-11 0.000000e+00
299 304 1.307482e-03 4.134622e-03 1 3 1 3 5.705858e-12 0.000000e+00
299 305 1.307482e-03 5.205181e-03 1 3 1 3 3.335419e-12 0.000000e+00
299 306 1.307482e-03 6.552935e-03 1 3 1 3 2.071168e-12 0.000000e+00
299 307 1.307482e-03 8.249656e-03 1 3 1 3 1.343886e-12 0.000000e+00
300 297 1.646023e-03 8.249656e-04 1 3 1 3 3.242039e-11 0.000000e+00
300 298 1.646023e-03 1.038570e-03 1 3 1 3 5.577937e-11 0.000000e+00
300 299 1.646023e-03 1.307482e-03 1 3 1 3 1.017747e-10 0.000000e+00
300 300 1.646023e-03 1.646023e-03 1 3 1 3 1.076178e-09 0.000000e+00
300 301 1.646023e-03 2.072220e-03 1 3 1 3 8.488694e-11 0.000000e+00
300 302 1.646023e-03 2.608770e-03 1 3 1 3 3.655106e-11 0.000000e+00
300 303 1.646023e-03 3.284247e-03 1 3 1 3 1.742163e-11 0.000000e+00
300 304 1.646023e-03 4.134622e-03 1 3 1 3 9.213489e-12 0.000000e+00
300 305 1.646023e-03 5.205181e-03 1 3 1 3 5.320308e-12 0.000000e+00
300 306 1.646023e-03 6.552935e-03 1 3 1 3 3.287335e-12 0.000000e+00
300 307 1.646023e-03 8.249656e-03 1 3 1 3 2.129608e-12 0.000000e+00
301 297 2.072220e-03 8.249656e-04 1 3 1 3 1.554203e-11 0.000000e+00
301 298 2.072220e-03 1.038570e-03 1 3 1 3 2.595028e-11 0.000000e+00
301 299 2.072220e-03 1.307482e-03 1 3 1 3 4.511449e-11 0.000000e+00
301 300 2.072220e-03 1.646023e-03 1 3 1 3 8.488694e-11 0.000000e+00
301 301 2.072220e-03 2.072220e-03 1 3 1 3 7.166048e-10 0.000000e+00
301 302 2.072220e-03 2.608770e-03 1 3 1 3 7.032534e-11 0.000000e+00
301 303 2.072220e-03 3.284247e-03 1 3 1 3 3.016638e-11 0.000000e+00
301 304 2.072220e-03 4.134622e-03 1 3 1 3 1.512082e-11 0.000000e+00
301 305 2.072220e-03 5.205181e-03 1 3 1 3 8.531147e-12 0.000000e+00
301 306 2.072220e-03 6.552935e-03 1 3 1 3 5.224102e-12 0.000000e+00
301 307 2.072220e-03 8.249656e-03 1 3 1 3 3.374144e-12 0.000000e+00
302 297 2.608770e-03 8.249656e-04 1 3 1 3 7.705945e-12 0.000000e+00
302 298 2.608770e-03 1.038570e-03 1 3 1 3 1.257337e-11 0.000000e+00
302 299 2.608770e-03 1.307482e-03 1 3 1 3 2.096918e-11 0.000000e+00
302 300 2.608770e-03 1.646023e-03 1 3 1 3 3.655106e-11 0.000000e+00
302 301 2.608770e-03 2.072220e-03 1 3 1 3 7.032534e-11 0.000000e+00
302 302 2.608770e-03 2.608770e-03 1 3 1 3 4.828611e-10 0.000000e+00
302 303 2.608770e-03 3.284247e-03 1 3 1 3 5.851028e-11 0.000000e+00
302 304 2.608770e-03 4.134622e-03 1 3 1 3 2.578876e-11 0.000000e+00
302 305 2.608770e-03 5.205181e-03 1 3 1 3 1.383637e-11 0.000000e+00
302 306 2.608770e-03 6.552935e-03 1 3 1 3 8.323514e-12 0.000000e+00
302 307 2.608770e-03 8.249656e-03 1 3 1 3 5.346503e-12 0.000000e+00
303 297 3.284247e-03 8.249656e-04 1 3 1 3 4.022621e-12 0.000000e+00
303 298 3.284247e-03 1.038570e-03 1 3 1 3 6.468559e-12 0.000000e+00
303 299 3.284247e-03 1.307482e-03 1 3 1 3 1.051004e-11 0.000000e+00
303 300 3.284247e-03 1.646023e-03 1 3 1 3 1.742163e-11 0.000000e+00
303 301 3.284247e-03 2.072220e-03 1 3 1 3 3.016638e-11 0.000000e+00
303 302 3.284247e-03 2.608770e-03 1 3 1 3 5.851028e-11 0.000000e+00
303 303 3.284247e-03 3.284247e-03 1 3 1 3 3.303920e-10 0.000000e+00
303 304 3.284247e-03 4.134622e-03 1 3 1 3 4.952000e-11 0.000000e+00
303 305 3.284247e-03 5.205181e-03 1 3 1 3 2.311965e-11 0.000000e+00
303 306 3.284247e-03 6.552935e-03 1 3 1 3 1.334761e-11 0.000000e+00
303 307 3.284247e-03 8.249656e-03 1 3 1 3 8.475964e-12 0.000000e+00
304 297 4.134622e-03 8.249656e-04 1 3 1 3 2.233637e-12 0.000000e+00
304 298 4.134622e-03 1.038570e-03 1 3 1 3 3.562070e-12 0.000000e+00
304 299 4.134622e-03 1.307482e-03 1 3 1 3 5.705858e-12 0.000000e+00
304 300 4.134622e-03 1.646023e-03 1 3 1 3 9.213489e-12 0.000000e+00
304 301 4.134622e-03 2.072220e-03 1 3 1 3 1.512082e-11 0.000000e+00
304 302 4.134622e-03 2.608770e-03 1 3 1 3 2.578876e-11 0.000000e+00
304 303 4.134622e-03 3.284247e-03 1 3 1 3 4.952000e-11 0.000000e+00
304 304 4.134622e-03 4.134622e-03 1 3 1 3 2.309400e-10 0.000000e+00
304 305 4.134622e-03 5.205181e-03 1 3 1 3 4.318426e-11 0.000000e+00
304 306 4.134622e-03 6.552935e-03 1 3 1 3 2.182999e-11 0.000000e+00
304 307 4.134622e-03 8.249656e-03 1 3 1 3 1.346745e-11 0.000000e+00
305 297 5.205181e-03 8.249656e-04 1 3 1 3 1.319921e-12 0.000000e+00
305 298 5.205181e-03 1.038570e-03 1 3 1 3 2.096546e-12 0.000000e+00
305 299 5.205181e-03 1.307482e-03 1 3 1 3 3.335419e-12 0.000000e+00
305 300 5.205181e-03 1.646023e-03 1 3 1 3 5.320308e-12 0.000000e+00
305 301 5.205181e-03 2.072220e-03 1 3 1 3 8.531147e-12 0.000000e+00
305 302 5.205181e-03 2.608770e-03 1 3 1 3 1.383637e-11 0.000000e+00
305 303 5.205181e-03 3.284247e-03 1 3 1 3 2.311965e-11 0.000000e+00
305 304 5.205181e-03 4.134622e-03 1 3 1 3 4.318426e-11 0.000000e+00
305 305 5.205181e-03 5.205181e-03 1 3 1 3 1.659840e-10 0.000000e+00
305 306 5.205181e-03 6.552935e-03 1 3 1 3 3.918816e-11 0.000000e+00
305 307 5.205181e-03 8.249656e-03 1 3 1 3 2.161732e-11 0.000000e+00
306 297 6.552935e-03 8.249656e-04 1 3 1 3 8.235517e-13 0.000000e+00
306 298 6.552935e-03 1.038570e-03 1 3 1 3 1.305684e-12 0.000000e+00
306 299 6.552935e-03 1.307482e-03 1 3 1 3 2.071168e-12 0.000000e+00
306 300 6.552935e-03 1.646023e-03 1 3 1 3 3.287335e-12 0.000000e+00
306 301 6.552935e-03 2.072220e-03 1 3 1 3 5.224102e-12 0.000000e+00
306 302 6.552935e-03 2.608770e-03 1 3 1 3 8.323514e-12 0.000000e+00
306 303 6.552935e-03 3.284247e-03 1 3 1 3 1.334761e-11 0.000000e+00
306 304 6.552935e-03 4.134622e-03 1 3 1 3 2.182999e-11 0.000000e+00
306 305 6.552935e-03 5.205181e-03 1 3 1 3 3.918816e-11 0.000000e+00
306 306 6.552935e-03 6.552935e-03 1 3 1 3 1.238074e-10 0.000000e+00
306 307 6.552935e-03 8.249656e-03 1 3 1 3 3.715833e-11 0.000000e+00
307 297 8.249656e-03 8.249656e-04 1 3 1 3 5.351153e-13 0.000000e+00
307 298 8.249656e-03 1.038570e-03 1 3 1 3 8.481350e-13 0.000000e+00
307 299 8.249656e-03 1.307482e-03 1 3 1 3 1.343886e-12 0.000000e+00
307 300 8.249656e-03 1.646023e-03 1 3 1 3 2.129608e-12 0.000000e+00
307 301 8.249656e-03 2.072220e-03 1 3 1 3 3.374144e-12 0.000000e+00
307 302 8.249656e-03 2.608770e-03 1 3 1 3 5.346503e-12 0.000000e+00
307 303 8.249656e-03 3.284247e-03 1 3 1 3 8.475964e-12 0.000000e+00
307 304 8.249656e-03 4.134622e-03 1 3 1 3 1.346745e-11 0.000000e+00
307 305 8.249656e-03 5.205181e-03 1 3 1 3 2.161732e-11 0.000000e+00
307 306 8.249656e-03 6.552935e-03 1 3 1 3 3.715833e-11 0.000000e+00
307 307 8.249656e-03 8.249656e-03 1 3 1 3 9.687230e-11 0.000000e+00
