# Please cite the following papers in research using this covariance:
# arXiv: 1601.05779, https://arxiv.org/abs/1601.05779
# arXiv: 1911.11947, https://arxiv.org/abs/1911.11947
# arXiv: 2004.04833, https://arxiv.org/abs/2004.04833
# arXiv: 1804.10663, https://arxiv.org/abs/1804.10663
########################################################
264 473 8.249656e-04 8.249656e-04 1 0 5 3 1.066747e-13 0.000000e+00
264 474 8.249656e-04 1.038570e-03 1 0 5 3 1.066826e-13 0.000000e+00
264 475 8.249656e-04 1.307482e-03 1 0 5 3 8.982106e-14 0.000000e+00
264 476 8.249656e-04 1.646023e-03 1 0 5 3 6.860671e-14 0.000000e+00
264 477 8.249656e-04 2.072220e-03 1 0 5 3 4.953563e-14 0.000000e+00
264 478 8.249656e-04 2.608770e-03 1 0 5 3 3.473312e-14 0.000000e+00
264 479 8.249656e-04 3.284247e-03 1 0 5 3 2.416000e-14 0.000000e+00
264 480 8.249656e-04 4.134622e-03 1 0 5 3 1.696070e-14 0.000000e+00
264 481 8.249656e-04 5.205181e-03 1 0 5 3 1.215543e-14 0.000000e+00
264 482 8.249656e-04 6.552935e-03 1 0 5 3 8.925574e-15 0.000000e+00
264 483 8.249656e-04 8.249656e-03 1 0 5 3 6.686172e-15 0.000000e+00
265 473 1.038570e-03 8.249656e-04 1 0 5 3 1.066826e-13 0.000000e+00
265 474 1.038570e-03 1.038570e-03 1 0 5 3 1.319106e-13 0.000000e+00
265 475 1.038570e-03 1.307482e-03 1 0 5 3 1.283034e-13 0.000000e+00
265 476 1.038570e-03 1.646023e-03 1 0 5 3 1.040442e-13 0.000000e+00
265 477 1.038570e-03 2.072220e-03 1 0 5 3 7.701967e-14 0.000000e+00
265 478 1.038570e-03 2.608770e-03 1 0 5 3 5.457315e-14 0.000000e+00
265 479 1.038570e-03 3.284247e-03 1 0 5 3 3.812213e-14 0.000000e+00
265 480 1.038570e-03 4.134622e-03 1 0 5 3 2.680706e-14 0.000000e+00
265 481 1.038570e-03 5.205181e-03 1 0 5 3 1.922614e-14 0.000000e+00
265 482 1.038570e-03 6.552935e-03 1 0 5 3 1.412401e-14 0.000000e+00
265 483 1.038570e-03 8.249656e-03 1 0 5 3 1.058445e-14 0.000000e+00
266 473 1.307482e-03 8.249656e-04 1 0 5 3 8.982106e-14 0.000000e+00
266 474 1.307482e-03 1.038570e-03 1 0 5 3 1.283034e-13 0.000000e+00
266 475 1.307482e-03 1.307482e-03 1 0 5 3 1.584417e-13 0.000000e+00
266 476 1.307482e-03 1.646023e-03 1 0 5 3 1.500415e-13 0.000000e+00
266 477 1.307482e-03 2.072220e-03 1 0 5 3 1.176455e-13 0.000000e+00
266 478 1.307482e-03 2.608770e-03 1 0 5 3 8.516329e-14 0.000000e+00
266 479 1.307482e-03 3.284247e-03 1 0 5 3 5.997122e-14 0.000000e+00
266 480 1.307482e-03 4.134622e-03 1 0 5 3 4.229712e-14 0.000000e+00
266 481 1.307482e-03 5.205181e-03 1 0 5 3 3.037310e-14 0.000000e+00
266 482 1.307482e-03 6.552935e-03 1 0 5 3 2.232954e-14 0.000000e+00
266 483 1.307482e-03 8.249656e-03 1 0 5 3 1.674406e-14 0.000000e+00
267 473 1.646023e-03 8.249656e-04 1 0 5 3 6.860671e-14 0.000000e+00
267 474 1.646023e-03 1.038570e-03 1 0 5 3 1.040442e-13 0.000000e+00
267 475 1.646023e-03 1.307482e-03 1 0 5 3 1.500415e-13 0.000000e+00
267 476 1.646023e-03 1.646023e-03 1 0 5 3 1.856112e-13 0.000000e+00
267 477 1.646023e-03 2.072220e-03 1 0 5 3 1.715434e-13 0.000000e+00
267 478 1.646023e-03 2.608770e-03 1 0 5 3 1.309411e-13 0.000000e+00
267 479 1.646023e-03 3.284247e-03 1 0 5 3 9.380649e-14 0.000000e+00
267 480 1.646023e-03 4.134622e-03 1 0 5 3 6.654411e-14 0.000000e+00
267 481 1.646023e-03 5.205181e-03 1 0 5 3 4.788912e-14 0.000000e+00
267 482 1.646023e-03 6.552935e-03 1 0 5 3 3.525015e-14 0.000000e+00
267 483 1.646023e-03 8.249656e-03 1 0 5 3 2.645907e-14 0.000000e+00
268 473 2.072220e-03 8.249656e-04 1 0 5 3 4.953563e-14 0.000000e+00
268 474 2.072220e-03 1.038570e-03 1 0 5 3 7.701967e-14 0.000000e+00
268 475 2.072220e-03 1.307482e-03 1 0 5 3 1.176455e-13 0.000000e+00
268 476 2.072220e-03 1.646023e-03 1 0 5 3 1.715434e-13 0.000000e+00
268 477 2.072220e-03 2.072220e-03 1 0 5 3 2.132372e-13 0.000000e+00
268 478 2.072220e-03 2.608770e-03 1 0 5 3 1.931219e-13 0.000000e+00
268 479 2.072220e-03 3.284247e-03 1 0 5 3 1.449258e-13 0.000000e+00
268 480 2.072220e-03 4.134622e-03 1 0 5 3 1.041431e-13 0.000000e+00
268 481 2.072220e-03 5.205181e-03 1 0 5 3 7.526333e-14 0.000000e+00
268 482 2.072220e-03 6.552935e-03 1 0 5 3 5.551517e-14 0.000000e+00
268 483 2.072220e-03 8.249656e-03 1 0 5 3 4.173731e-14 0.000000e+00
269 473 2.608770e-03 8.249656e-04 1 0 5 3 3.473312e-14 0.000000e+00
269 474 2.608770e-03 1.038570e-03 1 0 5 3 5.457315e-14 0.000000e+00
269 475 2.608770e-03 1.307482e-03 1 0 5 3 8.516329e-14 0.000000e+00
269 476 2.608770e-03 1.646023e-03 1 0 5 3 1.309411e-13 0.000000e+00
269 477 2.608770e-03 2.072220e-03 1 0 5 3 1.931219e-13 0.000000e+00
269 478 2.608770e-03 2.608770e-03 1 0 5 3 2.418621e-13 0.000000e+00
269 479 2.608770e-03 3.284247e-03 1 0 5 3 2.159149e-13 0.000000e+00
269 480 2.608770e-03 4.134622e-03 1 0 5 3 1.612315e-13 0.000000e+00
269 481 2.608770e-03 5.205181e-03 1 0 5 3 1.176325e-13 0.000000e+00
269 482 2.608770e-03 6.552935e-03 1 0 5 3 8.709339e-14 0.000000e+00
269 483 2.608770e-03 8.249656e-03 1 0 5 3 6.565122e-14 0.000000e+00
270 473 3.284247e-03 8.249656e-04 1 0 5 3 2.416000e-14 0.000000e+00
270 474 3.284247e-03 1.038570e-03 1 0 5 3 3.812213e-14 0.000000e+00
270 475 3.284247e-03 1.307482e-03 1 0 5 3 5.997122e-14 0.000000e+00
270 476 3.284247e-03 1.646023e-03 1 0 5 3 9.380649e-14 0.000000e+00
270 477 3.284247e-03 2.072220e-03 1 0 5 3 1.449258e-13 0.000000e+00
270 478 3.284247e-03 2.608770e-03 1 0 5 3 2.159149e-13 0.000000e+00
270 479 3.284247e-03 3.284247e-03 1 0 5 3 2.728860e-13 0.000000e+00
270 480 3.284247e-03 4.134622e-03 1 0 5 3 2.418826e-13 0.000000e+00
270 481 3.284247e-03 5.205181e-03 1 0 5 3 1.819317e-13 0.000000e+00
270 482 3.284247e-03 6.552935e-03 1 0 5 3 1.357578e-13 0.000000e+00
270 483 3.284247e-03 8.249656e-03 1 0 5 3 1.027917e-13 0.000000e+00
271 473 4.134622e-03 8.249656e-04 1 0 5 3 1.696070e-14 0.000000e+00
271 474 4.134622e-03 1.038570e-03 1 0 5 3 2.680706e-14 0.000000e+00
271 475 4.134622e-03 1.307482e-03 1 0 5 3 4.229712e-14 0.000000e+00
271 476 4.134622e-03 1.646023e-03 1 0 5 3 6.654411e-14 0.000000e+00
271 477 4.134622e-03 2.072220e-03 1 0 5 3 1.041431e-13 0.000000e+00
271 478 4.134622e-03 2.608770e-03 1 0 5 3 1.612315e-13 0.000000e+00
271 479 4.134622e-03 3.284247e-03 1 0 5 3 2.418826e-13 0.000000e+00
271 480 4.134622e-03 4.134622e-03 1 0 5 3 3.085335e-13 0.000000e+00
271 481 4.134622e-03 5.205181e-03 1 0 5 3 2.736160e-13 0.000000e+00
271 482 4.134622e-03 6.552935e-03 1 0 5 3 2.092116e-13 0.000000e+00
271 483 4.134622e-03 8.249656e-03 1 0 5 3 1.597181e-13 0.000000e+00
272 473 5.205181e-03 8.249656e-04 1 0 5 3 1.215543e-14 0.000000e+00
272 474 5.205181e-03 1.038570e-03 1 0 5 3 1.922614e-14 0.000000e+00
272 475 5.205181e-03 1.307482e-03 1 0 5 3 3.037310e-14 0.000000e+00
272 476 5.205181e-03 1.646023e-03 1 0 5 3 4.788912e-14 0.000000e+00
272 477 5.205181e-03 2.072220e-03 1 0 5 3 7.526333e-14 0.000000e+00
272 478 5.205181e-03 2.608770e-03 1 0 5 3 1.176325e-13 0.000000e+00
272 479 5.205181e-03 3.284247e-03 1 0 5 3 1.819317e-13 0.000000e+00
272 480 5.205181e-03 4.134622e-03 1 0 5 3 2.736160e-13 0.000000e+00
272 481 5.205181e-03 5.205181e-03 1 0 5 3 3.516333e-13 0.000000e+00
272 482 5.205181e-03 6.552935e-03 1 0 5 3 3.139570e-13 0.000000e+00
272 483 5.205181e-03 8.249656e-03 1 0 5 3 2.449179e-13 0.000000e+00
273 473 6.552935e-03 8.249656e-04 1 0 5 3 8.925574e-15 0.000000e+00
273 474 6.552935e-03 1.038570e-03 1 0 5 3 1.412401e-14 0.000000e+00
273 475 6.552935e-03 1.307482e-03 1 0 5 3 2.232954e-14 0.000000e+00
273 476 6.552935e-03 1.646023e-03 1 0 5 3 3.525015e-14 0.000000e+00
273 477 6.552935e-03 2.072220e-03 1 0 5 3 5.551517e-14 0.000000e+00
273 478 6.552935e-03 2.608770e-03 1 0 5 3 8.709339e-14 0.000000e+00
273 479 6.552935e-03 3.284247e-03 1 0 5 3 1.357578e-13 0.000000e+00
273 480 6.552935e-03 4.134622e-03 1 0 5 3 2.092116e-13 0.000000e+00
273 481 6.552935e-03 5.205181e-03 1 0 5 3 3.139570e-13 0.000000e+00
273 482 6.552935e-03 6.552935e-03 1 0 5 3 4.051898e-13 0.000000e+00
273 483 6.552935e-03 8.249656e-03 1 0 5 3 3.654245e-13 0.000000e+00
274 473 8.249656e-03 8.249656e-04 1 0 5 3 6.686172e-15 0.000000e+00
274 474 8.249656e-03 1.038570e-03 1 0 5 3 1.058445e-14 0.000000e+00
274 475 8.249656e-03 1.307482e-03 1 0 5 3 1.674406e-14 0.000000e+00
274 476 8.249656e-03 1.646023e-03 1 0 5 3 2.645907e-14 0.000000e+00
274 477 8.249656e-03 2.072220e-03 1 0 5 3 4.173731e-14 0.000000e+00
274 478 8.249656e-03 2.608770e-03 1 0 5 3 6.565122e-14 0.000000e+00
274 479 8.249656e-03 3.284247e-03 1 0 5 3 1.027917e-13 0.000000e+00
274 480 8.249656e-03 4.134622e-03 1 0 5 3 1.597181e-13 0.000000e+00
274 481 8.249656e-03 5.205181e-03 1 0 5 3 2.449179e-13 0.000000e+00
274 482 8.249656e-03 6.552935e-03 1 0 5 3 3.654245e-13 0.000000e+00
274 483 8.249656e-03 8.249656e-03 1 0 5 3 4.717335e-13 0.000000e+00
