# Please cite the following papers in research using this covariance:
# arXiv: 1601.05779, https://arxiv.org/abs/1601.05779
# arXiv: 1911.11947, https://arxiv.org/abs/1911.11947
# arXiv: 2004.04833, https://arxiv.org/abs/2004.04833
# arXiv: 1804.10663, https://arxiv.org/abs/1804.10663
########################################################
253 286 8.249656e-04 8.249656e-04 0 3 1 2 2.662867e-12 0.000000e+00
253 287 8.249656e-04 1.038570e-03 0 3 1 2 2.717227e-12 0.000000e+00
253 288 8.249656e-04 1.307482e-03 0 3 1 2 2.330597e-12 0.000000e+00
253 289 8.249656e-04 1.646023e-03 0 3 1 2 1.775405e-12 0.000000e+00
253 290 8.249656e-04 2.072220e-03 0 3 1 2 1.246497e-12 0.000000e+00
253 291 8.249656e-04 2.608770e-03 0 3 1 2 8.313859e-13 0.000000e+00
253 292 8.249656e-04 3.284247e-03 0 3 1 2 5.426968e-13 0.000000e+00
253 293 8.249656e-04 4.134622e-03 0 3 1 2 3.568748e-13 0.000000e+00
253 294 8.249656e-04 5.205181e-03 0 3 1 2 2.420232e-13 0.000000e+00
253 295 8.249656e-04 6.552935e-03 0 3 1 2 1.713550e-13 0.000000e+00
253 296 8.249656e-04 8.249656e-03 0 3 1 2 1.265276e-13 0.000000e+00
254 286 1.038570e-03 8.249656e-04 0 3 1 2 2.717227e-12 0.000000e+00
254 287 1.038570e-03 1.038570e-03 0 3 1 2 3.345022e-12 0.000000e+00
254 288 1.038570e-03 1.307482e-03 0 3 1 2 3.294054e-12 0.000000e+00
254 289 1.038570e-03 1.646023e-03 0 3 1 2 2.681071e-12 0.000000e+00
254 290 1.038570e-03 2.072220e-03 0 3 1 2 1.939798e-12 0.000000e+00
254 291 1.038570e-03 2.608770e-03 0 3 1 2 1.310223e-12 0.000000e+00
254 292 1.038570e-03 3.284247e-03 0 3 1 2 8.589426e-13 0.000000e+00
254 293 1.038570e-03 4.134622e-03 0 3 1 2 5.652939e-13 0.000000e+00
254 294 1.038570e-03 5.205181e-03 0 3 1 2 3.832872e-13 0.000000e+00
254 295 1.038570e-03 6.552935e-03 0 3 1 2 2.713158e-13 0.000000e+00
254 296 1.038570e-03 8.249656e-03 0 3 1 2 2.003438e-13 0.000000e+00
255 286 1.307482e-03 8.249656e-04 0 3 1 2 2.330597e-12 0.000000e+00
255 287 1.307482e-03 1.038570e-03 0 3 1 2 3.294054e-12 0.000000e+00
255 288 1.307482e-03 1.307482e-03 0 3 1 2 4.033548e-12 0.000000e+00
255 289 1.307482e-03 1.646023e-03 0 3 1 2 3.830870e-12 0.000000e+00
255 290 1.307482e-03 2.072220e-03 0 3 1 2 2.961958e-12 0.000000e+00
255 291 1.307482e-03 2.608770e-03 0 3 1 2 2.053271e-12 0.000000e+00
255 292 1.307482e-03 3.284247e-03 0 3 1 2 1.357691e-12 0.000000e+00
255 293 1.307482e-03 4.134622e-03 0 3 1 2 8.950836e-13 0.000000e+00
255 294 1.307482e-03 5.205181e-03 0 3 1 2 6.067380e-13 0.000000e+00
255 295 1.307482e-03 6.552935e-03 0 3 1 2 4.293496e-13 0.000000e+00
255 296 1.307482e-03 8.249656e-03 0 3 1 2 3.170508e-13 0.000000e+00
256 286 1.646023e-03 8.249656e-04 0 3 1 2 1.775405e-12 0.000000e+00
256 287 1.646023e-03 1.038570e-03 0 3 1 2 2.681071e-12 0.000000e+00
256 288 1.646023e-03 1.307482e-03 0 3 1 2 3.830870e-12 0.000000e+00
256 289 1.646023e-03 1.646023e-03 0 3 1 2 4.686303e-12 0.000000e+00
256 290 1.646023e-03 2.072220e-03 0 3 1 2 4.296516e-12 0.000000e+00
256 291 1.646023e-03 2.608770e-03 0 3 1 2 3.172243e-12 0.000000e+00
256 292 1.646023e-03 3.284247e-03 0 3 1 2 2.139167e-12 0.000000e+00
256 293 1.646023e-03 4.134622e-03 0 3 1 2 1.416185e-12 0.000000e+00
256 294 1.646023e-03 5.205181e-03 0 3 1 2 9.598000e-13 0.000000e+00
256 295 1.646023e-03 6.552935e-03 0 3 1 2 6.788376e-13 0.000000e+00
256 296 1.646023e-03 8.249656e-03 0 3 1 2 5.013057e-13 0.000000e+00
257 286 2.072220e-03 8.249656e-04 0 3 1 2 1.246497e-12 0.000000e+00
257 287 2.072220e-03 1.038570e-03 0 3 1 2 1.939798e-12 0.000000e+00
257 288 2.072220e-03 1.307482e-03 0 3 1 2 2.961958e-12 0.000000e+00
257 289 2.072220e-03 1.646023e-03 0 3 1 2 4.296516e-12 0.000000e+00
257 290 2.072220e-03 2.072220e-03 0 3 1 2 5.277547e-12 0.000000e+00
257 291 2.072220e-03 2.608770e-03 0 3 1 2 4.685156e-12 0.000000e+00
257 292 2.072220e-03 3.284247e-03 0 3 1 2 3.338679e-12 0.000000e+00
257 293 2.072220e-03 4.134622e-03 0 3 1 2 2.236602e-12 0.000000e+00
257 294 2.072220e-03 5.205181e-03 0 3 1 2 1.516667e-12 0.000000e+00
257 295 2.072220e-03 6.552935e-03 0 3 1 2 1.071840e-12 0.000000e+00
257 296 2.072220e-03 8.249656e-03 0 3 1 2 7.915521e-13 0.000000e+00
258 286 2.608770e-03 8.249656e-04 0 3 1 2 8.313859e-13 0.000000e+00
258 287 2.608770e-03 1.038570e-03 0 3 1 2 1.310223e-12 0.000000e+00
258 288 2.608770e-03 1.307482e-03 0 3 1 2 2.053271e-12 0.000000e+00
258 289 2.608770e-03 1.646023e-03 0 3 1 2 3.172243e-12 0.000000e+00
258 290 2.608770e-03 2.072220e-03 0 3 1 2 4.685156e-12 0.000000e+00
258 291 2.608770e-03 2.608770e-03 0 3 1 2 5.808263e-12 0.000000e+00
258 292 2.608770e-03 3.284247e-03 0 3 1 2 5.022219e-12 0.000000e+00
258 293 2.608770e-03 4.134622e-03 0 3 1 2 3.511979e-12 0.000000e+00
258 294 2.608770e-03 5.205181e-03 0 3 1 2 2.392234e-12 0.000000e+00
258 295 2.608770e-03 6.552935e-03 0 3 1 2 1.688834e-12 0.000000e+00
258 296 2.608770e-03 8.249656e-03 0 3 1 2 1.247139e-12 0.000000e+00
259 286 3.284247e-03 8.249656e-04 0 3 1 2 5.426968e-13 0.000000e+00
259 287 3.284247e-03 1.038570e-03 0 3 1 2 8.589426e-13 0.000000e+00
259 288 3.284247e-03 1.307482e-03 0 3 1 2 1.357691e-12 0.000000e+00
259 289 3.284247e-03 1.646023e-03 0 3 1 2 2.139167e-12 0.000000e+00
259 290 3.284247e-03 2.072220e-03 0 3 1 2 3.338679e-12 0.000000e+00
259 291 3.284247e-03 2.608770e-03 0 3 1 2 5.022219e-12 0.000000e+00
259 292 3.284247e-03 3.284247e-03 0 3 1 2 6.310018e-12 0.000000e+00
259 293 3.284247e-03 4.134622e-03 0 3 1 2 5.362780e-12 0.000000e+00
259 294 3.284247e-03 5.205181e-03 0 3 1 2 3.757596e-12 0.000000e+00
259 295 3.284247e-03 6.552935e-03 0 3 1 2 2.652589e-12 0.000000e+00
259 296 3.284247e-03 8.249656e-03 0 3 1 2 1.958287e-12 0.000000e+00
260 286 4.134622e-03 8.249656e-04 0 3 1 2 3.568748e-13 0.000000e+00
260 287 4.134622e-03 1.038570e-03 0 3 1 2 5.652939e-13 0.000000e+00
260 288 4.134622e-03 1.307482e-03 0 3 1 2 8.950836e-13 0.000000e+00
260 289 4.134622e-03 1.646023e-03 0 3 1 2 1.416185e-12 0.000000e+00
260 290 4.134622e-03 2.072220e-03 0 3 1 2 2.236602e-12 0.000000e+00
260 291 4.134622e-03 2.608770e-03 0 3 1 2 3.511979e-12 0.000000e+00
260 292 4.134622e-03 3.284247e-03 0 3 1 2 5.362780e-12 0.000000e+00
260 293 4.134622e-03 4.134622e-03 0 3 1 2 6.842581e-12 0.000000e+00
260 294 4.134622e-03 5.205181e-03 0 3 1 2 5.784304e-12 0.000000e+00
260 295 4.134622e-03 6.552935e-03 0 3 1 2 4.145287e-12 0.000000e+00
260 296 4.134622e-03 8.249656e-03 0 3 1 2 3.058881e-12 0.000000e+00
261 286 5.205181e-03 8.249656e-04 0 3 1 2 2.420232e-13 0.000000e+00
261 287 5.205181e-03 1.038570e-03 0 3 1 2 3.832872e-13 0.000000e+00
261 288 5.205181e-03 1.307482e-03 0 3 1 2 6.067380e-13 0.000000e+00
261 289 5.205181e-03 1.646023e-03 0 3 1 2 9.598000e-13 0.000000e+00
261 290 5.205181e-03 2.072220e-03 0 3 1 2 1.516667e-12 0.000000e+00
261 291 5.205181e-03 2.608770e-03 0 3 1 2 2.392234e-12 0.000000e+00
261 292 5.205181e-03 3.284247e-03 0 3 1 2 3.757596e-12 0.000000e+00
261 293 5.205181e-03 4.134622e-03 0 3 1 2 5.784304e-12 0.000000e+00
261 294 5.205181e-03 5.205181e-03 0 3 1 2 7.487505e-12 0.000000e+00
261 295 5.205181e-03 6.552935e-03 0 3 1 2 6.376619e-12 0.000000e+00
261 296 5.205181e-03 8.249656e-03 0 3 1 2 4.740248e-12 0.000000e+00
262 286 6.552935e-03 8.249656e-04 0 3 1 2 1.713550e-13 0.000000e+00
262 287 6.552935e-03 1.038570e-03 0 3 1 2 2.713158e-13 0.000000e+00
262 288 6.552935e-03 1.307482e-03 0 3 1 2 4.293496e-13 0.000000e+00
262 289 6.552935e-03 1.646023e-03 0 3 1 2 6.788376e-13 0.000000e+00
262 290 6.552935e-03 2.072220e-03 0 3 1 2 1.071840e-12 0.000000e+00
262 291 6.552935e-03 2.608770e-03 0 3 1 2 1.688834e-12 0.000000e+00
262 292 6.552935e-03 3.284247e-03 0 3 1 2 2.652589e-12 0.000000e+00
262 293 6.552935e-03 4.134622e-03 0 3 1 2 4.145287e-12 0.000000e+00
262 294 6.552935e-03 5.205181e-03 0 3 1 2 6.376619e-12 0.000000e+00
262 295 6.552935e-03 6.552935e-03 0 3 1 2 8.339614e-12 0.000000e+00
262 296 6.552935e-03 8.249656e-03 0 3 1 2 7.230812e-12 0.000000e+00
263 286 8.249656e-03 8.249656e-04 0 3 1 2 1.265276e-13 0.000000e+00
263 287 8.249656e-03 1.038570e-03 0 3 1 2 2.003438e-13 0.000000e+00
263 288 8.249656e-03 1.307482e-03 0 3 1 2 3.170508e-13 0.000000e+00
263 289 8.249656e-03 1.646023e-03 0 3 1 2 5.013057e-13 0.000000e+00
263 290 8.249656e-03 2.072220e-03 0 3 1 2 7.915521e-13 0.000000e+00
263 291 8.249656e-03 2.608770e-03 0 3 1 2 1.247139e-12 0.000000e+00
263 292 8.249656e-03 3.284247e-03 0 3 1 2 1.958287e-12 0.000000e+00
263 293 8.249656e-03 4.134622e-03 0 3 1 2 3.058881e-12 0.000000e+00
263 294 8.249656e-03 5.205181e-03 0 3 1 2 4.740248e-12 0.000000e+00
263 295 8.249656e-03 6.552935e-03 0 3 1 2 7.230812e-12 0.000000e+00
263 296 8.249656e-03 8.249656e-03 0 3 1 2 9.496201e-12 0.000000e+00
