# Please cite the following papers in research using this covariance:
# arXiv: 1601.05779, https://arxiv.org/abs/1601.05779
# arXiv: 1911.11947, https://arxiv.org/abs/1911.11947
# arXiv: 2004.04833, https://arxiv.org/abs/2004.04833
# arXiv: 1804.10663, https://arxiv.org/abs/1804.10663
########################################################
264 407 8.249656e-04 8.249656e-04 1 0 4 1 4.680901e-14 0.000000e+00
264 408 8.249656e-04 1.038570e-03 1 0 4 1 4.743929e-14 0.000000e+00
264 409 8.249656e-04 1.307482e-03 1 0 4 1 4.068887e-14 0.000000e+00
264 410 8.249656e-04 1.646023e-03 1 0 4 1 3.161223e-14 0.000000e+00
264 411 8.249656e-04 2.072220e-03 1 0 4 1 2.310456e-14 0.000000e+00
264 412 8.249656e-04 2.608770e-03 1 0 4 1 1.628753e-14 0.000000e+00
264 413 8.249656e-04 3.284247e-03 1 0 4 1 1.130331e-14 0.000000e+00
264 414 8.249656e-04 4.134622e-03 1 0 4 1 7.860586e-15 0.000000e+00
264 415 8.249656e-04 5.205181e-03 1 0 4 1 5.552946e-15 0.000000e+00
264 416 8.249656e-04 6.552935e-03 1 0 4 1 4.012284e-15 0.000000e+00
264 417 8.249656e-04 8.249656e-03 1 0 4 1 2.962273e-15 0.000000e+00
265 407 1.038570e-03 8.249656e-04 1 0 4 1 4.743929e-14 0.000000e+00
265 408 1.038570e-03 1.038570e-03 1 0 4 1 5.875064e-14 0.000000e+00
265 409 1.038570e-03 1.307482e-03 1 0 4 1 5.789974e-14 0.000000e+00
265 410 1.038570e-03 1.646023e-03 1 0 4 1 4.777766e-14 0.000000e+00
265 411 1.038570e-03 2.072220e-03 1 0 4 1 3.585086e-14 0.000000e+00
265 412 1.038570e-03 2.608770e-03 1 0 4 1 2.556851e-14 0.000000e+00
265 413 1.038570e-03 3.284247e-03 1 0 4 1 1.783216e-14 0.000000e+00
265 414 1.038570e-03 4.134622e-03 1 0 4 1 1.242558e-14 0.000000e+00
265 415 1.038570e-03 5.205181e-03 1 0 4 1 8.784857e-15 0.000000e+00
265 416 1.038570e-03 6.552935e-03 1 0 4 1 6.350210e-15 0.000000e+00
265 417 1.038570e-03 8.249656e-03 1 0 4 1 4.689901e-15 0.000000e+00
266 407 1.307482e-03 8.249656e-04 1 0 4 1 4.068887e-14 0.000000e+00
266 408 1.307482e-03 1.038570e-03 1 0 4 1 5.789974e-14 0.000000e+00
266 409 1.307482e-03 1.307482e-03 1 0 4 1 7.151399e-14 0.000000e+00
266 410 1.307482e-03 1.646023e-03 1 0 4 1 6.856592e-14 0.000000e+00
266 411 1.307482e-03 2.072220e-03 1 0 4 1 5.457254e-14 0.000000e+00
266 412 1.307482e-03 2.608770e-03 1 0 4 1 3.983750e-14 0.000000e+00
266 413 1.307482e-03 3.284247e-03 1 0 4 1 2.804184e-14 0.000000e+00
266 414 1.307482e-03 4.134622e-03 1 0 4 1 1.960908e-14 0.000000e+00
266 415 1.307482e-03 5.205181e-03 1 0 4 1 1.388263e-14 0.000000e+00
266 416 1.307482e-03 6.552935e-03 1 0 4 1 1.004219e-14 0.000000e+00
266 417 1.307482e-03 8.249656e-03 1 0 4 1 7.420481e-15 0.000000e+00
267 407 1.646023e-03 8.249656e-04 1 0 4 1 3.161223e-14 0.000000e+00
267 408 1.646023e-03 1.038570e-03 1 0 4 1 4.777766e-14 0.000000e+00
267 409 1.646023e-03 1.307482e-03 1 0 4 1 6.856592e-14 0.000000e+00
267 410 1.646023e-03 1.646023e-03 1 0 4 1 8.470540e-14 0.000000e+00
267 411 1.646023e-03 2.072220e-03 1 0 4 1 7.913913e-14 0.000000e+00
267 412 1.646023e-03 2.608770e-03 1 0 4 1 6.107100e-14 0.000000e+00
267 413 1.646023e-03 3.284247e-03 1 0 4 1 4.382747e-14 0.000000e+00
267 414 1.646023e-03 4.134622e-03 1 0 4 1 3.085687e-14 0.000000e+00
267 415 1.646023e-03 5.205181e-03 1 0 4 1 2.189958e-14 0.000000e+00
267 416 1.646023e-03 6.552935e-03 1 0 4 1 1.585978e-14 0.000000e+00
267 417 1.646023e-03 8.249656e-03 1 0 4 1 1.172916e-14 0.000000e+00
268 407 2.072220e-03 8.249656e-04 1 0 4 1 2.310456e-14 0.000000e+00
268 408 2.072220e-03 1.038570e-03 1 0 4 1 3.585086e-14 0.000000e+00
268 409 2.072220e-03 1.307482e-03 1 0 4 1 5.457254e-14 0.000000e+00
268 410 2.072220e-03 1.646023e-03 1 0 4 1 7.913913e-14 0.000000e+00
268 411 2.072220e-03 2.072220e-03 1 0 4 1 9.809098e-14 0.000000e+00
268 412 2.072220e-03 2.608770e-03 1 0 4 1 8.958602e-14 0.000000e+00
268 413 2.072220e-03 3.284247e-03 1 0 4 1 6.758432e-14 0.000000e+00
268 414 2.072220e-03 4.134622e-03 1 0 4 1 4.829915e-14 0.000000e+00
268 415 2.072220e-03 5.205181e-03 1 0 4 1 3.444355e-14 0.000000e+00
268 416 2.072220e-03 6.552935e-03 1 0 4 1 2.499453e-14 0.000000e+00
268 417 2.072220e-03 8.249656e-03 1 0 4 1 1.851020e-14 0.000000e+00
269 407 2.608770e-03 8.249656e-04 1 0 4 1 1.628753e-14 0.000000e+00
269 408 2.608770e-03 1.038570e-03 1 0 4 1 2.556851e-14 0.000000e+00
269 409 2.608770e-03 1.307482e-03 1 0 4 1 3.983750e-14 0.000000e+00
269 410 2.608770e-03 1.646023e-03 1 0 4 1 6.107100e-14 0.000000e+00
269 411 2.608770e-03 2.072220e-03 1 0 4 1 8.958602e-14 0.000000e+00
269 412 2.608770e-03 2.608770e-03 1 0 4 1 1.117343e-13 0.000000e+00
269 413 2.608770e-03 3.284247e-03 1 0 4 1 1.002432e-13 0.000000e+00
269 414 2.608770e-03 4.134622e-03 1 0 4 1 7.474713e-14 0.000000e+00
269 415 2.608770e-03 5.205181e-03 1 0 4 1 5.389030e-14 0.000000e+00
269 416 2.608770e-03 6.552935e-03 1 0 4 1 3.925420e-14 0.000000e+00
269 417 2.608770e-03 8.249656e-03 1 0 4 1 2.913680e-14 0.000000e+00
270 407 3.284247e-03 8.249656e-04 1 0 4 1 1.130331e-14 0.000000e+00
270 408 3.284247e-03 1.038570e-03 1 0 4 1 1.783216e-14 0.000000e+00
270 409 3.284247e-03 1.307482e-03 1 0 4 1 2.804184e-14 0.000000e+00
270 410 3.284247e-03 1.646023e-03 1 0 4 1 4.382747e-14 0.000000e+00
270 411 3.284247e-03 2.072220e-03 1 0 4 1 6.758432e-14 0.000000e+00
270 412 3.284247e-03 2.608770e-03 1 0 4 1 1.002432e-13 0.000000e+00
270 413 3.284247e-03 3.284247e-03 1 0 4 1 1.260869e-13 0.000000e+00
270 414 3.284247e-03 4.134622e-03 1 0 4 1 1.118477e-13 0.000000e+00
270 415 3.284247e-03 5.205181e-03 1 0 4 1 8.344611e-14 0.000000e+00
270 416 3.284247e-03 6.552935e-03 1 0 4 1 6.129005e-14 0.000000e+00
270 417 3.284247e-03 8.249656e-03 1 0 4 1 4.567337e-14 0.000000e+00
271 407 4.134622e-03 8.249656e-04 1 0 4 1 7.860586e-15 0.000000e+00
271 408 4.134622e-03 1.038570e-03 1 0 4 1 1.242558e-14 0.000000e+00
271 409 4.134622e-03 1.307482e-03 1 0 4 1 1.960908e-14 0.000000e+00
271 410 4.134622e-03 1.646023e-03 1 0 4 1 3.085687e-14 0.000000e+00
271 411 4.134622e-03 2.072220e-03 1 0 4 1 4.829915e-14 0.000000e+00
271 412 4.134622e-03 2.608770e-03 1 0 4 1 7.474713e-14 0.000000e+00
271 413 4.134622e-03 3.284247e-03 1 0 4 1 1.118477e-13 0.000000e+00
271 414 4.134622e-03 4.134622e-03 1 0 4 1 1.420018e-13 0.000000e+00
271 415 4.134622e-03 5.205181e-03 1 0 4 1 1.254760e-13 0.000000e+00
271 416 4.134622e-03 6.552935e-03 1 0 4 1 9.467915e-14 0.000000e+00
271 417 4.134622e-03 8.249656e-03 1 0 4 1 7.110204e-14 0.000000e+00
272 407 5.205181e-03 8.249656e-04 1 0 4 1 5.552946e-15 0.000000e+00
272 408 5.205181e-03 1.038570e-03 1 0 4 1 8.784857e-15 0.000000e+00
272 409 5.205181e-03 1.307482e-03 1 0 4 1 1.388263e-14 0.000000e+00
272 410 5.205181e-03 1.646023e-03 1 0 4 1 2.189958e-14 0.000000e+00
272 411 5.205181e-03 2.072220e-03 1 0 4 1 3.444355e-14 0.000000e+00
272 412 5.205181e-03 2.608770e-03 1 0 4 1 5.389030e-14 0.000000e+00
272 413 5.205181e-03 3.284247e-03 1 0 4 1 8.344611e-14 0.000000e+00
272 414 5.205181e-03 4.134622e-03 1 0 4 1 1.254760e-13 0.000000e+00
272 415 5.205181e-03 5.205181e-03 1 0 4 1 1.606586e-13 0.000000e+00
272 416 5.205181e-03 6.552935e-03 1 0 4 1 1.423925e-13 0.000000e+00
272 417 5.205181e-03 8.249656e-03 1 0 4 1 1.093617e-13 0.000000e+00
273 407 6.552935e-03 8.249656e-04 1 0 4 1 4.012284e-15 0.000000e+00
273 408 6.552935e-03 1.038570e-03 1 0 4 1 6.350210e-15 0.000000e+00
273 409 6.552935e-03 1.307482e-03 1 0 4 1 1.004219e-14 0.000000e+00
273 410 6.552935e-03 1.646023e-03 1 0 4 1 1.585978e-14 0.000000e+00
273 411 6.552935e-03 2.072220e-03 1 0 4 1 2.499453e-14 0.000000e+00
273 412 6.552935e-03 2.608770e-03 1 0 4 1 3.925420e-14 0.000000e+00
273 413 6.552935e-03 3.284247e-03 1 0 4 1 6.129005e-14 0.000000e+00
273 414 6.552935e-03 4.134622e-03 1 0 4 1 9.467915e-14 0.000000e+00
273 415 6.552935e-03 5.205181e-03 1 0 4 1 1.423925e-13 0.000000e+00
273 416 6.552935e-03 6.552935e-03 1 0 4 1 1.833965e-13 0.000000e+00
273 417 6.552935e-03 8.249656e-03 1 0 4 1 1.638166e-13 0.000000e+00
274 407 8.249656e-03 8.249656e-04 1 0 4 1 2.962273e-15 0.000000e+00
274 408 8.249656e-03 1.038570e-03 1 0 4 1 4.689901e-15 0.000000e+00
274 409 8.249656e-03 1.307482e-03 1 0 4 1 7.420481e-15 0.000000e+00
274 410 8.249656e-03 1.646023e-03 1 0 4 1 1.172916e-14 0.000000e+00
274 411 8.249656e-03 2.072220e-03 1 0 4 1 1.851020e-14 0.000000e+00
274 412 8.249656e-03 2.608770e-03 1 0 4 1 2.913680e-14 0.000000e+00
274 413 8.249656e-03 3.284247e-03 1 0 4 1 4.567337e-14 0.000000e+00
274 414 8.249656e-03 4.134622e-03 1 0 4 1 7.110204e-14 0.000000e+00
274 415 8.249656e-03 5.205181e-03 1 0 4 1 1.093617e-13 0.000000e+00
274 416 8.249656e-03 6.552935e-03 1 0 4 1 1.638166e-13 0.000000e+00
274 417 8.249656e-03 8.249656e-03 1 0 4 1 2.114588e-13 0.000000e+00
