# Please cite the following papers in research using this covariance:
# arXiv: 1601.05779, https://arxiv.org/abs/1601.05779
# arXiv: 1911.11947, https://arxiv.org/abs/1911.11947
# arXiv: 2004.04833, https://arxiv.org/abs/2004.04833
# arXiv: 1804.10663, https://arxiv.org/abs/1804.10663
########################################################
407 407 8.249656e-04 8.249656e-04 4 1 4 1 2.737074e-09 0.000000e+00
407 408 8.249656e-04 1.038570e-03 4 1 4 1 6.309922e-11 0.000000e+00
407 409 8.249656e-04 1.307482e-03 4 1 4 1 2.680823e-11 0.000000e+00
407 410 8.249656e-04 1.646023e-03 4 1 4 1 1.285328e-11 0.000000e+00
407 411 8.249656e-04 2.072220e-03 4 1 4 1 6.768822e-12 0.000000e+00
407 412 8.249656e-04 2.608770e-03 4 1 4 1 3.803346e-12 0.000000e+00
407 413 8.249656e-04 3.284247e-03 4 1 4 1 2.225015e-12 0.000000e+00
407 414 8.249656e-04 4.134622e-03 4 1 4 1 1.329355e-12 0.000000e+00
407 415 8.249656e-04 5.205181e-03 4 1 4 1 7.986261e-13 0.000000e+00
407 416 8.249656e-04 6.552935e-03 4 1 4 1 4.773289e-13 0.000000e+00
407 417 8.249656e-04 8.249656e-03 4 1 4 1 2.812348e-13 0.000000e+00
408 407 1.038570e-03 8.249656e-04 4 1 4 1 6.309922e-11 0.000000e+00
408 408 1.038570e-03 1.038570e-03 4 1 4 1 1.761501e-09 0.000000e+00
408 409 1.038570e-03 1.307482e-03 4 1 4 1 5.204265e-11 0.000000e+00
408 410 1.038570e-03 1.646023e-03 4 1 4 1 2.217450e-11 0.000000e+00
408 411 1.038570e-03 2.072220e-03 4 1 4 1 1.109855e-11 0.000000e+00
408 412 1.038570e-03 2.608770e-03 4 1 4 1 6.107779e-12 0.000000e+00
408 413 1.038570e-03 3.284247e-03 4 1 4 1 3.544406e-12 0.000000e+00
408 414 1.038570e-03 4.134622e-03 4 1 4 1 2.110921e-12 0.000000e+00
408 415 1.038570e-03 5.205181e-03 4 1 4 1 1.267074e-12 0.000000e+00
408 416 1.038570e-03 6.552935e-03 4 1 4 1 7.569298e-13 0.000000e+00
408 417 1.038570e-03 8.249656e-03 4 1 4 1 4.460560e-13 0.000000e+00
409 407 1.307482e-03 8.249656e-04 4 1 4 1 2.680823e-11 0.000000e+00
409 408 1.307482e-03 1.038570e-03 4 1 4 1 5.204265e-11 0.000000e+00
409 409 1.307482e-03 1.307482e-03 4 1 4 1 1.137682e-09 0.000000e+00
409 410 1.307482e-03 1.646023e-03 4 1 4 1 4.314930e-11 0.000000e+00
409 411 1.307482e-03 2.072220e-03 4 1 4 1 1.888187e-11 0.000000e+00
409 412 1.307482e-03 2.608770e-03 4 1 4 1 9.925085e-12 0.000000e+00
409 413 1.307482e-03 3.284247e-03 4 1 4 1 5.668483e-12 0.000000e+00
409 414 1.307482e-03 4.134622e-03 4 1 4 1 3.357475e-12 0.000000e+00
409 415 1.307482e-03 5.205181e-03 4 1 4 1 2.011718e-12 0.000000e+00
409 416 1.307482e-03 6.552935e-03 4 1 4 1 1.200987e-12 0.000000e+00
409 417 1.307482e-03 8.249656e-03 4 1 4 1 7.075106e-13 0.000000e+00
410 407 1.646023e-03 8.249656e-04 4 1 4 1 1.285328e-11 0.000000e+00
410 408 1.646023e-03 1.038570e-03 4 1 4 1 2.217450e-11 0.000000e+00
410 409 1.646023e-03 1.307482e-03 4 1 4 1 4.314930e-11 0.000000e+00
410 410 1.646023e-03 1.646023e-03 4 1 4 1 7.395102e-10 0.000000e+00
410 411 1.646023e-03 2.072220e-03 4 1 4 1 3.628411e-11 0.000000e+00
410 412 1.646023e-03 2.608770e-03 4 1 4 1 1.661521e-11 0.000000e+00
410 413 1.646023e-03 3.284247e-03 4 1 4 1 9.141909e-12 0.000000e+00
410 414 1.646023e-03 4.134622e-03 4 1 4 1 5.354863e-12 0.000000e+00
410 415 1.646023e-03 5.205181e-03 4 1 4 1 3.197341e-12 0.000000e+00
410 416 1.646023e-03 6.552935e-03 4 1 4 1 1.906788e-12 0.000000e+00
410 417 1.646023e-03 8.249656e-03 4 1 4 1 1.122984e-12 0.000000e+00
411 407 2.072220e-03 8.249656e-04 4 1 4 1 6.768822e-12 0.000000e+00
411 408 2.072220e-03 1.038570e-03 4 1 4 1 1.109855e-11 0.000000e+00
411 409 2.072220e-03 1.307482e-03 4 1 4 1 1.888187e-11 0.000000e+00
411 410 2.072220e-03 1.646023e-03 4 1 4 1 3.628411e-11 0.000000e+00
411 411 2.072220e-03 2.072220e-03 4 1 4 1 4.844080e-10 0.000000e+00
411 412 2.072220e-03 2.608770e-03 4 1 4 1 3.116112e-11 0.000000e+00
411 413 2.072220e-03 3.284247e-03 4 1 4 1 1.507527e-11 0.000000e+00
411 414 2.072220e-03 4.134622e-03 4 1 4 1 8.590253e-12 0.000000e+00
411 415 2.072220e-03 5.205181e-03 4 1 4 1 5.092332e-12 0.000000e+00
411 416 2.072220e-03 6.552935e-03 4 1 4 1 3.030781e-12 0.000000e+00
411 417 2.072220e-03 8.249656e-03 4 1 4 1 1.783740e-12 0.000000e+00
412 407 2.608770e-03 8.249656e-04 4 1 4 1 3.803346e-12 0.000000e+00
412 408 2.608770e-03 1.038570e-03 4 1 4 1 6.107779e-12 0.000000e+00
412 409 2.608770e-03 1.307482e-03 4 1 4 1 9.925085e-12 0.000000e+00
412 410 2.608770e-03 1.646023e-03 4 1 4 1 1.661521e-11 0.000000e+00
412 411 2.608770e-03 2.072220e-03 4 1 4 1 3.116112e-11 0.000000e+00
412 412 2.608770e-03 2.608770e-03 4 1 4 1 3.206517e-10 0.000000e+00
412 413 2.608770e-03 3.284247e-03 4 1 4 1 2.742140e-11 0.000000e+00
412 414 2.608770e-03 4.134622e-03 4 1 4 1 1.399948e-11 0.000000e+00
412 415 2.608770e-03 5.205181e-03 4 1 4 1 8.144943e-12 0.000000e+00
412 416 2.608770e-03 6.552935e-03 4 1 4 1 4.826495e-12 0.000000e+00
412 417 2.608770e-03 8.249656e-03 4 1 4 1 2.837213e-12 0.000000e+00
413 407 3.284247e-03 8.249656e-04 4 1 4 1 2.225015e-12 0.000000e+00
413 408 3.284247e-03 1.038570e-03 4 1 4 1 3.544406e-12 0.000000e+00
413 409 3.284247e-03 1.307482e-03 4 1 4 1 5.668483e-12 0.000000e+00
413 410 3.284247e-03 1.646023e-03 4 1 4 1 9.141909e-12 0.000000e+00
413 411 3.284247e-03 2.072220e-03 4 1 4 1 1.507527e-11 0.000000e+00
413 412 3.284247e-03 2.608770e-03 4 1 4 1 2.742140e-11 0.000000e+00
413 413 3.284247e-03 3.284247e-03 4 1 4 1 2.154199e-10 0.000000e+00
413 414 3.284247e-03 4.134622e-03 4 1 4 1 2.469613e-11 0.000000e+00
413 415 3.284247e-03 5.205181e-03 4 1 4 1 1.317370e-11 0.000000e+00
413 416 3.284247e-03 6.552935e-03 4 1 4 1 7.714030e-12 0.000000e+00
413 417 3.284247e-03 8.249656e-03 4 1 4 1 4.522868e-12 0.000000e+00
414 407 4.134622e-03 8.249656e-04 4 1 4 1 1.329355e-12 0.000000e+00
414 408 4.134622e-03 1.038570e-03 4 1 4 1 2.110921e-12 0.000000e+00
414 409 4.134622e-03 1.307482e-03 4 1 4 1 3.357475e-12 0.000000e+00
414 410 4.134622e-03 1.646023e-03 4 1 4 1 5.354863e-12 0.000000e+00
414 411 4.134622e-03 2.072220e-03 4 1 4 1 8.590253e-12 0.000000e+00
414 412 4.134622e-03 2.608770e-03 4 1 4 1 1.399948e-11 0.000000e+00
414 413 4.134622e-03 3.284247e-03 4 1 4 1 2.469613e-11 0.000000e+00
414 414 4.134622e-03 4.134622e-03 4 1 4 1 1.478048e-10 0.000000e+00
414 415 4.134622e-03 5.205181e-03 4 1 4 1 2.264683e-11 0.000000e+00
414 416 4.134622e-03 6.552935e-03 4 1 4 1 1.243512e-11 0.000000e+00
414 417 4.134622e-03 8.249656e-03 4 1 4 1 7.237704e-12 0.000000e+00
415 407 5.205181e-03 8.249656e-04 4 1 4 1 7.986261e-13 0.000000e+00
415 408 5.205181e-03 1.038570e-03 4 1 4 1 1.267074e-12 0.000000e+00
415 409 5.205181e-03 1.307482e-03 4 1 4 1 2.011718e-12 0.000000e+00
415 410 5.205181e-03 1.646023e-03 4 1 4 1 3.197341e-12 0.000000e+00
415 411 5.205181e-03 2.072220e-03 4 1 4 1 5.092332e-12 0.000000e+00
415 412 5.205181e-03 2.608770e-03 4 1 4 1 8.144943e-12 0.000000e+00
415 413 5.205181e-03 3.284247e-03 4 1 4 1 1.317370e-11 0.000000e+00
415 414 5.205181e-03 4.134622e-03 4 1 4 1 2.264683e-11 0.000000e+00
415 415 5.205181e-03 5.205181e-03 4 1 4 1 1.040818e-10 0.000000e+00
415 416 5.205181e-03 6.552935e-03 4 1 4 1 2.098928e-11 0.000000e+00
415 417 5.205181e-03 8.249656e-03 4 1 4 1 1.167267e-11 0.000000e+00
416 407 6.552935e-03 8.249656e-04 4 1 4 1 4.773289e-13 0.000000e+00
416 408 6.552935e-03 1.038570e-03 4 1 4 1 7.569298e-13 0.000000e+00
416 409 6.552935e-03 1.307482e-03 4 1 4 1 1.200987e-12 0.000000e+00
416 410 6.552935e-03 1.646023e-03 4 1 4 1 1.906788e-12 0.000000e+00
416 411 6.552935e-03 2.072220e-03 4 1 4 1 3.030781e-12 0.000000e+00
416 412 6.552935e-03 2.608770e-03 4 1 4 1 4.826495e-12 0.000000e+00
416 413 6.552935e-03 3.284247e-03 4 1 4 1 7.714030e-12 0.000000e+00
416 414 6.552935e-03 4.134622e-03 4 1 4 1 1.243512e-11 0.000000e+00
416 415 6.552935e-03 5.205181e-03 4 1 4 1 2.098928e-11 0.000000e+00
416 416 6.552935e-03 6.552935e-03 4 1 4 1 7.558206e-11 0.000000e+00
416 417 6.552935e-03 8.249656e-03 4 1 4 1 1.950602e-11 0.000000e+00
417 407 8.249656e-03 8.249656e-04 4 1 4 1 2.812348e-13 0.000000e+00
417 408 8.249656e-03 1.038570e-03 4 1 4 1 4.460560e-13 0.000000e+00
417 409 8.249656e-03 1.307482e-03 4 1 4 1 7.075106e-13 0.000000e+00
417 410 8.249656e-03 1.646023e-03 4 1 4 1 1.122984e-12 0.000000e+00
417 411 8.249656e-03 2.072220e-03 4 1 4 1 1.783740e-12 0.000000e+00
417 412 8.249656e-03 2.608770e-03 4 1 4 1 2.837213e-12 0.000000e+00
417 413 8.249656e-03 3.284247e-03 4 1 4 1 4.522868e-12 0.000000e+00
417 414 8.249656e-03 4.134622e-03 4 1 4 1 7.237704e-12 0.000000e+00
417 415 8.249656e-03 5.205181e-03 4 1 4 1 1.167267e-11 0.000000e+00
417 416 8.249656e-03 6.552935e-03 4 1 4 1 1.950602e-11 0.000000e+00
417 417 8.249656e-03 8.249656e-03 4 1 4 1 5.678243e-11 0.000000e+00
