# Please cite the following papers in research using this covariance:
# arXiv: 1601.05779, https://arxiv.org/abs/1601.05779
# arXiv: 1911.11947, https://arxiv.org/abs/1911.11947
# arXiv: 2004.04833, https://arxiv.org/abs/2004.04833
# arXiv: 1804.10663, https://arxiv.org/abs/1804.10663
########################################################
220 308 8.249656e-04 8.249656e-04 0 0 2 0 8.171451e-12 0.000000e+00
220 309 8.249656e-04 1.038570e-03 0 0 2 0 5.755938e-12 0.000000e+00
220 310 8.249656e-04 1.307482e-03 0 0 2 0 3.138915e-12 0.000000e+00
220 311 8.249656e-04 1.646023e-03 0 0 2 0 1.616628e-12 0.000000e+00
220 312 8.249656e-04 2.072220e-03 0 0 2 0 7.994409e-13 0.000000e+00
220 313 8.249656e-04 2.608770e-03 0 0 2 0 3.852579e-13 0.000000e+00
220 314 8.249656e-04 3.284247e-03 0 0 2 0 1.849298e-13 0.000000e+00
220 315 8.249656e-04 4.134622e-03 0 0 2 0 9.080355e-14 0.000000e+00
220 316 8.249656e-04 5.205181e-03 0 0 2 0 4.664149e-14 0.000000e+00
220 317 8.249656e-04 6.552935e-03 0 0 2 0 2.540400e-14 0.000000e+00
220 318 8.249656e-04 8.249656e-03 0 0 2 0 1.465830e-14 0.000000e+00
221 308 1.038570e-03 8.249656e-04 0 0 2 0 5.755938e-12 0.000000e+00
221 309 1.038570e-03 1.038570e-03 0 0 2 0 7.714320e-12 0.000000e+00
221 310 1.038570e-03 1.307482e-03 0 0 2 0 5.228359e-12 0.000000e+00
221 311 1.038570e-03 1.646023e-03 0 0 2 0 2.696668e-12 0.000000e+00
221 312 1.038570e-03 2.072220e-03 0 0 2 0 1.321550e-12 0.000000e+00
221 313 1.038570e-03 2.608770e-03 0 0 2 0 6.299579e-13 0.000000e+00
221 314 1.038570e-03 3.284247e-03 0 0 2 0 2.992362e-13 0.000000e+00
221 315 1.038570e-03 4.134622e-03 0 0 2 0 1.456567e-13 0.000000e+00
221 316 1.038570e-03 5.205181e-03 0 0 2 0 7.438407e-14 0.000000e+00
221 317 1.038570e-03 6.552935e-03 0 0 2 0 4.036888e-14 0.000000e+00
221 318 1.038570e-03 8.249656e-03 0 0 2 0 2.326191e-14 0.000000e+00
222 308 1.307482e-03 8.249656e-04 0 0 2 0 3.138915e-12 0.000000e+00
222 309 1.307482e-03 1.038570e-03 0 0 2 0 5.228359e-12 0.000000e+00
222 310 1.307482e-03 1.307482e-03 0 0 2 0 7.121421e-12 0.000000e+00
222 311 1.307482e-03 1.646023e-03 0 0 2 0 4.619877e-12 0.000000e+00
222 312 1.307482e-03 2.072220e-03 0 0 2 0 2.243987e-12 0.000000e+00
222 313 1.307482e-03 2.608770e-03 0 0 2 0 1.051186e-12 0.000000e+00
222 314 1.307482e-03 3.284247e-03 0 0 2 0 4.907624e-13 0.000000e+00
222 315 1.307482e-03 4.134622e-03 0 0 2 0 2.355040e-13 0.000000e+00
222 316 1.307482e-03 5.205181e-03 0 0 2 0 1.191142e-13 0.000000e+00
222 317 1.307482e-03 6.552935e-03 0 0 2 0 6.427661e-14 0.000000e+00
222 318 1.307482e-03 8.249656e-03 0 0 2 0 3.692729e-14 0.000000e+00
223 308 1.646023e-03 8.249656e-04 0 0 2 0 1.616628e-12 0.000000e+00
223 309 1.646023e-03 1.038570e-03 0 0 2 0 2.696668e-12 0.000000e+00
223 310 1.646023e-03 1.307482e-03 0 0 2 0 4.619877e-12 0.000000e+00
223 311 1.646023e-03 1.646023e-03 0 0 2 0 6.429656e-12 0.000000e+00
223 312 1.646023e-03 2.072220e-03 0 0 2 0 3.974112e-12 0.000000e+00
223 313 1.646023e-03 2.608770e-03 0 0 2 0 1.816942e-12 0.000000e+00
223 314 1.646023e-03 3.284247e-03 0 0 2 0 8.240544e-13 0.000000e+00
223 315 1.646023e-03 4.134622e-03 0 0 2 0 3.859939e-13 0.000000e+00
223 316 1.646023e-03 5.205181e-03 0 0 2 0 1.920271e-13 0.000000e+00
223 317 1.646023e-03 6.552935e-03 0 0 2 0 1.026427e-13 0.000000e+00
223 318 1.646023e-03 8.249656e-03 0 0 2 0 5.870169e-14 0.000000e+00
224 308 2.072220e-03 8.249656e-04 0 0 2 0 7.994409e-13 0.000000e+00
224 309 2.072220e-03 1.038570e-03 0 0 2 0 1.321550e-12 0.000000e+00
224 310 2.072220e-03 1.307482e-03 0 0 2 0 2.243987e-12 0.000000e+00
224 311 2.072220e-03 1.646023e-03 0 0 2 0 3.974112e-12 0.000000e+00
224 312 2.072220e-03 2.072220e-03 0 0 2 0 5.684556e-12 0.000000e+00
224 313 2.072220e-03 2.608770e-03 0 0 2 0 3.337696e-12 0.000000e+00
224 314 2.072220e-03 3.284247e-03 0 0 2 0 1.444821e-12 0.000000e+00
224 315 2.072220e-03 4.134622e-03 0 0 2 0 6.485740e-13 0.000000e+00
224 316 2.072220e-03 5.205181e-03 0 0 2 0 3.133679e-13 0.000000e+00
224 317 2.072220e-03 6.552935e-03 0 0 2 0 1.647646e-13 0.000000e+00
224 318 2.072220e-03 8.249656e-03 0 0 2 0 9.347602e-14 0.000000e+00
225 308 2.608770e-03 8.249656e-04 0 0 2 0 3.852579e-13 0.000000e+00
225 309 2.608770e-03 1.038570e-03 0 0 2 0 6.299579e-13 0.000000e+00
225 310 2.608770e-03 1.307482e-03 0 0 2 0 1.051186e-12 0.000000e+00
225 311 2.608770e-03 1.646023e-03 0 0 2 0 1.816942e-12 0.000000e+00
225 312 2.608770e-03 2.072220e-03 0 0 2 0 3.337696e-12 0.000000e+00
225 313 2.608770e-03 2.608770e-03 0 0 2 0 4.934060e-12 0.000000e+00
225 314 2.608770e-03 3.284247e-03 0 0 2 0 2.751413e-12 0.000000e+00
225 315 2.608770e-03 4.134622e-03 0 0 2 0 1.144479e-12 0.000000e+00
225 316 2.608770e-03 5.205181e-03 0 0 2 0 5.234907e-13 0.000000e+00
225 317 2.608770e-03 6.552935e-03 0 0 2 0 2.670237e-13 0.000000e+00
225 318 2.608770e-03 8.249656e-03 0 0 2 0 1.493730e-13 0.000000e+00
226 308 3.284247e-03 8.249656e-04 0 0 2 0 1.849298e-13 0.000000e+00
226 309 3.284247e-03 1.038570e-03 0 0 2 0 2.992362e-13 0.000000e+00
226 310 3.284247e-03 1.307482e-03 0 0 2 0 4.907624e-13 0.000000e+00
226 311 3.284247e-03 1.646023e-03 0 0 2 0 8.240544e-13 0.000000e+00
226 312 3.284247e-03 2.072220e-03 0 0 2 0 1.444821e-12 0.000000e+00
226 313 3.284247e-03 2.608770e-03 0 0 2 0 2.751413e-12 0.000000e+00
226 314 3.284247e-03 3.284247e-03 0 0 2 0 4.220201e-12 0.000000e+00
226 315 3.284247e-03 4.134622e-03 0 0 2 0 2.244091e-12 0.000000e+00
226 316 3.284247e-03 5.205181e-03 0 0 2 0 9.195165e-13 0.000000e+00
226 317 3.284247e-03 6.552935e-03 0 0 2 0 4.412369e-13 0.000000e+00
226 318 3.284247e-03 8.249656e-03 0 0 2 0 2.402612e-13 0.000000e+00
227 308 4.134622e-03 8.249656e-04 0 0 2 0 9.080355e-14 0.000000e+00
227 309 4.134622e-03 1.038570e-03 0 0 2 0 1.456567e-13 0.000000e+00
227 310 4.134622e-03 1.307482e-03 0 0 2 0 2.355040e-13 0.000000e+00
227 311 4.134622e-03 1.646023e-03 0 0 2 0 3.859939e-13 0.000000e+00
227 312 4.134622e-03 2.072220e-03 0 0 2 0 6.485740e-13 0.000000e+00
227 313 4.134622e-03 2.608770e-03 0 0 2 0 1.144479e-12 0.000000e+00
227 314 4.134622e-03 3.284247e-03 0 0 2 0 2.244091e-12 0.000000e+00
227 315 4.134622e-03 4.134622e-03 0 0 2 0 3.574319e-12 0.000000e+00
227 316 4.134622e-03 5.205181e-03 0 0 2 0 1.830329e-12 0.000000e+00
227 317 4.134622e-03 6.552935e-03 0 0 2 0 7.631939e-13 0.000000e+00
227 318 4.134622e-03 8.249656e-03 0 0 2 0 3.919158e-13 0.000000e+00
228 308 5.205181e-03 8.249656e-04 0 0 2 0 4.664149e-14 0.000000e+00
228 309 5.205181e-03 1.038570e-03 0 0 2 0 7.438407e-14 0.000000e+00
228 310 5.205181e-03 1.307482e-03 0 0 2 0 1.191142e-13 0.000000e+00
228 311 5.205181e-03 1.646023e-03 0 0 2 0 1.920271e-13 0.000000e+00
228 312 5.205181e-03 2.072220e-03 0 0 2 0 3.133679e-13 0.000000e+00
228 313 5.205181e-03 2.608770e-03 0 0 2 0 5.234907e-13 0.000000e+00
228 314 5.205181e-03 3.284247e-03 0 0 2 0 9.195165e-13 0.000000e+00
228 315 5.205181e-03 4.134622e-03 0 0 2 0 1.830329e-12 0.000000e+00
228 316 5.205181e-03 5.205181e-03 0 0 2 0 3.015470e-12 0.000000e+00
228 317 5.205181e-03 6.552935e-03 0 0 2 0 1.511789e-12 0.000000e+00
228 318 5.205181e-03 8.249656e-03 0 0 2 0 6.630553e-13 0.000000e+00
229 308 6.552935e-03 8.249656e-04 0 0 2 0 2.540400e-14 0.000000e+00
229 309 6.552935e-03 1.038570e-03 0 0 2 0 4.036888e-14 0.000000e+00
229 310 6.552935e-03 1.307482e-03 0 0 2 0 6.427661e-14 0.000000e+00
229 311 6.552935e-03 1.646023e-03 0 0 2 0 1.026427e-13 0.000000e+00
229 312 6.552935e-03 2.072220e-03 0 0 2 0 1.647646e-13 0.000000e+00
229 313 6.552935e-03 2.608770e-03 0 0 2 0 2.670237e-13 0.000000e+00
229 314 6.552935e-03 3.284247e-03 0 0 2 0 4.412369e-13 0.000000e+00
229 315 6.552935e-03 4.134622e-03 0 0 2 0 7.631939e-13 0.000000e+00
229 316 6.552935e-03 5.205181e-03 0 0 2 0 1.511789e-12 0.000000e+00
229 317 6.552935e-03 6.552935e-03 0 0 2 0 2.551417e-12 0.000000e+00
229 318 6.552935e-03 8.249656e-03 0 0 2 0 1.280459e-12 0.000000e+00
230 308 8.249656e-03 8.249656e-04 0 0 2 0 1.465830e-14 0.000000e+00
230 309 8.249656e-03 1.038570e-03 0 0 2 0 2.326191e-14 0.000000e+00
230 310 8.249656e-03 1.307482e-03 0 0 2 0 3.692729e-14 0.000000e+00
230 311 8.249656e-03 1.646023e-03 0 0 2 0 5.870169e-14 0.000000e+00
230 312 8.249656e-03 2.072220e-03 0 0 2 0 9.347602e-14 0.000000e+00
230 313 8.249656e-03 2.608770e-03 0 0 2 0 1.493730e-13 0.000000e+00
230 314 8.249656e-03 3.284247e-03 0 0 2 0 2.402612e-13 0.000000e+00
230 315 8.249656e-03 4.134622e-03 0 0 2 0 3.919158e-13 0.000000e+00
230 316 8.249656e-03 5.205181e-03 0 0 2 0 6.630553e-13 0.000000e+00
230 317 8.249656e-03 6.552935e-03 0 0 2 0 1.280459e-12 0.000000e+00
230 318 8.249656e-03 8.249656e-03 0 0 2 0 2.180802e-12 0.000000e+00
