# Please cite the following papers in research using this covariance:
# arXiv: 1601.05779, https://arxiv.org/abs/1601.05779
# arXiv: 1911.11947, https://arxiv.org/abs/1911.11947
# arXiv: 2004.04833, https://arxiv.org/abs/2004.04833
# arXiv: 1804.10663, https://arxiv.org/abs/1804.10663
########################################################
253 396 8.249656e-04 8.249656e-04 0 3 4 0 2.036414e-13 0.000000e+00
253 397 8.249656e-04 1.038570e-03 0 3 4 0 2.052073e-13 0.000000e+00
253 398 8.249656e-04 1.307482e-03 0 3 4 0 1.749303e-13 0.000000e+00
253 399 8.249656e-04 1.646023e-03 0 3 4 0 1.356469e-13 0.000000e+00
253 400 8.249656e-04 2.072220e-03 0 3 4 0 9.946304e-14 0.000000e+00
253 401 8.249656e-04 2.608770e-03 0 3 4 0 7.068031e-14 0.000000e+00
253 402 8.249656e-04 3.284247e-03 0 3 4 0 4.960855e-14 0.000000e+00
253 403 8.249656e-04 4.134622e-03 0 3 4 0 3.489923e-14 0.000000e+00
253 404 8.249656e-04 5.205181e-03 0 3 4 0 2.484276e-14 0.000000e+00
253 405 8.249656e-04 6.552935e-03 0 3 4 0 1.796696e-14 0.000000e+00
253 406 8.249656e-04 8.249656e-03 0 3 4 0 1.319010e-14 0.000000e+00
254 396 1.038570e-03 8.249656e-04 0 3 4 0 2.052073e-13 0.000000e+00
254 397 1.038570e-03 1.038570e-03 0 3 4 0 2.542874e-13 0.000000e+00
254 398 1.038570e-03 1.307482e-03 0 3 4 0 2.495470e-13 0.000000e+00
254 399 1.038570e-03 1.646023e-03 0 3 4 0 2.052673e-13 0.000000e+00
254 400 1.038570e-03 2.072220e-03 0 3 4 0 1.543635e-13 0.000000e+00
254 401 1.038570e-03 2.608770e-03 0 3 4 0 1.109178e-13 0.000000e+00
254 402 1.038570e-03 3.284247e-03 0 3 4 0 7.822369e-14 0.000000e+00
254 403 1.038570e-03 4.134622e-03 0 3 4 0 5.514300e-14 0.000000e+00
254 404 1.038570e-03 5.205181e-03 0 3 4 0 3.929210e-14 0.000000e+00
254 405 1.038570e-03 6.552935e-03 0 3 4 0 2.843381e-14 0.000000e+00
254 406 1.038570e-03 8.249656e-03 0 3 4 0 2.088283e-14 0.000000e+00
255 396 1.307482e-03 8.249656e-04 0 3 4 0 1.749303e-13 0.000000e+00
255 397 1.307482e-03 1.038570e-03 0 3 4 0 2.495470e-13 0.000000e+00
255 398 1.307482e-03 1.307482e-03 0 3 4 0 3.086957e-13 0.000000e+00
255 399 1.307482e-03 1.646023e-03 0 3 4 0 2.952806e-13 0.000000e+00
255 400 1.307482e-03 2.072220e-03 0 3 4 0 2.351165e-13 0.000000e+00
255 401 1.307482e-03 2.608770e-03 0 3 4 0 1.727444e-13 0.000000e+00
255 402 1.307482e-03 3.284247e-03 0 3 4 0 1.229166e-13 0.000000e+00
255 403 1.307482e-03 4.134622e-03 0 3 4 0 8.696317e-14 0.000000e+00
255 404 1.307482e-03 5.205181e-03 0 3 4 0 6.206855e-14 0.000000e+00
255 405 1.307482e-03 6.552935e-03 0 3 4 0 4.495899e-14 0.000000e+00
255 406 1.307482e-03 8.249656e-03 0 3 4 0 3.304164e-14 0.000000e+00
256 396 1.646023e-03 8.249656e-04 0 3 4 0 1.356469e-13 0.000000e+00
256 397 1.646023e-03 1.038570e-03 0 3 4 0 2.052673e-13 0.000000e+00
256 398 1.646023e-03 1.307482e-03 0 3 4 0 2.952806e-13 0.000000e+00
256 399 1.646023e-03 1.646023e-03 0 3 4 0 3.656078e-13 0.000000e+00
256 400 1.646023e-03 2.072220e-03 0 3 4 0 3.415593e-13 0.000000e+00
256 401 1.646023e-03 2.608770e-03 0 3 4 0 2.647321e-13 0.000000e+00
256 402 1.646023e-03 3.284247e-03 0 3 4 0 1.918964e-13 0.000000e+00
256 403 1.646023e-03 4.134622e-03 0 3 4 0 1.366992e-13 0.000000e+00
256 404 1.646023e-03 5.205181e-03 0 3 4 0 9.784933e-14 0.000000e+00
256 405 1.646023e-03 6.552935e-03 0 3 4 0 7.098847e-14 0.000000e+00
256 406 1.646023e-03 8.249656e-03 0 3 4 0 5.222767e-14 0.000000e+00
257 396 2.072220e-03 8.249656e-04 0 3 4 0 9.946304e-14 0.000000e+00
257 397 2.072220e-03 1.038570e-03 0 3 4 0 1.543635e-13 0.000000e+00
257 398 2.072220e-03 1.307482e-03 0 3 4 0 2.351165e-13 0.000000e+00
257 399 2.072220e-03 1.646023e-03 0 3 4 0 3.415593e-13 0.000000e+00
257 400 2.072220e-03 2.072220e-03 0 3 4 0 4.244563e-13 0.000000e+00
257 401 2.072220e-03 2.608770e-03 0 3 4 0 3.885755e-13 0.000000e+00
257 402 2.072220e-03 3.284247e-03 0 3 4 0 2.954881e-13 0.000000e+00
257 403 2.072220e-03 4.134622e-03 0 3 4 0 2.136171e-13 0.000000e+00
257 404 2.072220e-03 5.205181e-03 0 3 4 0 1.537357e-13 0.000000e+00
257 405 2.072220e-03 6.552935e-03 0 3 4 0 1.118330e-13 0.000000e+00
257 406 2.072220e-03 8.249656e-03 0 3 4 0 8.242265e-14 0.000000e+00
258 396 2.608770e-03 8.249656e-04 0 3 4 0 7.068031e-14 0.000000e+00
258 397 2.608770e-03 1.038570e-03 0 3 4 0 1.109178e-13 0.000000e+00
258 398 2.608770e-03 1.307482e-03 0 3 4 0 1.727444e-13 0.000000e+00
258 399 2.608770e-03 1.646023e-03 0 3 4 0 2.647321e-13 0.000000e+00
258 400 2.608770e-03 2.072220e-03 0 3 4 0 3.885755e-13 0.000000e+00
258 401 2.608770e-03 2.608770e-03 0 3 4 0 4.857977e-13 0.000000e+00
258 402 2.608770e-03 3.284247e-03 0 3 4 0 4.378315e-13 0.000000e+00
258 403 2.608770e-03 4.134622e-03 0 3 4 0 3.297904e-13 0.000000e+00
258 404 2.608770e-03 5.205181e-03 0 3 4 0 2.401198e-13 0.000000e+00
258 405 2.608770e-03 6.552935e-03 0 3 4 0 1.755179e-13 0.000000e+00
258 406 2.608770e-03 8.249656e-03 0 3 4 0 1.297384e-13 0.000000e+00
259 396 3.284247e-03 8.249656e-04 0 3 4 0 4.960855e-14 0.000000e+00
259 397 3.284247e-03 1.038570e-03 0 3 4 0 7.822369e-14 0.000000e+00
259 398 3.284247e-03 1.307482e-03 0 3 4 0 1.229166e-13 0.000000e+00
259 399 3.284247e-03 1.646023e-03 0 3 4 0 1.918964e-13 0.000000e+00
259 400 3.284247e-03 2.072220e-03 0 3 4 0 2.954881e-13 0.000000e+00
259 401 3.284247e-03 2.608770e-03 0 3 4 0 4.378315e-13 0.000000e+00
259 402 3.284247e-03 3.284247e-03 0 3 4 0 5.515187e-13 0.000000e+00
259 403 3.284247e-03 4.134622e-03 0 3 4 0 4.921337e-13 0.000000e+00
259 404 3.284247e-03 5.205181e-03 0 3 4 0 3.707714e-13 0.000000e+00
259 405 3.284247e-03 6.552935e-03 0 3 4 0 2.737129e-13 0.000000e+00
259 406 3.284247e-03 8.249656e-03 0 3 4 0 2.033499e-13 0.000000e+00
260 396 4.134622e-03 8.249656e-04 0 3 4 0 3.489923e-14 0.000000e+00
260 397 4.134622e-03 1.038570e-03 0 3 4 0 5.514300e-14 0.000000e+00
260 398 4.134622e-03 1.307482e-03 0 3 4 0 8.696317e-14 0.000000e+00
260 399 4.134622e-03 1.646023e-03 0 3 4 0 1.366992e-13 0.000000e+00
260 400 4.134622e-03 2.072220e-03 0 3 4 0 2.136171e-13 0.000000e+00
260 401 4.134622e-03 2.608770e-03 0 3 4 0 3.297904e-13 0.000000e+00
260 402 4.134622e-03 3.284247e-03 0 3 4 0 4.921337e-13 0.000000e+00
260 403 4.134622e-03 4.134622e-03 0 3 4 0 6.248039e-13 0.000000e+00
260 404 4.134622e-03 5.205181e-03 0 3 4 0 5.553432e-13 0.000000e+00
260 405 4.134622e-03 6.552935e-03 0 3 4 0 4.218524e-13 0.000000e+00
260 406 4.134622e-03 8.249656e-03 0 3 4 0 3.164501e-13 0.000000e+00
261 396 5.205181e-03 8.249656e-04 0 3 4 0 2.484276e-14 0.000000e+00
261 397 5.205181e-03 1.038570e-03 0 3 4 0 3.929210e-14 0.000000e+00
261 398 5.205181e-03 1.307482e-03 0 3 4 0 6.206855e-14 0.000000e+00
261 399 5.205181e-03 1.646023e-03 0 3 4 0 9.784933e-14 0.000000e+00
261 400 5.205181e-03 2.072220e-03 0 3 4 0 1.537357e-13 0.000000e+00
261 401 5.205181e-03 2.608770e-03 0 3 4 0 2.401198e-13 0.000000e+00
261 402 5.205181e-03 3.284247e-03 0 3 4 0 3.707714e-13 0.000000e+00
261 403 5.205181e-03 4.134622e-03 0 3 4 0 5.553432e-13 0.000000e+00
261 404 5.205181e-03 5.205181e-03 0 3 4 0 7.098825e-13 0.000000e+00
261 405 5.205181e-03 6.552935e-03 0 3 4 0 6.319084e-13 0.000000e+00
261 406 5.205181e-03 8.249656e-03 0 3 4 0 4.861883e-13 0.000000e+00
262 396 6.552935e-03 8.249656e-04 0 3 4 0 1.796696e-14 0.000000e+00
262 397 6.552935e-03 1.038570e-03 0 3 4 0 2.843381e-14 0.000000e+00
262 398 6.552935e-03 1.307482e-03 0 3 4 0 4.495899e-14 0.000000e+00
262 399 6.552935e-03 1.646023e-03 0 3 4 0 7.098847e-14 0.000000e+00
262 400 6.552935e-03 2.072220e-03 0 3 4 0 1.118330e-13 0.000000e+00
262 401 6.552935e-03 2.608770e-03 0 3 4 0 1.755179e-13 0.000000e+00
262 402 6.552935e-03 3.284247e-03 0 3 4 0 2.737129e-13 0.000000e+00
262 403 6.552935e-03 4.134622e-03 0 3 4 0 4.218524e-13 0.000000e+00
262 404 6.552935e-03 5.205181e-03 0 3 4 0 6.319084e-13 0.000000e+00
262 405 6.552935e-03 6.552935e-03 0 3 4 0 8.115299e-13 0.000000e+00
262 406 6.552935e-03 8.249656e-03 0 3 4 0 7.261362e-13 0.000000e+00
263 396 8.249656e-03 8.249656e-04 0 3 4 0 1.319010e-14 0.000000e+00
263 397 8.249656e-03 1.038570e-03 0 3 4 0 2.088283e-14 0.000000e+00
263 398 8.249656e-03 1.307482e-03 0 3 4 0 3.304164e-14 0.000000e+00
263 399 8.249656e-03 1.646023e-03 0 3 4 0 5.222767e-14 0.000000e+00
263 400 8.249656e-03 2.072220e-03 0 3 4 0 8.242265e-14 0.000000e+00
263 401 8.249656e-03 2.608770e-03 0 3 4 0 1.297384e-13 0.000000e+00
263 402 8.249656e-03 3.284247e-03 0 3 4 0 2.033499e-13 0.000000e+00
263 403 8.249656e-03 4.134622e-03 0 3 4 0 3.164501e-13 0.000000e+00
263 404 8.249656e-03 5.205181e-03 0 3 4 0 4.861883e-13 0.000000e+00
263 405 8.249656e-03 6.552935e-03 0 3 4 0 7.261362e-13 0.000000e+00
263 406 8.249656e-03 8.249656e-03 0 3 4 0 9.342117e-13 0.000000e+00
