# Please cite the following papers in research using this covariance:
# arXiv: 1601.05779, https://arxiv.org/abs/1601.05779
# arXiv: 1911.11947, https://arxiv.org/abs/1911.11947
# arXiv: 2004.04833, https://arxiv.org/abs/2004.04833
# arXiv: 1804.10663, https://arxiv.org/abs/1804.10663
########################################################
275 396 8.249656e-04 8.249656e-04 1 1 4 0 3.225830e-14 0.000000e+00
275 397 8.249656e-04 1.038570e-03 1 1 4 0 3.336583e-14 0.000000e+00
275 398 8.249656e-04 1.307482e-03 1 1 4 0 2.935764e-14 0.000000e+00
275 399 8.249656e-04 1.646023e-03 1 1 4 0 2.322885e-14 0.000000e+00
275 400 8.249656e-04 2.072220e-03 1 1 4 0 1.710194e-14 0.000000e+00
275 401 8.249656e-04 2.608770e-03 1 1 4 0 1.200782e-14 0.000000e+00
275 402 8.249656e-04 3.284247e-03 1 1 4 0 8.217839e-15 0.000000e+00
275 403 8.249656e-04 4.134622e-03 1 1 4 0 5.595993e-15 0.000000e+00
275 404 8.249656e-04 5.205181e-03 1 1 4 0 3.859326e-15 0.000000e+00
275 405 8.249656e-04 6.552935e-03 1 1 4 0 2.725881e-15 0.000000e+00
275 406 8.249656e-04 8.249656e-03 1 1 4 0 1.977011e-15 0.000000e+00
276 396 1.038570e-03 8.249656e-04 1 1 4 0 3.336583e-14 0.000000e+00
276 397 1.038570e-03 1.038570e-03 1 1 4 0 4.136234e-14 0.000000e+00
276 398 1.038570e-03 1.307482e-03 1 1 4 0 4.149782e-14 0.000000e+00
276 399 1.038570e-03 1.646023e-03 1 1 4 0 3.494501e-14 0.000000e+00
276 400 1.038570e-03 2.072220e-03 1 1 4 0 2.648407e-14 0.000000e+00
276 401 1.038570e-03 2.608770e-03 1 1 4 0 1.884345e-14 0.000000e+00
276 402 1.038570e-03 3.284247e-03 1 1 4 0 1.296928e-14 0.000000e+00
276 403 1.038570e-03 4.134622e-03 1 1 4 0 8.850559e-15 0.000000e+00
276 404 1.038570e-03 5.205181e-03 1 1 4 0 6.108185e-15 0.000000e+00
276 405 1.038570e-03 6.552935e-03 1 1 4 0 4.315455e-15 0.000000e+00
276 406 1.038570e-03 8.249656e-03 1 1 4 0 3.130506e-15 0.000000e+00
277 396 1.307482e-03 8.249656e-04 1 1 4 0 2.935764e-14 0.000000e+00
277 397 1.307482e-03 1.038570e-03 1 1 4 0 4.149782e-14 0.000000e+00
277 398 1.307482e-03 1.307482e-03 1 1 4 0 5.117443e-14 0.000000e+00
277 399 1.307482e-03 1.646023e-03 1 1 4 0 4.978268e-14 0.000000e+00
277 400 1.307482e-03 2.072220e-03 1 1 4 0 4.016239e-14 0.000000e+00
277 401 1.307482e-03 2.608770e-03 1 1 4 0 2.933418e-14 0.000000e+00
277 402 1.307482e-03 3.284247e-03 1 1 4 0 2.040474e-14 0.000000e+00
277 403 1.307482e-03 4.134622e-03 1 1 4 0 1.397881e-14 0.000000e+00
277 404 1.307482e-03 5.205181e-03 1 1 4 0 9.659406e-15 0.000000e+00
277 405 1.307482e-03 6.552935e-03 1 1 4 0 6.827526e-15 0.000000e+00
277 406 1.307482e-03 8.249656e-03 1 1 4 0 4.954383e-15 0.000000e+00
278 396 1.646023e-03 8.249656e-04 1 1 4 0 2.322885e-14 0.000000e+00
278 397 1.646023e-03 1.038570e-03 1 1 4 0 3.494501e-14 0.000000e+00
278 398 1.646023e-03 1.307482e-03 1 1 4 0 4.978268e-14 0.000000e+00
278 399 1.646023e-03 1.646023e-03 1 1 4 0 6.126378e-14 0.000000e+00
278 400 1.646023e-03 2.072220e-03 1 1 4 0 5.783378e-14 0.000000e+00
278 401 1.646023e-03 2.608770e-03 1 1 4 0 4.487039e-14 0.000000e+00
278 402 1.646023e-03 3.284247e-03 1 1 4 0 3.190705e-14 0.000000e+00
278 403 1.646023e-03 4.134622e-03 1 1 4 0 2.202467e-14 0.000000e+00
278 404 1.646023e-03 5.205181e-03 1 1 4 0 1.525431e-14 0.000000e+00
278 405 1.646023e-03 6.552935e-03 1 1 4 0 1.079062e-14 0.000000e+00
278 406 1.646023e-03 8.249656e-03 1 1 4 0 7.834224e-15 0.000000e+00
279 396 2.072220e-03 8.249656e-04 1 1 4 0 1.710194e-14 0.000000e+00
279 397 2.072220e-03 1.038570e-03 1 1 4 0 2.648407e-14 0.000000e+00
279 398 2.072220e-03 1.307482e-03 1 1 4 0 4.016239e-14 0.000000e+00
279 399 2.072220e-03 1.646023e-03 1 1 4 0 5.783378e-14 0.000000e+00
279 400 2.072220e-03 2.072220e-03 1 1 4 0 7.128562e-14 0.000000e+00
279 401 2.072220e-03 2.608770e-03 1 1 4 0 6.545549e-14 0.000000e+00
279 402 2.072220e-03 3.284247e-03 1 1 4 0 4.919745e-14 0.000000e+00
279 403 2.072220e-03 4.134622e-03 1 1 4 0 3.453643e-14 0.000000e+00
279 404 2.072220e-03 5.205181e-03 1 1 4 0 2.403380e-14 0.000000e+00
279 405 2.072220e-03 6.552935e-03 1 1 4 0 1.702548e-14 0.000000e+00
279 406 2.072220e-03 8.249656e-03 1 1 4 0 1.237134e-14 0.000000e+00
280 396 2.608770e-03 8.249656e-04 1 1 4 0 1.200782e-14 0.000000e+00
280 397 2.608770e-03 1.038570e-03 1 1 4 0 1.884345e-14 0.000000e+00
280 398 2.608770e-03 1.307482e-03 1 1 4 0 2.933418e-14 0.000000e+00
280 399 2.608770e-03 1.646023e-03 1 1 4 0 4.487039e-14 0.000000e+00
280 400 2.608770e-03 2.072220e-03 1 1 4 0 6.545549e-14 0.000000e+00
280 401 2.608770e-03 2.608770e-03 1 1 4 0 8.111542e-14 0.000000e+00
280 402 2.608770e-03 3.284247e-03 1 1 4 0 7.275347e-14 0.000000e+00
280 403 2.608770e-03 4.134622e-03 1 1 4 0 5.356218e-14 0.000000e+00
280 404 2.608770e-03 5.205181e-03 1 1 4 0 3.770569e-14 0.000000e+00
280 405 2.608770e-03 6.552935e-03 1 1 4 0 2.678925e-14 0.000000e+00
280 406 2.608770e-03 8.249656e-03 1 1 4 0 1.949391e-14 0.000000e+00
281 396 3.284247e-03 8.249656e-04 1 1 4 0 8.217839e-15 0.000000e+00
281 397 3.284247e-03 1.038570e-03 1 1 4 0 1.296928e-14 0.000000e+00
281 398 3.284247e-03 1.307482e-03 1 1 4 0 2.040474e-14 0.000000e+00
281 399 3.284247e-03 1.646023e-03 1 1 4 0 3.190705e-14 0.000000e+00
281 400 3.284247e-03 2.072220e-03 1 1 4 0 4.919745e-14 0.000000e+00
281 401 3.284247e-03 2.608770e-03 1 1 4 0 7.275347e-14 0.000000e+00
281 402 3.284247e-03 3.284247e-03 1 1 4 0 9.094219e-14 0.000000e+00
281 403 3.284247e-03 4.134622e-03 1 1 4 0 8.017634e-14 0.000000e+00
281 404 3.284247e-03 5.205181e-03 1 1 4 0 5.861712e-14 0.000000e+00
281 405 3.284247e-03 6.552935e-03 1 1 4 0 4.195697e-14 0.000000e+00
281 406 3.284247e-03 8.249656e-03 1 1 4 0 3.061030e-14 0.000000e+00
282 396 4.134622e-03 8.249656e-04 1 1 4 0 5.595993e-15 0.000000e+00
282 397 4.134622e-03 1.038570e-03 1 1 4 0 8.850559e-15 0.000000e+00
282 398 4.134622e-03 1.307482e-03 1 1 4 0 1.397881e-14 0.000000e+00
282 399 4.134622e-03 1.646023e-03 1 1 4 0 2.202467e-14 0.000000e+00
282 400 4.134622e-03 2.072220e-03 1 1 4 0 3.453643e-14 0.000000e+00
282 401 4.134622e-03 2.608770e-03 1 1 4 0 5.356218e-14 0.000000e+00
282 402 4.134622e-03 3.284247e-03 1 1 4 0 8.017634e-14 0.000000e+00
282 403 4.134622e-03 4.134622e-03 1 1 4 0 1.012917e-13 0.000000e+00
282 404 4.134622e-03 5.205181e-03 1 1 4 0 8.847716e-14 0.000000e+00
282 405 4.134622e-03 6.552935e-03 1 1 4 0 6.513715e-14 0.000000e+00
282 406 4.134622e-03 8.249656e-03 1 1 4 0 4.779175e-14 0.000000e+00
283 396 5.205181e-03 8.249656e-04 1 1 4 0 3.859326e-15 0.000000e+00
283 397 5.205181e-03 1.038570e-03 1 1 4 0 6.108185e-15 0.000000e+00
283 398 5.205181e-03 1.307482e-03 1 1 4 0 9.659406e-15 0.000000e+00
283 399 5.205181e-03 1.646023e-03 1 1 4 0 1.525431e-14 0.000000e+00
283 400 5.205181e-03 2.072220e-03 1 1 4 0 2.403380e-14 0.000000e+00
283 401 5.205181e-03 2.608770e-03 1 1 4 0 3.770569e-14 0.000000e+00
283 402 5.205181e-03 3.284247e-03 1 1 4 0 5.861712e-14 0.000000e+00
283 403 5.205181e-03 4.134622e-03 1 1 4 0 8.847716e-14 0.000000e+00
283 404 5.205181e-03 5.205181e-03 1 1 4 0 1.129800e-13 0.000000e+00
283 405 5.205181e-03 6.552935e-03 1 1 4 0 9.860660e-14 0.000000e+00
283 406 5.205181e-03 8.249656e-03 1 1 4 0 7.388067e-14 0.000000e+00
284 396 6.552935e-03 8.249656e-04 1 1 4 0 2.725881e-15 0.000000e+00
284 397 6.552935e-03 1.038570e-03 1 1 4 0 4.315455e-15 0.000000e+00
284 398 6.552935e-03 1.307482e-03 1 1 4 0 6.827526e-15 0.000000e+00
284 399 6.552935e-03 1.646023e-03 1 1 4 0 1.079062e-14 0.000000e+00
284 400 6.552935e-03 2.072220e-03 1 1 4 0 1.702548e-14 0.000000e+00
284 401 6.552935e-03 2.608770e-03 1 1 4 0 2.678925e-14 0.000000e+00
284 402 6.552935e-03 3.284247e-03 1 1 4 0 4.195697e-14 0.000000e+00
284 403 6.552935e-03 4.134622e-03 1 1 4 0 6.513715e-14 0.000000e+00
284 404 6.552935e-03 5.205181e-03 1 1 4 0 9.860660e-14 0.000000e+00
284 405 6.552935e-03 6.552935e-03 1 1 4 0 1.270058e-13 0.000000e+00
284 406 6.552935e-03 8.249656e-03 1 1 4 0 1.115602e-13 0.000000e+00
285 396 8.249656e-03 8.249656e-04 1 1 4 0 1.977011e-15 0.000000e+00
285 397 8.249656e-03 1.038570e-03 1 1 4 0 3.130506e-15 0.000000e+00
285 398 8.249656e-03 1.307482e-03 1 1 4 0 4.954383e-15 0.000000e+00
285 399 8.249656e-03 1.646023e-03 1 1 4 0 7.834224e-15 0.000000e+00
285 400 8.249656e-03 2.072220e-03 1 1 4 0 1.237134e-14 0.000000e+00
285 401 8.249656e-03 2.608770e-03 1 1 4 0 1.949391e-14 0.000000e+00
285 402 8.249656e-03 3.284247e-03 1 1 4 0 3.061030e-14 0.000000e+00
285 403 8.249656e-03 4.134622e-03 1 1 4 0 4.779175e-14 0.000000e+00
285 404 8.249656e-03 5.205181e-03 1 1 4 0 7.388067e-14 0.000000e+00
285 405 8.249656e-03 6.552935e-03 1 1 4 0 1.115602e-13 0.000000e+00
285 406 8.249656e-03 8.249656e-03 1 1 4 0 1.444001e-13 0.000000e+00
