# Please cite the following papers in research using this covariance:
# arXiv: 1601.05779, https://arxiv.org/abs/1601.05779
# arXiv: 1911.11947, https://arxiv.org/abs/1911.11947
# arXiv: 2004.04833, https://arxiv.org/abs/2004.04833
# arXiv: 1804.10663, https://arxiv.org/abs/1804.10663
########################################################
385 407 8.249656e-04 8.249656e-04 3 3 4 1 3.179120e-13 0.000000e+00
385 408 8.249656e-04 1.038570e-03 3 3 4 1 3.115109e-13 0.000000e+00
385 409 8.249656e-04 1.307482e-03 3 3 4 1 2.561692e-13 0.000000e+00
385 410 8.249656e-04 1.646023e-03 3 3 4 1 1.942516e-13 0.000000e+00
385 411 8.249656e-04 2.072220e-03 3 3 4 1 1.426288e-13 0.000000e+00
385 412 8.249656e-04 2.608770e-03 3 3 4 1 1.041184e-13 0.000000e+00
385 413 8.249656e-04 3.284247e-03 3 3 4 1 7.660376e-14 0.000000e+00
385 414 8.249656e-04 4.134622e-03 3 3 4 1 5.704861e-14 0.000000e+00
385 415 8.249656e-04 5.205181e-03 3 3 4 1 4.291676e-14 0.000000e+00
385 416 8.249656e-04 6.552935e-03 3 3 4 1 3.244126e-14 0.000000e+00
385 417 8.249656e-04 8.249656e-03 3 3 4 1 2.447987e-14 0.000000e+00
386 407 1.038570e-03 8.249656e-04 3 3 4 1 3.115109e-13 0.000000e+00
386 408 1.038570e-03 1.038570e-03 3 3 4 1 3.858948e-13 0.000000e+00
386 409 1.038570e-03 1.307482e-03 3 3 4 1 3.695990e-13 0.000000e+00
386 410 1.038570e-03 1.646023e-03 3 3 4 1 2.962419e-13 0.000000e+00
386 411 1.038570e-03 2.072220e-03 3 3 4 1 2.219596e-13 0.000000e+00
386 412 1.038570e-03 2.608770e-03 3 3 4 1 1.633309e-13 0.000000e+00
386 413 1.038570e-03 3.284247e-03 3 3 4 1 1.206083e-13 0.000000e+00
386 414 1.038570e-03 4.134622e-03 3 3 4 1 9.000812e-14 0.000000e+00
386 415 1.038570e-03 5.205181e-03 3 3 4 1 6.780859e-14 0.000000e+00
386 416 1.038570e-03 6.552935e-03 3 3 4 1 5.130972e-14 0.000000e+00
386 417 1.038570e-03 8.249656e-03 3 3 4 1 3.874598e-14 0.000000e+00
387 407 1.307482e-03 8.249656e-04 3 3 4 1 2.561692e-13 0.000000e+00
387 408 1.307482e-03 1.038570e-03 3 3 4 1 3.695990e-13 0.000000e+00
387 409 1.307482e-03 1.307482e-03 3 3 4 1 4.592099e-13 0.000000e+00
387 410 1.307482e-03 1.646023e-03 3 3 4 1 4.315490e-13 0.000000e+00
387 411 1.307482e-03 2.072220e-03 3 3 4 1 3.399794e-13 0.000000e+00
387 412 1.307482e-03 2.608770e-03 3 3 4 1 2.543737e-13 0.000000e+00
387 413 1.307482e-03 3.284247e-03 3 3 4 1 1.890970e-13 0.000000e+00
387 414 1.307482e-03 4.134622e-03 3 3 4 1 1.416194e-13 0.000000e+00
387 415 1.307482e-03 5.205181e-03 3 3 4 1 1.069394e-13 0.000000e+00
387 416 1.307482e-03 6.552935e-03 3 3 4 1 8.105285e-14 0.000000e+00
387 417 1.307482e-03 8.249656e-03 3 3 4 1 6.127735e-14 0.000000e+00
388 407 1.646023e-03 8.249656e-04 3 3 4 1 1.942516e-13 0.000000e+00
388 408 1.646023e-03 1.038570e-03 3 3 4 1 2.962419e-13 0.000000e+00
388 409 1.646023e-03 1.307482e-03 3 3 4 1 4.315490e-13 0.000000e+00
388 410 1.646023e-03 1.646023e-03 3 3 4 1 5.390712e-13 0.000000e+00
388 411 1.646023e-03 2.072220e-03 3 3 4 1 4.995531e-13 0.000000e+00
388 412 1.646023e-03 2.608770e-03 3 3 4 1 3.904999e-13 0.000000e+00
388 413 1.646023e-03 3.284247e-03 3 3 4 1 2.943287e-13 0.000000e+00
388 414 1.646023e-03 4.134622e-03 3 3 4 1 2.218143e-13 0.000000e+00
388 415 1.646023e-03 5.205181e-03 3 3 4 1 1.681447e-13 0.000000e+00
388 416 1.646023e-03 6.552935e-03 3 3 4 1 1.277840e-13 0.000000e+00
388 417 1.646023e-03 8.249656e-03 3 3 4 1 9.678757e-14 0.000000e+00
389 407 2.072220e-03 8.249656e-04 3 3 4 1 1.426288e-13 0.000000e+00
389 408 2.072220e-03 1.038570e-03 3 3 4 1 2.219596e-13 0.000000e+00
389 409 2.072220e-03 1.307482e-03 3 3 4 1 3.399794e-13 0.000000e+00
389 410 2.072220e-03 1.646023e-03 3 3 4 1 4.995531e-13 0.000000e+00
389 411 2.072220e-03 2.072220e-03 3 3 4 1 6.282989e-13 0.000000e+00
389 412 2.072220e-03 2.608770e-03 3 3 4 1 5.773797e-13 0.000000e+00
389 413 2.072220e-03 3.284247e-03 3 3 4 1 4.518128e-13 0.000000e+00
389 414 2.072220e-03 4.134622e-03 3 3 4 1 3.447383e-13 0.000000e+00
389 415 2.072220e-03 5.205181e-03 3 3 4 1 2.630703e-13 0.000000e+00
389 416 2.072220e-03 6.552935e-03 3 3 4 1 2.008099e-13 0.000000e+00
389 417 2.072220e-03 8.249656e-03 3 3 4 1 1.525619e-13 0.000000e+00
390 407 2.608770e-03 8.249656e-04 3 3 4 1 1.041184e-13 0.000000e+00
390 408 2.608770e-03 1.038570e-03 3 3 4 1 1.633309e-13 0.000000e+00
390 409 2.608770e-03 1.307482e-03 3 3 4 1 2.543737e-13 0.000000e+00
390 410 2.608770e-03 1.646023e-03 3 3 4 1 3.904999e-13 0.000000e+00
390 411 2.608770e-03 2.072220e-03 3 3 4 1 5.773797e-13 0.000000e+00
390 412 2.608770e-03 2.608770e-03 3 3 4 1 7.312740e-13 0.000000e+00
390 413 2.608770e-03 3.284247e-03 3 3 4 1 6.700427e-13 0.000000e+00
390 414 2.608770e-03 4.134622e-03 3 3 4 1 5.282259e-13 0.000000e+00
390 415 2.608770e-03 5.205181e-03 3 3 4 1 4.081331e-13 0.000000e+00
390 416 2.608770e-03 6.552935e-03 3 3 4 1 3.138906e-13 0.000000e+00
390 417 2.608770e-03 8.249656e-03 3 3 4 1 2.396702e-13 0.000000e+00
391 407 3.284247e-03 8.249656e-04 3 3 4 1 7.660376e-14 0.000000e+00
391 408 3.284247e-03 1.038570e-03 3 3 4 1 1.206083e-13 0.000000e+00
391 409 3.284247e-03 1.307482e-03 3 3 4 1 1.890970e-13 0.000000e+00
391 410 3.284247e-03 1.646023e-03 3 3 4 1 2.943287e-13 0.000000e+00
391 411 3.284247e-03 2.072220e-03 3 3 4 1 4.518128e-13 0.000000e+00
391 412 3.284247e-03 2.608770e-03 3 3 4 1 6.700427e-13 0.000000e+00
391 413 3.284247e-03 3.284247e-03 3 3 4 1 8.535735e-13 0.000000e+00
391 414 3.284247e-03 4.134622e-03 3 3 4 1 7.831845e-13 0.000000e+00
391 415 3.284247e-03 5.205181e-03 3 3 4 1 6.236739e-13 0.000000e+00
391 416 3.284247e-03 6.552935e-03 3 3 4 1 4.862176e-13 0.000000e+00
391 417 3.284247e-03 8.249656e-03 3 3 4 1 3.744180e-13 0.000000e+00
392 407 4.134622e-03 8.249656e-04 3 3 4 1 5.704861e-14 0.000000e+00
392 408 4.134622e-03 1.038570e-03 3 3 4 1 9.000812e-14 0.000000e+00
392 409 4.134622e-03 1.307482e-03 3 3 4 1 1.416194e-13 0.000000e+00
392 410 4.134622e-03 1.646023e-03 3 3 4 1 2.218143e-13 0.000000e+00
392 411 4.134622e-03 2.072220e-03 3 3 4 1 3.447383e-13 0.000000e+00
392 412 4.134622e-03 2.608770e-03 3 3 4 1 5.282259e-13 0.000000e+00
392 413 4.134622e-03 3.284247e-03 3 3 4 1 7.831845e-13 0.000000e+00
392 414 4.134622e-03 4.134622e-03 3 3 4 1 1.001355e-12 0.000000e+00
392 415 4.134622e-03 5.205181e-03 3 3 4 1 9.222694e-13 0.000000e+00
392 416 4.134622e-03 6.552935e-03 3 3 4 1 7.409932e-13 0.000000e+00
392 417 4.134622e-03 8.249656e-03 3 3 4 1 5.793524e-13 0.000000e+00
393 407 5.205181e-03 8.249656e-04 3 3 4 1 4.291676e-14 0.000000e+00
393 408 5.205181e-03 1.038570e-03 3 3 4 1 6.780859e-14 0.000000e+00
393 409 5.205181e-03 1.307482e-03 3 3 4 1 1.069394e-13 0.000000e+00
393 410 5.205181e-03 1.646023e-03 3 3 4 1 1.681447e-13 0.000000e+00
393 411 5.205181e-03 2.072220e-03 3 3 4 1 2.630703e-13 0.000000e+00
393 412 5.205181e-03 2.608770e-03 3 3 4 1 4.081331e-13 0.000000e+00
393 413 5.205181e-03 3.284247e-03 3 3 4 1 6.236739e-13 0.000000e+00
393 414 5.205181e-03 4.134622e-03 3 3 4 1 9.222694e-13 0.000000e+00
393 415 5.205181e-03 5.205181e-03 3 3 4 1 1.180498e-12 0.000000e+00
393 416 5.205181e-03 6.552935e-03 3 3 4 1 1.091578e-12 0.000000e+00
393 417 5.205181e-03 8.249656e-03 3 3 4 1 8.810647e-13 0.000000e+00
394 407 6.552935e-03 8.249656e-04 3 3 4 1 3.244126e-14 0.000000e+00
394 408 6.552935e-03 1.038570e-03 3 3 4 1 5.130972e-14 0.000000e+00
394 409 6.552935e-03 1.307482e-03 3 3 4 1 8.105285e-14 0.000000e+00
394 410 6.552935e-03 1.646023e-03 3 3 4 1 1.277840e-13 0.000000e+00
394 411 6.552935e-03 2.072220e-03 3 3 4 1 2.008099e-13 0.000000e+00
394 412 6.552935e-03 2.608770e-03 3 3 4 1 3.138906e-13 0.000000e+00
394 413 6.552935e-03 3.284247e-03 3 3 4 1 4.862176e-13 0.000000e+00
394 414 6.552935e-03 4.134622e-03 3 3 4 1 7.409932e-13 0.000000e+00
394 415 6.552935e-03 5.205181e-03 3 3 4 1 1.091578e-12 0.000000e+00
394 416 6.552935e-03 6.552935e-03 3 3 4 1 1.395457e-12 0.000000e+00
394 417 6.552935e-03 8.249656e-03 3 3 4 1 1.292877e-12 0.000000e+00
395 407 8.249656e-03 8.249656e-04 3 3 4 1 2.447987e-14 0.000000e+00
395 408 8.249656e-03 1.038570e-03 3 3 4 1 3.874598e-14 0.000000e+00
395 409 8.249656e-03 1.307482e-03 3 3 4 1 6.127735e-14 0.000000e+00
395 410 8.249656e-03 1.646023e-03 3 3 4 1 9.678757e-14 0.000000e+00
395 411 8.249656e-03 2.072220e-03 3 3 4 1 1.525619e-13 0.000000e+00
395 412 8.249656e-03 2.608770e-03 3 3 4 1 2.396702e-13 0.000000e+00
395 413 8.249656e-03 3.284247e-03 3 3 4 1 3.744180e-13 0.000000e+00
395 414 8.249656e-03 4.134622e-03 3 3 4 1 5.793524e-13 0.000000e+00
395 415 8.249656e-03 5.205181e-03 3 3 4 1 8.810647e-13 0.000000e+00
395 416 8.249656e-03 6.552935e-03 3 3 4 1 1.292877e-12 0.000000e+00
395 417 8.249656e-03 8.249656e-03 3 3 4 1 1.647571e-12 0.000000e+00
