# Please cite the following papers in research using this covariance:
# arXiv: 1601.05779, https://arxiv.org/abs/1601.05779
# arXiv: 1911.11947, https://arxiv.org/abs/1911.11947
# arXiv: 2004.04833, https://arxiv.org/abs/2004.04833
# arXiv: 1804.10663, https://arxiv.org/abs/1804.10663
########################################################
374 462 8.249656e-04 8.249656e-04 3 2 5 2 1.307474e-11 0.000000e+00
374 463 8.249656e-04 1.038570e-03 3 2 5 2 7.361541e-12 0.000000e+00
374 464 8.249656e-04 1.307482e-03 3 2 5 2 3.165381e-12 0.000000e+00
374 465 8.249656e-04 1.646023e-03 3 2 5 2 1.516981e-12 0.000000e+00
374 466 8.249656e-04 2.072220e-03 3 2 5 2 7.988584e-13 0.000000e+00
374 467 8.249656e-04 2.608770e-03 3 2 5 2 4.516664e-13 0.000000e+00
374 468 8.249656e-04 3.284247e-03 3 2 5 2 2.682551e-13 0.000000e+00
374 469 8.249656e-04 4.134622e-03 3 2 5 2 1.643185e-13 0.000000e+00
374 470 8.249656e-04 5.205181e-03 3 2 5 2 1.023299e-13 0.000000e+00
374 471 8.249656e-04 6.552935e-03 3 2 5 2 6.420985e-14 0.000000e+00
374 472 8.249656e-04 8.249656e-03 3 2 5 2 4.031816e-14 0.000000e+00
375 462 1.038570e-03 8.249656e-04 3 2 5 2 7.361541e-12 0.000000e+00
375 463 1.038570e-03 1.038570e-03 3 2 5 2 1.126954e-11 0.000000e+00
375 464 1.038570e-03 1.307482e-03 3 2 5 2 6.097132e-12 0.000000e+00
375 465 1.038570e-03 1.646023e-03 3 2 5 2 2.618395e-12 0.000000e+00
375 466 1.038570e-03 2.072220e-03 3 2 5 2 1.310550e-12 0.000000e+00
375 467 1.038570e-03 2.608770e-03 3 2 5 2 7.251803e-13 0.000000e+00
375 468 1.038570e-03 3.284247e-03 3 2 5 2 4.270543e-13 0.000000e+00
375 469 1.038570e-03 4.134622e-03 3 2 5 2 2.607429e-13 0.000000e+00
375 470 1.038570e-03 5.205181e-03 3 2 5 2 1.622413e-13 0.000000e+00
375 471 1.038570e-03 6.552935e-03 3 2 5 2 1.017612e-13 0.000000e+00
375 472 1.038570e-03 8.249656e-03 3 2 5 2 6.391163e-14 0.000000e+00
376 462 1.307482e-03 8.249656e-04 3 2 5 2 3.165381e-12 0.000000e+00
376 463 1.307482e-03 1.038570e-03 3 2 5 2 6.097132e-12 0.000000e+00
376 464 1.307482e-03 1.307482e-03 3 2 5 2 9.640608e-12 0.000000e+00
376 465 1.307482e-03 1.646023e-03 3 2 5 2 5.070669e-12 0.000000e+00
376 466 1.307482e-03 2.072220e-03 3 2 5 2 2.231407e-12 0.000000e+00
376 467 1.307482e-03 2.608770e-03 3 2 5 2 1.178174e-12 0.000000e+00
376 468 1.307482e-03 3.284247e-03 3 2 5 2 6.823235e-13 0.000000e+00
376 469 1.307482e-03 4.134622e-03 3 2 5 2 4.142473e-13 0.000000e+00
376 470 1.307482e-03 5.205181e-03 3 2 5 2 2.573081e-13 0.000000e+00
376 471 1.307482e-03 6.552935e-03 3 2 5 2 1.613037e-13 0.000000e+00
376 472 1.307482e-03 8.249656e-03 3 2 5 2 1.012889e-13 0.000000e+00
377 462 1.646023e-03 8.249656e-04 3 2 5 2 1.516981e-12 0.000000e+00
377 463 1.646023e-03 1.038570e-03 3 2 5 2 2.618395e-12 0.000000e+00
377 464 1.646023e-03 1.307482e-03 3 2 5 2 5.070669e-12 0.000000e+00
377 465 1.646023e-03 1.646023e-03 3 2 5 2 8.232378e-12 0.000000e+00
377 466 1.646023e-03 2.072220e-03 3 2 5 2 4.276839e-12 0.000000e+00
377 467 1.646023e-03 2.608770e-03 3 2 5 2 1.972222e-12 0.000000e+00
377 468 1.646023e-03 3.284247e-03 3 2 5 2 1.098888e-12 0.000000e+00
377 469 1.646023e-03 4.134622e-03 3 2 5 2 6.594981e-13 0.000000e+00
377 470 1.646023e-03 5.205181e-03 3 2 5 2 4.082514e-13 0.000000e+00
377 471 1.646023e-03 6.552935e-03 3 2 5 2 2.557074e-13 0.000000e+00
377 472 1.646023e-03 8.249656e-03 3 2 5 2 1.605528e-13 0.000000e+00
378 462 2.072220e-03 8.249656e-04 3 2 5 2 7.988584e-13 0.000000e+00
378 463 2.072220e-03 1.038570e-03 3 2 5 2 1.310550e-12 0.000000e+00
378 464 2.072220e-03 1.307482e-03 3 2 5 2 2.231407e-12 0.000000e+00
378 465 2.072220e-03 1.646023e-03 3 2 5 2 4.276839e-12 0.000000e+00
378 466 2.072220e-03 2.072220e-03 3 2 5 2 7.058076e-12 0.000000e+00
378 467 2.072220e-03 2.608770e-03 3 2 5 2 3.690790e-12 0.000000e+00
378 468 2.072220e-03 3.284247e-03 3 2 5 2 1.808681e-12 0.000000e+00
378 469 2.072220e-03 4.134622e-03 3 2 5 2 1.054994e-12 0.000000e+00
378 470 2.072220e-03 5.205181e-03 3 2 5 2 6.484298e-13 0.000000e+00
378 471 2.072220e-03 6.552935e-03 3 2 5 2 4.054467e-13 0.000000e+00
378 472 2.072220e-03 8.249656e-03 3 2 5 2 2.544797e-13 0.000000e+00
379 462 2.608770e-03 8.249656e-04 3 2 5 2 4.516664e-13 0.000000e+00
379 463 2.608770e-03 1.038570e-03 3 2 5 2 7.251803e-13 0.000000e+00
379 464 2.608770e-03 1.307482e-03 3 2 5 2 1.178174e-12 0.000000e+00
379 465 2.608770e-03 1.646023e-03 3 2 5 2 1.972222e-12 0.000000e+00
379 466 2.608770e-03 2.072220e-03 3 2 5 2 3.690790e-12 0.000000e+00
379 467 2.608770e-03 2.608770e-03 3 2 5 2 6.111472e-12 0.000000e+00
379 468 2.608770e-03 3.284247e-03 3 2 5 2 3.277062e-12 0.000000e+00
379 469 2.608770e-03 4.134622e-03 3 2 5 2 1.711955e-12 0.000000e+00
379 470 2.608770e-03 5.205181e-03 3 2 5 2 1.032585e-12 0.000000e+00
379 471 2.608770e-03 6.552935e-03 3 2 5 2 6.431515e-13 0.000000e+00
379 472 2.608770e-03 8.249656e-03 3 2 5 2 4.034057e-13 0.000000e+00
380 462 3.284247e-03 8.249656e-04 3 2 5 2 2.682551e-13 0.000000e+00
380 463 3.284247e-03 1.038570e-03 3 2 5 2 4.270543e-13 0.000000e+00
380 464 3.284247e-03 1.307482e-03 3 2 5 2 6.823235e-13 0.000000e+00
380 465 3.284247e-03 1.646023e-03 3 2 5 2 1.098888e-12 0.000000e+00
380 466 3.284247e-03 2.072220e-03 3 2 5 2 1.808681e-12 0.000000e+00
380 467 3.284247e-03 2.608770e-03 3 2 5 2 3.277062e-12 0.000000e+00
380 468 3.284247e-03 3.284247e-03 3 2 5 2 5.371697e-12 0.000000e+00
380 469 3.284247e-03 4.134622e-03 3 2 5 2 2.997331e-12 0.000000e+00
380 470 3.284247e-03 5.205181e-03 3 2 5 2 1.658372e-12 0.000000e+00
380 471 3.284247e-03 6.552935e-03 3 2 5 2 1.021475e-12 0.000000e+00
380 472 3.284247e-03 8.249656e-03 3 2 5 2 6.396031e-13 0.000000e+00
381 462 4.134622e-03 8.249656e-04 3 2 5 2 1.643185e-13 0.000000e+00
381 463 4.134622e-03 1.038570e-03 3 2 5 2 2.607429e-13 0.000000e+00
381 464 4.134622e-03 1.307482e-03 3 2 5 2 4.142473e-13 0.000000e+00
381 465 4.134622e-03 1.646023e-03 3 2 5 2 6.594981e-13 0.000000e+00
381 466 4.134622e-03 2.072220e-03 3 2 5 2 1.054994e-12 0.000000e+00
381 467 4.134622e-03 2.608770e-03 3 2 5 2 1.711955e-12 0.000000e+00
381 468 4.134622e-03 3.284247e-03 3 2 5 2 2.997331e-12 0.000000e+00
381 469 4.134622e-03 4.134622e-03 3 2 5 2 4.809443e-12 0.000000e+00
381 470 4.134622e-03 5.205181e-03 3 2 5 2 2.815506e-12 0.000000e+00
381 471 4.134622e-03 6.552935e-03 3 2 5 2 1.629775e-12 0.000000e+00
381 472 4.134622e-03 8.249656e-03 3 2 5 2 1.014626e-12 0.000000e+00
382 462 5.205181e-03 8.249656e-04 3 2 5 2 1.023299e-13 0.000000e+00
382 463 5.205181e-03 1.038570e-03 3 2 5 2 1.622413e-13 0.000000e+00
382 464 5.205181e-03 1.307482e-03 3 2 5 2 2.573081e-13 0.000000e+00
382 465 5.205181e-03 1.646023e-03 3 2 5 2 4.082514e-13 0.000000e+00
382 466 5.205181e-03 2.072220e-03 3 2 5 2 6.484298e-13 0.000000e+00
382 467 5.205181e-03 2.608770e-03 3 2 5 2 1.032585e-12 0.000000e+00
382 468 5.205181e-03 3.284247e-03 3 2 5 2 1.658372e-12 0.000000e+00
382 469 5.205181e-03 4.134622e-03 3 2 5 2 2.815506e-12 0.000000e+00
382 470 5.205181e-03 5.205181e-03 3 2 5 2 4.392012e-12 0.000000e+00
382 471 5.205181e-03 6.552935e-03 3 2 5 2 2.700523e-12 0.000000e+00
382 472 5.205181e-03 8.249656e-03 3 2 5 2 1.613107e-12 0.000000e+00
383 462 6.552935e-03 8.249656e-04 3 2 5 2 6.420985e-14 0.000000e+00
383 463 6.552935e-03 1.038570e-03 3 2 5 2 1.017612e-13 0.000000e+00
383 464 6.552935e-03 1.307482e-03 3 2 5 2 1.613037e-13 0.000000e+00
383 465 6.552935e-03 1.646023e-03 3 2 5 2 2.557074e-13 0.000000e+00
383 466 6.552935e-03 2.072220e-03 3 2 5 2 4.054467e-13 0.000000e+00
383 467 6.552935e-03 2.608770e-03 3 2 5 2 6.431515e-13 0.000000e+00
383 468 6.552935e-03 3.284247e-03 3 2 5 2 1.021475e-12 0.000000e+00
383 469 6.552935e-03 4.134622e-03 3 2 5 2 1.629775e-12 0.000000e+00
383 470 6.552935e-03 5.205181e-03 3 2 5 2 2.700523e-12 0.000000e+00
383 471 6.552935e-03 6.552935e-03 3 2 5 2 4.087160e-12 0.000000e+00
383 472 6.552935e-03 8.249656e-03 3 2 5 2 2.627356e-12 0.000000e+00
384 462 8.249656e-03 8.249656e-04 3 2 5 2 4.031816e-14 0.000000e+00
384 463 8.249656e-03 1.038570e-03 3 2 5 2 6.391163e-14 0.000000e+00
384 464 8.249656e-03 1.307482e-03 3 2 5 2 1.012889e-13 0.000000e+00
384 465 8.249656e-03 1.646023e-03 3 2 5 2 1.605528e-13 0.000000e+00
384 466 8.249656e-03 2.072220e-03 3 2 5 2 2.544797e-13 0.000000e+00
384 467 8.249656e-03 2.608770e-03 3 2 5 2 4.034057e-13 0.000000e+00
384 468 8.249656e-03 3.284247e-03 3 2 5 2 6.396031e-13 0.000000e+00
384 469 8.249656e-03 4.134622e-03 3 2 5 2 1.014626e-12 0.000000e+00
384 470 8.249656e-03 5.205181e-03 3 2 5 2 1.613107e-12 0.000000e+00
384 471 8.249656e-03 6.552935e-03 3 2 5 2 2.627356e-12 0.000000e+00
384 472 8.249656e-03 8.249656e-03 3 2 5 2 3.865285e-12 0.000000e+00
