# Please cite the following papers in research using this covariance:
# arXiv: 1601.05779, https://arxiv.org/abs/1601.05779
# arXiv: 1911.11947, https://arxiv.org/abs/1911.11947
# arXiv: 2004.04833, https://arxiv.org/abs/2004.04833
# arXiv: 1804.10663, https://arxiv.org/abs/1804.10663
########################################################
231 253 8.249656e-04 8.249656e-04 0 1 0 3 7.740435e-12 0.000000e+00
231 254 8.249656e-04 1.038570e-03 0 1 0 3 6.173530e-12 0.000000e+00
231 255 8.249656e-04 1.307482e-03 0 1 0 3 4.164140e-12 0.000000e+00
231 256 8.249656e-04 1.646023e-03 0 1 0 3 2.740643e-12 0.000000e+00
231 257 8.249656e-04 2.072220e-03 0 1 0 3 1.759018e-12 0.000000e+00
231 258 8.249656e-04 2.608770e-03 0 1 0 3 1.101089e-12 0.000000e+00
231 259 8.249656e-04 3.284247e-03 0 1 0 3 6.776742e-13 0.000000e+00
231 260 8.249656e-04 4.134622e-03 0 1 0 3 4.168745e-13 0.000000e+00
231 261 8.249656e-04 5.205181e-03 0 1 0 3 2.617941e-13 0.000000e+00
231 262 8.249656e-04 6.552935e-03 0 1 0 3 1.711251e-13 0.000000e+00
231 263 8.249656e-04 8.249656e-03 0 1 0 3 1.175686e-13 0.000000e+00
232 253 1.038570e-03 8.249656e-04 0 1 0 3 6.173530e-12 0.000000e+00
232 254 1.038570e-03 1.038570e-03 0 1 0 3 8.078983e-12 0.000000e+00
232 255 1.038570e-03 1.307482e-03 0 1 0 3 6.415360e-12 0.000000e+00
232 256 1.038570e-03 1.646023e-03 0 1 0 3 4.287672e-12 0.000000e+00
232 257 1.038570e-03 2.072220e-03 0 1 0 3 2.774912e-12 0.000000e+00
232 258 1.038570e-03 2.608770e-03 0 1 0 3 1.744888e-12 0.000000e+00
232 259 1.038570e-03 3.284247e-03 0 1 0 3 1.075697e-12 0.000000e+00
232 260 1.038570e-03 4.134622e-03 0 1 0 3 6.616745e-13 0.000000e+00
232 261 1.038570e-03 5.205181e-03 0 1 0 3 4.152242e-13 0.000000e+00
232 262 1.038570e-03 6.552935e-03 0 1 0 3 2.712141e-13 0.000000e+00
232 263 1.038570e-03 8.249656e-03 0 1 0 3 1.862608e-13 0.000000e+00
233 253 1.307482e-03 8.249656e-04 0 1 0 3 4.164140e-12 0.000000e+00
233 254 1.307482e-03 1.038570e-03 0 1 0 3 6.415360e-12 0.000000e+00
233 255 1.307482e-03 1.307482e-03 0 1 0 3 8.387180e-12 0.000000e+00
233 256 1.307482e-03 1.646023e-03 0 1 0 3 6.612334e-12 0.000000e+00
233 257 1.307482e-03 2.072220e-03 0 1 0 3 4.355151e-12 0.000000e+00
233 258 1.307482e-03 2.608770e-03 0 1 0 3 2.762396e-12 0.000000e+00
233 259 1.307482e-03 3.284247e-03 0 1 0 3 1.708633e-12 0.000000e+00
233 260 1.307482e-03 4.134622e-03 0 1 0 3 1.051123e-12 0.000000e+00
233 261 1.307482e-03 5.205181e-03 0 1 0 3 6.588695e-13 0.000000e+00
233 262 1.307482e-03 6.552935e-03 0 1 0 3 4.298667e-13 0.000000e+00
233 263 1.307482e-03 8.249656e-03 0 1 0 3 2.950352e-13 0.000000e+00
234 253 1.646023e-03 8.249656e-04 0 1 0 3 2.740643e-12 0.000000e+00
234 254 1.646023e-03 1.038570e-03 0 1 0 3 4.287672e-12 0.000000e+00
234 255 1.646023e-03 1.307482e-03 0 1 0 3 6.612334e-12 0.000000e+00
234 256 1.646023e-03 1.646023e-03 0 1 0 3 8.638639e-12 0.000000e+00
234 257 1.646023e-03 2.072220e-03 0 1 0 3 6.740935e-12 0.000000e+00
234 258 1.646023e-03 2.608770e-03 0 1 0 3 4.358457e-12 0.000000e+00
234 259 1.646023e-03 3.284247e-03 0 1 0 3 2.715478e-12 0.000000e+00
234 260 1.646023e-03 4.134622e-03 0 1 0 3 1.671968e-12 0.000000e+00
234 261 1.646023e-03 5.205181e-03 0 1 0 3 1.046282e-12 0.000000e+00
234 262 1.646023e-03 6.552935e-03 0 1 0 3 6.813662e-13 0.000000e+00
234 263 1.646023e-03 8.249656e-03 0 1 0 3 4.671648e-13 0.000000e+00
235 253 2.072220e-03 8.249656e-04 0 1 0 3 1.759018e-12 0.000000e+00
235 254 2.072220e-03 1.038570e-03 0 1 0 3 2.774912e-12 0.000000e+00
235 255 2.072220e-03 1.307482e-03 0 1 0 3 4.355151e-12 0.000000e+00
235 256 2.072220e-03 1.646023e-03 0 1 0 3 6.740935e-12 0.000000e+00
235 257 2.072220e-03 2.072220e-03 0 1 0 3 8.813117e-12 0.000000e+00
235 258 2.072220e-03 2.608770e-03 0 1 0 3 6.792534e-12 0.000000e+00
235 259 2.072220e-03 3.284247e-03 0 1 0 3 4.311616e-12 0.000000e+00
235 260 2.072220e-03 4.134622e-03 0 1 0 3 2.664357e-12 0.000000e+00
235 261 2.072220e-03 5.205181e-03 0 1 0 3 1.663650e-12 0.000000e+00
235 262 2.072220e-03 6.552935e-03 0 1 0 3 1.080231e-12 0.000000e+00
235 263 2.072220e-03 8.249656e-03 0 1 0 3 7.393636e-13 0.000000e+00
236 253 2.608770e-03 8.249656e-04 0 1 0 3 1.101089e-12 0.000000e+00
236 254 2.608770e-03 1.038570e-03 0 1 0 3 1.744888e-12 0.000000e+00
236 255 2.608770e-03 1.307482e-03 0 1 0 3 2.762396e-12 0.000000e+00
236 256 2.608770e-03 1.646023e-03 0 1 0 3 4.358457e-12 0.000000e+00
236 257 2.608770e-03 2.072220e-03 0 1 0 3 6.792534e-12 0.000000e+00
236 258 2.608770e-03 2.608770e-03 0 1 0 3 8.909291e-12 0.000000e+00
236 259 2.608770e-03 3.284247e-03 0 1 0 3 6.782938e-12 0.000000e+00
236 260 2.608770e-03 4.134622e-03 0 1 0 3 4.252756e-12 0.000000e+00
236 261 2.608770e-03 5.205181e-03 0 1 0 3 2.651146e-12 0.000000e+00
236 262 2.608770e-03 6.552935e-03 0 1 0 3 1.713459e-12 0.000000e+00
236 263 2.608770e-03 8.249656e-03 0 1 0 3 1.169321e-12 0.000000e+00
237 253 3.284247e-03 8.249656e-04 0 1 0 3 6.776742e-13 0.000000e+00
237 254 3.284247e-03 1.038570e-03 0 1 0 3 1.075697e-12 0.000000e+00
237 255 3.284247e-03 1.307482e-03 0 1 0 3 1.708633e-12 0.000000e+00
237 256 3.284247e-03 1.646023e-03 0 1 0 3 2.715478e-12 0.000000e+00
237 257 3.284247e-03 2.072220e-03 0 1 0 3 4.311616e-12 0.000000e+00
237 258 3.284247e-03 2.608770e-03 0 1 0 3 6.782938e-12 0.000000e+00
237 259 3.284247e-03 3.284247e-03 0 1 0 3 8.951836e-12 0.000000e+00
237 260 3.284247e-03 4.134622e-03 0 1 0 3 6.755385e-12 0.000000e+00
237 261 3.284247e-03 5.205181e-03 0 1 0 3 4.238778e-12 0.000000e+00
237 262 3.284247e-03 6.552935e-03 0 1 0 3 2.721386e-12 0.000000e+00
237 263 3.284247e-03 8.249656e-03 0 1 0 3 1.847622e-12 0.000000e+00
238 253 4.134622e-03 8.249656e-04 0 1 0 3 4.168745e-13 0.000000e+00
238 254 4.134622e-03 1.038570e-03 0 1 0 3 6.616745e-13 0.000000e+00
238 255 4.134622e-03 1.307482e-03 0 1 0 3 1.051123e-12 0.000000e+00
238 256 4.134622e-03 1.646023e-03 0 1 0 3 1.671968e-12 0.000000e+00
238 257 4.134622e-03 2.072220e-03 0 1 0 3 2.664357e-12 0.000000e+00
238 258 4.134622e-03 2.608770e-03 0 1 0 3 4.252756e-12 0.000000e+00
238 259 4.134622e-03 3.284247e-03 0 1 0 3 6.755385e-12 0.000000e+00
238 260 4.134622e-03 4.134622e-03 0 1 0 3 8.992405e-12 0.000000e+00
238 261 4.134622e-03 5.205181e-03 0 1 0 3 6.776771e-12 0.000000e+00
238 262 4.134622e-03 6.552935e-03 0 1 0 3 4.335335e-12 0.000000e+00
238 263 4.134622e-03 8.249656e-03 0 1 0 3 2.916938e-12 0.000000e+00
239 253 5.205181e-03 8.249656e-04 0 1 0 3 2.617941e-13 0.000000e+00
239 254 5.205181e-03 1.038570e-03 0 1 0 3 4.152242e-13 0.000000e+00
239 255 5.205181e-03 1.307482e-03 0 1 0 3 6.588695e-13 0.000000e+00
239 256 5.205181e-03 1.646023e-03 0 1 0 3 1.046282e-12 0.000000e+00
239 257 5.205181e-03 2.072220e-03 0 1 0 3 1.663650e-12 0.000000e+00
239 258 5.205181e-03 2.608770e-03 0 1 0 3 2.651146e-12 0.000000e+00
239 259 5.205181e-03 3.284247e-03 0 1 0 3 4.238778e-12 0.000000e+00
239 260 5.205181e-03 4.134622e-03 0 1 0 3 6.776771e-12 0.000000e+00
239 261 5.205181e-03 5.205181e-03 0 1 0 3 9.104833e-12 0.000000e+00
239 262 5.205181e-03 6.552935e-03 0 1 0 3 6.929063e-12 0.000000e+00
239 263 5.205181e-03 8.249656e-03 0 1 0 3 4.606944e-12 0.000000e+00
240 253 6.552935e-03 8.249656e-04 0 1 0 3 1.711251e-13 0.000000e+00
240 254 6.552935e-03 1.038570e-03 0 1 0 3 2.712141e-13 0.000000e+00
240 255 6.552935e-03 1.307482e-03 0 1 0 3 4.298667e-13 0.000000e+00
240 256 6.552935e-03 1.646023e-03 0 1 0 3 6.813662e-13 0.000000e+00
240 257 6.552935e-03 2.072220e-03 0 1 0 3 1.080231e-12 0.000000e+00
240 258 6.552935e-03 2.608770e-03 0 1 0 3 1.713459e-12 0.000000e+00
240 259 6.552935e-03 3.284247e-03 0 1 0 3 2.721386e-12 0.000000e+00
240 260 6.552935e-03 4.134622e-03 0 1 0 3 4.335335e-12 0.000000e+00
240 261 6.552935e-03 5.205181e-03 0 1 0 3 6.929063e-12 0.000000e+00
240 262 6.552935e-03 6.552935e-03 0 1 0 3 9.377557e-12 0.000000e+00
240 263 6.552935e-03 8.249656e-03 0 1 0 3 7.299103e-12 0.000000e+00
241 253 8.249656e-03 8.249656e-04 0 1 0 3 1.175686e-13 0.000000e+00
241 254 8.249656e-03 1.038570e-03 0 1 0 3 1.862608e-13 0.000000e+00
241 255 8.249656e-03 1.307482e-03 0 1 0 3 2.950352e-13 0.000000e+00
241 256 8.249656e-03 1.646023e-03 0 1 0 3 4.671648e-13 0.000000e+00
241 257 8.249656e-03 2.072220e-03 0 1 0 3 7.393636e-13 0.000000e+00
241 258 8.249656e-03 2.608770e-03 0 1 0 3 1.169321e-12 0.000000e+00
241 259 8.249656e-03 3.284247e-03 0 1 0 3 1.847622e-12 0.000000e+00
241 260 8.249656e-03 4.134622e-03 0 1 0 3 2.916938e-12 0.000000e+00
241 261 8.249656e-03 5.205181e-03 0 1 0 3 4.606944e-12 0.000000e+00
241 262 8.249656e-03 6.552935e-03 0 1 0 3 7.299103e-12 0.000000e+00
241 263 8.249656e-03 8.249656e-03 0 1 0 3 9.904493e-12 0.000000e+00
