# Please cite the following papers in research using this covariance:
# arXiv: 1601.05779, https://arxiv.org/abs/1601.05779
# arXiv: 1911.11947, https://arxiv.org/abs/1911.11947
# arXiv: 2004.04833, https://arxiv.org/abs/2004.04833
# arXiv: 1804.10663, https://arxiv.org/abs/1804.10663
########################################################
330 429 8.249656e-04 8.249656e-04 2 2 4 3 2.350457e-13 0.000000e+00
330 430 8.249656e-04 1.038570e-03 2 2 4 3 2.258859e-13 0.000000e+00
330 431 8.249656e-04 1.307482e-03 2 2 4 3 1.795636e-13 0.000000e+00
330 432 8.249656e-04 1.646023e-03 2 2 4 3 1.305036e-13 0.000000e+00
330 433 8.249656e-04 2.072220e-03 2 2 4 3 9.161516e-14 0.000000e+00
330 434 8.249656e-04 2.608770e-03 2 2 4 3 6.416888e-14 0.000000e+00
330 435 8.249656e-04 3.284247e-03 2 2 4 3 4.575805e-14 0.000000e+00
330 436 8.249656e-04 4.134622e-03 2 2 4 3 3.354894e-14 0.000000e+00
330 437 8.249656e-04 5.205181e-03 2 2 4 3 2.529443e-14 0.000000e+00
330 438 8.249656e-04 6.552935e-03 2 2 4 3 1.946876e-14 0.000000e+00
330 439 8.249656e-04 8.249656e-03 2 2 4 3 1.512219e-14 0.000000e+00
331 429 1.038570e-03 8.249656e-04 2 2 4 3 2.258859e-13 0.000000e+00
331 430 1.038570e-03 1.038570e-03 2 2 4 3 2.783671e-13 0.000000e+00
331 431 1.038570e-03 1.307482e-03 2 2 4 3 2.602525e-13 0.000000e+00
331 432 1.038570e-03 1.646023e-03 2 2 4 3 2.002880e-13 0.000000e+00
331 433 1.038570e-03 2.072220e-03 2 2 4 3 1.432995e-13 0.000000e+00
331 434 1.038570e-03 2.608770e-03 2 2 4 3 1.010031e-13 0.000000e+00
331 435 1.038570e-03 3.284247e-03 2 2 4 3 7.218095e-14 0.000000e+00
331 436 1.038570e-03 4.134622e-03 2 2 4 3 5.297752e-14 0.000000e+00
331 437 1.038570e-03 5.205181e-03 2 2 4 3 3.997558e-14 0.000000e+00
331 438 1.038570e-03 6.552935e-03 2 2 4 3 3.079145e-14 0.000000e+00
331 439 1.038570e-03 8.249656e-03 2 2 4 3 2.393207e-14 0.000000e+00
332 429 1.307482e-03 8.249656e-04 2 2 4 3 1.795636e-13 0.000000e+00
332 430 1.307482e-03 1.038570e-03 2 2 4 3 2.602525e-13 0.000000e+00
332 431 1.307482e-03 1.307482e-03 2 2 4 3 3.220135e-13 0.000000e+00
332 432 1.307482e-03 1.646023e-03 2 2 4 3 2.940188e-13 0.000000e+00
332 433 1.307482e-03 2.072220e-03 2 2 4 3 2.212626e-13 0.000000e+00
332 434 1.307482e-03 2.608770e-03 2 2 4 3 1.581769e-13 0.000000e+00
332 435 1.307482e-03 3.284247e-03 2 2 4 3 1.135259e-13 0.000000e+00
332 436 1.307482e-03 4.134622e-03 2 2 4 3 8.347453e-14 0.000000e+00
332 437 1.307482e-03 5.205181e-03 2 2 4 3 6.307180e-14 0.000000e+00
332 438 1.307482e-03 6.552935e-03 2 2 4 3 4.863919e-14 0.000000e+00
332 439 1.307482e-03 8.249656e-03 2 2 4 3 3.784191e-14 0.000000e+00
333 429 1.646023e-03 8.249656e-04 2 2 4 3 1.305036e-13 0.000000e+00
333 430 1.646023e-03 1.038570e-03 2 2 4 3 2.002880e-13 0.000000e+00
333 431 1.646023e-03 1.307482e-03 2 2 4 3 2.940188e-13 0.000000e+00
333 432 1.646023e-03 1.646023e-03 2 2 4 3 3.664643e-13 0.000000e+00
333 433 1.646023e-03 2.072220e-03 2 2 4 3 3.286980e-13 0.000000e+00
333 434 1.646023e-03 2.608770e-03 2 2 4 3 2.450441e-13 0.000000e+00
333 435 1.646023e-03 3.284247e-03 2 2 4 3 1.776392e-13 0.000000e+00
333 436 1.646023e-03 4.134622e-03 2 2 4 3 1.310603e-13 0.000000e+00
333 437 1.646023e-03 5.205181e-03 2 2 4 3 9.924408e-14 0.000000e+00
333 438 1.646023e-03 6.552935e-03 2 2 4 3 7.668012e-14 0.000000e+00
333 439 1.646023e-03 8.249656e-03 2 2 4 3 5.975397e-14 0.000000e+00
334 429 2.072220e-03 8.249656e-04 2 2 4 3 9.161516e-14 0.000000e+00
334 430 2.072220e-03 1.038570e-03 2 2 4 3 1.432995e-13 0.000000e+00
334 431 2.072220e-03 1.307482e-03 2 2 4 3 2.212626e-13 0.000000e+00
334 432 2.072220e-03 1.646023e-03 2 2 4 3 3.286980e-13 0.000000e+00
334 433 2.072220e-03 2.072220e-03 2 2 4 3 4.136739e-13 0.000000e+00
334 434 2.072220e-03 2.608770e-03 2 2 4 3 3.673267e-13 0.000000e+00
334 435 2.072220e-03 3.284247e-03 2 2 4 3 2.751828e-13 0.000000e+00
334 436 2.072220e-03 4.134622e-03 2 2 4 3 2.045555e-13 0.000000e+00
334 437 2.072220e-03 5.205181e-03 2 2 4 3 1.554808e-13 0.000000e+00
334 438 2.072220e-03 6.552935e-03 2 2 4 3 1.205023e-13 0.000000e+00
334 439 2.072220e-03 8.249656e-03 2 2 4 3 9.414584e-14 0.000000e+00
335 429 2.608770e-03 8.249656e-04 2 2 4 3 6.416888e-14 0.000000e+00
335 430 2.608770e-03 1.038570e-03 2 2 4 3 1.010031e-13 0.000000e+00
335 431 2.608770e-03 1.307482e-03 2 2 4 3 1.581769e-13 0.000000e+00
335 432 2.608770e-03 1.646023e-03 2 2 4 3 2.450441e-13 0.000000e+00
335 433 2.608770e-03 2.072220e-03 2 2 4 3 3.673267e-13 0.000000e+00
335 434 2.608770e-03 2.608770e-03 2 2 4 3 4.671818e-13 0.000000e+00
335 435 2.608770e-03 3.284247e-03 2 2 4 3 4.143487e-13 0.000000e+00
335 436 2.608770e-03 4.134622e-03 2 2 4 3 3.158852e-13 0.000000e+00
335 437 2.608770e-03 5.205181e-03 2 2 4 3 2.418375e-13 0.000000e+00
335 438 2.608770e-03 6.552935e-03 2 2 4 3 1.883892e-13 0.000000e+00
335 439 2.608770e-03 8.249656e-03 2 2 4 3 1.478023e-13 0.000000e+00
336 429 3.284247e-03 8.249656e-04 2 2 4 3 4.575805e-14 0.000000e+00
336 430 3.284247e-03 1.038570e-03 2 2 4 3 7.218095e-14 0.000000e+00
336 431 3.284247e-03 1.307482e-03 2 2 4 3 1.135259e-13 0.000000e+00
336 432 3.284247e-03 1.646023e-03 2 2 4 3 1.776392e-13 0.000000e+00
336 433 3.284247e-03 2.072220e-03 2 2 4 3 2.751828e-13 0.000000e+00
336 434 3.284247e-03 2.608770e-03 2 2 4 3 4.143487e-13 0.000000e+00
336 435 3.284247e-03 3.284247e-03 2 2 4 3 5.320020e-13 0.000000e+00
336 436 3.284247e-03 4.134622e-03 2 2 4 3 4.752689e-13 0.000000e+00
336 437 3.284247e-03 5.205181e-03 2 2 4 3 3.715390e-13 0.000000e+00
336 438 3.284247e-03 6.552935e-03 2 2 4 3 2.920060e-13 0.000000e+00
336 439 3.284247e-03 8.249656e-03 2 2 4 3 2.306832e-13 0.000000e+00
337 429 4.134622e-03 8.249656e-04 2 2 4 3 3.354894e-14 0.000000e+00
337 430 4.134622e-03 1.038570e-03 2 2 4 3 5.297752e-14 0.000000e+00
337 431 4.134622e-03 1.307482e-03 2 2 4 3 8.347453e-14 0.000000e+00
337 432 4.134622e-03 1.646023e-03 2 2 4 3 1.310603e-13 0.000000e+00
337 433 4.134622e-03 2.072220e-03 2 2 4 3 2.045555e-13 0.000000e+00
337 434 4.134622e-03 2.608770e-03 2 2 4 3 3.158852e-13 0.000000e+00
337 435 4.134622e-03 3.284247e-03 2 2 4 3 4.752689e-13 0.000000e+00
337 436 4.134622e-03 4.134622e-03 2 2 4 3 6.142655e-13 0.000000e+00
337 437 4.134622e-03 5.205181e-03 2 2 4 3 5.560591e-13 0.000000e+00
337 438 4.134622e-03 6.552935e-03 2 2 4 3 4.460380e-13 0.000000e+00
337 439 4.134622e-03 8.249656e-03 2 2 4 3 3.565298e-13 0.000000e+00
338 429 5.205181e-03 8.249656e-04 2 2 4 3 2.529443e-14 0.000000e+00
338 430 5.205181e-03 1.038570e-03 2 2 4 3 3.997558e-14 0.000000e+00
338 431 5.205181e-03 1.307482e-03 2 2 4 3 6.307180e-14 0.000000e+00
338 432 5.205181e-03 1.646023e-03 2 2 4 3 9.924408e-14 0.000000e+00
338 433 5.205181e-03 2.072220e-03 2 2 4 3 1.554808e-13 0.000000e+00
338 434 5.205181e-03 2.608770e-03 2 2 4 3 2.418375e-13 0.000000e+00
338 435 5.205181e-03 3.284247e-03 2 2 4 3 3.715390e-13 0.000000e+00
338 436 5.205181e-03 4.134622e-03 2 2 4 3 5.560591e-13 0.000000e+00
338 437 5.205181e-03 5.205181e-03 2 2 4 3 7.205383e-13 0.000000e+00
338 438 5.205181e-03 6.552935e-03 2 2 4 3 6.622141e-13 0.000000e+00
338 439 5.205181e-03 8.249656e-03 2 2 4 3 5.417818e-13 0.000000e+00
339 429 6.552935e-03 8.249656e-04 2 2 4 3 1.946876e-14 0.000000e+00
339 430 6.552935e-03 1.038570e-03 2 2 4 3 3.079145e-14 0.000000e+00
339 431 6.552935e-03 1.307482e-03 2 2 4 3 4.863919e-14 0.000000e+00
339 432 6.552935e-03 1.646023e-03 2 2 4 3 7.668012e-14 0.000000e+00
339 433 6.552935e-03 2.072220e-03 2 2 4 3 1.205023e-13 0.000000e+00
339 434 6.552935e-03 2.608770e-03 2 2 4 3 1.883892e-13 0.000000e+00
339 435 6.552935e-03 3.284247e-03 2 2 4 3 2.920060e-13 0.000000e+00
339 436 6.552935e-03 4.134622e-03 2 2 4 3 4.460380e-13 0.000000e+00
339 437 6.552935e-03 5.205181e-03 2 2 4 3 6.622141e-13 0.000000e+00
339 438 6.552935e-03 6.552935e-03 2 2 4 3 8.566697e-13 0.000000e+00
339 439 6.552935e-03 8.249656e-03 2 2 4 3 7.973315e-13 0.000000e+00
340 429 8.249656e-03 8.249656e-04 2 2 4 3 1.512219e-14 0.000000e+00
340 430 8.249656e-03 1.038570e-03 2 2 4 3 2.393207e-14 0.000000e+00
340 431 8.249656e-03 1.307482e-03 2 2 4 3 3.784191e-14 0.000000e+00
340 432 8.249656e-03 1.646023e-03 2 2 4 3 5.975397e-14 0.000000e+00
340 433 8.249656e-03 2.072220e-03 2 2 4 3 9.414584e-14 0.000000e+00
340 434 8.249656e-03 2.608770e-03 2 2 4 3 1.478023e-13 0.000000e+00
340 435 8.249656e-03 3.284247e-03 2 2 4 3 2.306832e-13 0.000000e+00
340 436 8.249656e-03 4.134622e-03 2 2 4 3 3.565298e-13 0.000000e+00
340 437 8.249656e-03 5.205181e-03 2 2 4 3 5.417818e-13 0.000000e+00
340 438 8.249656e-03 6.552935e-03 2 2 4 3 7.973315e-13 0.000000e+00
340 439 8.249656e-03 8.249656e-03 2 2 4 3 1.026038e-12 0.000000e+00
