# Please cite the following papers in research using this covariance:
# arXiv: 1601.05779, https://arxiv.org/abs/1601.05779
# arXiv: 1911.11947, https://arxiv.org/abs/1911.11947
# arXiv: 2004.04833, https://arxiv.org/abs/2004.04833
# arXiv: 1804.10663, https://arxiv.org/abs/1804.10663
########################################################
264 440 8.249656e-04 8.249656e-04 1 0 5 0 6.276765e-12 0.000000e+00
264 441 8.249656e-04 1.038570e-03 1 0 5 0 4.114382e-12 0.000000e+00
264 442 8.249656e-04 1.307482e-03 1 0 5 0 2.017706e-12 0.000000e+00
264 443 8.249656e-04 1.646023e-03 1 0 5 0 9.512048e-13 0.000000e+00
264 444 8.249656e-04 2.072220e-03 1 0 5 0 4.458955e-13 0.000000e+00
264 445 8.249656e-04 2.608770e-03 1 0 5 0 2.132164e-13 0.000000e+00
264 446 8.249656e-04 3.284247e-03 1 0 5 0 1.061134e-13 0.000000e+00
264 447 8.249656e-04 4.134622e-03 1 0 5 0 5.567699e-14 0.000000e+00
264 448 8.249656e-04 5.205181e-03 1 0 5 0 3.086100e-14 0.000000e+00
264 449 8.249656e-04 6.552935e-03 1 0 5 0 1.791845e-14 0.000000e+00
264 450 8.249656e-04 8.249656e-03 1 0 5 0 1.072722e-14 0.000000e+00
265 440 1.038570e-03 8.249656e-04 1 0 5 0 4.114382e-12 0.000000e+00
265 441 1.038570e-03 1.038570e-03 1 0 5 0 5.691840e-12 0.000000e+00
265 442 1.038570e-03 1.307482e-03 1 0 5 0 3.554256e-12 0.000000e+00
265 443 1.038570e-03 1.646023e-03 1 0 5 0 1.640095e-12 0.000000e+00
265 444 1.038570e-03 2.072220e-03 1 0 5 0 7.476656e-13 0.000000e+00
265 445 1.038570e-03 2.608770e-03 1 0 5 0 3.494727e-13 0.000000e+00
265 446 1.038570e-03 3.284247e-03 1 0 5 0 1.712505e-13 0.000000e+00
265 447 1.038570e-03 4.134622e-03 1 0 5 0 8.900664e-14 0.000000e+00
265 448 1.038570e-03 5.205181e-03 1 0 5 0 4.909423e-14 0.000000e+00
265 449 1.038570e-03 6.552935e-03 1 0 5 0 2.843543e-14 0.000000e+00
265 450 1.038570e-03 8.249656e-03 1 0 5 0 1.701530e-14 0.000000e+00
266 440 1.307482e-03 8.249656e-04 1 0 5 0 2.017706e-12 0.000000e+00
266 441 1.307482e-03 1.038570e-03 1 0 5 0 3.554256e-12 0.000000e+00
266 442 1.307482e-03 1.307482e-03 1 0 5 0 5.051838e-12 0.000000e+00
266 443 1.307482e-03 1.646023e-03 1 0 5 0 2.996197e-12 0.000000e+00
266 444 1.307482e-03 2.072220e-03 1 0 5 0 1.307549e-12 0.000000e+00
266 445 1.307482e-03 2.608770e-03 1 0 5 0 5.870206e-13 0.000000e+00
266 446 1.307482e-03 3.284247e-03 1 0 5 0 2.798873e-13 0.000000e+00
266 447 1.307482e-03 4.134622e-03 1 0 5 0 1.431489e-13 0.000000e+00
266 448 1.307482e-03 5.205181e-03 1 0 5 0 7.830412e-14 0.000000e+00
266 449 1.307482e-03 6.552935e-03 1 0 5 0 4.517940e-14 0.000000e+00
266 450 1.307482e-03 8.249656e-03 1 0 5 0 2.698724e-14 0.000000e+00
267 440 1.646023e-03 8.249656e-04 1 0 5 0 9.512048e-13 0.000000e+00
267 441 1.646023e-03 1.038570e-03 1 0 5 0 1.640095e-12 0.000000e+00
267 442 1.646023e-03 1.307482e-03 1 0 5 0 2.996197e-12 0.000000e+00
267 443 1.646023e-03 1.646023e-03 1 0 5 0 4.399450e-12 0.000000e+00
267 444 1.646023e-03 2.072220e-03 1 0 5 0 2.476091e-12 0.000000e+00
267 445 1.646023e-03 2.608770e-03 1 0 5 0 1.034529e-12 0.000000e+00
267 446 1.646023e-03 3.284247e-03 1 0 5 0 4.684993e-13 0.000000e+00
267 447 1.646023e-03 4.134622e-03 1 0 5 0 2.327048e-13 0.000000e+00
267 448 1.646023e-03 5.205181e-03 1 0 5 0 1.254231e-13 0.000000e+00
267 449 1.646023e-03 6.552935e-03 1 0 5 0 7.189479e-14 0.000000e+00
267 450 1.646023e-03 8.249656e-03 1 0 5 0 4.284024e-14 0.000000e+00
268 440 2.072220e-03 8.249656e-04 1 0 5 0 4.458955e-13 0.000000e+00
268 441 2.072220e-03 1.038570e-03 1 0 5 0 7.476656e-13 0.000000e+00
268 442 2.072220e-03 1.307482e-03 1 0 5 0 1.307549e-12 0.000000e+00
268 443 2.072220e-03 1.646023e-03 1 0 5 0 2.476091e-12 0.000000e+00
268 444 2.072220e-03 2.072220e-03 1 0 5 0 3.771198e-12 0.000000e+00
268 445 2.072220e-03 2.608770e-03 1 0 5 0 2.019699e-12 0.000000e+00
268 446 2.072220e-03 3.284247e-03 1 0 5 0 8.245831e-13 0.000000e+00
268 447 2.072220e-03 4.134622e-03 1 0 5 0 3.863319e-13 0.000000e+00
268 448 2.072220e-03 5.205181e-03 1 0 5 0 2.025321e-13 0.000000e+00
268 449 2.072220e-03 6.552935e-03 1 0 5 0 1.147381e-13 0.000000e+00
268 450 2.072220e-03 8.249656e-03 1 0 5 0 6.805792e-14 0.000000e+00
269 440 2.608770e-03 8.249656e-04 1 0 5 0 2.132164e-13 0.000000e+00
269 441 2.608770e-03 1.038570e-03 1 0 5 0 3.494727e-13 0.000000e+00
269 442 2.608770e-03 1.307482e-03 1 0 5 0 5.870206e-13 0.000000e+00
269 443 2.608770e-03 1.646023e-03 1 0 5 0 1.034529e-12 0.000000e+00
269 444 2.608770e-03 2.072220e-03 1 0 5 0 2.019699e-12 0.000000e+00
269 445 2.608770e-03 2.608770e-03 1 0 5 0 3.195157e-12 0.000000e+00
269 446 2.608770e-03 3.284247e-03 1 0 5 0 1.640651e-12 0.000000e+00
269 447 2.608770e-03 4.134622e-03 1 0 5 0 6.726734e-13 0.000000e+00
269 448 2.608770e-03 5.205181e-03 1 0 5 0 3.325452e-13 0.000000e+00
269 449 2.608770e-03 6.552935e-03 1 0 5 0 1.841155e-13 0.000000e+00
269 450 2.608770e-03 8.249656e-03 1 0 5 0 1.083203e-13 0.000000e+00
270 440 3.284247e-03 8.249656e-04 1 0 5 0 1.061134e-13 0.000000e+00
270 441 3.284247e-03 1.038570e-03 1 0 5 0 1.712505e-13 0.000000e+00
270 442 3.284247e-03 1.307482e-03 1 0 5 0 2.798873e-13 0.000000e+00
270 443 3.284247e-03 1.646023e-03 1 0 5 0 4.684993e-13 0.000000e+00
270 444 3.284247e-03 2.072220e-03 1 0 5 0 8.245831e-13 0.000000e+00
270 445 3.284247e-03 2.608770e-03 1 0 5 0 1.640651e-12 0.000000e+00
270 446 3.284247e-03 3.284247e-03 1 0 5 0 2.689084e-12 0.000000e+00
270 447 3.284247e-03 4.134622e-03 1 0 5 0 1.341430e-12 0.000000e+00
270 448 3.284247e-03 5.205181e-03 1 0 5 0 5.687370e-13 0.000000e+00
270 449 3.284247e-03 6.552935e-03 1 0 5 0 2.989682e-13 0.000000e+00
270 450 3.284247e-03 8.249656e-03 1 0 5 0 1.729939e-13 0.000000e+00
271 440 4.134622e-03 8.249656e-04 1 0 5 0 5.567699e-14 0.000000e+00
271 441 4.134622e-03 1.038570e-03 1 0 5 0 8.900664e-14 0.000000e+00
271 442 4.134622e-03 1.307482e-03 1 0 5 0 1.431489e-13 0.000000e+00
271 443 4.134622e-03 1.646023e-03 1 0 5 0 2.327048e-13 0.000000e+00
271 444 4.134622e-03 2.072220e-03 1 0 5 0 3.863319e-13 0.000000e+00
271 445 4.134622e-03 2.608770e-03 1 0 5 0 6.726734e-13 0.000000e+00
271 446 4.134622e-03 3.284247e-03 1 0 5 0 1.341430e-12 0.000000e+00
271 447 4.134622e-03 4.134622e-03 1 0 5 0 2.260916e-12 0.000000e+00
271 448 4.134622e-03 5.205181e-03 1 0 5 0 1.115904e-12 0.000000e+00
271 449 4.134622e-03 6.552935e-03 1 0 5 0 5.009483e-13 0.000000e+00
271 450 4.134622e-03 8.249656e-03 1 0 5 0 2.784106e-13 0.000000e+00
272 440 5.205181e-03 8.249656e-04 1 0 5 0 3.086100e-14 0.000000e+00
272 441 5.205181e-03 1.038570e-03 1 0 5 0 4.909423e-14 0.000000e+00
272 442 5.205181e-03 1.307482e-03 1 0 5 0 7.830412e-14 0.000000e+00
272 443 5.205181e-03 1.646023e-03 1 0 5 0 1.254231e-13 0.000000e+00
272 444 5.205181e-03 2.072220e-03 1 0 5 0 2.025321e-13 0.000000e+00
272 445 5.205181e-03 2.608770e-03 1 0 5 0 3.325452e-13 0.000000e+00
272 446 5.205181e-03 3.284247e-03 1 0 5 0 5.687370e-13 0.000000e+00
272 447 5.205181e-03 4.134622e-03 1 0 5 0 1.115904e-12 0.000000e+00
272 448 5.205181e-03 5.205181e-03 1 0 5 0 1.910418e-12 0.000000e+00
272 449 5.205181e-03 6.552935e-03 1 0 5 0 9.526443e-13 0.000000e+00
272 450 5.205181e-03 8.249656e-03 1 0 5 0 4.579855e-13 0.000000e+00
273 440 6.552935e-03 8.249656e-04 1 0 5 0 1.791845e-14 0.000000e+00
273 441 6.552935e-03 1.038570e-03 1 0 5 0 2.843543e-14 0.000000e+00
273 442 6.552935e-03 1.307482e-03 1 0 5 0 4.517940e-14 0.000000e+00
273 443 6.552935e-03 1.646023e-03 1 0 5 0 7.189479e-14 0.000000e+00
273 444 6.552935e-03 2.072220e-03 1 0 5 0 1.147381e-13 0.000000e+00
273 445 6.552935e-03 2.608770e-03 1 0 5 0 1.841155e-13 0.000000e+00
273 446 6.552935e-03 3.284247e-03 1 0 5 0 2.989682e-13 0.000000e+00
273 447 6.552935e-03 4.134622e-03 1 0 5 0 5.009483e-13 0.000000e+00
273 448 6.552935e-03 5.205181e-03 1 0 5 0 9.526443e-13 0.000000e+00
273 449 6.552935e-03 6.552935e-03 1 0 5 0 1.631379e-12 0.000000e+00
273 450 6.552935e-03 8.249656e-03 1 0 5 0 8.379434e-13 0.000000e+00
274 440 8.249656e-03 8.249656e-04 1 0 5 0 1.072722e-14 0.000000e+00
274 441 8.249656e-03 1.038570e-03 1 0 5 0 1.701530e-14 0.000000e+00
274 442 8.249656e-03 1.307482e-03 1 0 5 0 2.698724e-14 0.000000e+00
274 443 8.249656e-03 1.646023e-03 1 0 5 0 4.284024e-14 0.000000e+00
274 444 8.249656e-03 2.072220e-03 1 0 5 0 6.805792e-14 0.000000e+00
274 445 8.249656e-03 2.608770e-03 1 0 5 0 1.083203e-13 0.000000e+00
274 446 8.249656e-03 3.284247e-03 1 0 5 0 1.729939e-13 0.000000e+00
274 447 8.249656e-03 4.134622e-03 1 0 5 0 2.784106e-13 0.000000e+00
274 448 8.249656e-03 5.205181e-03 1 0 5 0 4.579855e-13 0.000000e+00
274 449 8.249656e-03 6.552935e-03 1 0 5 0 8.379434e-13 0.000000e+00
274 450 8.249656e-03 8.249656e-03 1 0 5 0 1.413851e-12 0.000000e+00
