# Please cite the following papers in research using this covariance:
# arXiv: 1601.05779, https://arxiv.org/abs/1601.05779
# arXiv: 1911.11947, https://arxiv.org/abs/1911.11947
# arXiv: 2004.04833, https://arxiv.org/abs/2004.04833
# arXiv: 1804.10663, https://arxiv.org/abs/1804.10663
########################################################
308 319 8.249656e-04 8.249656e-04 2 0 2 1 2.832719e-12 0.000000e+00
308 320 8.249656e-04 1.038570e-03 2 0 2 1 2.180369e-12 0.000000e+00
308 321 8.249656e-04 1.307482e-03 2 0 2 1 1.376161e-12 0.000000e+00
308 322 8.249656e-04 1.646023e-03 2 0 2 1 8.398387e-13 0.000000e+00
308 323 8.249656e-04 2.072220e-03 2 0 2 1 5.044582e-13 0.000000e+00
308 324 8.249656e-04 2.608770e-03 2 0 2 1 3.025107e-13 0.000000e+00
308 325 8.249656e-04 3.284247e-03 2 0 2 1 1.839863e-13 0.000000e+00
308 326 8.249656e-04 4.134622e-03 2 0 2 1 1.152258e-13 0.000000e+00
308 327 8.249656e-04 5.205181e-03 2 0 2 1 7.503907e-14 0.000000e+00
308 328 8.249656e-04 6.552935e-03 2 0 2 1 5.083425e-14 0.000000e+00
308 329 8.249656e-04 8.249656e-03 2 0 2 1 3.555936e-14 0.000000e+00
309 319 1.038570e-03 8.249656e-04 2 0 2 1 2.180369e-12 0.000000e+00
309 320 1.038570e-03 1.038570e-03 2 0 2 1 2.858115e-12 0.000000e+00
309 321 1.038570e-03 1.307482e-03 2 0 2 1 2.165444e-12 0.000000e+00
309 322 1.038570e-03 1.646023e-03 2 0 2 1 1.338978e-12 0.000000e+00
309 323 1.038570e-03 2.072220e-03 2 0 2 1 8.054860e-13 0.000000e+00
309 324 1.038570e-03 2.608770e-03 2 0 2 1 4.821934e-13 0.000000e+00
309 325 1.038570e-03 3.284247e-03 2 0 2 1 2.925471e-13 0.000000e+00
309 326 1.038570e-03 4.134622e-03 2 0 2 1 1.828376e-13 0.000000e+00
309 327 1.038570e-03 5.205181e-03 2 0 2 1 1.189190e-13 0.000000e+00
309 328 1.038570e-03 6.552935e-03 2 0 2 1 8.051656e-14 0.000000e+00
309 329 1.038570e-03 8.249656e-03 2 0 2 1 5.631717e-14 0.000000e+00
310 319 1.307482e-03 8.249656e-04 2 0 2 1 1.376161e-12 0.000000e+00
310 320 1.307482e-03 1.038570e-03 2 0 2 1 2.165444e-12 0.000000e+00
310 321 1.307482e-03 1.307482e-03 2 0 2 1 2.852924e-12 0.000000e+00
310 322 1.307482e-03 1.646023e-03 2 0 2 1 2.126339e-12 0.000000e+00
310 323 1.307482e-03 2.072220e-03 2 0 2 1 1.290784e-12 0.000000e+00
310 324 1.307482e-03 2.608770e-03 2 0 2 1 7.713396e-13 0.000000e+00
310 325 1.307482e-03 3.284247e-03 2 0 2 1 4.661727e-13 0.000000e+00
310 326 1.307482e-03 4.134622e-03 2 0 2 1 2.903662e-13 0.000000e+00
310 327 1.307482e-03 5.205181e-03 2 0 2 1 1.884563e-13 0.000000e+00
310 328 1.307482e-03 6.552935e-03 2 0 2 1 1.274911e-13 0.000000e+00
310 329 1.307482e-03 8.249656e-03 2 0 2 1 8.916032e-14 0.000000e+00
311 319 1.646023e-03 8.249656e-04 2 0 2 1 8.398387e-13 0.000000e+00
311 320 1.646023e-03 1.038570e-03 2 0 2 1 1.338978e-12 0.000000e+00
311 321 1.646023e-03 1.307482e-03 2 0 2 1 2.126339e-12 0.000000e+00
311 322 1.646023e-03 1.646023e-03 2 0 2 1 2.820625e-12 0.000000e+00
311 323 1.646023e-03 2.072220e-03 2 0 2 1 2.069901e-12 0.000000e+00
311 324 1.646023e-03 2.608770e-03 2 0 2 1 1.240851e-12 0.000000e+00
311 325 1.646023e-03 3.284247e-03 2 0 2 1 7.456749e-13 0.000000e+00
311 326 1.646023e-03 4.134622e-03 2 0 2 1 4.618541e-13 0.000000e+00
311 327 1.646023e-03 5.205181e-03 2 0 2 1 2.986871e-13 0.000000e+00
311 328 1.646023e-03 6.552935e-03 2 0 2 1 2.017613e-13 0.000000e+00
311 329 1.646023e-03 8.249656e-03 2 0 2 1 1.410611e-13 0.000000e+00
312 319 2.072220e-03 8.249656e-04 2 0 2 1 5.044582e-13 0.000000e+00
312 320 2.072220e-03 1.038570e-03 2 0 2 1 8.054860e-13 0.000000e+00
312 321 2.072220e-03 1.307482e-03 2 0 2 1 1.290784e-12 0.000000e+00
312 322 2.072220e-03 1.646023e-03 2 0 2 1 2.069901e-12 0.000000e+00
312 323 2.072220e-03 2.072220e-03 2 0 2 1 2.769283e-12 0.000000e+00
312 324 2.072220e-03 2.608770e-03 2 0 2 1 2.007540e-12 0.000000e+00
312 325 2.072220e-03 3.284247e-03 2 0 2 1 1.200940e-12 0.000000e+00
312 326 2.072220e-03 4.134622e-03 2 0 2 1 7.368934e-13 0.000000e+00
312 327 2.072220e-03 5.205181e-03 2 0 2 1 4.735927e-13 0.000000e+00
312 328 2.072220e-03 6.552935e-03 2 0 2 1 3.190590e-13 0.000000e+00
312 329 2.072220e-03 8.249656e-03 2 0 2 1 2.229557e-13 0.000000e+00
313 319 2.608770e-03 8.249656e-04 2 0 2 1 3.025107e-13 0.000000e+00
313 320 2.608770e-03 1.038570e-03 2 0 2 1 4.821934e-13 0.000000e+00
313 321 2.608770e-03 1.307482e-03 2 0 2 1 7.713396e-13 0.000000e+00
313 322 2.608770e-03 1.646023e-03 2 0 2 1 1.240851e-12 0.000000e+00
313 323 2.608770e-03 2.072220e-03 2 0 2 1 2.007540e-12 0.000000e+00
313 324 2.608770e-03 2.608770e-03 2 0 2 1 2.711729e-12 0.000000e+00
313 325 2.608770e-03 3.284247e-03 2 0 2 1 1.954090e-12 0.000000e+00
313 326 2.608770e-03 4.134622e-03 2 0 2 1 1.183445e-12 0.000000e+00
313 327 2.608770e-03 5.205181e-03 2 0 2 1 7.519784e-13 0.000000e+00
313 328 2.608770e-03 6.552935e-03 2 0 2 1 5.040454e-13 0.000000e+00
313 329 2.608770e-03 8.249656e-03 2 0 2 1 3.518461e-13 0.000000e+00
314 319 3.284247e-03 8.249656e-04 2 0 2 1 1.839863e-13 0.000000e+00
314 320 3.284247e-03 1.038570e-03 2 0 2 1 2.925471e-13 0.000000e+00
314 321 3.284247e-03 1.307482e-03 2 0 2 1 4.661727e-13 0.000000e+00
314 322 3.284247e-03 1.646023e-03 2 0 2 1 7.456749e-13 0.000000e+00
314 323 3.284247e-03 2.072220e-03 2 0 2 1 1.200940e-12 0.000000e+00
314 324 3.284247e-03 2.608770e-03 2 0 2 1 1.954090e-12 0.000000e+00
314 325 3.284247e-03 3.284247e-03 2 0 2 1 2.664182e-12 0.000000e+00
314 326 3.284247e-03 4.134622e-03 2 0 2 1 1.925827e-12 0.000000e+00
314 327 3.284247e-03 5.205181e-03 2 0 2 1 1.199332e-12 0.000000e+00
314 328 3.284247e-03 6.552935e-03 2 0 2 1 7.955384e-13 0.000000e+00
314 329 3.284247e-03 8.249656e-03 2 0 2 1 5.539480e-13 0.000000e+00
315 319 4.134622e-03 8.249656e-04 2 0 2 1 1.152258e-13 0.000000e+00
315 320 4.134622e-03 1.038570e-03 2 0 2 1 1.828376e-13 0.000000e+00
315 321 4.134622e-03 1.307482e-03 2 0 2 1 2.903662e-13 0.000000e+00
315 322 4.134622e-03 1.646023e-03 2 0 2 1 4.618541e-13 0.000000e+00
315 323 4.134622e-03 2.072220e-03 2 0 2 1 7.368934e-13 0.000000e+00
315 324 4.134622e-03 2.608770e-03 2 0 2 1 1.183445e-12 0.000000e+00
315 325 4.134622e-03 3.284247e-03 2 0 2 1 1.925827e-12 0.000000e+00
315 326 4.134622e-03 4.134622e-03 2 0 2 1 2.644200e-12 0.000000e+00
315 327 4.134622e-03 5.205181e-03 2 0 2 1 1.938216e-12 0.000000e+00
315 328 4.134622e-03 6.552935e-03 2 0 2 1 1.256566e-12 0.000000e+00
315 329 4.134622e-03 8.249656e-03 2 0 2 1 8.692305e-13 0.000000e+00
316 319 5.205181e-03 8.249656e-04 2 0 2 1 7.503907e-14 0.000000e+00
316 320 5.205181e-03 1.038570e-03 2 0 2 1 1.189190e-13 0.000000e+00
316 321 5.205181e-03 1.307482e-03 2 0 2 1 1.884563e-13 0.000000e+00
316 322 5.205181e-03 1.646023e-03 2 0 2 1 2.986871e-13 0.000000e+00
316 323 5.205181e-03 2.072220e-03 2 0 2 1 4.735927e-13 0.000000e+00
316 324 5.205181e-03 2.608770e-03 2 0 2 1 7.519784e-13 0.000000e+00
316 325 5.205181e-03 3.284247e-03 2 0 2 1 1.199332e-12 0.000000e+00
316 326 5.205181e-03 4.134622e-03 2 0 2 1 1.938216e-12 0.000000e+00
316 327 5.205181e-03 5.205181e-03 2 0 2 1 2.668578e-12 0.000000e+00
316 328 5.205181e-03 6.552935e-03 2 0 2 1 2.003768e-12 0.000000e+00
316 329 5.205181e-03 8.249656e-03 2 0 2 1 1.358995e-12 0.000000e+00
317 319 6.552935e-03 8.249656e-04 2 0 2 1 5.083425e-14 0.000000e+00
317 320 6.552935e-03 1.038570e-03 2 0 2 1 8.051656e-14 0.000000e+00
317 321 6.552935e-03 1.307482e-03 2 0 2 1 1.274911e-13 0.000000e+00
317 322 6.552935e-03 1.646023e-03 2 0 2 1 2.017613e-13 0.000000e+00
317 323 6.552935e-03 2.072220e-03 2 0 2 1 3.190590e-13 0.000000e+00
317 324 6.552935e-03 2.608770e-03 2 0 2 1 5.040454e-13 0.000000e+00
317 325 6.552935e-03 3.284247e-03 2 0 2 1 7.955384e-13 0.000000e+00
317 326 6.552935e-03 4.134622e-03 2 0 2 1 1.256566e-12 0.000000e+00
317 327 6.552935e-03 5.205181e-03 2 0 2 1 2.003768e-12 0.000000e+00
317 328 6.552935e-03 6.552935e-03 2 0 2 1 2.751198e-12 0.000000e+00
317 329 6.552935e-03 8.249656e-03 2 0 2 1 2.130320e-12 0.000000e+00
318 319 8.249656e-03 8.249656e-04 2 0 2 1 3.555936e-14 0.000000e+00
318 320 8.249656e-03 1.038570e-03 2 0 2 1 5.631717e-14 0.000000e+00
318 321 8.249656e-03 1.307482e-03 2 0 2 1 8.916032e-14 0.000000e+00
318 322 8.249656e-03 1.646023e-03 2 0 2 1 1.410611e-13 0.000000e+00
318 323 8.249656e-03 2.072220e-03 2 0 2 1 2.229557e-13 0.000000e+00
318 324 8.249656e-03 2.608770e-03 2 0 2 1 3.518461e-13 0.000000e+00
318 325 8.249656e-03 3.284247e-03 2 0 2 1 5.539480e-13 0.000000e+00
318 326 8.249656e-03 4.134622e-03 2 0 2 1 8.692305e-13 0.000000e+00
318 327 8.249656e-03 5.205181e-03 2 0 2 1 1.358995e-12 0.000000e+00
318 328 8.249656e-03 6.552935e-03 2 0 2 1 2.130320e-12 0.000000e+00
318 329 8.249656e-03 8.249656e-03 2 0 2 1 2.901216e-12 0.000000e+00
