# Please cite the following papers in research using this covariance:
# arXiv: 1601.05779, https://arxiv.org/abs/1601.05779
# arXiv: 1911.11947, https://arxiv.org/abs/1911.11947
# arXiv: 2004.04833, https://arxiv.org/abs/2004.04833
# arXiv: 1804.10663, https://arxiv.org/abs/1804.10663
########################################################
319 363 8.249656e-04 8.249656e-04 2 1 3 1 3.224877e-11 0.000000e+00
319 364 8.249656e-04 1.038570e-03 2 1 3 1 1.878621e-11 0.000000e+00
319 365 8.249656e-04 1.307482e-03 2 1 3 1 8.044387e-12 0.000000e+00
319 366 8.249656e-04 1.646023e-03 2 1 3 1 3.635812e-12 0.000000e+00
319 367 8.249656e-04 2.072220e-03 2 1 3 1 1.777392e-12 0.000000e+00
319 368 8.249656e-04 2.608770e-03 2 1 3 1 9.367020e-13 0.000000e+00
319 369 8.249656e-04 3.284247e-03 2 1 3 1 5.257601e-13 0.000000e+00
319 370 8.249656e-04 4.134622e-03 2 1 3 1 3.083727e-13 0.000000e+00
319 371 8.249656e-04 5.205181e-03 2 1 3 1 1.853868e-13 0.000000e+00
319 372 8.249656e-04 6.552935e-03 2 1 3 1 1.124331e-13 0.000000e+00
319 373 8.249656e-04 8.249656e-03 2 1 3 1 6.790953e-14 0.000000e+00
320 363 1.038570e-03 8.249656e-04 2 1 3 1 1.878621e-11 0.000000e+00
320 364 1.038570e-03 1.038570e-03 2 1 3 1 2.793026e-11 0.000000e+00
320 365 1.038570e-03 1.307482e-03 2 1 3 1 1.544493e-11 0.000000e+00
320 366 1.038570e-03 1.646023e-03 2 1 3 1 6.397777e-12 0.000000e+00
320 367 1.038570e-03 2.072220e-03 2 1 3 1 2.959962e-12 0.000000e+00
320 368 1.038570e-03 2.608770e-03 2 1 3 1 1.516871e-12 0.000000e+00
320 369 1.038570e-03 3.284247e-03 2 1 3 1 8.403792e-13 0.000000e+00
320 370 1.038570e-03 4.134622e-03 2 1 3 1 4.902237e-13 0.000000e+00
320 371 1.038570e-03 5.205181e-03 2 1 3 1 2.941605e-13 0.000000e+00
320 372 1.038570e-03 6.552935e-03 2 1 3 1 1.782533e-13 0.000000e+00
320 373 1.038570e-03 8.249656e-03 2 1 3 1 1.076911e-13 0.000000e+00
321 363 1.307482e-03 8.249656e-04 2 1 3 1 8.044387e-12 0.000000e+00
321 364 1.307482e-03 1.038570e-03 2 1 3 1 1.544493e-11 0.000000e+00
321 365 1.307482e-03 1.307482e-03 2 1 3 1 2.385319e-11 0.000000e+00
321 366 1.307482e-03 1.646023e-03 2 1 3 1 1.259130e-11 0.000000e+00
321 367 1.307482e-03 2.072220e-03 2 1 3 1 5.172616e-12 0.000000e+00
321 368 1.307482e-03 2.608770e-03 2 1 3 1 2.501936e-12 0.000000e+00
321 369 1.307482e-03 3.284247e-03 2 1 3 1 1.352162e-12 0.000000e+00
321 370 1.307482e-03 4.134622e-03 2 1 3 1 7.812218e-13 0.000000e+00
321 371 1.307482e-03 5.205181e-03 2 1 3 1 4.671708e-13 0.000000e+00
321 372 1.307482e-03 6.552935e-03 2 1 3 1 2.827613e-13 0.000000e+00
321 373 1.307482e-03 8.249656e-03 2 1 3 1 1.707458e-13 0.000000e+00
322 363 1.646023e-03 8.249656e-04 2 1 3 1 3.635812e-12 0.000000e+00
322 364 1.646023e-03 1.038570e-03 2 1 3 1 6.397777e-12 0.000000e+00
322 365 1.646023e-03 1.307482e-03 2 1 3 1 1.259130e-11 0.000000e+00
322 366 1.646023e-03 1.646023e-03 2 1 3 1 2.018578e-11 0.000000e+00
322 367 1.646023e-03 2.072220e-03 2 1 3 1 1.027993e-11 0.000000e+00
322 368 1.646023e-03 2.608770e-03 2 1 3 1 4.308844e-12 0.000000e+00
322 369 1.646023e-03 3.284247e-03 2 1 3 1 2.206059e-12 0.000000e+00
322 370 1.646023e-03 4.134622e-03 2 1 3 1 1.250401e-12 0.000000e+00
322 371 1.646023e-03 5.205181e-03 2 1 3 1 7.429093e-13 0.000000e+00
322 372 1.646023e-03 6.552935e-03 2 1 3 1 4.487830e-13 0.000000e+00
322 373 1.646023e-03 8.249656e-03 2 1 3 1 2.708736e-13 0.000000e+00
323 363 2.072220e-03 8.249656e-04 2 1 3 1 1.777392e-12 0.000000e+00
323 364 2.072220e-03 1.038570e-03 2 1 3 1 2.959962e-12 0.000000e+00
323 365 2.072220e-03 1.307482e-03 2 1 3 1 5.172616e-12 0.000000e+00
323 366 2.072220e-03 1.646023e-03 2 1 3 1 1.027993e-11 0.000000e+00
323 367 2.072220e-03 2.072220e-03 2 1 3 1 1.701599e-11 0.000000e+00
323 368 2.072220e-03 2.608770e-03 2 1 3 1 8.495475e-12 0.000000e+00
323 369 2.072220e-03 3.284247e-03 2 1 3 1 3.728039e-12 0.000000e+00
323 370 2.072220e-03 4.134622e-03 2 1 3 1 2.020427e-12 0.000000e+00
323 371 2.072220e-03 5.205181e-03 2 1 3 1 1.184708e-12 0.000000e+00
323 372 2.072220e-03 6.552935e-03 2 1 3 1 7.129883e-13 0.000000e+00
323 373 2.072220e-03 8.249656e-03 2 1 3 1 4.298796e-13 0.000000e+00
324 363 2.608770e-03 8.249656e-04 2 1 3 1 9.367020e-13 0.000000e+00
324 364 2.608770e-03 1.038570e-03 2 1 3 1 1.516871e-12 0.000000e+00
324 365 2.608770e-03 1.307482e-03 2 1 3 1 2.501936e-12 0.000000e+00
324 366 2.608770e-03 1.646023e-03 2 1 3 1 4.308844e-12 0.000000e+00
324 367 2.608770e-03 2.072220e-03 2 1 3 1 8.495475e-12 0.000000e+00
324 368 2.608770e-03 2.608770e-03 2 1 3 1 1.437155e-11 0.000000e+00
324 369 2.608770e-03 3.284247e-03 2 1 3 1 7.174199e-12 0.000000e+00
324 370 2.608770e-03 4.134622e-03 2 1 3 1 3.350338e-12 0.000000e+00
324 371 2.608770e-03 5.205181e-03 2 1 3 1 1.900899e-12 0.000000e+00
324 372 2.608770e-03 6.552935e-03 2 1 3 1 1.134803e-12 0.000000e+00
324 373 2.608770e-03 8.249656e-03 2 1 3 1 6.828614e-13 0.000000e+00
325 363 3.284247e-03 8.249656e-04 2 1 3 1 5.257601e-13 0.000000e+00
325 364 3.284247e-03 1.038570e-03 2 1 3 1 8.403792e-13 0.000000e+00
325 365 3.284247e-03 1.307482e-03 2 1 3 1 1.352162e-12 0.000000e+00
325 366 3.284247e-03 1.646023e-03 2 1 3 1 2.206059e-12 0.000000e+00
325 367 3.284247e-03 2.072220e-03 2 1 3 1 3.728039e-12 0.000000e+00
325 368 3.284247e-03 2.608770e-03 2 1 3 1 7.174199e-12 0.000000e+00
325 369 3.284247e-03 3.284247e-03 2 1 3 1 1.223081e-11 0.000000e+00
325 370 3.284247e-03 4.134622e-03 2 1 3 1 6.227187e-12 0.000000e+00
325 371 3.284247e-03 5.205181e-03 2 1 3 1 3.104270e-12 0.000000e+00
325 372 3.284247e-03 6.552935e-03 2 1 3 1 1.813423e-12 0.000000e+00
325 373 3.284247e-03 8.249656e-03 2 1 3 1 1.086398e-12 0.000000e+00
326 363 4.134622e-03 8.249656e-04 2 1 3 1 3.083727e-13 0.000000e+00
326 364 4.134622e-03 1.038570e-03 2 1 3 1 4.902237e-13 0.000000e+00
326 365 4.134622e-03 1.307482e-03 2 1 3 1 7.812218e-13 0.000000e+00
326 366 4.134622e-03 1.646023e-03 2 1 3 1 1.250401e-12 0.000000e+00
326 367 4.134622e-03 2.072220e-03 2 1 3 1 2.020427e-12 0.000000e+00
326 368 4.134622e-03 2.608770e-03 2 1 3 1 3.350338e-12 0.000000e+00
326 369 4.134622e-03 3.284247e-03 2 1 3 1 6.227187e-12 0.000000e+00
326 370 4.134622e-03 4.134622e-03 2 1 3 1 1.053809e-11 0.000000e+00
326 371 4.134622e-03 5.205181e-03 2 1 3 1 5.559153e-12 0.000000e+00
326 372 4.134622e-03 6.552935e-03 2 1 3 1 2.931535e-12 0.000000e+00
326 373 4.134622e-03 8.249656e-03 2 1 3 1 1.733650e-12 0.000000e+00
327 363 5.205181e-03 8.249656e-04 2 1 3 1 1.853868e-13 0.000000e+00
327 364 5.205181e-03 1.038570e-03 2 1 3 1 2.941605e-13 0.000000e+00
327 365 5.205181e-03 1.307482e-03 2 1 3 1 4.671708e-13 0.000000e+00
327 366 5.205181e-03 1.646023e-03 2 1 3 1 7.429093e-13 0.000000e+00
327 367 5.205181e-03 2.072220e-03 2 1 3 1 1.184708e-12 0.000000e+00
327 368 5.205181e-03 2.608770e-03 2 1 3 1 1.900899e-12 0.000000e+00
327 369 5.205181e-03 3.284247e-03 2 1 3 1 3.104270e-12 0.000000e+00
327 370 5.205181e-03 4.134622e-03 2 1 3 1 5.559153e-12 0.000000e+00
327 371 5.205181e-03 5.205181e-03 2 1 3 1 9.218430e-12 0.000000e+00
327 372 5.205181e-03 6.552935e-03 2 1 3 1 5.081096e-12 0.000000e+00
327 373 5.205181e-03 8.249656e-03 2 1 3 1 2.788533e-12 0.000000e+00
328 363 6.552935e-03 8.249656e-04 2 1 3 1 1.124331e-13 0.000000e+00
328 364 6.552935e-03 1.038570e-03 2 1 3 1 1.782533e-13 0.000000e+00
328 365 6.552935e-03 1.307482e-03 2 1 3 1 2.827613e-13 0.000000e+00
328 366 6.552935e-03 1.646023e-03 2 1 3 1 4.487830e-13 0.000000e+00
328 367 6.552935e-03 2.072220e-03 2 1 3 1 7.129883e-13 0.000000e+00
328 368 6.552935e-03 2.608770e-03 2 1 3 1 1.134803e-12 0.000000e+00
328 369 6.552935e-03 3.284247e-03 2 1 3 1 1.813423e-12 0.000000e+00
328 370 6.552935e-03 4.134622e-03 2 1 3 1 2.931535e-12 0.000000e+00
328 371 6.552935e-03 5.205181e-03 2 1 3 1 5.081096e-12 0.000000e+00
328 372 6.552935e-03 6.552935e-03 2 1 3 1 8.190274e-12 0.000000e+00
328 373 6.552935e-03 8.249656e-03 2 1 3 1 4.717821e-12 0.000000e+00
329 363 8.249656e-03 8.249656e-04 2 1 3 1 6.790953e-14 0.000000e+00
329 364 8.249656e-03 1.038570e-03 2 1 3 1 1.076911e-13 0.000000e+00
329 365 8.249656e-03 1.307482e-03 2 1 3 1 1.707458e-13 0.000000e+00
329 366 8.249656e-03 1.646023e-03 2 1 3 1 2.708736e-13 0.000000e+00
329 367 8.249656e-03 2.072220e-03 2 1 3 1 4.298796e-13 0.000000e+00
329 368 8.249656e-03 2.608770e-03 2 1 3 1 6.828614e-13 0.000000e+00
329 369 8.249656e-03 3.284247e-03 2 1 3 1 1.086398e-12 0.000000e+00
329 370 8.249656e-03 4.134622e-03 2 1 3 1 1.733650e-12 0.000000e+00
329 371 8.249656e-03 5.205181e-03 2 1 3 1 2.788533e-12 0.000000e+00
329 372 8.249656e-03 6.552935e-03 2 1 3 1 4.717821e-12 0.000000e+00
329 373 8.249656e-03 8.249656e-03 2 1 3 1 7.375360e-12 0.000000e+00
