# Please cite the following papers in research using this covariance:
# arXiv: 1601.05779, https://arxiv.org/abs/1601.05779
# arXiv: 1911.11947, https://arxiv.org/abs/1911.11947
# arXiv: 2004.04833, https://arxiv.org/abs/2004.04833
# arXiv: 1804.10663, https://arxiv.org/abs/1804.10663
########################################################
286 418 8.249656e-04 8.249656e-04 1 2 4 2 6.585705e-12 0.000000e+00
286 419 8.249656e-04 1.038570e-03 1 2 4 2 4.395205e-12 0.000000e+00
286 420 8.249656e-04 1.307482e-03 1 2 4 2 2.233097e-12 0.000000e+00
286 421 8.249656e-04 1.646023e-03 1 2 4 2 1.103826e-12 0.000000e+00
286 422 8.249656e-04 2.072220e-03 1 2 4 2 5.490626e-13 0.000000e+00
286 423 8.249656e-04 2.608770e-03 1 2 4 2 2.817062e-13 0.000000e+00
286 424 8.249656e-04 3.284247e-03 1 2 4 2 1.518681e-13 0.000000e+00
286 425 8.249656e-04 4.134622e-03 1 2 4 2 8.705153e-14 0.000000e+00
286 426 8.249656e-04 5.205181e-03 1 2 4 2 5.317753e-14 0.000000e+00
286 427 8.249656e-04 6.552935e-03 1 2 4 2 3.438921e-14 0.000000e+00
286 428 8.249656e-04 8.249656e-03 1 2 4 2 2.322269e-14 0.000000e+00
287 418 1.038570e-03 8.249656e-04 1 2 4 2 4.395205e-12 0.000000e+00
287 419 1.038570e-03 1.038570e-03 1 2 4 2 6.044672e-12 0.000000e+00
287 420 1.038570e-03 1.307482e-03 1 2 4 2 3.869701e-12 0.000000e+00
287 421 1.038570e-03 1.646023e-03 1 2 4 2 1.874796e-12 0.000000e+00
287 422 1.038570e-03 2.072220e-03 1 2 4 2 9.094919e-13 0.000000e+00
287 423 1.038570e-03 2.608770e-03 1 2 4 2 4.576238e-13 0.000000e+00
287 424 1.038570e-03 3.284247e-03 1 2 4 2 2.436299e-13 0.000000e+00
287 425 1.038570e-03 4.134622e-03 1 2 4 2 1.386482e-13 0.000000e+00
287 426 1.038570e-03 5.205181e-03 1 2 4 2 8.440410e-14 0.000000e+00
287 427 1.038570e-03 6.552935e-03 1 2 4 2 5.449940e-14 0.000000e+00
287 428 1.038570e-03 8.249656e-03 1 2 4 2 3.679538e-14 0.000000e+00
288 418 1.307482e-03 8.249656e-04 1 2 4 2 2.233097e-12 0.000000e+00
288 419 1.307482e-03 1.038570e-03 1 2 4 2 3.869701e-12 0.000000e+00
288 420 1.307482e-03 1.307482e-03 1 2 4 2 5.447281e-12 0.000000e+00
288 421 1.307482e-03 1.646023e-03 1 2 4 2 3.343112e-12 0.000000e+00
288 422 1.307482e-03 2.072220e-03 1 2 4 2 1.558387e-12 0.000000e+00
288 423 1.307482e-03 2.608770e-03 1 2 4 2 7.572270e-13 0.000000e+00
288 424 1.307482e-03 3.284247e-03 1 2 4 2 3.942400e-13 0.000000e+00
288 425 1.307482e-03 4.134622e-03 1 2 4 2 2.216141e-13 0.000000e+00
288 426 1.307482e-03 5.205181e-03 1 2 4 2 1.341170e-13 0.000000e+00
288 427 1.307482e-03 6.552935e-03 1 2 4 2 8.638729e-14 0.000000e+00
288 428 1.307482e-03 8.249656e-03 1 2 4 2 5.827630e-14 0.000000e+00
289 418 1.646023e-03 8.249656e-04 1 2 4 2 1.103826e-12 0.000000e+00
289 419 1.646023e-03 1.038570e-03 1 2 4 2 1.874796e-12 0.000000e+00
289 420 1.646023e-03 1.307482e-03 1 2 4 2 3.343112e-12 0.000000e+00
289 421 1.646023e-03 1.646023e-03 1 2 4 2 4.835100e-12 0.000000e+00
289 422 1.646023e-03 2.072220e-03 1 2 4 2 2.851267e-12 0.000000e+00
289 423 1.646023e-03 2.608770e-03 1 2 4 2 1.300104e-12 0.000000e+00
289 424 1.646023e-03 3.284247e-03 1 2 4 2 6.487004e-13 0.000000e+00
289 425 1.646023e-03 4.134622e-03 1 2 4 2 3.565269e-13 0.000000e+00
289 426 1.646023e-03 5.205181e-03 1 2 4 2 2.135058e-13 0.000000e+00
289 427 1.646023e-03 6.552935e-03 1 2 4 2 1.369538e-13 0.000000e+00
289 428 1.646023e-03 8.249656e-03 1 2 4 2 9.227869e-14 0.000000e+00
290 418 2.072220e-03 8.249656e-04 1 2 4 2 5.490626e-13 0.000000e+00
290 419 2.072220e-03 1.038570e-03 1 2 4 2 9.094919e-13 0.000000e+00
290 420 2.072220e-03 1.307482e-03 1 2 4 2 1.558387e-12 0.000000e+00
290 421 2.072220e-03 1.646023e-03 1 2 4 2 2.851267e-12 0.000000e+00
290 422 2.072220e-03 2.072220e-03 1 2 4 2 4.245070e-12 0.000000e+00
290 423 2.072220e-03 2.608770e-03 1 2 4 2 2.421751e-12 0.000000e+00
290 424 2.072220e-03 3.284247e-03 1 2 4 2 1.106758e-12 0.000000e+00
290 425 2.072220e-03 4.134622e-03 1 2 4 2 5.811928e-13 0.000000e+00
290 426 2.072220e-03 5.205181e-03 1 2 4 2 3.412017e-13 0.000000e+00
290 427 2.072220e-03 6.552935e-03 1 2 4 2 2.172240e-13 0.000000e+00
290 428 2.072220e-03 8.249656e-03 1 2 4 2 1.460321e-13 0.000000e+00
291 418 2.608770e-03 8.249656e-04 1 2 4 2 2.817062e-13 0.000000e+00
291 419 2.608770e-03 1.038570e-03 1 2 4 2 4.576238e-13 0.000000e+00
291 420 2.608770e-03 1.307482e-03 1 2 4 2 7.572270e-13 0.000000e+00
291 421 2.608770e-03 1.646023e-03 1 2 4 2 1.300104e-12 0.000000e+00
291 422 2.608770e-03 2.072220e-03 1 2 4 2 2.421751e-12 0.000000e+00
291 423 2.608770e-03 2.608770e-03 1 2 4 2 3.707580e-12 0.000000e+00
291 424 2.608770e-03 3.284247e-03 1 2 4 2 2.071918e-12 0.000000e+00
291 425 2.608770e-03 4.134622e-03 1 2 4 2 9.776324e-13 0.000000e+00
291 426 2.608770e-03 5.205181e-03 1 2 4 2 5.500025e-13 0.000000e+00
291 427 2.608770e-03 6.552935e-03 1 2 4 2 3.449850e-13 0.000000e+00
291 428 2.608770e-03 8.249656e-03 1 2 4 2 2.309453e-13 0.000000e+00
292 418 3.284247e-03 8.249656e-04 1 2 4 2 1.518681e-13 0.000000e+00
292 419 3.284247e-03 1.038570e-03 1 2 4 2 2.436299e-13 0.000000e+00
292 420 3.284247e-03 1.307482e-03 1 2 4 2 3.942400e-13 0.000000e+00
292 421 3.284247e-03 1.646023e-03 1 2 4 2 6.487004e-13 0.000000e+00
292 422 3.284247e-03 2.072220e-03 1 2 4 2 1.106758e-12 0.000000e+00
292 423 3.284247e-03 2.608770e-03 1 2 4 2 2.071918e-12 0.000000e+00
292 424 3.284247e-03 3.284247e-03 1 2 4 2 3.244578e-12 0.000000e+00
292 425 3.284247e-03 4.134622e-03 1 2 4 2 1.809528e-12 0.000000e+00
292 426 3.284247e-03 5.205181e-03 1 2 4 2 9.075167e-13 0.000000e+00
292 427 3.284247e-03 6.552935e-03 1 2 4 2 5.500577e-13 0.000000e+00
292 428 3.284247e-03 8.249656e-03 1 2 4 2 3.649431e-13 0.000000e+00
293 418 4.134622e-03 8.249656e-04 1 2 4 2 8.705153e-14 0.000000e+00
293 419 4.134622e-03 1.038570e-03 1 2 4 2 1.386482e-13 0.000000e+00
293 420 4.134622e-03 1.307482e-03 1 2 4 2 2.216141e-13 0.000000e+00
293 421 4.134622e-03 1.646023e-03 1 2 4 2 3.565269e-13 0.000000e+00
293 422 4.134622e-03 2.072220e-03 1 2 4 2 5.811928e-13 0.000000e+00
293 423 4.134622e-03 2.608770e-03 1 2 4 2 9.776324e-13 0.000000e+00
293 424 4.134622e-03 3.284247e-03 1 2 4 2 1.809528e-12 0.000000e+00
293 425 4.134622e-03 4.134622e-03 1 2 4 2 2.869788e-12 0.000000e+00
293 426 4.134622e-03 5.205181e-03 1 2 4 2 1.634770e-12 0.000000e+00
293 427 4.134622e-03 6.552935e-03 1 2 4 2 8.893297e-13 0.000000e+00
293 428 4.134622e-03 8.249656e-03 1 2 4 2 5.766261e-13 0.000000e+00
294 418 5.205181e-03 8.249656e-04 1 2 4 2 5.317753e-14 0.000000e+00
294 419 5.205181e-03 1.038570e-03 1 2 4 2 8.440410e-14 0.000000e+00
294 420 5.205181e-03 1.307482e-03 1 2 4 2 1.341170e-13 0.000000e+00
294 421 5.205181e-03 1.646023e-03 1 2 4 2 2.135058e-13 0.000000e+00
294 422 5.205181e-03 2.072220e-03 1 2 4 2 3.412017e-13 0.000000e+00
294 423 5.205181e-03 2.608770e-03 1 2 4 2 5.500025e-13 0.000000e+00
294 424 5.205181e-03 3.284247e-03 1 2 4 2 9.075167e-13 0.000000e+00
294 425 5.205181e-03 4.134622e-03 1 2 4 2 1.634770e-12 0.000000e+00
294 426 5.205181e-03 5.205181e-03 1 2 4 2 2.589807e-12 0.000000e+00
294 427 5.205181e-03 6.552935e-03 1 2 4 2 1.542737e-12 0.000000e+00
294 428 5.205181e-03 8.249656e-03 1 2 4 2 9.156782e-13 0.000000e+00
295 418 6.552935e-03 8.249656e-04 1 2 4 2 3.438921e-14 0.000000e+00
295 419 6.552935e-03 1.038570e-03 1 2 4 2 5.449940e-14 0.000000e+00
295 420 6.552935e-03 1.307482e-03 1 2 4 2 8.638729e-14 0.000000e+00
295 421 6.552935e-03 1.646023e-03 1 2 4 2 1.369538e-13 0.000000e+00
295 422 6.552935e-03 2.072220e-03 1 2 4 2 2.172240e-13 0.000000e+00
295 423 6.552935e-03 2.608770e-03 1 2 4 2 3.449850e-13 0.000000e+00
295 424 6.552935e-03 3.284247e-03 1 2 4 2 5.500577e-13 0.000000e+00
295 425 6.552935e-03 4.134622e-03 1 2 4 2 8.893297e-13 0.000000e+00
295 426 6.552935e-03 5.205181e-03 1 2 4 2 1.542737e-12 0.000000e+00
295 427 6.552935e-03 6.552935e-03 1 2 4 2 2.405482e-12 0.000000e+00
295 428 6.552935e-03 8.249656e-03 1 2 4 2 1.525444e-12 0.000000e+00
296 418 8.249656e-03 8.249656e-04 1 2 4 2 2.322269e-14 0.000000e+00
296 419 8.249656e-03 1.038570e-03 1 2 4 2 3.679538e-14 0.000000e+00
296 420 8.249656e-03 1.307482e-03 1 2 4 2 5.827630e-14 0.000000e+00
296 421 8.249656e-03 1.646023e-03 1 2 4 2 9.227869e-14 0.000000e+00
296 422 8.249656e-03 2.072220e-03 1 2 4 2 1.460321e-13 0.000000e+00
296 423 8.249656e-03 2.608770e-03 1 2 4 2 2.309453e-13 0.000000e+00
296 424 8.249656e-03 3.284247e-03 1 2 4 2 3.649431e-13 0.000000e+00
296 425 8.249656e-03 4.134622e-03 1 2 4 2 5.766261e-13 0.000000e+00
296 426 8.249656e-03 5.205181e-03 1 2 4 2 9.156782e-13 0.000000e+00
296 427 8.249656e-03 6.552935e-03 1 2 4 2 1.525444e-12 0.000000e+00
296 428 8.249656e-03 8.249656e-03 1 2 4 2 2.312898e-12 0.000000e+00
