# Please cite the following papers in research using this covariance:
# arXiv: 1601.05779, https://arxiv.org/abs/1601.05779
# arXiv: 1911.11947, https://arxiv.org/abs/1911.11947
# arXiv: 2004.04833, https://arxiv.org/abs/2004.04833
# arXiv: 1804.10663, https://arxiv.org/abs/1804.10663
########################################################
341 440 8.249656e-04 8.249656e-04 2 3 5 0 6.641557e-14 0.000000e+00
341 441 8.249656e-04 1.038570e-03 2 3 5 0 6.461592e-14 0.000000e+00
341 442 8.249656e-04 1.307482e-03 2 3 5 0 5.255804e-14 0.000000e+00
341 443 8.249656e-04 1.646023e-03 2 3 5 0 3.934704e-14 0.000000e+00
341 444 8.249656e-04 2.072220e-03 2 3 5 0 2.846288e-14 0.000000e+00
341 445 8.249656e-04 2.608770e-03 2 3 5 0 2.043365e-14 0.000000e+00
341 446 8.249656e-04 3.284247e-03 2 3 5 0 1.479867e-14 0.000000e+00
341 447 8.249656e-04 4.134622e-03 2 3 5 0 1.090532e-14 0.000000e+00
341 448 8.249656e-04 5.205181e-03 2 3 5 0 8.186063e-15 0.000000e+00
341 449 8.249656e-04 6.552935e-03 2 3 5 0 6.228611e-15 0.000000e+00
341 450 8.249656e-04 8.249656e-03 2 3 5 0 4.762351e-15 0.000000e+00
342 440 1.038570e-03 8.249656e-04 2 3 5 0 6.461592e-14 0.000000e+00
342 441 1.038570e-03 1.038570e-03 2 3 5 0 7.995781e-14 0.000000e+00
342 442 1.038570e-03 1.307482e-03 2 3 5 0 7.595159e-14 0.000000e+00
342 443 1.038570e-03 1.646023e-03 2 3 5 0 6.009732e-14 0.000000e+00
342 444 1.038570e-03 2.072220e-03 2 3 5 0 4.435019e-14 0.000000e+00
342 445 1.038570e-03 2.608770e-03 2 3 5 0 3.208999e-14 0.000000e+00
342 446 1.038570e-03 3.284247e-03 2 3 5 0 2.331931e-14 0.000000e+00
342 447 1.038570e-03 4.134622e-03 2 3 5 0 1.721416e-14 0.000000e+00
342 448 1.038570e-03 5.205181e-03 2 3 5 0 1.293646e-14 0.000000e+00
342 449 1.038570e-03 6.552935e-03 2 3 5 0 9.851513e-15 0.000000e+00
342 450 1.038570e-03 8.249656e-03 2 3 5 0 7.537296e-15 0.000000e+00
343 440 1.307482e-03 8.249656e-04 2 3 5 0 5.255804e-14 0.000000e+00
343 441 1.307482e-03 1.038570e-03 2 3 5 0 7.595159e-14 0.000000e+00
343 442 1.307482e-03 1.307482e-03 2 3 5 0 9.426608e-14 0.000000e+00
343 443 1.307482e-03 1.646023e-03 2 3 5 0 8.772561e-14 0.000000e+00
343 444 1.307482e-03 2.072220e-03 2 3 5 0 6.806707e-14 0.000000e+00
343 445 1.307482e-03 2.608770e-03 2 3 5 0 5.006455e-14 0.000000e+00
343 446 1.307482e-03 3.284247e-03 2 3 5 0 3.661055e-14 0.000000e+00
343 447 1.307482e-03 4.134622e-03 2 3 5 0 2.710618e-14 0.000000e+00
343 448 1.307482e-03 5.205181e-03 2 3 5 0 2.040815e-14 0.000000e+00
343 449 1.307482e-03 6.552935e-03 2 3 5 0 1.556284e-14 0.000000e+00
343 450 1.307482e-03 8.249656e-03 2 3 5 0 1.191937e-14 0.000000e+00
344 440 1.646023e-03 8.249656e-04 2 3 5 0 3.934704e-14 0.000000e+00
344 441 1.646023e-03 1.038570e-03 2 3 5 0 6.009732e-14 0.000000e+00
344 442 1.646023e-03 1.307482e-03 2 3 5 0 8.772561e-14 0.000000e+00
344 443 1.646023e-03 1.646023e-03 2 3 5 0 1.094766e-13 0.000000e+00
344 444 1.646023e-03 2.072220e-03 2 3 5 0 1.002938e-13 0.000000e+00
344 445 1.646023e-03 2.608770e-03 2 3 5 0 7.706423e-14 0.000000e+00
344 446 1.646023e-03 3.284247e-03 2 3 5 0 5.710614e-14 0.000000e+00
344 447 1.646023e-03 4.134622e-03 2 3 5 0 4.251026e-14 0.000000e+00
344 448 1.646023e-03 5.205181e-03 2 3 5 0 3.210524e-14 0.000000e+00
344 449 1.646023e-03 6.552935e-03 2 3 5 0 2.453739e-14 0.000000e+00
344 450 1.646023e-03 8.249656e-03 2 3 5 0 1.882426e-14 0.000000e+00
345 440 2.072220e-03 8.249656e-04 2 3 5 0 2.846288e-14 0.000000e+00
345 441 2.072220e-03 1.038570e-03 2 3 5 0 4.435019e-14 0.000000e+00
345 442 2.072220e-03 1.307482e-03 2 3 5 0 6.806707e-14 0.000000e+00
345 443 2.072220e-03 1.646023e-03 2 3 5 0 1.002938e-13 0.000000e+00
345 444 2.072220e-03 2.072220e-03 2 3 5 0 1.260726e-13 0.000000e+00
345 445 2.072220e-03 2.608770e-03 2 3 5 0 1.143868e-13 0.000000e+00
345 446 2.072220e-03 3.284247e-03 2 3 5 0 8.795829e-14 0.000000e+00
345 447 2.072220e-03 4.134622e-03 2 3 5 0 6.620928e-14 0.000000e+00
345 448 2.072220e-03 5.205181e-03 2 3 5 0 5.027527e-14 0.000000e+00
345 449 2.072220e-03 6.552935e-03 2 3 5 0 3.856547e-14 0.000000e+00
345 450 2.072220e-03 8.249656e-03 2 3 5 0 2.966626e-14 0.000000e+00
346 440 2.608770e-03 8.249656e-04 2 3 5 0 2.043365e-14 0.000000e+00
346 441 2.608770e-03 1.038570e-03 2 3 5 0 3.208999e-14 0.000000e+00
346 442 2.608770e-03 1.307482e-03 2 3 5 0 5.006455e-14 0.000000e+00
346 443 2.608770e-03 1.646023e-03 2 3 5 0 7.706423e-14 0.000000e+00
346 444 2.608770e-03 2.072220e-03 2 3 5 0 1.143868e-13 0.000000e+00
346 445 2.608770e-03 2.608770e-03 2 3 5 0 1.449360e-13 0.000000e+00
346 446 2.608770e-03 3.284247e-03 2 3 5 0 1.311031e-13 0.000000e+00
346 447 2.608770e-03 4.134622e-03 2 3 5 0 1.018108e-13 0.000000e+00
346 448 2.608770e-03 5.205181e-03 2 3 5 0 7.812302e-14 0.000000e+00
346 449 2.608770e-03 6.552935e-03 2 3 5 0 6.030065e-14 0.000000e+00
346 450 2.608770e-03 8.249656e-03 2 3 5 0 4.659225e-14 0.000000e+00
347 440 3.284247e-03 8.249656e-04 2 3 5 0 1.479867e-14 0.000000e+00
347 441 3.284247e-03 1.038570e-03 2 3 5 0 2.331931e-14 0.000000e+00
347 442 3.284247e-03 1.307482e-03 2 3 5 0 3.661055e-14 0.000000e+00
347 443 3.284247e-03 1.646023e-03 2 3 5 0 5.710614e-14 0.000000e+00
347 444 3.284247e-03 2.072220e-03 2 3 5 0 8.795829e-14 0.000000e+00
347 445 3.284247e-03 2.608770e-03 2 3 5 0 1.311031e-13 0.000000e+00
347 446 3.284247e-03 3.284247e-03 2 3 5 0 1.673305e-13 0.000000e+00
347 447 3.284247e-03 4.134622e-03 2 3 5 0 1.518219e-13 0.000000e+00
347 448 3.284247e-03 5.205181e-03 2 3 5 0 1.197347e-13 0.000000e+00
347 449 3.284247e-03 6.552935e-03 2 3 5 0 9.346986e-14 0.000000e+00
347 450 3.284247e-03 8.249656e-03 2 3 5 0 7.276178e-14 0.000000e+00
348 440 4.134622e-03 8.249656e-04 2 3 5 0 1.090532e-14 0.000000e+00
348 441 4.134622e-03 1.038570e-03 2 3 5 0 1.721416e-14 0.000000e+00
348 442 4.134622e-03 1.307482e-03 2 3 5 0 2.710618e-14 0.000000e+00
348 443 4.134622e-03 1.646023e-03 2 3 5 0 4.251026e-14 0.000000e+00
348 444 4.134622e-03 2.072220e-03 2 3 5 0 6.620928e-14 0.000000e+00
348 445 4.134622e-03 2.608770e-03 2 3 5 0 1.018108e-13 0.000000e+00
348 446 4.134622e-03 3.284247e-03 2 3 5 0 1.518219e-13 0.000000e+00
348 447 4.134622e-03 4.134622e-03 2 3 5 0 1.948003e-13 0.000000e+00
348 448 4.134622e-03 5.205181e-03 2 3 5 0 1.780335e-13 0.000000e+00
348 449 4.134622e-03 6.552935e-03 2 3 5 0 1.426854e-13 0.000000e+00
348 450 4.134622e-03 8.249656e-03 2 3 5 0 1.125473e-13 0.000000e+00
349 440 5.205181e-03 8.249656e-04 2 3 5 0 8.186063e-15 0.000000e+00
349 441 5.205181e-03 1.038570e-03 2 3 5 0 1.293646e-14 0.000000e+00
349 442 5.205181e-03 1.307482e-03 2 3 5 0 2.040815e-14 0.000000e+00
349 443 5.205181e-03 1.646023e-03 2 3 5 0 3.210524e-14 0.000000e+00
349 444 5.205181e-03 2.072220e-03 2 3 5 0 5.027527e-14 0.000000e+00
349 445 5.205181e-03 2.608770e-03 2 3 5 0 7.812302e-14 0.000000e+00
349 446 5.205181e-03 3.284247e-03 2 3 5 0 1.197347e-13 0.000000e+00
349 447 5.205181e-03 4.134622e-03 2 3 5 0 1.780335e-13 0.000000e+00
349 448 5.205181e-03 5.205181e-03 2 3 5 0 2.289695e-13 0.000000e+00
349 449 5.205181e-03 6.552935e-03 2 3 5 0 2.110617e-13 0.000000e+00
349 450 5.205181e-03 8.249656e-03 2 3 5 0 1.711674e-13 0.000000e+00
350 440 6.552935e-03 8.249656e-04 2 3 5 0 6.228611e-15 0.000000e+00
350 441 6.552935e-03 1.038570e-03 2 3 5 0 9.851513e-15 0.000000e+00
350 442 6.552935e-03 1.307482e-03 2 3 5 0 1.556284e-14 0.000000e+00
350 443 6.552935e-03 1.646023e-03 2 3 5 0 2.453739e-14 0.000000e+00
350 444 6.552935e-03 2.072220e-03 2 3 5 0 3.856547e-14 0.000000e+00
350 445 6.552935e-03 2.608770e-03 2 3 5 0 6.030065e-14 0.000000e+00
350 446 6.552935e-03 3.284247e-03 2 3 5 0 9.346986e-14 0.000000e+00
350 447 6.552935e-03 4.134622e-03 2 3 5 0 1.426854e-13 0.000000e+00
350 448 6.552935e-03 5.205181e-03 2 3 5 0 2.110617e-13 0.000000e+00
350 449 6.552935e-03 6.552935e-03 2 3 5 0 2.712100e-13 0.000000e+00
350 450 6.552935e-03 8.249656e-03 2 3 5 0 2.516669e-13 0.000000e+00
351 440 8.249656e-03 8.249656e-04 2 3 5 0 4.762351e-15 0.000000e+00
351 441 8.249656e-03 1.038570e-03 2 3 5 0 7.537296e-15 0.000000e+00
351 442 8.249656e-03 1.307482e-03 2 3 5 0 1.191937e-14 0.000000e+00
351 443 8.249656e-03 1.646023e-03 2 3 5 0 1.882426e-14 0.000000e+00
351 444 8.249656e-03 2.072220e-03 2 3 5 0 2.966626e-14 0.000000e+00
351 445 8.249656e-03 2.608770e-03 2 3 5 0 4.659225e-14 0.000000e+00
351 446 8.249656e-03 3.284247e-03 2 3 5 0 7.276178e-14 0.000000e+00
351 447 8.249656e-03 4.134622e-03 2 3 5 0 1.125473e-13 0.000000e+00
351 448 8.249656e-03 5.205181e-03 2 3 5 0 1.711674e-13 0.000000e+00
351 449 8.249656e-03 6.552935e-03 2 3 5 0 2.516669e-13 0.000000e+00
351 450 8.249656e-03 8.249656e-03 2 3 5 0 3.221691e-13 0.000000e+00
