# Please cite the following papers in research using this covariance:
# arXiv: 1601.05779, https://arxiv.org/abs/1601.05779
# arXiv: 1911.11947, https://arxiv.org/abs/1911.11947
# arXiv: 2004.04833, https://arxiv.org/abs/2004.04833
# arXiv: 1804.10663, https://arxiv.org/abs/1804.10663
########################################################
352 473 8.249656e-04 8.249656e-04 3 0 5 3 9.343082e-14 0.000000e+00
352 474 8.249656e-04 1.038570e-03 3 0 5 3 9.092510e-14 0.000000e+00
352 475 8.249656e-04 1.307482e-03 3 0 5 3 7.441447e-14 0.000000e+00
352 476 8.249656e-04 1.646023e-03 3 0 5 3 5.663279e-14 0.000000e+00
352 477 8.249656e-04 2.072220e-03 3 0 5 3 4.200051e-14 0.000000e+00
352 478 8.249656e-04 2.608770e-03 3 0 5 3 3.106232e-14 0.000000e+00
352 479 8.249656e-04 3.284247e-03 3 0 5 3 2.316844e-14 0.000000e+00
352 480 8.249656e-04 4.134622e-03 3 0 5 3 1.748175e-14 0.000000e+00
352 481 8.249656e-04 5.205181e-03 3 0 5 3 1.330856e-14 0.000000e+00
352 482 8.249656e-04 6.552935e-03 3 0 5 3 1.015898e-14 0.000000e+00
352 483 8.249656e-04 8.249656e-03 3 0 5 3 7.715963e-15 0.000000e+00
353 473 1.038570e-03 8.249656e-04 3 0 5 3 9.092510e-14 0.000000e+00
353 474 1.038570e-03 1.038570e-03 3 0 5 3 1.129435e-13 0.000000e+00
353 475 1.038570e-03 1.307482e-03 3 0 5 3 1.077577e-13 0.000000e+00
353 476 1.038570e-03 1.646023e-03 3 0 5 3 8.641925e-14 0.000000e+00
353 477 1.038570e-03 2.072220e-03 3 0 5 3 6.531835e-14 0.000000e+00
353 478 1.038570e-03 2.608770e-03 3 0 5 3 4.869128e-14 0.000000e+00
353 479 1.038570e-03 3.284247e-03 3 0 5 3 3.645842e-14 0.000000e+00
353 480 1.038570e-03 4.134622e-03 3 0 5 3 2.757296e-14 0.000000e+00
353 481 1.038570e-03 5.205181e-03 3 0 5 3 2.102343e-14 0.000000e+00
353 482 1.038570e-03 6.552935e-03 3 0 5 3 1.606574e-14 0.000000e+00
353 483 1.038570e-03 8.249656e-03 3 0 5 3 1.221171e-14 0.000000e+00
354 473 1.307482e-03 8.249656e-04 3 0 5 3 7.441447e-14 0.000000e+00
354 474 1.307482e-03 1.038570e-03 3 0 5 3 1.077577e-13 0.000000e+00
354 475 1.307482e-03 1.307482e-03 3 0 5 3 1.343578e-13 0.000000e+00
354 476 1.307482e-03 1.646023e-03 3 0 5 3 1.261922e-13 0.000000e+00
354 477 1.307482e-03 2.072220e-03 3 0 5 3 9.998991e-14 0.000000e+00
354 478 1.307482e-03 2.608770e-03 3 0 5 3 7.574672e-14 0.000000e+00
354 479 1.307482e-03 3.284247e-03 3 0 5 3 5.711390e-14 0.000000e+00
354 480 1.307482e-03 4.134622e-03 3 0 5 3 4.336122e-14 0.000000e+00
354 481 1.307482e-03 5.205181e-03 3 0 5 3 3.314513e-14 0.000000e+00
354 482 1.307482e-03 6.552935e-03 3 0 5 3 2.537389e-14 0.000000e+00
354 483 1.307482e-03 8.249656e-03 3 0 5 3 1.931080e-14 0.000000e+00
355 473 1.646023e-03 8.249656e-04 3 0 5 3 5.663279e-14 0.000000e+00
355 474 1.646023e-03 1.038570e-03 3 0 5 3 8.641925e-14 0.000000e+00
355 475 1.646023e-03 1.307482e-03 3 0 5 3 1.261922e-13 0.000000e+00
355 476 1.646023e-03 1.646023e-03 3 0 5 3 1.582194e-13 0.000000e+00
355 477 1.646023e-03 2.072220e-03 3 0 5 3 1.470268e-13 0.000000e+00
355 478 1.646023e-03 2.608770e-03 3 0 5 3 1.161038e-13 0.000000e+00
355 479 1.646023e-03 3.284247e-03 3 0 5 3 8.877806e-14 0.000000e+00
355 480 1.646023e-03 4.134622e-03 3 0 5 3 6.785853e-14 0.000000e+00
355 481 1.646023e-03 5.205181e-03 3 0 5 3 5.208890e-14 0.000000e+00
355 482 1.646023e-03 6.552935e-03 3 0 5 3 3.999107e-14 0.000000e+00
355 483 1.646023e-03 8.249656e-03 3 0 5 3 3.049588e-14 0.000000e+00
356 473 2.072220e-03 8.249656e-04 3 0 5 3 4.200051e-14 0.000000e+00
356 474 2.072220e-03 1.038570e-03 3 0 5 3 6.531835e-14 0.000000e+00
356 475 2.072220e-03 1.307482e-03 3 0 5 3 9.998991e-14 0.000000e+00
356 476 2.072220e-03 1.646023e-03 3 0 5 3 1.470268e-13 0.000000e+00
356 477 2.072220e-03 2.072220e-03 3 0 5 3 1.855302e-13 0.000000e+00
356 478 2.072220e-03 2.608770e-03 3 0 5 3 1.715001e-13 0.000000e+00
356 479 2.072220e-03 3.284247e-03 3 0 5 3 1.359962e-13 0.000000e+00
356 480 2.072220e-03 4.134622e-03 3 0 5 3 1.053181e-13 0.000000e+00
356 481 2.072220e-03 5.205181e-03 3 0 5 3 8.142830e-14 0.000000e+00
356 482 2.072220e-03 6.552935e-03 3 0 5 3 6.281421e-14 0.000000e+00
356 483 2.072220e-03 8.249656e-03 3 0 5 3 4.805543e-14 0.000000e+00
357 473 2.608770e-03 8.249656e-04 3 0 5 3 3.106232e-14 0.000000e+00
357 474 2.608770e-03 1.038570e-03 3 0 5 3 4.869128e-14 0.000000e+00
357 475 2.608770e-03 1.307482e-03 3 0 5 3 7.574672e-14 0.000000e+00
357 476 2.608770e-03 1.646023e-03 3 0 5 3 1.161038e-13 0.000000e+00
357 477 2.608770e-03 2.072220e-03 3 0 5 3 1.715001e-13 0.000000e+00
357 478 2.608770e-03 2.608770e-03 3 0 5 3 2.177479e-13 0.000000e+00
357 479 2.608770e-03 3.284247e-03 3 0 5 3 2.012114e-13 0.000000e+00
357 480 2.608770e-03 4.134622e-03 3 0 5 3 1.610035e-13 0.000000e+00
357 481 2.608770e-03 5.205181e-03 3 0 5 3 1.261568e-13 0.000000e+00
357 482 2.608770e-03 6.552935e-03 3 0 5 3 9.810729e-14 0.000000e+00
357 483 2.608770e-03 8.249656e-03 3 0 5 3 7.545862e-14 0.000000e+00
358 473 3.284247e-03 8.249656e-04 3 0 5 3 2.316844e-14 0.000000e+00
358 474 3.284247e-03 1.038570e-03 3 0 5 3 3.645842e-14 0.000000e+00
358 475 3.284247e-03 1.307482e-03 3 0 5 3 5.711390e-14 0.000000e+00
358 476 3.284247e-03 1.646023e-03 3 0 5 3 8.877806e-14 0.000000e+00
358 477 3.284247e-03 2.072220e-03 3 0 5 3 1.359962e-13 0.000000e+00
358 478 3.284247e-03 2.608770e-03 3 0 5 3 2.012114e-13 0.000000e+00
358 479 3.284247e-03 3.284247e-03 3 0 5 3 2.566887e-13 0.000000e+00
358 480 3.284247e-03 4.134622e-03 3 0 5 3 2.379387e-13 0.000000e+00
358 481 3.284247e-03 5.205181e-03 3 0 5 3 1.923326e-13 0.000000e+00
358 482 3.284247e-03 6.552935e-03 3 0 5 3 1.517651e-13 0.000000e+00
358 483 3.284247e-03 8.249656e-03 3 0 5 3 1.177940e-13 0.000000e+00
359 473 4.134622e-03 8.249656e-04 3 0 5 3 1.748175e-14 0.000000e+00
359 474 4.134622e-03 1.038570e-03 3 0 5 3 2.757296e-14 0.000000e+00
359 475 4.134622e-03 1.307482e-03 3 0 5 3 4.336122e-14 0.000000e+00
359 476 4.134622e-03 1.646023e-03 3 0 5 3 6.785853e-14 0.000000e+00
359 477 4.134622e-03 2.072220e-03 3 0 5 3 1.053181e-13 0.000000e+00
359 478 4.134622e-03 2.608770e-03 3 0 5 3 1.610035e-13 0.000000e+00
359 479 4.134622e-03 3.284247e-03 3 0 5 3 2.379387e-13 0.000000e+00
359 480 4.134622e-03 4.134622e-03 3 0 5 3 3.043165e-13 0.000000e+00
359 481 4.134622e-03 5.205181e-03 3 0 5 3 2.833480e-13 0.000000e+00
359 482 4.134622e-03 6.552935e-03 3 0 5 3 2.307575e-13 0.000000e+00
359 483 4.134622e-03 8.249656e-03 3 0 5 3 1.820377e-13 0.000000e+00
360 473 5.205181e-03 8.249656e-04 3 0 5 3 1.330856e-14 0.000000e+00
360 474 5.205181e-03 1.038570e-03 3 0 5 3 2.102343e-14 0.000000e+00
360 475 5.205181e-03 1.307482e-03 3 0 5 3 3.314513e-14 0.000000e+00
360 476 5.205181e-03 1.646023e-03 3 0 5 3 5.208890e-14 0.000000e+00
360 477 5.205181e-03 2.072220e-03 3 0 5 3 8.142830e-14 0.000000e+00
360 478 5.205181e-03 2.608770e-03 3 0 5 3 1.261568e-13 0.000000e+00
360 479 5.205181e-03 3.284247e-03 3 0 5 3 1.923326e-13 0.000000e+00
360 480 5.205181e-03 4.134622e-03 3 0 5 3 2.833480e-13 0.000000e+00
360 481 5.205181e-03 5.205181e-03 3 0 5 3 3.624063e-13 0.000000e+00
360 482 5.205181e-03 6.552935e-03 3 0 5 3 3.385841e-13 0.000000e+00
360 483 5.205181e-03 8.249656e-03 3 0 5 3 2.762332e-13 0.000000e+00
361 473 6.552935e-03 8.249656e-04 3 0 5 3 1.015898e-14 0.000000e+00
361 474 6.552935e-03 1.038570e-03 3 0 5 3 1.606574e-14 0.000000e+00
361 475 6.552935e-03 1.307482e-03 3 0 5 3 2.537389e-14 0.000000e+00
361 476 6.552935e-03 1.646023e-03 3 0 5 3 3.999107e-14 0.000000e+00
361 477 6.552935e-03 2.072220e-03 3 0 5 3 6.281421e-14 0.000000e+00
361 478 6.552935e-03 2.608770e-03 3 0 5 3 9.810729e-14 0.000000e+00
361 479 6.552935e-03 3.284247e-03 3 0 5 3 1.517651e-13 0.000000e+00
361 480 6.552935e-03 4.134622e-03 3 0 5 3 2.307575e-13 0.000000e+00
361 481 6.552935e-03 5.205181e-03 3 0 5 3 3.385841e-13 0.000000e+00
361 482 6.552935e-03 6.552935e-03 3 0 5 3 4.320612e-13 0.000000e+00
361 483 6.552935e-03 8.249656e-03 3 0 5 3 4.037368e-13 0.000000e+00
362 473 8.249656e-03 8.249656e-04 3 0 5 3 7.715963e-15 0.000000e+00
362 474 8.249656e-03 1.038570e-03 3 0 5 3 1.221171e-14 0.000000e+00
362 475 8.249656e-03 1.307482e-03 3 0 5 3 1.931080e-14 0.000000e+00
362 476 8.249656e-03 1.646023e-03 3 0 5 3 3.049588e-14 0.000000e+00
362 477 8.249656e-03 2.072220e-03 3 0 5 3 4.805543e-14 0.000000e+00
362 478 8.249656e-03 2.608770e-03 3 0 5 3 7.545862e-14 0.000000e+00
362 479 8.249656e-03 3.284247e-03 3 0 5 3 1.177940e-13 0.000000e+00
362 480 8.249656e-03 4.134622e-03 3 0 5 3 1.820377e-13 0.000000e+00
362 481 8.249656e-03 5.205181e-03 3 0 5 3 2.762332e-13 0.000000e+00
362 482 8.249656e-03 6.552935e-03 3 0 5 3 4.037368e-13 0.000000e+00
362 483 8.249656e-03 8.249656e-03 3 0 5 3 5.130803e-13 0.000000e+00
