# Please cite the following papers in research using this covariance:
# arXiv: 1601.05779, https://arxiv.org/abs/1601.05779
# arXiv: 1911.11947, https://arxiv.org/abs/1911.11947
# arXiv: 2004.04833, https://arxiv.org/abs/2004.04833
# arXiv: 1804.10663, https://arxiv.org/abs/1804.10663
########################################################
308 451 8.249656e-04 8.249656e-04 2 0 5 1 2.483064e-14 0.000000e+00
308 452 8.249656e-04 1.038570e-03 2 0 5 1 2.506023e-14 0.000000e+00
308 453 8.249656e-04 1.307482e-03 2 0 5 1 2.142885e-14 0.000000e+00
308 454 8.249656e-04 1.646023e-03 2 0 5 1 1.672635e-14 0.000000e+00
308 455 8.249656e-04 2.072220e-03 2 0 5 1 1.241600e-14 0.000000e+00
308 456 8.249656e-04 2.608770e-03 2 0 5 1 8.986152e-15 0.000000e+00
308 457 8.249656e-04 3.284247e-03 2 0 5 1 6.454722e-15 0.000000e+00
308 458 8.249656e-04 4.134622e-03 2 0 5 1 4.658160e-15 0.000000e+00
308 459 8.249656e-04 5.205181e-03 2 0 5 1 3.398219e-15 0.000000e+00
308 460 8.249656e-04 6.552935e-03 2 0 5 1 2.506383e-15 0.000000e+00
308 461 8.249656e-04 8.249656e-03 2 0 5 1 1.861187e-15 0.000000e+00
309 451 1.038570e-03 8.249656e-04 2 0 5 1 2.506023e-14 0.000000e+00
309 452 1.038570e-03 1.038570e-03 2 0 5 1 3.108204e-14 0.000000e+00
309 453 1.038570e-03 1.307482e-03 2 0 5 1 3.059107e-14 0.000000e+00
309 454 1.038570e-03 1.646023e-03 2 0 5 1 2.531609e-14 0.000000e+00
309 455 1.038570e-03 2.072220e-03 2 0 5 1 1.925883e-14 0.000000e+00
309 456 1.038570e-03 2.608770e-03 2 0 5 1 1.408938e-14 0.000000e+00
309 457 1.038570e-03 3.284247e-03 2 0 5 1 1.016903e-14 0.000000e+00
309 458 1.038570e-03 4.134622e-03 2 0 5 1 7.355135e-15 0.000000e+00
309 459 1.038570e-03 5.205181e-03 2 0 5 1 5.372185e-15 0.000000e+00
309 460 1.038570e-03 6.552935e-03 2 0 5 1 3.965405e-15 0.000000e+00
309 461 1.038570e-03 8.249656e-03 2 0 5 1 2.946265e-15 0.000000e+00
310 451 1.307482e-03 8.249656e-04 2 0 5 1 2.142885e-14 0.000000e+00
310 452 1.307482e-03 1.038570e-03 2 0 5 1 3.059107e-14 0.000000e+00
310 453 1.307482e-03 1.307482e-03 2 0 5 1 3.790622e-14 0.000000e+00
310 454 1.307482e-03 1.646023e-03 2 0 5 1 3.644129e-14 0.000000e+00
310 455 1.307482e-03 2.072220e-03 2 0 5 1 2.931781e-14 0.000000e+00
310 456 1.307482e-03 2.608770e-03 2 0 5 1 2.191458e-14 0.000000e+00
310 457 1.307482e-03 3.284247e-03 2 0 5 1 1.595728e-14 0.000000e+00
310 458 1.307482e-03 4.134622e-03 2 0 5 1 1.158672e-14 0.000000e+00
310 459 1.307482e-03 5.205181e-03 2 0 5 1 8.479877e-15 0.000000e+00
310 460 1.307482e-03 6.552935e-03 2 0 5 1 6.267242e-15 0.000000e+00
310 461 1.307482e-03 8.249656e-03 2 0 5 1 4.660668e-15 0.000000e+00
311 451 1.646023e-03 8.249656e-04 2 0 5 1 1.672635e-14 0.000000e+00
311 452 1.646023e-03 1.038570e-03 2 0 5 1 2.531609e-14 0.000000e+00
311 453 1.646023e-03 1.307482e-03 2 0 5 1 3.644129e-14 0.000000e+00
311 454 1.646023e-03 1.646023e-03 2 0 5 1 4.522987e-14 0.000000e+00
311 455 1.646023e-03 2.072220e-03 2 0 5 1 4.258914e-14 0.000000e+00
311 456 1.646023e-03 2.608770e-03 2 0 5 1 3.352778e-14 0.000000e+00
311 457 1.646023e-03 3.284247e-03 2 0 5 1 2.486041e-14 0.000000e+00
311 458 1.646023e-03 4.134622e-03 2 0 5 1 1.818170e-14 0.000000e+00
311 459 1.646023e-03 5.205181e-03 2 0 5 1 1.335215e-14 0.000000e+00
311 460 1.646023e-03 6.552935e-03 2 0 5 1 9.888676e-15 0.000000e+00
311 461 1.646023e-03 8.249656e-03 2 0 5 1 7.364342e-15 0.000000e+00
312 451 2.072220e-03 8.249656e-04 2 0 5 1 1.241600e-14 0.000000e+00
312 452 2.072220e-03 1.038570e-03 2 0 5 1 1.925883e-14 0.000000e+00
312 453 2.072220e-03 1.307482e-03 2 0 5 1 2.931781e-14 0.000000e+00
312 454 2.072220e-03 1.646023e-03 2 0 5 1 4.258914e-14 0.000000e+00
312 455 2.072220e-03 2.072220e-03 2 0 5 1 5.307558e-14 0.000000e+00
312 456 2.072220e-03 2.608770e-03 2 0 5 1 4.914286e-14 0.000000e+00
312 457 2.072220e-03 3.284247e-03 2 0 5 1 3.816587e-14 0.000000e+00
312 458 2.072220e-03 4.134622e-03 2 0 5 1 2.833385e-14 0.000000e+00
312 459 2.072220e-03 5.205181e-03 2 0 5 1 2.093742e-14 0.000000e+00
312 460 2.072220e-03 6.552935e-03 2 0 5 1 1.556033e-14 0.000000e+00
312 461 2.072220e-03 8.249656e-03 2 0 5 1 1.161532e-14 0.000000e+00
313 451 2.608770e-03 8.249656e-04 2 0 5 1 8.986152e-15 0.000000e+00
313 452 2.608770e-03 1.038570e-03 2 0 5 1 1.408938e-14 0.000000e+00
313 453 2.608770e-03 1.307482e-03 2 0 5 1 2.191458e-14 0.000000e+00
313 454 2.608770e-03 1.646023e-03 2 0 5 1 3.352778e-14 0.000000e+00
313 455 2.608770e-03 2.072220e-03 2 0 5 1 4.914286e-14 0.000000e+00
313 456 2.608770e-03 2.608770e-03 2 0 5 1 6.160521e-14 0.000000e+00
313 457 2.608770e-03 3.284247e-03 2 0 5 1 5.636214e-14 0.000000e+00
313 458 2.608770e-03 4.134622e-03 2 0 5 1 4.355752e-14 0.000000e+00
313 459 2.608770e-03 5.205181e-03 2 0 5 1 3.259911e-14 0.000000e+00
313 460 2.608770e-03 6.552935e-03 2 0 5 1 2.437517e-14 0.000000e+00
313 461 2.608770e-03 8.249656e-03 2 0 5 1 1.826611e-14 0.000000e+00
314 451 3.284247e-03 8.249656e-04 2 0 5 1 6.454722e-15 0.000000e+00
314 452 3.284247e-03 1.038570e-03 2 0 5 1 1.016903e-14 0.000000e+00
314 453 3.284247e-03 1.307482e-03 2 0 5 1 1.595728e-14 0.000000e+00
314 454 3.284247e-03 1.646023e-03 2 0 5 1 2.486041e-14 0.000000e+00
314 455 3.284247e-03 2.072220e-03 2 0 5 1 3.816587e-14 0.000000e+00
314 456 3.284247e-03 2.608770e-03 2 0 5 1 5.636214e-14 0.000000e+00
314 457 3.284247e-03 3.284247e-03 2 0 5 1 7.113248e-14 0.000000e+00
314 458 3.284247e-03 4.134622e-03 2 0 5 1 6.464077e-14 0.000000e+00
314 459 3.284247e-03 5.205181e-03 2 0 5 1 5.008032e-14 0.000000e+00
314 460 3.284247e-03 6.552935e-03 2 0 5 1 3.789246e-14 0.000000e+00
314 461 3.284247e-03 8.249656e-03 2 0 5 1 2.858522e-14 0.000000e+00
315 451 4.134622e-03 8.249656e-04 2 0 5 1 4.658160e-15 0.000000e+00
315 452 4.134622e-03 1.038570e-03 2 0 5 1 7.355135e-15 0.000000e+00
315 453 4.134622e-03 1.307482e-03 2 0 5 1 1.158672e-14 0.000000e+00
315 454 4.134622e-03 1.646023e-03 2 0 5 1 1.818170e-14 0.000000e+00
315 455 4.134622e-03 2.072220e-03 2 0 5 1 2.833385e-14 0.000000e+00
315 456 4.134622e-03 2.608770e-03 2 0 5 1 4.355752e-14 0.000000e+00
315 457 4.134622e-03 3.284247e-03 2 0 5 1 6.464077e-14 0.000000e+00
315 458 4.134622e-03 4.134622e-03 2 0 5 1 8.209758e-14 0.000000e+00
315 459 4.134622e-03 5.205181e-03 2 0 5 1 7.445222e-14 0.000000e+00
315 460 4.134622e-03 6.552935e-03 2 0 5 1 5.808962e-14 0.000000e+00
315 461 4.134622e-03 8.249656e-03 2 0 5 1 4.436418e-14 0.000000e+00
316 451 5.205181e-03 8.249656e-04 2 0 5 1 3.398219e-15 0.000000e+00
316 452 5.205181e-03 1.038570e-03 2 0 5 1 5.372185e-15 0.000000e+00
316 453 5.205181e-03 1.307482e-03 2 0 5 1 8.479877e-15 0.000000e+00
316 454 5.205181e-03 1.646023e-03 2 0 5 1 1.335215e-14 0.000000e+00
316 455 5.205181e-03 2.072220e-03 2 0 5 1 2.093742e-14 0.000000e+00
316 456 5.205181e-03 2.608770e-03 2 0 5 1 3.259911e-14 0.000000e+00
316 457 5.205181e-03 3.284247e-03 2 0 5 1 5.008032e-14 0.000000e+00
316 458 5.205181e-03 4.134622e-03 2 0 5 1 7.445222e-14 0.000000e+00
316 459 5.205181e-03 5.205181e-03 2 0 5 1 9.500753e-14 0.000000e+00
316 460 5.205181e-03 6.552935e-03 2 0 5 1 8.626395e-14 0.000000e+00
316 461 5.205181e-03 8.249656e-03 2 0 5 1 6.783197e-14 0.000000e+00
317 451 6.552935e-03 8.249656e-04 2 0 5 1 2.506383e-15 0.000000e+00
317 452 6.552935e-03 1.038570e-03 2 0 5 1 3.965405e-15 0.000000e+00
317 453 6.552935e-03 1.307482e-03 2 0 5 1 6.267242e-15 0.000000e+00
317 454 6.552935e-03 1.646023e-03 2 0 5 1 9.888676e-15 0.000000e+00
317 455 6.552935e-03 2.072220e-03 2 0 5 1 1.556033e-14 0.000000e+00
317 456 6.552935e-03 2.608770e-03 2 0 5 1 2.437517e-14 0.000000e+00
317 457 6.552935e-03 3.284247e-03 2 0 5 1 3.789246e-14 0.000000e+00
317 458 6.552935e-03 4.134622e-03 2 0 5 1 5.808962e-14 0.000000e+00
317 459 6.552935e-03 5.205181e-03 2 0 5 1 8.626395e-14 0.000000e+00
317 460 6.552935e-03 6.552935e-03 2 0 5 1 1.103443e-13 0.000000e+00
317 461 6.552935e-03 8.249656e-03 2 0 5 1 1.004283e-13 0.000000e+00
318 451 8.249656e-03 8.249656e-04 2 0 5 1 1.861187e-15 0.000000e+00
318 452 8.249656e-03 1.038570e-03 2 0 5 1 2.946265e-15 0.000000e+00
318 453 8.249656e-03 1.307482e-03 2 0 5 1 4.660668e-15 0.000000e+00
318 454 8.249656e-03 1.646023e-03 2 0 5 1 7.364342e-15 0.000000e+00
318 455 8.249656e-03 2.072220e-03 2 0 5 1 1.161532e-14 0.000000e+00
318 456 8.249656e-03 2.608770e-03 2 0 5 1 1.826611e-14 0.000000e+00
318 457 8.249656e-03 3.284247e-03 2 0 5 1 2.858522e-14 0.000000e+00
318 458 8.249656e-03 4.134622e-03 2 0 5 1 4.436418e-14 0.000000e+00
318 459 8.249656e-03 5.205181e-03 2 0 5 1 6.783197e-14 0.000000e+00
318 460 8.249656e-03 6.552935e-03 2 0 5 1 1.004283e-13 0.000000e+00
318 461 8.249656e-03 8.249656e-03 2 0 5 1 1.284458e-13 0.000000e+00
