# Please cite the following papers in research using this covariance:
# arXiv: 1601.05779, https://arxiv.org/abs/1601.05779
# arXiv: 1911.11947, https://arxiv.org/abs/1911.11947
# arXiv: 2004.04833, https://arxiv.org/abs/2004.04833
# arXiv: 1804.10663, https://arxiv.org/abs/1804.10663
########################################################
341 462 8.249656e-04 8.249656e-04 2 3 5 2 2.893975e-13 0.000000e+00
341 463 8.249656e-04 1.038570e-03 2 3 5 2 2.752945e-13 0.000000e+00
341 464 8.249656e-04 1.307482e-03 2 3 5 2 2.163958e-13 0.000000e+00
341 465 8.249656e-04 1.646023e-03 2 3 5 2 1.566991e-13 0.000000e+00
341 466 8.249656e-04 2.072220e-03 2 3 5 2 1.105683e-13 0.000000e+00
341 467 8.249656e-04 2.608770e-03 2 3 5 2 7.839374e-14 0.000000e+00
341 468 8.249656e-04 3.284247e-03 2 3 5 2 5.681703e-14 0.000000e+00
341 469 8.249656e-04 4.134622e-03 2 3 5 2 4.237027e-14 0.000000e+00
341 470 8.249656e-04 5.205181e-03 2 3 5 2 3.242276e-14 0.000000e+00
341 471 8.249656e-04 6.552935e-03 2 3 5 2 2.522948e-14 0.000000e+00
341 472 8.249656e-04 8.249656e-03 2 3 5 2 1.971918e-14 0.000000e+00
342 462 1.038570e-03 8.249656e-04 2 3 5 2 2.752945e-13 0.000000e+00
342 463 1.038570e-03 1.038570e-03 2 3 5 2 3.398841e-13 0.000000e+00
342 464 1.038570e-03 1.307482e-03 2 3 5 2 3.151865e-13 0.000000e+00
342 465 1.038570e-03 1.646023e-03 2 3 5 2 2.410046e-13 0.000000e+00
342 466 1.038570e-03 2.072220e-03 2 3 5 2 1.729736e-13 0.000000e+00
342 467 1.038570e-03 2.608770e-03 2 3 5 2 1.233239e-13 0.000000e+00
342 468 1.038570e-03 3.284247e-03 2 3 5 2 8.957126e-14 0.000000e+00
342 469 1.038570e-03 4.134622e-03 2 3 5 2 6.687767e-14 0.000000e+00
342 470 1.038570e-03 5.205181e-03 2 3 5 2 5.122774e-14 0.000000e+00
342 471 1.038570e-03 6.552935e-03 2 3 5 2 3.989701e-14 0.000000e+00
342 472 1.038570e-03 8.249656e-03 2 3 5 2 3.120505e-14 0.000000e+00
343 462 1.307482e-03 8.249656e-04 2 3 5 2 2.163958e-13 0.000000e+00
343 463 1.307482e-03 1.038570e-03 2 3 5 2 3.151865e-13 0.000000e+00
343 464 1.307482e-03 1.307482e-03 2 3 5 2 3.912423e-13 0.000000e+00
343 465 1.307482e-03 1.646023e-03 2 3 5 2 3.553573e-13 0.000000e+00
343 466 1.307482e-03 2.072220e-03 2 3 5 2 2.673102e-13 0.000000e+00
343 467 1.307482e-03 2.608770e-03 2 3 5 2 1.929908e-13 0.000000e+00
343 468 1.307482e-03 3.284247e-03 2 3 5 2 1.407433e-13 0.000000e+00
343 469 1.307482e-03 4.134622e-03 2 3 5 2 1.053017e-13 0.000000e+00
343 470 1.307482e-03 5.205181e-03 2 3 5 2 8.079079e-14 0.000000e+00
343 471 1.307482e-03 6.552935e-03 2 3 5 2 6.300867e-14 0.000000e+00
343 472 1.307482e-03 8.249656e-03 2 3 5 2 4.933675e-14 0.000000e+00
344 462 1.646023e-03 8.249656e-04 2 3 5 2 1.566991e-13 0.000000e+00
344 463 1.646023e-03 1.038570e-03 2 3 5 2 2.410046e-13 0.000000e+00
344 464 1.646023e-03 1.307482e-03 2 3 5 2 3.553573e-13 0.000000e+00
344 465 1.646023e-03 1.646023e-03 2 3 5 2 4.447671e-13 0.000000e+00
344 466 1.646023e-03 2.072220e-03 2 3 5 2 3.983145e-13 0.000000e+00
344 467 1.646023e-03 2.608770e-03 2 3 5 2 2.987884e-13 0.000000e+00
344 468 1.646023e-03 3.284247e-03 2 3 5 2 2.199104e-13 0.000000e+00
344 469 1.646023e-03 4.134622e-03 2 3 5 2 1.651427e-13 0.000000e+00
344 470 1.646023e-03 5.205181e-03 2 3 5 2 1.270381e-13 0.000000e+00
344 471 1.646023e-03 6.552935e-03 2 3 5 2 9.929818e-14 0.000000e+00
344 472 1.646023e-03 8.249656e-03 2 3 5 2 7.789124e-14 0.000000e+00
345 462 2.072220e-03 8.249656e-04 2 3 5 2 1.105683e-13 0.000000e+00
345 463 2.072220e-03 1.038570e-03 2 3 5 2 1.729736e-13 0.000000e+00
345 464 2.072220e-03 1.307482e-03 2 3 5 2 2.673102e-13 0.000000e+00
345 465 2.072220e-03 1.646023e-03 2 3 5 2 3.983145e-13 0.000000e+00
345 466 2.072220e-03 2.072220e-03 2 3 5 2 5.035361e-13 0.000000e+00
345 467 2.072220e-03 2.608770e-03 2 3 5 2 4.483298e-13 0.000000e+00
345 468 2.072220e-03 3.284247e-03 2 3 5 2 3.400000e-13 0.000000e+00
345 469 2.072220e-03 4.134622e-03 2 3 5 2 2.572831e-13 0.000000e+00
345 470 2.072220e-03 5.205181e-03 2 3 5 2 1.988021e-13 0.000000e+00
345 471 2.072220e-03 6.552935e-03 2 3 5 2 1.559553e-13 0.000000e+00
345 472 2.072220e-03 8.249656e-03 2 3 5 2 1.226876e-13 0.000000e+00
346 462 2.608770e-03 8.249656e-04 2 3 5 2 7.839374e-14 0.000000e+00
346 463 2.608770e-03 1.038570e-03 2 3 5 2 1.233239e-13 0.000000e+00
346 464 2.608770e-03 1.307482e-03 2 3 5 2 1.929908e-13 0.000000e+00
346 465 2.608770e-03 1.646023e-03 2 3 5 2 2.987884e-13 0.000000e+00
346 466 2.608770e-03 2.072220e-03 2 3 5 2 4.483298e-13 0.000000e+00
346 467 2.608770e-03 2.608770e-03 2 3 5 2 5.725004e-13 0.000000e+00
346 468 2.608770e-03 3.284247e-03 2 3 5 2 5.112696e-13 0.000000e+00
346 469 2.608770e-03 4.134622e-03 2 3 5 2 3.961966e-13 0.000000e+00
346 470 2.608770e-03 5.205181e-03 2 3 5 2 3.086494e-13 0.000000e+00
346 471 2.608770e-03 6.552935e-03 2 3 5 2 2.435789e-13 0.000000e+00
346 472 2.608770e-03 8.249656e-03 2 3 5 2 1.925221e-13 0.000000e+00
347 462 3.284247e-03 8.249656e-04 2 3 5 2 5.681703e-14 0.000000e+00
347 463 3.284247e-03 1.038570e-03 2 3 5 2 8.957126e-14 0.000000e+00
347 464 3.284247e-03 1.307482e-03 2 3 5 2 1.407433e-13 0.000000e+00
347 465 3.284247e-03 1.646023e-03 2 3 5 2 2.199104e-13 0.000000e+00
347 466 3.284247e-03 2.072220e-03 2 3 5 2 3.400000e-13 0.000000e+00
347 467 3.284247e-03 2.608770e-03 2 3 5 2 5.112696e-13 0.000000e+00
347 468 3.284247e-03 3.284247e-03 2 3 5 2 6.583143e-13 0.000000e+00
347 469 3.284247e-03 4.134622e-03 2 3 5 2 5.941449e-13 0.000000e+00
347 470 3.284247e-03 5.205181e-03 2 3 5 2 4.727271e-13 0.000000e+00
347 471 3.284247e-03 6.552935e-03 2 3 5 2 3.769297e-13 0.000000e+00
347 472 3.284247e-03 8.249656e-03 2 3 5 2 3.002482e-13 0.000000e+00
348 462 4.134622e-03 8.249656e-04 2 3 5 2 4.237027e-14 0.000000e+00
348 463 4.134622e-03 1.038570e-03 2 3 5 2 6.687767e-14 0.000000e+00
348 464 4.134622e-03 1.307482e-03 2 3 5 2 1.053017e-13 0.000000e+00
348 465 4.134622e-03 1.646023e-03 2 3 5 2 1.651427e-13 0.000000e+00
348 466 4.134622e-03 2.072220e-03 2 3 5 2 2.572831e-13 0.000000e+00
348 467 4.134622e-03 2.608770e-03 2 3 5 2 3.961966e-13 0.000000e+00
348 468 4.134622e-03 3.284247e-03 2 3 5 2 5.941449e-13 0.000000e+00
348 469 4.134622e-03 4.134622e-03 2 3 5 2 7.688439e-13 0.000000e+00
348 470 4.134622e-03 5.205181e-03 2 3 5 2 7.043208e-13 0.000000e+00
348 471 4.134622e-03 6.552935e-03 2 3 5 2 5.740973e-13 0.000000e+00
348 472 4.134622e-03 8.249656e-03 2 3 5 2 4.634258e-13 0.000000e+00
349 462 5.205181e-03 8.249656e-04 2 3 5 2 3.242276e-14 0.000000e+00
349 463 5.205181e-03 1.038570e-03 2 3 5 2 5.122774e-14 0.000000e+00
349 464 5.205181e-03 1.307482e-03 2 3 5 2 8.079079e-14 0.000000e+00
349 465 5.205181e-03 1.646023e-03 2 3 5 2 1.270381e-13 0.000000e+00
349 466 5.205181e-03 2.072220e-03 2 3 5 2 1.988021e-13 0.000000e+00
349 467 5.205181e-03 2.608770e-03 2 3 5 2 3.086494e-13 0.000000e+00
349 468 5.205181e-03 3.284247e-03 2 3 5 2 4.727271e-13 0.000000e+00
349 469 5.205181e-03 4.134622e-03 2 3 5 2 7.043208e-13 0.000000e+00
349 470 5.205181e-03 5.205181e-03 2 3 5 2 9.121986e-13 0.000000e+00
349 471 5.205181e-03 6.552935e-03 2 3 5 2 8.481796e-13 0.000000e+00
349 472 5.205181e-03 8.249656e-03 2 3 5 2 7.025011e-13 0.000000e+00
350 462 6.552935e-03 8.249656e-04 2 3 5 2 2.522948e-14 0.000000e+00
350 463 6.552935e-03 1.038570e-03 2 3 5 2 3.989701e-14 0.000000e+00
350 464 6.552935e-03 1.307482e-03 2 3 5 2 6.300867e-14 0.000000e+00
350 465 6.552935e-03 1.646023e-03 2 3 5 2 9.929818e-14 0.000000e+00
350 466 6.552935e-03 2.072220e-03 2 3 5 2 1.559553e-13 0.000000e+00
350 467 6.552935e-03 2.608770e-03 2 3 5 2 2.435789e-13 0.000000e+00
350 468 6.552935e-03 3.284247e-03 2 3 5 2 3.769297e-13 0.000000e+00
350 469 6.552935e-03 4.134622e-03 2 3 5 2 5.740973e-13 0.000000e+00
350 470 6.552935e-03 5.205181e-03 2 3 5 2 8.481796e-13 0.000000e+00
350 471 6.552935e-03 6.552935e-03 2 3 5 2 1.095052e-12 0.000000e+00
350 472 6.552935e-03 8.249656e-03 2 3 5 2 1.029079e-12 0.000000e+00
351 462 8.249656e-03 8.249656e-04 2 3 5 2 1.971918e-14 0.000000e+00
351 463 8.249656e-03 1.038570e-03 2 3 5 2 3.120505e-14 0.000000e+00
351 464 8.249656e-03 1.307482e-03 2 3 5 2 4.933675e-14 0.000000e+00
351 465 8.249656e-03 1.646023e-03 2 3 5 2 7.789124e-14 0.000000e+00
351 466 8.249656e-03 2.072220e-03 2 3 5 2 1.226876e-13 0.000000e+00
351 467 8.249656e-03 2.608770e-03 2 3 5 2 1.925221e-13 0.000000e+00
351 468 8.249656e-03 3.284247e-03 2 3 5 2 3.002482e-13 0.000000e+00
351 469 8.249656e-03 4.134622e-03 2 3 5 2 4.634258e-13 0.000000e+00
351 470 8.249656e-03 5.205181e-03 2 3 5 2 7.025011e-13 0.000000e+00
351 471 8.249656e-03 6.552935e-03 2 3 5 2 1.029079e-12 0.000000e+00
351 472 8.249656e-03 8.249656e-03 2 3 5 2 1.320129e-12 0.000000e+00
