# Please cite the following papers in research using this covariance:
# arXiv: 1601.05779, https://arxiv.org/abs/1601.05779
# arXiv: 1911.11947, https://arxiv.org/abs/1911.11947
# arXiv: 2004.04833, https://arxiv.org/abs/2004.04833
# arXiv: 1804.10663, https://arxiv.org/abs/1804.10663
########################################################
231 429 8.249656e-04 8.249656e-04 0 1 4 3 1.339177e-13 0.000000e+00
231 430 8.249656e-04 1.038570e-03 0 1 4 3 1.397754e-13 0.000000e+00
231 431 8.249656e-04 1.307482e-03 0 1 4 3 1.245196e-13 0.000000e+00
231 432 8.249656e-04 1.646023e-03 0 1 4 3 9.952511e-14 0.000000e+00
231 433 8.249656e-04 2.072220e-03 0 1 4 3 7.352310e-14 0.000000e+00
231 434 8.249656e-04 2.608770e-03 0 1 4 3 5.130533e-14 0.000000e+00
231 435 8.249656e-04 3.284247e-03 0 1 4 3 3.453488e-14 0.000000e+00
231 436 8.249656e-04 4.134622e-03 0 1 4 3 2.292611e-14 0.000000e+00
231 437 8.249656e-04 5.205181e-03 0 1 4 3 1.534182e-14 0.000000e+00
231 438 8.249656e-04 6.552935e-03 0 1 4 3 1.053171e-14 0.000000e+00
231 439 8.249656e-04 8.249656e-03 0 1 4 3 7.480896e-15 0.000000e+00
232 429 1.038570e-03 8.249656e-04 0 1 4 3 1.397754e-13 0.000000e+00
232 430 1.038570e-03 1.038570e-03 0 1 4 3 1.735346e-13 0.000000e+00
232 431 1.038570e-03 1.307482e-03 0 1 4 3 1.755408e-13 0.000000e+00
232 432 1.038570e-03 1.646023e-03 0 1 4 3 1.493200e-13 0.000000e+00
232 433 1.038570e-03 2.072220e-03 0 1 4 3 1.136954e-13 0.000000e+00
232 434 1.038570e-03 2.608770e-03 0 1 4 3 8.049304e-14 0.000000e+00
232 435 1.038570e-03 3.284247e-03 0 1 4 3 5.452742e-14 0.000000e+00
232 436 1.038570e-03 4.134622e-03 0 1 4 3 3.628395e-14 0.000000e+00
232 437 1.038570e-03 5.205181e-03 0 1 4 3 2.429599e-14 0.000000e+00
232 438 1.038570e-03 6.552935e-03 0 1 4 3 1.667970e-14 0.000000e+00
232 439 1.038570e-03 8.249656e-03 0 1 4 3 1.184812e-14 0.000000e+00
233 429 1.307482e-03 8.249656e-04 0 1 4 3 1.245196e-13 0.000000e+00
233 430 1.307482e-03 1.038570e-03 0 1 4 3 1.755408e-13 0.000000e+00
233 431 1.307482e-03 1.307482e-03 0 1 4 3 2.164495e-13 0.000000e+00
233 432 1.307482e-03 1.646023e-03 0 1 4 3 2.119260e-13 0.000000e+00
233 433 1.307482e-03 2.072220e-03 0 1 4 3 1.719805e-13 0.000000e+00
233 434 1.307482e-03 2.608770e-03 0 1 4 3 1.252316e-13 0.000000e+00
233 435 1.307482e-03 3.284247e-03 0 1 4 3 8.584273e-14 0.000000e+00
233 436 1.307482e-03 4.134622e-03 0 1 4 3 5.736732e-14 0.000000e+00
233 437 1.307482e-03 5.205181e-03 0 1 4 3 3.845740e-14 0.000000e+00
233 438 1.307482e-03 6.552935e-03 0 1 4 3 2.640557e-14 0.000000e+00
233 439 1.307482e-03 8.249656e-03 0 1 4 3 1.875723e-14 0.000000e+00
234 429 1.646023e-03 8.249656e-04 0 1 4 3 9.952511e-14 0.000000e+00
234 430 1.646023e-03 1.038570e-03 0 1 4 3 1.493200e-13 0.000000e+00
234 431 1.646023e-03 1.307482e-03 0 1 4 3 2.119260e-13 0.000000e+00
234 432 1.646023e-03 1.646023e-03 0 1 4 3 2.603008e-13 0.000000e+00
234 433 1.646023e-03 2.072220e-03 0 1 4 3 2.466206e-13 0.000000e+00
234 434 1.646023e-03 2.608770e-03 0 1 4 3 1.912683e-13 0.000000e+00
234 435 1.646023e-03 3.284247e-03 0 1 4 3 1.343308e-13 0.000000e+00
234 436 1.646023e-03 4.134622e-03 0 1 4 3 9.052891e-14 0.000000e+00
234 437 1.646023e-03 5.205181e-03 0 1 4 3 6.082269e-14 0.000000e+00
234 438 1.646023e-03 6.552935e-03 0 1 4 3 4.177461e-14 0.000000e+00
234 439 1.646023e-03 8.249656e-03 0 1 4 3 2.967604e-14 0.000000e+00
235 429 2.072220e-03 8.249656e-04 0 1 4 3 7.352310e-14 0.000000e+00
235 430 2.072220e-03 1.038570e-03 0 1 4 3 1.136954e-13 0.000000e+00
235 431 2.072220e-03 1.307482e-03 0 1 4 3 1.719805e-13 0.000000e+00
235 432 2.072220e-03 1.646023e-03 0 1 4 3 2.466206e-13 0.000000e+00
235 433 2.072220e-03 2.072220e-03 0 1 4 3 3.028910e-13 0.000000e+00
235 434 2.072220e-03 2.608770e-03 0 1 4 3 2.780315e-13 0.000000e+00
235 435 2.072220e-03 3.284247e-03 0 1 4 3 2.072017e-13 0.000000e+00
235 436 2.072220e-03 4.134622e-03 0 1 4 3 1.422798e-13 0.000000e+00
235 437 2.072220e-03 5.205181e-03 0 1 4 3 9.605229e-14 0.000000e+00
235 438 2.072220e-03 6.552935e-03 0 1 4 3 6.601832e-14 0.000000e+00
235 439 2.072220e-03 8.249656e-03 0 1 4 3 4.690284e-14 0.000000e+00
236 429 2.608770e-03 8.249656e-04 0 1 4 3 5.130533e-14 0.000000e+00
236 430 2.608770e-03 1.038570e-03 0 1 4 3 8.049304e-14 0.000000e+00
236 431 2.608770e-03 1.307482e-03 0 1 4 3 1.252316e-13 0.000000e+00
236 432 2.608770e-03 1.646023e-03 0 1 4 3 1.912683e-13 0.000000e+00
236 433 2.608770e-03 2.072220e-03 0 1 4 3 2.780315e-13 0.000000e+00
236 434 2.608770e-03 2.608770e-03 0 1 4 3 3.429147e-13 0.000000e+00
236 435 2.608770e-03 3.284247e-03 0 1 4 3 3.059343e-13 0.000000e+00
236 436 2.608770e-03 4.134622e-03 0 1 4 3 2.212877e-13 0.000000e+00
236 437 2.608770e-03 5.205181e-03 0 1 4 3 1.512373e-13 0.000000e+00
236 438 2.608770e-03 6.552935e-03 0 1 4 3 1.041497e-13 0.000000e+00
236 439 2.608770e-03 8.249656e-03 0 1 4 3 7.400979e-14 0.000000e+00
237 429 3.284247e-03 8.249656e-04 0 1 4 3 3.453488e-14 0.000000e+00
237 430 3.284247e-03 1.038570e-03 0 1 4 3 5.452742e-14 0.000000e+00
237 431 3.284247e-03 1.307482e-03 0 1 4 3 8.584273e-14 0.000000e+00
237 432 3.284247e-03 1.646023e-03 0 1 4 3 1.343308e-13 0.000000e+00
237 433 3.284247e-03 2.072220e-03 0 1 4 3 2.072017e-13 0.000000e+00
237 434 3.284247e-03 2.608770e-03 0 1 4 3 3.059343e-13 0.000000e+00
237 435 3.284247e-03 3.284247e-03 0 1 4 3 3.805194e-13 0.000000e+00
237 436 3.284247e-03 4.134622e-03 0 1 4 3 3.318074e-13 0.000000e+00
237 437 3.284247e-03 5.205181e-03 0 1 4 3 2.363502e-13 0.000000e+00
237 438 3.284247e-03 6.552935e-03 0 1 4 3 1.638109e-13 0.000000e+00
237 439 3.284247e-03 8.249656e-03 0 1 4 3 1.164843e-13 0.000000e+00
238 429 4.134622e-03 8.249656e-04 0 1 4 3 2.292611e-14 0.000000e+00
238 430 4.134622e-03 1.038570e-03 0 1 4 3 3.628395e-14 0.000000e+00
238 431 4.134622e-03 1.307482e-03 0 1 4 3 5.736732e-14 0.000000e+00
238 432 4.134622e-03 1.646023e-03 0 1 4 3 9.052891e-14 0.000000e+00
238 433 4.134622e-03 2.072220e-03 0 1 4 3 1.422798e-13 0.000000e+00
238 434 4.134622e-03 2.608770e-03 0 1 4 3 2.212877e-13 0.000000e+00
238 435 4.134622e-03 3.284247e-03 0 1 4 3 3.318074e-13 0.000000e+00
238 436 4.134622e-03 4.134622e-03 0 1 4 3 4.175409e-13 0.000000e+00
238 437 4.134622e-03 5.205181e-03 0 1 4 3 3.587698e-13 0.000000e+00
238 438 4.134622e-03 6.552935e-03 0 1 4 3 2.560417e-13 0.000000e+00
238 439 4.134622e-03 8.249656e-03 0 1 4 3 1.825869e-13 0.000000e+00
239 429 5.205181e-03 8.249656e-04 0 1 4 3 1.534182e-14 0.000000e+00
239 430 5.205181e-03 1.038570e-03 0 1 4 3 2.429599e-14 0.000000e+00
239 431 5.205181e-03 1.307482e-03 0 1 4 3 3.845740e-14 0.000000e+00
239 432 5.205181e-03 1.646023e-03 0 1 4 3 6.082269e-14 0.000000e+00
239 433 5.205181e-03 2.072220e-03 0 1 4 3 9.605229e-14 0.000000e+00
239 434 5.205181e-03 2.608770e-03 0 1 4 3 1.512373e-13 0.000000e+00
239 435 5.205181e-03 3.284247e-03 0 1 4 3 2.363502e-13 0.000000e+00
239 436 5.205181e-03 4.134622e-03 0 1 4 3 3.587698e-13 0.000000e+00
239 437 5.205181e-03 5.205181e-03 0 1 4 3 4.573861e-13 0.000000e+00
239 438 5.205181e-03 6.552935e-03 0 1 4 3 3.911647e-13 0.000000e+00
239 439 5.205181e-03 8.249656e-03 0 1 4 3 2.842043e-13 0.000000e+00
240 429 6.552935e-03 8.249656e-04 0 1 4 3 1.053171e-14 0.000000e+00
240 430 6.552935e-03 1.038570e-03 0 1 4 3 1.667970e-14 0.000000e+00
240 431 6.552935e-03 1.307482e-03 0 1 4 3 2.640557e-14 0.000000e+00
240 432 6.552935e-03 1.646023e-03 0 1 4 3 4.177461e-14 0.000000e+00
240 433 6.552935e-03 2.072220e-03 0 1 4 3 6.601832e-14 0.000000e+00
240 434 6.552935e-03 2.608770e-03 0 1 4 3 1.041497e-13 0.000000e+00
240 435 6.552935e-03 3.284247e-03 0 1 4 3 1.638109e-13 0.000000e+00
240 436 6.552935e-03 4.134622e-03 0 1 4 3 2.560417e-13 0.000000e+00
240 437 6.552935e-03 5.205181e-03 0 1 4 3 3.911647e-13 0.000000e+00
240 438 6.552935e-03 6.552935e-03 0 1 4 3 5.046204e-13 0.000000e+00
240 439 6.552935e-03 8.249656e-03 0 1 4 3 4.339024e-13 0.000000e+00
241 429 8.249656e-03 8.249656e-04 0 1 4 3 7.480896e-15 0.000000e+00
241 430 8.249656e-03 1.038570e-03 0 1 4 3 1.184812e-14 0.000000e+00
241 431 8.249656e-03 1.307482e-03 0 1 4 3 1.875723e-14 0.000000e+00
241 432 8.249656e-03 1.646023e-03 0 1 4 3 2.967604e-14 0.000000e+00
241 433 8.249656e-03 2.072220e-03 0 1 4 3 4.690284e-14 0.000000e+00
241 434 8.249656e-03 2.608770e-03 0 1 4 3 7.400979e-14 0.000000e+00
241 435 8.249656e-03 3.284247e-03 0 1 4 3 1.164843e-13 0.000000e+00
241 436 8.249656e-03 4.134622e-03 0 1 4 3 1.825869e-13 0.000000e+00
241 437 8.249656e-03 5.205181e-03 0 1 4 3 2.842043e-13 0.000000e+00
241 438 8.249656e-03 6.552935e-03 0 1 4 3 4.339024e-13 0.000000e+00
241 439 8.249656e-03 8.249656e-03 0 1 4 3 5.643524e-13 0.000000e+00
