# Please cite the following papers in research using this covariance:
# arXiv: 1601.05779, https://arxiv.org/abs/1601.05779
# arXiv: 1911.11947, https://arxiv.org/abs/1911.11947
# arXiv: 2004.04833, https://arxiv.org/abs/2004.04833
# arXiv: 1804.10663, https://arxiv.org/abs/1804.10663
########################################################
374 396 8.249656e-04 8.249656e-04 3 2 4 0 1.620772e-13 0.000000e+00
374 397 8.249656e-04 1.038570e-03 3 2 4 0 1.602849e-13 0.000000e+00
374 398 8.249656e-04 1.307482e-03 3 2 4 0 1.337958e-13 0.000000e+00
374 399 8.249656e-04 1.646023e-03 3 2 4 0 1.032199e-13 0.000000e+00
374 400 8.249656e-04 2.072220e-03 3 2 4 0 7.707527e-14 0.000000e+00
374 401 8.249656e-04 2.608770e-03 3 2 4 0 5.707409e-14 0.000000e+00
374 402 8.249656e-04 3.284247e-03 3 2 4 0 4.242875e-14 0.000000e+00
374 403 8.249656e-04 4.134622e-03 3 2 4 0 3.178355e-14 0.000000e+00
374 404 8.249656e-04 5.205181e-03 3 2 4 0 2.394235e-14 0.000000e+00
374 405 8.249656e-04 6.552935e-03 3 2 4 0 1.804570e-14 0.000000e+00
374 406 8.249656e-04 8.249656e-03 3 2 4 0 1.352818e-14 0.000000e+00
375 396 1.038570e-03 8.249656e-04 3 2 4 0 1.602849e-13 0.000000e+00
375 397 1.038570e-03 1.038570e-03 3 2 4 0 1.989770e-13 0.000000e+00
375 398 1.038570e-03 1.307482e-03 3 2 4 0 1.926320e-13 0.000000e+00
375 399 1.038570e-03 1.646023e-03 3 2 4 0 1.570113e-13 0.000000e+00
375 400 1.038570e-03 2.072220e-03 3 2 4 0 1.197171e-13 0.000000e+00
375 401 1.038570e-03 2.608770e-03 3 2 4 0 8.943102e-14 0.000000e+00
375 402 1.038570e-03 3.284247e-03 3 2 4 0 6.676313e-14 0.000000e+00
375 403 1.038570e-03 4.134622e-03 3 2 4 0 5.013342e-14 0.000000e+00
375 404 1.038570e-03 5.205181e-03 3 2 4 0 3.782539e-14 0.000000e+00
375 405 1.038570e-03 6.552935e-03 3 2 4 0 2.854098e-14 0.000000e+00
375 406 1.038570e-03 8.249656e-03 3 2 4 0 2.141233e-14 0.000000e+00
376 396 1.307482e-03 8.249656e-04 3 2 4 0 1.337958e-13 0.000000e+00
376 397 1.307482e-03 1.038570e-03 3 2 4 0 1.926320e-13 0.000000e+00
376 398 1.307482e-03 1.307482e-03 3 2 4 0 2.397043e-13 0.000000e+00
376 399 1.307482e-03 1.646023e-03 3 2 4 0 2.279881e-13 0.000000e+00
376 400 1.307482e-03 2.072220e-03 3 2 4 0 1.828183e-13 0.000000e+00
376 401 1.307482e-03 2.608770e-03 3 2 4 0 1.390193e-13 0.000000e+00
376 402 1.307482e-03 3.284247e-03 3 2 4 0 1.045747e-13 0.000000e+00
376 403 1.307482e-03 4.134622e-03 3 2 4 0 7.884671e-14 0.000000e+00
376 404 1.307482e-03 5.205181e-03 3 2 4 0 5.964423e-14 0.000000e+00
376 405 1.307482e-03 6.552935e-03 3 2 4 0 4.508433e-14 0.000000e+00
376 406 1.307482e-03 8.249656e-03 3 2 4 0 3.386477e-14 0.000000e+00
377 396 1.646023e-03 8.249656e-04 3 2 4 0 1.032199e-13 0.000000e+00
377 397 1.646023e-03 1.038570e-03 3 2 4 0 1.570113e-13 0.000000e+00
377 398 1.646023e-03 1.307482e-03 3 2 4 0 2.279881e-13 0.000000e+00
377 399 1.646023e-03 1.646023e-03 3 2 4 0 2.849827e-13 0.000000e+00
377 400 1.646023e-03 2.072220e-03 3 2 4 0 2.674891e-13 0.000000e+00
377 401 1.646023e-03 2.608770e-03 3 2 4 0 2.127415e-13 0.000000e+00
377 402 1.646023e-03 3.284247e-03 3 2 4 0 1.625022e-13 0.000000e+00
377 403 1.646023e-03 4.134622e-03 3 2 4 0 1.234061e-13 0.000000e+00
377 404 1.646023e-03 5.205181e-03 3 2 4 0 9.375613e-14 0.000000e+00
377 405 1.646023e-03 6.552935e-03 3 2 4 0 7.107431e-14 0.000000e+00
377 406 1.646023e-03 8.249656e-03 3 2 4 0 5.349147e-14 0.000000e+00
378 396 2.072220e-03 8.249656e-04 3 2 4 0 7.707527e-14 0.000000e+00
378 397 2.072220e-03 1.038570e-03 3 2 4 0 1.197171e-13 0.000000e+00
378 398 2.072220e-03 1.307482e-03 3 2 4 0 1.828183e-13 0.000000e+00
378 399 2.072220e-03 1.646023e-03 3 2 4 0 2.674891e-13 0.000000e+00
378 400 2.072220e-03 2.072220e-03 3 2 4 0 3.362899e-13 0.000000e+00
378 401 2.072220e-03 2.608770e-03 3 2 4 0 3.130118e-13 0.000000e+00
378 402 2.072220e-03 3.284247e-03 3 2 4 0 2.487233e-13 0.000000e+00
378 403 2.072220e-03 4.134622e-03 3 2 4 0 1.915496e-13 0.000000e+00
378 404 2.072220e-03 5.205181e-03 3 2 4 0 1.466185e-13 0.000000e+00
378 405 2.072220e-03 6.552935e-03 3 2 4 0 1.116816e-13 0.000000e+00
378 406 2.072220e-03 8.249656e-03 3 2 4 0 8.432106e-14 0.000000e+00
379 396 2.608770e-03 8.249656e-04 3 2 4 0 5.707409e-14 0.000000e+00
379 397 2.608770e-03 1.038570e-03 3 2 4 0 8.943102e-14 0.000000e+00
379 398 2.608770e-03 1.307482e-03 3 2 4 0 1.390193e-13 0.000000e+00
379 399 2.608770e-03 1.646023e-03 3 2 4 0 2.127415e-13 0.000000e+00
379 400 2.608770e-03 2.072220e-03 3 2 4 0 3.130118e-13 0.000000e+00
379 401 2.608770e-03 2.608770e-03 3 2 4 0 3.958313e-13 0.000000e+00
379 402 2.608770e-03 3.284247e-03 3 2 4 0 3.669965e-13 0.000000e+00
379 403 2.608770e-03 4.134622e-03 3 2 4 0 2.927982e-13 0.000000e+00
379 404 2.608770e-03 5.205181e-03 3 2 4 0 2.272740e-13 0.000000e+00
379 405 2.608770e-03 6.552935e-03 3 2 4 0 1.745401e-13 0.000000e+00
379 406 2.608770e-03 8.249656e-03 3 2 4 0 1.324766e-13 0.000000e+00
380 396 3.284247e-03 8.249656e-04 3 2 4 0 4.242875e-14 0.000000e+00
380 397 3.284247e-03 1.038570e-03 3 2 4 0 6.676313e-14 0.000000e+00
380 398 3.284247e-03 1.307482e-03 3 2 4 0 1.045747e-13 0.000000e+00
380 399 3.284247e-03 1.646023e-03 3 2 4 0 1.625022e-13 0.000000e+00
380 400 3.284247e-03 2.072220e-03 3 2 4 0 2.487233e-13 0.000000e+00
380 401 3.284247e-03 2.608770e-03 3 2 4 0 3.669965e-13 0.000000e+00
380 402 3.284247e-03 3.284247e-03 3 2 4 0 4.663266e-13 0.000000e+00
380 403 3.284247e-03 4.134622e-03 3 2 4 0 4.320967e-13 0.000000e+00
380 404 3.284247e-03 5.205181e-03 3 2 4 0 3.467029e-13 0.000000e+00
380 405 3.284247e-03 6.552935e-03 3 2 4 0 2.702554e-13 0.000000e+00
380 406 3.284247e-03 8.249656e-03 3 2 4 0 2.069782e-13 0.000000e+00
381 396 4.134622e-03 8.249656e-04 3 2 4 0 3.178355e-14 0.000000e+00
381 397 4.134622e-03 1.038570e-03 3 2 4 0 5.013342e-14 0.000000e+00
381 398 4.134622e-03 1.307482e-03 3 2 4 0 7.884671e-14 0.000000e+00
381 399 4.134622e-03 1.646023e-03 3 2 4 0 1.234061e-13 0.000000e+00
381 400 4.134622e-03 2.072220e-03 3 2 4 0 1.915496e-13 0.000000e+00
381 401 4.134622e-03 2.608770e-03 3 2 4 0 2.927982e-13 0.000000e+00
381 402 4.134622e-03 3.284247e-03 3 2 4 0 4.320967e-13 0.000000e+00
381 403 4.134622e-03 4.134622e-03 3 2 4 0 5.506425e-13 0.000000e+00
381 404 4.134622e-03 5.205181e-03 3 2 4 0 5.107170e-13 0.000000e+00
381 405 4.134622e-03 6.552935e-03 3 2 4 0 4.114663e-13 0.000000e+00
381 406 4.134622e-03 8.249656e-03 3 2 4 0 3.202876e-13 0.000000e+00
382 396 5.205181e-03 8.249656e-04 3 2 4 0 2.394235e-14 0.000000e+00
382 397 5.205181e-03 1.038570e-03 3 2 4 0 3.782539e-14 0.000000e+00
382 398 5.205181e-03 1.307482e-03 3 2 4 0 5.964423e-14 0.000000e+00
382 399 5.205181e-03 1.646023e-03 3 2 4 0 9.375613e-14 0.000000e+00
382 400 5.205181e-03 2.072220e-03 3 2 4 0 1.466185e-13 0.000000e+00
382 401 5.205181e-03 2.608770e-03 3 2 4 0 2.272740e-13 0.000000e+00
382 402 5.205181e-03 3.284247e-03 3 2 4 0 3.467029e-13 0.000000e+00
382 403 5.205181e-03 4.134622e-03 3 2 4 0 5.107170e-13 0.000000e+00
382 404 5.205181e-03 5.205181e-03 3 2 4 0 6.513043e-13 0.000000e+00
382 405 5.205181e-03 6.552935e-03 3 2 4 0 6.044689e-13 0.000000e+00
382 406 5.205181e-03 8.249656e-03 3 2 4 0 4.869921e-13 0.000000e+00
383 396 6.552935e-03 8.249656e-04 3 2 4 0 1.804570e-14 0.000000e+00
383 397 6.552935e-03 1.038570e-03 3 2 4 0 2.854098e-14 0.000000e+00
383 398 6.552935e-03 1.307482e-03 3 2 4 0 4.508433e-14 0.000000e+00
383 399 6.552935e-03 1.646023e-03 3 2 4 0 7.107431e-14 0.000000e+00
383 400 6.552935e-03 2.072220e-03 3 2 4 0 1.116816e-13 0.000000e+00
383 401 6.552935e-03 2.608770e-03 3 2 4 0 1.745401e-13 0.000000e+00
383 402 6.552935e-03 3.284247e-03 3 2 4 0 2.702554e-13 0.000000e+00
383 403 6.552935e-03 4.134622e-03 3 2 4 0 4.114663e-13 0.000000e+00
383 404 6.552935e-03 5.205181e-03 3 2 4 0 6.044689e-13 0.000000e+00
383 405 6.552935e-03 6.552935e-03 3 2 4 0 7.698992e-13 0.000000e+00
383 406 6.552935e-03 8.249656e-03 3 2 4 0 7.135451e-13 0.000000e+00
384 396 8.249656e-03 8.249656e-04 3 2 4 0 1.352818e-14 0.000000e+00
384 397 8.249656e-03 1.038570e-03 3 2 4 0 2.141233e-14 0.000000e+00
384 398 8.249656e-03 1.307482e-03 3 2 4 0 3.386477e-14 0.000000e+00
384 399 8.249656e-03 1.646023e-03 3 2 4 0 5.349147e-14 0.000000e+00
384 400 8.249656e-03 2.072220e-03 3 2 4 0 8.432106e-14 0.000000e+00
384 401 8.249656e-03 2.608770e-03 3 2 4 0 1.324766e-13 0.000000e+00
384 402 8.249656e-03 3.284247e-03 3 2 4 0 2.069782e-13 0.000000e+00
384 403 8.249656e-03 4.134622e-03 3 2 4 0 3.202876e-13 0.000000e+00
384 404 8.249656e-03 5.205181e-03 3 2 4 0 4.869921e-13 0.000000e+00
384 405 8.249656e-03 6.552935e-03 3 2 4 0 7.135451e-13 0.000000e+00
384 406 8.249656e-03 8.249656e-03 3 2 4 0 9.063246e-13 0.000000e+00
