# Please cite the following papers in research using this covariance:
# arXiv: 1601.05779, https://arxiv.org/abs/1601.05779
# arXiv: 1911.11947, https://arxiv.org/abs/1911.11947
# arXiv: 2004.04833, https://arxiv.org/abs/2004.04833
# arXiv: 1804.10663, https://arxiv.org/abs/1804.10663
########################################################
297 385 8.249656e-04 8.249656e-04 1 3 3 3 8.337256e-12 0.000000e+00
297 386 8.249656e-04 1.038570e-03 1 3 3 3 5.718211e-12 0.000000e+00
297 387 8.249656e-04 1.307482e-03 1 3 3 3 3.045829e-12 0.000000e+00
297 388 8.249656e-04 1.646023e-03 1 3 3 3 1.590814e-12 0.000000e+00
297 389 8.249656e-04 2.072220e-03 1 3 3 3 8.428344e-13 0.000000e+00
297 390 8.249656e-04 2.608770e-03 1 3 3 3 4.649867e-13 0.000000e+00
297 391 8.249656e-04 3.284247e-03 1 3 3 3 2.724449e-13 0.000000e+00
297 392 8.249656e-04 4.134622e-03 1 3 3 3 1.711717e-13 0.000000e+00
297 393 8.249656e-04 5.205181e-03 1 3 3 3 1.149388e-13 0.000000e+00
297 394 8.249656e-04 6.552935e-03 1 3 3 3 8.140644e-14 0.000000e+00
297 395 8.249656e-04 8.249656e-03 1 3 3 3 5.969849e-14 0.000000e+00
298 385 1.038570e-03 8.249656e-04 1 3 3 3 5.718211e-12 0.000000e+00
298 386 1.038570e-03 1.038570e-03 1 3 3 3 7.788230e-12 0.000000e+00
298 387 1.038570e-03 1.307482e-03 1 3 3 3 5.164498e-12 0.000000e+00
298 388 1.038570e-03 1.646023e-03 1 3 3 3 2.657295e-12 0.000000e+00
298 389 1.038570e-03 2.072220e-03 1 3 3 3 1.379750e-12 0.000000e+00
298 390 1.038570e-03 2.608770e-03 1 3 3 3 7.493336e-13 0.000000e+00
298 391 1.038570e-03 3.284247e-03 1 3 3 3 4.347436e-13 0.000000e+00
298 392 1.038570e-03 4.134622e-03 1 3 3 3 2.717205e-13 0.000000e+00
298 393 1.038570e-03 5.205181e-03 1 3 3 3 1.820727e-13 0.000000e+00
298 394 1.038570e-03 6.552935e-03 1 3 3 3 1.288745e-13 0.000000e+00
298 395 1.038570e-03 8.249656e-03 1 3 3 3 9.452472e-14 0.000000e+00
299 385 1.307482e-03 8.249656e-04 1 3 3 3 3.045829e-12 0.000000e+00
299 386 1.307482e-03 1.038570e-03 1 3 3 3 5.164498e-12 0.000000e+00
299 387 1.307482e-03 1.307482e-03 1 3 3 3 7.167895e-12 0.000000e+00
299 388 1.307482e-03 1.646023e-03 1 3 3 3 4.603151e-12 0.000000e+00
299 389 1.307482e-03 2.072220e-03 1 3 3 3 2.316084e-12 0.000000e+00
299 390 1.307482e-03 2.608770e-03 1 3 3 3 1.223113e-12 0.000000e+00
299 391 1.307482e-03 3.284247e-03 1 3 3 3 6.973007e-13 0.000000e+00
299 392 1.307482e-03 4.134622e-03 1 3 3 3 4.319313e-13 0.000000e+00
299 393 1.307482e-03 5.205181e-03 1 3 3 3 2.883750e-13 0.000000e+00
299 394 1.307482e-03 6.552935e-03 1 3 3 3 2.039104e-13 0.000000e+00
299 395 1.307482e-03 8.249656e-03 1 3 3 3 1.495657e-13 0.000000e+00
300 385 1.646023e-03 8.249656e-04 1 3 3 3 1.590814e-12 0.000000e+00
300 386 1.646023e-03 1.038570e-03 1 3 3 3 2.657295e-12 0.000000e+00
300 387 1.646023e-03 1.307482e-03 1 3 3 3 4.603151e-12 0.000000e+00
300 388 1.646023e-03 1.646023e-03 1 3 3 3 6.526835e-12 0.000000e+00
300 389 1.646023e-03 2.072220e-03 1 3 3 3 4.081249e-12 0.000000e+00
300 390 1.646023e-03 2.608770e-03 1 3 3 3 2.049254e-12 0.000000e+00
300 391 1.646023e-03 3.284247e-03 1 3 3 3 1.130047e-12 0.000000e+00
300 392 1.646023e-03 4.134622e-03 1 3 3 3 6.885140e-13 0.000000e+00
300 393 1.646023e-03 5.205181e-03 1 3 3 3 4.566584e-13 0.000000e+00
300 394 1.646023e-03 6.552935e-03 1 3 3 3 3.223279e-13 0.000000e+00
300 395 1.646023e-03 8.249656e-03 1 3 3 3 2.364484e-13 0.000000e+00
301 385 2.072220e-03 8.249656e-04 1 3 3 3 8.428344e-13 0.000000e+00
301 386 2.072220e-03 1.038570e-03 1 3 3 3 1.379750e-12 0.000000e+00
301 387 2.072220e-03 1.307482e-03 1 3 3 3 2.316084e-12 0.000000e+00
301 388 2.072220e-03 1.646023e-03 1 3 3 3 4.081249e-12 0.000000e+00
301 389 2.072220e-03 2.072220e-03 1 3 3 3 5.914617e-12 0.000000e+00
301 390 2.072220e-03 2.608770e-03 1 3 3 3 3.640334e-12 0.000000e+00
301 391 2.072220e-03 3.284247e-03 1 3 3 3 1.874939e-12 0.000000e+00
301 392 2.072220e-03 4.134622e-03 1 3 3 3 1.104588e-12 0.000000e+00
301 393 2.072220e-03 5.205181e-03 1 3 3 3 7.233297e-13 0.000000e+00
301 394 2.072220e-03 6.552935e-03 1 3 3 3 5.088034e-13 0.000000e+00
301 395 2.072220e-03 8.249656e-03 1 3 3 3 3.732294e-13 0.000000e+00
302 385 2.608770e-03 8.249656e-04 1 3 3 3 4.649867e-13 0.000000e+00
302 386 2.608770e-03 1.038570e-03 1 3 3 3 7.493336e-13 0.000000e+00
302 387 2.608770e-03 1.307482e-03 1 3 3 3 1.223113e-12 0.000000e+00
302 388 2.608770e-03 1.646023e-03 1 3 3 3 2.049254e-12 0.000000e+00
302 389 2.608770e-03 2.072220e-03 1 3 3 3 3.640334e-12 0.000000e+00
302 390 2.608770e-03 2.608770e-03 1 3 3 3 5.377166e-12 0.000000e+00
302 391 2.608770e-03 3.284247e-03 1 3 3 3 3.313160e-12 0.000000e+00
302 392 2.608770e-03 4.134622e-03 1 3 3 3 1.803221e-12 0.000000e+00
302 393 2.608770e-03 5.205181e-03 1 3 3 3 1.147970e-12 0.000000e+00
302 394 2.608770e-03 6.552935e-03 1 3 3 3 8.015808e-13 0.000000e+00
302 395 2.608770e-03 8.249656e-03 1 3 3 3 5.877691e-13 0.000000e+00
303 385 3.284247e-03 8.249656e-04 1 3 3 3 2.724449e-13 0.000000e+00
303 386 3.284247e-03 1.038570e-03 1 3 3 3 4.347436e-13 0.000000e+00
303 387 3.284247e-03 1.307482e-03 1 3 3 3 6.973007e-13 0.000000e+00
303 388 3.284247e-03 1.646023e-03 1 3 3 3 1.130047e-12 0.000000e+00
303 389 3.284247e-03 2.072220e-03 1 3 3 3 1.874939e-12 0.000000e+00
303 390 3.284247e-03 2.608770e-03 1 3 3 3 3.313160e-12 0.000000e+00
303 391 3.284247e-03 3.284247e-03 1 3 3 3 4.953733e-12 0.000000e+00
303 392 3.284247e-03 4.134622e-03 1 3 3 3 3.123232e-12 0.000000e+00
303 393 3.284247e-03 5.205181e-03 1 3 3 3 1.838659e-12 0.000000e+00
303 394 3.284247e-03 6.552935e-03 1 3 3 3 1.260103e-12 0.000000e+00
303 395 3.284247e-03 8.249656e-03 1 3 3 3 9.222673e-13 0.000000e+00
304 385 4.134622e-03 8.249656e-04 1 3 3 3 1.711717e-13 0.000000e+00
304 386 4.134622e-03 1.038570e-03 1 3 3 3 2.717205e-13 0.000000e+00
304 387 4.134622e-03 1.307482e-03 1 3 3 3 4.319313e-13 0.000000e+00
304 388 4.134622e-03 1.646023e-03 1 3 3 3 6.885140e-13 0.000000e+00
304 389 4.134622e-03 2.072220e-03 1 3 3 3 1.104588e-12 0.000000e+00
304 390 4.134622e-03 2.608770e-03 1 3 3 3 1.803221e-12 0.000000e+00
304 391 4.134622e-03 3.284247e-03 1 3 3 3 3.123232e-12 0.000000e+00
304 392 4.134622e-03 4.134622e-03 1 3 3 3 4.676216e-12 0.000000e+00
304 393 4.134622e-03 5.205181e-03 1 3 3 3 3.085868e-12 0.000000e+00
304 394 4.134622e-03 6.552935e-03 1 3 3 3 1.982320e-12 0.000000e+00
304 395 4.134622e-03 8.249656e-03 1 3 3 3 1.439318e-12 0.000000e+00
305 385 5.205181e-03 8.249656e-04 1 3 3 3 1.149388e-13 0.000000e+00
305 386 5.205181e-03 1.038570e-03 1 3 3 3 1.820727e-13 0.000000e+00
305 387 5.205181e-03 1.307482e-03 1 3 3 3 2.883750e-13 0.000000e+00
305 388 5.205181e-03 1.646023e-03 1 3 3 3 4.566584e-13 0.000000e+00
305 389 5.205181e-03 2.072220e-03 1 3 3 3 7.233297e-13 0.000000e+00
305 390 5.205181e-03 2.608770e-03 1 3 3 3 1.147970e-12 0.000000e+00
305 391 5.205181e-03 3.284247e-03 1 3 3 3 1.838659e-12 0.000000e+00
305 392 5.205181e-03 4.134622e-03 1 3 3 3 3.085868e-12 0.000000e+00
305 393 5.205181e-03 5.205181e-03 1 3 3 3 4.569093e-12 0.000000e+00
305 394 5.205181e-03 6.552935e-03 1 3 3 3 3.209263e-12 0.000000e+00
305 395 5.205181e-03 8.249656e-03 1 3 3 3 2.231791e-12 0.000000e+00
306 385 6.552935e-03 8.249656e-04 1 3 3 3 8.140644e-14 0.000000e+00
306 386 6.552935e-03 1.038570e-03 1 3 3 3 1.288745e-13 0.000000e+00
306 387 6.552935e-03 1.307482e-03 1 3 3 3 2.039104e-13 0.000000e+00
306 388 6.552935e-03 1.646023e-03 1 3 3 3 3.223279e-13 0.000000e+00
306 389 6.552935e-03 2.072220e-03 1 3 3 3 5.088034e-13 0.000000e+00
306 390 6.552935e-03 2.608770e-03 1 3 3 3 8.015808e-13 0.000000e+00
306 391 6.552935e-03 3.284247e-03 1 3 3 3 1.260103e-12 0.000000e+00
306 392 6.552935e-03 4.134622e-03 1 3 3 3 1.982320e-12 0.000000e+00
306 393 6.552935e-03 5.205181e-03 1 3 3 3 3.209263e-12 0.000000e+00
306 394 6.552935e-03 6.552935e-03 1 3 3 3 4.648688e-12 0.000000e+00
306 395 6.552935e-03 8.249656e-03 1 3 3 3 3.493775e-12 0.000000e+00
307 385 8.249656e-03 8.249656e-04 1 3 3 3 5.969849e-14 0.000000e+00
307 386 8.249656e-03 1.038570e-03 1 3 3 3 9.452472e-14 0.000000e+00
307 387 8.249656e-03 1.307482e-03 1 3 3 3 1.495657e-13 0.000000e+00
307 388 8.249656e-03 1.646023e-03 1 3 3 3 2.364484e-13 0.000000e+00
307 389 8.249656e-03 2.072220e-03 1 3 3 3 3.732294e-13 0.000000e+00
307 390 8.249656e-03 2.608770e-03 1 3 3 3 5.877691e-13 0.000000e+00
307 391 8.249656e-03 3.284247e-03 1 3 3 3 9.222673e-13 0.000000e+00
307 392 8.249656e-03 4.134622e-03 1 3 3 3 1.439318e-12 0.000000e+00
307 393 8.249656e-03 5.205181e-03 1 3 3 3 2.231791e-12 0.000000e+00
307 394 8.249656e-03 6.552935e-03 1 3 3 3 3.493775e-12 0.000000e+00
307 395 8.249656e-03 8.249656e-03 1 3 3 3 4.920163e-12 0.000000e+00
