# Please cite the following papers in research using this covariance:
# arXiv: 1601.05779, https://arxiv.org/abs/1601.05779
# arXiv: 1911.11947, https://arxiv.org/abs/1911.11947
# arXiv: 2004.04833, https://arxiv.org/abs/2004.04833
# arXiv: 1804.10663, https://arxiv.org/abs/1804.10663
########################################################
308 429 8.249656e-04 8.249656e-04 2 0 4 3 8.390002e-14 0.000000e+00
308 430 8.249656e-04 1.038570e-03 2 0 4 3 8.123147e-14 0.000000e+00
308 431 8.249656e-04 1.307482e-03 2 0 4 3 6.559526e-14 0.000000e+00
308 432 8.249656e-04 1.646023e-03 2 0 4 3 4.879015e-14 0.000000e+00
308 433 8.249656e-04 2.072220e-03 2 0 4 3 3.514350e-14 0.000000e+00
308 434 8.249656e-04 2.608770e-03 2 0 4 3 2.518558e-14 0.000000e+00
308 435 8.249656e-04 3.284247e-03 2 0 4 3 1.825277e-14 0.000000e+00
308 436 8.249656e-04 4.134622e-03 2 0 4 3 1.348900e-14 0.000000e+00
308 437 8.249656e-04 5.205181e-03 2 0 4 3 1.017193e-14 0.000000e+00
308 438 8.249656e-04 6.552935e-03 2 0 4 3 7.783016e-15 0.000000e+00
308 439 8.249656e-04 8.249656e-03 2 0 4 3 5.984559e-15 0.000000e+00
309 429 1.038570e-03 8.249656e-04 2 0 4 3 8.123147e-14 0.000000e+00
309 430 1.038570e-03 1.038570e-03 2 0 4 3 1.004724e-13 0.000000e+00
309 431 1.038570e-03 1.307482e-03 2 0 4 3 9.496202e-14 0.000000e+00
309 432 1.038570e-03 1.646023e-03 2 0 4 3 7.462609e-14 0.000000e+00
309 433 1.038570e-03 2.072220e-03 2 0 4 3 5.479875e-14 0.000000e+00
309 434 1.038570e-03 2.608770e-03 2 0 4 3 3.956361e-14 0.000000e+00
309 435 1.038570e-03 3.284247e-03 2 0 4 3 2.876407e-14 0.000000e+00
309 436 1.038570e-03 4.134622e-03 2 0 4 3 2.129220e-14 0.000000e+00
309 437 1.038570e-03 5.205181e-03 2 0 4 3 1.607404e-14 0.000000e+00
309 438 1.038570e-03 6.552935e-03 2 0 4 3 1.230948e-14 0.000000e+00
309 439 1.038570e-03 8.249656e-03 2 0 4 3 9.471336e-15 0.000000e+00
310 429 1.307482e-03 8.249656e-04 2 0 4 3 6.559526e-14 0.000000e+00
310 430 1.307482e-03 1.038570e-03 2 0 4 3 9.496202e-14 0.000000e+00
310 431 1.307482e-03 1.307482e-03 2 0 4 3 1.178768e-13 0.000000e+00
310 432 1.307482e-03 1.646023e-03 2 0 4 3 1.091671e-13 0.000000e+00
310 433 1.307482e-03 2.072220e-03 2 0 4 3 8.421128e-14 0.000000e+00
310 434 1.307482e-03 2.608770e-03 2 0 4 3 6.175569e-14 0.000000e+00
310 435 1.307482e-03 3.284247e-03 2 0 4 3 4.516437e-14 0.000000e+00
310 436 1.307482e-03 4.134622e-03 2 0 4 3 3.352698e-14 0.000000e+00
310 437 1.307482e-03 5.205181e-03 2 0 4 3 2.535622e-14 0.000000e+00
310 438 1.307482e-03 6.552935e-03 2 0 4 3 1.944439e-14 0.000000e+00
310 439 1.307482e-03 8.249656e-03 2 0 4 3 1.497701e-14 0.000000e+00
311 429 1.646023e-03 8.249656e-04 2 0 4 3 4.879015e-14 0.000000e+00
311 430 1.646023e-03 1.038570e-03 2 0 4 3 7.462609e-14 0.000000e+00
311 431 1.646023e-03 1.307482e-03 2 0 4 3 1.091671e-13 0.000000e+00
311 432 1.646023e-03 1.646023e-03 2 0 4 3 1.363341e-13 0.000000e+00
311 433 1.646023e-03 2.072220e-03 2 0 4 3 1.243580e-13 0.000000e+00
311 434 1.646023e-03 2.608770e-03 2 0 4 3 9.515538e-14 0.000000e+00
311 435 1.646023e-03 3.284247e-03 2 0 4 3 7.046729e-14 0.000000e+00
311 436 1.646023e-03 4.134622e-03 2 0 4 3 5.257910e-14 0.000000e+00
311 437 1.646023e-03 5.205181e-03 2 0 4 3 3.988530e-14 0.000000e+00
311 438 1.646023e-03 6.552935e-03 2 0 4 3 3.065383e-14 0.000000e+00
311 439 1.646023e-03 8.249656e-03 2 0 4 3 2.365113e-14 0.000000e+00
312 429 2.072220e-03 8.249656e-04 2 0 4 3 3.514350e-14 0.000000e+00
312 430 2.072220e-03 1.038570e-03 2 0 4 3 5.479875e-14 0.000000e+00
312 431 2.072220e-03 1.307482e-03 2 0 4 3 8.421128e-14 0.000000e+00
312 432 2.072220e-03 1.646023e-03 2 0 4 3 1.243580e-13 0.000000e+00
312 433 2.072220e-03 2.072220e-03 2 0 4 3 1.565169e-13 0.000000e+00
312 434 2.072220e-03 2.608770e-03 2 0 4 3 1.415260e-13 0.000000e+00
312 435 2.072220e-03 3.284247e-03 2 0 4 3 1.086049e-13 0.000000e+00
312 436 2.072220e-03 4.134622e-03 2 0 4 3 8.189335e-14 0.000000e+00
312 437 2.072220e-03 5.205181e-03 2 0 4 3 6.244911e-14 0.000000e+00
312 438 2.072220e-03 6.552935e-03 2 0 4 3 4.817025e-14 0.000000e+00
312 439 2.072220e-03 8.249656e-03 2 0 4 3 3.726806e-14 0.000000e+00
313 429 2.608770e-03 8.249656e-04 2 0 4 3 2.518558e-14 0.000000e+00
313 430 2.608770e-03 1.038570e-03 2 0 4 3 3.956361e-14 0.000000e+00
313 431 2.608770e-03 1.307482e-03 2 0 4 3 6.175569e-14 0.000000e+00
313 432 2.608770e-03 1.646023e-03 2 0 4 3 9.515538e-14 0.000000e+00
313 433 2.608770e-03 2.072220e-03 2 0 4 3 1.415260e-13 0.000000e+00
313 434 2.608770e-03 2.608770e-03 2 0 4 3 1.796125e-13 0.000000e+00
313 435 2.608770e-03 3.284247e-03 2 0 4 3 1.621330e-13 0.000000e+00
313 436 2.608770e-03 4.134622e-03 2 0 4 3 1.259542e-13 0.000000e+00
313 437 2.608770e-03 5.205181e-03 2 0 4 3 9.702021e-14 0.000000e+00
313 438 2.608770e-03 6.552935e-03 2 0 4 3 7.529827e-14 0.000000e+00
313 439 2.608770e-03 8.249656e-03 2 0 4 3 5.851835e-14 0.000000e+00
314 429 3.284247e-03 8.249656e-04 2 0 4 3 1.825277e-14 0.000000e+00
314 430 3.284247e-03 1.038570e-03 2 0 4 3 2.876407e-14 0.000000e+00
314 431 3.284247e-03 1.307482e-03 2 0 4 3 4.516437e-14 0.000000e+00
314 432 3.284247e-03 1.646023e-03 2 0 4 3 7.046729e-14 0.000000e+00
314 433 3.284247e-03 2.072220e-03 2 0 4 3 1.086049e-13 0.000000e+00
314 434 3.284247e-03 2.608770e-03 2 0 4 3 1.621330e-13 0.000000e+00
314 435 3.284247e-03 3.284247e-03 2 0 4 3 2.073045e-13 0.000000e+00
314 436 3.284247e-03 4.134622e-03 2 0 4 3 1.880057e-13 0.000000e+00
314 437 3.284247e-03 5.205181e-03 2 0 4 3 1.486677e-13 0.000000e+00
314 438 3.284247e-03 6.552935e-03 2 0 4 3 1.166701e-13 0.000000e+00
314 439 3.284247e-03 8.249656e-03 2 0 4 3 9.135459e-14 0.000000e+00
315 429 4.134622e-03 8.249656e-04 2 0 4 3 1.348900e-14 0.000000e+00
315 430 4.134622e-03 1.038570e-03 2 0 4 3 2.129220e-14 0.000000e+00
315 431 4.134622e-03 1.307482e-03 2 0 4 3 3.352698e-14 0.000000e+00
315 432 4.134622e-03 1.646023e-03 2 0 4 3 5.257910e-14 0.000000e+00
315 433 4.134622e-03 2.072220e-03 2 0 4 3 8.189335e-14 0.000000e+00
315 434 4.134622e-03 2.608770e-03 2 0 4 3 1.259542e-13 0.000000e+00
315 435 4.134622e-03 3.284247e-03 2 0 4 3 1.880057e-13 0.000000e+00
315 436 4.134622e-03 4.134622e-03 2 0 4 3 2.416451e-13 0.000000e+00
315 437 4.134622e-03 5.205181e-03 2 0 4 3 2.211128e-13 0.000000e+00
315 438 4.134622e-03 6.552935e-03 2 0 4 3 1.780030e-13 0.000000e+00
315 439 4.134622e-03 8.249656e-03 2 0 4 3 1.412295e-13 0.000000e+00
316 429 5.205181e-03 8.249656e-04 2 0 4 3 1.017193e-14 0.000000e+00
316 430 5.205181e-03 1.038570e-03 2 0 4 3 1.607404e-14 0.000000e+00
316 431 5.205181e-03 1.307482e-03 2 0 4 3 2.535622e-14 0.000000e+00
316 432 5.205181e-03 1.646023e-03 2 0 4 3 3.988530e-14 0.000000e+00
316 433 5.205181e-03 2.072220e-03 2 0 4 3 6.244911e-14 0.000000e+00
316 434 5.205181e-03 2.608770e-03 2 0 4 3 9.702021e-14 0.000000e+00
316 435 5.205181e-03 3.284247e-03 2 0 4 3 1.486677e-13 0.000000e+00
316 436 5.205181e-03 4.134622e-03 2 0 4 3 2.211128e-13 0.000000e+00
316 437 5.205181e-03 5.205181e-03 2 0 4 3 2.847865e-13 0.000000e+00
316 438 5.205181e-03 6.552935e-03 2 0 4 3 2.631964e-13 0.000000e+00
316 439 5.205181e-03 8.249656e-03 2 0 4 3 2.146121e-13 0.000000e+00
317 429 6.552935e-03 8.249656e-04 2 0 4 3 7.783016e-15 0.000000e+00
317 430 6.552935e-03 1.038570e-03 2 0 4 3 1.230948e-14 0.000000e+00
317 431 6.552935e-03 1.307482e-03 2 0 4 3 1.944439e-14 0.000000e+00
317 432 6.552935e-03 1.646023e-03 2 0 4 3 3.065383e-14 0.000000e+00
317 433 6.552935e-03 2.072220e-03 2 0 4 3 4.817025e-14 0.000000e+00
317 434 6.552935e-03 2.608770e-03 2 0 4 3 7.529827e-14 0.000000e+00
317 435 6.552935e-03 3.284247e-03 2 0 4 3 1.166701e-13 0.000000e+00
317 436 6.552935e-03 4.134622e-03 2 0 4 3 1.780030e-13 0.000000e+00
317 437 6.552935e-03 5.205181e-03 2 0 4 3 2.631964e-13 0.000000e+00
317 438 6.552935e-03 6.552935e-03 2 0 4 3 3.385344e-13 0.000000e+00
317 439 6.552935e-03 8.249656e-03 2 0 4 3 3.152356e-13 0.000000e+00
318 429 8.249656e-03 8.249656e-04 2 0 4 3 5.984559e-15 0.000000e+00
318 430 8.249656e-03 1.038570e-03 2 0 4 3 9.471336e-15 0.000000e+00
318 431 8.249656e-03 1.307482e-03 2 0 4 3 1.497701e-14 0.000000e+00
318 432 8.249656e-03 1.646023e-03 2 0 4 3 2.365113e-14 0.000000e+00
318 433 8.249656e-03 2.072220e-03 2 0 4 3 3.726806e-14 0.000000e+00
318 434 8.249656e-03 2.608770e-03 2 0 4 3 5.851835e-14 0.000000e+00
318 435 8.249656e-03 3.284247e-03 2 0 4 3 9.135459e-14 0.000000e+00
318 436 8.249656e-03 4.134622e-03 2 0 4 3 1.412295e-13 0.000000e+00
318 437 8.249656e-03 5.205181e-03 2 0 4 3 2.146121e-13 0.000000e+00
318 438 8.249656e-03 6.552935e-03 2 0 4 3 3.152356e-13 0.000000e+00
318 439 8.249656e-03 8.249656e-03 2 0 4 3 4.037094e-13 0.000000e+00
