# Please cite the following papers in research using this covariance:
# arXiv: 1601.05779, https://arxiv.org/abs/1601.05779
# arXiv: 1911.11947, https://arxiv.org/abs/1911.11947
# arXiv: 2004.04833, https://arxiv.org/abs/2004.04833
# arXiv: 1804.10663, https://arxiv.org/abs/1804.10663
########################################################
297 374 8.249656e-04 8.249656e-04 1 3 3 2 6.782271e-13 0.000000e+00
297 375 8.249656e-04 1.038570e-03 1 3 3 2 6.540357e-13 0.000000e+00
297 376 8.249656e-04 1.307482e-03 1 3 3 2 5.198424e-13 0.000000e+00
297 377 8.249656e-04 1.646023e-03 1 3 3 2 3.739115e-13 0.000000e+00
297 378 8.249656e-04 2.072220e-03 1 3 3 2 2.574306e-13 0.000000e+00
297 379 8.249656e-04 2.608770e-03 1 3 3 2 1.760273e-13 0.000000e+00
297 380 8.249656e-04 3.284247e-03 1 3 3 2 1.225571e-13 0.000000e+00
297 381 8.249656e-04 4.134622e-03 1 3 3 2 8.806785e-14 0.000000e+00
297 382 8.249656e-04 5.205181e-03 1 3 3 2 6.548903e-14 0.000000e+00
297 383 8.249656e-04 6.552935e-03 1 3 3 2 5.009327e-14 0.000000e+00
297 384 8.249656e-04 8.249656e-03 1 3 3 2 3.896326e-14 0.000000e+00
298 374 1.038570e-03 8.249656e-04 1 3 3 2 6.540357e-13 0.000000e+00
298 375 1.038570e-03 1.038570e-03 1 3 3 2 8.034034e-13 0.000000e+00
298 376 1.038570e-03 1.307482e-03 1 3 3 2 7.510663e-13 0.000000e+00
298 377 1.038570e-03 1.646023e-03 1 3 3 2 5.740089e-13 0.000000e+00
298 378 1.038570e-03 2.072220e-03 1 3 3 2 4.033921e-13 0.000000e+00
298 379 1.038570e-03 2.608770e-03 1 3 3 2 2.775512e-13 0.000000e+00
298 380 1.038570e-03 3.284247e-03 1 3 3 2 1.935523e-13 0.000000e+00
298 381 1.038570e-03 4.134622e-03 1 3 3 2 1.391596e-13 0.000000e+00
298 382 1.038570e-03 5.205181e-03 1 3 3 2 1.035331e-13 0.000000e+00
298 383 1.038570e-03 6.552935e-03 1 3 3 2 7.923758e-14 0.000000e+00
298 384 1.038570e-03 8.249656e-03 1 3 3 2 6.166516e-14 0.000000e+00
299 374 1.307482e-03 8.249656e-04 1 3 3 2 5.198424e-13 0.000000e+00
299 375 1.307482e-03 1.038570e-03 1 3 3 2 7.510663e-13 0.000000e+00
299 376 1.307482e-03 1.307482e-03 1 3 3 2 9.254408e-13 0.000000e+00
299 377 1.307482e-03 1.646023e-03 1 3 3 2 8.414191e-13 0.000000e+00
299 378 1.307482e-03 2.072220e-03 1 3 3 2 6.242498e-13 0.000000e+00
299 379 1.307482e-03 2.608770e-03 1 3 3 2 4.358399e-13 0.000000e+00
299 380 1.307482e-03 3.284247e-03 1 3 3 2 3.049931e-13 0.000000e+00
299 381 1.307482e-03 4.134622e-03 1 3 3 2 2.195011e-13 0.000000e+00
299 382 1.307482e-03 5.205181e-03 1 3 3 2 1.634360e-13 0.000000e+00
299 383 1.307482e-03 6.552935e-03 1 3 3 2 1.251941e-13 0.000000e+00
299 384 1.307482e-03 8.249656e-03 1 3 3 2 9.751331e-14 0.000000e+00
300 374 1.646023e-03 8.249656e-04 1 3 3 2 3.739115e-13 0.000000e+00
300 375 1.646023e-03 1.038570e-03 1 3 3 2 5.740089e-13 0.000000e+00
300 376 1.646023e-03 1.307482e-03 1 3 3 2 8.414191e-13 0.000000e+00
300 377 1.646023e-03 1.646023e-03 1 3 3 2 1.044241e-12 0.000000e+00
300 378 1.646023e-03 2.072220e-03 1 3 3 2 9.284347e-13 0.000000e+00
300 379 1.646023e-03 2.608770e-03 1 3 3 2 6.778645e-13 0.000000e+00
300 380 1.646023e-03 3.284247e-03 1 3 3 2 4.787100e-13 0.000000e+00
300 381 1.646023e-03 4.134622e-03 1 3 3 2 3.452358e-13 0.000000e+00
300 382 1.646023e-03 5.205181e-03 1 3 3 2 2.573895e-13 0.000000e+00
300 383 1.646023e-03 6.552935e-03 1 3 3 2 1.974413e-13 0.000000e+00
300 384 1.646023e-03 8.249656e-03 1 3 3 2 1.539955e-13 0.000000e+00
301 374 2.072220e-03 8.249656e-04 1 3 3 2 2.574306e-13 0.000000e+00
301 375 2.072220e-03 1.038570e-03 1 3 3 2 4.033921e-13 0.000000e+00
301 376 2.072220e-03 1.307482e-03 1 3 3 2 6.242498e-13 0.000000e+00
301 377 2.072220e-03 1.646023e-03 1 3 3 2 9.284347e-13 0.000000e+00
301 378 2.072220e-03 2.072220e-03 1 3 3 2 1.164351e-12 0.000000e+00
301 379 2.072220e-03 2.608770e-03 1 3 3 2 1.020304e-12 0.000000e+00
301 380 2.072220e-03 3.284247e-03 1 3 3 2 7.452654e-13 0.000000e+00
301 381 2.072220e-03 4.134622e-03 1 3 3 2 5.404351e-13 0.000000e+00
301 382 2.072220e-03 5.205181e-03 1 3 3 2 4.038204e-13 0.000000e+00
301 383 2.072220e-03 6.552935e-03 1 3 3 2 3.104647e-13 0.000000e+00
301 384 2.072220e-03 8.249656e-03 1 3 3 2 2.426759e-13 0.000000e+00
302 374 2.608770e-03 8.249656e-04 1 3 3 2 1.760273e-13 0.000000e+00
302 375 2.608770e-03 1.038570e-03 1 3 3 2 2.775512e-13 0.000000e+00
302 376 2.608770e-03 1.307482e-03 1 3 3 2 4.358399e-13 0.000000e+00
302 377 2.608770e-03 1.646023e-03 1 3 3 2 6.778645e-13 0.000000e+00
302 378 2.608770e-03 2.072220e-03 1 3 3 2 1.020304e-12 0.000000e+00
302 379 2.608770e-03 2.608770e-03 1 3 3 2 1.295202e-12 0.000000e+00
302 380 2.608770e-03 3.284247e-03 1 3 3 2 1.129611e-12 0.000000e+00
302 381 2.608770e-03 4.134622e-03 1 3 3 2 8.388489e-13 0.000000e+00
302 382 2.608770e-03 5.205181e-03 1 3 3 2 6.296777e-13 0.000000e+00
302 383 2.608770e-03 6.552935e-03 1 3 3 2 4.858692e-13 0.000000e+00
302 384 2.608770e-03 8.249656e-03 1 3 3 2 3.811101e-13 0.000000e+00
303 374 3.284247e-03 8.249656e-04 1 3 3 2 1.225571e-13 0.000000e+00
303 375 3.284247e-03 1.038570e-03 1 3 3 2 1.935523e-13 0.000000e+00
303 376 3.284247e-03 1.307482e-03 1 3 3 2 3.049931e-13 0.000000e+00
303 377 3.284247e-03 1.646023e-03 1 3 3 2 4.787100e-13 0.000000e+00
303 378 3.284247e-03 2.072220e-03 1 3 3 2 7.452654e-13 0.000000e+00
303 379 3.284247e-03 2.608770e-03 1 3 3 2 1.129611e-12 0.000000e+00
303 380 3.284247e-03 3.284247e-03 1 3 3 2 1.450760e-12 0.000000e+00
303 381 3.284247e-03 4.134622e-03 1 3 3 2 1.272347e-12 0.000000e+00
303 382 3.284247e-03 5.205181e-03 1 3 3 2 9.717887e-13 0.000000e+00
303 383 3.284247e-03 6.552935e-03 1 3 3 2 7.544895e-13 0.000000e+00
303 384 3.284247e-03 8.249656e-03 1 3 3 2 5.951694e-13 0.000000e+00
304 374 4.134622e-03 8.249656e-04 1 3 3 2 8.806785e-14 0.000000e+00
304 375 4.134622e-03 1.038570e-03 1 3 3 2 1.391596e-13 0.000000e+00
304 376 4.134622e-03 1.307482e-03 1 3 3 2 2.195011e-13 0.000000e+00
304 377 4.134622e-03 1.646023e-03 1 3 3 2 3.452358e-13 0.000000e+00
304 378 4.134622e-03 2.072220e-03 1 3 3 2 5.404351e-13 0.000000e+00
304 379 4.134622e-03 2.608770e-03 1 3 3 2 8.388489e-13 0.000000e+00
304 380 4.134622e-03 3.284247e-03 1 3 3 2 1.272347e-12 0.000000e+00
304 381 4.134622e-03 4.134622e-03 1 3 3 2 1.648681e-12 0.000000e+00
304 382 4.134622e-03 5.205181e-03 1 3 3 2 1.466463e-12 0.000000e+00
304 383 4.134622e-03 6.552935e-03 1 3 3 2 1.156559e-12 0.000000e+00
304 384 4.134622e-03 8.249656e-03 1 3 3 2 9.208851e-13 0.000000e+00
305 374 5.205181e-03 8.249656e-04 1 3 3 2 6.548903e-14 0.000000e+00
305 375 5.205181e-03 1.038570e-03 1 3 3 2 1.035331e-13 0.000000e+00
305 376 5.205181e-03 1.307482e-03 1 3 3 2 1.634360e-13 0.000000e+00
305 377 5.205181e-03 1.646023e-03 1 3 3 2 2.573895e-13 0.000000e+00
305 378 5.205181e-03 2.072220e-03 1 3 3 2 4.038204e-13 0.000000e+00
305 379 5.205181e-03 2.608770e-03 1 3 3 2 6.296777e-13 0.000000e+00
305 380 5.205181e-03 3.284247e-03 1 3 3 2 9.717887e-13 0.000000e+00
305 381 5.205181e-03 4.134622e-03 1 3 3 2 1.466463e-12 0.000000e+00
305 382 5.205181e-03 5.205181e-03 1 3 3 2 1.908800e-12 0.000000e+00
305 383 5.205181e-03 6.552935e-03 1 3 3 2 1.729675e-12 0.000000e+00
305 384 5.205181e-03 8.249656e-03 1 3 3 2 1.402661e-12 0.000000e+00
306 374 6.552935e-03 8.249656e-04 1 3 3 2 5.009327e-14 0.000000e+00
306 375 6.552935e-03 1.038570e-03 1 3 3 2 7.923758e-14 0.000000e+00
306 376 6.552935e-03 1.307482e-03 1 3 3 2 1.251941e-13 0.000000e+00
306 377 6.552935e-03 1.646023e-03 1 3 3 2 1.974413e-13 0.000000e+00
306 378 6.552935e-03 2.072220e-03 1 3 3 2 3.104647e-13 0.000000e+00
306 379 6.552935e-03 2.608770e-03 1 3 3 2 4.858692e-13 0.000000e+00
306 380 6.552935e-03 3.284247e-03 1 3 3 2 7.544895e-13 0.000000e+00
306 381 6.552935e-03 4.134622e-03 1 3 3 2 1.156559e-12 0.000000e+00
306 382 6.552935e-03 5.205181e-03 1 3 3 2 1.729675e-12 0.000000e+00
306 383 6.552935e-03 6.552935e-03 1 3 3 2 2.250471e-12 0.000000e+00
306 384 6.552935e-03 8.249656e-03 1 3 3 2 2.075979e-12 0.000000e+00
307 374 8.249656e-03 8.249656e-04 1 3 3 2 3.896326e-14 0.000000e+00
307 375 8.249656e-03 1.038570e-03 1 3 3 2 6.166516e-14 0.000000e+00
307 376 8.249656e-03 1.307482e-03 1 3 3 2 9.751331e-14 0.000000e+00
307 377 8.249656e-03 1.646023e-03 1 3 3 2 1.539955e-13 0.000000e+00
307 378 8.249656e-03 2.072220e-03 1 3 3 2 2.426759e-13 0.000000e+00
307 379 8.249656e-03 2.608770e-03 1 3 3 2 3.811101e-13 0.000000e+00
307 380 8.249656e-03 3.284247e-03 1 3 3 2 5.951694e-13 0.000000e+00
307 381 8.249656e-03 4.134622e-03 1 3 3 2 9.208851e-13 0.000000e+00
307 382 8.249656e-03 5.205181e-03 1 3 3 2 1.402661e-12 0.000000e+00
307 383 8.249656e-03 6.552935e-03 1 3 3 2 2.075979e-12 0.000000e+00
307 384 8.249656e-03 8.249656e-03 1 3 3 2 2.688049e-12 0.000000e+00
