# Please cite the following papers in research using this covariance:
# arXiv: 1601.05779, https://arxiv.org/abs/1601.05779
# arXiv: 1911.11947, https://arxiv.org/abs/1911.11947
# arXiv: 2004.04833, https://arxiv.org/abs/2004.04833
# arXiv: 1804.10663, https://arxiv.org/abs/1804.10663
########################################################
319 330 8.249656e-04 8.249656e-04 2 1 2 2 7.484830e-12 0.000000e+00
319 331 8.249656e-04 1.038570e-03 2 1 2 2 5.595939e-12 0.000000e+00
319 332 8.249656e-04 1.307482e-03 2 1 2 2 3.385419e-12 0.000000e+00
319 333 8.249656e-04 1.646023e-03 2 1 2 2 1.984333e-12 0.000000e+00
319 334 8.249656e-04 2.072220e-03 2 1 2 2 1.150789e-12 0.000000e+00
319 335 8.249656e-04 2.608770e-03 2 1 2 2 6.720066e-13 0.000000e+00
319 336 8.249656e-04 3.284247e-03 2 1 2 2 4.024572e-13 0.000000e+00
319 337 8.249656e-04 4.134622e-03 2 1 2 2 2.512118e-13 0.000000e+00
319 338 8.249656e-04 5.205181e-03 2 1 2 2 1.647847e-13 0.000000e+00
319 339 8.249656e-04 6.552935e-03 2 1 2 2 1.133462e-13 0.000000e+00
319 340 8.249656e-04 8.249656e-03 2 1 2 2 8.082067e-14 0.000000e+00
320 330 1.038570e-03 8.249656e-04 2 1 2 2 5.595939e-12 0.000000e+00
320 331 1.038570e-03 1.038570e-03 2 1 2 2 7.393294e-12 0.000000e+00
320 332 1.038570e-03 1.307482e-03 2 1 2 2 5.416987e-12 0.000000e+00
320 333 1.038570e-03 1.646023e-03 2 1 2 2 3.198393e-12 0.000000e+00
320 334 1.038570e-03 2.072220e-03 2 1 2 2 1.849309e-12 0.000000e+00
320 335 1.038570e-03 2.608770e-03 2 1 2 2 1.074653e-12 0.000000e+00
320 336 1.038570e-03 3.284247e-03 2 1 2 2 6.407815e-13 0.000000e+00
320 337 1.038570e-03 4.134622e-03 2 1 2 2 3.987535e-13 0.000000e+00
320 338 1.038570e-03 5.205181e-03 2 1 2 2 2.611408e-13 0.000000e+00
320 339 1.038570e-03 6.552935e-03 2 1 2 2 1.795016e-13 0.000000e+00
320 340 1.038570e-03 8.249656e-03 2 1 2 2 1.279864e-13 0.000000e+00
321 330 1.307482e-03 8.249656e-04 2 1 2 2 3.385419e-12 0.000000e+00
321 331 1.307482e-03 1.038570e-03 2 1 2 2 5.416987e-12 0.000000e+00
321 332 1.307482e-03 1.307482e-03 2 1 2 2 7.214641e-12 0.000000e+00
321 333 1.307482e-03 1.646023e-03 2 1 2 2 5.180152e-12 0.000000e+00
321 334 1.307482e-03 2.072220e-03 2 1 2 2 2.997612e-12 0.000000e+00
321 335 1.307482e-03 2.608770e-03 2 1 2 2 1.728994e-12 0.000000e+00
321 336 1.307482e-03 3.284247e-03 2 1 2 2 1.023483e-12 0.000000e+00
321 337 1.307482e-03 4.134622e-03 2 1 2 2 6.336570e-13 0.000000e+00
321 338 1.307482e-03 5.205181e-03 2 1 2 2 4.138343e-13 0.000000e+00
321 339 1.307482e-03 6.552935e-03 2 1 2 2 2.841614e-13 0.000000e+00
321 340 1.307482e-03 8.249656e-03 2 1 2 2 2.025937e-13 0.000000e+00
322 330 1.646023e-03 8.249656e-04 2 1 2 2 1.984333e-12 0.000000e+00
322 331 1.646023e-03 1.038570e-03 2 1 2 2 3.198393e-12 0.000000e+00
322 332 1.646023e-03 1.307482e-03 2 1 2 2 5.180152e-12 0.000000e+00
322 333 1.646023e-03 1.646023e-03 2 1 2 2 6.969339e-12 0.000000e+00
322 334 1.646023e-03 2.072220e-03 2 1 2 2 4.913355e-12 0.000000e+00
322 335 1.646023e-03 2.608770e-03 2 1 2 2 2.811801e-12 0.000000e+00
322 336 1.646023e-03 3.284247e-03 2 1 2 2 1.644314e-12 0.000000e+00
322 337 1.646023e-03 4.134622e-03 2 1 2 2 1.009089e-12 0.000000e+00
322 338 1.646023e-03 5.205181e-03 2 1 2 2 6.558965e-13 0.000000e+00
322 339 1.646023e-03 6.552935e-03 2 1 2 2 4.495463e-13 0.000000e+00
322 340 1.646023e-03 8.249656e-03 2 1 2 2 3.204387e-13 0.000000e+00
323 330 2.072220e-03 8.249656e-04 2 1 2 2 1.150789e-12 0.000000e+00
323 331 2.072220e-03 1.038570e-03 2 1 2 2 1.849309e-12 0.000000e+00
323 332 2.072220e-03 1.307482e-03 2 1 2 2 2.997612e-12 0.000000e+00
323 333 2.072220e-03 1.646023e-03 2 1 2 2 4.913355e-12 0.000000e+00
323 334 2.072220e-03 2.072220e-03 2 1 2 2 6.688421e-12 0.000000e+00
323 335 2.072220e-03 2.608770e-03 2 1 2 2 4.653256e-12 0.000000e+00
323 336 2.072220e-03 3.284247e-03 2 1 2 2 2.672085e-12 0.000000e+00
323 337 2.072220e-03 4.134622e-03 2 1 2 2 1.614029e-12 0.000000e+00
323 338 2.072220e-03 5.205181e-03 2 1 2 2 1.040111e-12 0.000000e+00
323 339 2.072220e-03 6.552935e-03 2 1 2 2 7.105448e-13 0.000000e+00
323 340 2.072220e-03 8.249656e-03 2 1 2 2 5.062537e-13 0.000000e+00
324 330 2.608770e-03 8.249656e-04 2 1 2 2 6.720066e-13 0.000000e+00
324 331 2.608770e-03 1.038570e-03 2 1 2 2 1.074653e-12 0.000000e+00
324 332 2.608770e-03 1.307482e-03 2 1 2 2 1.728994e-12 0.000000e+00
324 333 2.608770e-03 1.646023e-03 2 1 2 2 2.811801e-12 0.000000e+00
324 334 2.608770e-03 2.072220e-03 2 1 2 2 4.653256e-12 0.000000e+00
324 335 2.608770e-03 2.608770e-03 2 1 2 2 6.412199e-12 0.000000e+00
324 336 2.608770e-03 3.284247e-03 2 1 2 2 4.441172e-12 0.000000e+00
324 337 2.608770e-03 4.134622e-03 2 1 2 2 2.607633e-12 0.000000e+00
324 338 2.608770e-03 5.205181e-03 2 1 2 2 1.652526e-12 0.000000e+00
324 339 2.608770e-03 6.552935e-03 2 1 2 2 1.121723e-12 0.000000e+00
324 340 2.608770e-03 8.249656e-03 2 1 2 2 7.983523e-13 0.000000e+00
325 330 3.284247e-03 8.249656e-04 2 1 2 2 4.024572e-13 0.000000e+00
325 331 3.284247e-03 1.038570e-03 2 1 2 2 6.407815e-13 0.000000e+00
325 332 3.284247e-03 1.307482e-03 2 1 2 2 1.023483e-12 0.000000e+00
325 333 3.284247e-03 1.646023e-03 2 1 2 2 1.644314e-12 0.000000e+00
325 334 3.284247e-03 2.072220e-03 2 1 2 2 2.672085e-12 0.000000e+00
325 335 3.284247e-03 2.608770e-03 2 1 2 2 4.441172e-12 0.000000e+00
325 336 3.284247e-03 3.284247e-03 2 1 2 2 6.185897e-12 0.000000e+00
325 337 3.284247e-03 4.134622e-03 2 1 2 2 4.318253e-12 0.000000e+00
325 338 3.284247e-03 5.205181e-03 2 1 2 2 2.642406e-12 0.000000e+00
325 339 3.284247e-03 6.552935e-03 2 1 2 2 1.768890e-12 0.000000e+00
325 340 3.284247e-03 8.249656e-03 2 1 2 2 1.255500e-12 0.000000e+00
326 330 4.134622e-03 8.249656e-04 2 1 2 2 2.512118e-13 0.000000e+00
326 331 4.134622e-03 1.038570e-03 2 1 2 2 3.987535e-13 0.000000e+00
326 332 4.134622e-03 1.307482e-03 2 1 2 2 6.336570e-13 0.000000e+00
326 333 4.134622e-03 1.646023e-03 2 1 2 2 1.009089e-12 0.000000e+00
326 334 4.134622e-03 2.072220e-03 2 1 2 2 1.614029e-12 0.000000e+00
326 335 4.134622e-03 2.608770e-03 2 1 2 2 2.607633e-12 0.000000e+00
326 336 4.134622e-03 3.284247e-03 2 1 2 2 4.318253e-12 0.000000e+00
326 337 4.134622e-03 4.134622e-03 2 1 2 2 6.055234e-12 0.000000e+00
326 338 4.134622e-03 5.205181e-03 2 1 2 2 4.321267e-12 0.000000e+00
326 339 4.134622e-03 6.552935e-03 2 1 2 2 2.792929e-12 0.000000e+00
326 340 4.134622e-03 8.249656e-03 2 1 2 2 1.966603e-12 0.000000e+00
327 330 5.205181e-03 8.249656e-04 2 1 2 2 1.647847e-13 0.000000e+00
327 331 5.205181e-03 1.038570e-03 2 1 2 2 2.611408e-13 0.000000e+00
327 332 5.205181e-03 1.307482e-03 2 1 2 2 4.138343e-13 0.000000e+00
327 333 5.205181e-03 1.646023e-03 2 1 2 2 6.558965e-13 0.000000e+00
327 334 5.205181e-03 2.072220e-03 2 1 2 2 1.040111e-12 0.000000e+00
327 335 5.205181e-03 2.608770e-03 2 1 2 2 1.652526e-12 0.000000e+00
327 336 5.205181e-03 3.284247e-03 2 1 2 2 2.642406e-12 0.000000e+00
327 337 5.205181e-03 4.134622e-03 2 1 2 2 4.321267e-12 0.000000e+00
327 338 5.205181e-03 5.205181e-03 2 1 2 2 6.062133e-12 0.000000e+00
327 339 5.205181e-03 6.552935e-03 2 1 2 2 4.479004e-12 0.000000e+00
327 340 5.205181e-03 8.249656e-03 2 1 2 2 3.067279e-12 0.000000e+00
328 330 6.552935e-03 8.249656e-04 2 1 2 2 1.133462e-13 0.000000e+00
328 331 6.552935e-03 1.038570e-03 2 1 2 2 1.795016e-13 0.000000e+00
328 332 6.552935e-03 1.307482e-03 2 1 2 2 2.841614e-13 0.000000e+00
328 333 6.552935e-03 1.646023e-03 2 1 2 2 4.495463e-13 0.000000e+00
328 334 6.552935e-03 2.072220e-03 2 1 2 2 7.105448e-13 0.000000e+00
328 335 6.552935e-03 2.608770e-03 2 1 2 2 1.121723e-12 0.000000e+00
328 336 6.552935e-03 3.284247e-03 2 1 2 2 1.768890e-12 0.000000e+00
328 337 6.552935e-03 4.134622e-03 2 1 2 2 2.792929e-12 0.000000e+00
328 338 6.552935e-03 5.205181e-03 2 1 2 2 4.479004e-12 0.000000e+00
328 339 6.552935e-03 6.552935e-03 2 1 2 2 6.241118e-12 0.000000e+00
328 340 6.552935e-03 8.249656e-03 2 1 2 2 4.809343e-12 0.000000e+00
329 330 8.249656e-03 8.249656e-04 2 1 2 2 8.082067e-14 0.000000e+00
329 331 8.249656e-03 1.038570e-03 2 1 2 2 1.279864e-13 0.000000e+00
329 332 8.249656e-03 1.307482e-03 2 1 2 2 2.025937e-13 0.000000e+00
329 333 8.249656e-03 1.646023e-03 2 1 2 2 3.204387e-13 0.000000e+00
329 334 8.249656e-03 2.072220e-03 2 1 2 2 5.062537e-13 0.000000e+00
329 335 8.249656e-03 2.608770e-03 2 1 2 2 7.983523e-13 0.000000e+00
329 336 8.249656e-03 3.284247e-03 2 1 2 2 1.255500e-12 0.000000e+00
329 337 8.249656e-03 4.134622e-03 2 1 2 2 1.966603e-12 0.000000e+00
329 338 8.249656e-03 5.205181e-03 2 1 2 2 3.067279e-12 0.000000e+00
329 339 8.249656e-03 6.552935e-03 2 1 2 2 4.809343e-12 0.000000e+00
329 340 8.249656e-03 8.249656e-03 2 1 2 2 6.614966e-12 0.000000e+00
