# Please cite the following papers in research using this covariance:
# arXiv: 1601.05779, https://arxiv.org/abs/1601.05779
# arXiv: 1911.11947, https://arxiv.org/abs/1911.11947
# arXiv: 2004.04833, https://arxiv.org/abs/2004.04833
# arXiv: 1804.10663, https://arxiv.org/abs/1804.10663
########################################################
275 451 8.249656e-04 8.249656e-04 1 1 5 1 7.150677e-12 0.000000e+00
275 452 8.249656e-04 1.038570e-03 1 1 5 1 4.698754e-12 0.000000e+00
275 453 8.249656e-04 1.307482e-03 1 1 5 1 2.316409e-12 0.000000e+00
275 454 8.249656e-04 1.646023e-03 1 1 5 1 1.100480e-12 0.000000e+00
275 455 8.249656e-04 2.072220e-03 1 1 5 1 5.211652e-13 0.000000e+00
275 456 8.249656e-04 2.608770e-03 1 1 5 1 2.522468e-13 0.000000e+00
275 457 8.249656e-04 3.284247e-03 1 1 5 1 1.271801e-13 0.000000e+00
275 458 8.249656e-04 4.134622e-03 1 1 5 1 6.760753e-14 0.000000e+00
275 459 8.249656e-04 5.205181e-03 1 1 5 1 3.797628e-14 0.000000e+00
275 460 8.249656e-04 6.552935e-03 1 1 5 1 2.238198e-14 0.000000e+00
275 461 8.249656e-04 8.249656e-03 1 1 5 1 1.365310e-14 0.000000e+00
276 451 1.038570e-03 8.249656e-04 1 1 5 1 4.698754e-12 0.000000e+00
276 452 1.038570e-03 1.038570e-03 1 1 5 1 6.495588e-12 0.000000e+00
276 453 1.038570e-03 1.307482e-03 1 1 5 1 4.070709e-12 0.000000e+00
276 454 1.038570e-03 1.646023e-03 1 1 5 1 1.892766e-12 0.000000e+00
276 455 1.038570e-03 2.072220e-03 1 1 5 1 8.719586e-13 0.000000e+00
276 456 1.038570e-03 2.608770e-03 1 1 5 1 4.127636e-13 0.000000e+00
276 457 1.038570e-03 3.284247e-03 1 1 5 1 2.050297e-13 0.000000e+00
276 458 1.038570e-03 4.134622e-03 1 1 5 1 1.080138e-13 0.000000e+00
276 459 1.038570e-03 5.205181e-03 1 1 5 1 6.039320e-14 0.000000e+00
276 460 1.038570e-03 6.552935e-03 1 1 5 1 3.551216e-14 0.000000e+00
276 461 1.038570e-03 8.249656e-03 1 1 5 1 2.165254e-14 0.000000e+00
277 451 1.307482e-03 8.249656e-04 1 1 5 1 2.316409e-12 0.000000e+00
277 452 1.307482e-03 1.038570e-03 1 1 5 1 4.070709e-12 0.000000e+00
277 453 1.307482e-03 1.307482e-03 1 1 5 1 5.778334e-12 0.000000e+00
277 454 1.307482e-03 1.646023e-03 1 1 5 1 3.444721e-12 0.000000e+00
277 455 1.307482e-03 2.072220e-03 1 1 5 1 1.519470e-12 0.000000e+00
277 456 1.307482e-03 2.608770e-03 1 1 5 1 6.914226e-13 0.000000e+00
277 457 1.307482e-03 3.284247e-03 1 1 5 1 3.344967e-13 0.000000e+00
277 458 1.307482e-03 4.134622e-03 1 1 5 1 1.735413e-13 0.000000e+00
277 459 1.307482e-03 5.205181e-03 1 1 5 1 9.627181e-14 0.000000e+00
277 460 1.307482e-03 6.552935e-03 1 1 5 1 5.640434e-14 0.000000e+00
277 461 1.307482e-03 8.249656e-03 1 1 5 1 3.433485e-14 0.000000e+00
278 451 1.646023e-03 8.249656e-04 1 1 5 1 1.100480e-12 0.000000e+00
278 452 1.646023e-03 1.038570e-03 1 1 5 1 1.892766e-12 0.000000e+00
278 453 1.646023e-03 1.307482e-03 1 1 5 1 3.444721e-12 0.000000e+00
278 454 1.646023e-03 1.646023e-03 1 1 5 1 5.046788e-12 0.000000e+00
278 455 1.646023e-03 2.072220e-03 1 1 5 1 2.861028e-12 0.000000e+00
278 456 1.646023e-03 2.608770e-03 1 1 5 1 1.212790e-12 0.000000e+00
278 457 1.646023e-03 3.284247e-03 1 1 5 1 5.581813e-13 0.000000e+00
278 458 1.646023e-03 4.134622e-03 1 1 5 1 2.816210e-13 0.000000e+00
278 459 1.646023e-03 5.205181e-03 1 1 5 1 1.540608e-13 0.000000e+00
278 460 1.646023e-03 6.552935e-03 1 1 5 1 8.970918e-14 0.000000e+00
278 461 1.646023e-03 8.249656e-03 1 1 5 1 5.448310e-14 0.000000e+00
279 451 2.072220e-03 8.249656e-04 1 1 5 1 5.211652e-13 0.000000e+00
279 452 2.072220e-03 1.038570e-03 1 1 5 1 8.719586e-13 0.000000e+00
279 453 2.072220e-03 1.307482e-03 1 1 5 1 1.519470e-12 0.000000e+00
279 454 2.072220e-03 1.646023e-03 1 1 5 1 2.861028e-12 0.000000e+00
279 455 2.072220e-03 2.072220e-03 1 1 5 1 4.341957e-12 0.000000e+00
279 456 2.072220e-03 2.608770e-03 1 1 5 1 2.348636e-12 0.000000e+00
279 457 2.072220e-03 3.284247e-03 1 1 5 1 9.769339e-13 0.000000e+00
279 458 2.072220e-03 4.134622e-03 1 1 5 1 4.660915e-13 0.000000e+00
279 459 2.072220e-03 5.205181e-03 1 1 5 1 2.483810e-13 0.000000e+00
279 460 2.072220e-03 6.552935e-03 1 1 5 1 1.430416e-13 0.000000e+00
279 461 2.072220e-03 8.249656e-03 1 1 5 1 8.650352e-14 0.000000e+00
280 451 2.608770e-03 8.249656e-04 1 1 5 1 2.522468e-13 0.000000e+00
280 452 2.608770e-03 1.038570e-03 1 1 5 1 4.127636e-13 0.000000e+00
280 453 2.608770e-03 1.307482e-03 1 1 5 1 6.914226e-13 0.000000e+00
280 454 2.608770e-03 1.646023e-03 1 1 5 1 1.212790e-12 0.000000e+00
280 455 2.608770e-03 2.072220e-03 1 1 5 1 2.348636e-12 0.000000e+00
280 456 2.608770e-03 2.608770e-03 1 1 5 1 3.695547e-12 0.000000e+00
280 457 2.608770e-03 3.284247e-03 1 1 5 1 1.923152e-12 0.000000e+00
280 458 2.608770e-03 4.134622e-03 1 1 5 1 8.066903e-13 0.000000e+00
280 459 2.608770e-03 5.205181e-03 1 1 5 1 4.066447e-13 0.000000e+00
280 460 2.608770e-03 6.552935e-03 1 1 5 1 2.291874e-13 0.000000e+00
280 461 2.608770e-03 8.249656e-03 1 1 5 1 1.375444e-13 0.000000e+00
281 451 3.284247e-03 8.249656e-04 1 1 5 1 1.271801e-13 0.000000e+00
281 452 3.284247e-03 1.038570e-03 1 1 5 1 2.050297e-13 0.000000e+00
281 453 3.284247e-03 1.307482e-03 1 1 5 1 3.344967e-13 0.000000e+00
281 454 3.284247e-03 1.646023e-03 1 1 5 1 5.581813e-13 0.000000e+00
281 455 3.284247e-03 2.072220e-03 1 1 5 1 9.769339e-13 0.000000e+00
281 456 3.284247e-03 2.608770e-03 1 1 5 1 1.923152e-12 0.000000e+00
281 457 3.284247e-03 3.284247e-03 1 1 5 1 3.127923e-12 0.000000e+00
281 458 3.284247e-03 4.134622e-03 1 1 5 1 1.587912e-12 0.000000e+00
281 459 3.284247e-03 5.205181e-03 1 1 5 1 6.913748e-13 0.000000e+00
281 460 3.284247e-03 6.552935e-03 1 1 5 1 3.711425e-13 0.000000e+00
281 461 3.284247e-03 8.249656e-03 1 1 5 1 2.193118e-13 0.000000e+00
282 451 4.134622e-03 8.249656e-04 1 1 5 1 6.760753e-14 0.000000e+00
282 452 4.134622e-03 1.038570e-03 1 1 5 1 1.080138e-13 0.000000e+00
282 453 4.134622e-03 1.307482e-03 1 1 5 1 1.735413e-13 0.000000e+00
282 454 4.134622e-03 1.646023e-03 1 1 5 1 2.816210e-13 0.000000e+00
282 455 4.134622e-03 2.072220e-03 1 1 5 1 4.660915e-13 0.000000e+00
282 456 4.134622e-03 2.608770e-03 1 1 5 1 8.066903e-13 0.000000e+00
282 457 4.134622e-03 3.284247e-03 1 1 5 1 1.587912e-12 0.000000e+00
282 458 4.134622e-03 4.134622e-03 1 1 5 1 2.648669e-12 0.000000e+00
282 459 4.134622e-03 5.205181e-03 1 1 5 1 1.336798e-12 0.000000e+00
282 460 4.134622e-03 6.552935e-03 1 1 5 1 6.184053e-13 0.000000e+00
282 461 4.134622e-03 8.249656e-03 1 1 5 1 3.519583e-13 0.000000e+00
283 451 5.205181e-03 8.249656e-04 1 1 5 1 3.797628e-14 0.000000e+00
283 452 5.205181e-03 1.038570e-03 1 1 5 1 6.039320e-14 0.000000e+00
283 453 5.205181e-03 1.307482e-03 1 1 5 1 9.627181e-14 0.000000e+00
283 454 5.205181e-03 1.646023e-03 1 1 5 1 1.540608e-13 0.000000e+00
283 455 5.205181e-03 2.072220e-03 1 1 5 1 2.483810e-13 0.000000e+00
283 456 5.205181e-03 2.608770e-03 1 1 5 1 4.066447e-13 0.000000e+00
283 457 5.205181e-03 3.284247e-03 1 1 5 1 6.913748e-13 0.000000e+00
283 458 5.205181e-03 4.134622e-03 1 1 5 1 1.336798e-12 0.000000e+00
283 459 5.205181e-03 5.205181e-03 1 1 5 1 2.258398e-12 0.000000e+00
283 460 5.205181e-03 6.552935e-03 1 1 5 1 1.157879e-12 0.000000e+00
283 461 5.205181e-03 8.249656e-03 1 1 5 1 5.757604e-13 0.000000e+00
284 451 6.552935e-03 8.249656e-04 1 1 5 1 2.238198e-14 0.000000e+00
284 452 6.552935e-03 1.038570e-03 1 1 5 1 3.551216e-14 0.000000e+00
284 453 6.552935e-03 1.307482e-03 1 1 5 1 5.640434e-14 0.000000e+00
284 454 6.552935e-03 1.646023e-03 1 1 5 1 8.970918e-14 0.000000e+00
284 455 6.552935e-03 2.072220e-03 1 1 5 1 1.430416e-13 0.000000e+00
284 456 6.552935e-03 2.608770e-03 1 1 5 1 2.291874e-13 0.000000e+00
284 457 6.552935e-03 3.284247e-03 1 1 5 1 3.711425e-13 0.000000e+00
284 458 6.552935e-03 4.134622e-03 1 1 5 1 6.184053e-13 0.000000e+00
284 459 6.552935e-03 5.205181e-03 1 1 5 1 1.157879e-12 0.000000e+00
284 460 6.552935e-03 6.552935e-03 1 1 5 1 1.951154e-12 0.000000e+00
284 461 6.552935e-03 8.249656e-03 1 1 5 1 1.036720e-12 0.000000e+00
285 451 8.249656e-03 8.249656e-04 1 1 5 1 1.365310e-14 0.000000e+00
285 452 8.249656e-03 1.038570e-03 1 1 5 1 2.165254e-14 0.000000e+00
285 453 8.249656e-03 1.307482e-03 1 1 5 1 3.433485e-14 0.000000e+00
285 454 8.249656e-03 1.646023e-03 1 1 5 1 5.448310e-14 0.000000e+00
285 455 8.249656e-03 2.072220e-03 1 1 5 1 8.650352e-14 0.000000e+00
285 456 8.249656e-03 2.608770e-03 1 1 5 1 1.375444e-13 0.000000e+00
285 457 8.249656e-03 3.284247e-03 1 1 5 1 2.193118e-13 0.000000e+00
285 458 8.249656e-03 4.134622e-03 1 1 5 1 3.519583e-13 0.000000e+00
285 459 8.249656e-03 5.205181e-03 1 1 5 1 5.757604e-13 0.000000e+00
285 460 8.249656e-03 6.552935e-03 1 1 5 1 1.036720e-12 0.000000e+00
285 461 8.249656e-03 8.249656e-03 1 1 5 1 1.716837e-12 0.000000e+00
