# Please cite the following papers in research using this covariance:
# arXiv: 1601.05779, https://arxiv.org/abs/1601.05779
# arXiv: 1911.11947, https://arxiv.org/abs/1911.11947
# arXiv: 2004.04833, https://arxiv.org/abs/2004.04833
# arXiv: 1804.10663, https://arxiv.org/abs/1804.10663
########################################################
297 330 8.249656e-04 8.249656e-04 1 3 2 2 1.267572e-12 0.000000e+00
297 331 8.249656e-04 1.038570e-03 1 3 2 2 1.231864e-12 0.000000e+00
297 332 8.249656e-04 1.307482e-03 1 3 2 2 9.855861e-13 0.000000e+00
297 333 8.249656e-04 1.646023e-03 1 3 2 2 7.066766e-13 0.000000e+00
297 334 8.249656e-04 2.072220e-03 1 3 2 2 4.800994e-13 0.000000e+00
297 335 8.249656e-04 2.608770e-03 1 3 2 2 3.216051e-13 0.000000e+00
297 336 8.249656e-04 3.284247e-03 1 3 2 2 2.188285e-13 0.000000e+00
297 337 8.249656e-04 4.134622e-03 1 3 2 2 1.541168e-13 0.000000e+00
297 338 8.249656e-04 5.205181e-03 1 3 2 2 1.130318e-13 0.000000e+00
297 339 8.249656e-04 6.552935e-03 1 3 2 2 8.587904e-14 0.000000e+00
297 340 8.249656e-04 8.249656e-03 1 3 2 2 6.677141e-14 0.000000e+00
298 330 1.038570e-03 8.249656e-04 1 3 2 2 1.231864e-12 0.000000e+00
298 331 1.038570e-03 1.038570e-03 1 3 2 2 1.509178e-12 0.000000e+00
298 332 1.038570e-03 1.307482e-03 1 3 2 2 1.417512e-12 0.000000e+00
298 333 1.038570e-03 1.646023e-03 1 3 2 2 1.083627e-12 0.000000e+00
298 334 1.038570e-03 2.072220e-03 1 3 2 2 7.529971e-13 0.000000e+00
298 335 1.038570e-03 2.608770e-03 1 3 2 2 5.078157e-13 0.000000e+00
298 336 1.038570e-03 3.284247e-03 1 3 2 2 3.459924e-13 0.000000e+00
298 337 1.038570e-03 4.134622e-03 1 3 2 2 2.436926e-13 0.000000e+00
298 338 1.038570e-03 5.205181e-03 1 3 2 2 1.787517e-13 0.000000e+00
298 339 1.038570e-03 6.552935e-03 1 3 2 2 1.358607e-13 0.000000e+00
298 340 1.038570e-03 8.249656e-03 1 3 2 2 1.056799e-13 0.000000e+00
299 330 1.307482e-03 8.249656e-04 1 3 2 2 9.855861e-13 0.000000e+00
299 331 1.307482e-03 1.038570e-03 1 3 2 2 1.417512e-12 0.000000e+00
299 332 1.307482e-03 1.307482e-03 1 3 2 2 1.739615e-12 0.000000e+00
299 333 1.307482e-03 1.646023e-03 1 3 2 2 1.583065e-12 0.000000e+00
299 334 1.307482e-03 2.072220e-03 1 3 2 2 1.166105e-12 0.000000e+00
299 335 1.307482e-03 2.608770e-03 1 3 2 2 7.991113e-13 0.000000e+00
299 336 1.307482e-03 3.284247e-03 1 3 2 2 5.462101e-13 0.000000e+00
299 337 1.307482e-03 4.134622e-03 1 3 2 2 3.848104e-13 0.000000e+00
299 338 1.307482e-03 5.205181e-03 1 3 2 2 2.823218e-13 0.000000e+00
299 339 1.307482e-03 6.552935e-03 1 3 2 2 2.147016e-13 0.000000e+00
299 340 1.307482e-03 8.249656e-03 1 3 2 2 1.671261e-13 0.000000e+00
300 330 1.646023e-03 8.249656e-04 1 3 2 2 7.066766e-13 0.000000e+00
300 331 1.646023e-03 1.038570e-03 1 3 2 2 1.083627e-12 0.000000e+00
300 332 1.646023e-03 1.307482e-03 1 3 2 2 1.583065e-12 0.000000e+00
300 333 1.646023e-03 1.646023e-03 1 3 2 2 1.955444e-12 0.000000e+00
300 334 1.646023e-03 2.072220e-03 1 3 2 2 1.732299e-12 0.000000e+00
300 335 1.646023e-03 2.608770e-03 1 3 2 2 1.246305e-12 0.000000e+00
300 336 1.646023e-03 3.284247e-03 1 3 2 2 8.598233e-13 0.000000e+00
300 337 1.646023e-03 4.134622e-03 1 3 2 2 6.063404e-13 0.000000e+00
300 338 1.646023e-03 5.205181e-03 1 3 2 2 4.450004e-13 0.000000e+00
300 339 1.646023e-03 6.552935e-03 1 3 2 2 3.387154e-13 0.000000e+00
300 340 1.646023e-03 8.249656e-03 1 3 2 2 2.639576e-13 0.000000e+00
301 330 2.072220e-03 8.249656e-04 1 3 2 2 4.800994e-13 0.000000e+00
301 331 2.072220e-03 1.038570e-03 1 3 2 2 7.529971e-13 0.000000e+00
301 332 2.072220e-03 1.307482e-03 1 3 2 2 1.166105e-12 0.000000e+00
301 333 2.072220e-03 1.646023e-03 1 3 2 2 1.732299e-12 0.000000e+00
301 334 2.072220e-03 2.072220e-03 1 3 2 2 2.162811e-12 0.000000e+00
301 335 2.072220e-03 2.608770e-03 1 3 2 2 1.879386e-12 0.000000e+00
301 336 2.072220e-03 3.284247e-03 1 3 2 2 1.344486e-12 0.000000e+00
301 337 2.072220e-03 4.134622e-03 1 3 2 2 9.520511e-13 0.000000e+00
301 338 2.072220e-03 5.205181e-03 1 3 2 2 6.991777e-13 0.000000e+00
301 339 2.072220e-03 6.552935e-03 1 3 2 2 5.329088e-13 0.000000e+00
301 340 2.072220e-03 8.249656e-03 1 3 2 2 4.160339e-13 0.000000e+00
302 330 2.608770e-03 8.249656e-04 1 3 2 2 3.216051e-13 0.000000e+00
302 331 2.608770e-03 1.038570e-03 1 3 2 2 5.078157e-13 0.000000e+00
302 332 2.608770e-03 1.307482e-03 1 3 2 2 7.991113e-13 0.000000e+00
302 333 2.608770e-03 1.646023e-03 1 3 2 2 1.246305e-12 0.000000e+00
302 334 2.608770e-03 2.072220e-03 1 3 2 2 1.879386e-12 0.000000e+00
302 335 2.608770e-03 2.608770e-03 1 3 2 2 2.378160e-12 0.000000e+00
302 336 2.608770e-03 3.284247e-03 1 3 2 2 2.047972e-12 0.000000e+00
302 337 2.608770e-03 4.134622e-03 1 3 2 2 1.485209e-12 0.000000e+00
302 338 2.608770e-03 5.205181e-03 1 3 2 2 1.092993e-12 0.000000e+00
302 339 2.608770e-03 6.552935e-03 1 3 2 2 8.347990e-13 0.000000e+00
302 340 2.608770e-03 8.249656e-03 1 3 2 2 6.535562e-13 0.000000e+00
303 330 3.284247e-03 8.249656e-04 1 3 2 2 2.188285e-13 0.000000e+00
303 331 3.284247e-03 1.038570e-03 1 3 2 2 3.459924e-13 0.000000e+00
303 332 3.284247e-03 1.307482e-03 1 3 2 2 5.462101e-13 0.000000e+00
303 333 3.284247e-03 1.646023e-03 1 3 2 2 8.598233e-13 0.000000e+00
303 334 3.284247e-03 2.072220e-03 1 3 2 2 1.344486e-12 0.000000e+00
303 335 3.284247e-03 2.608770e-03 1 3 2 2 2.047972e-12 0.000000e+00
303 336 3.284247e-03 3.284247e-03 1 3 2 2 2.627408e-12 0.000000e+00
303 337 3.284247e-03 4.134622e-03 1 3 2 2 2.268939e-12 0.000000e+00
303 338 3.284247e-03 5.205181e-03 1 3 2 2 1.694598e-12 0.000000e+00
303 339 3.284247e-03 6.552935e-03 1 3 2 2 1.298628e-12 0.000000e+00
303 340 3.284247e-03 8.249656e-03 1 3 2 2 1.021192e-12 0.000000e+00
304 330 4.134622e-03 8.249656e-04 1 3 2 2 1.541168e-13 0.000000e+00
304 331 4.134622e-03 1.038570e-03 1 3 2 2 2.436926e-13 0.000000e+00
304 332 4.134622e-03 1.307482e-03 1 3 2 2 3.848104e-13 0.000000e+00
304 333 4.134622e-03 1.646023e-03 1 3 2 2 6.063404e-13 0.000000e+00
304 334 4.134622e-03 2.072220e-03 1 3 2 2 9.520511e-13 0.000000e+00
304 335 4.134622e-03 2.608770e-03 1 3 2 2 1.485209e-12 0.000000e+00
304 336 4.134622e-03 3.284247e-03 1 3 2 2 2.268939e-12 0.000000e+00
304 337 4.134622e-03 4.134622e-03 1 3 2 2 2.944105e-12 0.000000e+00
304 338 4.134622e-03 5.205181e-03 1 3 2 2 2.577406e-12 0.000000e+00
304 339 4.134622e-03 6.552935e-03 1 3 2 2 1.997632e-12 0.000000e+00
304 340 4.134622e-03 8.249656e-03 1 3 2 2 1.581700e-12 0.000000e+00
305 330 5.205181e-03 8.249656e-04 1 3 2 2 1.130318e-13 0.000000e+00
305 331 5.205181e-03 1.038570e-03 1 3 2 2 1.787517e-13 0.000000e+00
305 332 5.205181e-03 1.307482e-03 1 3 2 2 2.823218e-13 0.000000e+00
305 333 5.205181e-03 1.646023e-03 1 3 2 2 4.450004e-13 0.000000e+00
305 334 5.205181e-03 2.072220e-03 1 3 2 2 6.991777e-13 0.000000e+00
305 335 5.205181e-03 2.608770e-03 1 3 2 2 1.092993e-12 0.000000e+00
305 336 5.205181e-03 3.284247e-03 1 3 2 2 1.694598e-12 0.000000e+00
305 337 5.205181e-03 4.134622e-03 1 3 2 2 2.577406e-12 0.000000e+00
305 338 5.205181e-03 5.205181e-03 1 3 2 2 3.366658e-12 0.000000e+00
305 339 5.205181e-03 6.552935e-03 1 3 2 2 3.008862e-12 0.000000e+00
305 340 5.205181e-03 8.249656e-03 1 3 2 2 2.414630e-12 0.000000e+00
306 330 6.552935e-03 8.249656e-04 1 3 2 2 8.587904e-14 0.000000e+00
306 331 6.552935e-03 1.038570e-03 1 3 2 2 1.358607e-13 0.000000e+00
306 332 6.552935e-03 1.307482e-03 1 3 2 2 2.147016e-13 0.000000e+00
306 333 6.552935e-03 1.646023e-03 1 3 2 2 3.387154e-13 0.000000e+00
306 334 6.552935e-03 2.072220e-03 1 3 2 2 5.329088e-13 0.000000e+00
306 335 6.552935e-03 2.608770e-03 1 3 2 2 8.347990e-13 0.000000e+00
306 336 6.552935e-03 3.284247e-03 1 3 2 2 1.298628e-12 0.000000e+00
306 337 6.552935e-03 4.134622e-03 1 3 2 2 1.997632e-12 0.000000e+00
306 338 6.552935e-03 5.205181e-03 1 3 2 2 3.008862e-12 0.000000e+00
306 339 6.552935e-03 6.552935e-03 1 3 2 2 3.933976e-12 0.000000e+00
306 340 6.552935e-03 8.249656e-03 1 3 2 2 3.593523e-12 0.000000e+00
307 330 8.249656e-03 8.249656e-04 1 3 2 2 6.677141e-14 0.000000e+00
307 331 8.249656e-03 1.038570e-03 1 3 2 2 1.056799e-13 0.000000e+00
307 332 8.249656e-03 1.307482e-03 1 3 2 2 1.671261e-13 0.000000e+00
307 333 8.249656e-03 1.646023e-03 1 3 2 2 2.639576e-13 0.000000e+00
307 334 8.249656e-03 2.072220e-03 1 3 2 2 4.160339e-13 0.000000e+00
307 335 8.249656e-03 2.608770e-03 1 3 2 2 6.535562e-13 0.000000e+00
307 336 8.249656e-03 3.284247e-03 1 3 2 2 1.021192e-12 0.000000e+00
307 337 8.249656e-03 4.134622e-03 1 3 2 2 1.581700e-12 0.000000e+00
307 338 8.249656e-03 5.205181e-03 1 3 2 2 2.414630e-12 0.000000e+00
307 339 8.249656e-03 6.552935e-03 1 3 2 2 3.593523e-12 0.000000e+00
307 340 8.249656e-03 8.249656e-03 1 3 2 2 4.678233e-12 0.000000e+00
