# Please cite the following papers in research using this covariance:
# arXiv: 1601.05779, https://arxiv.org/abs/1601.05779
# arXiv: 1911.11947, https://arxiv.org/abs/1911.11947
# arXiv: 2004.04833, https://arxiv.org/abs/2004.04833
# arXiv: 1804.10663, https://arxiv.org/abs/1804.10663
########################################################
242 264 8.249656e-04 8.249656e-04 0 2 1 0 7.124410e-13 0.000000e+00
242 265 8.249656e-04 1.038570e-03 0 2 1 0 7.392326e-13 0.000000e+00
242 266 8.249656e-04 1.307482e-03 0 2 1 0 6.505787e-13 0.000000e+00
242 267 8.249656e-04 1.646023e-03 0 2 1 0 5.102288e-13 0.000000e+00
242 268 8.249656e-04 2.072220e-03 0 2 1 0 3.684098e-13 0.000000e+00
242 269 8.249656e-04 2.608770e-03 0 2 1 0 2.513249e-13 0.000000e+00
242 270 8.249656e-04 3.284247e-03 0 2 1 0 1.661680e-13 0.000000e+00
242 271 8.249656e-04 4.134622e-03 0 2 1 0 1.093022e-13 0.000000e+00
242 272 8.249656e-04 5.205181e-03 0 2 1 0 7.324446e-14 0.000000e+00
242 273 8.249656e-04 6.552935e-03 0 2 1 0 5.081513e-14 0.000000e+00
242 274 8.249656e-04 8.249656e-03 0 2 1 0 3.666719e-14 0.000000e+00
243 264 1.038570e-03 8.249656e-04 0 2 1 0 7.392326e-13 0.000000e+00
243 265 1.038570e-03 1.038570e-03 0 2 1 0 9.140569e-13 0.000000e+00
243 266 1.038570e-03 1.307482e-03 0 2 1 0 9.166164e-13 0.000000e+00
243 267 1.038570e-03 1.646023e-03 0 2 1 0 7.669642e-13 0.000000e+00
243 268 1.038570e-03 2.072220e-03 0 2 1 0 5.711340e-13 0.000000e+00
243 269 1.038570e-03 2.608770e-03 0 2 1 0 3.951138e-13 0.000000e+00
243 270 1.038570e-03 3.284247e-03 0 2 1 0 2.626964e-13 0.000000e+00
243 271 1.038570e-03 4.134622e-03 0 2 1 0 1.730828e-13 0.000000e+00
243 272 1.038570e-03 5.205181e-03 0 2 1 0 1.160068e-13 0.000000e+00
243 273 1.038570e-03 6.552935e-03 0 2 1 0 8.047348e-14 0.000000e+00
243 274 1.038570e-03 8.249656e-03 0 2 1 0 5.806755e-14 0.000000e+00
244 264 1.307482e-03 8.249656e-04 0 2 1 0 6.505787e-13 0.000000e+00
244 265 1.307482e-03 1.038570e-03 0 2 1 0 9.166164e-13 0.000000e+00
244 266 1.307482e-03 1.307482e-03 0 2 1 0 1.125742e-12 0.000000e+00
244 267 1.307482e-03 1.646023e-03 0 2 1 0 1.089902e-12 0.000000e+00
244 268 1.307482e-03 2.072220e-03 0 2 1 0 8.669532e-13 0.000000e+00
244 269 1.307482e-03 2.608770e-03 0 2 1 0 6.167121e-13 0.000000e+00
244 270 1.307482e-03 3.284247e-03 0 2 1 0 4.144203e-13 0.000000e+00
244 271 1.307482e-03 4.134622e-03 0 2 1 0 2.739092e-13 0.000000e+00
244 272 1.307482e-03 5.205181e-03 0 2 1 0 1.836613e-13 0.000000e+00
244 273 1.307482e-03 6.552935e-03 0 2 1 0 1.273843e-13 0.000000e+00
244 274 1.307482e-03 8.249656e-03 0 2 1 0 9.191571e-14 0.000000e+00
245 264 1.646023e-03 8.249656e-04 0 2 1 0 5.102288e-13 0.000000e+00
245 265 1.646023e-03 1.038570e-03 0 2 1 0 7.669642e-13 0.000000e+00
245 266 1.646023e-03 1.307482e-03 0 2 1 0 1.089902e-12 0.000000e+00
245 267 1.646023e-03 1.646023e-03 0 2 1 0 1.334524e-12 0.000000e+00
245 268 1.646023e-03 2.072220e-03 0 2 1 0 1.247714e-12 0.000000e+00
245 269 1.646023e-03 2.608770e-03 0 2 1 0 9.465396e-13 0.000000e+00
245 270 1.646023e-03 3.284247e-03 0 2 1 0 6.507222e-13 0.000000e+00
245 271 1.646023e-03 4.134622e-03 0 2 1 0 4.329318e-13 0.000000e+00
245 272 1.646023e-03 5.205181e-03 0 2 1 0 2.905803e-13 0.000000e+00
245 273 1.646023e-03 6.552935e-03 0 2 1 0 2.014973e-13 0.000000e+00
245 274 1.646023e-03 8.249656e-03 0 2 1 0 1.453877e-13 0.000000e+00
246 264 2.072220e-03 8.249656e-04 0 2 1 0 3.684098e-13 0.000000e+00
246 265 2.072220e-03 1.038570e-03 0 2 1 0 5.711340e-13 0.000000e+00
246 266 2.072220e-03 1.307482e-03 0 2 1 0 8.669532e-13 0.000000e+00
246 267 2.072220e-03 1.646023e-03 0 2 1 0 1.247714e-12 0.000000e+00
246 268 2.072220e-03 2.072220e-03 0 2 1 0 1.530141e-12 0.000000e+00
246 269 2.072220e-03 2.608770e-03 0 2 1 0 1.384314e-12 0.000000e+00
246 270 2.072220e-03 3.284247e-03 0 2 1 0 1.009350e-12 0.000000e+00
246 271 2.072220e-03 4.134622e-03 0 2 1 0 6.823361e-13 0.000000e+00
246 272 2.072220e-03 5.205181e-03 0 2 1 0 4.592242e-13 0.000000e+00
246 273 2.072220e-03 6.552935e-03 0 2 1 0 3.183740e-13 0.000000e+00
246 274 2.072220e-03 8.249656e-03 0 2 1 0 2.297024e-13 0.000000e+00
247 264 2.608770e-03 8.249656e-04 0 2 1 0 2.513249e-13 0.000000e+00
247 265 2.608770e-03 1.038570e-03 0 2 1 0 3.951138e-13 0.000000e+00
247 266 2.608770e-03 1.307482e-03 0 2 1 0 6.167121e-13 0.000000e+00
247 267 2.608770e-03 1.646023e-03 0 2 1 0 9.465396e-13 0.000000e+00
247 268 2.608770e-03 2.072220e-03 0 2 1 0 1.384314e-12 0.000000e+00
247 269 2.608770e-03 2.608770e-03 0 2 1 0 1.708686e-12 0.000000e+00
247 270 2.608770e-03 3.284247e-03 0 2 1 0 1.502349e-12 0.000000e+00
247 271 2.608770e-03 4.134622e-03 0 2 1 0 1.066701e-12 0.000000e+00
247 272 2.608770e-03 5.205181e-03 0 2 1 0 7.241688e-13 0.000000e+00
247 273 2.608770e-03 6.552935e-03 0 2 1 0 5.021642e-13 0.000000e+00
247 274 2.608770e-03 8.249656e-03 0 2 1 0 3.622557e-13 0.000000e+00
248 264 3.284247e-03 8.249656e-04 0 2 1 0 1.661680e-13 0.000000e+00
248 265 3.284247e-03 1.038570e-03 0 2 1 0 2.626964e-13 0.000000e+00
248 266 3.284247e-03 1.307482e-03 0 2 1 0 4.144203e-13 0.000000e+00
248 267 3.284247e-03 1.646023e-03 0 2 1 0 6.507222e-13 0.000000e+00
248 268 3.284247e-03 2.072220e-03 0 2 1 0 1.009350e-12 0.000000e+00
248 269 3.284247e-03 2.608770e-03 0 2 1 0 1.502349e-12 0.000000e+00
248 270 3.284247e-03 3.284247e-03 0 2 1 0 1.874721e-12 0.000000e+00
248 271 3.284247e-03 4.134622e-03 0 2 1 0 1.613488e-12 0.000000e+00
248 272 3.284247e-03 5.205181e-03 0 2 1 0 1.135630e-12 0.000000e+00
248 273 3.284247e-03 6.552935e-03 0 2 1 0 7.898348e-13 0.000000e+00
248 274 3.284247e-03 8.249656e-03 0 2 1 0 5.696823e-13 0.000000e+00
249 264 4.134622e-03 8.249656e-04 0 2 1 0 1.093022e-13 0.000000e+00
249 265 4.134622e-03 1.038570e-03 0 2 1 0 1.730828e-13 0.000000e+00
249 266 4.134622e-03 1.307482e-03 0 2 1 0 2.739092e-13 0.000000e+00
249 267 4.134622e-03 1.646023e-03 0 2 1 0 4.329318e-13 0.000000e+00
249 268 4.134622e-03 2.072220e-03 0 2 1 0 6.823361e-13 0.000000e+00
249 269 4.134622e-03 2.608770e-03 0 2 1 0 1.066701e-12 0.000000e+00
249 270 4.134622e-03 3.284247e-03 0 2 1 0 1.613488e-12 0.000000e+00
249 271 4.134622e-03 4.134622e-03 0 2 1 0 2.041468e-12 0.000000e+00
249 272 4.134622e-03 5.205181e-03 0 2 1 0 1.737044e-12 0.000000e+00
249 273 4.134622e-03 6.552935e-03 0 2 1 0 1.235856e-12 0.000000e+00
249 274 4.134622e-03 8.249656e-03 0 2 1 0 8.919429e-13 0.000000e+00
250 264 5.205181e-03 8.249656e-04 0 2 1 0 7.324446e-14 0.000000e+00
250 265 5.205181e-03 1.038570e-03 0 2 1 0 1.160068e-13 0.000000e+00
250 266 5.205181e-03 1.307482e-03 0 2 1 0 1.836613e-13 0.000000e+00
250 267 5.205181e-03 1.646023e-03 0 2 1 0 2.905803e-13 0.000000e+00
250 268 5.205181e-03 2.072220e-03 0 2 1 0 4.592242e-13 0.000000e+00
250 269 5.205181e-03 2.608770e-03 0 2 1 0 7.241688e-13 0.000000e+00
250 270 5.205181e-03 3.284247e-03 0 2 1 0 1.135630e-12 0.000000e+00
250 271 5.205181e-03 4.134622e-03 0 2 1 0 1.737044e-12 0.000000e+00
250 272 5.205181e-03 5.205181e-03 0 2 1 0 2.229413e-12 0.000000e+00
250 273 5.205181e-03 6.552935e-03 0 2 1 0 1.897289e-12 0.000000e+00
250 274 5.205181e-03 8.249656e-03 0 2 1 0 1.386804e-12 0.000000e+00
251 264 6.552935e-03 8.249656e-04 0 2 1 0 5.081513e-14 0.000000e+00
251 265 6.552935e-03 1.038570e-03 0 2 1 0 8.047348e-14 0.000000e+00
251 266 6.552935e-03 1.307482e-03 0 2 1 0 1.273843e-13 0.000000e+00
251 267 6.552935e-03 1.646023e-03 0 2 1 0 2.014973e-13 0.000000e+00
251 268 6.552935e-03 2.072220e-03 0 2 1 0 3.183740e-13 0.000000e+00
251 269 6.552935e-03 2.608770e-03 0 2 1 0 5.021642e-13 0.000000e+00
251 270 6.552935e-03 3.284247e-03 0 2 1 0 7.898348e-13 0.000000e+00
251 271 6.552935e-03 4.134622e-03 0 2 1 0 1.235856e-12 0.000000e+00
251 272 6.552935e-03 5.205181e-03 0 2 1 0 1.897289e-12 0.000000e+00
251 273 6.552935e-03 6.552935e-03 0 2 1 0 2.463961e-12 0.000000e+00
251 274 6.552935e-03 8.249656e-03 0 2 1 0 2.120190e-12 0.000000e+00
252 264 8.249656e-03 8.249656e-04 0 2 1 0 3.666719e-14 0.000000e+00
252 265 8.249656e-03 1.038570e-03 0 2 1 0 5.806755e-14 0.000000e+00
252 266 8.249656e-03 1.307482e-03 0 2 1 0 9.191571e-14 0.000000e+00
252 267 8.249656e-03 1.646023e-03 0 2 1 0 1.453877e-13 0.000000e+00
252 268 8.249656e-03 2.072220e-03 0 2 1 0 2.297024e-13 0.000000e+00
252 269 8.249656e-03 2.608770e-03 0 2 1 0 3.622557e-13 0.000000e+00
252 270 8.249656e-03 3.284247e-03 0 2 1 0 5.696823e-13 0.000000e+00
252 271 8.249656e-03 4.134622e-03 0 2 1 0 8.919429e-13 0.000000e+00
252 272 8.249656e-03 5.205181e-03 0 2 1 0 1.386804e-12 0.000000e+00
252 273 8.249656e-03 6.552935e-03 0 2 1 0 2.120190e-12 0.000000e+00
252 274 8.249656e-03 8.249656e-03 0 2 1 0 2.772450e-12 0.000000e+00
