# Please cite the following papers in research using this covariance:
# arXiv: 1601.05779, https://arxiv.org/abs/1601.05779
# arXiv: 1911.11947, https://arxiv.org/abs/1911.11947
# arXiv: 2004.04833, https://arxiv.org/abs/2004.04833
# arXiv: 1804.10663, https://arxiv.org/abs/1804.10663
########################################################
352 374 8.249656e-04 8.249656e-04 3 0 3 2 3.372509e-12 0.000000e+00
352 375 8.249656e-04 1.038570e-03 3 0 3 2 2.499910e-12 0.000000e+00
352 376 8.249656e-04 1.307482e-03 3 0 3 2 1.499082e-12 0.000000e+00
352 377 8.249656e-04 1.646023e-03 3 0 3 2 8.760097e-13 0.000000e+00
352 378 8.249656e-04 2.072220e-03 3 0 3 2 5.092876e-13 0.000000e+00
352 379 8.249656e-04 2.608770e-03 3 0 3 2 2.994220e-13 0.000000e+00
352 380 8.249656e-04 3.284247e-03 3 0 3 2 1.809205e-13 0.000000e+00
352 381 8.249656e-04 4.134622e-03 3 0 3 2 1.137858e-13 0.000000e+00
352 382 8.249656e-04 5.205181e-03 3 0 3 2 7.481837e-14 0.000000e+00
352 383 8.249656e-04 6.552935e-03 3 0 3 2 5.118512e-14 0.000000e+00
352 384 8.249656e-04 8.249656e-03 3 0 3 2 3.599634e-14 0.000000e+00
353 374 1.038570e-03 8.249656e-04 3 0 3 2 2.499910e-12 0.000000e+00
353 375 1.038570e-03 1.038570e-03 3 0 3 2 3.315860e-12 0.000000e+00
353 376 1.038570e-03 1.307482e-03 3 0 3 2 2.410063e-12 0.000000e+00
353 377 1.038570e-03 1.646023e-03 3 0 3 2 1.414024e-12 0.000000e+00
353 378 1.038570e-03 2.072220e-03 3 0 3 2 8.183402e-13 0.000000e+00
353 379 1.038570e-03 2.608770e-03 3 0 3 2 4.785358e-13 0.000000e+00
353 380 1.038570e-03 3.284247e-03 3 0 3 2 2.878829e-13 0.000000e+00
353 381 1.038570e-03 4.134622e-03 3 0 3 2 1.805432e-13 0.000000e+00
353 382 1.038570e-03 5.205181e-03 3 0 3 2 1.185469e-13 0.000000e+00
353 383 1.038570e-03 6.552935e-03 3 0 3 2 8.105754e-14 0.000000e+00
353 384 1.038570e-03 8.249656e-03 3 0 3 2 5.700507e-14 0.000000e+00
354 374 1.307482e-03 8.249656e-04 3 0 3 2 1.499082e-12 0.000000e+00
354 375 1.307482e-03 1.038570e-03 3 0 3 2 2.410063e-12 0.000000e+00
354 376 1.307482e-03 1.307482e-03 3 0 3 2 3.224252e-12 0.000000e+00
354 377 1.307482e-03 1.646023e-03 3 0 3 2 2.299388e-12 0.000000e+00
354 378 1.307482e-03 2.072220e-03 3 0 3 2 1.326953e-12 0.000000e+00
354 379 1.307482e-03 2.608770e-03 3 0 3 2 7.692512e-13 0.000000e+00
354 380 1.307482e-03 3.284247e-03 3 0 3 2 4.593805e-13 0.000000e+00
354 381 1.307482e-03 4.134622e-03 3 0 3 2 2.867167e-13 0.000000e+00
354 382 1.307482e-03 5.205181e-03 3 0 3 2 1.878094e-13 0.000000e+00
354 383 1.307482e-03 6.552935e-03 3 0 3 2 1.283130e-13 0.000000e+00
354 384 1.307482e-03 8.249656e-03 3 0 3 2 9.023984e-14 0.000000e+00
355 374 1.646023e-03 8.249656e-04 3 0 3 2 8.760097e-13 0.000000e+00
355 375 1.646023e-03 1.038570e-03 3 0 3 2 1.414024e-12 0.000000e+00
355 376 1.646023e-03 1.307482e-03 3 0 3 2 2.299388e-12 0.000000e+00
355 377 1.646023e-03 1.646023e-03 3 0 3 2 3.107970e-12 0.000000e+00
355 378 1.646023e-03 2.072220e-03 3 0 3 2 2.180644e-12 0.000000e+00
355 379 1.646023e-03 2.608770e-03 3 0 3 2 1.249834e-12 0.000000e+00
355 380 1.646023e-03 3.284247e-03 3 0 3 2 7.369415e-13 0.000000e+00
355 381 1.646023e-03 4.134622e-03 3 0 3 2 4.561148e-13 0.000000e+00
355 382 1.646023e-03 5.205181e-03 3 0 3 2 2.975223e-13 0.000000e+00
355 383 1.646023e-03 6.552935e-03 3 0 3 2 2.029755e-13 0.000000e+00
355 384 1.646023e-03 8.249656e-03 3 0 3 2 1.427420e-13 0.000000e+00
356 374 2.072220e-03 8.249656e-04 3 0 3 2 5.092876e-13 0.000000e+00
356 375 2.072220e-03 1.038570e-03 3 0 3 2 8.183402e-13 0.000000e+00
356 376 2.072220e-03 1.307482e-03 3 0 3 2 1.326953e-12 0.000000e+00
356 377 2.072220e-03 1.646023e-03 3 0 3 2 2.180644e-12 0.000000e+00
356 378 2.072220e-03 2.072220e-03 3 0 3 2 2.981123e-12 0.000000e+00
356 379 2.072220e-03 2.608770e-03 3 0 3 2 2.069508e-12 0.000000e+00
356 380 2.072220e-03 3.284247e-03 3 0 3 2 1.195004e-12 0.000000e+00
356 381 2.072220e-03 4.134622e-03 3 0 3 2 7.282949e-13 0.000000e+00
356 382 2.072220e-03 5.205181e-03 3 0 3 2 4.714234e-13 0.000000e+00
356 383 2.072220e-03 6.552935e-03 3 0 3 2 3.207682e-13 0.000000e+00
356 384 2.072220e-03 8.249656e-03 3 0 3 2 2.255427e-13 0.000000e+00
357 374 2.608770e-03 8.249656e-04 3 0 3 2 2.994220e-13 0.000000e+00
357 375 2.608770e-03 1.038570e-03 3 0 3 2 4.785358e-13 0.000000e+00
357 376 2.608770e-03 1.307482e-03 3 0 3 2 7.692512e-13 0.000000e+00
357 377 2.608770e-03 1.646023e-03 3 0 3 2 1.249834e-12 0.000000e+00
357 378 2.608770e-03 2.072220e-03 3 0 3 2 2.069508e-12 0.000000e+00
357 379 2.608770e-03 2.608770e-03 3 0 3 2 2.860971e-12 0.000000e+00
357 380 2.608770e-03 3.284247e-03 3 0 3 2 1.982718e-12 0.000000e+00
357 381 2.608770e-03 4.134622e-03 3 0 3 2 1.173326e-12 0.000000e+00
357 382 2.608770e-03 5.205181e-03 3 0 3 2 7.479224e-13 0.000000e+00
357 383 2.608770e-03 6.552935e-03 3 0 3 2 5.062274e-13 0.000000e+00
357 384 2.608770e-03 8.249656e-03 3 0 3 2 3.557407e-13 0.000000e+00
358 374 3.284247e-03 8.249656e-04 3 0 3 2 1.809205e-13 0.000000e+00
358 375 3.284247e-03 1.038570e-03 3 0 3 2 2.878829e-13 0.000000e+00
358 376 3.284247e-03 1.307482e-03 3 0 3 2 4.593805e-13 0.000000e+00
358 377 3.284247e-03 1.646023e-03 3 0 3 2 7.369415e-13 0.000000e+00
358 378 3.284247e-03 2.072220e-03 3 0 3 2 1.195004e-12 0.000000e+00
358 379 3.284247e-03 2.608770e-03 3 0 3 2 1.982718e-12 0.000000e+00
358 380 3.284247e-03 3.284247e-03 3 0 3 2 2.765887e-12 0.000000e+00
358 381 3.284247e-03 4.134622e-03 3 0 3 2 1.935967e-12 0.000000e+00
358 382 3.284247e-03 5.205181e-03 3 0 3 2 1.192788e-12 0.000000e+00
358 383 3.284247e-03 6.552935e-03 3 0 3 2 7.977329e-13 0.000000e+00
358 384 3.284247e-03 8.249656e-03 3 0 3 2 5.595777e-13 0.000000e+00
359 374 4.134622e-03 8.249656e-04 3 0 3 2 1.137858e-13 0.000000e+00
359 375 4.134622e-03 1.038570e-03 3 0 3 2 1.805432e-13 0.000000e+00
359 376 4.134622e-03 1.307482e-03 3 0 3 2 2.867167e-13 0.000000e+00
359 377 4.134622e-03 1.646023e-03 3 0 3 2 4.561148e-13 0.000000e+00
359 378 4.134622e-03 2.072220e-03 3 0 3 2 7.282949e-13 0.000000e+00
359 379 4.134622e-03 2.608770e-03 3 0 3 2 1.173326e-12 0.000000e+00
359 380 4.134622e-03 3.284247e-03 3 0 3 2 1.935967e-12 0.000000e+00
359 381 4.134622e-03 4.134622e-03 3 0 3 2 2.713336e-12 0.000000e+00
359 382 4.134622e-03 5.205181e-03 3 0 3 2 1.942050e-12 0.000000e+00
359 383 4.134622e-03 6.552935e-03 3 0 3 2 1.257510e-12 0.000000e+00
359 384 4.134622e-03 8.249656e-03 3 0 3 2 8.767208e-13 0.000000e+00
360 374 5.205181e-03 8.249656e-04 3 0 3 2 7.481837e-14 0.000000e+00
360 375 5.205181e-03 1.038570e-03 3 0 3 2 1.185469e-13 0.000000e+00
360 376 5.205181e-03 1.307482e-03 3 0 3 2 1.878094e-13 0.000000e+00
360 377 5.205181e-03 1.646023e-03 3 0 3 2 2.975223e-13 0.000000e+00
360 378 5.205181e-03 2.072220e-03 3 0 3 2 4.714234e-13 0.000000e+00
360 379 5.205181e-03 2.608770e-03 3 0 3 2 7.479224e-13 0.000000e+00
360 380 5.205181e-03 3.284247e-03 3 0 3 2 1.192788e-12 0.000000e+00
360 381 5.205181e-03 4.134622e-03 3 0 3 2 1.942050e-12 0.000000e+00
360 382 5.205181e-03 5.205181e-03 3 0 3 2 2.717920e-12 0.000000e+00
360 383 5.205181e-03 6.552935e-03 3 0 3 2 2.009244e-12 0.000000e+00
360 384 5.205181e-03 8.249656e-03 3 0 3 2 1.367238e-12 0.000000e+00
361 374 6.552935e-03 8.249656e-04 3 0 3 2 5.118512e-14 0.000000e+00
361 375 6.552935e-03 1.038570e-03 3 0 3 2 8.105754e-14 0.000000e+00
361 376 6.552935e-03 1.307482e-03 3 0 3 2 1.283130e-13 0.000000e+00
361 377 6.552935e-03 1.646023e-03 3 0 3 2 2.029755e-13 0.000000e+00
361 378 6.552935e-03 2.072220e-03 3 0 3 2 3.207682e-13 0.000000e+00
361 379 6.552935e-03 2.608770e-03 3 0 3 2 5.062274e-13 0.000000e+00
361 380 6.552935e-03 3.284247e-03 3 0 3 2 7.977329e-13 0.000000e+00
361 381 6.552935e-03 4.134622e-03 3 0 3 2 1.257510e-12 0.000000e+00
361 382 6.552935e-03 5.205181e-03 3 0 3 2 2.009244e-12 0.000000e+00
361 383 6.552935e-03 6.552935e-03 3 0 3 2 2.789684e-12 0.000000e+00
361 384 6.552935e-03 8.249656e-03 3 0 3 2 2.140110e-12 0.000000e+00
362 374 8.249656e-03 8.249656e-04 3 0 3 2 3.599634e-14 0.000000e+00
362 375 8.249656e-03 1.038570e-03 3 0 3 2 5.700507e-14 0.000000e+00
362 376 8.249656e-03 1.307482e-03 3 0 3 2 9.023984e-14 0.000000e+00
362 377 8.249656e-03 1.646023e-03 3 0 3 2 1.427420e-13 0.000000e+00
362 378 8.249656e-03 2.072220e-03 3 0 3 2 2.255427e-13 0.000000e+00
362 379 8.249656e-03 2.608770e-03 3 0 3 2 3.557407e-13 0.000000e+00
362 380 8.249656e-03 3.284247e-03 3 0 3 2 5.595777e-13 0.000000e+00
362 381 8.249656e-03 4.134622e-03 3 0 3 2 8.767208e-13 0.000000e+00
362 382 8.249656e-03 5.205181e-03 3 0 3 2 1.367238e-12 0.000000e+00
362 383 8.249656e-03 6.552935e-03 3 0 3 2 2.140110e-12 0.000000e+00
362 384 8.249656e-03 8.249656e-03 3 0 3 2 2.932465e-12 0.000000e+00
