# Please cite the following papers in research using this covariance:
# arXiv: 1601.05779, https://arxiv.org/abs/1601.05779
# arXiv: 1911.11947, https://arxiv.org/abs/1911.11947
# arXiv: 2004.04833, https://arxiv.org/abs/2004.04833
# arXiv: 1804.10663, https://arxiv.org/abs/1804.10663
########################################################
363 429 8.249656e-04 8.249656e-04 3 1 4 3 3.234756e-13 0.000000e+00
363 430 8.249656e-04 1.038570e-03 3 1 4 3 3.171351e-13 0.000000e+00
363 431 8.249656e-04 1.307482e-03 3 1 4 3 2.609070e-13 0.000000e+00
363 432 8.249656e-04 1.646023e-03 3 1 4 3 1.977980e-13 0.000000e+00
363 433 8.249656e-04 2.072220e-03 3 1 4 3 1.451079e-13 0.000000e+00
363 434 8.249656e-04 2.608770e-03 3 1 4 3 1.057967e-13 0.000000e+00
363 435 8.249656e-04 3.284247e-03 3 1 4 3 7.773573e-14 0.000000e+00
363 436 8.249656e-04 4.134622e-03 3 1 4 3 5.782524e-14 0.000000e+00
363 437 8.249656e-04 5.205181e-03 3 1 4 3 4.346563e-14 0.000000e+00
363 438 8.249656e-04 6.552935e-03 3 1 4 3 3.284168e-14 0.000000e+00
363 439 8.249656e-04 8.249656e-03 3 1 4 3 2.477992e-14 0.000000e+00
364 429 1.038570e-03 8.249656e-04 3 1 4 3 3.171351e-13 0.000000e+00
364 430 1.038570e-03 1.038570e-03 3 1 4 3 3.927894e-13 0.000000e+00
364 431 1.038570e-03 1.307482e-03 3 1 4 3 3.763208e-13 0.000000e+00
364 432 1.038570e-03 1.646023e-03 3 1 4 3 3.016263e-13 0.000000e+00
364 433 1.038570e-03 2.072220e-03 3 1 4 3 2.258274e-13 0.000000e+00
364 434 1.038570e-03 2.608770e-03 3 1 4 3 1.659755e-13 0.000000e+00
364 435 1.038570e-03 3.284247e-03 3 1 4 3 1.223975e-13 0.000000e+00
364 436 1.038570e-03 4.134622e-03 3 1 4 3 9.123667e-14 0.000000e+00
364 437 1.038570e-03 5.205181e-03 3 1 4 3 6.867703e-14 0.000000e+00
364 438 1.038570e-03 6.552935e-03 3 1 4 3 5.194344e-14 0.000000e+00
364 439 1.038570e-03 8.249656e-03 3 1 4 3 3.922100e-14 0.000000e+00
365 429 1.307482e-03 8.249656e-04 3 1 4 3 2.609070e-13 0.000000e+00
365 430 1.307482e-03 1.038570e-03 3 1 4 3 3.763208e-13 0.000000e+00
365 431 1.307482e-03 1.307482e-03 3 1 4 3 4.674332e-13 0.000000e+00
365 432 1.307482e-03 1.646023e-03 3 1 4 3 4.392940e-13 0.000000e+00
365 433 1.307482e-03 2.072220e-03 3 1 4 3 3.459134e-13 0.000000e+00
365 434 1.307482e-03 2.608770e-03 3 1 4 3 2.585199e-13 0.000000e+00
365 435 1.307482e-03 3.284247e-03 3 1 4 3 1.919198e-13 0.000000e+00
365 436 1.307482e-03 4.134622e-03 3 1 4 3 1.435607e-13 0.000000e+00
365 437 1.307482e-03 5.205181e-03 3 1 4 3 1.083121e-13 0.000000e+00
365 438 1.307482e-03 6.552935e-03 3 1 4 3 8.205496e-14 0.000000e+00
365 439 1.307482e-03 8.249656e-03 3 1 4 3 6.202887e-14 0.000000e+00
366 429 1.646023e-03 8.249656e-04 3 1 4 3 1.977980e-13 0.000000e+00
366 430 1.646023e-03 1.038570e-03 3 1 4 3 3.016263e-13 0.000000e+00
366 431 1.646023e-03 1.307482e-03 3 1 4 3 4.392940e-13 0.000000e+00
366 432 1.646023e-03 1.646023e-03 3 1 4 3 5.485725e-13 0.000000e+00
366 433 1.646023e-03 2.072220e-03 3 1 4 3 5.082266e-13 0.000000e+00
366 434 1.646023e-03 2.608770e-03 3 1 4 3 3.969184e-13 0.000000e+00
366 435 1.646023e-03 3.284247e-03 3 1 4 3 2.987653e-13 0.000000e+00
366 436 1.646023e-03 4.134622e-03 3 1 4 3 2.248757e-13 0.000000e+00
366 437 1.646023e-03 5.205181e-03 3 1 4 3 1.703111e-13 0.000000e+00
366 438 1.646023e-03 6.552935e-03 3 1 4 3 1.293665e-13 0.000000e+00
366 439 1.646023e-03 8.249656e-03 3 1 4 3 9.797529e-14 0.000000e+00
367 429 2.072220e-03 8.249656e-04 3 1 4 3 1.451079e-13 0.000000e+00
367 430 2.072220e-03 1.038570e-03 3 1 4 3 2.258274e-13 0.000000e+00
367 431 2.072220e-03 1.307482e-03 3 1 4 3 3.459134e-13 0.000000e+00
367 432 2.072220e-03 1.646023e-03 3 1 4 3 5.082266e-13 0.000000e+00
367 433 2.072220e-03 2.072220e-03 3 1 4 3 6.390174e-13 0.000000e+00
367 434 2.072220e-03 2.608770e-03 3 1 4 3 5.869140e-13 0.000000e+00
367 435 2.072220e-03 3.284247e-03 3 1 4 3 4.587214e-13 0.000000e+00
367 436 2.072220e-03 4.134622e-03 3 1 4 3 3.495493e-13 0.000000e+00
367 437 2.072220e-03 5.205181e-03 3 1 4 3 2.664807e-13 0.000000e+00
367 438 2.072220e-03 6.552935e-03 3 1 4 3 2.033038e-13 0.000000e+00
367 439 2.072220e-03 8.249656e-03 3 1 4 3 1.544359e-13 0.000000e+00
368 429 2.608770e-03 8.249656e-04 3 1 4 3 1.057967e-13 0.000000e+00
368 430 2.608770e-03 1.038570e-03 3 1 4 3 1.659755e-13 0.000000e+00
368 431 2.608770e-03 1.307482e-03 3 1 4 3 2.585199e-13 0.000000e+00
368 432 2.608770e-03 1.646023e-03 3 1 4 3 3.969184e-13 0.000000e+00
368 433 2.608770e-03 2.072220e-03 3 1 4 3 5.869140e-13 0.000000e+00
368 434 2.608770e-03 2.608770e-03 3 1 4 3 7.431854e-13 0.000000e+00
368 435 2.608770e-03 3.284247e-03 3 1 4 3 6.804456e-13 0.000000e+00
368 436 2.608770e-03 4.134622e-03 3 1 4 3 5.357301e-13 0.000000e+00
368 437 2.608770e-03 5.205181e-03 3 1 4 3 4.134796e-13 0.000000e+00
368 438 2.608770e-03 6.552935e-03 3 1 4 3 3.178070e-13 0.000000e+00
368 439 2.608770e-03 8.249656e-03 3 1 4 3 2.426191e-13 0.000000e+00
369 429 3.284247e-03 8.249656e-04 3 1 4 3 7.773573e-14 0.000000e+00
369 430 3.284247e-03 1.038570e-03 3 1 4 3 1.223975e-13 0.000000e+00
369 431 3.284247e-03 1.307482e-03 3 1 4 3 1.919198e-13 0.000000e+00
369 432 3.284247e-03 1.646023e-03 3 1 4 3 2.987653e-13 0.000000e+00
369 433 3.284247e-03 2.072220e-03 3 1 4 3 4.587214e-13 0.000000e+00
369 434 3.284247e-03 2.608770e-03 3 1 4 3 6.804456e-13 0.000000e+00
369 435 3.284247e-03 3.284247e-03 3 1 4 3 8.667379e-13 0.000000e+00
369 436 3.284247e-03 4.134622e-03 3 1 4 3 7.945808e-13 0.000000e+00
369 437 3.284247e-03 5.205181e-03 3 1 4 3 6.319925e-13 0.000000e+00
369 438 3.284247e-03 6.552935e-03 3 1 4 3 4.923344e-13 0.000000e+00
369 439 3.284247e-03 8.249656e-03 3 1 4 3 3.790383e-13 0.000000e+00
370 429 4.134622e-03 8.249656e-04 3 1 4 3 5.782524e-14 0.000000e+00
370 430 4.134622e-03 1.038570e-03 3 1 4 3 9.123667e-14 0.000000e+00
370 431 4.134622e-03 1.307482e-03 3 1 4 3 1.435607e-13 0.000000e+00
370 432 4.134622e-03 1.646023e-03 3 1 4 3 2.248757e-13 0.000000e+00
370 433 4.134622e-03 2.072220e-03 3 1 4 3 3.495493e-13 0.000000e+00
370 434 4.134622e-03 2.608770e-03 3 1 4 3 5.357301e-13 0.000000e+00
370 435 4.134622e-03 3.284247e-03 3 1 4 3 7.945808e-13 0.000000e+00
370 436 4.134622e-03 4.134622e-03 3 1 4 3 1.015957e-12 0.000000e+00
370 437 4.134622e-03 5.205181e-03 3 1 4 3 9.349279e-13 0.000000e+00
370 438 4.134622e-03 6.552935e-03 3 1 4 3 7.504594e-13 0.000000e+00
370 439 4.134622e-03 8.249656e-03 3 1 4 3 5.865407e-13 0.000000e+00
371 429 5.205181e-03 8.249656e-04 3 1 4 3 4.346563e-14 0.000000e+00
371 430 5.205181e-03 1.038570e-03 3 1 4 3 6.867703e-14 0.000000e+00
371 431 5.205181e-03 1.307482e-03 3 1 4 3 1.083121e-13 0.000000e+00
371 432 5.205181e-03 1.646023e-03 3 1 4 3 1.703111e-13 0.000000e+00
371 433 5.205181e-03 2.072220e-03 3 1 4 3 2.664807e-13 0.000000e+00
371 434 5.205181e-03 2.608770e-03 3 1 4 3 4.134796e-13 0.000000e+00
371 435 5.205181e-03 3.284247e-03 3 1 4 3 6.319925e-13 0.000000e+00
371 436 5.205181e-03 4.134622e-03 3 1 4 3 9.349279e-13 0.000000e+00
371 437 5.205181e-03 5.205181e-03 3 1 4 3 1.196877e-12 0.000000e+00
371 438 5.205181e-03 6.552935e-03 3 1 4 3 1.105925e-12 0.000000e+00
371 439 5.205181e-03 8.249656e-03 3 1 4 3 8.921184e-13 0.000000e+00
372 429 6.552935e-03 8.249656e-04 3 1 4 3 3.284168e-14 0.000000e+00
372 430 6.552935e-03 1.038570e-03 3 1 4 3 5.194344e-14 0.000000e+00
372 431 6.552935e-03 1.307482e-03 3 1 4 3 8.205496e-14 0.000000e+00
372 432 6.552935e-03 1.646023e-03 3 1 4 3 1.293665e-13 0.000000e+00
372 433 6.552935e-03 2.072220e-03 3 1 4 3 2.033038e-13 0.000000e+00
372 434 6.552935e-03 2.608770e-03 3 1 4 3 3.178070e-13 0.000000e+00
372 435 6.552935e-03 3.284247e-03 3 1 4 3 4.923344e-13 0.000000e+00
372 436 6.552935e-03 4.134622e-03 3 1 4 3 7.504594e-13 0.000000e+00
372 437 6.552935e-03 5.205181e-03 3 1 4 3 1.105925e-12 0.000000e+00
372 438 6.552935e-03 6.552935e-03 3 1 4 3 1.414122e-12 0.000000e+00
372 439 6.552935e-03 8.249656e-03 3 1 4 3 1.309495e-12 0.000000e+00
373 429 8.249656e-03 8.249656e-04 3 1 4 3 2.477992e-14 0.000000e+00
373 430 8.249656e-03 1.038570e-03 3 1 4 3 3.922100e-14 0.000000e+00
373 431 8.249656e-03 1.307482e-03 3 1 4 3 6.202887e-14 0.000000e+00
373 432 8.249656e-03 1.646023e-03 3 1 4 3 9.797529e-14 0.000000e+00
373 433 8.249656e-03 2.072220e-03 3 1 4 3 1.544359e-13 0.000000e+00
373 434 8.249656e-03 2.608770e-03 3 1 4 3 2.426191e-13 0.000000e+00
373 435 8.249656e-03 3.284247e-03 3 1 4 3 3.790383e-13 0.000000e+00
373 436 8.249656e-03 4.134622e-03 3 1 4 3 5.865407e-13 0.000000e+00
373 437 8.249656e-03 5.205181e-03 3 1 4 3 8.921184e-13 0.000000e+00
373 438 8.249656e-03 6.552935e-03 3 1 4 3 1.309495e-12 0.000000e+00
373 439 8.249656e-03 8.249656e-03 3 1 4 3 1.669210e-12 0.000000e+00
