# Please cite the following papers in research using this covariance:
# arXiv: 1601.05779, https://arxiv.org/abs/1601.05779
# arXiv: 1911.11947, https://arxiv.org/abs/1911.11947
# arXiv: 2004.04833, https://arxiv.org/abs/2004.04833
# arXiv: 1804.10663, https://arxiv.org/abs/1804.10663
########################################################
253 319 8.249656e-04 8.249656e-04 0 3 2 1 7.005956e-13 0.000000e+00
253 320 8.249656e-04 1.038570e-03 0 3 2 1 7.044638e-13 0.000000e+00
253 321 8.249656e-04 1.307482e-03 0 3 2 1 5.936853e-13 0.000000e+00
253 322 8.249656e-04 1.646023e-03 0 3 2 1 4.484931e-13 0.000000e+00
253 323 8.249656e-04 2.072220e-03 0 3 2 1 3.168102e-13 0.000000e+00
253 324 8.249656e-04 2.608770e-03 0 3 2 1 2.157962e-13 0.000000e+00
253 325 8.249656e-04 3.284247e-03 0 3 2 1 1.455708e-13 0.000000e+00
253 326 8.249656e-04 4.134622e-03 0 3 2 1 9.944055e-14 0.000000e+00
253 327 8.249656e-04 5.205181e-03 0 3 2 1 6.979011e-14 0.000000e+00
253 328 8.249656e-04 6.552935e-03 0 3 2 1 5.055413e-14 0.000000e+00
253 329 8.249656e-04 8.249656e-03 0 3 2 1 3.764478e-14 0.000000e+00
254 319 1.038570e-03 8.249656e-04 0 3 2 1 7.044638e-13 0.000000e+00
254 320 1.038570e-03 1.038570e-03 0 3 2 1 8.675768e-13 0.000000e+00
254 321 1.038570e-03 1.307482e-03 0 3 2 1 8.445311e-13 0.000000e+00
254 322 1.038570e-03 1.646023e-03 0 3 2 1 6.799823e-13 0.000000e+00
254 323 1.038570e-03 2.072220e-03 0 3 2 1 4.934272e-13 0.000000e+00
254 324 1.038570e-03 2.608770e-03 0 3 2 1 3.397607e-13 0.000000e+00
254 325 1.038570e-03 3.284247e-03 0 3 2 1 2.300586e-13 0.000000e+00
254 326 1.038570e-03 4.134622e-03 0 3 2 1 1.573154e-13 0.000000e+00
254 327 1.038570e-03 5.205181e-03 0 3 2 1 1.104373e-13 0.000000e+00
254 328 1.038570e-03 6.552935e-03 0 3 2 1 8.001444e-14 0.000000e+00
254 329 1.038570e-03 8.249656e-03 0 3 2 1 5.959872e-14 0.000000e+00
255 319 1.307482e-03 8.249656e-04 0 3 2 1 5.936853e-13 0.000000e+00
255 320 1.307482e-03 1.038570e-03 0 3 2 1 8.445311e-13 0.000000e+00
255 321 1.307482e-03 1.307482e-03 0 3 2 1 1.037441e-12 0.000000e+00
255 322 1.307482e-03 1.646023e-03 0 3 2 1 9.782263e-13 0.000000e+00
255 323 1.307482e-03 2.072220e-03 0 3 2 1 7.551410e-13 0.000000e+00
255 324 1.307482e-03 2.608770e-03 0 3 2 1 5.318507e-13 0.000000e+00
255 325 1.307482e-03 3.284247e-03 0 3 2 1 3.628255e-13 0.000000e+00
255 326 1.307482e-03 4.134622e-03 0 3 2 1 2.485917e-13 0.000000e+00
255 327 1.307482e-03 5.205181e-03 0 3 2 1 1.745974e-13 0.000000e+00
255 328 1.307482e-03 6.552935e-03 0 3 2 1 1.265424e-13 0.000000e+00
255 329 1.307482e-03 8.249656e-03 0 3 2 1 9.429661e-14 0.000000e+00
256 319 1.646023e-03 8.249656e-04 0 3 2 1 4.484931e-13 0.000000e+00
256 320 1.646023e-03 1.038570e-03 0 3 2 1 6.799823e-13 0.000000e+00
256 321 1.646023e-03 1.307482e-03 0 3 2 1 9.782263e-13 0.000000e+00
256 322 1.646023e-03 1.646023e-03 0 3 2 1 1.203347e-12 0.000000e+00
256 323 1.646023e-03 2.072220e-03 0 3 2 1 1.101494e-12 0.000000e+00
256 324 1.646023e-03 2.608770e-03 0 3 2 1 8.212173e-13 0.000000e+00
256 325 1.646023e-03 3.284247e-03 0 3 2 1 5.698027e-13 0.000000e+00
256 326 1.646023e-03 4.134622e-03 0 3 2 1 3.920675e-13 0.000000e+00
256 327 1.646023e-03 5.205181e-03 0 3 2 1 2.756259e-13 0.000000e+00
256 328 1.646023e-03 6.552935e-03 0 3 2 1 1.998733e-13 0.000000e+00
256 329 1.646023e-03 8.249656e-03 0 3 2 1 1.490446e-13 0.000000e+00
257 319 2.072220e-03 8.249656e-04 0 3 2 1 3.168102e-13 0.000000e+00
257 320 2.072220e-03 1.038570e-03 0 3 2 1 4.934272e-13 0.000000e+00
257 321 2.072220e-03 1.307482e-03 0 3 2 1 7.551410e-13 0.000000e+00
257 322 2.072220e-03 1.646023e-03 0 3 2 1 1.101494e-12 0.000000e+00
257 323 2.072220e-03 2.072220e-03 0 3 2 1 1.362514e-12 0.000000e+00
257 324 2.072220e-03 2.608770e-03 0 3 2 1 1.215869e-12 0.000000e+00
257 325 2.072220e-03 3.284247e-03 0 3 2 1 8.856945e-13 0.000000e+00
257 326 2.072220e-03 4.134622e-03 0 3 2 1 6.161346e-13 0.000000e+00
257 327 2.072220e-03 5.205181e-03 0 3 2 1 4.340762e-13 0.000000e+00
257 328 2.072220e-03 6.552935e-03 0 3 2 1 3.150655e-13 0.000000e+00
257 329 2.072220e-03 8.249656e-03 0 3 2 1 2.352011e-13 0.000000e+00
258 319 2.608770e-03 8.249656e-04 0 3 2 1 2.157962e-13 0.000000e+00
258 320 2.608770e-03 1.038570e-03 0 3 2 1 3.397607e-13 0.000000e+00
258 321 2.608770e-03 1.307482e-03 0 3 2 1 5.318507e-13 0.000000e+00
258 322 2.608770e-03 1.646023e-03 0 3 2 1 8.212173e-13 0.000000e+00
258 323 2.608770e-03 2.072220e-03 0 3 2 1 1.215869e-12 0.000000e+00
258 324 2.608770e-03 2.608770e-03 0 3 2 1 1.517963e-12 0.000000e+00
258 325 2.608770e-03 3.284247e-03 0 3 2 1 1.329259e-12 0.000000e+00
258 326 2.608770e-03 4.134622e-03 0 3 2 1 9.604635e-13 0.000000e+00
258 327 2.608770e-03 5.205181e-03 0 3 2 1 6.808834e-13 0.000000e+00
258 328 2.608770e-03 6.552935e-03 0 3 2 1 4.950514e-13 0.000000e+00
258 329 2.608770e-03 8.249656e-03 0 3 2 1 3.702055e-13 0.000000e+00
259 319 3.284247e-03 8.249656e-04 0 3 2 1 1.455708e-13 0.000000e+00
259 320 3.284247e-03 1.038570e-03 0 3 2 1 2.300586e-13 0.000000e+00
259 321 3.284247e-03 1.307482e-03 0 3 2 1 3.628255e-13 0.000000e+00
259 322 3.284247e-03 1.646023e-03 0 3 2 1 5.698027e-13 0.000000e+00
259 323 3.284247e-03 2.072220e-03 0 3 2 1 8.856945e-13 0.000000e+00
259 324 3.284247e-03 2.608770e-03 0 3 2 1 1.329259e-12 0.000000e+00
259 325 3.284247e-03 3.284247e-03 0 3 2 1 1.678972e-12 0.000000e+00
259 326 3.284247e-03 4.134622e-03 0 3 2 1 1.455299e-12 0.000000e+00
259 327 3.284247e-03 5.205181e-03 0 3 2 1 1.059915e-12 0.000000e+00
259 328 3.284247e-03 6.552935e-03 0 3 2 1 7.738202e-13 0.000000e+00
259 329 3.284247e-03 8.249656e-03 0 3 2 1 5.802878e-13 0.000000e+00
260 319 4.134622e-03 8.249656e-04 0 3 2 1 9.944055e-14 0.000000e+00
260 320 4.134622e-03 1.038570e-03 0 3 2 1 1.573154e-13 0.000000e+00
260 321 4.134622e-03 1.307482e-03 0 3 2 1 2.485917e-13 0.000000e+00
260 322 4.134622e-03 1.646023e-03 0 3 2 1 3.920675e-13 0.000000e+00
260 323 4.134622e-03 2.072220e-03 0 3 2 1 6.161346e-13 0.000000e+00
260 324 4.134622e-03 2.608770e-03 0 3 2 1 9.604635e-13 0.000000e+00
260 325 4.134622e-03 3.284247e-03 0 3 2 1 1.455299e-12 0.000000e+00
260 326 4.134622e-03 4.134622e-03 0 3 2 1 1.860372e-12 0.000000e+00
260 327 4.134622e-03 5.205181e-03 0 3 2 1 1.611714e-12 0.000000e+00
260 328 4.134622e-03 6.552935e-03 0 3 2 1 1.198910e-12 0.000000e+00
260 329 4.134622e-03 8.249656e-03 0 3 2 1 9.034704e-13 0.000000e+00
261 319 5.205181e-03 8.249656e-04 0 3 2 1 6.979011e-14 0.000000e+00
261 320 5.205181e-03 1.038570e-03 0 3 2 1 1.104373e-13 0.000000e+00
261 321 5.205181e-03 1.307482e-03 0 3 2 1 1.745974e-13 0.000000e+00
261 322 5.205181e-03 1.646023e-03 0 3 2 1 2.756259e-13 0.000000e+00
261 323 5.205181e-03 2.072220e-03 0 3 2 1 4.340762e-13 0.000000e+00
261 324 5.205181e-03 2.608770e-03 0 3 2 1 6.808834e-13 0.000000e+00
261 325 5.205181e-03 3.284247e-03 0 3 2 1 1.059915e-12 0.000000e+00
261 326 5.205181e-03 4.134622e-03 0 3 2 1 1.611714e-12 0.000000e+00
261 327 5.205181e-03 5.205181e-03 0 3 2 1 2.081110e-12 0.000000e+00
261 328 5.205181e-03 6.552935e-03 0 3 2 1 1.818250e-12 0.000000e+00
261 329 5.205181e-03 8.249656e-03 0 3 2 1 1.390986e-12 0.000000e+00
262 319 6.552935e-03 8.249656e-04 0 3 2 1 5.055413e-14 0.000000e+00
262 320 6.552935e-03 1.038570e-03 0 3 2 1 8.001444e-14 0.000000e+00
262 321 6.552935e-03 1.307482e-03 0 3 2 1 1.265424e-13 0.000000e+00
262 322 6.552935e-03 1.646023e-03 0 3 2 1 1.998733e-13 0.000000e+00
262 323 6.552935e-03 2.072220e-03 0 3 2 1 3.150655e-13 0.000000e+00
262 324 6.552935e-03 2.608770e-03 0 3 2 1 4.950514e-13 0.000000e+00
262 325 6.552935e-03 3.284247e-03 0 3 2 1 7.738202e-13 0.000000e+00
262 326 6.552935e-03 4.134622e-03 0 3 2 1 1.198910e-12 0.000000e+00
262 327 6.552935e-03 5.205181e-03 0 3 2 1 1.818250e-12 0.000000e+00
262 328 6.552935e-03 6.552935e-03 0 3 2 1 2.362381e-12 0.000000e+00
262 329 6.552935e-03 8.249656e-03 0 3 2 1 2.094151e-12 0.000000e+00
263 319 8.249656e-03 8.249656e-04 0 3 2 1 3.764478e-14 0.000000e+00
263 320 8.249656e-03 1.038570e-03 0 3 2 1 5.959872e-14 0.000000e+00
263 321 8.249656e-03 1.307482e-03 0 3 2 1 9.429661e-14 0.000000e+00
263 322 8.249656e-03 1.646023e-03 0 3 2 1 1.490446e-13 0.000000e+00
263 323 8.249656e-03 2.072220e-03 0 3 2 1 2.352011e-13 0.000000e+00
263 324 8.249656e-03 2.608770e-03 0 3 2 1 3.702055e-13 0.000000e+00
263 325 8.249656e-03 3.284247e-03 0 3 2 1 5.802878e-13 0.000000e+00
263 326 8.249656e-03 4.134622e-03 0 3 2 1 9.034704e-13 0.000000e+00
263 327 8.249656e-03 5.205181e-03 0 3 2 1 1.390986e-12 0.000000e+00
263 328 8.249656e-03 6.552935e-03 0 3 2 1 2.094151e-12 0.000000e+00
263 329 8.249656e-03 8.249656e-03 0 3 2 1 2.724797e-12 0.000000e+00
