# Please cite the following papers in research using this covariance:
# arXiv: 1601.05779, https://arxiv.org/abs/1601.05779
# arXiv: 1911.11947, https://arxiv.org/abs/1911.11947
# arXiv: 2004.04833, https://arxiv.org/abs/2004.04833
# arXiv: 1804.10663, https://arxiv.org/abs/1804.10663
########################################################
253 275 8.249656e-04 8.249656e-04 0 3 1 1 1.517115e-12 0.000000e+00
253 276 8.249656e-04 1.038570e-03 0 3 1 1 1.562821e-12 0.000000e+00
253 277 8.249656e-04 1.307482e-03 0 3 1 1 1.359575e-12 0.000000e+00
253 278 8.249656e-04 1.646023e-03 0 3 1 1 1.051387e-12 0.000000e+00
253 279 8.249656e-04 2.072220e-03 0 3 1 1 7.479905e-13 0.000000e+00
253 280 8.249656e-04 2.608770e-03 0 3 1 1 5.034223e-13 0.000000e+00
253 281 8.249656e-04 3.284247e-03 0 3 1 1 3.295727e-13 0.000000e+00
253 282 8.249656e-04 4.134622e-03 0 3 1 1 2.158543e-13 0.000000e+00
253 283 8.249656e-04 5.205181e-03 0 3 1 1 1.449484e-13 0.000000e+00
253 284 8.249656e-04 6.552935e-03 0 3 1 1 1.013024e-13 0.000000e+00
253 285 8.249656e-04 8.249656e-03 0 3 1 1 7.383320e-14 0.000000e+00
254 275 1.038570e-03 8.249656e-04 0 3 1 1 1.562821e-12 0.000000e+00
254 276 1.038570e-03 1.038570e-03 0 3 1 1 1.927939e-12 0.000000e+00
254 277 1.038570e-03 1.307482e-03 0 3 1 1 1.917460e-12 0.000000e+00
254 278 1.038570e-03 1.646023e-03 0 3 1 1 1.583483e-12 0.000000e+00
254 279 1.038570e-03 2.072220e-03 0 3 1 1 1.161702e-12 0.000000e+00
254 280 1.038570e-03 2.608770e-03 0 3 1 1 7.924811e-13 0.000000e+00
254 281 1.038570e-03 3.284247e-03 0 3 1 1 5.214063e-13 0.000000e+00
254 282 1.038570e-03 4.134622e-03 0 3 1 1 3.419124e-13 0.000000e+00
254 283 1.038570e-03 5.205181e-03 0 3 1 1 2.295834e-13 0.000000e+00
254 284 1.038570e-03 6.552935e-03 0 3 1 1 1.604192e-13 0.000000e+00
254 285 1.038570e-03 8.249656e-03 0 3 1 1 1.169185e-13 0.000000e+00
255 275 1.307482e-03 8.249656e-04 0 3 1 1 1.359575e-12 0.000000e+00
255 276 1.307482e-03 1.038570e-03 0 3 1 1 1.917460e-12 0.000000e+00
255 277 1.307482e-03 1.307482e-03 0 3 1 1 2.350567e-12 0.000000e+00
255 278 1.307482e-03 1.646023e-03 0 3 1 1 2.254975e-12 0.000000e+00
255 279 1.307482e-03 2.072220e-03 0 3 1 1 1.768228e-12 0.000000e+00
255 280 1.307482e-03 2.608770e-03 0 3 1 1 1.239558e-12 0.000000e+00
255 281 1.307482e-03 3.284247e-03 0 3 1 1 8.235539e-13 0.000000e+00
255 282 1.307482e-03 4.134622e-03 0 3 1 1 5.413575e-13 0.000000e+00
255 283 1.307482e-03 5.205181e-03 0 3 1 1 3.635035e-13 0.000000e+00
255 284 1.307482e-03 6.552935e-03 0 3 1 1 2.539126e-13 0.000000e+00
255 285 1.307482e-03 8.249656e-03 0 3 1 1 1.850552e-13 0.000000e+00
256 275 1.646023e-03 8.249656e-04 0 3 1 1 1.051387e-12 0.000000e+00
256 276 1.646023e-03 1.038570e-03 0 3 1 1 1.583483e-12 0.000000e+00
256 277 1.646023e-03 1.307482e-03 0 3 1 1 2.254975e-12 0.000000e+00
256 278 1.646023e-03 1.646023e-03 0 3 1 1 2.758202e-12 0.000000e+00
256 279 1.646023e-03 2.072220e-03 0 3 1 1 2.553502e-12 0.000000e+00
256 280 1.646023e-03 2.608770e-03 0 3 1 1 1.908871e-12 0.000000e+00
256 281 1.646023e-03 3.284247e-03 0 3 1 1 1.295807e-12 0.000000e+00
256 282 1.646023e-03 4.134622e-03 0 3 1 1 8.563933e-13 0.000000e+00
256 283 1.646023e-03 5.205181e-03 0 3 1 1 5.752067e-13 0.000000e+00
256 284 1.646023e-03 6.552935e-03 0 3 1 1 4.015917e-13 0.000000e+00
256 285 1.646023e-03 8.249656e-03 0 3 1 1 2.926700e-13 0.000000e+00
257 275 2.072220e-03 8.249656e-04 0 3 1 1 7.479905e-13 0.000000e+00
257 276 2.072220e-03 1.038570e-03 0 3 1 1 1.161702e-12 0.000000e+00
257 277 2.072220e-03 1.307482e-03 0 3 1 1 1.768228e-12 0.000000e+00
257 278 2.072220e-03 1.646023e-03 0 3 1 1 2.553502e-12 0.000000e+00
257 279 2.072220e-03 2.072220e-03 0 3 1 1 3.131779e-12 0.000000e+00
257 280 2.072220e-03 2.608770e-03 0 3 1 1 2.804754e-12 0.000000e+00
257 281 2.072220e-03 3.284247e-03 0 3 1 1 2.017021e-12 0.000000e+00
257 282 2.072220e-03 4.134622e-03 0 3 1 1 1.351871e-12 0.000000e+00
257 283 2.072220e-03 5.205181e-03 0 3 1 1 9.093337e-13 0.000000e+00
257 284 2.072220e-03 6.552935e-03 0 3 1 1 6.344228e-13 0.000000e+00
257 285 2.072220e-03 8.249656e-03 0 3 1 1 4.622953e-13 0.000000e+00
258 275 2.608770e-03 8.249656e-04 0 3 1 1 5.034223e-13 0.000000e+00
258 276 2.608770e-03 1.038570e-03 0 3 1 1 7.924811e-13 0.000000e+00
258 277 2.608770e-03 1.307482e-03 0 3 1 1 1.239558e-12 0.000000e+00
258 278 2.608770e-03 1.646023e-03 0 3 1 1 1.908871e-12 0.000000e+00
258 279 2.608770e-03 2.072220e-03 0 3 1 1 2.804754e-12 0.000000e+00
258 280 2.608770e-03 2.608770e-03 0 3 1 1 3.467013e-12 0.000000e+00
258 281 2.608770e-03 3.284247e-03 0 3 1 1 3.018791e-12 0.000000e+00
258 282 2.608770e-03 4.134622e-03 0 3 1 1 2.119738e-12 0.000000e+00
258 283 2.608770e-03 5.205181e-03 0 3 1 1 1.435024e-12 0.000000e+00
258 284 2.608770e-03 6.552935e-03 0 3 1 1 1.000449e-12 0.000000e+00
258 285 2.608770e-03 8.249656e-03 0 3 1 1 7.288146e-13 0.000000e+00
259 275 3.284247e-03 8.249656e-04 0 3 1 1 3.295727e-13 0.000000e+00
259 276 3.284247e-03 1.038570e-03 0 3 1 1 5.214063e-13 0.000000e+00
259 277 3.284247e-03 1.307482e-03 0 3 1 1 8.235539e-13 0.000000e+00
259 278 3.284247e-03 1.646023e-03 0 3 1 1 1.295807e-12 0.000000e+00
259 279 3.284247e-03 2.072220e-03 0 3 1 1 2.017021e-12 0.000000e+00
259 280 3.284247e-03 2.608770e-03 0 3 1 1 3.018791e-12 0.000000e+00
259 281 3.284247e-03 3.284247e-03 0 3 1 1 3.777812e-12 0.000000e+00
259 282 3.284247e-03 4.134622e-03 0 3 1 1 3.224160e-12 0.000000e+00
259 283 3.284247e-03 5.205181e-03 0 3 1 1 2.254490e-12 0.000000e+00
259 284 3.284247e-03 6.552935e-03 0 3 1 1 1.573324e-12 0.000000e+00
259 285 3.284247e-03 8.249656e-03 0 3 1 1 1.145512e-12 0.000000e+00
260 275 4.134622e-03 8.249656e-04 0 3 1 1 2.158543e-13 0.000000e+00
260 276 4.134622e-03 1.038570e-03 0 3 1 1 3.419124e-13 0.000000e+00
260 277 4.134622e-03 1.307482e-03 0 3 1 1 5.413575e-13 0.000000e+00
260 278 4.134622e-03 1.646023e-03 0 3 1 1 8.563933e-13 0.000000e+00
260 279 4.134622e-03 2.072220e-03 0 3 1 1 1.351871e-12 0.000000e+00
260 280 4.134622e-03 2.608770e-03 0 3 1 1 2.119738e-12 0.000000e+00
260 281 4.134622e-03 3.284247e-03 0 3 1 1 3.224160e-12 0.000000e+00
260 282 4.134622e-03 4.134622e-03 0 3 1 1 4.095650e-12 0.000000e+00
260 283 4.134622e-03 5.205181e-03 0 3 1 1 3.464083e-12 0.000000e+00
260 284 4.134622e-03 6.552935e-03 0 3 1 1 2.462658e-12 0.000000e+00
260 285 4.134622e-03 8.249656e-03 0 3 1 1 1.792104e-12 0.000000e+00
261 275 5.205181e-03 8.249656e-04 0 3 1 1 1.449484e-13 0.000000e+00
261 276 5.205181e-03 1.038570e-03 0 3 1 1 2.295834e-13 0.000000e+00
261 277 5.205181e-03 1.307482e-03 0 3 1 1 3.635035e-13 0.000000e+00
261 278 5.205181e-03 1.646023e-03 0 3 1 1 5.752067e-13 0.000000e+00
261 279 5.205181e-03 2.072220e-03 0 3 1 1 9.093337e-13 0.000000e+00
261 280 5.205181e-03 2.608770e-03 0 3 1 1 1.435024e-12 0.000000e+00
261 281 5.205181e-03 3.284247e-03 0 3 1 1 2.254490e-12 0.000000e+00
261 282 5.205181e-03 4.134622e-03 0 3 1 1 3.464083e-12 0.000000e+00
261 283 5.205181e-03 5.205181e-03 0 3 1 1 4.466003e-12 0.000000e+00
261 284 5.205181e-03 6.552935e-03 0 3 1 1 3.790596e-12 0.000000e+00
261 285 5.205181e-03 8.249656e-03 0 3 1 1 2.783912e-12 0.000000e+00
262 275 6.552935e-03 8.249656e-04 0 3 1 1 1.013024e-13 0.000000e+00
262 276 6.552935e-03 1.038570e-03 0 3 1 1 1.604192e-13 0.000000e+00
262 277 6.552935e-03 1.307482e-03 0 3 1 1 2.539126e-13 0.000000e+00
262 278 6.552935e-03 1.646023e-03 0 3 1 1 4.015917e-13 0.000000e+00
262 279 6.552935e-03 2.072220e-03 0 3 1 1 6.344228e-13 0.000000e+00
262 280 6.552935e-03 2.608770e-03 0 3 1 1 1.000449e-12 0.000000e+00
262 281 6.552935e-03 3.284247e-03 0 3 1 1 1.573324e-12 0.000000e+00
262 282 6.552935e-03 4.134622e-03 0 3 1 1 2.462658e-12 0.000000e+00
262 283 6.552935e-03 5.205181e-03 0 3 1 1 3.790596e-12 0.000000e+00
262 284 6.552935e-03 6.552935e-03 0 3 1 1 4.943472e-12 0.000000e+00
262 285 6.552935e-03 8.249656e-03 0 3 1 1 4.257952e-12 0.000000e+00
263 275 8.249656e-03 8.249656e-04 0 3 1 1 7.383320e-14 0.000000e+00
263 276 8.249656e-03 1.038570e-03 0 3 1 1 1.169185e-13 0.000000e+00
263 277 8.249656e-03 1.307482e-03 0 3 1 1 1.850552e-13 0.000000e+00
263 278 8.249656e-03 1.646023e-03 0 3 1 1 2.926700e-13 0.000000e+00
263 279 8.249656e-03 2.072220e-03 0 3 1 1 4.622953e-13 0.000000e+00
263 280 8.249656e-03 2.608770e-03 0 3 1 1 7.288146e-13 0.000000e+00
263 281 8.249656e-03 3.284247e-03 0 3 1 1 1.145512e-12 0.000000e+00
263 282 8.249656e-03 4.134622e-03 0 3 1 1 1.792104e-12 0.000000e+00
263 283 8.249656e-03 5.205181e-03 0 3 1 1 2.783912e-12 0.000000e+00
263 284 8.249656e-03 6.552935e-03 0 3 1 1 4.257952e-12 0.000000e+00
263 285 8.249656e-03 8.249656e-03 0 3 1 1 5.585595e-12 0.000000e+00
