# Please cite the following papers in research using this covariance:
# arXiv: 1601.05779, https://arxiv.org/abs/1601.05779
# arXiv: 1911.11947, https://arxiv.org/abs/1911.11947
# arXiv: 2004.04833, https://arxiv.org/abs/2004.04833
# arXiv: 1804.10663, https://arxiv.org/abs/1804.10663
########################################################
242 341 8.249656e-04 8.249656e-04 0 2 2 3 8.304967e-13 0.000000e+00
242 342 8.249656e-04 1.038570e-03 0 2 2 3 8.348200e-13 0.000000e+00
242 343 8.249656e-04 1.307482e-03 0 2 2 3 7.027326e-13 0.000000e+00
242 344 8.249656e-04 1.646023e-03 0 2 2 3 5.294088e-13 0.000000e+00
242 345 8.249656e-04 2.072220e-03 0 2 2 3 3.722640e-13 0.000000e+00
242 346 8.249656e-04 2.608770e-03 0 2 2 3 2.520209e-13 0.000000e+00
242 347 8.249656e-04 3.284247e-03 0 2 2 3 1.688321e-13 0.000000e+00
242 348 8.249656e-04 4.134622e-03 0 2 2 3 1.145961e-13 0.000000e+00
242 349 8.249656e-04 5.205181e-03 0 2 2 3 8.007849e-14 0.000000e+00
242 350 8.249656e-04 6.552935e-03 0 2 2 3 5.794137e-14 0.000000e+00
242 351 8.249656e-04 8.249656e-03 0 2 2 3 4.324414e-14 0.000000e+00
243 341 1.038570e-03 8.249656e-04 0 2 2 3 8.348200e-13 0.000000e+00
243 342 1.038570e-03 1.038570e-03 0 2 2 3 1.027552e-12 0.000000e+00
243 343 1.038570e-03 1.307482e-03 0 2 2 3 9.993317e-13 0.000000e+00
243 344 1.038570e-03 1.646023e-03 0 2 2 3 8.027519e-13 0.000000e+00
243 345 1.038570e-03 2.072220e-03 0 2 2 3 5.800079e-13 0.000000e+00
243 346 1.038570e-03 2.608770e-03 0 2 2 3 3.969622e-13 0.000000e+00
243 347 1.038570e-03 3.284247e-03 0 2 2 3 2.669175e-13 0.000000e+00
243 348 1.038570e-03 4.134622e-03 0 2 2 3 1.813351e-13 0.000000e+00
243 349 1.038570e-03 5.205181e-03 0 2 2 3 1.267341e-13 0.000000e+00
243 350 1.038570e-03 6.552935e-03 0 2 2 3 9.171125e-14 0.000000e+00
243 351 1.038570e-03 8.249656e-03 0 2 2 3 6.846353e-14 0.000000e+00
244 341 1.307482e-03 8.249656e-04 0 2 2 3 7.027326e-13 0.000000e+00
244 342 1.307482e-03 1.038570e-03 0 2 2 3 9.993317e-13 0.000000e+00
244 343 1.307482e-03 1.307482e-03 0 2 2 3 1.226702e-12 0.000000e+00
244 344 1.307482e-03 1.646023e-03 0 2 2 3 1.154729e-12 0.000000e+00
244 345 1.307482e-03 2.072220e-03 0 2 2 3 8.880530e-13 0.000000e+00
244 346 1.307482e-03 2.608770e-03 0 2 2 3 6.217914e-13 0.000000e+00
244 347 1.307482e-03 3.284247e-03 0 2 2 3 4.211977e-13 0.000000e+00
244 348 1.307482e-03 4.134622e-03 0 2 2 3 2.866589e-13 0.000000e+00
244 349 1.307482e-03 5.205181e-03 0 2 2 3 2.004035e-13 0.000000e+00
244 350 1.307482e-03 6.552935e-03 0 2 2 3 1.450527e-13 0.000000e+00
244 351 1.307482e-03 8.249656e-03 0 2 2 3 1.083225e-13 0.000000e+00
245 341 1.646023e-03 8.249656e-04 0 2 2 3 5.294088e-13 0.000000e+00
245 342 1.646023e-03 1.038570e-03 0 2 2 3 8.027519e-13 0.000000e+00
245 343 1.646023e-03 1.307482e-03 0 2 2 3 1.154729e-12 0.000000e+00
245 344 1.646023e-03 1.646023e-03 0 2 2 3 1.419306e-12 0.000000e+00
245 345 1.646023e-03 2.072220e-03 0 2 2 3 1.295789e-12 0.000000e+00
245 346 1.646023e-03 2.608770e-03 0 2 2 3 9.609644e-13 0.000000e+00
245 347 1.646023e-03 3.284247e-03 0 2 2 3 6.620694e-13 0.000000e+00
245 348 1.646023e-03 4.134622e-03 0 2 2 3 4.523903e-13 0.000000e+00
245 349 1.646023e-03 5.205181e-03 0 2 2 3 3.164715e-13 0.000000e+00
245 350 1.646023e-03 6.552935e-03 0 2 2 3 2.291408e-13 0.000000e+00
245 351 1.646023e-03 8.249656e-03 0 2 2 3 1.712143e-13 0.000000e+00
246 341 2.072220e-03 8.249656e-04 0 2 2 3 3.722640e-13 0.000000e+00
246 342 2.072220e-03 1.038570e-03 0 2 2 3 5.800079e-13 0.000000e+00
246 343 2.072220e-03 1.307482e-03 0 2 2 3 8.880530e-13 0.000000e+00
246 344 2.072220e-03 1.646023e-03 0 2 2 3 1.295789e-12 0.000000e+00
246 345 2.072220e-03 2.072220e-03 0 2 2 3 1.601658e-12 0.000000e+00
246 346 2.072220e-03 2.608770e-03 0 2 2 3 1.424139e-12 0.000000e+00
246 347 2.072220e-03 3.284247e-03 0 2 2 3 1.030516e-12 0.000000e+00
246 348 2.072220e-03 4.134622e-03 0 2 2 3 7.116641e-13 0.000000e+00
246 349 2.072220e-03 5.205181e-03 0 2 2 3 4.986836e-13 0.000000e+00
246 350 2.072220e-03 6.552935e-03 0 2 2 3 3.612806e-13 0.000000e+00
246 351 2.072220e-03 8.249656e-03 0 2 2 3 2.701893e-13 0.000000e+00
247 341 2.608770e-03 8.249656e-04 0 2 2 3 2.520209e-13 0.000000e+00
247 342 2.608770e-03 1.038570e-03 0 2 2 3 3.969622e-13 0.000000e+00
247 343 2.608770e-03 1.307482e-03 0 2 2 3 6.217914e-13 0.000000e+00
247 344 2.608770e-03 1.646023e-03 0 2 2 3 9.609644e-13 0.000000e+00
247 345 2.608770e-03 2.072220e-03 0 2 2 3 1.424139e-12 0.000000e+00
247 346 2.608770e-03 2.608770e-03 0 2 2 3 1.777179e-12 0.000000e+00
247 347 2.608770e-03 3.284247e-03 0 2 2 3 1.549266e-12 0.000000e+00
247 348 2.608770e-03 4.134622e-03 0 2 2 3 1.111232e-12 0.000000e+00
247 349 2.608770e-03 5.205181e-03 0 2 2 3 7.829770e-13 0.000000e+00
247 350 2.608770e-03 6.552935e-03 0 2 2 3 5.678831e-13 0.000000e+00
247 351 2.608770e-03 8.249656e-03 0 2 2 3 4.252917e-13 0.000000e+00
248 341 3.284247e-03 8.249656e-04 0 2 2 3 1.688321e-13 0.000000e+00
248 342 3.284247e-03 1.038570e-03 0 2 2 3 2.669175e-13 0.000000e+00
248 343 3.284247e-03 1.307482e-03 0 2 2 3 4.211977e-13 0.000000e+00
248 344 3.284247e-03 1.646023e-03 0 2 2 3 6.620694e-13 0.000000e+00
248 345 3.284247e-03 2.072220e-03 0 2 2 3 1.030516e-12 0.000000e+00
248 346 3.284247e-03 2.608770e-03 0 2 2 3 1.549266e-12 0.000000e+00
248 347 3.284247e-03 3.284247e-03 0 2 2 3 1.957025e-12 0.000000e+00
248 348 3.284247e-03 4.134622e-03 0 2 2 3 1.687799e-12 0.000000e+00
248 349 3.284247e-03 5.205181e-03 0 2 2 3 1.220887e-12 0.000000e+00
248 350 3.284247e-03 6.552935e-03 0 2 2 3 8.882718e-13 0.000000e+00
248 351 3.284247e-03 8.249656e-03 0 2 2 3 6.666978e-13 0.000000e+00
249 341 4.134622e-03 8.249656e-04 0 2 2 3 1.145961e-13 0.000000e+00
249 342 4.134622e-03 1.038570e-03 0 2 2 3 1.813351e-13 0.000000e+00
249 343 4.134622e-03 1.307482e-03 0 2 2 3 2.866589e-13 0.000000e+00
249 344 4.134622e-03 1.646023e-03 0 2 2 3 4.523903e-13 0.000000e+00
249 345 4.134622e-03 2.072220e-03 0 2 2 3 7.116641e-13 0.000000e+00
249 346 4.134622e-03 2.608770e-03 0 2 2 3 1.111232e-12 0.000000e+00
249 347 4.134622e-03 3.284247e-03 0 2 2 3 1.687799e-12 0.000000e+00
249 348 4.134622e-03 4.134622e-03 0 2 2 3 2.159335e-12 0.000000e+00
249 349 4.134622e-03 5.205181e-03 0 2 2 3 1.861638e-12 0.000000e+00
249 350 4.134622e-03 6.552935e-03 0 2 2 3 1.378048e-12 0.000000e+00
249 351 4.134622e-03 8.249656e-03 0 2 2 3 1.038268e-12 0.000000e+00
250 341 5.205181e-03 8.249656e-04 0 2 2 3 8.007849e-14 0.000000e+00
250 342 5.205181e-03 1.038570e-03 0 2 2 3 1.267341e-13 0.000000e+00
250 343 5.205181e-03 1.307482e-03 0 2 2 3 2.004035e-13 0.000000e+00
250 344 5.205181e-03 1.646023e-03 0 2 2 3 3.164715e-13 0.000000e+00
250 345 5.205181e-03 2.072220e-03 0 2 2 3 4.986836e-13 0.000000e+00
250 346 5.205181e-03 2.608770e-03 0 2 2 3 7.829770e-13 0.000000e+00
250 347 5.205181e-03 3.284247e-03 0 2 2 3 1.220887e-12 0.000000e+00
250 348 5.205181e-03 4.134622e-03 0 2 2 3 1.861638e-12 0.000000e+00
250 349 5.205181e-03 5.205181e-03 0 2 2 3 2.407557e-12 0.000000e+00
250 350 5.205181e-03 6.552935e-03 0 2 2 3 2.095328e-12 0.000000e+00
250 351 5.205181e-03 8.249656e-03 0 2 2 3 1.599616e-12 0.000000e+00
251 341 6.552935e-03 8.249656e-04 0 2 2 3 5.794137e-14 0.000000e+00
251 342 6.552935e-03 1.038570e-03 0 2 2 3 9.171125e-14 0.000000e+00
251 343 6.552935e-03 1.307482e-03 0 2 2 3 1.450527e-13 0.000000e+00
251 344 6.552935e-03 1.646023e-03 0 2 2 3 2.291408e-13 0.000000e+00
251 345 6.552935e-03 2.072220e-03 0 2 2 3 3.612806e-13 0.000000e+00
251 346 6.552935e-03 2.608770e-03 0 2 2 3 5.678831e-13 0.000000e+00
251 347 6.552935e-03 3.284247e-03 0 2 2 3 8.882718e-13 0.000000e+00
251 348 6.552935e-03 4.134622e-03 0 2 2 3 1.378048e-12 0.000000e+00
251 349 6.552935e-03 5.205181e-03 0 2 2 3 2.095328e-12 0.000000e+00
251 350 6.552935e-03 6.552935e-03 0 2 2 3 2.727958e-12 0.000000e+00
251 351 6.552935e-03 8.249656e-03 0 2 2 3 2.412753e-12 0.000000e+00
252 341 8.249656e-03 8.249656e-04 0 2 2 3 4.324414e-14 0.000000e+00
252 342 8.249656e-03 1.038570e-03 0 2 2 3 6.846353e-14 0.000000e+00
252 343 8.249656e-03 1.307482e-03 0 2 2 3 1.083225e-13 0.000000e+00
252 344 8.249656e-03 1.646023e-03 0 2 2 3 1.712143e-13 0.000000e+00
252 345 8.249656e-03 2.072220e-03 0 2 2 3 2.701893e-13 0.000000e+00
252 346 8.249656e-03 2.608770e-03 0 2 2 3 4.252917e-13 0.000000e+00
252 347 8.249656e-03 3.284247e-03 0 2 2 3 6.666978e-13 0.000000e+00
252 348 8.249656e-03 4.134622e-03 0 2 2 3 1.038268e-12 0.000000e+00
252 349 8.249656e-03 5.205181e-03 0 2 2 3 1.599616e-12 0.000000e+00
252 350 8.249656e-03 6.552935e-03 0 2 2 3 2.412753e-12 0.000000e+00
252 351 8.249656e-03 8.249656e-03 0 2 2 3 3.146080e-12 0.000000e+00
