# Please cite the following papers in research using this covariance:
# arXiv: 1601.05779, https://arxiv.org/abs/1601.05779
# arXiv: 1911.11947, https://arxiv.org/abs/1911.11947
# arXiv: 2004.04833, https://arxiv.org/abs/2004.04833
# arXiv: 1804.10663, https://arxiv.org/abs/1804.10663
########################################################
374 429 8.249656e-04 8.249656e-04 3 2 4 3 6.664052e-13 0.000000e+00
374 430 8.249656e-04 1.038570e-03 3 2 4 3 6.386453e-13 0.000000e+00
374 431 8.249656e-04 1.307482e-03 3 2 4 3 5.083790e-13 0.000000e+00
374 432 8.249656e-04 1.646023e-03 3 2 4 3 3.740833e-13 0.000000e+00
374 433 8.249656e-04 2.072220e-03 3 2 4 3 2.687497e-13 0.000000e+00
374 434 8.249656e-04 2.608770e-03 3 2 4 3 1.939653e-13 0.000000e+00
374 435 8.249656e-04 3.284247e-03 3 2 4 3 1.425592e-13 0.000000e+00
374 436 8.249656e-04 4.134622e-03 3 2 4 3 1.070090e-13 0.000000e+00
374 437 8.249656e-04 5.205181e-03 3 2 4 3 8.170192e-14 0.000000e+00
374 438 8.249656e-04 6.552935e-03 3 2 4 3 6.296151e-14 0.000000e+00
374 439 8.249656e-04 8.249656e-03 3 2 4 3 4.851826e-14 0.000000e+00
375 429 1.038570e-03 8.249656e-04 3 2 4 3 6.386453e-13 0.000000e+00
375 430 1.038570e-03 1.038570e-03 3 2 4 3 7.897079e-13 0.000000e+00
375 431 1.038570e-03 1.307482e-03 3 2 4 3 7.391266e-13 0.000000e+00
375 432 1.038570e-03 1.646023e-03 3 2 4 3 5.740251e-13 0.000000e+00
375 433 1.038570e-03 2.072220e-03 3 2 4 3 4.196268e-13 0.000000e+00
375 434 1.038570e-03 2.608770e-03 3 2 4 3 3.047040e-13 0.000000e+00
375 435 1.038570e-03 3.284247e-03 3 2 4 3 2.245477e-13 0.000000e+00
375 436 1.038570e-03 4.134622e-03 3 2 4 3 1.688367e-13 0.000000e+00
375 437 1.038570e-03 5.205181e-03 3 2 4 3 1.290743e-13 0.000000e+00
375 438 1.038570e-03 6.552935e-03 3 2 4 3 9.956733e-14 0.000000e+00
375 439 1.038570e-03 8.249656e-03 3 2 4 3 7.678382e-14 0.000000e+00
376 429 1.307482e-03 8.249656e-04 3 2 4 3 5.083790e-13 0.000000e+00
376 430 1.307482e-03 1.038570e-03 3 2 4 3 7.391266e-13 0.000000e+00
376 431 1.307482e-03 1.307482e-03 3 2 4 3 9.187205e-13 0.000000e+00
376 432 1.307482e-03 1.646023e-03 3 2 4 3 8.439530e-13 0.000000e+00
376 433 1.307482e-03 2.072220e-03 3 2 4 3 6.465271e-13 0.000000e+00
376 434 1.307482e-03 2.608770e-03 3 2 4 3 4.757522e-13 0.000000e+00
376 435 1.307482e-03 3.284247e-03 3 2 4 3 3.523337e-13 0.000000e+00
376 436 1.307482e-03 4.134622e-03 3 2 4 3 2.656652e-13 0.000000e+00
376 437 1.307482e-03 5.205181e-03 3 2 4 3 2.035243e-13 0.000000e+00
376 438 1.307482e-03 6.552935e-03 3 2 4 3 1.572501e-13 0.000000e+00
376 439 1.307482e-03 8.249656e-03 3 2 4 3 1.214113e-13 0.000000e+00
377 429 1.646023e-03 8.249656e-04 3 2 4 3 3.740833e-13 0.000000e+00
377 430 1.646023e-03 1.038570e-03 3 2 4 3 5.740251e-13 0.000000e+00
377 431 1.646023e-03 1.307482e-03 3 2 4 3 8.439530e-13 0.000000e+00
377 432 1.646023e-03 1.646023e-03 3 2 4 3 1.057178e-12 0.000000e+00
377 433 1.646023e-03 2.072220e-03 3 2 4 3 9.593629e-13 0.000000e+00
377 434 1.646023e-03 2.608770e-03 3 2 4 3 7.338647e-13 0.000000e+00
377 435 1.646023e-03 3.284247e-03 3 2 4 3 5.492371e-13 0.000000e+00
377 436 1.646023e-03 4.134622e-03 3 2 4 3 4.161752e-13 0.000000e+00
377 437 1.646023e-03 5.205181e-03 3 2 4 3 3.199254e-13 0.000000e+00
377 438 1.646023e-03 6.552935e-03 3 2 4 3 2.478281e-13 0.000000e+00
377 439 1.646023e-03 8.249656e-03 3 2 4 3 1.917107e-13 0.000000e+00
378 429 2.072220e-03 8.249656e-04 3 2 4 3 2.687497e-13 0.000000e+00
378 430 2.072220e-03 1.038570e-03 3 2 4 3 4.196268e-13 0.000000e+00
378 431 2.072220e-03 1.307482e-03 3 2 4 3 6.465271e-13 0.000000e+00
378 432 2.072220e-03 1.646023e-03 3 2 4 3 9.593629e-13 0.000000e+00
378 433 2.072220e-03 2.072220e-03 3 2 4 3 1.212618e-12 0.000000e+00
378 434 2.072220e-03 2.608770e-03 3 2 4 3 1.095143e-12 0.000000e+00
378 435 2.072220e-03 3.284247e-03 3 2 4 3 8.458564e-13 0.000000e+00
378 436 2.072220e-03 4.134622e-03 3 2 4 3 6.471310e-13 0.000000e+00
378 437 2.072220e-03 5.205181e-03 3 2 4 3 5.003583e-13 0.000000e+00
378 438 2.072220e-03 6.552935e-03 3 2 4 3 3.892498e-13 0.000000e+00
378 439 2.072220e-03 8.249656e-03 3 2 4 3 3.020396e-13 0.000000e+00
379 429 2.608770e-03 8.249656e-04 3 2 4 3 1.939653e-13 0.000000e+00
379 430 2.608770e-03 1.038570e-03 3 2 4 3 3.047040e-13 0.000000e+00
379 431 2.608770e-03 1.307482e-03 3 2 4 3 4.757522e-13 0.000000e+00
379 432 2.608770e-03 1.646023e-03 3 2 4 3 7.338647e-13 0.000000e+00
379 433 2.608770e-03 2.072220e-03 3 2 4 3 1.095143e-12 0.000000e+00
379 434 2.608770e-03 2.608770e-03 3 2 4 3 1.396210e-12 0.000000e+00
379 435 2.608770e-03 3.284247e-03 3 2 4 3 1.263913e-12 0.000000e+00
379 436 2.608770e-03 4.134622e-03 3 2 4 3 9.930903e-13 0.000000e+00
379 437 2.608770e-03 5.205181e-03 3 2 4 3 7.759496e-13 0.000000e+00
379 438 2.608770e-03 6.552935e-03 3 2 4 3 6.079521e-13 0.000000e+00
379 439 2.608770e-03 8.249656e-03 3 2 4 3 4.741360e-13 0.000000e+00
380 429 3.284247e-03 8.249656e-04 3 2 4 3 1.425592e-13 0.000000e+00
380 430 3.284247e-03 1.038570e-03 3 2 4 3 2.245477e-13 0.000000e+00
380 431 3.284247e-03 1.307482e-03 3 2 4 3 3.523337e-13 0.000000e+00
380 432 3.284247e-03 1.646023e-03 3 2 4 3 5.492371e-13 0.000000e+00
380 433 3.284247e-03 2.072220e-03 3 2 4 3 8.458564e-13 0.000000e+00
380 434 3.284247e-03 2.608770e-03 3 2 4 3 1.263913e-12 0.000000e+00
380 435 3.284247e-03 3.284247e-03 3 2 4 3 1.622082e-12 0.000000e+00
380 436 3.284247e-03 4.134622e-03 3 2 4 3 1.479942e-12 0.000000e+00
380 437 3.284247e-03 5.205181e-03 3 2 4 3 1.185648e-12 0.000000e+00
380 438 3.284247e-03 6.552935e-03 3 2 4 3 9.406081e-13 0.000000e+00
380 439 3.284247e-03 8.249656e-03 3 2 4 3 7.398303e-13 0.000000e+00
381 429 4.134622e-03 8.249656e-04 3 2 4 3 1.070090e-13 0.000000e+00
381 430 4.134622e-03 1.038570e-03 3 2 4 3 1.688367e-13 0.000000e+00
381 431 4.134622e-03 1.307482e-03 3 2 4 3 2.656652e-13 0.000000e+00
381 432 4.134622e-03 1.646023e-03 3 2 4 3 4.161752e-13 0.000000e+00
381 433 4.134622e-03 2.072220e-03 3 2 4 3 6.471310e-13 0.000000e+00
381 434 4.134622e-03 2.608770e-03 3 2 4 3 9.930903e-13 0.000000e+00
381 435 4.134622e-03 3.284247e-03 3 2 4 3 1.479942e-12 0.000000e+00
381 436 4.134622e-03 4.134622e-03 3 2 4 3 1.906102e-12 0.000000e+00
381 437 4.134622e-03 5.205181e-03 3 2 4 3 1.757435e-12 0.000000e+00
381 438 4.134622e-03 6.552935e-03 3 2 4 3 1.431367e-12 0.000000e+00
381 439 4.134622e-03 8.249656e-03 3 2 4 3 1.142693e-12 0.000000e+00
382 429 5.205181e-03 8.249656e-04 3 2 4 3 8.170192e-14 0.000000e+00
382 430 5.205181e-03 1.038570e-03 3 2 4 3 1.290743e-13 0.000000e+00
382 431 5.205181e-03 1.307482e-03 3 2 4 3 2.035243e-13 0.000000e+00
382 432 5.205181e-03 1.646023e-03 3 2 4 3 3.199254e-13 0.000000e+00
382 433 5.205181e-03 2.072220e-03 3 2 4 3 5.003583e-13 0.000000e+00
382 434 5.205181e-03 2.608770e-03 3 2 4 3 7.759496e-13 0.000000e+00
382 435 5.205181e-03 3.284247e-03 3 2 4 3 1.185648e-12 0.000000e+00
382 436 5.205181e-03 4.134622e-03 3 2 4 3 1.757435e-12 0.000000e+00
382 437 5.205181e-03 5.205181e-03 3 2 4 3 2.263884e-12 0.000000e+00
382 438 5.205181e-03 6.552935e-03 3 2 4 3 2.107962e-12 0.000000e+00
382 439 5.205181e-03 8.249656e-03 3 2 4 3 1.733206e-12 0.000000e+00
383 429 6.552935e-03 8.249656e-04 3 2 4 3 6.296151e-14 0.000000e+00
383 430 6.552935e-03 1.038570e-03 3 2 4 3 9.956733e-14 0.000000e+00
383 431 6.552935e-03 1.307482e-03 3 2 4 3 1.572501e-13 0.000000e+00
383 432 6.552935e-03 1.646023e-03 3 2 4 3 2.478281e-13 0.000000e+00
383 433 6.552935e-03 2.072220e-03 3 2 4 3 3.892498e-13 0.000000e+00
383 434 6.552935e-03 2.608770e-03 3 2 4 3 6.079521e-13 0.000000e+00
383 435 6.552935e-03 3.284247e-03 3 2 4 3 9.406081e-13 0.000000e+00
383 436 6.552935e-03 4.134622e-03 3 2 4 3 1.431367e-12 0.000000e+00
383 437 6.552935e-03 5.205181e-03 3 2 4 3 2.107962e-12 0.000000e+00
383 438 6.552935e-03 6.552935e-03 3 2 4 3 2.707570e-12 0.000000e+00
383 439 6.552935e-03 8.249656e-03 3 2 4 3 2.536593e-12 0.000000e+00
384 429 8.249656e-03 8.249656e-04 3 2 4 3 4.851826e-14 0.000000e+00
384 430 8.249656e-03 1.038570e-03 3 2 4 3 7.678382e-14 0.000000e+00
384 431 8.249656e-03 1.307482e-03 3 2 4 3 1.214113e-13 0.000000e+00
384 432 8.249656e-03 1.646023e-03 3 2 4 3 1.917107e-13 0.000000e+00
384 433 8.249656e-03 2.072220e-03 3 2 4 3 3.020396e-13 0.000000e+00
384 434 8.249656e-03 2.608770e-03 3 2 4 3 4.741360e-13 0.000000e+00
384 435 8.249656e-03 3.284247e-03 3 2 4 3 7.398303e-13 0.000000e+00
384 436 8.249656e-03 4.134622e-03 3 2 4 3 1.142693e-12 0.000000e+00
384 437 8.249656e-03 5.205181e-03 3 2 4 3 1.733206e-12 0.000000e+00
384 438 8.249656e-03 6.552935e-03 3 2 4 3 2.536593e-12 0.000000e+00
384 439 8.249656e-03 8.249656e-03 3 2 4 3 3.240923e-12 0.000000e+00
