# Please cite the following papers in research using this covariance:
# arXiv: 1601.05779, https://arxiv.org/abs/1601.05779
# arXiv: 1911.11947, https://arxiv.org/abs/1911.11947
# arXiv: 2004.04833, https://arxiv.org/abs/2004.04833
# arXiv: 1804.10663, https://arxiv.org/abs/1804.10663
########################################################
440 473 8.249656e-04 8.249656e-04 5 0 5 3 4.789693e-12 0.000000e+00
440 474 8.249656e-04 1.038570e-03 5 0 5 3 3.417163e-12 0.000000e+00
440 475 8.249656e-04 1.307482e-03 5 0 5 3 1.950530e-12 0.000000e+00
440 476 8.249656e-04 1.646023e-03 5 0 5 3 1.093474e-12 0.000000e+00
440 477 8.249656e-04 2.072220e-03 5 0 5 3 6.133913e-13 0.000000e+00
440 478 8.249656e-04 2.608770e-03 5 0 5 3 3.494939e-13 0.000000e+00
440 479 8.249656e-04 3.284247e-03 5 0 5 3 2.053032e-13 0.000000e+00
440 480 8.249656e-04 4.134622e-03 5 0 5 3 1.257630e-13 0.000000e+00
440 481 8.249656e-04 5.205181e-03 5 0 5 3 8.061271e-14 0.000000e+00
440 482 8.249656e-04 6.552935e-03 5 0 5 3 5.373089e-14 0.000000e+00
440 483 8.249656e-04 8.249656e-03 5 0 5 3 3.677411e-14 0.000000e+00
441 473 1.038570e-03 8.249656e-04 5 0 5 3 3.417163e-12 0.000000e+00
441 474 1.038570e-03 1.038570e-03 5 0 5 3 4.598995e-12 0.000000e+00
441 475 1.038570e-03 1.307482e-03 5 0 5 3 3.205415e-12 0.000000e+00
441 476 1.038570e-03 1.646023e-03 5 0 5 3 1.785964e-12 0.000000e+00
441 477 1.038570e-03 2.072220e-03 5 0 5 3 9.919031e-13 0.000000e+00
441 478 1.038570e-03 2.608770e-03 5 0 5 3 5.604530e-13 0.000000e+00
441 479 1.038570e-03 3.284247e-03 5 0 5 3 3.272592e-13 0.000000e+00
441 480 1.038570e-03 4.134622e-03 5 0 5 3 1.997348e-13 0.000000e+00
441 481 1.038570e-03 5.205181e-03 5 0 5 3 1.277920e-13 0.000000e+00
441 482 1.038570e-03 6.552935e-03 5 0 5 3 8.511322e-14 0.000000e+00
441 483 1.038570e-03 8.249656e-03 5 0 5 3 5.824551e-14 0.000000e+00
442 473 1.307482e-03 8.249656e-04 5 0 5 3 1.950530e-12 0.000000e+00
442 474 1.307482e-03 1.038570e-03 5 0 5 3 3.205415e-12 0.000000e+00
442 475 1.307482e-03 1.307482e-03 5 0 5 3 4.364119e-12 0.000000e+00
442 476 1.307482e-03 1.646023e-03 5 0 5 3 2.974335e-12 0.000000e+00
442 477 1.307482e-03 2.072220e-03 5 0 5 3 1.627494e-12 0.000000e+00
442 478 1.307482e-03 2.608770e-03 5 0 5 3 9.063198e-13 0.000000e+00
442 479 1.307482e-03 3.284247e-03 5 0 5 3 5.237896e-13 0.000000e+00
442 480 1.307482e-03 4.134622e-03 5 0 5 3 3.176887e-13 0.000000e+00
442 481 1.307482e-03 5.205181e-03 5 0 5 3 2.026190e-13 0.000000e+00
442 482 1.307482e-03 6.552935e-03 5 0 5 3 1.347977e-13 0.000000e+00
442 483 1.307482e-03 8.249656e-03 5 0 5 3 9.222881e-14 0.000000e+00
443 473 1.646023e-03 8.249656e-04 5 0 5 3 1.093474e-12 0.000000e+00
443 474 1.646023e-03 1.038570e-03 5 0 5 3 1.785964e-12 0.000000e+00
443 475 1.646023e-03 1.307482e-03 5 0 5 3 2.974335e-12 0.000000e+00
443 476 1.646023e-03 1.646023e-03 5 0 5 3 4.102954e-12 0.000000e+00
443 477 1.646023e-03 2.072220e-03 5 0 5 3 2.742608e-12 0.000000e+00
443 478 1.646023e-03 2.608770e-03 5 0 5 3 1.489373e-12 0.000000e+00
443 479 1.646023e-03 3.284247e-03 5 0 5 3 8.447975e-13 0.000000e+00
443 480 1.646023e-03 4.134622e-03 5 0 5 3 5.067243e-13 0.000000e+00
443 481 1.646023e-03 5.205181e-03 5 0 5 3 3.214123e-13 0.000000e+00
443 482 1.646023e-03 6.552935e-03 5 0 5 3 2.133939e-13 0.000000e+00
443 483 1.646023e-03 8.249656e-03 5 0 5 3 1.459487e-13 0.000000e+00
444 473 2.072220e-03 8.249656e-04 5 0 5 3 6.133913e-13 0.000000e+00
444 474 2.072220e-03 1.038570e-03 5 0 5 3 9.919031e-13 0.000000e+00
444 475 2.072220e-03 1.307482e-03 5 0 5 3 1.627494e-12 0.000000e+00
444 476 2.072220e-03 1.646023e-03 5 0 5 3 2.742608e-12 0.000000e+00
444 477 2.072220e-03 2.072220e-03 5 0 5 3 3.835990e-12 0.000000e+00
444 478 2.072220e-03 2.608770e-03 5 0 5 3 2.530068e-12 0.000000e+00
444 479 2.072220e-03 3.284247e-03 5 0 5 3 1.384380e-12 0.000000e+00
444 480 2.072220e-03 4.134622e-03 5 0 5 3 8.129419e-13 0.000000e+00
444 481 2.072220e-03 5.205181e-03 5 0 5 3 5.104383e-13 0.000000e+00
444 482 2.072220e-03 6.552935e-03 5 0 5 3 3.376481e-13 0.000000e+00
444 483 2.072220e-03 8.249656e-03 5 0 5 3 2.307698e-13 0.000000e+00
445 473 2.608770e-03 8.249656e-04 5 0 5 3 3.494939e-13 0.000000e+00
445 474 2.608770e-03 1.038570e-03 5 0 5 3 5.604530e-13 0.000000e+00
445 475 2.608770e-03 1.307482e-03 5 0 5 3 9.063198e-13 0.000000e+00
445 476 2.608770e-03 1.646023e-03 5 0 5 3 1.489373e-12 0.000000e+00
445 477 2.608770e-03 2.072220e-03 5 0 5 3 2.530068e-12 0.000000e+00
445 478 2.608770e-03 2.608770e-03 5 0 5 3 3.585234e-12 0.000000e+00
445 479 2.608770e-03 3.284247e-03 5 0 5 3 2.355363e-12 0.000000e+00
445 480 2.608770e-03 4.134622e-03 5 0 5 3 1.322045e-12 0.000000e+00
445 481 2.608770e-03 5.205181e-03 5 0 5 3 8.131399e-13 0.000000e+00
445 482 2.608770e-03 6.552935e-03 5 0 5 3 5.339627e-13 0.000000e+00
445 483 2.608770e-03 8.249656e-03 5 0 5 3 3.644002e-13 0.000000e+00
446 473 3.284247e-03 8.249656e-04 5 0 5 3 2.053032e-13 0.000000e+00
446 474 3.284247e-03 1.038570e-03 5 0 5 3 3.272592e-13 0.000000e+00
446 475 3.284247e-03 1.307482e-03 5 0 5 3 5.237896e-13 0.000000e+00
446 476 3.284247e-03 1.646023e-03 5 0 5 3 8.447975e-13 0.000000e+00
446 477 3.284247e-03 2.072220e-03 5 0 5 3 1.384380e-12 0.000000e+00
446 478 3.284247e-03 2.608770e-03 5 0 5 3 2.355363e-12 0.000000e+00
446 479 3.284247e-03 3.284247e-03 5 0 5 3 3.371633e-12 0.000000e+00
446 480 3.284247e-03 4.134622e-03 5 0 5 3 2.233702e-12 0.000000e+00
446 481 3.284247e-03 5.205181e-03 5 0 5 3 1.307434e-12 0.000000e+00
446 482 3.284247e-03 6.552935e-03 5 0 5 3 8.444853e-13 0.000000e+00
446 483 3.284247e-03 8.249656e-03 5 0 5 3 5.742971e-13 0.000000e+00
447 473 4.134622e-03 8.249656e-04 5 0 5 3 1.257630e-13 0.000000e+00
447 474 4.134622e-03 1.038570e-03 5 0 5 3 1.997348e-13 0.000000e+00
447 475 4.134622e-03 1.307482e-03 5 0 5 3 3.176887e-13 0.000000e+00
447 476 4.134622e-03 1.646023e-03 5 0 5 3 5.067243e-13 0.000000e+00
447 477 4.134622e-03 2.072220e-03 5 0 5 3 8.129419e-13 0.000000e+00
447 478 4.134622e-03 2.608770e-03 5 0 5 3 1.322045e-12 0.000000e+00
447 479 4.134622e-03 3.284247e-03 5 0 5 3 2.233702e-12 0.000000e+00
447 480 4.134622e-03 4.134622e-03 5 0 5 3 3.212755e-12 0.000000e+00
447 481 4.134622e-03 5.205181e-03 5 0 5 3 2.175141e-12 0.000000e+00
447 482 4.134622e-03 6.552935e-03 5 0 5 3 1.340688e-12 0.000000e+00
447 483 4.134622e-03 8.249656e-03 5 0 5 3 9.027760e-13 0.000000e+00
448 473 5.205181e-03 8.249656e-04 5 0 5 3 8.061271e-14 0.000000e+00
448 474 5.205181e-03 1.038570e-03 5 0 5 3 1.277920e-13 0.000000e+00
448 475 5.205181e-03 1.307482e-03 5 0 5 3 2.026190e-13 0.000000e+00
448 476 5.205181e-03 1.646023e-03 5 0 5 3 3.214123e-13 0.000000e+00
448 477 5.205181e-03 2.072220e-03 5 0 5 3 5.104383e-13 0.000000e+00
448 478 5.205181e-03 2.608770e-03 5 0 5 3 8.131399e-13 0.000000e+00
448 479 5.205181e-03 3.284247e-03 5 0 5 3 1.307434e-12 0.000000e+00
448 480 5.205181e-03 4.134622e-03 5 0 5 3 2.175141e-12 0.000000e+00
448 481 5.205181e-03 5.205181e-03 5 0 5 3 3.120980e-12 0.000000e+00
448 482 5.205181e-03 6.552935e-03 5 0 5 3 2.183355e-12 0.000000e+00
448 483 5.205181e-03 8.249656e-03 5 0 5 3 1.416804e-12 0.000000e+00
449 473 6.552935e-03 8.249656e-04 5 0 5 3 5.373089e-14 0.000000e+00
449 474 6.552935e-03 1.038570e-03 5 0 5 3 8.511322e-14 0.000000e+00
449 475 6.552935e-03 1.307482e-03 5 0 5 3 1.347977e-13 0.000000e+00
449 476 6.552935e-03 1.646023e-03 5 0 5 3 2.133939e-13 0.000000e+00
449 477 6.552935e-03 2.072220e-03 5 0 5 3 3.376481e-13 0.000000e+00
449 478 6.552935e-03 2.608770e-03 5 0 5 3 5.339627e-13 0.000000e+00
449 479 6.552935e-03 3.284247e-03 5 0 5 3 8.444853e-13 0.000000e+00
449 480 6.552935e-03 4.134622e-03 5 0 5 3 1.340688e-12 0.000000e+00
449 481 6.552935e-03 5.205181e-03 5 0 5 3 2.183355e-12 0.000000e+00
449 482 6.552935e-03 6.552935e-03 5 0 5 3 3.101942e-12 0.000000e+00
449 483 6.552935e-03 8.249656e-03 5 0 5 3 2.254869e-12 0.000000e+00
450 473 8.249656e-03 8.249656e-04 5 0 5 3 3.677411e-14 0.000000e+00
450 474 8.249656e-03 1.038570e-03 5 0 5 3 5.824551e-14 0.000000e+00
450 475 8.249656e-03 1.307482e-03 5 0 5 3 9.222881e-14 0.000000e+00
450 476 8.249656e-03 1.646023e-03 5 0 5 3 1.459487e-13 0.000000e+00
450 477 8.249656e-03 2.072220e-03 5 0 5 3 2.307698e-13 0.000000e+00
450 478 8.249656e-03 2.608770e-03 5 0 5 3 3.644002e-13 0.000000e+00
450 479 8.249656e-03 3.284247e-03 5 0 5 3 5.742971e-13 0.000000e+00
450 480 8.249656e-03 4.134622e-03 5 0 5 3 9.027760e-13 0.000000e+00
450 481 8.249656e-03 5.205181e-03 5 0 5 3 1.416804e-12 0.000000e+00
450 482 8.249656e-03 6.552935e-03 5 0 5 3 2.254869e-12 0.000000e+00
450 483 8.249656e-03 8.249656e-03 5 0 5 3 3.153391e-12 0.000000e+00
