# Please cite the following papers in research using this covariance:
# arXiv: 1601.05779, https://arxiv.org/abs/1601.05779
# arXiv: 1911.11947, https://arxiv.org/abs/1911.11947
# arXiv: 2004.04833, https://arxiv.org/abs/2004.04833
# arXiv: 1804.10663, https://arxiv.org/abs/1804.10663
########################################################
363 385 8.249656e-04 8.249656e-04 3 1 3 3 6.530456e-12 0.000000e+00
363 386 8.249656e-04 1.038570e-03 3 1 3 3 4.771664e-12 0.000000e+00
363 387 8.249656e-04 1.307482e-03 3 1 3 3 2.796231e-12 0.000000e+00
363 388 8.249656e-04 1.646023e-03 3 1 3 3 1.595412e-12 0.000000e+00
363 389 8.249656e-04 2.072220e-03 3 1 3 3 9.074372e-13 0.000000e+00
363 390 8.249656e-04 2.608770e-03 3 1 3 3 5.244770e-13 0.000000e+00
363 391 8.249656e-04 3.284247e-03 3 1 3 3 3.136839e-13 0.000000e+00
363 392 8.249656e-04 4.134622e-03 3 1 3 3 1.967023e-13 0.000000e+00
363 393 8.249656e-04 5.205181e-03 3 1 3 3 1.297489e-13 0.000000e+00
363 394 8.249656e-04 6.552935e-03 3 1 3 3 8.942570e-14 0.000000e+00
363 395 8.249656e-04 8.249656e-03 3 1 3 3 6.350550e-14 0.000000e+00
364 385 1.038570e-03 8.249656e-04 3 1 3 3 4.771664e-12 0.000000e+00
364 386 1.038570e-03 1.038570e-03 3 1 3 3 6.353166e-12 0.000000e+00
364 387 1.038570e-03 1.307482e-03 3 1 3 3 4.537386e-12 0.000000e+00
364 388 1.038570e-03 1.646023e-03 3 1 3 3 2.592481e-12 0.000000e+00
364 389 1.038570e-03 2.072220e-03 3 1 3 3 1.464072e-12 0.000000e+00
364 390 1.038570e-03 2.608770e-03 3 1 3 3 8.399865e-13 0.000000e+00
364 391 1.038570e-03 3.284247e-03 3 1 3 3 4.995654e-13 0.000000e+00
364 392 1.038570e-03 4.134622e-03 3 1 3 3 3.121790e-13 0.000000e+00
364 393 1.038570e-03 5.205181e-03 3 1 3 3 2.055830e-13 0.000000e+00
364 394 1.038570e-03 6.552935e-03 3 1 3 3 1.416065e-13 0.000000e+00
364 395 1.038570e-03 8.249656e-03 3 1 3 3 1.005641e-13 0.000000e+00
365 385 1.307482e-03 8.249656e-04 3 1 3 3 2.796231e-12 0.000000e+00
365 386 1.307482e-03 1.038570e-03 3 1 3 3 4.537386e-12 0.000000e+00
365 387 1.307482e-03 1.307482e-03 3 1 3 3 6.104859e-12 0.000000e+00
365 388 1.307482e-03 1.646023e-03 3 1 3 3 4.264869e-12 0.000000e+00
365 389 1.307482e-03 2.072220e-03 3 1 3 3 2.391292e-12 0.000000e+00
365 390 1.307482e-03 2.608770e-03 3 1 3 3 1.355326e-12 0.000000e+00
365 391 1.307482e-03 3.284247e-03 3 1 3 3 7.983723e-13 0.000000e+00
365 392 1.307482e-03 4.134622e-03 3 1 3 3 4.959715e-13 0.000000e+00
365 393 1.307482e-03 5.205181e-03 3 1 3 3 3.257008e-13 0.000000e+00
365 394 1.307482e-03 6.552935e-03 3 1 3 3 2.241399e-13 0.000000e+00
365 395 1.307482e-03 8.249656e-03 3 1 3 3 1.591819e-13 0.000000e+00
366 385 1.646023e-03 8.249656e-04 3 1 3 3 1.595412e-12 0.000000e+00
366 386 1.646023e-03 1.038570e-03 3 1 3 3 2.592481e-12 0.000000e+00
366 387 1.646023e-03 1.307482e-03 3 1 3 3 4.264869e-12 0.000000e+00
366 388 1.646023e-03 1.646023e-03 3 1 3 3 5.810365e-12 0.000000e+00
366 389 1.646023e-03 2.072220e-03 3 1 3 3 3.983111e-12 0.000000e+00
366 390 1.646023e-03 2.608770e-03 3 1 3 3 2.217558e-12 0.000000e+00
366 391 1.646023e-03 3.284247e-03 3 1 3 3 1.284387e-12 0.000000e+00
366 392 1.646023e-03 4.134622e-03 3 1 3 3 7.896256e-13 0.000000e+00
366 393 1.646023e-03 5.205181e-03 3 1 3 3 5.159885e-13 0.000000e+00
366 394 1.646023e-03 6.552935e-03 3 1 3 3 3.545089e-13 0.000000e+00
366 395 1.646023e-03 8.249656e-03 3 1 3 3 2.517617e-13 0.000000e+00
367 385 2.072220e-03 8.249656e-04 3 1 3 3 9.074372e-13 0.000000e+00
367 386 2.072220e-03 1.038570e-03 3 1 3 3 1.464072e-12 0.000000e+00
367 387 2.072220e-03 1.307482e-03 3 1 3 3 2.391292e-12 0.000000e+00
367 388 2.072220e-03 1.646023e-03 3 1 3 3 3.983111e-12 0.000000e+00
367 389 2.072220e-03 2.072220e-03 3 1 3 3 5.501114e-12 0.000000e+00
367 390 2.072220e-03 2.608770e-03 3 1 3 3 3.725146e-12 0.000000e+00
367 391 2.072220e-03 3.284247e-03 3 1 3 3 2.094907e-12 0.000000e+00
367 392 2.072220e-03 4.134622e-03 3 1 3 3 1.262894e-12 0.000000e+00
367 393 2.072220e-03 5.205181e-03 3 1 3 3 8.177046e-13 0.000000e+00
367 394 2.072220e-03 6.552935e-03 3 1 3 3 5.601187e-13 0.000000e+00
367 395 2.072220e-03 8.249656e-03 3 1 3 3 3.977177e-13 0.000000e+00
368 385 2.608770e-03 8.249656e-04 3 1 3 3 5.244770e-13 0.000000e+00
368 386 2.608770e-03 1.038570e-03 3 1 3 3 8.399865e-13 0.000000e+00
368 387 2.608770e-03 1.307482e-03 3 1 3 3 1.355326e-12 0.000000e+00
368 388 2.608770e-03 1.646023e-03 3 1 3 3 2.217558e-12 0.000000e+00
368 389 2.608770e-03 2.072220e-03 3 1 3 3 3.725146e-12 0.000000e+00
368 390 2.608770e-03 2.608770e-03 3 1 3 3 5.213050e-12 0.000000e+00
368 391 2.608770e-03 3.284247e-03 3 1 3 3 3.524048e-12 0.000000e+00
368 392 2.608770e-03 4.134622e-03 3 1 3 3 2.042584e-12 0.000000e+00
368 393 2.608770e-03 5.205181e-03 3 1 3 3 1.297957e-12 0.000000e+00
368 394 2.608770e-03 6.552935e-03 3 1 3 3 8.836959e-13 0.000000e+00
368 395 2.608770e-03 8.249656e-03 3 1 3 3 6.270929e-13 0.000000e+00
369 385 3.284247e-03 8.249656e-04 3 1 3 3 3.136839e-13 0.000000e+00
369 386 3.284247e-03 1.038570e-03 3 1 3 3 4.995654e-13 0.000000e+00
369 387 3.284247e-03 1.307482e-03 3 1 3 3 7.983723e-13 0.000000e+00
369 388 3.284247e-03 1.646023e-03 3 1 3 3 1.284387e-12 0.000000e+00
369 389 3.284247e-03 2.072220e-03 3 1 3 3 2.094907e-12 0.000000e+00
369 390 3.284247e-03 2.608770e-03 3 1 3 3 3.524048e-12 0.000000e+00
369 391 3.284247e-03 3.284247e-03 3 1 3 3 4.982519e-12 0.000000e+00
369 392 3.284247e-03 4.134622e-03 3 1 3 3 3.409178e-12 0.000000e+00
369 393 3.284247e-03 5.205181e-03 3 1 3 3 2.073748e-12 0.000000e+00
369 394 3.284247e-03 6.552935e-03 3 1 3 3 1.392094e-12 0.000000e+00
369 395 3.284247e-03 8.249656e-03 3 1 3 3 9.858785e-13 0.000000e+00
370 385 4.134622e-03 8.249656e-04 3 1 3 3 1.967023e-13 0.000000e+00
370 386 4.134622e-03 1.038570e-03 3 1 3 3 3.121790e-13 0.000000e+00
370 387 4.134622e-03 1.307482e-03 3 1 3 3 4.959715e-13 0.000000e+00
370 388 4.134622e-03 1.646023e-03 3 1 3 3 7.896256e-13 0.000000e+00
370 389 4.134622e-03 2.072220e-03 3 1 3 3 1.262894e-12 0.000000e+00
370 390 4.134622e-03 2.608770e-03 3 1 3 3 2.042584e-12 0.000000e+00
370 391 4.134622e-03 3.284247e-03 3 1 3 3 3.409178e-12 0.000000e+00
370 392 4.134622e-03 4.134622e-03 3 1 3 3 4.842829e-12 0.000000e+00
370 393 4.134622e-03 5.205181e-03 3 1 3 3 3.403438e-12 0.000000e+00
370 394 4.134622e-03 6.552935e-03 3 1 3 3 2.194616e-12 0.000000e+00
370 395 4.134622e-03 8.249656e-03 3 1 3 3 1.543345e-12 0.000000e+00
371 385 5.205181e-03 8.249656e-04 3 1 3 3 1.297489e-13 0.000000e+00
371 386 5.205181e-03 1.038570e-03 3 1 3 3 2.055830e-13 0.000000e+00
371 387 5.205181e-03 1.307482e-03 3 1 3 3 3.257008e-13 0.000000e+00
371 388 5.205181e-03 1.646023e-03 3 1 3 3 5.159885e-13 0.000000e+00
371 389 5.205181e-03 2.072220e-03 3 1 3 3 8.177046e-13 0.000000e+00
371 390 5.205181e-03 2.608770e-03 3 1 3 3 1.297957e-12 0.000000e+00
371 391 5.205181e-03 3.284247e-03 3 1 3 3 2.073748e-12 0.000000e+00
371 392 5.205181e-03 4.134622e-03 3 1 3 3 3.403438e-12 0.000000e+00
371 393 5.205181e-03 5.205181e-03 3 1 3 3 4.821237e-12 0.000000e+00
371 394 5.205181e-03 6.552935e-03 3 1 3 3 3.521228e-12 0.000000e+00
371 395 5.205181e-03 8.249656e-03 3 1 3 3 2.404250e-12 0.000000e+00
372 385 6.552935e-03 8.249656e-04 3 1 3 3 8.942570e-14 0.000000e+00
372 386 6.552935e-03 1.038570e-03 3 1 3 3 1.416065e-13 0.000000e+00
372 387 6.552935e-03 1.307482e-03 3 1 3 3 2.241399e-13 0.000000e+00
372 388 6.552935e-03 1.646023e-03 3 1 3 3 3.545089e-13 0.000000e+00
372 389 6.552935e-03 2.072220e-03 3 1 3 3 5.601187e-13 0.000000e+00
372 390 6.552935e-03 2.608770e-03 3 1 3 3 8.836959e-13 0.000000e+00
372 391 6.552935e-03 3.284247e-03 3 1 3 3 1.392094e-12 0.000000e+00
372 392 6.552935e-03 4.134622e-03 3 1 3 3 2.194616e-12 0.000000e+00
372 393 6.552935e-03 5.205181e-03 3 1 3 3 3.521228e-12 0.000000e+00
372 394 6.552935e-03 6.552935e-03 3 1 3 3 4.936587e-12 0.000000e+00
372 395 6.552935e-03 8.249656e-03 3 1 3 3 3.766778e-12 0.000000e+00
373 385 8.249656e-03 8.249656e-04 3 1 3 3 6.350550e-14 0.000000e+00
373 386 8.249656e-03 1.038570e-03 3 1 3 3 1.005641e-13 0.000000e+00
373 387 8.249656e-03 1.307482e-03 3 1 3 3 1.591819e-13 0.000000e+00
373 388 8.249656e-03 1.646023e-03 3 1 3 3 2.517617e-13 0.000000e+00
373 389 8.249656e-03 2.072220e-03 3 1 3 3 3.977177e-13 0.000000e+00
373 390 8.249656e-03 2.608770e-03 3 1 3 3 6.270929e-13 0.000000e+00
373 391 8.249656e-03 3.284247e-03 3 1 3 3 9.858785e-13 0.000000e+00
373 392 8.249656e-03 4.134622e-03 3 1 3 3 1.543345e-12 0.000000e+00
373 393 8.249656e-03 5.205181e-03 3 1 3 3 2.404250e-12 0.000000e+00
373 394 8.249656e-03 6.552935e-03 3 1 3 3 3.766778e-12 0.000000e+00
373 395 8.249656e-03 8.249656e-03 3 1 3 3 5.196308e-12 0.000000e+00
