# Please cite the following papers in research using this covariance:
# arXiv: 1601.05779, https://arxiv.org/abs/1601.05779
# arXiv: 1911.11947, https://arxiv.org/abs/1911.11947
# arXiv: 2004.04833, https://arxiv.org/abs/2004.04833
# arXiv: 1804.10663, https://arxiv.org/abs/1804.10663
########################################################
385 429 8.249656e-04 8.249656e-04 3 3 4 3 5.316145e-11 0.000000e+00
385 430 8.249656e-04 1.038570e-03 3 3 4 3 2.980897e-11 0.000000e+00
385 431 8.249656e-04 1.307482e-03 3 3 4 3 1.274489e-11 0.000000e+00
385 432 8.249656e-04 1.646023e-03 3 3 4 3 6.105686e-12 0.000000e+00
385 433 8.249656e-04 2.072220e-03 3 3 4 3 3.232378e-12 0.000000e+00
385 434 8.249656e-04 2.608770e-03 3 3 4 3 1.846269e-12 0.000000e+00
385 435 8.249656e-04 3.284247e-03 3 3 4 3 1.112144e-12 0.000000e+00
385 436 8.249656e-04 4.134622e-03 3 3 4 3 6.934406e-13 0.000000e+00
385 437 8.249656e-04 5.205181e-03 3 3 4 3 4.412504e-13 0.000000e+00
385 438 8.249656e-04 6.552935e-03 3 3 4 3 2.840563e-13 0.000000e+00
385 439 8.249656e-04 8.249656e-03 3 3 4 3 1.836840e-13 0.000000e+00
386 429 1.038570e-03 8.249656e-04 3 3 4 3 2.980897e-11 0.000000e+00
386 430 1.038570e-03 1.038570e-03 3 3 4 3 4.575323e-11 0.000000e+00
386 431 1.038570e-03 1.307482e-03 3 3 4 3 2.464398e-11 0.000000e+00
386 432 1.038570e-03 1.646023e-03 3 3 4 3 1.054524e-11 0.000000e+00
386 433 1.038570e-03 2.072220e-03 3 3 4 3 5.299395e-12 0.000000e+00
386 434 1.038570e-03 2.608770e-03 3 3 4 3 2.961683e-12 0.000000e+00
386 435 1.038570e-03 3.284247e-03 3 3 4 3 1.769195e-12 0.000000e+00
386 436 1.038570e-03 4.134622e-03 3 3 4 3 1.099746e-12 0.000000e+00
386 437 1.038570e-03 5.205181e-03 3 3 4 3 6.992973e-13 0.000000e+00
386 438 1.038570e-03 6.552935e-03 3 3 4 3 4.500397e-13 0.000000e+00
386 439 1.038570e-03 8.249656e-03 3 3 4 3 2.910959e-13 0.000000e+00
387 429 1.307482e-03 8.249656e-04 3 3 4 3 1.274489e-11 0.000000e+00
387 430 1.307482e-03 1.038570e-03 3 3 4 3 2.464398e-11 0.000000e+00
387 431 1.307482e-03 1.307482e-03 3 3 4 3 3.909475e-11 0.000000e+00
387 432 1.307482e-03 1.646023e-03 3 3 4 3 2.048204e-11 0.000000e+00
387 433 1.307482e-03 2.072220e-03 3 3 4 3 9.017069e-12 0.000000e+00
387 434 1.307482e-03 2.608770e-03 3 3 4 3 4.805099e-12 0.000000e+00
387 435 1.307482e-03 3.284247e-03 3 3 4 3 2.823336e-12 0.000000e+00
387 436 1.307482e-03 4.134622e-03 3 3 4 3 1.745603e-12 0.000000e+00
387 437 1.307482e-03 5.205181e-03 3 3 4 3 1.108309e-12 0.000000e+00
387 438 1.307482e-03 6.552935e-03 3 3 4 3 7.130034e-13 0.000000e+00
387 439 1.307482e-03 8.249656e-03 3 3 4 3 4.611599e-13 0.000000e+00
388 429 1.646023e-03 8.249656e-04 3 3 4 3 6.105686e-12 0.000000e+00
388 430 1.646023e-03 1.038570e-03 3 3 4 3 1.054524e-11 0.000000e+00
388 431 1.646023e-03 1.307482e-03 3 3 4 3 2.048204e-11 0.000000e+00
388 432 1.646023e-03 1.646023e-03 3 3 4 3 3.337004e-11 0.000000e+00
388 433 1.646023e-03 2.072220e-03 3 3 4 3 1.729993e-11 0.000000e+00
388 434 1.646023e-03 2.608770e-03 3 3 4 3 8.027139e-12 0.000000e+00
388 435 1.646023e-03 3.284247e-03 3 3 4 3 4.538029e-12 0.000000e+00
388 436 1.646023e-03 4.134622e-03 3 3 4 3 2.774971e-12 0.000000e+00
388 437 1.646023e-03 5.205181e-03 3 3 4 3 1.756569e-12 0.000000e+00
388 438 1.646023e-03 6.552935e-03 3 3 4 3 1.129370e-12 0.000000e+00
388 439 1.646023e-03 8.249656e-03 3 3 4 3 7.305234e-13 0.000000e+00
389 429 2.072220e-03 8.249656e-04 3 3 4 3 3.232378e-12 0.000000e+00
389 430 2.072220e-03 1.038570e-03 3 3 4 3 5.299395e-12 0.000000e+00
389 431 2.072220e-03 1.307482e-03 3 3 4 3 9.017069e-12 0.000000e+00
389 432 2.072220e-03 1.646023e-03 3 3 4 3 1.729993e-11 0.000000e+00
389 433 2.072220e-03 2.072220e-03 3 3 4 3 2.863462e-11 0.000000e+00
389 434 2.072220e-03 2.608770e-03 3 3 4 3 1.499494e-11 0.000000e+00
389 435 2.072220e-03 3.284247e-03 3 3 4 3 7.444797e-12 0.000000e+00
389 436 2.072220e-03 4.134622e-03 3 3 4 3 4.428203e-12 0.000000e+00
389 437 2.072220e-03 5.205181e-03 3 3 4 3 2.785050e-12 0.000000e+00
389 438 2.072220e-03 6.552935e-03 3 3 4 3 1.788367e-12 0.000000e+00
389 439 2.072220e-03 8.249656e-03 3 3 4 3 1.156751e-12 0.000000e+00
390 429 2.608770e-03 8.249656e-04 3 3 4 3 1.846269e-12 0.000000e+00
390 430 2.608770e-03 1.038570e-03 3 3 4 3 2.961683e-12 0.000000e+00
390 431 2.608770e-03 1.307482e-03 3 3 4 3 4.805099e-12 0.000000e+00
390 432 2.608770e-03 1.646023e-03 3 3 4 3 8.027139e-12 0.000000e+00
390 433 2.608770e-03 2.072220e-03 3 3 4 3 1.499494e-11 0.000000e+00
390 434 2.608770e-03 2.608770e-03 3 3 4 3 2.486494e-11 0.000000e+00
390 435 2.608770e-03 3.284247e-03 3 3 4 3 1.342283e-11 0.000000e+00
390 436 2.608770e-03 4.134622e-03 3 3 4 3 7.155132e-12 0.000000e+00
390 437 2.608770e-03 5.205181e-03 3 3 4 3 4.421988e-12 0.000000e+00
390 438 2.608770e-03 6.552935e-03 3 3 4 3 2.830816e-12 0.000000e+00
390 439 2.608770e-03 8.249656e-03 3 3 4 3 1.830782e-12 0.000000e+00
391 429 3.284247e-03 8.249656e-04 3 3 4 3 1.112144e-12 0.000000e+00
391 430 3.284247e-03 1.038570e-03 3 3 4 3 1.769195e-12 0.000000e+00
391 431 3.284247e-03 1.307482e-03 3 3 4 3 2.823336e-12 0.000000e+00
391 432 3.284247e-03 1.646023e-03 3 3 4 3 4.538029e-12 0.000000e+00
391 433 3.284247e-03 2.072220e-03 3 3 4 3 7.444797e-12 0.000000e+00
391 434 3.284247e-03 2.608770e-03 3 3 4 3 1.342283e-11 0.000000e+00
391 435 3.284247e-03 3.284247e-03 3 3 4 3 2.197888e-11 0.000000e+00
391 436 3.284247e-03 4.134622e-03 3 3 4 3 1.242994e-11 0.000000e+00
391 437 3.284247e-03 5.205181e-03 3 3 4 3 7.065469e-12 0.000000e+00
391 438 3.284247e-03 6.552935e-03 3 3 4 3 4.480196e-12 0.000000e+00
391 439 3.284247e-03 8.249656e-03 3 3 4 3 2.895252e-12 0.000000e+00
392 429 4.134622e-03 8.249656e-04 3 3 4 3 6.934406e-13 0.000000e+00
392 430 4.134622e-03 1.038570e-03 3 3 4 3 1.099746e-12 0.000000e+00
392 431 4.134622e-03 1.307482e-03 3 3 4 3 1.745603e-12 0.000000e+00
392 432 4.134622e-03 1.646023e-03 3 3 4 3 2.774971e-12 0.000000e+00
392 433 4.134622e-03 2.072220e-03 3 3 4 3 4.428203e-12 0.000000e+00
392 434 4.134622e-03 2.608770e-03 3 3 4 3 7.155132e-12 0.000000e+00
392 435 4.134622e-03 3.284247e-03 3 3 4 3 1.242994e-11 0.000000e+00
392 436 4.134622e-03 4.134622e-03 3 3 4 3 1.986107e-11 0.000000e+00
392 437 4.134622e-03 5.205181e-03 3 3 4 3 1.187293e-11 0.000000e+00
392 438 4.134622e-03 6.552935e-03 3 3 4 3 7.104822e-12 0.000000e+00
392 439 4.134622e-03 8.249656e-03 3 3 4 3 4.573446e-12 0.000000e+00
393 429 5.205181e-03 8.249656e-04 3 3 4 3 4.412504e-13 0.000000e+00
393 430 5.205181e-03 1.038570e-03 3 3 4 3 6.992973e-13 0.000000e+00
393 431 5.205181e-03 1.307482e-03 3 3 4 3 1.108309e-12 0.000000e+00
393 432 5.205181e-03 1.646023e-03 3 3 4 3 1.756569e-12 0.000000e+00
393 433 5.205181e-03 2.072220e-03 3 3 4 3 2.785050e-12 0.000000e+00
393 434 5.205181e-03 2.608770e-03 3 3 4 3 4.421988e-12 0.000000e+00
393 435 5.205181e-03 3.284247e-03 3 3 4 3 7.065469e-12 0.000000e+00
393 436 5.205181e-03 4.134622e-03 3 3 4 3 1.187293e-11 0.000000e+00
393 437 5.205181e-03 5.205181e-03 3 3 4 3 1.838229e-11 0.000000e+00
393 438 5.205181e-03 6.552935e-03 3 3 4 3 1.162779e-11 0.000000e+00
393 439 5.205181e-03 8.249656e-03 3 3 4 3 7.218806e-12 0.000000e+00
394 429 6.552935e-03 8.249656e-04 3 3 4 3 2.840563e-13 0.000000e+00
394 430 6.552935e-03 1.038570e-03 3 3 4 3 4.500397e-13 0.000000e+00
394 431 6.552935e-03 1.307482e-03 3 3 4 3 7.130034e-13 0.000000e+00
394 432 6.552935e-03 1.646023e-03 3 3 4 3 1.129370e-12 0.000000e+00
394 433 6.552935e-03 2.072220e-03 3 3 4 3 1.788367e-12 0.000000e+00
394 434 6.552935e-03 2.608770e-03 3 3 4 3 2.830816e-12 0.000000e+00
394 435 6.552935e-03 3.284247e-03 3 3 4 3 4.480196e-12 0.000000e+00
394 436 6.552935e-03 4.134622e-03 3 3 4 3 7.104822e-12 0.000000e+00
394 437 6.552935e-03 5.205181e-03 3 3 4 3 1.162779e-11 0.000000e+00
394 438 6.552935e-03 6.552935e-03 3 3 4 3 1.741206e-11 0.000000e+00
394 439 6.552935e-03 8.249656e-03 3 3 4 3 1.158967e-11 0.000000e+00
395 429 8.249656e-03 8.249656e-04 3 3 4 3 1.836840e-13 0.000000e+00
395 430 8.249656e-03 1.038570e-03 3 3 4 3 2.910959e-13 0.000000e+00
395 431 8.249656e-03 1.307482e-03 3 3 4 3 4.611599e-13 0.000000e+00
395 432 8.249656e-03 1.646023e-03 3 3 4 3 7.305234e-13 0.000000e+00
395 433 8.249656e-03 2.072220e-03 3 3 4 3 1.156751e-12 0.000000e+00
395 434 8.249656e-03 2.608770e-03 3 3 4 3 1.830782e-12 0.000000e+00
395 435 8.249656e-03 3.284247e-03 3 3 4 3 2.895252e-12 0.000000e+00
395 436 8.249656e-03 4.134622e-03 3 3 4 3 4.573446e-12 0.000000e+00
395 437 8.249656e-03 5.205181e-03 3 3 4 3 7.218806e-12 0.000000e+00
395 438 8.249656e-03 6.552935e-03 3 3 4 3 1.158967e-11 0.000000e+00
395 439 8.249656e-03 8.249656e-03 3 3 4 3 1.682307e-11 0.000000e+00
