# Please cite the following papers in research using this covariance:
# arXiv: 1601.05779, https://arxiv.org/abs/1601.05779
# arXiv: 1911.11947, https://arxiv.org/abs/1911.11947
# arXiv: 2004.04833, https://arxiv.org/abs/2004.04833
# arXiv: 1804.10663, https://arxiv.org/abs/1804.10663
########################################################
319 462 8.249656e-04 8.249656e-04 2 1 5 2 7.624418e-14 0.000000e+00
319 463 8.249656e-04 1.038570e-03 2 1 5 2 7.597803e-14 0.000000e+00
319 464 8.249656e-04 1.307482e-03 2 1 5 2 6.353580e-14 0.000000e+00
319 465 8.249656e-04 1.646023e-03 2 1 5 2 4.819451e-14 0.000000e+00
319 466 8.249656e-04 2.072220e-03 2 1 5 2 3.470892e-14 0.000000e+00
319 467 8.249656e-04 2.608770e-03 2 1 5 2 2.444363e-14 0.000000e+00
319 468 8.249656e-04 3.284247e-03 2 1 5 2 1.719830e-14 0.000000e+00
319 469 8.249656e-04 4.134622e-03 2 1 5 2 1.226539e-14 0.000000e+00
319 470 8.249656e-04 5.205181e-03 2 1 5 2 8.924457e-15 0.000000e+00
319 471 8.249656e-04 6.552935e-03 2 1 5 2 6.619185e-15 0.000000e+00
319 472 8.249656e-04 8.249656e-03 2 1 5 2 4.973363e-15 0.000000e+00
320 462 1.038570e-03 8.249656e-04 2 1 5 2 7.597803e-14 0.000000e+00
320 463 1.038570e-03 1.038570e-03 2 1 5 2 9.380552e-14 0.000000e+00
320 464 1.038570e-03 1.307482e-03 2 1 5 2 9.087597e-14 0.000000e+00
320 465 1.038570e-03 1.646023e-03 2 1 5 2 7.322874e-14 0.000000e+00
320 466 1.038570e-03 2.072220e-03 2 1 5 2 5.402319e-14 0.000000e+00
320 467 1.038570e-03 2.608770e-03 2 1 5 2 3.841276e-14 0.000000e+00
320 468 1.038570e-03 3.284247e-03 2 1 5 2 2.712851e-14 0.000000e+00
320 469 1.038570e-03 4.134622e-03 2 1 5 2 1.937737e-14 0.000000e+00
320 470 1.038570e-03 5.205181e-03 2 1 5 2 1.411109e-14 0.000000e+00
320 471 1.038570e-03 6.552935e-03 2 1 5 2 1.047251e-14 0.000000e+00
320 472 1.038570e-03 8.249656e-03 2 1 5 2 7.872573e-15 0.000000e+00
321 462 1.307482e-03 8.249656e-04 2 1 5 2 6.353580e-14 0.000000e+00
321 463 1.307482e-03 1.038570e-03 2 1 5 2 9.087597e-14 0.000000e+00
321 464 1.307482e-03 1.307482e-03 2 1 5 2 1.121758e-13 0.000000e+00
321 465 1.307482e-03 1.646023e-03 2 1 5 2 1.058541e-13 0.000000e+00
321 466 1.307482e-03 2.072220e-03 2 1 5 2 8.267114e-14 0.000000e+00
321 467 1.307482e-03 2.608770e-03 2 1 5 2 5.997010e-14 0.000000e+00
321 468 1.307482e-03 3.284247e-03 2 1 5 2 4.265774e-14 0.000000e+00
321 469 1.307482e-03 4.134622e-03 2 1 5 2 3.055337e-14 0.000000e+00
321 470 1.307482e-03 5.205181e-03 2 1 5 2 2.228077e-14 0.000000e+00
321 471 1.307482e-03 6.552935e-03 2 1 5 2 1.655206e-14 0.000000e+00
321 472 1.307482e-03 8.249656e-03 2 1 5 2 1.245287e-14 0.000000e+00
322 462 1.646023e-03 8.249656e-04 2 1 5 2 4.819451e-14 0.000000e+00
322 463 1.646023e-03 1.038570e-03 2 1 5 2 7.322874e-14 0.000000e+00
322 464 1.646023e-03 1.307482e-03 2 1 5 2 1.058541e-13 0.000000e+00
322 465 1.646023e-03 1.646023e-03 2 1 5 2 1.310701e-13 0.000000e+00
322 466 1.646023e-03 2.072220e-03 2 1 5 2 1.208917e-13 0.000000e+00
322 467 1.646023e-03 2.608770e-03 2 1 5 2 9.230501e-14 0.000000e+00
322 468 1.646023e-03 3.284247e-03 2 1 5 2 6.668963e-14 0.000000e+00
322 469 1.646023e-03 4.134622e-03 2 1 5 2 4.801819e-14 0.000000e+00
322 470 1.646023e-03 5.205181e-03 2 1 5 2 3.510067e-14 0.000000e+00
322 471 1.646023e-03 6.552935e-03 2 1 5 2 2.611792e-14 0.000000e+00
322 472 1.646023e-03 8.249656e-03 2 1 5 2 1.967515e-14 0.000000e+00
323 462 2.072220e-03 8.249656e-04 2 1 5 2 3.470892e-14 0.000000e+00
323 463 2.072220e-03 1.038570e-03 2 1 5 2 5.402319e-14 0.000000e+00
323 464 2.072220e-03 1.307482e-03 2 1 5 2 8.267114e-14 0.000000e+00
323 465 2.072220e-03 1.646023e-03 2 1 5 2 1.208917e-13 0.000000e+00
323 466 2.072220e-03 2.072220e-03 2 1 5 2 1.506080e-13 0.000000e+00
323 467 2.072220e-03 2.608770e-03 2 1 5 2 1.364677e-13 0.000000e+00
323 468 2.072220e-03 3.284247e-03 2 1 5 2 1.029992e-13 0.000000e+00
323 469 2.072220e-03 4.134622e-03 2 1 5 2 7.503600e-14 0.000000e+00
323 470 2.072220e-03 5.205181e-03 2 1 5 2 5.509161e-14 0.000000e+00
323 471 2.072220e-03 6.552935e-03 2 1 5 2 4.110295e-14 0.000000e+00
323 472 2.072220e-03 8.249656e-03 2 1 5 2 3.102837e-14 0.000000e+00
324 462 2.608770e-03 8.249656e-04 2 1 5 2 2.444363e-14 0.000000e+00
324 463 2.608770e-03 1.038570e-03 2 1 5 2 3.841276e-14 0.000000e+00
324 464 2.608770e-03 1.307482e-03 2 1 5 2 5.997010e-14 0.000000e+00
324 465 2.608770e-03 1.646023e-03 2 1 5 2 9.230501e-14 0.000000e+00
324 466 2.608770e-03 2.072220e-03 2 1 5 2 1.364677e-13 0.000000e+00
324 467 2.608770e-03 2.608770e-03 2 1 5 2 1.714261e-13 0.000000e+00
324 468 2.608770e-03 3.284247e-03 2 1 5 2 1.535900e-13 0.000000e+00
324 469 2.608770e-03 4.134622e-03 2 1 5 2 1.159451e-13 0.000000e+00
324 470 2.608770e-03 5.205181e-03 2 1 5 2 8.592588e-14 0.000000e+00
324 471 2.608770e-03 6.552935e-03 2 1 5 2 6.440578e-14 0.000000e+00
324 472 2.608770e-03 8.249656e-03 2 1 5 2 4.878557e-14 0.000000e+00
325 462 3.284247e-03 8.249656e-04 2 1 5 2 1.719830e-14 0.000000e+00
325 463 3.284247e-03 1.038570e-03 2 1 5 2 2.712851e-14 0.000000e+00
325 464 3.284247e-03 1.307482e-03 2 1 5 2 4.265774e-14 0.000000e+00
325 465 3.284247e-03 1.646023e-03 2 1 5 2 6.668963e-14 0.000000e+00
325 466 3.284247e-03 2.072220e-03 2 1 5 2 1.029992e-13 0.000000e+00
325 467 3.284247e-03 2.608770e-03 2 1 5 2 1.535900e-13 0.000000e+00
325 468 3.284247e-03 3.284247e-03 2 1 5 2 1.946870e-13 0.000000e+00
325 469 3.284247e-03 4.134622e-03 2 1 5 2 1.737102e-13 0.000000e+00
325 470 3.284247e-03 5.205181e-03 2 1 5 2 1.324826e-13 0.000000e+00
325 471 3.284247e-03 6.552935e-03 2 1 5 2 1.001916e-13 0.000000e+00
325 472 3.284247e-03 8.249656e-03 2 1 5 2 7.632708e-14 0.000000e+00
326 462 4.134622e-03 8.249656e-04 2 1 5 2 1.226539e-14 0.000000e+00
326 463 4.134622e-03 1.038570e-03 2 1 5 2 1.937737e-14 0.000000e+00
326 464 4.134622e-03 1.307482e-03 2 1 5 2 3.055337e-14 0.000000e+00
326 465 4.134622e-03 1.646023e-03 2 1 5 2 4.801819e-14 0.000000e+00
326 466 4.134622e-03 2.072220e-03 2 1 5 2 7.503600e-14 0.000000e+00
326 467 4.134622e-03 2.608770e-03 2 1 5 2 1.159451e-13 0.000000e+00
326 468 4.134622e-03 3.284247e-03 2 1 5 2 1.737102e-13 0.000000e+00
326 469 4.134622e-03 4.134622e-03 2 1 5 2 2.219874e-13 0.000000e+00
326 470 4.134622e-03 5.205181e-03 2 1 5 2 1.985454e-13 0.000000e+00
326 471 4.134622e-03 6.552935e-03 2 1 5 2 1.538860e-13 0.000000e+00
326 472 4.134622e-03 8.249656e-03 2 1 5 2 1.184328e-13 0.000000e+00
327 462 5.205181e-03 8.249656e-04 2 1 5 2 8.924457e-15 0.000000e+00
327 463 5.205181e-03 1.038570e-03 2 1 5 2 1.411109e-14 0.000000e+00
327 464 5.205181e-03 1.307482e-03 2 1 5 2 2.228077e-14 0.000000e+00
327 465 5.205181e-03 1.646023e-03 2 1 5 2 3.510067e-14 0.000000e+00
327 466 5.205181e-03 2.072220e-03 2 1 5 2 5.509161e-14 0.000000e+00
327 467 5.205181e-03 2.608770e-03 2 1 5 2 8.592588e-14 0.000000e+00
327 468 5.205181e-03 3.284247e-03 2 1 5 2 1.324826e-13 0.000000e+00
327 469 5.205181e-03 4.134622e-03 2 1 5 2 1.985454e-13 0.000000e+00
327 470 5.205181e-03 5.205181e-03 2 1 5 2 2.551757e-13 0.000000e+00
327 471 5.205181e-03 6.552935e-03 2 1 5 2 2.298255e-13 0.000000e+00
327 472 5.205181e-03 8.249656e-03 2 1 5 2 1.811276e-13 0.000000e+00
328 462 6.552935e-03 8.249656e-04 2 1 5 2 6.619185e-15 0.000000e+00
328 463 6.552935e-03 1.038570e-03 2 1 5 2 1.047251e-14 0.000000e+00
328 464 6.552935e-03 1.307482e-03 2 1 5 2 1.655206e-14 0.000000e+00
328 465 6.552935e-03 1.646023e-03 2 1 5 2 2.611792e-14 0.000000e+00
328 466 6.552935e-03 2.072220e-03 2 1 5 2 4.110295e-14 0.000000e+00
328 467 6.552935e-03 2.608770e-03 2 1 5 2 6.440578e-14 0.000000e+00
328 468 6.552935e-03 3.284247e-03 2 1 5 2 1.001916e-13 0.000000e+00
328 469 6.552935e-03 4.134622e-03 2 1 5 2 1.538860e-13 0.000000e+00
328 470 6.552935e-03 5.205181e-03 2 1 5 2 2.298255e-13 0.000000e+00
328 471 6.552935e-03 6.552935e-03 2 1 5 2 2.960872e-13 0.000000e+00
328 472 6.552935e-03 8.249656e-03 2 1 5 2 2.689656e-13 0.000000e+00
329 462 8.249656e-03 8.249656e-04 2 1 5 2 4.973363e-15 0.000000e+00
329 463 8.249656e-03 1.038570e-03 2 1 5 2 7.872573e-15 0.000000e+00
329 464 8.249656e-03 1.307482e-03 2 1 5 2 1.245287e-14 0.000000e+00
329 465 8.249656e-03 1.646023e-03 2 1 5 2 1.967515e-14 0.000000e+00
329 466 8.249656e-03 2.072220e-03 2 1 5 2 3.102837e-14 0.000000e+00
329 467 8.249656e-03 2.608770e-03 2 1 5 2 4.878557e-14 0.000000e+00
329 468 8.249656e-03 3.284247e-03 2 1 5 2 7.632708e-14 0.000000e+00
329 469 8.249656e-03 4.134622e-03 2 1 5 2 1.184328e-13 0.000000e+00
329 470 8.249656e-03 5.205181e-03 2 1 5 2 1.811276e-13 0.000000e+00
329 471 8.249656e-03 6.552935e-03 2 1 5 2 2.689656e-13 0.000000e+00
329 472 8.249656e-03 8.249656e-03 2 1 5 2 3.461641e-13 0.000000e+00
