# Please cite the following papers in research using this covariance:
# arXiv: 1601.05779, https://arxiv.org/abs/1601.05779
# arXiv: 1911.11947, https://arxiv.org/abs/1911.11947
# arXiv: 2004.04833, https://arxiv.org/abs/2004.04833
# arXiv: 1804.10663, https://arxiv.org/abs/1804.10663
########################################################
385 385 8.249656e-04 8.249656e-04 3 3 3 3 2.866206e-09 0.000000e+00
385 386 8.249656e-04 1.038570e-03 3 3 3 3 8.353490e-11 0.000000e+00
385 387 8.249656e-04 1.307482e-03 3 3 3 3 3.642799e-11 0.000000e+00
385 388 8.249656e-04 1.646023e-03 3 3 3 3 1.716132e-11 0.000000e+00
385 389 8.249656e-04 2.072220e-03 3 3 3 3 8.768268e-12 0.000000e+00
385 390 8.249656e-04 2.608770e-03 3 3 3 3 4.806863e-12 0.000000e+00
385 391 8.249656e-04 3.284247e-03 3 3 3 3 2.789454e-12 0.000000e+00
385 392 8.249656e-04 4.134622e-03 3 3 3 3 1.687530e-12 0.000000e+00
385 393 8.249656e-04 5.205181e-03 3 3 3 3 1.049495e-12 0.000000e+00
385 394 8.249656e-04 6.552935e-03 3 3 3 3 6.642551e-13 0.000000e+00
385 395 8.249656e-04 8.249656e-03 3 3 3 3 4.238681e-13 0.000000e+00
386 385 1.038570e-03 8.249656e-04 3 3 3 3 8.353490e-11 0.000000e+00
386 386 1.038570e-03 1.038570e-03 3 3 3 3 1.851666e-09 0.000000e+00
386 387 1.038570e-03 1.307482e-03 3 3 3 3 6.938371e-11 0.000000e+00
386 388 1.038570e-03 1.646023e-03 3 3 3 3 2.976722e-11 0.000000e+00
386 389 1.038570e-03 2.072220e-03 3 3 3 3 1.446945e-11 0.000000e+00
386 390 1.038570e-03 2.608770e-03 3 3 3 3 7.747020e-12 0.000000e+00
386 391 1.038570e-03 3.284247e-03 3 3 3 3 4.448816e-12 0.000000e+00
386 392 1.038570e-03 4.134622e-03 3 3 3 3 2.679701e-12 0.000000e+00
386 393 1.038570e-03 5.205181e-03 3 3 3 3 1.664233e-12 0.000000e+00
386 394 1.038570e-03 6.552935e-03 3 3 3 3 1.052648e-12 0.000000e+00
386 395 1.038570e-03 8.249656e-03 3 3 3 3 6.718162e-13 0.000000e+00
387 385 1.307482e-03 8.249656e-04 3 3 3 3 3.642799e-11 0.000000e+00
387 386 1.307482e-03 1.038570e-03 3 3 3 3 6.938371e-11 0.000000e+00
387 387 1.307482e-03 1.307482e-03 3 3 3 3 1.201715e-09 0.000000e+00
387 388 1.307482e-03 1.646023e-03 3 3 3 3 5.750439e-11 0.000000e+00
387 389 1.307482e-03 2.072220e-03 3 3 3 3 2.486406e-11 0.000000e+00
387 390 1.307482e-03 2.608770e-03 3 3 3 3 1.266847e-11 0.000000e+00
387 391 1.307482e-03 3.284247e-03 3 3 3 3 7.130439e-12 0.000000e+00
387 392 1.307482e-03 4.134622e-03 3 3 3 3 4.262355e-12 0.000000e+00
387 393 1.307482e-03 5.205181e-03 3 3 3 3 2.640188e-12 0.000000e+00
387 394 1.307482e-03 6.552935e-03 3 3 3 3 1.668427e-12 0.000000e+00
387 395 1.307482e-03 8.249656e-03 3 3 3 3 1.064531e-12 0.000000e+00
388 385 1.646023e-03 8.249656e-04 3 3 3 3 1.716132e-11 0.000000e+00
388 386 1.646023e-03 1.038570e-03 3 3 3 3 2.976722e-11 0.000000e+00
388 387 1.646023e-03 1.307482e-03 3 3 3 3 5.750439e-11 0.000000e+00
388 388 1.646023e-03 1.646023e-03 3 3 3 3 7.857966e-10 0.000000e+00
388 389 1.646023e-03 2.072220e-03 3 3 3 3 4.802049e-11 0.000000e+00
388 390 1.646023e-03 2.608770e-03 3 3 3 3 2.145103e-11 0.000000e+00
388 391 1.646023e-03 3.284247e-03 3 3 3 3 1.154930e-11 0.000000e+00
388 392 1.646023e-03 4.134622e-03 3 3 3 3 6.800277e-12 0.000000e+00
388 393 1.646023e-03 5.205181e-03 3 3 3 3 4.191211e-12 0.000000e+00
388 394 1.646023e-03 6.552935e-03 3 3 3 3 2.644519e-12 0.000000e+00
388 395 1.646023e-03 8.249656e-03 3 3 3 3 1.686882e-12 0.000000e+00
389 385 2.072220e-03 8.249656e-04 3 3 3 3 8.768268e-12 0.000000e+00
389 386 2.072220e-03 1.038570e-03 3 3 3 3 1.446945e-11 0.000000e+00
389 387 2.072220e-03 1.307482e-03 3 3 3 3 2.486406e-11 0.000000e+00
389 388 2.072220e-03 1.646023e-03 3 3 3 3 4.802049e-11 0.000000e+00
389 389 2.072220e-03 2.072220e-03 3 3 3 3 5.184811e-10 0.000000e+00
389 390 2.072220e-03 2.608770e-03 3 3 3 3 4.080806e-11 0.000000e+00
389 391 2.072220e-03 3.284247e-03 3 3 3 3 1.922211e-11 0.000000e+00
389 392 2.072220e-03 4.134622e-03 3 3 3 3 1.092284e-11 0.000000e+00
389 393 2.072220e-03 5.205181e-03 3 3 3 3 6.663689e-12 0.000000e+00
389 394 2.072220e-03 6.552935e-03 3 3 3 3 4.192487e-12 0.000000e+00
389 395 2.072220e-03 8.249656e-03 3 3 3 3 2.672563e-12 0.000000e+00
390 385 2.608770e-03 8.249656e-04 3 3 3 3 4.806863e-12 0.000000e+00
390 386 2.608770e-03 1.038570e-03 3 3 3 3 7.747020e-12 0.000000e+00
390 387 2.608770e-03 1.307482e-03 3 3 3 3 1.266847e-11 0.000000e+00
390 388 2.608770e-03 1.646023e-03 3 3 3 3 2.145103e-11 0.000000e+00
390 389 2.608770e-03 2.072220e-03 3 3 3 3 4.080806e-11 0.000000e+00
390 390 2.608770e-03 2.608770e-03 3 3 3 3 3.462978e-10 0.000000e+00
390 391 2.608770e-03 3.284247e-03 3 3 3 3 3.558444e-11 0.000000e+00
390 392 2.608770e-03 4.134622e-03 3 3 3 3 1.788179e-11 0.000000e+00
390 393 2.608770e-03 5.205181e-03 3 3 3 3 1.063457e-11 0.000000e+00
390 394 2.608770e-03 6.552935e-03 3 3 3 3 6.649859e-12 0.000000e+00
390 395 2.608770e-03 8.249656e-03 3 3 3 3 4.233699e-12 0.000000e+00
391 385 3.284247e-03 8.249656e-04 3 3 3 3 2.789454e-12 0.000000e+00
391 386 3.284247e-03 1.038570e-03 3 3 3 3 4.448816e-12 0.000000e+00
391 387 3.284247e-03 1.307482e-03 3 3 3 3 7.130439e-12 0.000000e+00
391 388 3.284247e-03 1.646023e-03 3 3 3 3 1.154930e-11 0.000000e+00
391 389 3.284247e-03 2.072220e-03 3 3 3 3 1.922211e-11 0.000000e+00
391 390 3.284247e-03 2.608770e-03 3 3 3 3 3.558444e-11 0.000000e+00
391 391 3.284247e-03 3.284247e-03 3 3 3 3 2.353329e-10 0.000000e+00
391 392 3.284247e-03 4.134622e-03 3 3 3 3 3.199819e-11 0.000000e+00
391 393 3.284247e-03 5.205181e-03 3 3 3 3 1.717401e-11 0.000000e+00
391 394 3.284247e-03 6.552935e-03 3 3 3 3 1.056465e-11 0.000000e+00
391 395 3.284247e-03 8.249656e-03 3 3 3 3 6.705797e-12 0.000000e+00
392 385 4.134622e-03 8.249656e-04 3 3 3 3 1.687530e-12 0.000000e+00
392 386 4.134622e-03 1.038570e-03 3 3 3 3 2.679701e-12 0.000000e+00
392 387 4.134622e-03 1.307482e-03 3 3 3 3 4.262355e-12 0.000000e+00
392 388 4.134622e-03 1.646023e-03 3 3 3 3 6.800277e-12 0.000000e+00
392 389 4.134622e-03 2.072220e-03 3 3 3 3 1.092284e-11 0.000000e+00
392 390 4.134622e-03 2.608770e-03 3 3 3 3 1.788179e-11 0.000000e+00
392 391 4.134622e-03 3.284247e-03 3 3 3 3 3.199819e-11 0.000000e+00
392 392 4.134622e-03 4.134622e-03 3 3 3 3 1.639838e-10 0.000000e+00
392 393 4.134622e-03 5.205181e-03 3 3 3 3 2.968931e-11 0.000000e+00
392 394 4.134622e-03 6.552935e-03 3 3 3 3 1.689092e-11 0.000000e+00
392 395 4.134622e-03 8.249656e-03 3 3 3 3 1.062326e-11 0.000000e+00
393 385 5.205181e-03 8.249656e-04 3 3 3 3 1.049495e-12 0.000000e+00
393 386 5.205181e-03 1.038570e-03 3 3 3 3 1.664233e-12 0.000000e+00
393 387 5.205181e-03 1.307482e-03 3 3 3 3 2.640188e-12 0.000000e+00
393 388 5.205181e-03 1.646023e-03 3 3 3 3 4.191211e-12 0.000000e+00
393 389 5.205181e-03 2.072220e-03 3 3 3 3 6.663689e-12 0.000000e+00
393 390 5.205181e-03 2.608770e-03 3 3 3 3 1.063457e-11 0.000000e+00
393 391 5.205181e-03 3.284247e-03 3 3 3 3 1.717401e-11 0.000000e+00
393 392 5.205181e-03 4.134622e-03 3 3 3 3 2.968931e-11 0.000000e+00
393 393 5.205181e-03 5.205181e-03 3 3 3 3 1.180542e-10 0.000000e+00
393 394 5.205181e-03 6.552935e-03 3 3 3 3 2.832747e-11 0.000000e+00
393 395 5.205181e-03 8.249656e-03 3 3 3 3 1.687094e-11 0.000000e+00
394 385 6.552935e-03 8.249656e-04 3 3 3 3 6.642551e-13 0.000000e+00
394 386 6.552935e-03 1.038570e-03 3 3 3 3 1.052648e-12 0.000000e+00
394 387 6.552935e-03 1.307482e-03 3 3 3 3 1.668427e-12 0.000000e+00
394 388 6.552935e-03 1.646023e-03 3 3 3 3 2.644519e-12 0.000000e+00
394 389 6.552935e-03 2.072220e-03 3 3 3 3 4.192487e-12 0.000000e+00
394 390 6.552935e-03 2.608770e-03 3 3 3 3 6.649859e-12 0.000000e+00
394 391 6.552935e-03 3.284247e-03 3 3 3 3 1.056465e-11 0.000000e+00
394 392 6.552935e-03 4.134622e-03 3 3 3 3 1.689092e-11 0.000000e+00
394 393 6.552935e-03 5.205181e-03 3 3 3 3 2.832747e-11 0.000000e+00
394 394 6.552935e-03 6.552935e-03 3 3 3 3 8.855145e-11 0.000000e+00
394 395 6.552935e-03 8.249656e-03 3 3 3 3 2.762535e-11 0.000000e+00
395 385 8.249656e-03 8.249656e-04 3 3 3 3 4.238681e-13 0.000000e+00
395 386 8.249656e-03 1.038570e-03 3 3 3 3 6.718162e-13 0.000000e+00
395 387 8.249656e-03 1.307482e-03 3 3 3 3 1.064531e-12 0.000000e+00
395 388 8.249656e-03 1.646023e-03 3 3 3 3 1.686882e-12 0.000000e+00
395 389 8.249656e-03 2.072220e-03 3 3 3 3 2.672563e-12 0.000000e+00
395 390 8.249656e-03 2.608770e-03 3 3 3 3 4.233699e-12 0.000000e+00
395 391 8.249656e-03 3.284247e-03 3 3 3 3 6.705797e-12 0.000000e+00
395 392 8.249656e-03 4.134622e-03 3 3 3 3 1.062326e-11 0.000000e+00
395 393 8.249656e-03 5.205181e-03 3 3 3 3 1.687094e-11 0.000000e+00
395 394 8.249656e-03 6.552935e-03 3 3 3 3 2.762535e-11 0.000000e+00
395 395 8.249656e-03 8.249656e-03 3 3 3 3 6.969874e-11 0.000000e+00
