# Please cite the following papers in research using this covariance:
# arXiv: 1601.05779, https://arxiv.org/abs/1601.05779
# arXiv: 1911.11947, https://arxiv.org/abs/1911.11947
# arXiv: 2004.04833, https://arxiv.org/abs/2004.04833
# arXiv: 1804.10663, https://arxiv.org/abs/1804.10663
########################################################
253 440 8.249656e-04 8.249656e-04 0 3 5 0 1.668386e-13 0.000000e+00
253 441 8.249656e-04 1.038570e-03 0 3 5 0 1.692123e-13 0.000000e+00
253 442 8.249656e-04 1.307482e-03 0 3 5 0 1.456835e-13 0.000000e+00
253 443 8.249656e-04 1.646023e-03 0 3 5 0 1.140942e-13 0.000000e+00
253 444 8.249656e-04 2.072220e-03 0 3 5 0 8.428538e-14 0.000000e+00
253 445 8.249656e-04 2.608770e-03 0 3 5 0 6.010731e-14 0.000000e+00
253 446 8.249656e-04 3.284247e-03 0 3 5 0 4.215193e-14 0.000000e+00
253 447 8.249656e-04 4.134622e-03 0 3 5 0 2.951648e-14 0.000000e+00
253 448 8.249656e-04 5.205181e-03 0 3 5 0 2.086379e-14 0.000000e+00
253 449 8.249656e-04 6.552935e-03 0 3 5 0 1.497210e-14 0.000000e+00
253 450 8.249656e-04 8.249656e-03 0 3 5 0 1.091389e-14 0.000000e+00
254 440 1.038570e-03 8.249656e-04 0 3 5 0 1.692123e-13 0.000000e+00
254 441 1.038570e-03 1.038570e-03 0 3 5 0 2.099804e-13 0.000000e+00
254 442 1.038570e-03 1.307482e-03 0 3 5 0 2.074709e-13 0.000000e+00
254 443 1.038570e-03 1.646023e-03 0 3 5 0 1.723286e-13 0.000000e+00
254 444 1.038570e-03 2.072220e-03 0 3 5 0 1.306518e-13 0.000000e+00
254 445 1.038570e-03 2.608770e-03 0 3 5 0 9.427503e-14 0.000000e+00
254 446 1.038570e-03 3.284247e-03 0 3 5 0 6.645813e-14 0.000000e+00
254 447 1.038570e-03 4.134622e-03 0 3 5 0 4.664101e-14 0.000000e+00
254 448 1.038570e-03 5.205181e-03 0 3 5 0 3.300227e-14 0.000000e+00
254 449 1.038570e-03 6.552935e-03 0 3 5 0 2.369631e-14 0.000000e+00
254 450 1.038570e-03 8.249656e-03 0 3 5 0 1.727999e-14 0.000000e+00
255 440 1.307482e-03 8.249656e-04 0 3 5 0 1.456835e-13 0.000000e+00
255 441 1.307482e-03 1.038570e-03 0 3 5 0 2.074709e-13 0.000000e+00
255 442 1.307482e-03 1.307482e-03 0 3 5 0 2.568025e-13 0.000000e+00
255 443 1.307482e-03 1.646023e-03 0 3 5 0 2.472843e-13 0.000000e+00
255 444 1.307482e-03 2.072220e-03 0 3 5 0 1.986052e-13 0.000000e+00
255 445 1.307482e-03 2.608770e-03 0 3 5 0 1.466852e-13 0.000000e+00
255 446 1.307482e-03 3.284247e-03 0 3 5 0 1.044045e-13 0.000000e+00
255 447 1.307482e-03 4.134622e-03 0 3 5 0 7.356180e-14 0.000000e+00
255 448 1.307482e-03 5.205181e-03 0 3 5 0 5.214120e-14 0.000000e+00
255 449 1.307482e-03 6.552935e-03 0 3 5 0 3.747329e-14 0.000000e+00
255 450 1.307482e-03 8.249656e-03 0 3 5 0 2.734335e-14 0.000000e+00
256 440 1.646023e-03 8.249656e-04 0 3 5 0 1.140942e-13 0.000000e+00
256 441 1.646023e-03 1.038570e-03 0 3 5 0 1.723286e-13 0.000000e+00
256 442 1.646023e-03 1.307482e-03 0 3 5 0 2.472843e-13 0.000000e+00
256 443 1.646023e-03 1.646023e-03 0 3 5 0 3.060722e-13 0.000000e+00
256 444 1.646023e-03 2.072220e-03 0 3 5 0 2.876580e-13 0.000000e+00
256 445 1.646023e-03 2.608770e-03 0 3 5 0 2.244055e-13 0.000000e+00
256 446 1.646023e-03 3.284247e-03 0 3 5 0 1.629149e-13 0.000000e+00
256 447 1.646023e-03 4.134622e-03 0 3 5 0 1.156454e-13 0.000000e+00
256 448 1.646023e-03 5.205181e-03 0 3 5 0 8.221987e-14 0.000000e+00
256 449 1.646023e-03 6.552935e-03 0 3 5 0 5.918167e-14 0.000000e+00
256 450 1.646023e-03 8.249656e-03 0 3 5 0 4.322635e-14 0.000000e+00
257 440 2.072220e-03 8.249656e-04 0 3 5 0 8.428538e-14 0.000000e+00
257 441 2.072220e-03 1.038570e-03 0 3 5 0 1.306518e-13 0.000000e+00
257 442 2.072220e-03 1.307482e-03 0 3 5 0 1.986052e-13 0.000000e+00
257 443 2.072220e-03 1.646023e-03 0 3 5 0 2.876580e-13 0.000000e+00
257 444 2.072220e-03 2.072220e-03 0 3 5 0 3.570029e-13 0.000000e+00
257 445 2.072220e-03 2.608770e-03 0 3 5 0 3.283819e-13 0.000000e+00
257 446 2.072220e-03 3.284247e-03 0 3 5 0 2.505789e-13 0.000000e+00
257 447 2.072220e-03 4.134622e-03 0 3 5 0 1.807255e-13 0.000000e+00
257 448 2.072220e-03 5.205181e-03 0 3 5 0 1.292285e-13 0.000000e+00
257 449 2.072220e-03 6.552935e-03 0 3 5 0 9.326487e-14 0.000000e+00
257 450 2.072220e-03 8.249656e-03 0 3 5 0 6.823189e-14 0.000000e+00
258 440 2.608770e-03 8.249656e-04 0 3 5 0 6.010731e-14 0.000000e+00
258 441 2.608770e-03 1.038570e-03 0 3 5 0 9.427503e-14 0.000000e+00
258 442 2.608770e-03 1.307482e-03 0 3 5 0 1.466852e-13 0.000000e+00
258 443 2.608770e-03 1.646023e-03 0 3 5 0 2.244055e-13 0.000000e+00
258 444 2.608770e-03 2.072220e-03 0 3 5 0 3.283819e-13 0.000000e+00
258 445 2.608770e-03 2.608770e-03 0 3 5 0 4.096842e-13 0.000000e+00
258 446 2.608770e-03 3.284247e-03 0 3 5 0 3.703427e-13 0.000000e+00
258 447 2.608770e-03 4.134622e-03 0 3 5 0 2.789311e-13 0.000000e+00
258 448 2.608770e-03 5.205181e-03 0 3 5 0 2.019486e-13 0.000000e+00
258 449 2.608770e-03 6.552935e-03 0 3 5 0 1.464546e-13 0.000000e+00
258 450 2.608770e-03 8.249656e-03 0 3 5 0 1.074384e-13 0.000000e+00
259 440 3.284247e-03 8.249656e-04 0 3 5 0 4.215193e-14 0.000000e+00
259 441 3.284247e-03 1.038570e-03 0 3 5 0 6.645813e-14 0.000000e+00
259 442 3.284247e-03 1.307482e-03 0 3 5 0 1.044045e-13 0.000000e+00
259 443 3.284247e-03 1.646023e-03 0 3 5 0 1.629149e-13 0.000000e+00
259 444 3.284247e-03 2.072220e-03 0 3 5 0 2.505789e-13 0.000000e+00
259 445 3.284247e-03 2.608770e-03 0 3 5 0 3.703427e-13 0.000000e+00
259 446 3.284247e-03 3.284247e-03 0 3 5 0 4.653321e-13 0.000000e+00
259 447 3.284247e-03 4.134622e-03 0 3 5 0 4.155934e-13 0.000000e+00
259 448 3.284247e-03 5.205181e-03 0 3 5 0 3.120049e-13 0.000000e+00
259 449 3.284247e-03 6.552935e-03 0 3 5 0 2.285796e-13 0.000000e+00
259 450 3.284247e-03 8.249656e-03 0 3 5 0 1.684923e-13 0.000000e+00
260 440 4.134622e-03 8.249656e-04 0 3 5 0 2.951648e-14 0.000000e+00
260 441 4.134622e-03 1.038570e-03 0 3 5 0 4.664101e-14 0.000000e+00
260 442 4.134622e-03 1.307482e-03 0 3 5 0 7.356180e-14 0.000000e+00
260 443 4.134622e-03 1.646023e-03 0 3 5 0 1.156454e-13 0.000000e+00
260 444 4.134622e-03 2.072220e-03 0 3 5 0 1.807255e-13 0.000000e+00
260 445 4.134622e-03 2.608770e-03 0 3 5 0 2.789311e-13 0.000000e+00
260 446 4.134622e-03 3.284247e-03 0 3 5 0 4.155934e-13 0.000000e+00
260 447 4.134622e-03 4.134622e-03 0 3 5 0 5.263231e-13 0.000000e+00
260 448 4.134622e-03 5.205181e-03 0 3 5 0 4.671965e-13 0.000000e+00
260 449 4.134622e-03 6.552935e-03 0 3 5 0 3.527083e-13 0.000000e+00
260 450 4.134622e-03 8.249656e-03 0 3 5 0 2.624471e-13 0.000000e+00
261 440 5.205181e-03 8.249656e-04 0 3 5 0 2.086379e-14 0.000000e+00
261 441 5.205181e-03 1.038570e-03 0 3 5 0 3.300227e-14 0.000000e+00
261 442 5.205181e-03 1.307482e-03 0 3 5 0 5.214120e-14 0.000000e+00
261 443 5.205181e-03 1.646023e-03 0 3 5 0 8.221987e-14 0.000000e+00
261 444 5.205181e-03 2.072220e-03 0 3 5 0 1.292285e-13 0.000000e+00
261 445 5.205181e-03 2.608770e-03 0 3 5 0 2.019486e-13 0.000000e+00
261 446 5.205181e-03 3.284247e-03 0 3 5 0 3.120049e-13 0.000000e+00
261 447 5.205181e-03 4.134622e-03 0 3 5 0 4.671965e-13 0.000000e+00
261 448 5.205181e-03 5.205181e-03 0 3 5 0 5.960211e-13 0.000000e+00
261 449 5.205181e-03 6.552935e-03 0 3 5 0 5.288416e-13 0.000000e+00
261 450 5.205181e-03 8.249656e-03 0 3 5 0 4.038155e-13 0.000000e+00
262 440 6.552935e-03 8.249656e-04 0 3 5 0 1.497210e-14 0.000000e+00
262 441 6.552935e-03 1.038570e-03 0 3 5 0 2.369631e-14 0.000000e+00
262 442 6.552935e-03 1.307482e-03 0 3 5 0 3.747329e-14 0.000000e+00
262 443 6.552935e-03 1.646023e-03 0 3 5 0 5.918167e-14 0.000000e+00
262 444 6.552935e-03 2.072220e-03 0 3 5 0 9.326487e-14 0.000000e+00
262 445 6.552935e-03 2.608770e-03 0 3 5 0 1.464546e-13 0.000000e+00
262 446 6.552935e-03 3.284247e-03 0 3 5 0 2.285796e-13 0.000000e+00
262 447 6.552935e-03 4.134622e-03 0 3 5 0 3.527083e-13 0.000000e+00
262 448 6.552935e-03 5.205181e-03 0 3 5 0 5.288416e-13 0.000000e+00
262 449 6.552935e-03 6.552935e-03 0 3 5 0 6.783665e-13 0.000000e+00
262 450 6.552935e-03 8.249656e-03 0 3 5 0 6.042297e-13 0.000000e+00
263 440 8.249656e-03 8.249656e-04 0 3 5 0 1.091389e-14 0.000000e+00
263 441 8.249656e-03 1.038570e-03 0 3 5 0 1.727999e-14 0.000000e+00
263 442 8.249656e-03 1.307482e-03 0 3 5 0 2.734335e-14 0.000000e+00
263 443 8.249656e-03 1.646023e-03 0 3 5 0 4.322635e-14 0.000000e+00
263 444 8.249656e-03 2.072220e-03 0 3 5 0 6.823189e-14 0.000000e+00
263 445 8.249656e-03 2.608770e-03 0 3 5 0 1.074384e-13 0.000000e+00
263 446 8.249656e-03 3.284247e-03 0 3 5 0 1.684923e-13 0.000000e+00
263 447 8.249656e-03 4.134622e-03 0 3 5 0 2.624471e-13 0.000000e+00
263 448 8.249656e-03 5.205181e-03 0 3 5 0 4.038155e-13 0.000000e+00
263 449 8.249656e-03 6.552935e-03 0 3 5 0 6.042297e-13 0.000000e+00
263 450 8.249656e-03 8.249656e-03 0 3 5 0 7.771698e-13 0.000000e+00
