# Please cite the following papers in research using this covariance:
# arXiv: 1601.05779, https://arxiv.org/abs/1601.05779
# arXiv: 1911.11947, https://arxiv.org/abs/1911.11947
# arXiv: 2004.04833, https://arxiv.org/abs/2004.04833
# arXiv: 1804.10663, https://arxiv.org/abs/1804.10663
########################################################
451 451 8.249656e-04 8.249656e-04 5 1 5 1 2.662113e-09 0.000000e+00
451 452 8.249656e-04 1.038570e-03 5 1 5 1 3.770129e-11 0.000000e+00
451 453 8.249656e-04 1.307482e-03 5 1 5 1 1.633405e-11 0.000000e+00
451 454 8.249656e-04 1.646023e-03 5 1 5 1 8.090446e-12 0.000000e+00
451 455 8.249656e-04 2.072220e-03 5 1 5 1 4.372101e-12 0.000000e+00
451 456 8.249656e-04 2.608770e-03 5 1 5 1 2.493164e-12 0.000000e+00
451 457 8.249656e-04 3.284247e-03 5 1 5 1 1.465748e-12 0.000000e+00
451 458 8.249656e-04 4.134622e-03 5 1 5 1 8.739396e-13 0.000000e+00
451 459 8.249656e-04 5.205181e-03 5 1 5 1 5.215356e-13 0.000000e+00
451 460 8.249656e-04 6.552935e-03 5 1 5 1 3.087245e-13 0.000000e+00
451 461 8.249656e-04 8.249656e-03 5 1 5 1 1.797586e-13 0.000000e+00
452 451 1.038570e-03 8.249656e-04 5 1 5 1 3.770129e-11 0.000000e+00
452 452 1.038570e-03 1.038570e-03 5 1 5 1 1.703910e-09 0.000000e+00
452 453 1.038570e-03 1.307482e-03 5 1 5 1 3.140080e-11 0.000000e+00
452 454 1.038570e-03 1.646023e-03 5 1 5 1 1.380179e-11 0.000000e+00
452 455 1.038570e-03 2.072220e-03 5 1 5 1 7.129564e-12 0.000000e+00
452 456 1.038570e-03 2.608770e-03 5 1 5 1 3.995783e-12 0.000000e+00
452 457 1.038570e-03 3.284247e-03 5 1 5 1 2.333715e-12 0.000000e+00
452 458 1.038570e-03 4.134622e-03 5 1 5 1 1.387752e-12 0.000000e+00
452 459 1.038570e-03 5.205181e-03 5 1 5 1 8.275814e-13 0.000000e+00
452 460 1.038570e-03 6.552935e-03 5 1 5 1 4.896360e-13 0.000000e+00
452 461 1.038570e-03 8.249656e-03 5 1 5 1 2.851354e-13 0.000000e+00
453 451 1.307482e-03 8.249656e-04 5 1 5 1 1.633405e-11 0.000000e+00
453 452 1.307482e-03 1.038570e-03 5 1 5 1 3.140080e-11 0.000000e+00
453 453 1.307482e-03 1.307482e-03 5 1 5 1 1.092942e-09 0.000000e+00
453 454 1.307482e-03 1.646023e-03 5 1 5 1 2.639764e-11 0.000000e+00
453 455 1.307482e-03 2.072220e-03 5 1 5 1 1.199801e-11 0.000000e+00
453 456 1.307482e-03 2.608770e-03 5 1 5 1 6.467716e-12 0.000000e+00
453 457 1.307482e-03 3.284247e-03 5 1 5 1 3.728573e-12 0.000000e+00
453 458 1.307482e-03 4.134622e-03 5 1 5 1 2.207176e-12 0.000000e+00
453 459 1.307482e-03 5.205181e-03 5 1 5 1 1.314200e-12 0.000000e+00
453 460 1.307482e-03 6.552935e-03 5 1 5 1 7.770558e-13 0.000000e+00
453 461 1.307482e-03 8.249656e-03 5 1 5 1 4.523604e-13 0.000000e+00
454 451 1.646023e-03 8.249656e-04 5 1 5 1 8.090446e-12 0.000000e+00
454 452 1.646023e-03 1.038570e-03 5 1 5 1 1.380179e-11 0.000000e+00
454 453 1.646023e-03 1.307482e-03 5 1 5 1 2.639764e-11 0.000000e+00
454 454 1.646023e-03 1.646023e-03 5 1 5 1 7.043338e-10 0.000000e+00
454 455 1.646023e-03 2.072220e-03 5 1 5 1 2.255759e-11 0.000000e+00
454 456 1.646023e-03 2.608770e-03 5 1 5 1 1.073338e-11 0.000000e+00
454 457 1.646023e-03 3.284247e-03 5 1 5 1 6.000320e-12 0.000000e+00
454 458 1.646023e-03 4.134622e-03 5 1 5 1 3.519621e-12 0.000000e+00
454 459 1.646023e-03 5.205181e-03 5 1 5 1 2.089388e-12 0.000000e+00
454 460 1.646023e-03 6.552935e-03 5 1 5 1 1.234152e-12 0.000000e+00
454 461 1.646023e-03 8.249656e-03 5 1 5 1 7.182098e-13 0.000000e+00
455 451 2.072220e-03 8.249656e-04 5 1 5 1 4.372101e-12 0.000000e+00
455 452 2.072220e-03 1.038570e-03 5 1 5 1 7.129564e-12 0.000000e+00
455 453 2.072220e-03 1.307482e-03 5 1 5 1 1.199801e-11 0.000000e+00
455 454 2.072220e-03 1.646023e-03 5 1 5 1 2.255759e-11 0.000000e+00
455 455 2.072220e-03 2.072220e-03 5 1 5 1 4.563735e-10 0.000000e+00
455 456 2.072220e-03 2.608770e-03 5 1 5 1 1.968286e-11 0.000000e+00
455 457 2.072220e-03 3.284247e-03 5 1 5 1 9.838905e-12 0.000000e+00
455 458 2.072220e-03 4.134622e-03 5 1 5 1 5.642425e-12 0.000000e+00
455 459 2.072220e-03 5.205181e-03 5 1 5 1 3.329156e-12 0.000000e+00
455 460 2.072220e-03 6.552935e-03 5 1 5 1 1.962731e-12 0.000000e+00
455 461 2.072220e-03 8.249656e-03 5 1 5 1 1.141353e-12 0.000000e+00
456 451 2.608770e-03 8.249656e-04 5 1 5 1 2.493164e-12 0.000000e+00
456 452 2.608770e-03 1.038570e-03 5 1 5 1 3.995783e-12 0.000000e+00
456 453 2.608770e-03 1.307482e-03 5 1 5 1 6.467716e-12 0.000000e+00
456 454 2.608770e-03 1.646023e-03 5 1 5 1 1.073338e-11 0.000000e+00
456 455 2.608770e-03 2.072220e-03 5 1 5 1 1.968286e-11 0.000000e+00
456 456 2.608770e-03 2.608770e-03 5 1 5 1 2.979318e-10 0.000000e+00
456 457 2.608770e-03 3.284247e-03 5 1 5 1 1.755181e-11 0.000000e+00
456 458 2.608770e-03 4.134622e-03 5 1 5 1 9.170953e-12 0.000000e+00
456 459 2.608770e-03 5.205181e-03 5 1 5 1 5.327351e-12 0.000000e+00
456 460 2.608770e-03 6.552935e-03 5 1 5 1 3.128339e-12 0.000000e+00
456 461 2.608770e-03 8.249656e-03 5 1 5 1 1.816814e-12 0.000000e+00
457 451 3.284247e-03 8.249656e-04 5 1 5 1 1.465748e-12 0.000000e+00
457 452 3.284247e-03 1.038570e-03 5 1 5 1 2.333715e-12 0.000000e+00
457 453 3.284247e-03 1.307482e-03 5 1 5 1 3.728573e-12 0.000000e+00
457 454 3.284247e-03 1.646023e-03 5 1 5 1 6.000320e-12 0.000000e+00
457 455 3.284247e-03 2.072220e-03 5 1 5 1 9.838905e-12 0.000000e+00
457 456 3.284247e-03 2.608770e-03 5 1 5 1 1.755181e-11 0.000000e+00
457 457 3.284247e-03 3.284247e-03 5 1 5 1 1.966308e-10 0.000000e+00
457 458 3.284247e-03 4.134622e-03 5 1 5 1 1.594908e-11 0.000000e+00
457 459 3.284247e-03 5.205181e-03 5 1 5 1 8.614504e-12 0.000000e+00
457 460 3.284247e-03 6.552935e-03 5 1 5 1 5.006415e-12 0.000000e+00
457 461 3.284247e-03 8.249656e-03 5 1 5 1 2.899744e-12 0.000000e+00
458 451 4.134622e-03 8.249656e-04 5 1 5 1 8.739396e-13 0.000000e+00
458 452 4.134622e-03 1.038570e-03 5 1 5 1 1.387752e-12 0.000000e+00
458 453 4.134622e-03 1.307482e-03 5 1 5 1 2.207176e-12 0.000000e+00
458 454 4.134622e-03 1.646023e-03 5 1 5 1 3.519621e-12 0.000000e+00
458 455 4.134622e-03 2.072220e-03 5 1 5 1 5.642425e-12 0.000000e+00
458 456 4.134622e-03 2.608770e-03 5 1 5 1 9.170953e-12 0.000000e+00
458 457 4.134622e-03 3.284247e-03 5 1 5 1 1.594908e-11 0.000000e+00
458 458 4.134622e-03 4.134622e-03 5 1 5 1 1.319088e-10 0.000000e+00
458 459 4.134622e-03 5.205181e-03 5 1 5 1 1.468376e-11 0.000000e+00
458 460 4.134622e-03 6.552935e-03 5 1 5 1 8.083226e-12 0.000000e+00
458 461 4.134622e-03 8.249656e-03 5 1 5 1 4.649298e-12 0.000000e+00
459 451 5.205181e-03 8.249656e-04 5 1 5 1 5.215356e-13 0.000000e+00
459 452 5.205181e-03 1.038570e-03 5 1 5 1 8.275814e-13 0.000000e+00
459 453 5.205181e-03 1.307482e-03 5 1 5 1 1.314200e-12 0.000000e+00
459 454 5.205181e-03 1.646023e-03 5 1 5 1 2.089388e-12 0.000000e+00
459 455 5.205181e-03 2.072220e-03 5 1 5 1 3.329156e-12 0.000000e+00
459 456 5.205181e-03 2.608770e-03 5 1 5 1 5.327351e-12 0.000000e+00
459 457 5.205181e-03 3.284247e-03 5 1 5 1 8.614504e-12 0.000000e+00
459 458 5.205181e-03 4.134622e-03 5 1 5 1 1.468376e-11 0.000000e+00
459 459 5.205181e-03 5.205181e-03 5 1 5 1 9.032220e-11 0.000000e+00
459 460 5.205181e-03 6.552935e-03 5 1 5 1 1.359981e-11 0.000000e+00
459 461 5.205181e-03 8.249656e-03 5 1 5 1 7.520397e-12 0.000000e+00
460 451 6.552935e-03 8.249656e-04 5 1 5 1 3.087245e-13 0.000000e+00
460 452 6.552935e-03 1.038570e-03 5 1 5 1 4.896360e-13 0.000000e+00
460 453 6.552935e-03 1.307482e-03 5 1 5 1 7.770558e-13 0.000000e+00
460 454 6.552935e-03 1.646023e-03 5 1 5 1 1.234152e-12 0.000000e+00
460 455 6.552935e-03 2.072220e-03 5 1 5 1 1.962731e-12 0.000000e+00
460 456 6.552935e-03 2.608770e-03 5 1 5 1 3.128339e-12 0.000000e+00
460 457 6.552935e-03 3.284247e-03 5 1 5 1 5.006415e-12 0.000000e+00
460 458 6.552935e-03 4.134622e-03 5 1 5 1 8.083226e-12 0.000000e+00
460 459 6.552935e-03 5.205181e-03 5 1 5 1 1.359981e-11 0.000000e+00
460 460 6.552935e-03 6.552935e-03 5 1 5 1 6.342615e-11 0.000000e+00
460 461 6.552935e-03 8.249656e-03 5 1 5 1 1.258199e-11 0.000000e+00
461 451 8.249656e-03 8.249656e-04 5 1 5 1 1.797586e-13 0.000000e+00
461 452 8.249656e-03 1.038570e-03 5 1 5 1 2.851354e-13 0.000000e+00
461 453 8.249656e-03 1.307482e-03 5 1 5 1 4.523604e-13 0.000000e+00
461 454 8.249656e-03 1.646023e-03 5 1 5 1 7.182098e-13 0.000000e+00
461 455 8.249656e-03 2.072220e-03 5 1 5 1 1.141353e-12 0.000000e+00
461 456 8.249656e-03 2.608770e-03 5 1 5 1 1.816814e-12 0.000000e+00
461 457 8.249656e-03 3.284247e-03 5 1 5 1 2.899744e-12 0.000000e+00
461 458 8.249656e-03 4.134622e-03 5 1 5 1 4.649298e-12 0.000000e+00
461 459 8.249656e-03 5.205181e-03 5 1 5 1 7.520397e-12 0.000000e+00
461 460 8.249656e-03 6.552935e-03 5 1 5 1 1.258199e-11 0.000000e+00
461 461 8.249656e-03 8.249656e-03 5 1 5 1 4.587309e-11 0.000000e+00
