# Please cite the following papers in research using this covariance:
# arXiv: 1601.05779, https://arxiv.org/abs/1601.05779
# arXiv: 1911.11947, https://arxiv.org/abs/1911.11947
# arXiv: 2004.04833, https://arxiv.org/abs/2004.04833
# arXiv: 1804.10663, https://arxiv.org/abs/1804.10663
########################################################
275 297 8.249656e-04 8.249656e-04 1 1 1 3 9.439698e-12 0.000000e+00
275 298 8.249656e-04 1.038570e-03 1 1 1 3 7.128344e-12 0.000000e+00
275 299 8.249656e-04 1.307482e-03 1 1 1 3 4.399269e-12 0.000000e+00
275 300 8.249656e-04 1.646023e-03 1 1 1 3 2.633213e-12 0.000000e+00
275 301 8.249656e-04 2.072220e-03 1 1 1 3 1.548729e-12 0.000000e+00
275 302 8.249656e-04 2.608770e-03 1 1 1 3 9.061378e-13 0.000000e+00
275 303 8.249656e-04 3.284247e-03 1 1 1 3 5.362783e-13 0.000000e+00
275 304 8.249656e-04 4.134622e-03 1 1 1 3 3.272937e-13 0.000000e+00
275 305 8.249656e-04 5.205181e-03 1 1 1 3 2.093852e-13 0.000000e+00
275 306 8.249656e-04 6.552935e-03 1 1 1 3 1.414683e-13 0.000000e+00
275 307 8.249656e-04 8.249656e-03 1 1 1 3 1.004326e-13 0.000000e+00
276 297 1.038570e-03 8.249656e-04 1 1 1 3 7.128344e-12 0.000000e+00
276 298 1.038570e-03 1.038570e-03 1 1 1 3 9.407786e-12 0.000000e+00
276 299 1.038570e-03 1.307482e-03 1 1 1 3 6.984740e-12 0.000000e+00
276 300 1.038570e-03 1.646023e-03 1 1 1 3 4.217015e-12 0.000000e+00
276 301 1.038570e-03 2.072220e-03 1 1 1 3 2.480464e-12 0.000000e+00
276 302 1.038570e-03 2.608770e-03 1 1 1 3 1.447758e-12 0.000000e+00
276 303 1.038570e-03 3.284247e-03 1 1 1 3 8.541943e-13 0.000000e+00
276 304 1.038570e-03 4.134622e-03 1 1 1 3 5.199267e-13 0.000000e+00
276 305 1.038570e-03 5.205181e-03 1 1 1 3 3.320313e-13 0.000000e+00
276 306 1.038570e-03 6.552935e-03 1 1 1 3 2.241154e-13 0.000000e+00
276 307 1.038570e-03 8.249656e-03 1 1 1 3 1.590640e-13 0.000000e+00
277 297 1.307482e-03 8.249656e-04 1 1 1 3 4.399269e-12 0.000000e+00
277 298 1.307482e-03 1.038570e-03 1 1 1 3 6.984740e-12 0.000000e+00
277 299 1.307482e-03 1.307482e-03 1 1 1 3 9.270461e-12 0.000000e+00
277 300 1.307482e-03 1.646023e-03 1 1 1 3 6.759894e-12 0.000000e+00
277 301 1.307482e-03 2.072220e-03 1 1 1 3 3.995747e-12 0.000000e+00
277 302 1.307482e-03 2.608770e-03 1 1 1 3 2.324816e-12 0.000000e+00
277 303 1.307482e-03 3.284247e-03 1 1 1 3 1.365006e-12 0.000000e+00
277 304 1.307482e-03 4.134622e-03 1 1 1 3 8.272130e-13 0.000000e+00
277 305 1.307482e-03 5.205181e-03 1 1 1 3 5.267075e-13 0.000000e+00
277 306 1.307482e-03 6.552935e-03 1 1 1 3 3.549861e-13 0.000000e+00
277 307 1.307482e-03 8.249656e-03 1 1 1 3 2.518393e-13 0.000000e+00
278 297 1.646023e-03 8.249656e-04 1 1 1 3 2.633213e-12 0.000000e+00
278 298 1.646023e-03 1.038570e-03 1 1 1 3 4.217015e-12 0.000000e+00
278 299 1.646023e-03 1.307482e-03 1 1 1 3 6.759894e-12 0.000000e+00
278 300 1.646023e-03 1.646023e-03 1 1 1 3 9.038625e-12 0.000000e+00
278 301 1.646023e-03 2.072220e-03 1 1 1 3 6.474463e-12 0.000000e+00
278 302 1.646023e-03 2.608770e-03 1 1 1 3 3.764145e-12 0.000000e+00
278 303 1.646023e-03 3.284247e-03 1 1 1 3 2.193598e-12 0.000000e+00
278 304 1.646023e-03 4.134622e-03 1 1 1 3 1.319727e-12 0.000000e+00
278 305 1.646023e-03 5.205181e-03 1 1 1 3 8.361392e-13 0.000000e+00
278 306 1.646023e-03 6.552935e-03 1 1 1 3 5.620990e-13 0.000000e+00
278 307 1.646023e-03 8.249656e-03 1 1 1 3 3.984639e-13 0.000000e+00
279 297 2.072220e-03 8.249656e-04 1 1 1 3 1.548729e-12 0.000000e+00
279 298 2.072220e-03 1.038570e-03 1 1 1 3 2.480464e-12 0.000000e+00
279 299 2.072220e-03 1.307482e-03 1 1 1 3 3.995747e-12 0.000000e+00
279 300 2.072220e-03 1.646023e-03 1 1 1 3 6.474463e-12 0.000000e+00
279 301 2.072220e-03 2.072220e-03 1 1 1 3 8.737686e-12 0.000000e+00
279 302 2.072220e-03 2.608770e-03 1 1 1 3 6.164311e-12 0.000000e+00
279 303 2.072220e-03 3.284247e-03 1 1 1 3 3.560766e-12 0.000000e+00
279 304 2.072220e-03 4.134622e-03 1 1 1 3 2.116324e-12 0.000000e+00
279 305 2.072220e-03 5.205181e-03 1 1 1 3 1.329349e-12 0.000000e+00
279 306 2.072220e-03 6.552935e-03 1 1 1 3 8.897547e-13 0.000000e+00
279 307 2.072220e-03 8.249656e-03 1 1 1 3 6.298743e-13 0.000000e+00
280 297 2.608770e-03 8.249656e-04 1 1 1 3 9.061378e-13 0.000000e+00
280 298 2.608770e-03 1.038570e-03 1 1 1 3 1.447758e-12 0.000000e+00
280 299 2.608770e-03 1.307482e-03 1 1 1 3 2.324816e-12 0.000000e+00
280 300 2.608770e-03 1.646023e-03 1 1 1 3 3.764145e-12 0.000000e+00
280 301 2.608770e-03 2.072220e-03 1 1 1 3 6.164311e-12 0.000000e+00
280 302 2.608770e-03 2.608770e-03 1 1 1 3 8.409396e-12 0.000000e+00
280 303 2.608770e-03 3.284247e-03 1 1 1 3 5.878226e-12 0.000000e+00
280 304 2.608770e-03 4.134622e-03 1 1 1 3 3.428872e-12 0.000000e+00
280 305 2.608770e-03 5.205181e-03 1 1 1 3 2.120628e-12 0.000000e+00
280 306 2.608770e-03 6.552935e-03 1 1 1 3 1.408078e-12 0.000000e+00
280 307 2.608770e-03 8.249656e-03 1 1 1 3 9.942346e-13 0.000000e+00
281 297 3.284247e-03 8.249656e-04 1 1 1 3 5.362783e-13 0.000000e+00
281 298 3.284247e-03 1.038570e-03 1 1 1 3 8.541943e-13 0.000000e+00
281 299 3.284247e-03 1.307482e-03 1 1 1 3 1.365006e-12 0.000000e+00
281 300 3.284247e-03 1.646023e-03 1 1 1 3 2.193598e-12 0.000000e+00
281 301 3.284247e-03 2.072220e-03 1 1 1 3 3.560766e-12 0.000000e+00
281 302 3.284247e-03 2.608770e-03 1 1 1 3 5.878226e-12 0.000000e+00
281 303 3.284247e-03 3.284247e-03 1 1 1 3 8.108654e-12 0.000000e+00
281 304 3.284247e-03 4.134622e-03 1 1 1 3 5.673095e-12 0.000000e+00
281 305 3.284247e-03 5.205181e-03 1 1 1 3 3.411131e-12 0.000000e+00
281 306 3.284247e-03 6.552935e-03 1 1 1 3 2.229637e-12 0.000000e+00
281 307 3.284247e-03 8.249656e-03 1 1 1 3 1.566119e-12 0.000000e+00
282 297 4.134622e-03 8.249656e-04 1 1 1 3 3.272937e-13 0.000000e+00
282 298 4.134622e-03 1.038570e-03 1 1 1 3 5.199267e-13 0.000000e+00
282 299 4.134622e-03 1.307482e-03 1 1 1 3 8.272130e-13 0.000000e+00
282 300 4.134622e-03 1.646023e-03 1 1 1 3 1.319727e-12 0.000000e+00
282 301 4.134622e-03 2.072220e-03 1 1 1 3 2.116324e-12 0.000000e+00
282 302 4.134622e-03 2.608770e-03 1 1 1 3 3.428872e-12 0.000000e+00
282 303 4.134622e-03 3.284247e-03 1 1 1 3 5.673095e-12 0.000000e+00
282 304 4.134622e-03 4.134622e-03 1 1 1 3 7.898933e-12 0.000000e+00
282 305 4.134622e-03 5.205181e-03 1 1 1 3 5.608291e-12 0.000000e+00
282 306 4.134622e-03 6.552935e-03 1 1 1 3 3.545030e-12 0.000000e+00
282 307 4.134622e-03 8.249656e-03 1 1 1 3 2.460535e-12 0.000000e+00
283 297 5.205181e-03 8.249656e-04 1 1 1 3 2.093852e-13 0.000000e+00
283 298 5.205181e-03 1.038570e-03 1 1 1 3 3.320313e-13 0.000000e+00
283 299 5.205181e-03 1.307482e-03 1 1 1 3 5.267075e-13 0.000000e+00
283 300 5.205181e-03 1.646023e-03 1 1 1 3 8.361392e-13 0.000000e+00
283 301 5.205181e-03 2.072220e-03 1 1 1 3 1.329349e-12 0.000000e+00
283 302 5.205181e-03 2.608770e-03 1 1 1 3 2.120628e-12 0.000000e+00
283 303 5.205181e-03 3.284247e-03 1 1 1 3 3.411131e-12 0.000000e+00
283 304 5.205181e-03 4.134622e-03 1 1 1 3 5.608291e-12 0.000000e+00
283 305 5.205181e-03 5.205181e-03 1 1 1 3 7.846820e-12 0.000000e+00
283 306 5.205181e-03 6.552935e-03 1 1 1 3 5.739932e-12 0.000000e+00
283 307 5.205181e-03 8.249656e-03 1 1 1 3 3.859952e-12 0.000000e+00
284 297 6.552935e-03 8.249656e-04 1 1 1 3 1.414683e-13 0.000000e+00
284 298 6.552935e-03 1.038570e-03 1 1 1 3 2.241154e-13 0.000000e+00
284 299 6.552935e-03 1.307482e-03 1 1 1 3 3.549861e-13 0.000000e+00
284 300 6.552935e-03 1.646023e-03 1 1 1 3 5.620990e-13 0.000000e+00
284 301 6.552935e-03 2.072220e-03 1 1 1 3 8.897547e-13 0.000000e+00
284 302 6.552935e-03 2.608770e-03 1 1 1 3 1.408078e-12 0.000000e+00
284 303 6.552935e-03 3.284247e-03 1 1 1 3 2.229637e-12 0.000000e+00
284 304 6.552935e-03 4.134622e-03 1 1 1 3 3.545030e-12 0.000000e+00
284 305 6.552935e-03 5.205181e-03 1 1 1 3 5.739932e-12 0.000000e+00
284 306 6.552935e-03 6.552935e-03 1 1 1 3 8.016792e-12 0.000000e+00
284 307 6.552935e-03 8.249656e-03 1 1 1 3 6.115664e-12 0.000000e+00
285 297 8.249656e-03 8.249656e-04 1 1 1 3 1.004326e-13 0.000000e+00
285 298 8.249656e-03 1.038570e-03 1 1 1 3 1.590640e-13 0.000000e+00
285 299 8.249656e-03 1.307482e-03 1 1 1 3 2.518393e-13 0.000000e+00
285 300 8.249656e-03 1.646023e-03 1 1 1 3 3.984639e-13 0.000000e+00
285 301 8.249656e-03 2.072220e-03 1 1 1 3 6.298743e-13 0.000000e+00
285 302 8.249656e-03 2.608770e-03 1 1 1 3 9.942346e-13 0.000000e+00
285 303 8.249656e-03 3.284247e-03 1 1 1 3 1.566119e-12 0.000000e+00
285 304 8.249656e-03 4.134622e-03 1 1 1 3 2.460535e-12 0.000000e+00
285 305 8.249656e-03 5.205181e-03 1 1 1 3 3.859952e-12 0.000000e+00
285 306 8.249656e-03 6.552935e-03 1 1 1 3 6.115664e-12 0.000000e+00
285 307 8.249656e-03 8.249656e-03 1 1 1 3 8.464853e-12 0.000000e+00
