# Please cite the following papers in research using this covariance:
# arXiv: 1601.05779, https://arxiv.org/abs/1601.05779
# arXiv: 1911.11947, https://arxiv.org/abs/1911.11947
# arXiv: 2004.04833, https://arxiv.org/abs/2004.04833
# arXiv: 1804.10663, https://arxiv.org/abs/1804.10663
########################################################
330 462 8.249656e-04 8.249656e-04 2 2 5 2 6.475413e-12 0.000000e+00
330 463 8.249656e-04 1.038570e-03 2 2 5 2 3.925045e-12 0.000000e+00
330 464 8.249656e-04 1.307482e-03 2 2 5 2 1.781360e-12 0.000000e+00
330 465 8.249656e-04 1.646023e-03 2 2 5 2 8.398742e-13 0.000000e+00
330 466 8.249656e-04 2.072220e-03 2 2 5 2 4.218614e-13 0.000000e+00
330 467 8.249656e-04 2.608770e-03 2 2 5 2 2.261518e-13 0.000000e+00
330 468 8.249656e-04 3.284247e-03 2 2 5 2 1.288509e-13 0.000000e+00
330 469 8.249656e-04 4.134622e-03 2 2 5 2 7.737575e-14 0.000000e+00
330 470 8.249656e-04 5.205181e-03 2 2 5 2 4.837738e-14 0.000000e+00
330 471 8.249656e-04 6.552935e-03 2 2 5 2 3.115573e-14 0.000000e+00
330 472 8.249656e-04 8.249656e-03 2 2 5 2 2.045100e-14 0.000000e+00
331 462 1.038570e-03 8.249656e-04 2 2 5 2 3.925045e-12 0.000000e+00
331 463 1.038570e-03 1.038570e-03 2 2 5 2 5.705888e-12 0.000000e+00
331 464 1.038570e-03 1.307482e-03 2 2 5 2 3.304838e-12 0.000000e+00
331 465 1.038570e-03 1.646023e-03 2 2 5 2 1.455225e-12 0.000000e+00
331 466 1.038570e-03 2.072220e-03 2 2 5 2 6.983868e-13 0.000000e+00
331 467 1.038570e-03 2.608770e-03 2 2 5 2 3.655096e-13 0.000000e+00
331 468 1.038570e-03 3.284247e-03 2 2 5 2 2.058297e-13 0.000000e+00
331 469 1.038570e-03 4.134622e-03 2 2 5 2 1.229374e-13 0.000000e+00
331 470 1.038570e-03 5.205181e-03 2 2 5 2 7.671550e-14 0.000000e+00
331 471 1.038570e-03 6.552935e-03 2 2 5 2 4.936627e-14 0.000000e+00
331 472 1.038570e-03 8.249656e-03 2 2 5 2 3.240881e-14 0.000000e+00
332 462 1.307482e-03 8.249656e-04 2 2 5 2 1.781360e-12 0.000000e+00
332 463 1.307482e-03 1.038570e-03 2 2 5 2 3.304838e-12 0.000000e+00
332 464 1.307482e-03 1.307482e-03 2 2 5 2 4.961430e-12 0.000000e+00
332 465 1.307482e-03 1.646023e-03 2 2 5 2 2.760117e-12 0.000000e+00
332 466 1.307482e-03 2.072220e-03 2 2 5 2 1.204664e-12 0.000000e+00
332 467 1.307482e-03 2.608770e-03 2 2 5 2 6.004579e-13 0.000000e+00
332 468 1.307482e-03 3.284247e-03 2 2 5 2 3.307844e-13 0.000000e+00
332 469 1.307482e-03 4.134622e-03 2 2 5 2 1.957323e-13 0.000000e+00
332 470 1.307482e-03 5.205181e-03 2 2 5 2 1.217155e-13 0.000000e+00
332 471 1.307482e-03 6.552935e-03 2 2 5 2 7.822828e-14 0.000000e+00
332 472 1.307482e-03 8.249656e-03 2 2 5 2 5.133780e-14 0.000000e+00
333 462 1.646023e-03 8.249656e-04 2 2 5 2 8.398742e-13 0.000000e+00
333 463 1.646023e-03 1.038570e-03 2 2 5 2 1.455225e-12 0.000000e+00
333 464 1.646023e-03 1.307482e-03 2 2 5 2 2.760117e-12 0.000000e+00
333 465 1.646023e-03 1.646023e-03 2 2 5 2 4.277486e-12 0.000000e+00
333 466 1.646023e-03 2.072220e-03 2 2 5 2 2.307711e-12 0.000000e+00
333 467 1.646023e-03 2.608770e-03 2 2 5 2 1.024061e-12 0.000000e+00
333 468 1.646023e-03 3.284247e-03 2 2 5 2 5.382759e-13 0.000000e+00
333 469 1.646023e-03 4.134622e-03 2 2 5 2 3.128187e-13 0.000000e+00
333 470 1.646023e-03 5.205181e-03 2 2 5 2 1.932603e-13 0.000000e+00
333 471 1.646023e-03 6.552935e-03 2 2 5 2 1.239560e-13 0.000000e+00
333 472 1.646023e-03 8.249656e-03 2 2 5 2 8.131493e-14 0.000000e+00
334 462 2.072220e-03 8.249656e-04 2 2 5 2 4.218614e-13 0.000000e+00
334 463 2.072220e-03 1.038570e-03 2 2 5 2 6.983868e-13 0.000000e+00
334 464 2.072220e-03 1.307482e-03 2 2 5 2 1.204664e-12 0.000000e+00
334 465 2.072220e-03 1.646023e-03 2 2 5 2 2.307711e-12 0.000000e+00
334 466 2.072220e-03 2.072220e-03 2 2 5 2 3.676232e-12 0.000000e+00
334 467 2.072220e-03 2.608770e-03 2 2 5 2 1.952108e-12 0.000000e+00
334 468 2.072220e-03 3.284247e-03 2 2 5 2 9.033541e-13 0.000000e+00
334 469 2.072220e-03 4.134622e-03 2 2 5 2 5.041409e-13 0.000000e+00
334 470 2.072220e-03 5.205181e-03 2 2 5 2 3.074289e-13 0.000000e+00
334 471 2.072220e-03 6.552935e-03 2 2 5 2 1.964209e-13 0.000000e+00
334 472 2.072220e-03 8.249656e-03 2 2 5 2 1.287339e-13 0.000000e+00
335 462 2.608770e-03 8.249656e-04 2 2 5 2 2.261518e-13 0.000000e+00
335 463 2.608770e-03 1.038570e-03 2 2 5 2 3.655096e-13 0.000000e+00
335 464 2.608770e-03 1.307482e-03 2 2 5 2 6.004579e-13 0.000000e+00
335 465 2.608770e-03 1.646023e-03 2 2 5 2 1.024061e-12 0.000000e+00
335 466 2.608770e-03 2.072220e-03 2 2 5 2 1.952108e-12 0.000000e+00
335 467 2.608770e-03 2.608770e-03 2 2 5 2 3.169651e-12 0.000000e+00
335 468 2.608770e-03 3.284247e-03 2 2 5 2 1.688408e-12 0.000000e+00
335 469 2.608770e-03 4.134622e-03 2 2 5 2 8.310918e-13 0.000000e+00
335 470 2.608770e-03 5.205181e-03 2 2 5 2 4.912963e-13 0.000000e+00
335 471 2.608770e-03 6.552935e-03 2 2 5 2 3.113476e-13 0.000000e+00
335 472 2.608770e-03 8.249656e-03 2 2 5 2 2.037003e-13 0.000000e+00
336 462 3.284247e-03 8.249656e-04 2 2 5 2 1.288509e-13 0.000000e+00
336 463 3.284247e-03 1.038570e-03 2 2 5 2 2.058297e-13 0.000000e+00
336 464 3.284247e-03 1.307482e-03 2 2 5 2 3.307844e-13 0.000000e+00
336 465 3.284247e-03 1.646023e-03 2 2 5 2 5.382759e-13 0.000000e+00
336 466 3.284247e-03 2.072220e-03 2 2 5 2 9.033541e-13 0.000000e+00
336 467 3.284247e-03 2.608770e-03 2 2 5 2 1.688408e-12 0.000000e+00
336 468 3.284247e-03 3.284247e-03 2 2 5 2 2.760699e-12 0.000000e+00
336 469 3.284247e-03 4.134622e-03 2 2 5 2 1.506076e-12 0.000000e+00
336 470 3.284247e-03 5.205181e-03 2 2 5 2 7.965326e-13 0.000000e+00
336 471 3.284247e-03 6.552935e-03 2 2 5 2 4.943017e-13 0.000000e+00
336 472 3.284247e-03 8.249656e-03 2 2 5 2 3.220797e-13 0.000000e+00
337 462 4.134622e-03 8.249656e-04 2 2 5 2 7.737575e-14 0.000000e+00
337 463 4.134622e-03 1.038570e-03 2 2 5 2 1.229374e-13 0.000000e+00
337 464 4.134622e-03 1.307482e-03 2 2 5 2 1.957323e-13 0.000000e+00
337 465 4.134622e-03 1.646023e-03 2 2 5 2 3.128187e-13 0.000000e+00
337 466 4.134622e-03 2.072220e-03 2 2 5 2 5.041409e-13 0.000000e+00
337 467 4.134622e-03 2.608770e-03 2 2 5 2 8.310918e-13 0.000000e+00
337 468 4.134622e-03 3.284247e-03 2 2 5 2 1.506076e-12 0.000000e+00
337 469 4.134622e-03 4.134622e-03 2 2 5 2 2.445725e-12 0.000000e+00
337 470 4.134622e-03 5.205181e-03 2 2 5 2 1.392208e-12 0.000000e+00
337 471 4.134622e-03 6.552935e-03 2 2 5 2 7.905258e-13 0.000000e+00
337 472 4.134622e-03 8.249656e-03 2 2 5 2 5.089304e-13 0.000000e+00
338 462 5.205181e-03 8.249656e-04 2 2 5 2 4.837738e-14 0.000000e+00
338 463 5.205181e-03 1.038570e-03 2 2 5 2 7.671550e-14 0.000000e+00
338 464 5.205181e-03 1.307482e-03 2 2 5 2 1.217155e-13 0.000000e+00
338 465 5.205181e-03 1.646023e-03 2 2 5 2 1.932603e-13 0.000000e+00
338 466 5.205181e-03 2.072220e-03 2 2 5 2 3.074289e-13 0.000000e+00
338 467 5.205181e-03 2.608770e-03 2 2 5 2 4.912963e-13 0.000000e+00
338 468 5.205181e-03 3.284247e-03 2 2 5 2 7.965326e-13 0.000000e+00
338 469 5.205181e-03 4.134622e-03 2 2 5 2 1.392208e-12 0.000000e+00
338 470 5.205181e-03 5.205181e-03 2 2 5 2 2.216716e-12 0.000000e+00
338 471 5.205181e-03 6.552935e-03 2 2 5 2 1.333745e-12 0.000000e+00
338 472 5.205181e-03 8.249656e-03 2 2 5 2 8.056513e-13 0.000000e+00
339 462 6.552935e-03 8.249656e-04 2 2 5 2 3.115573e-14 0.000000e+00
339 463 6.552935e-03 1.038570e-03 2 2 5 2 4.936627e-14 0.000000e+00
339 464 6.552935e-03 1.307482e-03 2 2 5 2 7.822828e-14 0.000000e+00
339 465 6.552935e-03 1.646023e-03 2 2 5 2 1.239560e-13 0.000000e+00
339 466 6.552935e-03 2.072220e-03 2 2 5 2 1.964209e-13 0.000000e+00
339 467 6.552935e-03 2.608770e-03 2 2 5 2 3.113476e-13 0.000000e+00
339 468 6.552935e-03 3.284247e-03 2 2 5 2 4.943017e-13 0.000000e+00
339 469 6.552935e-03 4.134622e-03 2 2 5 2 7.905258e-13 0.000000e+00
339 470 6.552935e-03 5.205181e-03 2 2 5 2 1.333745e-12 0.000000e+00
339 471 6.552935e-03 6.552935e-03 2 2 5 2 2.063192e-12 0.000000e+00
339 472 6.552935e-03 8.249656e-03 2 2 5 2 1.318573e-12 0.000000e+00
340 462 8.249656e-03 8.249656e-04 2 2 5 2 2.045100e-14 0.000000e+00
340 463 8.249656e-03 1.038570e-03 2 2 5 2 3.240881e-14 0.000000e+00
340 464 8.249656e-03 1.307482e-03 2 2 5 2 5.133780e-14 0.000000e+00
340 465 8.249656e-03 1.646023e-03 2 2 5 2 8.131493e-14 0.000000e+00
340 466 8.249656e-03 2.072220e-03 2 2 5 2 1.287339e-13 0.000000e+00
340 467 8.249656e-03 2.608770e-03 2 2 5 2 2.037003e-13 0.000000e+00
340 468 8.249656e-03 3.284247e-03 2 2 5 2 3.220797e-13 0.000000e+00
340 469 8.249656e-03 4.134622e-03 2 2 5 2 5.089304e-13 0.000000e+00
340 470 8.249656e-03 5.205181e-03 2 2 5 2 8.056513e-13 0.000000e+00
340 471 8.249656e-03 6.552935e-03 2 2 5 2 1.318573e-12 0.000000e+00
340 472 8.249656e-03 8.249656e-03 2 2 5 2 1.973348e-12 0.000000e+00
