# Please cite the following papers in research using this covariance:
# arXiv: 1601.05779, https://arxiv.org/abs/1601.05779
# arXiv: 1911.11947, https://arxiv.org/abs/1911.11947
# arXiv: 2004.04833, https://arxiv.org/abs/2004.04833
# arXiv: 1804.10663, https://arxiv.org/abs/1804.10663
########################################################
220 231 8.249656e-04 8.249656e-04 0 0 0 1 2.557656e-12 0.000000e+00
220 232 8.249656e-04 1.038570e-03 0 0 0 1 2.104197e-12 0.000000e+00
220 233 8.249656e-04 1.307482e-03 0 0 0 1 1.474836e-12 0.000000e+00
220 234 8.249656e-04 1.646023e-03 0 0 0 1 1.002220e-12 0.000000e+00
220 235 8.249656e-04 2.072220e-03 0 0 0 1 6.607442e-13 0.000000e+00
220 236 8.249656e-04 2.608770e-03 0 0 0 1 4.225810e-13 0.000000e+00
220 237 8.249656e-04 3.284247e-03 0 0 0 1 2.638189e-13 0.000000e+00
220 238 8.249656e-04 4.134622e-03 0 0 0 1 1.630053e-13 0.000000e+00
220 239 8.249656e-04 5.205181e-03 0 0 0 1 1.016332e-13 0.000000e+00
220 240 8.249656e-04 6.552935e-03 0 0 0 1 6.524191e-14 0.000000e+00
220 241 8.249656e-04 8.249656e-03 0 0 0 1 4.375522e-14 0.000000e+00
221 231 1.038570e-03 8.249656e-04 0 0 0 1 2.104197e-12 0.000000e+00
221 232 1.038570e-03 1.038570e-03 0 0 0 1 2.732983e-12 0.000000e+00
221 233 1.038570e-03 1.307482e-03 0 0 0 1 2.242032e-12 0.000000e+00
221 234 1.038570e-03 1.646023e-03 0 0 0 1 1.556597e-12 0.000000e+00
221 235 1.038570e-03 2.072220e-03 0 0 0 1 1.038028e-12 0.000000e+00
221 236 1.038570e-03 2.608770e-03 0 0 0 1 6.680770e-13 0.000000e+00
221 237 1.038570e-03 3.284247e-03 0 0 0 1 4.182677e-13 0.000000e+00
221 238 1.038570e-03 4.134622e-03 0 0 0 1 2.586174e-13 0.000000e+00
221 239 1.038570e-03 5.205181e-03 0 0 0 1 1.611972e-13 0.000000e+00
221 240 1.038570e-03 6.552935e-03 0 0 0 1 1.034210e-13 0.000000e+00
221 241 1.038570e-03 8.249656e-03 0 0 0 1 6.933176e-14 0.000000e+00
222 231 1.307482e-03 8.249656e-04 0 0 0 1 1.474836e-12 0.000000e+00
222 232 1.307482e-03 1.038570e-03 0 0 0 1 2.242032e-12 0.000000e+00
222 233 1.307482e-03 1.307482e-03 0 0 0 1 2.904725e-12 0.000000e+00
222 234 1.307482e-03 1.646023e-03 0 0 0 1 2.367141e-12 0.000000e+00
222 235 1.307482e-03 2.072220e-03 0 0 0 1 1.617226e-12 0.000000e+00
222 236 1.307482e-03 2.608770e-03 0 0 0 1 1.053401e-12 0.000000e+00
222 237 1.307482e-03 3.284247e-03 0 0 0 1 6.630304e-13 0.000000e+00
222 238 1.307482e-03 4.134622e-03 0 0 0 1 4.105363e-13 0.000000e+00
222 239 1.307482e-03 5.205181e-03 0 0 0 1 2.557803e-13 0.000000e+00
222 240 1.307482e-03 6.552935e-03 0 0 0 1 1.639666e-13 0.000000e+00
222 241 1.307482e-03 8.249656e-03 0 0 0 1 1.098493e-13 0.000000e+00
223 231 1.646023e-03 8.249656e-04 0 0 0 1 1.002220e-12 0.000000e+00
223 232 1.646023e-03 1.038570e-03 0 0 0 1 1.556597e-12 0.000000e+00
223 233 1.646023e-03 1.307482e-03 0 0 0 1 2.367141e-12 0.000000e+00
223 234 1.646023e-03 1.646023e-03 0 0 0 1 3.060237e-12 0.000000e+00
223 235 1.646023e-03 2.072220e-03 0 0 0 1 2.467258e-12 0.000000e+00
223 236 1.646023e-03 2.608770e-03 0 0 0 1 1.650060e-12 0.000000e+00
223 237 1.646023e-03 3.284247e-03 0 0 0 1 1.050000e-12 0.000000e+00
223 238 1.646023e-03 4.134622e-03 0 0 0 1 6.521696e-13 0.000000e+00
223 239 1.646023e-03 5.205181e-03 0 0 0 1 4.061480e-13 0.000000e+00
223 240 1.646023e-03 6.552935e-03 0 0 0 1 2.600117e-13 0.000000e+00
223 241 1.646023e-03 8.249656e-03 0 0 0 1 1.740108e-13 0.000000e+00
224 231 2.072220e-03 8.249656e-04 0 0 0 1 6.607442e-13 0.000000e+00
224 232 2.072220e-03 1.038570e-03 0 0 0 1 1.038028e-12 0.000000e+00
224 233 2.072220e-03 1.307482e-03 0 0 0 1 1.617226e-12 0.000000e+00
224 234 2.072220e-03 1.646023e-03 0 0 0 1 2.467258e-12 0.000000e+00
224 235 2.072220e-03 2.072220e-03 0 0 0 1 3.187682e-12 0.000000e+00
224 236 2.072220e-03 2.608770e-03 0 0 0 1 2.534409e-12 0.000000e+00
224 237 2.072220e-03 3.284247e-03 0 0 0 1 1.656189e-12 0.000000e+00
224 238 2.072220e-03 4.134622e-03 0 0 0 1 1.036693e-12 0.000000e+00
224 239 2.072220e-03 5.205181e-03 0 0 0 1 6.456344e-13 0.000000e+00
224 240 2.072220e-03 6.552935e-03 0 0 0 1 4.124854e-13 0.000000e+00
224 241 2.072220e-03 8.249656e-03 0 0 0 1 2.755853e-13 0.000000e+00
225 231 2.608770e-03 8.249656e-04 0 0 0 1 4.225810e-13 0.000000e+00
225 232 2.608770e-03 1.038570e-03 0 0 0 1 6.680770e-13 0.000000e+00
225 233 2.608770e-03 1.307482e-03 0 0 0 1 1.053401e-12 0.000000e+00
225 234 2.608770e-03 1.646023e-03 0 0 0 1 1.650060e-12 0.000000e+00
225 235 2.608770e-03 2.072220e-03 0 0 0 1 2.534409e-12 0.000000e+00
225 236 2.608770e-03 2.608770e-03 0 0 0 1 3.281071e-12 0.000000e+00
225 237 2.608770e-03 3.284247e-03 0 0 0 1 2.569207e-12 0.000000e+00
225 238 2.608770e-03 4.134622e-03 0 0 0 1 1.646271e-12 0.000000e+00
225 239 2.608770e-03 5.205181e-03 0 0 0 1 1.028023e-12 0.000000e+00
225 240 2.608770e-03 6.552935e-03 0 0 0 1 6.548716e-13 0.000000e+00
225 241 2.608770e-03 8.249656e-03 0 0 0 1 4.363124e-13 0.000000e+00
226 231 3.284247e-03 8.249656e-04 0 0 0 1 2.638189e-13 0.000000e+00
226 232 3.284247e-03 1.038570e-03 0 0 0 1 4.182677e-13 0.000000e+00
226 233 3.284247e-03 1.307482e-03 0 0 0 1 6.630304e-13 0.000000e+00
226 234 3.284247e-03 1.646023e-03 0 0 0 1 1.050000e-12 0.000000e+00
226 235 3.284247e-03 2.072220e-03 0 0 0 1 1.656189e-12 0.000000e+00
226 236 3.284247e-03 2.608770e-03 0 0 0 1 2.569207e-12 0.000000e+00
226 237 3.284247e-03 3.284247e-03 0 0 0 1 3.343858e-12 0.000000e+00
226 238 3.284247e-03 4.134622e-03 0 0 0 1 2.583030e-12 0.000000e+00
226 239 3.284247e-03 5.205181e-03 0 0 0 1 1.639369e-12 0.000000e+00
226 240 3.284247e-03 6.552935e-03 0 0 0 1 1.041222e-12 0.000000e+00
226 241 3.284247e-03 8.249656e-03 0 0 0 1 6.905734e-13 0.000000e+00
227 231 4.134622e-03 8.249656e-04 0 0 0 1 1.630053e-13 0.000000e+00
227 232 4.134622e-03 1.038570e-03 0 0 0 1 2.586174e-13 0.000000e+00
227 233 4.134622e-03 1.307482e-03 0 0 0 1 4.105363e-13 0.000000e+00
227 234 4.134622e-03 1.646023e-03 0 0 0 1 6.521696e-13 0.000000e+00
227 235 4.134622e-03 2.072220e-03 0 0 0 1 1.036693e-12 0.000000e+00
227 236 4.134622e-03 2.608770e-03 0 0 0 1 1.646271e-12 0.000000e+00
227 237 4.134622e-03 3.284247e-03 0 0 0 1 2.583030e-12 0.000000e+00
227 238 4.134622e-03 4.134622e-03 0 0 0 1 3.390260e-12 0.000000e+00
227 239 4.134622e-03 5.205181e-03 0 0 0 1 2.597498e-12 0.000000e+00
227 240 4.134622e-03 6.552935e-03 0 0 0 1 1.659647e-12 0.000000e+00
227 241 4.134622e-03 8.249656e-03 0 0 0 1 1.093037e-12 0.000000e+00
228 231 5.205181e-03 8.249656e-04 0 0 0 1 1.016332e-13 0.000000e+00
228 232 5.205181e-03 1.038570e-03 0 0 0 1 1.611972e-13 0.000000e+00
228 233 5.205181e-03 1.307482e-03 0 0 0 1 2.557803e-13 0.000000e+00
228 234 5.205181e-03 1.646023e-03 0 0 0 1 4.061480e-13 0.000000e+00
228 235 5.205181e-03 2.072220e-03 0 0 0 1 6.456344e-13 0.000000e+00
228 236 5.205181e-03 2.608770e-03 0 0 0 1 1.028023e-12 0.000000e+00
228 237 5.205181e-03 3.284247e-03 0 0 0 1 1.639369e-12 0.000000e+00
228 238 5.205181e-03 4.134622e-03 0 0 0 1 2.597498e-12 0.000000e+00
228 239 5.205181e-03 5.205181e-03 0 0 0 1 3.444279e-12 0.000000e+00
228 240 5.205181e-03 6.552935e-03 0 0 0 1 2.641663e-12 0.000000e+00
228 241 5.205181e-03 8.249656e-03 0 0 0 1 1.732204e-12 0.000000e+00
229 231 6.552935e-03 8.249656e-04 0 0 0 1 6.524191e-14 0.000000e+00
229 232 6.552935e-03 1.038570e-03 0 0 0 1 1.034210e-13 0.000000e+00
229 233 6.552935e-03 1.307482e-03 0 0 0 1 1.639666e-13 0.000000e+00
229 234 6.552935e-03 1.646023e-03 0 0 0 1 2.600117e-13 0.000000e+00
229 235 6.552935e-03 2.072220e-03 0 0 0 1 4.124854e-13 0.000000e+00
229 236 6.552935e-03 2.608770e-03 0 0 0 1 6.548716e-13 0.000000e+00
229 237 6.552935e-03 3.284247e-03 0 0 0 1 1.041222e-12 0.000000e+00
229 238 6.552935e-03 4.134622e-03 0 0 0 1 1.659647e-12 0.000000e+00
229 239 6.552935e-03 5.205181e-03 0 0 0 1 2.641663e-12 0.000000e+00
229 240 6.552935e-03 6.552935e-03 0 0 0 1 3.536926e-12 0.000000e+00
229 241 6.552935e-03 8.249656e-03 0 0 0 1 2.748029e-12 0.000000e+00
230 231 8.249656e-03 8.249656e-04 0 0 0 1 4.375522e-14 0.000000e+00
230 232 8.249656e-03 1.038570e-03 0 0 0 1 6.933176e-14 0.000000e+00
230 233 8.249656e-03 1.307482e-03 0 0 0 1 1.098493e-13 0.000000e+00
230 234 8.249656e-03 1.646023e-03 0 0 0 1 1.740108e-13 0.000000e+00
230 235 8.249656e-03 2.072220e-03 0 0 0 1 2.755853e-13 0.000000e+00
230 236 8.249656e-03 2.608770e-03 0 0 0 1 4.363124e-13 0.000000e+00
230 237 8.249656e-03 3.284247e-03 0 0 0 1 6.905734e-13 0.000000e+00
230 238 8.249656e-03 4.134622e-03 0 0 0 1 1.093037e-12 0.000000e+00
230 239 8.249656e-03 5.205181e-03 0 0 0 1 1.732204e-12 0.000000e+00
230 240 8.249656e-03 6.552935e-03 0 0 0 1 2.748029e-12 0.000000e+00
230 241 8.249656e-03 8.249656e-03 0 0 0 1 3.702709e-12 0.000000e+00
