# Please cite the following papers in research using this covariance:
# arXiv: 1601.05779, https://arxiv.org/abs/1601.05779
# arXiv: 1911.11947, https://arxiv.org/abs/1911.11947
# arXiv: 2004.04833, https://arxiv.org/abs/2004.04833
# arXiv: 1804.10663, https://arxiv.org/abs/1804.10663
########################################################
319 319 8.249656e-04 8.249656e-04 2 1 2 1 2.738262e-09 0.000000e+00
319 320 8.249656e-04 1.038570e-03 2 1 2 1 9.336720e-11 0.000000e+00
319 321 8.249656e-04 1.307482e-03 2 1 2 1 4.092378e-11 0.000000e+00
319 322 8.249656e-04 1.646023e-03 2 1 2 1 1.846183e-11 0.000000e+00
319 323 8.249656e-04 2.072220e-03 2 1 2 1 8.869851e-12 0.000000e+00
319 324 8.249656e-04 2.608770e-03 2 1 2 1 4.560444e-12 0.000000e+00
319 325 8.249656e-04 3.284247e-03 2 1 2 1 2.496168e-12 0.000000e+00
319 326 8.249656e-04 4.134622e-03 2 1 2 1 1.435728e-12 0.000000e+00
319 327 8.249656e-04 5.205181e-03 2 1 2 1 8.526388e-13 0.000000e+00
319 328 8.249656e-04 6.552935e-03 2 1 2 1 5.144510e-13 0.000000e+00
319 329 8.249656e-04 8.249656e-03 2 1 2 1 3.108087e-13 0.000000e+00
320 319 1.038570e-03 8.249656e-04 2 1 2 1 9.336720e-11 0.000000e+00
320 320 1.038570e-03 1.038570e-03 2 1 2 1 1.774109e-09 0.000000e+00
320 321 1.038570e-03 1.307482e-03 2 1 2 1 7.732759e-11 0.000000e+00
320 322 1.038570e-03 1.646023e-03 2 1 2 1 3.248266e-11 0.000000e+00
320 323 1.038570e-03 2.072220e-03 2 1 2 1 1.482049e-11 0.000000e+00
320 324 1.038570e-03 2.608770e-03 2 1 2 1 7.407568e-12 0.000000e+00
320 325 1.038570e-03 3.284247e-03 2 1 2 1 3.997726e-12 0.000000e+00
320 326 1.038570e-03 4.134622e-03 2 1 2 1 2.284546e-12 0.000000e+00
320 327 1.038570e-03 5.205181e-03 2 1 2 1 1.353431e-12 0.000000e+00
320 328 1.038570e-03 6.552935e-03 2 1 2 1 8.157171e-13 0.000000e+00
320 329 1.038570e-03 8.249656e-03 2 1 2 1 4.928991e-13 0.000000e+00
321 319 1.307482e-03 8.249656e-04 2 1 2 1 4.092378e-11 0.000000e+00
321 320 1.307482e-03 1.038570e-03 2 1 2 1 7.732759e-11 0.000000e+00
321 321 1.307482e-03 1.307482e-03 2 1 2 1 1.155142e-09 0.000000e+00
321 322 1.307482e-03 1.646023e-03 2 1 2 1 6.324165e-11 0.000000e+00
321 323 1.307482e-03 2.072220e-03 2 1 2 1 2.600926e-11 0.000000e+00
321 324 1.307482e-03 2.608770e-03 2 1 2 1 1.227860e-11 0.000000e+00
321 325 1.307482e-03 3.284247e-03 2 1 2 1 6.453403e-12 0.000000e+00
321 326 1.307482e-03 4.134622e-03 2 1 2 1 3.646398e-12 0.000000e+00
321 327 1.307482e-03 5.205181e-03 2 1 2 1 2.150849e-12 0.000000e+00
321 328 1.307482e-03 6.552935e-03 2 1 2 1 1.294224e-12 0.000000e+00
321 329 1.307482e-03 8.249656e-03 2 1 2 1 7.815362e-13 0.000000e+00
322 319 1.646023e-03 8.249656e-04 2 1 2 1 1.846183e-11 0.000000e+00
322 320 1.646023e-03 1.038570e-03 2 1 2 1 3.248266e-11 0.000000e+00
322 321 1.646023e-03 1.307482e-03 2 1 2 1 6.324165e-11 0.000000e+00
322 322 1.646023e-03 1.646023e-03 2 1 2 1 7.578280e-10 0.000000e+00
322 323 1.646023e-03 2.072220e-03 2 1 2 1 5.153188e-11 0.000000e+00
322 324 1.646023e-03 2.608770e-03 2 1 2 1 2.131298e-11 0.000000e+00
322 325 1.646023e-03 3.284247e-03 2 1 2 1 1.058774e-11 0.000000e+00
322 326 1.646023e-03 4.134622e-03 2 1 2 1 5.852352e-12 0.000000e+00
322 327 1.646023e-03 5.205181e-03 2 1 2 1 3.424139e-12 0.000000e+00
322 328 1.646023e-03 6.552935e-03 2 1 2 1 2.054796e-12 0.000000e+00
322 329 1.646023e-03 8.249656e-03 2 1 2 1 1.239924e-12 0.000000e+00
323 319 2.072220e-03 8.249656e-04 2 1 2 1 8.869851e-12 0.000000e+00
323 320 2.072220e-03 1.038570e-03 2 1 2 1 1.482049e-11 0.000000e+00
323 321 2.072220e-03 1.307482e-03 2 1 2 1 2.600926e-11 0.000000e+00
323 322 2.072220e-03 1.646023e-03 2 1 2 1 5.153188e-11 0.000000e+00
323 323 2.072220e-03 2.072220e-03 2 1 2 1 5.013905e-10 0.000000e+00
323 324 2.072220e-03 2.608770e-03 2 1 2 1 4.226958e-11 0.000000e+00
323 325 2.072220e-03 3.284247e-03 2 1 2 1 1.806921e-11 0.000000e+00
323 326 2.072220e-03 4.134622e-03 2 1 2 1 9.503759e-12 0.000000e+00
323 327 2.072220e-03 5.205181e-03 2 1 2 1 5.471080e-12 0.000000e+00
323 328 2.072220e-03 6.552935e-03 2 1 2 1 3.266427e-12 0.000000e+00
323 329 2.072220e-03 8.249656e-03 2 1 2 1 1.967977e-12 0.000000e+00
324 319 2.608770e-03 8.249656e-04 2 1 2 1 4.560444e-12 0.000000e+00
324 320 2.608770e-03 1.038570e-03 2 1 2 1 7.407568e-12 0.000000e+00
324 321 2.608770e-03 1.307482e-03 2 1 2 1 1.227860e-11 0.000000e+00
324 322 2.608770e-03 1.646023e-03 2 1 2 1 2.131298e-11 0.000000e+00
324 323 2.608770e-03 2.072220e-03 2 1 2 1 4.226958e-11 0.000000e+00
324 324 2.608770e-03 2.608770e-03 2 1 2 1 3.352906e-10 0.000000e+00
324 325 2.608770e-03 3.284247e-03 2 1 2 1 3.525812e-11 0.000000e+00
324 326 2.608770e-03 4.134622e-03 2 1 2 1 1.591385e-11 0.000000e+00
324 327 2.608770e-03 5.205181e-03 2 1 2 1 8.811132e-12 0.000000e+00
324 328 2.608770e-03 6.552935e-03 2 1 2 1 5.204638e-12 0.000000e+00
324 329 2.608770e-03 8.249656e-03 2 1 2 1 3.126791e-12 0.000000e+00
325 319 3.284247e-03 8.249656e-04 2 1 2 1 2.496168e-12 0.000000e+00
325 320 3.284247e-03 1.038570e-03 2 1 2 1 3.997726e-12 0.000000e+00
325 321 3.284247e-03 1.307482e-03 2 1 2 1 6.453403e-12 0.000000e+00
325 322 3.284247e-03 1.646023e-03 2 1 2 1 1.058774e-11 0.000000e+00
325 323 3.284247e-03 2.072220e-03 2 1 2 1 1.806921e-11 0.000000e+00
325 324 3.284247e-03 2.608770e-03 2 1 2 1 3.525812e-11 0.000000e+00
325 325 3.284247e-03 3.284247e-03 2 1 2 1 2.274613e-10 0.000000e+00
325 326 3.284247e-03 4.134622e-03 2 1 2 1 3.014017e-11 0.000000e+00
325 327 3.284247e-03 5.205181e-03 2 1 2 1 1.450433e-11 0.000000e+00
325 328 3.284247e-03 6.552935e-03 2 1 2 1 8.336005e-12 0.000000e+00
325 329 3.284247e-03 8.249656e-03 2 1 2 1 4.976725e-12 0.000000e+00
326 319 4.134622e-03 8.249656e-04 2 1 2 1 1.435728e-12 0.000000e+00
326 320 4.134622e-03 1.038570e-03 2 1 2 1 2.284546e-12 0.000000e+00
326 321 4.134622e-03 1.307482e-03 2 1 2 1 3.646398e-12 0.000000e+00
326 322 4.134622e-03 1.646023e-03 2 1 2 1 5.852352e-12 0.000000e+00
326 323 4.134622e-03 2.072220e-03 2 1 2 1 9.503759e-12 0.000000e+00
326 324 4.134622e-03 2.608770e-03 2 1 2 1 1.591385e-11 0.000000e+00
326 325 4.134622e-03 3.284247e-03 2 1 2 1 3.014017e-11 0.000000e+00
326 326 4.134622e-03 4.134622e-03 2 1 2 1 1.574401e-10 0.000000e+00
326 327 4.134622e-03 5.205181e-03 2 1 2 1 2.649276e-11 0.000000e+00
326 328 4.134622e-03 6.552935e-03 2 1 2 1 1.355000e-11 0.000000e+00
326 329 4.134622e-03 8.249656e-03 2 1 2 1 7.949991e-12 0.000000e+00
327 319 5.205181e-03 8.249656e-04 2 1 2 1 8.526388e-13 0.000000e+00
327 320 5.205181e-03 1.038570e-03 2 1 2 1 1.353431e-12 0.000000e+00
327 321 5.205181e-03 1.307482e-03 2 1 2 1 2.150849e-12 0.000000e+00
327 322 5.205181e-03 1.646023e-03 2 1 2 1 3.424139e-12 0.000000e+00
327 323 5.205181e-03 2.072220e-03 2 1 2 1 5.471080e-12 0.000000e+00
327 324 5.205181e-03 2.608770e-03 2 1 2 1 8.811132e-12 0.000000e+00
327 325 5.205181e-03 3.284247e-03 2 1 2 1 1.450433e-11 0.000000e+00
327 326 5.205181e-03 4.134622e-03 2 1 2 1 2.649276e-11 0.000000e+00
327 327 5.205181e-03 5.205181e-03 2 1 2 1 1.117362e-10 0.000000e+00
327 328 5.205181e-03 6.552935e-03 2 1 2 1 2.389805e-11 0.000000e+00
327 329 5.205181e-03 8.249656e-03 2 1 2 1 1.282648e-11 0.000000e+00
328 319 6.552935e-03 8.249656e-04 2 1 2 1 5.144510e-13 0.000000e+00
328 320 6.552935e-03 1.038570e-03 2 1 2 1 8.157171e-13 0.000000e+00
328 321 6.552935e-03 1.307482e-03 2 1 2 1 1.294224e-12 0.000000e+00
328 322 6.552935e-03 1.646023e-03 2 1 2 1 2.054796e-12 0.000000e+00
328 323 6.552935e-03 2.072220e-03 2 1 2 1 3.266427e-12 0.000000e+00
328 324 6.552935e-03 2.608770e-03 2 1 2 1 5.204638e-12 0.000000e+00
328 325 6.552935e-03 3.284247e-03 2 1 2 1 8.336005e-12 0.000000e+00
328 326 6.552935e-03 4.134622e-03 2 1 2 1 1.355000e-11 0.000000e+00
328 327 6.552935e-03 5.205181e-03 2 1 2 1 2.389805e-11 0.000000e+00
328 328 6.552935e-03 6.552935e-03 2 1 2 1 8.176352e-11 0.000000e+00
328 329 6.552935e-03 8.249656e-03 2 1 2 1 2.198920e-11 0.000000e+00
329 319 8.249656e-03 8.249656e-04 2 1 2 1 3.108087e-13 0.000000e+00
329 320 8.249656e-03 1.038570e-03 2 1 2 1 4.928991e-13 0.000000e+00
329 321 8.249656e-03 1.307482e-03 2 1 2 1 7.815362e-13 0.000000e+00
329 322 8.249656e-03 1.646023e-03 2 1 2 1 1.239924e-12 0.000000e+00
329 323 8.249656e-03 2.072220e-03 2 1 2 1 1.967977e-12 0.000000e+00
329 324 8.249656e-03 2.608770e-03 2 1 2 1 3.126791e-12 0.000000e+00
329 325 8.249656e-03 3.284247e-03 2 1 2 1 4.976725e-12 0.000000e+00
329 326 8.249656e-03 4.134622e-03 2 1 2 1 7.949991e-12 0.000000e+00
329 327 8.249656e-03 5.205181e-03 2 1 2 1 1.282648e-11 0.000000e+00
329 328 8.249656e-03 6.552935e-03 2 1 2 1 2.198920e-11 0.000000e+00
329 329 8.249656e-03 8.249656e-03 2 1 2 1 6.198470e-11 0.000000e+00
