# Please cite the following papers in research using this covariance:
# arXiv: 1601.05779, https://arxiv.org/abs/1601.05779
# arXiv: 1911.11947, https://arxiv.org/abs/1911.11947
# arXiv: 2004.04833, https://arxiv.org/abs/2004.04833
# arXiv: 1804.10663, https://arxiv.org/abs/1804.10663
########################################################
308 341 8.249656e-04 8.249656e-04 2 0 2 3 5.262281e-12 0.000000e+00
308 342 8.249656e-04 1.038570e-03 2 0 2 3 3.892056e-12 0.000000e+00
308 343 8.249656e-04 1.307482e-03 2 0 2 3 2.344843e-12 0.000000e+00
308 344 8.249656e-04 1.646023e-03 2 0 2 3 1.384005e-12 0.000000e+00
308 345 8.249656e-04 2.072220e-03 2 0 2 3 8.135796e-13 0.000000e+00
308 346 8.249656e-04 2.608770e-03 2 0 2 3 4.832621e-13 0.000000e+00
308 347 8.249656e-04 3.284247e-03 2 0 2 3 2.946608e-13 0.000000e+00
308 348 8.249656e-04 4.134622e-03 2 0 2 3 1.869828e-13 0.000000e+00
308 349 8.249656e-04 5.205181e-03 2 0 2 3 1.243271e-13 0.000000e+00
308 350 8.249656e-04 6.552935e-03 2 0 2 3 8.633523e-14 0.000000e+00
308 351 8.249656e-04 8.249656e-03 2 0 2 3 6.192257e-14 0.000000e+00
309 341 1.038570e-03 8.249656e-04 2 0 2 3 3.892056e-12 0.000000e+00
309 342 1.038570e-03 1.038570e-03 2 0 2 3 5.179005e-12 0.000000e+00
309 343 1.038570e-03 1.307482e-03 2 0 2 3 3.766310e-12 0.000000e+00
309 344 1.038570e-03 1.646023e-03 2 0 2 3 2.228350e-12 0.000000e+00
309 345 1.038570e-03 2.072220e-03 2 0 2 3 1.304804e-12 0.000000e+00
309 346 1.038570e-03 2.608770e-03 2 0 2 3 7.715057e-13 0.000000e+00
309 347 1.038570e-03 3.284247e-03 2 0 2 3 4.686184e-13 0.000000e+00
309 348 1.038570e-03 4.134622e-03 2 0 2 3 2.966139e-13 0.000000e+00
309 349 1.038570e-03 5.205181e-03 2 0 2 3 1.969616e-13 0.000000e+00
309 350 1.038570e-03 6.552935e-03 2 0 2 3 1.367075e-13 0.000000e+00
309 351 1.038570e-03 8.249656e-03 2 0 2 3 9.805250e-14 0.000000e+00
310 341 1.307482e-03 8.249656e-04 2 0 2 3 2.344843e-12 0.000000e+00
310 342 1.307482e-03 1.038570e-03 2 0 2 3 3.766310e-12 0.000000e+00
310 343 1.307482e-03 1.307482e-03 2 0 2 3 5.048900e-12 0.000000e+00
310 344 1.307482e-03 1.646023e-03 2 0 2 3 3.613055e-12 0.000000e+00
310 345 1.307482e-03 2.072220e-03 2 0 2 3 2.109034e-12 0.000000e+00
310 346 1.307482e-03 2.608770e-03 2 0 2 3 1.237860e-12 0.000000e+00
310 347 1.307482e-03 3.284247e-03 2 0 2 3 7.471010e-13 0.000000e+00
310 348 1.307482e-03 4.134622e-03 2 0 2 3 4.708573e-13 0.000000e+00
310 349 1.307482e-03 5.205181e-03 2 0 2 3 3.119629e-13 0.000000e+00
310 350 1.307482e-03 6.552935e-03 2 0 2 3 2.163688e-13 0.000000e+00
310 351 1.307482e-03 8.249656e-03 2 0 2 3 1.551916e-13 0.000000e+00
311 341 1.646023e-03 8.249656e-04 2 0 2 3 1.384005e-12 0.000000e+00
311 342 1.646023e-03 1.038570e-03 2 0 2 3 2.228350e-12 0.000000e+00
311 343 1.646023e-03 1.307482e-03 2 0 2 3 3.613055e-12 0.000000e+00
311 344 1.646023e-03 1.646023e-03 2 0 2 3 4.886014e-12 0.000000e+00
311 345 1.646023e-03 2.072220e-03 2 0 2 3 3.449731e-12 0.000000e+00
311 346 1.646023e-03 2.608770e-03 2 0 2 3 2.004366e-12 0.000000e+00
311 347 1.646023e-03 3.284247e-03 2 0 2 3 1.196534e-12 0.000000e+00
311 348 1.646023e-03 4.134622e-03 2 0 2 3 7.485205e-13 0.000000e+00
311 349 1.646023e-03 5.205181e-03 2 0 2 3 4.940070e-13 0.000000e+00
311 350 1.646023e-03 6.552935e-03 2 0 2 3 3.421740e-13 0.000000e+00
311 351 1.646023e-03 8.249656e-03 2 0 2 3 2.454190e-13 0.000000e+00
312 341 2.072220e-03 8.249656e-04 2 0 2 3 8.135796e-13 0.000000e+00
312 342 2.072220e-03 1.038570e-03 2 0 2 3 1.304804e-12 0.000000e+00
312 343 2.072220e-03 1.307482e-03 2 0 2 3 2.109034e-12 0.000000e+00
312 344 2.072220e-03 1.646023e-03 2 0 2 3 3.449731e-12 0.000000e+00
312 345 2.072220e-03 2.072220e-03 2 0 2 3 4.710493e-12 0.000000e+00
312 346 2.072220e-03 2.608770e-03 2 0 2 3 3.299297e-12 0.000000e+00
312 347 2.072220e-03 3.284247e-03 2 0 2 3 1.934090e-12 0.000000e+00
312 348 2.072220e-03 4.134622e-03 2 0 2 3 1.193612e-12 0.000000e+00
312 349 2.072220e-03 5.205181e-03 2 0 2 3 7.822350e-13 0.000000e+00
312 350 2.072220e-03 6.552935e-03 2 0 2 3 5.404998e-13 0.000000e+00
312 351 2.072220e-03 8.249656e-03 2 0 2 3 3.876194e-13 0.000000e+00
313 341 2.608770e-03 8.249656e-04 2 0 2 3 4.832621e-13 0.000000e+00
313 342 2.608770e-03 1.038570e-03 2 0 2 3 7.715057e-13 0.000000e+00
313 343 2.608770e-03 1.307482e-03 2 0 2 3 1.237860e-12 0.000000e+00
313 344 2.608770e-03 1.646023e-03 2 0 2 3 2.004366e-12 0.000000e+00
313 345 2.608770e-03 2.072220e-03 2 0 2 3 3.299297e-12 0.000000e+00
313 346 2.608770e-03 2.608770e-03 2 0 2 3 4.548522e-12 0.000000e+00
313 347 2.608770e-03 3.284247e-03 2 0 2 3 3.188256e-12 0.000000e+00
313 348 2.608770e-03 4.134622e-03 2 0 2 3 1.917729e-12 0.000000e+00
313 349 2.608770e-03 5.205181e-03 2 0 2 3 1.239566e-12 0.000000e+00
313 350 2.608770e-03 6.552935e-03 2 0 2 3 8.523530e-13 0.000000e+00
313 351 2.608770e-03 8.249656e-03 2 0 2 3 6.109858e-13 0.000000e+00
314 341 3.284247e-03 8.249656e-04 2 0 2 3 2.946608e-13 0.000000e+00
314 342 3.284247e-03 1.038570e-03 2 0 2 3 4.686184e-13 0.000000e+00
314 343 3.284247e-03 1.307482e-03 2 0 2 3 7.471010e-13 0.000000e+00
314 344 3.284247e-03 1.646023e-03 2 0 2 3 1.196534e-12 0.000000e+00
314 345 3.284247e-03 2.072220e-03 2 0 2 3 1.934090e-12 0.000000e+00
314 346 3.284247e-03 2.608770e-03 2 0 2 3 3.188256e-12 0.000000e+00
314 347 3.284247e-03 3.284247e-03 2 0 2 3 4.430021e-12 0.000000e+00
314 348 3.284247e-03 4.134622e-03 2 0 2 3 3.143886e-12 0.000000e+00
314 349 3.284247e-03 5.205181e-03 2 0 2 3 1.972128e-12 0.000000e+00
314 350 3.284247e-03 6.552935e-03 2 0 2 3 1.341434e-12 0.000000e+00
314 351 3.284247e-03 8.249656e-03 2 0 2 3 9.600988e-13 0.000000e+00
315 341 4.134622e-03 8.249656e-04 2 0 2 3 1.869828e-13 0.000000e+00
315 342 4.134622e-03 1.038570e-03 2 0 2 3 2.966139e-13 0.000000e+00
315 343 4.134622e-03 1.307482e-03 2 0 2 3 4.708573e-13 0.000000e+00
315 344 4.134622e-03 1.646023e-03 2 0 2 3 7.485205e-13 0.000000e+00
315 345 4.134622e-03 2.072220e-03 2 0 2 3 1.193612e-12 0.000000e+00
315 346 4.134622e-03 2.608770e-03 2 0 2 3 1.917729e-12 0.000000e+00
315 347 4.134622e-03 3.284247e-03 2 0 2 3 3.143886e-12 0.000000e+00
315 348 4.134622e-03 4.134622e-03 2 0 2 3 4.385806e-12 0.000000e+00
315 349 4.134622e-03 5.205181e-03 2 0 2 3 3.191298e-12 0.000000e+00
315 350 4.134622e-03 6.552935e-03 2 0 2 3 2.109476e-12 0.000000e+00
315 351 4.134622e-03 8.249656e-03 2 0 2 3 1.501764e-12 0.000000e+00
316 341 5.205181e-03 8.249656e-04 2 0 2 3 1.243271e-13 0.000000e+00
316 342 5.205181e-03 1.038570e-03 2 0 2 3 1.969616e-13 0.000000e+00
316 343 5.205181e-03 1.307482e-03 2 0 2 3 3.119629e-13 0.000000e+00
316 344 5.205181e-03 1.646023e-03 2 0 2 3 4.940070e-13 0.000000e+00
316 345 5.205181e-03 2.072220e-03 2 0 2 3 7.822350e-13 0.000000e+00
316 346 5.205181e-03 2.608770e-03 2 0 2 3 1.239566e-12 0.000000e+00
316 347 5.205181e-03 3.284247e-03 2 0 2 3 1.972128e-12 0.000000e+00
316 348 5.205181e-03 4.134622e-03 2 0 2 3 3.191298e-12 0.000000e+00
316 349 5.205181e-03 5.205181e-03 2 0 2 3 4.444609e-12 0.000000e+00
316 350 5.205181e-03 6.552935e-03 2 0 2 3 3.350456e-12 0.000000e+00
316 351 5.205181e-03 8.249656e-03 2 0 2 3 2.335400e-12 0.000000e+00
317 341 6.552935e-03 8.249656e-04 2 0 2 3 8.633523e-14 0.000000e+00
317 342 6.552935e-03 1.038570e-03 2 0 2 3 1.367075e-13 0.000000e+00
317 343 6.552935e-03 1.307482e-03 2 0 2 3 2.163688e-13 0.000000e+00
317 344 6.552935e-03 1.646023e-03 2 0 2 3 3.421740e-13 0.000000e+00
317 345 6.552935e-03 2.072220e-03 2 0 2 3 5.404998e-13 0.000000e+00
317 346 6.552935e-03 2.608770e-03 2 0 2 3 8.523530e-13 0.000000e+00
317 347 6.552935e-03 3.284247e-03 2 0 2 3 1.341434e-12 0.000000e+00
317 348 6.552935e-03 4.134622e-03 2 0 2 3 2.109476e-12 0.000000e+00
317 349 6.552935e-03 5.205181e-03 2 0 2 3 3.350456e-12 0.000000e+00
317 350 6.552935e-03 6.552935e-03 2 0 2 3 4.629711e-12 0.000000e+00
317 351 6.552935e-03 8.249656e-03 2 0 2 3 3.633079e-12 0.000000e+00
318 341 8.249656e-03 8.249656e-04 2 0 2 3 6.192257e-14 0.000000e+00
318 342 8.249656e-03 1.038570e-03 2 0 2 3 9.805250e-14 0.000000e+00
318 343 8.249656e-03 1.307482e-03 2 0 2 3 1.551916e-13 0.000000e+00
318 344 8.249656e-03 1.646023e-03 2 0 2 3 2.454190e-13 0.000000e+00
318 345 8.249656e-03 2.072220e-03 2 0 2 3 3.876194e-13 0.000000e+00
318 346 8.249656e-03 2.608770e-03 2 0 2 3 6.109858e-13 0.000000e+00
318 347 8.249656e-03 3.284247e-03 2 0 2 3 9.600988e-13 0.000000e+00
318 348 8.249656e-03 4.134622e-03 2 0 2 3 1.501764e-12 0.000000e+00
318 349 8.249656e-03 5.205181e-03 2 0 2 3 2.335400e-12 0.000000e+00
318 350 8.249656e-03 6.552935e-03 2 0 2 3 3.633079e-12 0.000000e+00
318 351 8.249656e-03 8.249656e-03 2 0 2 3 4.955148e-12 0.000000e+00
