# Please cite the following papers in research using this covariance:
# arXiv: 1601.05779, https://arxiv.org/abs/1601.05779
# arXiv: 1911.11947, https://arxiv.org/abs/1911.11947
# arXiv: 2004.04833, https://arxiv.org/abs/2004.04833
# arXiv: 1804.10663, https://arxiv.org/abs/1804.10663
########################################################
330 473 8.249656e-04 8.249656e-04 2 2 5 3 2.181803e-13 0.000000e+00
330 474 8.249656e-04 1.038570e-03 2 2 5 3 2.113226e-13 0.000000e+00
330 475 8.249656e-04 1.307482e-03 2 2 5 3 1.696534e-13 0.000000e+00
330 476 8.249656e-04 1.646023e-03 2 2 5 3 1.240259e-13 0.000000e+00
330 477 8.249656e-04 2.072220e-03 2 2 5 3 8.709632e-14 0.000000e+00
330 478 8.249656e-04 2.608770e-03 2 2 5 3 6.071961e-14 0.000000e+00
330 479 8.249656e-04 3.284247e-03 2 2 5 3 4.294614e-14 0.000000e+00
330 480 8.249656e-04 4.134622e-03 2 2 5 3 3.118270e-14 0.000000e+00
330 481 8.249656e-04 5.205181e-03 2 2 5 3 2.328749e-14 0.000000e+00
330 482 8.249656e-04 6.552935e-03 2 2 5 3 1.778079e-14 0.000000e+00
330 483 8.249656e-04 8.249656e-03 2 2 5 3 1.373223e-14 0.000000e+00
331 473 1.038570e-03 8.249656e-04 2 2 5 3 2.113226e-13 0.000000e+00
331 474 1.038570e-03 1.038570e-03 2 2 5 3 2.602769e-13 0.000000e+00
331 475 1.038570e-03 1.307482e-03 2 2 5 3 2.450314e-13 0.000000e+00
331 476 1.038570e-03 1.646023e-03 2 2 5 3 1.899749e-13 0.000000e+00
331 477 1.038570e-03 2.072220e-03 2 2 5 3 1.361565e-13 0.000000e+00
331 478 1.038570e-03 2.608770e-03 2 2 5 3 9.558342e-14 0.000000e+00
331 479 1.038570e-03 3.284247e-03 2 2 5 3 6.776381e-14 0.000000e+00
331 480 1.038570e-03 4.134622e-03 2 2 5 3 4.925250e-14 0.000000e+00
331 481 1.038570e-03 5.205181e-03 2 2 5 3 3.680954e-14 0.000000e+00
331 482 1.038570e-03 6.552935e-03 2 2 5 3 2.812433e-14 0.000000e+00
331 483 1.038570e-03 8.249656e-03 2 2 5 3 2.173342e-14 0.000000e+00
332 473 1.307482e-03 8.249656e-04 2 2 5 3 1.696534e-13 0.000000e+00
332 474 1.307482e-03 1.038570e-03 2 2 5 3 2.450314e-13 0.000000e+00
332 475 1.307482e-03 1.307482e-03 2 2 5 3 3.026937e-13 0.000000e+00
332 476 1.307482e-03 1.646023e-03 2 2 5 3 2.779036e-13 0.000000e+00
332 477 1.307482e-03 2.072220e-03 2 2 5 3 2.099676e-13 0.000000e+00
332 478 1.307482e-03 2.608770e-03 2 2 5 3 1.496947e-13 0.000000e+00
332 479 1.307482e-03 3.284247e-03 2 2 5 3 1.066221e-13 0.000000e+00
332 480 1.307482e-03 4.134622e-03 2 2 5 3 7.763405e-14 0.000000e+00
332 481 1.307482e-03 5.205181e-03 2 2 5 3 5.809105e-14 0.000000e+00
332 482 1.307482e-03 6.552935e-03 2 2 5 3 4.443253e-14 0.000000e+00
332 483 1.307482e-03 8.249656e-03 2 2 5 3 3.436807e-14 0.000000e+00
333 473 1.646023e-03 8.249656e-04 2 2 5 3 1.240259e-13 0.000000e+00
333 474 1.646023e-03 1.038570e-03 2 2 5 3 1.899749e-13 0.000000e+00
333 475 1.646023e-03 1.307482e-03 2 2 5 3 2.779036e-13 0.000000e+00
333 476 1.646023e-03 1.646023e-03 2 2 5 3 3.455283e-13 0.000000e+00
333 477 1.646023e-03 2.072220e-03 2 2 5 3 3.110063e-13 0.000000e+00
333 478 1.646023e-03 2.608770e-03 2 2 5 3 2.318240e-13 0.000000e+00
333 479 1.646023e-03 3.284247e-03 2 2 5 3 1.669307e-13 0.000000e+00
333 480 1.646023e-03 4.134622e-03 2 2 5 3 1.219621e-13 0.000000e+00
333 481 1.646023e-03 5.205181e-03 2 2 5 3 9.144338e-14 0.000000e+00
333 482 1.646023e-03 6.552935e-03 2 2 5 3 7.006452e-14 0.000000e+00
333 483 1.646023e-03 8.249656e-03 2 2 5 3 5.427545e-14 0.000000e+00
334 473 2.072220e-03 8.249656e-04 2 2 5 3 8.709632e-14 0.000000e+00
334 474 2.072220e-03 1.038570e-03 2 2 5 3 1.361565e-13 0.000000e+00
334 475 2.072220e-03 1.307482e-03 2 2 5 3 2.099676e-13 0.000000e+00
334 476 2.072220e-03 1.646023e-03 2 2 5 3 3.110063e-13 0.000000e+00
334 477 2.072220e-03 2.072220e-03 2 2 5 3 3.902581e-13 0.000000e+00
334 478 2.072220e-03 2.608770e-03 2 2 5 3 3.468812e-13 0.000000e+00
334 479 2.072220e-03 3.284247e-03 2 2 5 3 2.587463e-13 0.000000e+00
334 480 2.072220e-03 4.134622e-03 2 2 5 3 1.905288e-13 0.000000e+00
334 481 2.072220e-03 5.205181e-03 2 2 5 3 1.433523e-13 0.000000e+00
334 482 2.072220e-03 6.552935e-03 2 2 5 3 1.101473e-13 0.000000e+00
334 483 2.072220e-03 8.249656e-03 2 2 5 3 8.553139e-14 0.000000e+00
335 473 2.608770e-03 8.249656e-04 2 2 5 3 6.071961e-14 0.000000e+00
335 474 2.608770e-03 1.038570e-03 2 2 5 3 9.558342e-14 0.000000e+00
335 475 2.608770e-03 1.307482e-03 2 2 5 3 1.496947e-13 0.000000e+00
335 476 2.608770e-03 1.646023e-03 2 2 5 3 2.318240e-13 0.000000e+00
335 477 2.608770e-03 2.072220e-03 2 2 5 3 3.468812e-13 0.000000e+00
335 478 2.608770e-03 2.608770e-03 2 2 5 3 4.398786e-13 0.000000e+00
335 479 2.608770e-03 3.284247e-03 2 2 5 3 3.894548e-13 0.000000e+00
335 480 2.608770e-03 4.134622e-03 2 2 5 3 2.946064e-13 0.000000e+00
335 481 2.608770e-03 5.205181e-03 2 2 5 3 2.232063e-13 0.000000e+00
335 482 2.608770e-03 6.552935e-03 2 2 5 3 1.723064e-13 0.000000e+00
335 483 2.608770e-03 8.249656e-03 2 2 5 3 1.343224e-13 0.000000e+00
336 473 3.284247e-03 8.249656e-04 2 2 5 3 4.294614e-14 0.000000e+00
336 474 3.284247e-03 1.038570e-03 2 2 5 3 6.776381e-14 0.000000e+00
336 475 3.284247e-03 1.307482e-03 2 2 5 3 1.066221e-13 0.000000e+00
336 476 3.284247e-03 1.646023e-03 2 2 5 3 1.669307e-13 0.000000e+00
336 477 3.284247e-03 2.072220e-03 2 2 5 3 2.587463e-13 0.000000e+00
336 478 3.284247e-03 2.608770e-03 2 2 5 3 3.894548e-13 0.000000e+00
336 479 3.284247e-03 3.284247e-03 2 2 5 3 4.988078e-13 0.000000e+00
336 480 3.284247e-03 4.134622e-03 2 2 5 3 4.437120e-13 0.000000e+00
336 481 3.284247e-03 5.205181e-03 2 2 5 3 3.434885e-13 0.000000e+00
336 482 3.284247e-03 6.552935e-03 2 2 5 3 2.673516e-13 0.000000e+00
336 483 3.284247e-03 8.249656e-03 2 2 5 3 2.097578e-13 0.000000e+00
337 473 4.134622e-03 8.249656e-04 2 2 5 3 3.118270e-14 0.000000e+00
337 474 4.134622e-03 1.038570e-03 2 2 5 3 4.925250e-14 0.000000e+00
337 475 4.134622e-03 1.307482e-03 2 2 5 3 7.763405e-14 0.000000e+00
337 476 4.134622e-03 1.646023e-03 2 2 5 3 1.219621e-13 0.000000e+00
337 477 4.134622e-03 2.072220e-03 2 2 5 3 1.905288e-13 0.000000e+00
337 478 4.134622e-03 2.608770e-03 2 2 5 3 2.946064e-13 0.000000e+00
337 479 4.134622e-03 3.284247e-03 2 2 5 3 4.437120e-13 0.000000e+00
337 480 4.134622e-03 4.134622e-03 2 2 5 3 5.725630e-13 0.000000e+00
337 481 4.134622e-03 5.205181e-03 2 2 5 3 5.151540e-13 0.000000e+00
337 482 4.134622e-03 6.552935e-03 2 2 5 3 4.090889e-13 0.000000e+00
337 483 4.134622e-03 8.249656e-03 2 2 5 3 3.244861e-13 0.000000e+00
338 473 5.205181e-03 8.249656e-04 2 2 5 3 2.328749e-14 0.000000e+00
338 474 5.205181e-03 1.038570e-03 2 2 5 3 3.680954e-14 0.000000e+00
338 475 5.205181e-03 1.307482e-03 2 2 5 3 5.809105e-14 0.000000e+00
338 476 5.205181e-03 1.646023e-03 2 2 5 3 9.144338e-14 0.000000e+00
338 477 5.205181e-03 2.072220e-03 2 2 5 3 1.433523e-13 0.000000e+00
338 478 5.205181e-03 2.608770e-03 2 2 5 3 2.232063e-13 0.000000e+00
338 479 5.205181e-03 3.284247e-03 2 2 5 3 3.434885e-13 0.000000e+00
338 480 5.205181e-03 4.134622e-03 2 2 5 3 5.151540e-13 0.000000e+00
338 481 5.205181e-03 5.205181e-03 2 2 5 3 6.671658e-13 0.000000e+00
338 482 5.205181e-03 6.552935e-03 2 2 5 3 6.089786e-13 0.000000e+00
338 483 5.205181e-03 8.249656e-03 2 2 5 3 4.938841e-13 0.000000e+00
339 473 6.552935e-03 8.249656e-04 2 2 5 3 1.778079e-14 0.000000e+00
339 474 6.552935e-03 1.038570e-03 2 2 5 3 2.812433e-14 0.000000e+00
339 475 6.552935e-03 1.307482e-03 2 2 5 3 4.443253e-14 0.000000e+00
339 476 6.552935e-03 1.646023e-03 2 2 5 3 7.006452e-14 0.000000e+00
339 477 6.552935e-03 2.072220e-03 2 2 5 3 1.101473e-13 0.000000e+00
339 478 6.552935e-03 2.608770e-03 2 2 5 3 1.723064e-13 0.000000e+00
339 479 6.552935e-03 3.284247e-03 2 2 5 3 2.673516e-13 0.000000e+00
339 480 6.552935e-03 4.134622e-03 2 2 5 3 4.090889e-13 0.000000e+00
339 481 6.552935e-03 5.205181e-03 2 2 5 3 6.089786e-13 0.000000e+00
339 482 6.552935e-03 6.552935e-03 2 2 5 3 7.881754e-13 0.000000e+00
339 483 6.552935e-03 8.249656e-03 2 2 5 3 7.288836e-13 0.000000e+00
340 473 8.249656e-03 8.249656e-04 2 2 5 3 1.373223e-14 0.000000e+00
340 474 8.249656e-03 1.038570e-03 2 2 5 3 2.173342e-14 0.000000e+00
340 475 8.249656e-03 1.307482e-03 2 2 5 3 3.436807e-14 0.000000e+00
340 476 8.249656e-03 1.646023e-03 2 2 5 3 5.427545e-14 0.000000e+00
340 477 8.249656e-03 2.072220e-03 2 2 5 3 8.553139e-14 0.000000e+00
340 478 8.249656e-03 2.608770e-03 2 2 5 3 1.343224e-13 0.000000e+00
340 479 8.249656e-03 3.284247e-03 2 2 5 3 2.097578e-13 0.000000e+00
340 480 8.249656e-03 4.134622e-03 2 2 5 3 3.244861e-13 0.000000e+00
340 481 8.249656e-03 5.205181e-03 2 2 5 3 4.938841e-13 0.000000e+00
340 482 8.249656e-03 6.552935e-03 2 2 5 3 7.288836e-13 0.000000e+00
340 483 8.249656e-03 8.249656e-03 2 2 5 3 9.392130e-13 0.000000e+00
