# Please cite the following papers in research using this covariance:
# arXiv: 1601.05779, https://arxiv.org/abs/1601.05779
# arXiv: 1911.11947, https://arxiv.org/abs/1911.11947
# arXiv: 2004.04833, https://arxiv.org/abs/2004.04833
# arXiv: 1804.10663, https://arxiv.org/abs/1804.10663
########################################################
253 462 8.249656e-04 8.249656e-04 0 3 5 2 5.097625e-13 0.000000e+00
253 463 8.249656e-04 1.038570e-03 0 3 5 2 5.119151e-13 0.000000e+00
253 464 8.249656e-04 1.307482e-03 0 3 5 2 4.338039e-13 0.000000e+00
253 465 8.249656e-04 1.646023e-03 0 3 5 2 3.335771e-13 0.000000e+00
253 466 8.249656e-04 2.072220e-03 0 3 5 2 2.421083e-13 0.000000e+00
253 467 8.249656e-04 2.608770e-03 0 3 5 2 1.702500e-13 0.000000e+00
253 468 8.249656e-04 3.284247e-03 0 3 5 2 1.184451e-13 0.000000e+00
253 469 8.249656e-04 4.134622e-03 0 3 5 2 8.287599e-14 0.000000e+00
253 470 8.249656e-04 5.205181e-03 0 3 5 2 5.893493e-14 0.000000e+00
253 471 8.249656e-04 6.552935e-03 0 3 5 2 4.276204e-14 0.000000e+00
253 472 8.249656e-04 8.249656e-03 0 3 5 2 3.159678e-14 0.000000e+00
254 462 1.038570e-03 8.249656e-04 0 3 5 2 5.119151e-13 0.000000e+00
254 463 1.038570e-03 1.038570e-03 0 3 5 2 6.335531e-13 0.000000e+00
254 464 1.038570e-03 1.307482e-03 0 3 5 2 6.189645e-13 0.000000e+00
254 465 1.038570e-03 1.646023e-03 0 3 5 2 5.052233e-13 0.000000e+00
254 466 1.038570e-03 2.072220e-03 0 3 5 2 3.761349e-13 0.000000e+00
254 467 1.038570e-03 2.608770e-03 0 3 5 2 2.673985e-13 0.000000e+00
254 468 1.038570e-03 3.284247e-03 0 3 5 2 1.868663e-13 0.000000e+00
254 469 1.038570e-03 4.134622e-03 0 3 5 2 1.309842e-13 0.000000e+00
254 470 1.038570e-03 5.205181e-03 0 3 5 2 9.322150e-14 0.000000e+00
254 471 1.038570e-03 6.552935e-03 0 3 5 2 6.767379e-14 0.000000e+00
254 472 1.038570e-03 8.249656e-03 0 3 5 2 5.002326e-14 0.000000e+00
255 462 1.307482e-03 8.249656e-04 0 3 5 2 4.338039e-13 0.000000e+00
255 463 1.307482e-03 1.038570e-03 0 3 5 2 6.189645e-13 0.000000e+00
255 464 1.307482e-03 1.307482e-03 0 3 5 2 7.646671e-13 0.000000e+00
255 465 1.307482e-03 1.646023e-03 0 3 5 2 7.273625e-13 0.000000e+00
255 466 1.307482e-03 2.072220e-03 0 3 5 2 5.737562e-13 0.000000e+00
255 467 1.307482e-03 2.608770e-03 0 3 5 2 4.170072e-13 0.000000e+00
255 468 1.307482e-03 3.284247e-03 0 3 5 2 2.938881e-13 0.000000e+00
255 469 1.307482e-03 4.134622e-03 0 3 5 2 2.066584e-13 0.000000e+00
255 470 1.307482e-03 5.205181e-03 0 3 5 2 1.472807e-13 0.000000e+00
255 471 1.307482e-03 6.552935e-03 0 3 5 2 1.070054e-13 0.000000e+00
255 472 1.307482e-03 8.249656e-03 0 3 5 2 7.914533e-14 0.000000e+00
256 462 1.646023e-03 8.249656e-04 0 3 5 2 3.335771e-13 0.000000e+00
256 463 1.646023e-03 1.038570e-03 0 3 5 2 5.052233e-13 0.000000e+00
256 464 1.646023e-03 1.307482e-03 0 3 5 2 7.273625e-13 0.000000e+00
256 465 1.646023e-03 1.646023e-03 0 3 5 2 8.996141e-13 0.000000e+00
256 466 1.646023e-03 2.072220e-03 0 3 5 2 8.349171e-13 0.000000e+00
256 467 1.646023e-03 2.608770e-03 0 3 5 2 6.403751e-13 0.000000e+00
256 468 1.646023e-03 3.284247e-03 0 3 5 2 4.594744e-13 0.000000e+00
256 469 1.646023e-03 4.134622e-03 0 3 5 2 3.250879e-13 0.000000e+00
256 470 1.646023e-03 5.205181e-03 0 3 5 2 2.322424e-13 0.000000e+00
256 471 1.646023e-03 6.552935e-03 0 3 5 2 1.689605e-13 0.000000e+00
256 472 1.646023e-03 8.249656e-03 0 3 5 2 1.250936e-13 0.000000e+00
257 462 2.072220e-03 8.249656e-04 0 3 5 2 2.421083e-13 0.000000e+00
257 463 2.072220e-03 1.038570e-03 0 3 5 2 3.761349e-13 0.000000e+00
257 464 2.072220e-03 1.307482e-03 0 3 5 2 5.737562e-13 0.000000e+00
257 465 2.072220e-03 1.646023e-03 0 3 5 2 8.349171e-13 0.000000e+00
257 466 2.072220e-03 2.072220e-03 0 3 5 2 1.036986e-12 0.000000e+00
257 467 2.072220e-03 2.608770e-03 0 3 5 2 9.424428e-13 0.000000e+00
257 468 2.072220e-03 3.284247e-03 0 3 5 2 7.091738e-13 0.000000e+00
257 469 2.072220e-03 4.134622e-03 0 3 5 2 5.086473e-13 0.000000e+00
257 470 2.072220e-03 5.205181e-03 0 3 5 2 3.650510e-13 0.000000e+00
257 471 2.072220e-03 6.552935e-03 0 3 5 2 2.661871e-13 0.000000e+00
257 472 2.072220e-03 8.249656e-03 0 3 5 2 1.973950e-13 0.000000e+00
258 462 2.608770e-03 8.249656e-04 0 3 5 2 1.702500e-13 0.000000e+00
258 463 2.608770e-03 1.038570e-03 0 3 5 2 2.673985e-13 0.000000e+00
258 464 2.608770e-03 1.307482e-03 0 3 5 2 4.170072e-13 0.000000e+00
258 465 2.608770e-03 1.646023e-03 0 3 5 2 6.403751e-13 0.000000e+00
258 466 2.608770e-03 2.072220e-03 0 3 5 2 9.424428e-13 0.000000e+00
258 467 2.608770e-03 2.608770e-03 0 3 5 2 1.178590e-12 0.000000e+00
258 468 2.608770e-03 3.284247e-03 0 3 5 2 1.054417e-12 0.000000e+00
258 469 2.608770e-03 4.134622e-03 0 3 5 2 7.870212e-13 0.000000e+00
258 470 2.608770e-03 5.205181e-03 0 3 5 2 5.706539e-13 0.000000e+00
258 471 2.608770e-03 6.552935e-03 0 3 5 2 4.178180e-13 0.000000e+00
258 472 2.608770e-03 8.249656e-03 0 3 5 2 3.106650e-13 0.000000e+00
259 462 3.284247e-03 8.249656e-04 0 3 5 2 1.184451e-13 0.000000e+00
259 463 3.284247e-03 1.038570e-03 0 3 5 2 1.868663e-13 0.000000e+00
259 464 3.284247e-03 1.307482e-03 0 3 5 2 2.938881e-13 0.000000e+00
259 465 3.284247e-03 1.646023e-03 0 3 5 2 4.594744e-13 0.000000e+00
259 466 3.284247e-03 2.072220e-03 0 3 5 2 7.091738e-13 0.000000e+00
259 467 3.284247e-03 2.608770e-03 0 3 5 2 1.054417e-12 0.000000e+00
259 468 3.284247e-03 3.284247e-03 0 3 5 2 1.329927e-12 0.000000e+00
259 469 3.284247e-03 4.134622e-03 0 3 5 2 1.178856e-12 0.000000e+00
259 470 3.284247e-03 5.205181e-03 0 3 5 2 8.826424e-13 0.000000e+00
259 471 3.284247e-03 6.552935e-03 0 3 5 2 6.517664e-13 0.000000e+00
259 472 3.284247e-03 8.249656e-03 0 3 5 2 4.868302e-13 0.000000e+00
260 462 4.134622e-03 8.249656e-04 0 3 5 2 8.287599e-14 0.000000e+00
260 463 4.134622e-03 1.038570e-03 0 3 5 2 1.309842e-13 0.000000e+00
260 464 4.134622e-03 1.307482e-03 0 3 5 2 2.066584e-13 0.000000e+00
260 465 4.134622e-03 1.646023e-03 0 3 5 2 3.250879e-13 0.000000e+00
260 466 4.134622e-03 2.072220e-03 0 3 5 2 5.086473e-13 0.000000e+00
260 467 4.134622e-03 2.608770e-03 0 3 5 2 7.870212e-13 0.000000e+00
260 468 4.134622e-03 3.284247e-03 0 3 5 2 1.178856e-12 0.000000e+00
260 469 4.134622e-03 4.134622e-03 0 3 5 2 1.500008e-12 0.000000e+00
260 470 4.134622e-03 5.205181e-03 0 3 5 2 1.326555e-12 0.000000e+00
260 471 4.134622e-03 6.552935e-03 0 3 5 2 1.005379e-12 0.000000e+00
260 472 4.134622e-03 8.249656e-03 0 3 5 2 7.574209e-13 0.000000e+00
261 462 5.205181e-03 8.249656e-04 0 3 5 2 5.893493e-14 0.000000e+00
261 463 5.205181e-03 1.038570e-03 0 3 5 2 9.322150e-14 0.000000e+00
261 464 5.205181e-03 1.307482e-03 0 3 5 2 1.472807e-13 0.000000e+00
261 465 5.205181e-03 1.646023e-03 0 3 5 2 2.322424e-13 0.000000e+00
261 466 5.205181e-03 2.072220e-03 0 3 5 2 3.650510e-13 0.000000e+00
261 467 5.205181e-03 2.608770e-03 0 3 5 2 5.706539e-13 0.000000e+00
261 468 5.205181e-03 3.284247e-03 0 3 5 2 8.826424e-13 0.000000e+00
261 469 5.205181e-03 4.134622e-03 0 3 5 2 1.326555e-12 0.000000e+00
261 470 5.205181e-03 5.205181e-03 0 3 5 2 1.700586e-12 0.000000e+00
261 471 5.205181e-03 6.552935e-03 0 3 5 2 1.509718e-12 0.000000e+00
261 472 5.205181e-03 8.249656e-03 0 3 5 2 1.163634e-12 0.000000e+00
262 462 6.552935e-03 8.249656e-04 0 3 5 2 4.276204e-14 0.000000e+00
262 463 6.552935e-03 1.038570e-03 0 3 5 2 6.767379e-14 0.000000e+00
262 464 6.552935e-03 1.307482e-03 0 3 5 2 1.070054e-13 0.000000e+00
262 465 6.552935e-03 1.646023e-03 0 3 5 2 1.689605e-13 0.000000e+00
262 466 6.552935e-03 2.072220e-03 0 3 5 2 2.661871e-13 0.000000e+00
262 467 6.552935e-03 2.608770e-03 0 3 5 2 4.178180e-13 0.000000e+00
262 468 6.552935e-03 3.284247e-03 0 3 5 2 6.517664e-13 0.000000e+00
262 469 6.552935e-03 4.134622e-03 0 3 5 2 1.005379e-12 0.000000e+00
262 470 6.552935e-03 5.205181e-03 0 3 5 2 1.509718e-12 0.000000e+00
262 471 6.552935e-03 6.552935e-03 0 3 5 2 1.944705e-12 0.000000e+00
262 472 6.552935e-03 8.249656e-03 0 3 5 2 1.739896e-12 0.000000e+00
263 462 8.249656e-03 8.249656e-04 0 3 5 2 3.159678e-14 0.000000e+00
263 463 8.249656e-03 1.038570e-03 0 3 5 2 5.002326e-14 0.000000e+00
263 464 8.249656e-03 1.307482e-03 0 3 5 2 7.914533e-14 0.000000e+00
263 465 8.249656e-03 1.646023e-03 0 3 5 2 1.250936e-13 0.000000e+00
263 466 8.249656e-03 2.072220e-03 0 3 5 2 1.973950e-13 0.000000e+00
263 467 8.249656e-03 2.608770e-03 0 3 5 2 3.106650e-13 0.000000e+00
263 468 8.249656e-03 3.284247e-03 0 3 5 2 4.868302e-13 0.000000e+00
263 469 8.249656e-03 4.134622e-03 0 3 5 2 7.574209e-13 0.000000e+00
263 470 8.249656e-03 5.205181e-03 0 3 5 2 1.163634e-12 0.000000e+00
263 471 8.249656e-03 6.552935e-03 0 3 5 2 1.739896e-12 0.000000e+00
263 472 8.249656e-03 8.249656e-03 0 3 5 2 2.244281e-12 0.000000e+00
