# Please cite the following papers in research using this covariance:
# arXiv: 1601.05779, https://arxiv.org/abs/1601.05779
# arXiv: 1911.11947, https://arxiv.org/abs/1911.11947
# arXiv: 2004.04833, https://arxiv.org/abs/2004.04833
# arXiv: 1804.10663, https://arxiv.org/abs/1804.10663
########################################################
363 396 8.249656e-04 8.249656e-04 3 1 4 0 1.033305e-13 0.000000e+00
363 397 8.249656e-04 1.038570e-03 3 1 4 0 1.037853e-13 0.000000e+00
363 398 8.249656e-04 1.307482e-03 3 1 4 0 8.861235e-14 0.000000e+00
363 399 8.249656e-04 1.646023e-03 3 1 4 0 6.988155e-14 0.000000e+00
363 400 8.249656e-04 2.072220e-03 3 1 4 0 5.313268e-14 0.000000e+00
363 401 8.249656e-04 2.608770e-03 3 1 4 0 3.985163e-14 0.000000e+00
363 402 8.249656e-04 3.284247e-03 3 1 4 0 2.984032e-14 0.000000e+00
363 403 8.249656e-04 4.134622e-03 3 1 4 0 2.239623e-14 0.000000e+00
363 404 8.249656e-04 5.205181e-03 3 1 4 0 1.682294e-14 0.000000e+00
363 405 8.249656e-04 6.552935e-03 3 1 4 0 1.259042e-14 0.000000e+00
363 406 8.249656e-04 8.249656e-03 3 1 4 0 9.342343e-15 0.000000e+00
364 396 1.038570e-03 8.249656e-04 3 1 4 0 1.037853e-13 0.000000e+00
364 397 1.038570e-03 1.038570e-03 3 1 4 0 1.291254e-13 0.000000e+00
364 398 1.038570e-03 1.307482e-03 3 1 4 0 1.270474e-13 0.000000e+00
364 399 1.038570e-03 1.646023e-03 3 1 4 0 1.059052e-13 0.000000e+00
364 400 1.038570e-03 2.072220e-03 3 1 4 0 8.234374e-14 0.000000e+00
364 401 1.038570e-03 2.608770e-03 3 1 4 0 6.237419e-14 0.000000e+00
364 402 1.038570e-03 3.284247e-03 3 1 4 0 4.693169e-14 0.000000e+00
364 403 1.038570e-03 4.134622e-03 3 1 4 0 3.532024e-14 0.000000e+00
364 404 1.038570e-03 5.205181e-03 3 1 4 0 2.657676e-14 0.000000e+00
364 405 1.038570e-03 6.552935e-03 3 1 4 0 1.991351e-14 0.000000e+00
364 406 1.038570e-03 8.249656e-03 3 1 4 0 1.478766e-14 0.000000e+00
365 396 1.307482e-03 8.249656e-04 3 1 4 0 8.861235e-14 0.000000e+00
365 397 1.307482e-03 1.038570e-03 3 1 4 0 1.270474e-13 0.000000e+00
365 398 1.307482e-03 1.307482e-03 3 1 4 0 1.582442e-13 0.000000e+00
365 399 1.307482e-03 1.646023e-03 3 1 4 0 1.529784e-13 0.000000e+00
365 400 1.307482e-03 2.072220e-03 3 1 4 0 1.252740e-13 0.000000e+00
365 401 1.307482e-03 2.608770e-03 3 1 4 0 9.677241e-14 0.000000e+00
365 402 1.307482e-03 3.284247e-03 3 1 4 0 7.345011e-14 0.000000e+00
365 403 1.307482e-03 4.134622e-03 3 1 4 0 5.553300e-14 0.000000e+00
365 404 1.307482e-03 5.205181e-03 3 1 4 0 4.190435e-14 0.000000e+00
365 405 1.307482e-03 6.552935e-03 3 1 4 0 3.145742e-14 0.000000e+00
365 406 1.307482e-03 8.249656e-03 3 1 4 0 2.338912e-14 0.000000e+00
366 396 1.646023e-03 8.249656e-04 3 1 4 0 6.988155e-14 0.000000e+00
366 397 1.646023e-03 1.038570e-03 3 1 4 0 1.059052e-13 0.000000e+00
366 398 1.646023e-03 1.307482e-03 3 1 4 0 1.529784e-13 0.000000e+00
366 399 1.646023e-03 1.646023e-03 3 1 4 0 1.911384e-13 0.000000e+00
366 400 1.646023e-03 2.072220e-03 3 1 4 0 1.822249e-13 0.000000e+00
366 401 1.646023e-03 2.608770e-03 3 1 4 0 1.475842e-13 0.000000e+00
366 402 1.646023e-03 3.284247e-03 3 1 4 0 1.139673e-13 0.000000e+00
366 403 1.646023e-03 4.134622e-03 3 1 4 0 8.687147e-14 0.000000e+00
366 404 1.646023e-03 5.205181e-03 3 1 4 0 6.586280e-14 0.000000e+00
366 405 1.646023e-03 6.552935e-03 3 1 4 0 4.959484e-14 0.000000e+00
366 406 1.646023e-03 8.249656e-03 3 1 4 0 3.694860e-14 0.000000e+00
367 396 2.072220e-03 8.249656e-04 3 1 4 0 5.313268e-14 0.000000e+00
367 397 2.072220e-03 1.038570e-03 3 1 4 0 8.234374e-14 0.000000e+00
367 398 2.072220e-03 1.307482e-03 3 1 4 0 1.252740e-13 0.000000e+00
367 399 2.072220e-03 1.646023e-03 3 1 4 0 1.822249e-13 0.000000e+00
367 400 2.072220e-03 2.072220e-03 3 1 4 0 2.286864e-13 0.000000e+00
367 401 2.072220e-03 2.608770e-03 3 1 4 0 2.158625e-13 0.000000e+00
367 402 2.072220e-03 3.284247e-03 3 1 4 0 1.739497e-13 0.000000e+00
367 403 2.072220e-03 4.134622e-03 3 1 4 0 1.347096e-13 0.000000e+00
367 404 2.072220e-03 5.205181e-03 3 1 4 0 1.029752e-13 0.000000e+00
367 405 2.072220e-03 6.552935e-03 3 1 4 0 7.793642e-14 0.000000e+00
367 406 2.072220e-03 8.249656e-03 3 1 4 0 5.825381e-14 0.000000e+00
368 396 2.608770e-03 8.249656e-04 3 1 4 0 3.985163e-14 0.000000e+00
368 397 2.608770e-03 1.038570e-03 3 1 4 0 6.237419e-14 0.000000e+00
368 398 2.608770e-03 1.307482e-03 3 1 4 0 9.677241e-14 0.000000e+00
368 399 2.608770e-03 1.646023e-03 3 1 4 0 1.475842e-13 0.000000e+00
368 400 2.608770e-03 2.072220e-03 3 1 4 0 2.158625e-13 0.000000e+00
368 401 2.608770e-03 2.608770e-03 3 1 4 0 2.721765e-13 0.000000e+00
368 402 2.608770e-03 3.284247e-03 3 1 4 0 2.552781e-13 0.000000e+00
368 403 2.608770e-03 4.134622e-03 3 1 4 0 2.055037e-13 0.000000e+00
368 404 2.608770e-03 5.205181e-03 3 1 4 0 1.595472e-13 0.000000e+00
368 405 2.608770e-03 6.552935e-03 3 1 4 0 1.218128e-13 0.000000e+00
368 406 2.608770e-03 8.249656e-03 3 1 4 0 9.154673e-14 0.000000e+00
369 396 3.284247e-03 8.249656e-04 3 1 4 0 2.984032e-14 0.000000e+00
369 397 3.284247e-03 1.038570e-03 3 1 4 0 4.693169e-14 0.000000e+00
369 398 3.284247e-03 1.307482e-03 3 1 4 0 7.345011e-14 0.000000e+00
369 399 3.284247e-03 1.646023e-03 3 1 4 0 1.139673e-13 0.000000e+00
369 400 3.284247e-03 2.072220e-03 3 1 4 0 1.739497e-13 0.000000e+00
369 401 3.284247e-03 2.608770e-03 3 1 4 0 2.552781e-13 0.000000e+00
369 402 3.284247e-03 3.284247e-03 3 1 4 0 3.231519e-13 0.000000e+00
369 403 3.284247e-03 4.134622e-03 3 1 4 0 3.019180e-13 0.000000e+00
369 404 3.284247e-03 5.205181e-03 3 1 4 0 2.431092e-13 0.000000e+00
369 405 3.284247e-03 6.552935e-03 3 1 4 0 1.886202e-13 0.000000e+00
369 406 3.284247e-03 8.249656e-03 3 1 4 0 1.430872e-13 0.000000e+00
370 396 4.134622e-03 8.249656e-04 3 1 4 0 2.239623e-14 0.000000e+00
370 397 4.134622e-03 1.038570e-03 3 1 4 0 3.532024e-14 0.000000e+00
370 398 4.134622e-03 1.307482e-03 3 1 4 0 5.553300e-14 0.000000e+00
370 399 4.134622e-03 1.646023e-03 3 1 4 0 8.687147e-14 0.000000e+00
370 400 4.134622e-03 2.072220e-03 3 1 4 0 1.347096e-13 0.000000e+00
370 401 4.134622e-03 2.608770e-03 3 1 4 0 2.055037e-13 0.000000e+00
370 402 4.134622e-03 3.284247e-03 3 1 4 0 3.019180e-13 0.000000e+00
370 403 4.134622e-03 4.134622e-03 3 1 4 0 3.831365e-13 0.000000e+00
370 404 4.134622e-03 5.205181e-03 3 1 4 0 3.569637e-13 0.000000e+00
370 405 4.134622e-03 6.552935e-03 3 1 4 0 2.870958e-13 0.000000e+00
370 406 4.134622e-03 8.249656e-03 3 1 4 0 2.215409e-13 0.000000e+00
371 396 5.205181e-03 8.249656e-04 3 1 4 0 1.682294e-14 0.000000e+00
371 397 5.205181e-03 1.038570e-03 3 1 4 0 2.657676e-14 0.000000e+00
371 398 5.205181e-03 1.307482e-03 3 1 4 0 4.190435e-14 0.000000e+00
371 399 5.205181e-03 1.646023e-03 3 1 4 0 6.586280e-14 0.000000e+00
371 400 5.205181e-03 2.072220e-03 3 1 4 0 1.029752e-13 0.000000e+00
371 401 5.205181e-03 2.608770e-03 3 1 4 0 1.595472e-13 0.000000e+00
371 402 5.205181e-03 3.284247e-03 3 1 4 0 2.431092e-13 0.000000e+00
371 403 5.205181e-03 4.134622e-03 3 1 4 0 3.569637e-13 0.000000e+00
371 404 5.205181e-03 5.205181e-03 3 1 4 0 4.533115e-13 0.000000e+00
371 405 5.205181e-03 6.552935e-03 3 1 4 0 4.209971e-13 0.000000e+00
371 406 5.205181e-03 8.249656e-03 3 1 4 0 3.370471e-13 0.000000e+00
372 396 6.552935e-03 8.249656e-04 3 1 4 0 1.259042e-14 0.000000e+00
372 397 6.552935e-03 1.038570e-03 3 1 4 0 1.991351e-14 0.000000e+00
372 398 6.552935e-03 1.307482e-03 3 1 4 0 3.145742e-14 0.000000e+00
372 399 6.552935e-03 1.646023e-03 3 1 4 0 4.959484e-14 0.000000e+00
372 400 6.552935e-03 2.072220e-03 3 1 4 0 7.793642e-14 0.000000e+00
372 401 6.552935e-03 2.608770e-03 3 1 4 0 1.218128e-13 0.000000e+00
372 402 6.552935e-03 3.284247e-03 3 1 4 0 1.886202e-13 0.000000e+00
372 403 6.552935e-03 4.134622e-03 3 1 4 0 2.870958e-13 0.000000e+00
372 404 6.552935e-03 5.205181e-03 3 1 4 0 4.209971e-13 0.000000e+00
372 405 6.552935e-03 6.552935e-03 3 1 4 0 5.341718e-13 0.000000e+00
372 406 6.552935e-03 8.249656e-03 3 1 4 0 4.936865e-13 0.000000e+00
373 396 8.249656e-03 8.249656e-04 3 1 4 0 9.342343e-15 0.000000e+00
373 397 8.249656e-03 1.038570e-03 3 1 4 0 1.478766e-14 0.000000e+00
373 398 8.249656e-03 1.307482e-03 3 1 4 0 2.338912e-14 0.000000e+00
373 399 8.249656e-03 1.646023e-03 3 1 4 0 3.694860e-14 0.000000e+00
373 400 8.249656e-03 2.072220e-03 3 1 4 0 5.825381e-14 0.000000e+00
373 401 8.249656e-03 2.608770e-03 3 1 4 0 9.154673e-14 0.000000e+00
373 402 8.249656e-03 3.284247e-03 3 1 4 0 1.430872e-13 0.000000e+00
373 403 8.249656e-03 4.134622e-03 3 1 4 0 2.215409e-13 0.000000e+00
373 404 8.249656e-03 5.205181e-03 3 1 4 0 3.370471e-13 0.000000e+00
373 405 8.249656e-03 6.552935e-03 3 1 4 0 4.936865e-13 0.000000e+00
373 406 8.249656e-03 8.249656e-03 3 1 4 0 6.251787e-13 0.000000e+00
