# Please cite the following papers in research using this covariance:
# arXiv: 1601.05779, https://arxiv.org/abs/1601.05779
# arXiv: 1911.11947, https://arxiv.org/abs/1911.11947
# arXiv: 2004.04833, https://arxiv.org/abs/2004.04833
# arXiv: 1804.10663, https://arxiv.org/abs/1804.10663
########################################################
418 462 8.249656e-04 8.249656e-04 4 2 5 2 4.825291e-11 0.000000e+00
418 463 8.249656e-04 1.038570e-03 4 2 5 2 2.641259e-11 0.000000e+00
418 464 8.249656e-04 1.307482e-03 4 2 5 2 1.123560e-11 0.000000e+00
418 465 8.249656e-04 1.646023e-03 4 2 5 2 5.488079e-12 0.000000e+00
418 466 8.249656e-04 2.072220e-03 4 2 5 2 2.968738e-12 0.000000e+00
418 467 8.249656e-04 2.608770e-03 4 2 5 2 1.718722e-12 0.000000e+00
418 468 8.249656e-04 3.284247e-03 4 2 5 2 1.036640e-12 0.000000e+00
418 469 8.249656e-04 4.134622e-03 4 2 5 2 6.390231e-13 0.000000e+00
418 470 8.249656e-04 5.205181e-03 4 2 5 2 3.969937e-13 0.000000e+00
418 471 8.249656e-04 6.552935e-03 4 2 5 2 2.466689e-13 0.000000e+00
418 472 8.249656e-04 8.249656e-03 4 2 5 2 1.524002e-13 0.000000e+00
419 462 1.038570e-03 8.249656e-04 4 2 5 2 2.641259e-11 0.000000e+00
419 463 1.038570e-03 1.038570e-03 4 2 5 2 4.131743e-11 0.000000e+00
419 464 1.038570e-03 1.307482e-03 4 2 5 2 2.183940e-11 0.000000e+00
419 465 1.038570e-03 1.646023e-03 4 2 5 2 9.417858e-12 0.000000e+00
419 466 1.038570e-03 2.072220e-03 4 2 5 2 4.844870e-12 0.000000e+00
419 467 1.038570e-03 2.608770e-03 4 2 5 2 2.751524e-12 0.000000e+00
419 468 1.038570e-03 3.284247e-03 4 2 5 2 1.648264e-12 0.000000e+00
419 469 1.038570e-03 4.134622e-03 4 2 5 2 1.013569e-12 0.000000e+00
419 470 1.038570e-03 5.205181e-03 4 2 5 2 6.294097e-13 0.000000e+00
419 471 1.038570e-03 6.552935e-03 4 2 5 2 3.909651e-13 0.000000e+00
419 472 1.038570e-03 8.249656e-03 4 2 5 2 2.416091e-13 0.000000e+00
420 462 1.307482e-03 8.249656e-04 4 2 5 2 1.123560e-11 0.000000e+00
420 463 1.307482e-03 1.038570e-03 4 2 5 2 2.183940e-11 0.000000e+00
420 464 1.307482e-03 1.307482e-03 4 2 5 2 3.521422e-11 0.000000e+00
420 465 1.307482e-03 1.646023e-03 4 2 5 2 1.824015e-11 0.000000e+00
420 466 1.307482e-03 2.072220e-03 4 2 5 2 8.177507e-12 0.000000e+00
420 467 1.307482e-03 2.608770e-03 4 2 5 2 4.447442e-12 0.000000e+00
420 468 1.307482e-03 3.284247e-03 4 2 5 2 2.627796e-12 0.000000e+00
420 469 1.307482e-03 4.134622e-03 4 2 5 2 1.609103e-12 0.000000e+00
420 470 1.307482e-03 5.205181e-03 4 2 5 2 9.981350e-13 0.000000e+00
420 471 1.307482e-03 6.552935e-03 4 2 5 2 6.198135e-13 0.000000e+00
420 472 1.307482e-03 8.249656e-03 4 2 5 2 3.829846e-13 0.000000e+00
421 462 1.646023e-03 8.249656e-04 4 2 5 2 5.488079e-12 0.000000e+00
421 463 1.646023e-03 1.038570e-03 4 2 5 2 9.417858e-12 0.000000e+00
421 464 1.646023e-03 1.307482e-03 4 2 5 2 1.824015e-11 0.000000e+00
421 465 1.646023e-03 1.646023e-03 4 2 5 2 3.005722e-11 0.000000e+00
421 466 1.646023e-03 2.072220e-03 4 2 5 2 1.553611e-11 0.000000e+00
421 467 1.646023e-03 2.608770e-03 4 2 5 2 7.374359e-12 0.000000e+00
421 468 1.646023e-03 3.284247e-03 4 2 5 2 4.214960e-12 0.000000e+00
421 469 1.646023e-03 4.134622e-03 4 2 5 2 2.558388e-12 0.000000e+00
421 470 1.646023e-03 5.205181e-03 4 2 5 2 1.583381e-12 0.000000e+00
421 471 1.646023e-03 6.552935e-03 4 2 5 2 9.827688e-13 0.000000e+00
421 472 1.646023e-03 8.249656e-03 4 2 5 2 6.072496e-13 0.000000e+00
422 462 2.072220e-03 8.249656e-04 4 2 5 2 2.968738e-12 0.000000e+00
422 463 2.072220e-03 1.038570e-03 4 2 5 2 4.844870e-12 0.000000e+00
422 464 2.072220e-03 1.307482e-03 4 2 5 2 8.177507e-12 0.000000e+00
422 465 2.072220e-03 1.646023e-03 4 2 5 2 1.553611e-11 0.000000e+00
422 466 2.072220e-03 2.072220e-03 4 2 5 2 2.584365e-11 0.000000e+00
422 467 2.072220e-03 2.608770e-03 4 2 5 2 1.359130e-11 0.000000e+00
422 468 2.072220e-03 3.284247e-03 4 2 5 2 6.879922e-12 0.000000e+00
422 469 2.072220e-03 4.134622e-03 4 2 5 2 4.082003e-12 0.000000e+00
422 470 2.072220e-03 5.205181e-03 4 2 5 2 2.513822e-12 0.000000e+00
422 471 2.072220e-03 6.552935e-03 4 2 5 2 1.558734e-12 0.000000e+00
422 472 2.072220e-03 8.249656e-03 4 2 5 2 9.629677e-13 0.000000e+00
423 462 2.608770e-03 8.249656e-04 4 2 5 2 1.718722e-12 0.000000e+00
423 463 2.608770e-03 1.038570e-03 4 2 5 2 2.751524e-12 0.000000e+00
423 464 2.608770e-03 1.307482e-03 4 2 5 2 4.447442e-12 0.000000e+00
423 465 2.608770e-03 1.646023e-03 4 2 5 2 7.374359e-12 0.000000e+00
423 466 2.608770e-03 2.072220e-03 4 2 5 2 1.359130e-11 0.000000e+00
423 467 2.608770e-03 2.608770e-03 4 2 5 2 2.250558e-11 0.000000e+00
423 468 2.608770e-03 3.284247e-03 4 2 5 2 1.224532e-11 0.000000e+00
423 469 2.608770e-03 4.134622e-03 4 2 5 2 6.584483e-12 0.000000e+00
423 470 2.608770e-03 5.205181e-03 4 2 5 2 3.998744e-12 0.000000e+00
423 471 2.608770e-03 6.552935e-03 4 2 5 2 2.473550e-12 0.000000e+00
423 472 2.608770e-03 8.249656e-03 4 2 5 2 1.527648e-12 0.000000e+00
424 462 3.284247e-03 8.249656e-04 4 2 5 2 1.036640e-12 0.000000e+00
424 463 3.284247e-03 1.038570e-03 4 2 5 2 1.648264e-12 0.000000e+00
424 464 3.284247e-03 1.307482e-03 4 2 5 2 2.627796e-12 0.000000e+00
424 465 3.284247e-03 1.646023e-03 4 2 5 2 4.214960e-12 0.000000e+00
424 466 3.284247e-03 2.072220e-03 4 2 5 2 6.879922e-12 0.000000e+00
424 467 3.284247e-03 2.608770e-03 4 2 5 2 1.224532e-11 0.000000e+00
424 468 3.284247e-03 3.284247e-03 4 2 5 2 1.992886e-11 0.000000e+00
424 469 3.284247e-03 4.134622e-03 4 2 5 2 1.133934e-11 0.000000e+00
424 470 3.284247e-03 5.205181e-03 4 2 5 2 6.401382e-12 0.000000e+00
424 471 3.284247e-03 6.552935e-03 4 2 5 2 3.929899e-12 0.000000e+00
424 472 3.284247e-03 8.249656e-03 4 2 5 2 2.424845e-12 0.000000e+00
425 462 4.134622e-03 8.249656e-04 4 2 5 2 6.390231e-13 0.000000e+00
425 463 4.134622e-03 1.038570e-03 4 2 5 2 1.013569e-12 0.000000e+00
425 464 4.134622e-03 1.307482e-03 4 2 5 2 1.609103e-12 0.000000e+00
425 465 4.134622e-03 1.646023e-03 4 2 5 2 2.558388e-12 0.000000e+00
425 466 4.134622e-03 2.072220e-03 4 2 5 2 4.082003e-12 0.000000e+00
425 467 4.134622e-03 2.608770e-03 4 2 5 2 6.584483e-12 0.000000e+00
425 468 4.134622e-03 3.284247e-03 4 2 5 2 1.133934e-11 0.000000e+00
425 469 4.134622e-03 4.134622e-03 4 2 5 2 1.797730e-11 0.000000e+00
425 470 4.134622e-03 5.205181e-03 4 2 5 2 1.073190e-11 0.000000e+00
425 471 4.134622e-03 6.552935e-03 4 2 5 2 6.266673e-12 0.000000e+00
425 472 4.134622e-03 8.249656e-03 4 2 5 2 3.852922e-12 0.000000e+00
426 462 5.205181e-03 8.249656e-04 4 2 5 2 3.969937e-13 0.000000e+00
426 463 5.205181e-03 1.038570e-03 4 2 5 2 6.294097e-13 0.000000e+00
426 464 5.205181e-03 1.307482e-03 4 2 5 2 9.981350e-13 0.000000e+00
426 465 5.205181e-03 1.646023e-03 4 2 5 2 1.583381e-12 0.000000e+00
426 466 5.205181e-03 2.072220e-03 4 2 5 2 2.513822e-12 0.000000e+00
426 467 5.205181e-03 2.608770e-03 4 2 5 2 3.998744e-12 0.000000e+00
426 468 5.205181e-03 3.284247e-03 4 2 5 2 6.401382e-12 0.000000e+00
426 469 5.205181e-03 4.134622e-03 4 2 5 2 1.073190e-11 0.000000e+00
426 470 5.205181e-03 5.205181e-03 4 2 5 2 1.651106e-11 0.000000e+00
426 471 5.205181e-03 6.552935e-03 4 2 5 2 1.030685e-11 0.000000e+00
426 472 5.205181e-03 8.249656e-03 4 2 5 2 6.137226e-12 0.000000e+00
427 462 6.552935e-03 8.249656e-04 4 2 5 2 2.466689e-13 0.000000e+00
427 463 6.552935e-03 1.038570e-03 4 2 5 2 3.909651e-13 0.000000e+00
427 464 6.552935e-03 1.307482e-03 4 2 5 2 6.198135e-13 0.000000e+00
427 465 6.552935e-03 1.646023e-03 4 2 5 2 9.827688e-13 0.000000e+00
427 466 6.552935e-03 2.072220e-03 4 2 5 2 1.558734e-12 0.000000e+00
427 467 6.552935e-03 2.608770e-03 4 2 5 2 2.473550e-12 0.000000e+00
427 468 6.552935e-03 3.284247e-03 4 2 5 2 3.929899e-12 0.000000e+00
427 469 6.552935e-03 4.134622e-03 4 2 5 2 6.266673e-12 0.000000e+00
427 470 6.552935e-03 5.205181e-03 4 2 5 2 1.030685e-11 0.000000e+00
427 471 6.552935e-03 6.552935e-03 4 2 5 2 1.540044e-11 0.000000e+00
427 472 6.552935e-03 8.249656e-03 4 2 5 2 9.975723e-12 0.000000e+00
428 462 8.249656e-03 8.249656e-04 4 2 5 2 1.524002e-13 0.000000e+00
428 463 8.249656e-03 1.038570e-03 4 2 5 2 2.416091e-13 0.000000e+00
428 464 8.249656e-03 1.307482e-03 4 2 5 2 3.829846e-13 0.000000e+00
428 465 8.249656e-03 1.646023e-03 4 2 5 2 6.072496e-13 0.000000e+00
428 466 8.249656e-03 2.072220e-03 4 2 5 2 9.629677e-13 0.000000e+00
428 467 8.249656e-03 2.608770e-03 4 2 5 2 1.527648e-12 0.000000e+00
428 468 8.249656e-03 3.284247e-03 4 2 5 2 2.424845e-12 0.000000e+00
428 469 8.249656e-03 4.134622e-03 4 2 5 2 3.852922e-12 0.000000e+00
428 470 8.249656e-03 5.205181e-03 4 2 5 2 6.137226e-12 0.000000e+00
428 471 8.249656e-03 6.552935e-03 4 2 5 2 9.975723e-12 0.000000e+00
428 472 8.249656e-03 8.249656e-03 4 2 5 2 1.453340e-11 0.000000e+00
