# Please cite the following papers in research using this covariance:
# arXiv: 1601.05779, https://arxiv.org/abs/1601.05779
# arXiv: 1911.11947, https://arxiv.org/abs/1911.11947
# arXiv: 2004.04833, https://arxiv.org/abs/2004.04833
# arXiv: 1804.10663, https://arxiv.org/abs/1804.10663
########################################################
231 330 8.249656e-04 8.249656e-04 0 1 2 2 2.163960e-13 0.000000e+00
231 331 8.249656e-04 1.038570e-03 0 1 2 2 2.233438e-13 0.000000e+00
231 332 8.249656e-04 1.307482e-03 0 1 2 2 1.955208e-13 0.000000e+00
231 333 8.249656e-04 1.646023e-03 0 1 2 2 1.532641e-13 0.000000e+00
231 334 8.249656e-04 2.072220e-03 0 1 2 2 1.111988e-13 0.000000e+00
231 335 8.249656e-04 2.608770e-03 0 1 2 2 7.648992e-14 0.000000e+00
231 336 8.249656e-04 3.284247e-03 0 1 2 2 5.104265e-14 0.000000e+00
231 337 8.249656e-04 4.134622e-03 0 1 2 2 3.384297e-14 0.000000e+00
231 338 8.249656e-04 5.205181e-03 0 1 2 2 2.279364e-14 0.000000e+00
231 339 8.249656e-04 6.552935e-03 0 1 2 2 1.583948e-14 0.000000e+00
231 340 8.249656e-04 8.249656e-03 0 1 2 2 1.141631e-14 0.000000e+00
232 330 1.038570e-03 8.249656e-04 0 1 2 2 2.233438e-13 0.000000e+00
232 331 1.038570e-03 1.038570e-03 0 1 2 2 2.763612e-13 0.000000e+00
232 332 1.038570e-03 1.307482e-03 0 1 2 2 2.761784e-13 0.000000e+00
232 333 1.038570e-03 1.646023e-03 0 1 2 2 2.306313e-13 0.000000e+00
232 334 1.038570e-03 2.072220e-03 0 1 2 2 1.723558e-13 0.000000e+00
232 335 1.038570e-03 2.608770e-03 0 1 2 2 1.201791e-13 0.000000e+00
232 336 1.038570e-03 3.284247e-03 0 1 2 2 8.065068e-14 0.000000e+00
232 337 1.038570e-03 4.134622e-03 0 1 2 2 5.357367e-14 0.000000e+00
232 338 1.038570e-03 5.205181e-03 0 1 2 2 3.609581e-14 0.000000e+00
232 339 1.038570e-03 6.552935e-03 0 1 2 2 2.508307e-14 0.000000e+00
232 340 1.038570e-03 8.249656e-03 0 1 2 2 1.807924e-14 0.000000e+00
233 330 1.307482e-03 8.249656e-04 0 1 2 2 1.955208e-13 0.000000e+00
233 331 1.307482e-03 1.038570e-03 0 1 2 2 2.761784e-13 0.000000e+00
233 332 1.307482e-03 1.307482e-03 0 1 2 2 3.397710e-13 0.000000e+00
233 333 1.307482e-03 1.646023e-03 0 1 2 2 3.284675e-13 0.000000e+00
233 334 1.307482e-03 2.072220e-03 0 1 2 2 2.616629e-13 0.000000e+00
233 335 1.307482e-03 2.608770e-03 0 1 2 2 1.874233e-13 0.000000e+00
233 336 1.307482e-03 3.284247e-03 0 1 2 2 1.271245e-13 0.000000e+00
233 337 1.307482e-03 4.134622e-03 0 1 2 2 8.473702e-14 0.000000e+00
233 338 1.307482e-03 5.205181e-03 0 1 2 2 5.713262e-14 0.000000e+00
233 339 1.307482e-03 6.552935e-03 0 1 2 2 3.970188e-14 0.000000e+00
233 340 1.307482e-03 8.249656e-03 0 1 2 2 2.861766e-14 0.000000e+00
234 330 1.646023e-03 8.249656e-04 0 1 2 2 1.532641e-13 0.000000e+00
234 331 1.646023e-03 1.038570e-03 0 1 2 2 2.306313e-13 0.000000e+00
234 332 1.646023e-03 1.307482e-03 0 1 2 2 3.284675e-13 0.000000e+00
234 333 1.646023e-03 1.646023e-03 0 1 2 2 4.030992e-13 0.000000e+00
234 334 1.646023e-03 2.072220e-03 0 1 2 2 3.770602e-13 0.000000e+00
234 335 1.646023e-03 2.608770e-03 0 1 2 2 2.873918e-13 0.000000e+00
234 336 1.646023e-03 3.284247e-03 0 1 2 2 1.993515e-13 0.000000e+00
234 337 1.646023e-03 4.134622e-03 0 1 2 2 1.338160e-13 0.000000e+00
234 338 1.646023e-03 5.205181e-03 0 1 2 2 9.035565e-14 0.000000e+00
234 339 1.646023e-03 6.552935e-03 0 1 2 2 6.279272e-14 0.000000e+00
234 340 1.646023e-03 8.249656e-03 0 1 2 2 4.526550e-14 0.000000e+00
235 330 2.072220e-03 8.249656e-04 0 1 2 2 1.111988e-13 0.000000e+00
235 331 2.072220e-03 1.038570e-03 0 1 2 2 1.723558e-13 0.000000e+00
235 332 2.072220e-03 1.307482e-03 0 1 2 2 2.616629e-13 0.000000e+00
235 333 2.072220e-03 1.646023e-03 0 1 2 2 3.770602e-13 0.000000e+00
235 334 2.072220e-03 2.072220e-03 0 1 2 2 4.634542e-13 0.000000e+00
235 335 2.072220e-03 2.608770e-03 0 1 2 2 4.202583e-13 0.000000e+00
235 336 2.072220e-03 3.284247e-03 0 1 2 2 3.086519e-13 0.000000e+00
235 337 2.072220e-03 4.134622e-03 0 1 2 2 2.106028e-13 0.000000e+00
235 338 2.072220e-03 5.205181e-03 0 1 2 2 1.426961e-13 0.000000e+00
235 339 2.072220e-03 6.552935e-03 0 1 2 2 9.919329e-14 0.000000e+00
235 340 2.072220e-03 8.249656e-03 0 1 2 2 7.151472e-14 0.000000e+00
236 330 2.608770e-03 8.249656e-04 0 1 2 2 7.648992e-14 0.000000e+00
236 331 2.608770e-03 1.038570e-03 0 1 2 2 1.201791e-13 0.000000e+00
236 332 2.608770e-03 1.307482e-03 0 1 2 2 1.874233e-13 0.000000e+00
236 333 2.608770e-03 1.646023e-03 0 1 2 2 2.873918e-13 0.000000e+00
236 334 2.608770e-03 2.072220e-03 0 1 2 2 4.202583e-13 0.000000e+00
236 335 2.608770e-03 2.608770e-03 0 1 2 2 5.196292e-13 0.000000e+00
236 336 2.608770e-03 3.284247e-03 0 1 2 2 4.586562e-13 0.000000e+00
236 337 2.608770e-03 4.134622e-03 0 1 2 2 3.284796e-13 0.000000e+00
236 338 2.608770e-03 5.205181e-03 0 1 2 2 2.247485e-13 0.000000e+00
236 339 2.608770e-03 6.552935e-03 0 1 2 2 1.563931e-13 0.000000e+00
236 340 2.608770e-03 8.249656e-03 0 1 2 2 1.127778e-13 0.000000e+00
237 330 3.284247e-03 8.249656e-04 0 1 2 2 5.104265e-14 0.000000e+00
237 331 3.284247e-03 1.038570e-03 0 1 2 2 8.065068e-14 0.000000e+00
237 332 3.284247e-03 1.307482e-03 0 1 2 2 1.271245e-13 0.000000e+00
237 333 3.284247e-03 1.646023e-03 0 1 2 2 1.993515e-13 0.000000e+00
237 334 3.284247e-03 2.072220e-03 0 1 2 2 3.086519e-13 0.000000e+00
237 335 3.284247e-03 2.608770e-03 0 1 2 2 4.586562e-13 0.000000e+00
237 336 3.284247e-03 3.284247e-03 0 1 2 2 5.727855e-13 0.000000e+00
237 337 3.284247e-03 4.134622e-03 0 1 2 2 4.954277e-13 0.000000e+00
237 338 3.284247e-03 5.205181e-03 0 1 2 2 3.516706e-13 0.000000e+00
237 339 3.284247e-03 6.552935e-03 0 1 2 2 2.457947e-13 0.000000e+00
237 340 3.284247e-03 8.249656e-03 0 1 2 2 1.773333e-13 0.000000e+00
238 330 4.134622e-03 8.249656e-04 0 1 2 2 3.384297e-14 0.000000e+00
238 331 4.134622e-03 1.038570e-03 0 1 2 2 5.357367e-14 0.000000e+00
238 332 4.134622e-03 1.307482e-03 0 1 2 2 8.473702e-14 0.000000e+00
238 333 4.134622e-03 1.646023e-03 0 1 2 2 1.338160e-13 0.000000e+00
238 334 4.134622e-03 2.072220e-03 0 1 2 2 2.106028e-13 0.000000e+00
238 335 4.134622e-03 2.608770e-03 0 1 2 2 3.284796e-13 0.000000e+00
238 336 4.134622e-03 3.284247e-03 0 1 2 2 4.954277e-13 0.000000e+00
238 337 4.134622e-03 4.134622e-03 0 1 2 2 6.266113e-13 0.000000e+00
238 338 4.134622e-03 5.205181e-03 0 1 2 2 5.360400e-13 0.000000e+00
238 339 4.134622e-03 6.552935e-03 0 1 2 2 3.839722e-13 0.000000e+00
238 340 4.134622e-03 8.249656e-03 0 1 2 2 2.775643e-13 0.000000e+00
239 330 5.205181e-03 8.249656e-04 0 1 2 2 2.279364e-14 0.000000e+00
239 331 5.205181e-03 1.038570e-03 0 1 2 2 3.609581e-14 0.000000e+00
239 332 5.205181e-03 1.307482e-03 0 1 2 2 5.713262e-14 0.000000e+00
239 333 5.205181e-03 1.646023e-03 0 1 2 2 9.035565e-14 0.000000e+00
239 334 5.205181e-03 2.072220e-03 0 1 2 2 1.426961e-13 0.000000e+00
239 335 5.205181e-03 2.608770e-03 0 1 2 2 2.247485e-13 0.000000e+00
239 336 5.205181e-03 3.284247e-03 0 1 2 2 3.516706e-13 0.000000e+00
239 337 5.205181e-03 4.134622e-03 0 1 2 2 5.360400e-13 0.000000e+00
239 338 5.205181e-03 5.205181e-03 0 1 2 2 6.870015e-13 0.000000e+00
239 339 5.205181e-03 6.552935e-03 0 1 2 2 5.875433e-13 0.000000e+00
239 340 5.205181e-03 8.249656e-03 0 1 2 2 4.311906e-13 0.000000e+00
240 330 6.552935e-03 8.249656e-04 0 1 2 2 1.583948e-14 0.000000e+00
240 331 6.552935e-03 1.038570e-03 0 1 2 2 2.508307e-14 0.000000e+00
240 332 6.552935e-03 1.307482e-03 0 1 2 2 3.970188e-14 0.000000e+00
240 333 6.552935e-03 1.646023e-03 0 1 2 2 6.279272e-14 0.000000e+00
240 334 6.552935e-03 2.072220e-03 0 1 2 2 9.919329e-14 0.000000e+00
240 335 6.552935e-03 2.608770e-03 0 1 2 2 1.563931e-13 0.000000e+00
240 336 6.552935e-03 3.284247e-03 0 1 2 2 2.457947e-13 0.000000e+00
240 337 6.552935e-03 4.134622e-03 0 1 2 2 3.839722e-13 0.000000e+00
240 338 6.552935e-03 5.205181e-03 0 1 2 2 5.875433e-13 0.000000e+00
240 339 6.552935e-03 6.552935e-03 0 1 2 2 7.614023e-13 0.000000e+00
240 340 6.552935e-03 8.249656e-03 0 1 2 2 6.575954e-13 0.000000e+00
241 330 8.249656e-03 8.249656e-04 0 1 2 2 1.141631e-14 0.000000e+00
241 331 8.249656e-03 1.038570e-03 0 1 2 2 1.807924e-14 0.000000e+00
241 332 8.249656e-03 1.307482e-03 0 1 2 2 2.861766e-14 0.000000e+00
241 333 8.249656e-03 1.646023e-03 0 1 2 2 4.526550e-14 0.000000e+00
241 334 8.249656e-03 2.072220e-03 0 1 2 2 7.151472e-14 0.000000e+00
241 335 8.249656e-03 2.608770e-03 0 1 2 2 1.127778e-13 0.000000e+00
241 336 8.249656e-03 3.284247e-03 0 1 2 2 1.773333e-13 0.000000e+00
241 337 8.249656e-03 4.134622e-03 0 1 2 2 2.775643e-13 0.000000e+00
241 338 8.249656e-03 5.205181e-03 0 1 2 2 4.311906e-13 0.000000e+00
241 339 8.249656e-03 6.552935e-03 0 1 2 2 6.575954e-13 0.000000e+00
241 340 8.249656e-03 8.249656e-03 0 1 2 2 8.578616e-13 0.000000e+00
