# Please cite the following papers in research using this covariance:
# arXiv: 1601.05779, https://arxiv.org/abs/1601.05779
# arXiv: 1911.11947, https://arxiv.org/abs/1911.11947
# arXiv: 2004.04833, https://arxiv.org/abs/2004.04833
# arXiv: 1804.10663, https://arxiv.org/abs/1804.10663
########################################################
374 418 8.249656e-04 8.249656e-04 3 2 4 2 3.780109e-11 0.000000e+00
374 419 8.249656e-04 1.038570e-03 3 2 4 2 2.112135e-11 0.000000e+00
374 420 8.249656e-04 1.307482e-03 3 2 4 2 8.972886e-12 0.000000e+00
374 421 8.249656e-04 1.646023e-03 3 2 4 2 4.270397e-12 0.000000e+00
374 422 8.249656e-04 2.072220e-03 3 2 4 2 2.244714e-12 0.000000e+00
374 423 8.249656e-04 2.608770e-03 3 2 4 2 1.270934e-12 0.000000e+00
374 424 8.249656e-04 3.284247e-03 3 2 4 2 7.566321e-13 0.000000e+00
374 425 8.249656e-04 4.134622e-03 3 2 4 2 4.642709e-13 0.000000e+00
374 426 8.249656e-04 5.205181e-03 3 2 4 2 2.891428e-13 0.000000e+00
374 427 8.249656e-04 6.552935e-03 3 2 4 2 1.810572e-13 0.000000e+00
374 428 8.249656e-04 8.249656e-03 3 2 4 2 1.131961e-13 0.000000e+00
375 418 1.038570e-03 8.249656e-04 3 2 4 2 2.112135e-11 0.000000e+00
375 419 1.038570e-03 1.038570e-03 3 2 4 2 3.247858e-11 0.000000e+00
375 420 1.038570e-03 1.307482e-03 3 2 4 2 1.741161e-11 0.000000e+00
375 421 1.038570e-03 1.646023e-03 3 2 4 2 7.390554e-12 0.000000e+00
375 422 1.038570e-03 2.072220e-03 3 2 4 2 3.684418e-12 0.000000e+00
375 423 1.038570e-03 2.608770e-03 3 2 4 2 2.040289e-12 0.000000e+00
375 424 1.038570e-03 3.284247e-03 3 2 4 2 1.204322e-12 0.000000e+00
375 425 1.038570e-03 4.134622e-03 3 2 4 2 7.366285e-13 0.000000e+00
375 426 1.038570e-03 5.205181e-03 3 2 4 2 4.584138e-13 0.000000e+00
375 427 1.038570e-03 6.552935e-03 3 2 4 2 2.869457e-13 0.000000e+00
375 428 1.038570e-03 8.249656e-03 3 2 4 2 1.794424e-13 0.000000e+00
376 418 1.307482e-03 8.249656e-04 3 2 4 2 8.972886e-12 0.000000e+00
376 419 1.307482e-03 1.038570e-03 3 2 4 2 1.741161e-11 0.000000e+00
376 420 1.307482e-03 1.307482e-03 3 2 4 2 2.769261e-11 0.000000e+00
376 421 1.307482e-03 1.646023e-03 3 2 4 2 1.441760e-11 0.000000e+00
376 422 1.307482e-03 2.072220e-03 3 2 4 2 6.283148e-12 0.000000e+00
376 423 1.307482e-03 2.608770e-03 3 2 4 2 3.314515e-12 0.000000e+00
376 424 1.307482e-03 3.284247e-03 3 2 4 2 1.923659e-12 0.000000e+00
376 425 1.307482e-03 4.134622e-03 3 2 4 2 1.170094e-12 0.000000e+00
376 426 1.307482e-03 5.205181e-03 3 2 4 2 7.269881e-13 0.000000e+00
376 427 1.307482e-03 6.552935e-03 3 2 4 2 4.548507e-13 0.000000e+00
376 428 1.307482e-03 8.249656e-03 3 2 4 2 2.843961e-13 0.000000e+00
377 418 1.646023e-03 8.249656e-04 3 2 4 2 4.270397e-12 0.000000e+00
377 419 1.646023e-03 1.038570e-03 3 2 4 2 7.390554e-12 0.000000e+00
377 420 1.646023e-03 1.307482e-03 3 2 4 2 1.441760e-11 0.000000e+00
377 421 1.646023e-03 1.646023e-03 3 2 4 2 2.357103e-11 0.000000e+00
377 422 1.646023e-03 2.072220e-03 3 2 4 2 1.211788e-11 0.000000e+00
377 423 1.646023e-03 2.608770e-03 3 2 4 2 5.550824e-12 0.000000e+00
377 424 1.646023e-03 3.284247e-03 3 2 4 2 3.096784e-12 0.000000e+00
377 425 1.646023e-03 4.134622e-03 3 2 4 2 1.862313e-12 0.000000e+00
377 426 1.646023e-03 5.205181e-03 3 2 4 2 1.153348e-12 0.000000e+00
377 427 1.646023e-03 6.552935e-03 3 2 4 2 7.210676e-13 0.000000e+00
377 428 1.646023e-03 8.249656e-03 3 2 4 2 4.508266e-13 0.000000e+00
378 418 2.072220e-03 8.249656e-04 3 2 4 2 2.244714e-12 0.000000e+00
378 419 2.072220e-03 1.038570e-03 3 2 4 2 3.684418e-12 0.000000e+00
378 420 2.072220e-03 1.307482e-03 3 2 4 2 6.283148e-12 0.000000e+00
378 421 2.072220e-03 1.646023e-03 3 2 4 2 1.211788e-11 0.000000e+00
378 422 2.072220e-03 2.072220e-03 3 2 4 2 2.014815e-11 0.000000e+00
378 423 2.072220e-03 2.608770e-03 3 2 4 2 1.043293e-11 0.000000e+00
378 424 2.072220e-03 3.284247e-03 3 2 4 2 5.095094e-12 0.000000e+00
378 425 2.072220e-03 4.134622e-03 3 2 4 2 2.977724e-12 0.000000e+00
378 426 2.072220e-03 5.205181e-03 3 2 4 2 1.831558e-12 0.000000e+00
378 427 2.072220e-03 6.552935e-03 3 2 4 2 1.143340e-12 0.000000e+00
378 428 2.072220e-03 8.249656e-03 3 2 4 2 7.146443e-13 0.000000e+00
379 418 2.608770e-03 8.249656e-04 3 2 4 2 1.270934e-12 0.000000e+00
379 419 2.608770e-03 1.038570e-03 3 2 4 2 2.040289e-12 0.000000e+00
379 420 2.608770e-03 1.307482e-03 3 2 4 2 3.314515e-12 0.000000e+00
379 421 2.608770e-03 1.646023e-03 3 2 4 2 5.550824e-12 0.000000e+00
379 422 2.608770e-03 2.072220e-03 3 2 4 2 1.043293e-11 0.000000e+00
379 423 2.608770e-03 2.608770e-03 3 2 4 2 1.740027e-11 0.000000e+00
379 424 2.608770e-03 3.284247e-03 3 2 4 2 9.252504e-12 0.000000e+00
379 425 2.608770e-03 4.134622e-03 3 2 4 2 4.828473e-12 0.000000e+00
379 426 2.608770e-03 5.205181e-03 3 2 4 2 2.915685e-12 0.000000e+00
379 427 2.608770e-03 6.552935e-03 3 2 4 2 1.813674e-12 0.000000e+00
379 428 2.608770e-03 8.249656e-03 3 2 4 2 1.133047e-12 0.000000e+00
380 418 3.284247e-03 8.249656e-04 3 2 4 2 7.566321e-13 0.000000e+00
380 419 3.284247e-03 1.038570e-03 3 2 4 2 1.204322e-12 0.000000e+00
380 420 3.284247e-03 1.307482e-03 3 2 4 2 1.923659e-12 0.000000e+00
380 421 3.284247e-03 1.646023e-03 3 2 4 2 3.096784e-12 0.000000e+00
380 422 3.284247e-03 2.072220e-03 3 2 4 2 5.095094e-12 0.000000e+00
380 423 3.284247e-03 2.608770e-03 3 2 4 2 9.252504e-12 0.000000e+00
380 424 3.284247e-03 3.284247e-03 3 2 4 2 1.526049e-11 0.000000e+00
380 425 3.284247e-03 4.134622e-03 3 2 4 2 8.459086e-12 0.000000e+00
380 426 3.284247e-03 5.205181e-03 3 2 4 2 4.679669e-12 0.000000e+00
380 427 3.284247e-03 6.552935e-03 3 2 4 2 2.880402e-12 0.000000e+00
380 428 3.284247e-03 8.249656e-03 3 2 4 2 1.796876e-12 0.000000e+00
381 418 4.134622e-03 8.249656e-04 3 2 4 2 4.642709e-13 0.000000e+00
381 419 4.134622e-03 1.038570e-03 3 2 4 2 7.366285e-13 0.000000e+00
381 420 4.134622e-03 1.307482e-03 3 2 4 2 1.170094e-12 0.000000e+00
381 421 4.134622e-03 1.646023e-03 3 2 4 2 1.862313e-12 0.000000e+00
381 422 4.134622e-03 2.072220e-03 3 2 4 2 2.977724e-12 0.000000e+00
381 423 4.134622e-03 2.608770e-03 3 2 4 2 4.828473e-12 0.000000e+00
381 424 4.134622e-03 3.284247e-03 3 2 4 2 8.459086e-12 0.000000e+00
381 425 4.134622e-03 4.134622e-03 3 2 4 2 1.363754e-11 0.000000e+00
381 426 4.134622e-03 5.205181e-03 3 2 4 2 7.942940e-12 0.000000e+00
381 427 4.134622e-03 6.552935e-03 3 2 4 2 4.594520e-12 0.000000e+00
381 428 4.134622e-03 8.249656e-03 3 2 4 2 2.851346e-12 0.000000e+00
382 418 5.205181e-03 8.249656e-04 3 2 4 2 2.891428e-13 0.000000e+00
382 419 5.205181e-03 1.038570e-03 3 2 4 2 4.584138e-13 0.000000e+00
382 420 5.205181e-03 1.307482e-03 3 2 4 2 7.269881e-13 0.000000e+00
382 421 5.205181e-03 1.646023e-03 3 2 4 2 1.153348e-12 0.000000e+00
382 422 5.205181e-03 2.072220e-03 3 2 4 2 1.831558e-12 0.000000e+00
382 423 5.205181e-03 2.608770e-03 3 2 4 2 2.915685e-12 0.000000e+00
382 424 5.205181e-03 3.284247e-03 3 2 4 2 4.679669e-12 0.000000e+00
382 425 5.205181e-03 4.134622e-03 3 2 4 2 7.942940e-12 0.000000e+00
382 426 5.205181e-03 5.205181e-03 3 2 4 2 1.243099e-11 0.000000e+00
382 427 5.205181e-03 6.552935e-03 3 2 4 2 7.610492e-12 0.000000e+00
382 428 5.205181e-03 8.249656e-03 3 2 4 2 4.534656e-12 0.000000e+00
383 418 6.552935e-03 8.249656e-04 3 2 4 2 1.810572e-13 0.000000e+00
383 419 6.552935e-03 1.038570e-03 3 2 4 2 2.869457e-13 0.000000e+00
383 420 6.552935e-03 1.307482e-03 3 2 4 2 4.548507e-13 0.000000e+00
383 421 6.552935e-03 1.646023e-03 3 2 4 2 7.210676e-13 0.000000e+00
383 422 6.552935e-03 2.072220e-03 3 2 4 2 1.143340e-12 0.000000e+00
383 423 6.552935e-03 2.608770e-03 3 2 4 2 1.813674e-12 0.000000e+00
383 424 6.552935e-03 3.284247e-03 3 2 4 2 2.880402e-12 0.000000e+00
383 425 6.552935e-03 4.134622e-03 3 2 4 2 4.594520e-12 0.000000e+00
383 426 6.552935e-03 5.205181e-03 3 2 4 2 7.610492e-12 0.000000e+00
383 427 6.552935e-03 6.552935e-03 3 2 4 2 1.154287e-11 0.000000e+00
383 428 6.552935e-03 8.249656e-03 3 2 4 2 7.387266e-12 0.000000e+00
384 418 8.249656e-03 8.249656e-04 3 2 4 2 1.131961e-13 0.000000e+00
384 419 8.249656e-03 1.038570e-03 3 2 4 2 1.794424e-13 0.000000e+00
384 420 8.249656e-03 1.307482e-03 3 2 4 2 2.843961e-13 0.000000e+00
384 421 8.249656e-03 1.646023e-03 3 2 4 2 4.508266e-13 0.000000e+00
384 422 8.249656e-03 2.072220e-03 3 2 4 2 7.146443e-13 0.000000e+00
384 423 8.249656e-03 2.608770e-03 3 2 4 2 1.133047e-12 0.000000e+00
384 424 8.249656e-03 3.284247e-03 3 2 4 2 1.796876e-12 0.000000e+00
384 425 8.249656e-03 4.134622e-03 3 2 4 2 2.851346e-12 0.000000e+00
384 426 8.249656e-03 5.205181e-03 3 2 4 2 4.534656e-12 0.000000e+00
384 427 8.249656e-03 6.552935e-03 3 2 4 2 7.387266e-12 0.000000e+00
384 428 8.249656e-03 8.249656e-03 3 2 4 2 1.088451e-11 0.000000e+00
