# Please cite the following papers in research using this covariance:
# arXiv: 1601.05779, https://arxiv.org/abs/1601.05779
# arXiv: 1911.11947, https://arxiv.org/abs/1911.11947
# arXiv: 2004.04833, https://arxiv.org/abs/2004.04833
# arXiv: 1804.10663, https://arxiv.org/abs/1804.10663
########################################################
275 308 8.249656e-04 8.249656e-04 1 1 2 0 9.123286e-14 0.000000e+00
275 309 8.249656e-04 1.038570e-03 1 1 2 0 9.305397e-14 0.000000e+00
275 310 8.249656e-04 1.307482e-03 1 1 2 0 8.020285e-14 0.000000e+00
275 311 8.249656e-04 1.646023e-03 1 1 2 0 6.221534e-14 0.000000e+00
275 312 8.249656e-04 2.072220e-03 1 1 2 0 4.520537e-14 0.000000e+00
275 313 8.249656e-04 2.608770e-03 1 1 2 0 3.164016e-14 0.000000e+00
275 314 8.249656e-04 3.284247e-03 1 1 2 0 2.183197e-14 0.000000e+00
275 315 8.249656e-04 4.134622e-03 1 1 2 0 1.514241e-14 0.000000e+00
275 316 8.249656e-04 5.205181e-03 1 1 2 0 1.069947e-14 0.000000e+00
275 317 8.249656e-04 6.552935e-03 1 1 2 0 7.740842e-15 0.000000e+00
275 318 8.249656e-04 8.249656e-03 1 1 2 0 5.719260e-15 0.000000e+00
276 308 1.038570e-03 8.249656e-04 1 1 2 0 9.305397e-14 0.000000e+00
276 309 1.038570e-03 1.038570e-03 1 1 2 0 1.150135e-13 0.000000e+00
276 310 1.038570e-03 1.307482e-03 1 1 2 0 1.137864e-13 0.000000e+00
276 311 1.038570e-03 1.646023e-03 1 1 2 0 9.397967e-14 0.000000e+00
276 312 1.038570e-03 2.072220e-03 1 1 2 0 7.017997e-14 0.000000e+00
276 313 1.038570e-03 2.608770e-03 1 1 2 0 4.970029e-14 0.000000e+00
276 314 1.038570e-03 3.284247e-03 1 1 2 0 3.445597e-14 0.000000e+00
276 315 1.038570e-03 4.134622e-03 1 1 2 0 2.393984e-14 0.000000e+00
276 316 1.038570e-03 5.205181e-03 1 1 2 0 1.692690e-14 0.000000e+00
276 317 1.038570e-03 6.552935e-03 1 1 2 0 1.225112e-14 0.000000e+00
276 318 1.038570e-03 8.249656e-03 1 1 2 0 9.054684e-15 0.000000e+00
277 308 1.307482e-03 8.249656e-04 1 1 2 0 8.020285e-14 0.000000e+00
277 309 1.307482e-03 1.038570e-03 1 1 2 0 1.137864e-13 0.000000e+00
277 310 1.307482e-03 1.307482e-03 1 1 2 0 1.401778e-13 0.000000e+00
277 311 1.307482e-03 1.646023e-03 1 1 2 0 1.346058e-13 0.000000e+00
277 312 1.307482e-03 2.072220e-03 1 1 2 0 1.068755e-13 0.000000e+00
277 313 1.307482e-03 2.608770e-03 1 1 2 0 7.750875e-14 0.000000e+00
277 314 1.307482e-03 3.284247e-03 1 1 2 0 5.421862e-14 0.000000e+00
277 315 1.307482e-03 4.134622e-03 1 1 2 0 3.778951e-14 0.000000e+00
277 316 1.307482e-03 5.205181e-03 1 1 2 0 2.675001e-14 0.000000e+00
277 317 1.307482e-03 6.552935e-03 1 1 2 0 1.937324e-14 0.000000e+00
277 318 1.307482e-03 8.249656e-03 1 1 2 0 1.432628e-14 0.000000e+00
278 308 1.646023e-03 8.249656e-04 1 1 2 0 6.221534e-14 0.000000e+00
278 309 1.646023e-03 1.038570e-03 1 1 2 0 9.397967e-14 0.000000e+00
278 310 1.646023e-03 1.307482e-03 1 1 2 0 1.346058e-13 0.000000e+00
278 311 1.646023e-03 1.646023e-03 1 1 2 0 1.658581e-13 0.000000e+00
278 312 1.646023e-03 2.072220e-03 1 1 2 0 1.548923e-13 0.000000e+00
278 313 1.646023e-03 2.608770e-03 1 1 2 0 1.189687e-13 0.000000e+00
278 314 1.646023e-03 3.284247e-03 1 1 2 0 8.482900e-14 0.000000e+00
278 315 1.646023e-03 4.134622e-03 1 1 2 0 5.949181e-14 0.000000e+00
278 316 1.646023e-03 5.205181e-03 1 1 2 0 4.219978e-14 0.000000e+00
278 317 1.646023e-03 6.552935e-03 1 1 2 0 3.059497e-14 0.000000e+00
278 318 1.646023e-03 8.249656e-03 1 1 2 0 2.264413e-14 0.000000e+00
279 308 2.072220e-03 8.249656e-04 1 1 2 0 4.520537e-14 0.000000e+00
279 309 2.072220e-03 1.038570e-03 1 1 2 0 7.017997e-14 0.000000e+00
279 310 2.072220e-03 1.307482e-03 1 1 2 0 1.068755e-13 0.000000e+00
279 311 2.072220e-03 1.646023e-03 1 1 2 0 1.548923e-13 0.000000e+00
279 312 2.072220e-03 2.072220e-03 1 1 2 0 1.915909e-13 0.000000e+00
279 313 2.072220e-03 2.608770e-03 1 1 2 0 1.746525e-13 0.000000e+00
279 314 2.072220e-03 3.284247e-03 1 1 2 0 1.310243e-13 0.000000e+00
279 315 2.072220e-03 4.134622e-03 1 1 2 0 9.319451e-14 0.000000e+00
279 316 2.072220e-03 5.205181e-03 1 1 2 0 6.638005e-14 0.000000e+00
279 317 2.072220e-03 6.552935e-03 1 1 2 0 4.821337e-14 0.000000e+00
279 318 2.072220e-03 8.249656e-03 1 1 2 0 3.573379e-14 0.000000e+00
280 308 2.608770e-03 8.249656e-04 1 1 2 0 3.164016e-14 0.000000e+00
280 309 2.608770e-03 1.038570e-03 1 1 2 0 4.970029e-14 0.000000e+00
280 310 2.608770e-03 1.307482e-03 1 1 2 0 7.750875e-14 0.000000e+00
280 311 2.608770e-03 1.646023e-03 1 1 2 0 1.189687e-13 0.000000e+00
280 312 2.608770e-03 2.072220e-03 1 1 2 0 1.746525e-13 0.000000e+00
280 313 2.608770e-03 2.608770e-03 1 1 2 0 2.175884e-13 0.000000e+00
280 314 2.608770e-03 3.284247e-03 1 1 2 0 1.946929e-13 0.000000e+00
280 315 2.608770e-03 4.134622e-03 1 1 2 0 1.444364e-13 0.000000e+00
280 316 2.608770e-03 5.205181e-03 1 1 2 0 1.038921e-13 0.000000e+00
280 317 2.608770e-03 6.552935e-03 1 1 2 0 7.571313e-14 0.000000e+00
280 318 2.608770e-03 8.249656e-03 1 1 2 0 5.624413e-14 0.000000e+00
281 308 3.284247e-03 8.249656e-04 1 1 2 0 2.183197e-14 0.000000e+00
281 309 3.284247e-03 1.038570e-03 1 1 2 0 3.445597e-14 0.000000e+00
281 310 3.284247e-03 1.307482e-03 1 1 2 0 5.421862e-14 0.000000e+00
281 311 3.284247e-03 1.646023e-03 1 1 2 0 8.482900e-14 0.000000e+00
281 312 3.284247e-03 2.072220e-03 1 1 2 0 1.310243e-13 0.000000e+00
281 313 3.284247e-03 2.608770e-03 1 1 2 0 1.946929e-13 0.000000e+00
281 314 3.284247e-03 3.284247e-03 1 1 2 0 2.448670e-13 0.000000e+00
281 315 3.284247e-03 4.134622e-03 1 1 2 0 2.166017e-13 0.000000e+00
281 316 3.284247e-03 5.205181e-03 1 1 2 0 1.610077e-13 0.000000e+00
281 317 3.284247e-03 6.552935e-03 1 1 2 0 1.182092e-13 0.000000e+00
281 318 3.284247e-03 8.249656e-03 1 1 2 0 8.815503e-14 0.000000e+00
282 308 4.134622e-03 8.249656e-04 1 1 2 0 1.514241e-14 0.000000e+00
282 309 4.134622e-03 1.038570e-03 1 1 2 0 2.393984e-14 0.000000e+00
282 310 4.134622e-03 1.307482e-03 1 1 2 0 3.778951e-14 0.000000e+00
282 311 4.134622e-03 1.646023e-03 1 1 2 0 5.949181e-14 0.000000e+00
282 312 4.134622e-03 2.072220e-03 1 1 2 0 9.319451e-14 0.000000e+00
282 313 4.134622e-03 2.608770e-03 1 1 2 0 1.444364e-13 0.000000e+00
282 314 4.134622e-03 3.284247e-03 1 1 2 0 2.166017e-13 0.000000e+00
282 315 4.134622e-03 4.134622e-03 1 1 2 0 2.751969e-13 0.000000e+00
282 316 4.134622e-03 5.205181e-03 1 1 2 0 2.425556e-13 0.000000e+00
282 317 4.134622e-03 6.552935e-03 1 1 2 0 1.826430e-13 0.000000e+00
282 318 4.134622e-03 8.249656e-03 1 1 2 0 1.372122e-13 0.000000e+00
283 308 5.205181e-03 8.249656e-04 1 1 2 0 1.069947e-14 0.000000e+00
283 309 5.205181e-03 1.038570e-03 1 1 2 0 1.692690e-14 0.000000e+00
283 310 5.205181e-03 1.307482e-03 1 1 2 0 2.675001e-14 0.000000e+00
283 311 5.205181e-03 1.646023e-03 1 1 2 0 4.219978e-14 0.000000e+00
283 312 5.205181e-03 2.072220e-03 1 1 2 0 6.638005e-14 0.000000e+00
283 313 5.205181e-03 2.608770e-03 1 1 2 0 1.038921e-13 0.000000e+00
283 314 5.205181e-03 3.284247e-03 1 1 2 0 1.610077e-13 0.000000e+00
283 315 5.205181e-03 4.134622e-03 1 1 2 0 2.425556e-13 0.000000e+00
283 316 5.205181e-03 5.205181e-03 1 1 2 0 3.109062e-13 0.000000e+00
283 317 5.205181e-03 6.552935e-03 1 1 2 0 2.749997e-13 0.000000e+00
283 318 5.205181e-03 8.249656e-03 1 1 2 0 2.110164e-13 0.000000e+00
284 308 6.552935e-03 8.249656e-04 1 1 2 0 7.740842e-15 0.000000e+00
284 309 6.552935e-03 1.038570e-03 1 1 2 0 1.225112e-14 0.000000e+00
284 310 6.552935e-03 1.307482e-03 1 1 2 0 1.937324e-14 0.000000e+00
284 311 6.552935e-03 1.646023e-03 1 1 2 0 3.059497e-14 0.000000e+00
284 312 6.552935e-03 2.072220e-03 1 1 2 0 4.821337e-14 0.000000e+00
284 313 6.552935e-03 2.608770e-03 1 1 2 0 7.571313e-14 0.000000e+00
284 314 6.552935e-03 3.284247e-03 1 1 2 0 1.182092e-13 0.000000e+00
284 315 6.552935e-03 4.134622e-03 1 1 2 0 1.826430e-13 0.000000e+00
284 316 6.552935e-03 5.205181e-03 1 1 2 0 2.749997e-13 0.000000e+00
284 317 6.552935e-03 6.552935e-03 1 1 2 0 3.545631e-13 0.000000e+00
284 318 6.552935e-03 8.249656e-03 1 1 2 0 3.162436e-13 0.000000e+00
285 308 8.249656e-03 8.249656e-04 1 1 2 0 5.719260e-15 0.000000e+00
285 309 8.249656e-03 1.038570e-03 1 1 2 0 9.054684e-15 0.000000e+00
285 310 8.249656e-03 1.307482e-03 1 1 2 0 1.432628e-14 0.000000e+00
285 311 8.249656e-03 1.646023e-03 1 1 2 0 2.264413e-14 0.000000e+00
285 312 8.249656e-03 2.072220e-03 1 1 2 0 3.573379e-14 0.000000e+00
285 313 8.249656e-03 2.608770e-03 1 1 2 0 5.624413e-14 0.000000e+00
285 314 8.249656e-03 3.284247e-03 1 1 2 0 8.815503e-14 0.000000e+00
285 315 8.249656e-03 4.134622e-03 1 1 2 0 1.372122e-13 0.000000e+00
285 316 8.249656e-03 5.205181e-03 1 1 2 0 2.110164e-13 0.000000e+00
285 317 8.249656e-03 6.552935e-03 1 1 2 0 3.162436e-13 0.000000e+00
285 318 8.249656e-03 8.249656e-03 1 1 2 0 4.085605e-13 0.000000e+00
