# Please cite the following papers in research using this covariance:
# arXiv: 1601.05779, https://arxiv.org/abs/1601.05779
# arXiv: 1911.11947, https://arxiv.org/abs/1911.11947
# arXiv: 2004.04833, https://arxiv.org/abs/2004.04833
# arXiv: 1804.10663, https://arxiv.org/abs/1804.10663
########################################################
253 341 8.249656e-04 8.249656e-04 0 3 2 3 1.355591e-11 0.000000e+00
253 342 8.249656e-04 1.038570e-03 0 3 2 3 9.908690e-12 0.000000e+00
253 343 8.249656e-04 1.307482e-03 0 3 2 3 5.754013e-12 0.000000e+00
253 344 8.249656e-04 1.646023e-03 0 3 2 3 3.196336e-12 0.000000e+00
253 345 8.249656e-04 2.072220e-03 0 3 2 3 1.733354e-12 0.000000e+00
253 346 8.249656e-04 2.608770e-03 0 3 2 3 9.367031e-13 0.000000e+00
253 347 8.249656e-04 3.284247e-03 0 3 2 3 5.179670e-13 0.000000e+00
253 348 8.249656e-04 4.134622e-03 0 3 2 3 3.009068e-13 0.000000e+00
253 349 8.249656e-04 5.205181e-03 0 3 2 3 1.865681e-13 0.000000e+00
253 350 8.249656e-04 6.552935e-03 0 3 2 3 1.236135e-13 0.000000e+00
253 351 8.249656e-04 8.249656e-03 0 3 2 3 8.648538e-14 0.000000e+00
254 341 1.038570e-03 8.249656e-04 0 3 2 3 9.908690e-12 0.000000e+00
254 342 1.038570e-03 1.038570e-03 0 3 2 3 1.314333e-11 0.000000e+00
254 343 1.038570e-03 1.307482e-03 0 3 2 3 9.339416e-12 0.000000e+00
254 344 1.038570e-03 1.646023e-03 0 3 2 3 5.219871e-12 0.000000e+00
254 345 1.038570e-03 2.072220e-03 0 3 2 3 2.816770e-12 0.000000e+00
254 346 1.038570e-03 2.608770e-03 0 3 2 3 1.510771e-12 0.000000e+00
254 347 1.038570e-03 3.284247e-03 0 3 2 3 8.292907e-13 0.000000e+00
254 348 1.038570e-03 4.134622e-03 0 3 2 3 4.790689e-13 0.000000e+00
254 349 1.038570e-03 5.205181e-03 0 3 2 3 2.960793e-13 0.000000e+00
254 350 1.038570e-03 6.552935e-03 0 3 2 3 1.958756e-13 0.000000e+00
254 351 1.038570e-03 8.249656e-03 0 3 2 3 1.369962e-13 0.000000e+00
255 341 1.307482e-03 8.249656e-04 0 3 2 3 5.754013e-12 0.000000e+00
255 342 1.307482e-03 1.038570e-03 0 3 2 3 9.339416e-12 0.000000e+00
255 343 1.307482e-03 1.307482e-03 0 3 2 3 1.252441e-11 0.000000e+00
255 344 1.307482e-03 1.646023e-03 0 3 2 3 8.631992e-12 0.000000e+00
255 345 1.307482e-03 2.072220e-03 0 3 2 3 4.649259e-12 0.000000e+00
255 346 1.307482e-03 2.608770e-03 0 3 2 3 2.464918e-12 0.000000e+00
255 347 1.307482e-03 3.284247e-03 0 3 2 3 1.336786e-12 0.000000e+00
255 348 1.307482e-03 4.134622e-03 0 3 2 3 7.651131e-13 0.000000e+00
255 349 1.307482e-03 5.205181e-03 0 3 2 3 4.703260e-13 0.000000e+00
255 350 1.307482e-03 6.552935e-03 0 3 2 3 3.103901e-13 0.000000e+00
255 351 1.307482e-03 8.249656e-03 0 3 2 3 2.169156e-13 0.000000e+00
256 341 1.646023e-03 8.249656e-04 0 3 2 3 3.196336e-12 0.000000e+00
256 342 1.646023e-03 1.038570e-03 0 3 2 3 5.219871e-12 0.000000e+00
256 343 1.646023e-03 1.307482e-03 0 3 2 3 8.631992e-12 0.000000e+00
256 344 1.646023e-03 1.646023e-03 0 3 2 3 1.174452e-11 0.000000e+00
256 345 1.646023e-03 2.072220e-03 0 3 2 3 7.847815e-12 0.000000e+00
256 346 1.646023e-03 2.608770e-03 0 3 2 3 4.103285e-12 0.000000e+00
256 347 1.646023e-03 3.284247e-03 0 3 2 3 2.181253e-12 0.000000e+00
256 348 1.646023e-03 4.134622e-03 0 3 2 3 1.228818e-12 0.000000e+00
256 349 1.646023e-03 5.205181e-03 0 3 2 3 7.483723e-13 0.000000e+00
256 350 1.646023e-03 6.552935e-03 0 3 2 3 4.918470e-13 0.000000e+00
256 351 1.646023e-03 8.249656e-03 0 3 2 3 3.433014e-13 0.000000e+00
257 341 2.072220e-03 8.249656e-04 0 3 2 3 1.733354e-12 0.000000e+00
257 342 2.072220e-03 1.038570e-03 0 3 2 3 2.816770e-12 0.000000e+00
257 343 2.072220e-03 1.307482e-03 0 3 2 3 4.649259e-12 0.000000e+00
257 344 2.072220e-03 1.646023e-03 0 3 2 3 7.847815e-12 0.000000e+00
257 345 2.072220e-03 2.072220e-03 0 3 2 3 1.087041e-11 0.000000e+00
257 346 2.072220e-03 2.608770e-03 0 3 2 3 7.063452e-12 0.000000e+00
257 347 2.072220e-03 3.284247e-03 0 3 2 3 3.642096e-12 0.000000e+00
257 348 2.072220e-03 4.134622e-03 0 3 2 3 1.995016e-12 0.000000e+00
257 349 2.072220e-03 5.205181e-03 0 3 2 3 1.194854e-12 0.000000e+00
257 350 2.072220e-03 6.552935e-03 0 3 2 3 7.795382e-13 0.000000e+00
257 351 2.072220e-03 8.249656e-03 0 3 2 3 5.428717e-13 0.000000e+00
258 341 2.608770e-03 8.249656e-04 0 3 2 3 9.367031e-13 0.000000e+00
258 342 2.608770e-03 1.038570e-03 0 3 2 3 1.510771e-12 0.000000e+00
258 343 2.608770e-03 1.307482e-03 0 3 2 3 2.464918e-12 0.000000e+00
258 344 2.608770e-03 1.646023e-03 0 3 2 3 4.103285e-12 0.000000e+00
258 345 2.608770e-03 2.072220e-03 0 3 2 3 7.063452e-12 0.000000e+00
258 346 2.608770e-03 2.608770e-03 0 3 2 3 9.983203e-12 0.000000e+00
258 347 2.608770e-03 3.284247e-03 0 3 2 3 6.357736e-12 0.000000e+00
258 348 2.608770e-03 4.134622e-03 0 3 2 3 3.313803e-12 0.000000e+00
258 349 2.608770e-03 5.205181e-03 0 3 2 3 1.921985e-12 0.000000e+00
258 350 2.608770e-03 6.552935e-03 0 3 2 3 1.236529e-12 0.000000e+00
258 351 2.608770e-03 8.249656e-03 0 3 2 3 8.574940e-13 0.000000e+00
259 341 3.284247e-03 8.249656e-04 0 3 2 3 5.179670e-13 0.000000e+00
259 342 3.284247e-03 1.038570e-03 0 3 2 3 8.292907e-13 0.000000e+00
259 343 3.284247e-03 1.307482e-03 0 3 2 3 1.336786e-12 0.000000e+00
259 344 3.284247e-03 1.646023e-03 0 3 2 3 2.181253e-12 0.000000e+00
259 345 3.284247e-03 2.072220e-03 0 3 2 3 3.642096e-12 0.000000e+00
259 346 3.284247e-03 2.608770e-03 0 3 2 3 6.357736e-12 0.000000e+00
259 347 3.284247e-03 3.284247e-03 0 3 2 3 9.165886e-12 0.000000e+00
259 348 3.284247e-03 4.134622e-03 0 3 2 3 5.800716e-12 0.000000e+00
259 349 3.284247e-03 5.205181e-03 0 3 2 3 3.149733e-12 0.000000e+00
259 350 3.284247e-03 6.552935e-03 0 3 2 3 1.967405e-12 0.000000e+00
259 351 3.284247e-03 8.249656e-03 0 3 2 3 1.352428e-12 0.000000e+00
260 341 4.134622e-03 8.249656e-04 0 3 2 3 3.009068e-13 0.000000e+00
260 342 4.134622e-03 1.038570e-03 0 3 2 3 4.790689e-13 0.000000e+00
260 343 4.134622e-03 1.307482e-03 0 3 2 3 7.651131e-13 0.000000e+00
260 344 4.134622e-03 1.646023e-03 0 3 2 3 1.228818e-12 0.000000e+00
260 345 4.134622e-03 2.072220e-03 0 3 2 3 1.995016e-12 0.000000e+00
260 346 4.134622e-03 2.608770e-03 0 3 2 3 3.313803e-12 0.000000e+00
260 347 4.134622e-03 3.284247e-03 0 3 2 3 5.800716e-12 0.000000e+00
260 348 4.134622e-03 4.134622e-03 0 3 2 3 8.494336e-12 0.000000e+00
260 349 4.134622e-03 5.205181e-03 0 3 2 3 5.447113e-12 0.000000e+00
260 350 4.134622e-03 6.552935e-03 0 3 2 3 3.165480e-12 0.000000e+00
260 351 4.134622e-03 8.249656e-03 0 3 2 3 2.130331e-12 0.000000e+00
261 341 5.205181e-03 8.249656e-04 0 3 2 3 1.865681e-13 0.000000e+00
261 342 5.205181e-03 1.038570e-03 0 3 2 3 2.960793e-13 0.000000e+00
261 343 5.205181e-03 1.307482e-03 0 3 2 3 4.703260e-13 0.000000e+00
261 344 5.205181e-03 1.646023e-03 0 3 2 3 7.483723e-13 0.000000e+00
261 345 5.205181e-03 2.072220e-03 0 3 2 3 1.194854e-12 0.000000e+00
261 346 5.205181e-03 2.608770e-03 0 3 2 3 1.921985e-12 0.000000e+00
261 347 5.205181e-03 3.284247e-03 0 3 2 3 3.149733e-12 0.000000e+00
261 348 5.205181e-03 4.134622e-03 0 3 2 3 5.447113e-12 0.000000e+00
261 349 5.205181e-03 5.205181e-03 0 3 2 3 8.032279e-12 0.000000e+00
261 350 5.205181e-03 6.552935e-03 0 3 2 3 5.334455e-12 0.000000e+00
261 351 5.205181e-03 8.249656e-03 0 3 2 3 3.364678e-12 0.000000e+00
262 341 6.552935e-03 8.249656e-04 0 3 2 3 1.236135e-13 0.000000e+00
262 342 6.552935e-03 1.038570e-03 0 3 2 3 1.958756e-13 0.000000e+00
262 343 6.552935e-03 1.307482e-03 0 3 2 3 3.103901e-13 0.000000e+00
262 344 6.552935e-03 1.646023e-03 0 3 2 3 4.918470e-13 0.000000e+00
262 345 6.552935e-03 2.072220e-03 0 3 2 3 7.795382e-13 0.000000e+00
262 346 6.552935e-03 2.608770e-03 0 3 2 3 1.236529e-12 0.000000e+00
262 347 6.552935e-03 3.284247e-03 0 3 2 3 1.967405e-12 0.000000e+00
262 348 6.552935e-03 4.134622e-03 0 3 2 3 3.165480e-12 0.000000e+00
262 349 6.552935e-03 5.205181e-03 0 3 2 3 5.334455e-12 0.000000e+00
262 350 6.552935e-03 6.552935e-03 0 3 2 3 7.829082e-12 0.000000e+00
262 351 6.552935e-03 8.249656e-03 0 3 2 3 5.483282e-12 0.000000e+00
263 341 8.249656e-03 8.249656e-04 0 3 2 3 8.648538e-14 0.000000e+00
263 342 8.249656e-03 1.038570e-03 0 3 2 3 1.369962e-13 0.000000e+00
263 343 8.249656e-03 1.307482e-03 0 3 2 3 2.169156e-13 0.000000e+00
263 344 8.249656e-03 1.646023e-03 0 3 2 3 3.433014e-13 0.000000e+00
263 345 8.249656e-03 2.072220e-03 0 3 2 3 5.428717e-13 0.000000e+00
263 346 8.249656e-03 2.608770e-03 0 3 2 3 8.574940e-13 0.000000e+00
263 347 8.249656e-03 3.284247e-03 0 3 2 3 1.352428e-12 0.000000e+00
263 348 8.249656e-03 4.134622e-03 0 3 2 3 2.130331e-12 0.000000e+00
263 349 8.249656e-03 5.205181e-03 0 3 2 3 3.364678e-12 0.000000e+00
263 350 8.249656e-03 6.552935e-03 0 3 2 3 5.483282e-12 0.000000e+00
263 351 8.249656e-03 8.249656e-03 0 3 2 3 7.917794e-12 0.000000e+00
