# Please cite the following papers in research using this covariance:
# arXiv: 1601.05779, https://arxiv.org/abs/1601.05779
# arXiv: 1911.11947, https://arxiv.org/abs/1911.11947
# arXiv: 2004.04833, https://arxiv.org/abs/2004.04833
# arXiv: 1804.10663, https://arxiv.org/abs/1804.10663
########################################################
330 407 8.249656e-04 8.249656e-04 2 2 4 1 6.198201e-14 0.000000e+00
330 408 8.249656e-04 1.038570e-03 2 2 4 1 6.151848e-14 0.000000e+00
330 409 8.249656e-04 1.307482e-03 2 2 4 1 5.121194e-14 0.000000e+00
330 410 8.249656e-04 1.646023e-03 2 2 4 1 3.877262e-14 0.000000e+00
330 411 8.249656e-04 2.072220e-03 2 2 4 1 2.795200e-14 0.000000e+00
330 412 8.249656e-04 2.608770e-03 2 2 4 1 1.974761e-14 0.000000e+00
330 413 8.249656e-04 3.284247e-03 2 2 4 1 1.395305e-14 0.000000e+00
330 414 8.249656e-04 4.134622e-03 2 2 4 1 9.992936e-15 0.000000e+00
330 415 8.249656e-04 5.205181e-03 2 2 4 1 7.296374e-15 0.000000e+00
330 416 8.249656e-04 6.552935e-03 2 2 4 1 5.425014e-15 0.000000e+00
330 417 8.249656e-04 8.249656e-03 2 2 4 1 4.081874e-15 0.000000e+00
331 407 1.038570e-03 8.249656e-04 2 2 4 1 6.151848e-14 0.000000e+00
331 408 1.038570e-03 1.038570e-03 2 2 4 1 7.598413e-14 0.000000e+00
331 409 1.038570e-03 1.307482e-03 2 2 4 1 7.337679e-14 0.000000e+00
331 410 1.038570e-03 1.646023e-03 2 2 4 1 5.896096e-14 0.000000e+00
331 411 1.038570e-03 2.072220e-03 2 2 4 1 4.351118e-14 0.000000e+00
331 412 1.038570e-03 2.608770e-03 2 2 4 1 3.102822e-14 0.000000e+00
331 413 1.038570e-03 3.284247e-03 2 2 4 1 2.200540e-14 0.000000e+00
331 414 1.038570e-03 4.134622e-03 2 2 4 1 1.578525e-14 0.000000e+00
331 415 1.038570e-03 5.205181e-03 2 2 4 1 1.153600e-14 0.000000e+00
331 416 1.038570e-03 6.552935e-03 2 2 4 1 8.582867e-15 0.000000e+00
331 417 1.038570e-03 8.249656e-03 2 2 4 1 6.461294e-15 0.000000e+00
332 407 1.307482e-03 8.249656e-04 2 2 4 1 5.121194e-14 0.000000e+00
332 408 1.307482e-03 1.038570e-03 2 2 4 1 7.337679e-14 0.000000e+00
332 409 1.307482e-03 1.307482e-03 2 2 4 1 9.066140e-14 0.000000e+00
332 410 1.307482e-03 1.646023e-03 2 2 4 1 8.536560e-14 0.000000e+00
332 411 1.307482e-03 2.072220e-03 2 2 4 1 6.661057e-14 0.000000e+00
332 412 1.307482e-03 2.608770e-03 2 2 4 1 4.843216e-14 0.000000e+00
332 413 1.307482e-03 3.284247e-03 2 2 4 1 3.459215e-14 0.000000e+00
332 414 1.307482e-03 4.134622e-03 2 2 4 1 2.488438e-14 0.000000e+00
332 415 1.307482e-03 5.205181e-03 2 2 4 1 1.821277e-14 0.000000e+00
332 416 1.307482e-03 6.552935e-03 2 2 4 1 1.356470e-14 0.000000e+00
332 417 1.307482e-03 8.249656e-03 2 2 4 1 1.022025e-14 0.000000e+00
333 407 1.646023e-03 8.249656e-04 2 2 4 1 3.877262e-14 0.000000e+00
333 408 1.646023e-03 1.038570e-03 2 2 4 1 5.896096e-14 0.000000e+00
333 409 1.646023e-03 1.307482e-03 2 2 4 1 8.536560e-14 0.000000e+00
333 410 1.646023e-03 1.646023e-03 2 2 4 1 1.058394e-13 0.000000e+00
333 411 1.646023e-03 2.072220e-03 2 2 4 1 9.751865e-14 0.000000e+00
333 412 1.646023e-03 2.608770e-03 2 2 4 1 7.453813e-14 0.000000e+00
333 413 1.646023e-03 3.284247e-03 2 2 4 1 5.405737e-14 0.000000e+00
333 414 1.646023e-03 4.134622e-03 2 2 4 1 3.909581e-14 0.000000e+00
333 415 1.646023e-03 5.205181e-03 2 2 4 1 2.868673e-14 0.000000e+00
333 416 1.646023e-03 6.552935e-03 2 2 4 1 2.140221e-14 0.000000e+00
333 417 1.646023e-03 8.249656e-03 2 2 4 1 1.614704e-14 0.000000e+00
334 407 2.072220e-03 8.249656e-04 2 2 4 1 2.795200e-14 0.000000e+00
334 408 2.072220e-03 1.038570e-03 2 2 4 1 4.351118e-14 0.000000e+00
334 409 2.072220e-03 1.307482e-03 2 2 4 1 6.661057e-14 0.000000e+00
334 410 2.072220e-03 1.646023e-03 2 2 4 1 9.751865e-14 0.000000e+00
334 411 2.072220e-03 2.072220e-03 2 2 4 1 1.216619e-13 0.000000e+00
334 412 2.072220e-03 2.608770e-03 2 2 4 1 1.102555e-13 0.000000e+00
334 413 2.072220e-03 3.284247e-03 2 2 4 1 8.344419e-14 0.000000e+00
334 414 2.072220e-03 4.134622e-03 2 2 4 1 6.106108e-14 0.000000e+00
334 415 2.072220e-03 5.205181e-03 2 2 4 1 4.501104e-14 0.000000e+00
334 416 2.072220e-03 6.552935e-03 2 2 4 1 3.367676e-14 0.000000e+00
334 417 2.072220e-03 8.249656e-03 2 2 4 1 2.546279e-14 0.000000e+00
335 407 2.608770e-03 8.249656e-04 2 2 4 1 1.974761e-14 0.000000e+00
335 408 2.608770e-03 1.038570e-03 2 2 4 1 3.102822e-14 0.000000e+00
335 409 2.608770e-03 1.307482e-03 2 2 4 1 4.843216e-14 0.000000e+00
335 410 2.608770e-03 1.646023e-03 2 2 4 1 7.453813e-14 0.000000e+00
335 411 2.608770e-03 2.072220e-03 2 2 4 1 1.102555e-13 0.000000e+00
335 412 2.608770e-03 2.608770e-03 2 2 4 1 1.386742e-13 0.000000e+00
335 413 2.608770e-03 3.284247e-03 2 2 4 1 1.244021e-13 0.000000e+00
335 414 2.608770e-03 4.134622e-03 2 2 4 1 9.427525e-14 0.000000e+00
335 415 2.608770e-03 5.205181e-03 2 2 4 1 7.016738e-14 0.000000e+00
335 416 2.608770e-03 6.552935e-03 2 2 4 1 5.275658e-14 0.000000e+00
335 417 2.608770e-03 8.249656e-03 2 2 4 1 4.003059e-14 0.000000e+00
336 407 3.284247e-03 8.249656e-04 2 2 4 1 1.395305e-14 0.000000e+00
336 408 3.284247e-03 1.038570e-03 2 2 4 1 2.200540e-14 0.000000e+00
336 409 3.284247e-03 1.307482e-03 2 2 4 1 3.459215e-14 0.000000e+00
336 410 3.284247e-03 1.646023e-03 2 2 4 1 5.405737e-14 0.000000e+00
336 411 3.284247e-03 2.072220e-03 2 2 4 1 8.344419e-14 0.000000e+00
336 412 3.284247e-03 2.608770e-03 2 2 4 1 1.244021e-13 0.000000e+00
336 413 3.284247e-03 3.284247e-03 2 2 4 1 1.578295e-13 0.000000e+00
336 414 3.284247e-03 4.134622e-03 2 2 4 1 1.411253e-13 0.000000e+00
336 415 3.284247e-03 5.205181e-03 2 2 4 1 1.080921e-13 0.000000e+00
336 416 3.284247e-03 6.552935e-03 2 2 4 1 8.203494e-14 0.000000e+00
336 417 3.284247e-03 8.249656e-03 2 2 4 1 6.261817e-14 0.000000e+00
337 407 4.134622e-03 8.249656e-04 2 2 4 1 9.992936e-15 0.000000e+00
337 408 4.134622e-03 1.038570e-03 2 2 4 1 1.578525e-14 0.000000e+00
337 409 4.134622e-03 1.307482e-03 2 2 4 1 2.488438e-14 0.000000e+00
337 410 4.134622e-03 1.646023e-03 2 2 4 1 3.909581e-14 0.000000e+00
337 411 4.134622e-03 2.072220e-03 2 2 4 1 6.106108e-14 0.000000e+00
337 412 4.134622e-03 2.608770e-03 2 2 4 1 9.427525e-14 0.000000e+00
337 413 4.134622e-03 3.284247e-03 2 2 4 1 1.411253e-13 0.000000e+00
337 414 4.134622e-03 4.134622e-03 2 2 4 1 1.804183e-13 0.000000e+00
337 415 4.134622e-03 5.205181e-03 2 2 4 1 1.617953e-13 0.000000e+00
337 416 4.134622e-03 6.552935e-03 2 2 4 1 1.259012e-13 0.000000e+00
337 417 4.134622e-03 8.249656e-03 2 2 4 1 9.712991e-14 0.000000e+00
338 407 5.205181e-03 8.249656e-04 2 2 4 1 7.296374e-15 0.000000e+00
338 408 5.205181e-03 1.038570e-03 2 2 4 1 1.153600e-14 0.000000e+00
338 409 5.205181e-03 1.307482e-03 2 2 4 1 1.821277e-14 0.000000e+00
338 410 5.205181e-03 1.646023e-03 2 2 4 1 2.868673e-14 0.000000e+00
338 411 5.205181e-03 2.072220e-03 2 2 4 1 4.501104e-14 0.000000e+00
338 412 5.205181e-03 2.608770e-03 2 2 4 1 7.016738e-14 0.000000e+00
338 413 5.205181e-03 3.284247e-03 2 2 4 1 1.080921e-13 0.000000e+00
338 414 5.205181e-03 4.134622e-03 2 2 4 1 1.617953e-13 0.000000e+00
338 415 5.205181e-03 5.205181e-03 2 2 4 1 2.079231e-13 0.000000e+00
338 416 5.205181e-03 6.552935e-03 2 2 4 1 1.877815e-13 0.000000e+00
338 417 5.205181e-03 8.249656e-03 2 2 4 1 1.484552e-13 0.000000e+00
339 407 6.552935e-03 8.249656e-04 2 2 4 1 5.425014e-15 0.000000e+00
339 408 6.552935e-03 1.038570e-03 2 2 4 1 8.582867e-15 0.000000e+00
339 409 6.552935e-03 1.307482e-03 2 2 4 1 1.356470e-14 0.000000e+00
339 410 6.552935e-03 1.646023e-03 2 2 4 1 2.140221e-14 0.000000e+00
339 411 6.552935e-03 2.072220e-03 2 2 4 1 3.367676e-14 0.000000e+00
339 412 6.552935e-03 2.608770e-03 2 2 4 1 5.275658e-14 0.000000e+00
339 413 6.552935e-03 3.284247e-03 2 2 4 1 8.203494e-14 0.000000e+00
339 414 6.552935e-03 4.134622e-03 2 2 4 1 1.259012e-13 0.000000e+00
339 415 6.552935e-03 5.205181e-03 2 2 4 1 1.877815e-13 0.000000e+00
339 416 6.552935e-03 6.552935e-03 2 2 4 1 2.417975e-13 0.000000e+00
339 417 6.552935e-03 8.249656e-03 2 2 4 1 2.201753e-13 0.000000e+00
340 407 8.249656e-03 8.249656e-04 2 2 4 1 4.081874e-15 0.000000e+00
340 408 8.249656e-03 1.038570e-03 2 2 4 1 6.461294e-15 0.000000e+00
340 409 8.249656e-03 1.307482e-03 2 2 4 1 1.022025e-14 0.000000e+00
340 410 8.249656e-03 1.646023e-03 2 2 4 1 1.614704e-14 0.000000e+00
340 411 8.249656e-03 2.072220e-03 2 2 4 1 2.546279e-14 0.000000e+00
340 412 8.249656e-03 2.608770e-03 2 2 4 1 4.003059e-14 0.000000e+00
340 413 8.249656e-03 3.284247e-03 2 2 4 1 6.261817e-14 0.000000e+00
340 414 8.249656e-03 4.134622e-03 2 2 4 1 9.712991e-14 0.000000e+00
340 415 8.249656e-03 5.205181e-03 2 2 4 1 1.484552e-13 0.000000e+00
340 416 8.249656e-03 6.552935e-03 2 2 4 1 2.201753e-13 0.000000e+00
340 417 8.249656e-03 8.249656e-03 2 2 4 1 2.831387e-13 0.000000e+00
