# Please cite the following papers in research using this covariance:
# arXiv: 1601.05779, https://arxiv.org/abs/1601.05779
# arXiv: 1911.11947, https://arxiv.org/abs/1911.11947
# arXiv: 2004.04833, https://arxiv.org/abs/2004.04833
# arXiv: 1804.10663, https://arxiv.org/abs/1804.10663
########################################################
385 451 8.249656e-04 8.249656e-04 3 3 5 1 1.225329e-13 0.000000e+00
385 452 8.249656e-04 1.038570e-03 3 3 5 1 1.202642e-13 0.000000e+00
385 453 8.249656e-04 1.307482e-03 3 3 5 1 9.920703e-14 0.000000e+00
385 454 8.249656e-04 1.646023e-03 3 3 5 1 7.549445e-14 0.000000e+00
385 455 8.249656e-04 2.072220e-03 3 3 5 1 5.557070e-14 0.000000e+00
385 456 8.249656e-04 2.608770e-03 3 3 5 1 4.059181e-14 0.000000e+00
385 457 8.249656e-04 3.284247e-03 3 3 5 1 2.982816e-14 0.000000e+00
385 458 8.249656e-04 4.134622e-03 3 3 5 1 2.216083e-14 0.000000e+00
385 459 8.249656e-04 5.205181e-03 3 3 5 1 1.662696e-14 0.000000e+00
385 460 8.249656e-04 6.552935e-03 3 3 5 1 1.253950e-14 0.000000e+00
385 461 8.249656e-04 8.249656e-03 3 3 5 1 9.445782e-15 0.000000e+00
386 451 1.038570e-03 8.249656e-04 3 3 5 1 1.202642e-13 0.000000e+00
386 452 1.038570e-03 1.038570e-03 3 3 5 1 1.490732e-13 0.000000e+00
386 453 1.038570e-03 1.307482e-03 3 3 5 1 1.430648e-13 0.000000e+00
386 454 1.038570e-03 1.646023e-03 3 3 5 1 1.150482e-13 0.000000e+00
386 455 1.038570e-03 2.072220e-03 3 3 5 1 8.643917e-14 0.000000e+00
386 456 1.038570e-03 2.608770e-03 3 3 5 1 6.366571e-14 0.000000e+00
386 457 1.038570e-03 3.284247e-03 3 3 5 1 4.696260e-14 0.000000e+00
386 458 1.038570e-03 4.134622e-03 3 3 5 1 3.496581e-14 0.000000e+00
386 459 1.038570e-03 5.205181e-03 3 3 5 1 2.627179e-14 0.000000e+00
386 460 1.038570e-03 6.552935e-03 3 3 5 1 1.983324e-14 0.000000e+00
386 461 1.038570e-03 8.249656e-03 3 3 5 1 1.495068e-14 0.000000e+00
387 451 1.307482e-03 8.249656e-04 3 3 5 1 9.920703e-14 0.000000e+00
387 452 1.307482e-03 1.038570e-03 3 3 5 1 1.430648e-13 0.000000e+00
387 453 1.307482e-03 1.307482e-03 3 3 5 1 1.778065e-13 0.000000e+00
387 454 1.307482e-03 1.646023e-03 3 3 5 1 1.674469e-13 0.000000e+00
387 455 1.307482e-03 2.072220e-03 3 3 5 1 1.322981e-13 0.000000e+00
387 456 1.307482e-03 2.608770e-03 3 3 5 1 9.912263e-14 0.000000e+00
387 457 1.307482e-03 3.284247e-03 3 3 5 1 7.362908e-14 0.000000e+00
387 458 1.307482e-03 4.134622e-03 3 3 5 1 5.501941e-14 0.000000e+00
387 459 1.307482e-03 5.205181e-03 3 3 5 1 4.143550e-14 0.000000e+00
387 460 1.307482e-03 6.552935e-03 3 3 5 1 3.133149e-14 0.000000e+00
387 461 1.307482e-03 8.249656e-03 3 3 5 1 2.364519e-14 0.000000e+00
388 451 1.646023e-03 8.249656e-04 3 3 5 1 7.549445e-14 0.000000e+00
388 452 1.646023e-03 1.038570e-03 3 3 5 1 1.150482e-13 0.000000e+00
388 453 1.646023e-03 1.307482e-03 3 3 5 1 1.674469e-13 0.000000e+00
388 454 1.646023e-03 1.646023e-03 3 3 5 1 2.091445e-13 0.000000e+00
388 455 1.646023e-03 2.072220e-03 3 3 5 1 1.941747e-13 0.000000e+00
388 456 1.646023e-03 2.608770e-03 3 3 5 1 1.520748e-13 0.000000e+00
388 457 1.646023e-03 3.284247e-03 3 3 5 1 1.145931e-13 0.000000e+00
388 458 1.646023e-03 4.134622e-03 3 3 5 1 8.618399e-14 0.000000e+00
388 459 1.646023e-03 5.205181e-03 3 3 5 1 6.515763e-14 0.000000e+00
388 460 1.646023e-03 6.552935e-03 3 3 5 1 4.939908e-14 0.000000e+00
388 461 1.646023e-03 8.249656e-03 3 3 5 1 3.734876e-14 0.000000e+00
389 451 2.072220e-03 8.249656e-04 3 3 5 1 5.557070e-14 0.000000e+00
389 452 2.072220e-03 1.038570e-03 3 3 5 1 8.643917e-14 0.000000e+00
389 453 2.072220e-03 1.307482e-03 3 3 5 1 1.322981e-13 0.000000e+00
389 454 2.072220e-03 1.646023e-03 3 3 5 1 1.941747e-13 0.000000e+00
389 455 2.072220e-03 2.072220e-03 3 3 5 1 2.440889e-13 0.000000e+00
389 456 2.072220e-03 2.608770e-03 3 3 5 1 2.246054e-13 0.000000e+00
389 457 2.072220e-03 3.284247e-03 3 3 5 1 1.758569e-13 0.000000e+00
389 458 2.072220e-03 4.134622e-03 3 3 5 1 1.339613e-13 0.000000e+00
389 459 2.072220e-03 5.205181e-03 3 3 5 1 1.019594e-13 0.000000e+00
389 460 2.072220e-03 6.552935e-03 3 3 5 1 7.763817e-14 0.000000e+00
389 461 2.072220e-03 8.249656e-03 3 3 5 1 5.887424e-14 0.000000e+00
390 451 2.608770e-03 8.249656e-04 3 3 5 1 4.059181e-14 0.000000e+00
390 452 2.608770e-03 1.038570e-03 3 3 5 1 6.366571e-14 0.000000e+00
390 453 2.608770e-03 1.307482e-03 3 3 5 1 9.912263e-14 0.000000e+00
390 454 2.608770e-03 1.646023e-03 3 3 5 1 1.520748e-13 0.000000e+00
390 455 2.608770e-03 2.072220e-03 3 3 5 1 2.246054e-13 0.000000e+00
390 456 2.608770e-03 2.608770e-03 3 3 5 1 2.842367e-13 0.000000e+00
390 457 2.608770e-03 3.284247e-03 3 3 5 1 2.605896e-13 0.000000e+00
390 458 2.608770e-03 4.134622e-03 3 3 5 1 2.052751e-13 0.000000e+00
390 459 2.608770e-03 5.205181e-03 3 3 5 1 1.582219e-13 0.000000e+00
390 460 2.608770e-03 6.552935e-03 3 3 5 1 1.213795e-13 0.000000e+00
390 461 2.608770e-03 8.249656e-03 3 3 5 1 9.249758e-14 0.000000e+00
391 451 3.284247e-03 8.249656e-04 3 3 5 1 2.982816e-14 0.000000e+00
391 452 3.284247e-03 1.038570e-03 3 3 5 1 4.696260e-14 0.000000e+00
391 453 3.284247e-03 1.307482e-03 3 3 5 1 7.362908e-14 0.000000e+00
391 454 3.284247e-03 1.646023e-03 3 3 5 1 1.145931e-13 0.000000e+00
391 455 3.284247e-03 2.072220e-03 3 3 5 1 1.758569e-13 0.000000e+00
391 456 3.284247e-03 2.608770e-03 3 3 5 1 2.605896e-13 0.000000e+00
391 457 3.284247e-03 3.284247e-03 3 3 5 1 3.316636e-13 0.000000e+00
391 458 3.284247e-03 4.134622e-03 3 3 5 1 3.042545e-13 0.000000e+00
391 459 3.284247e-03 5.205181e-03 3 3 5 1 2.418591e-13 0.000000e+00
391 460 3.284247e-03 6.552935e-03 3 3 5 1 1.880707e-13 0.000000e+00
391 461 3.284247e-03 8.249656e-03 3 3 5 1 1.445225e-13 0.000000e+00
392 451 4.134622e-03 8.249656e-04 3 3 5 1 2.216083e-14 0.000000e+00
392 452 4.134622e-03 1.038570e-03 3 3 5 1 3.496581e-14 0.000000e+00
392 453 4.134622e-03 1.307482e-03 3 3 5 1 5.501941e-14 0.000000e+00
392 454 4.134622e-03 1.646023e-03 3 3 5 1 8.618399e-14 0.000000e+00
392 455 4.134622e-03 2.072220e-03 3 3 5 1 1.339613e-13 0.000000e+00
392 456 4.134622e-03 2.608770e-03 3 3 5 1 2.052751e-13 0.000000e+00
392 457 4.134622e-03 3.284247e-03 3 3 5 1 3.042545e-13 0.000000e+00
392 458 4.134622e-03 4.134622e-03 3 3 5 1 3.887027e-13 0.000000e+00
392 459 4.134622e-03 5.205181e-03 3 3 5 1 3.577015e-13 0.000000e+00
392 460 4.134622e-03 6.552935e-03 3 3 5 1 2.867442e-13 0.000000e+00
392 461 4.134622e-03 8.249656e-03 3 3 5 1 2.236807e-13 0.000000e+00
393 451 5.205181e-03 8.249656e-04 3 3 5 1 1.662696e-14 0.000000e+00
393 452 5.205181e-03 1.038570e-03 3 3 5 1 2.627179e-14 0.000000e+00
393 453 5.205181e-03 1.307482e-03 3 3 5 1 4.143550e-14 0.000000e+00
393 454 5.205181e-03 1.646023e-03 3 3 5 1 6.515763e-14 0.000000e+00
393 455 5.205181e-03 2.072220e-03 3 3 5 1 1.019594e-13 0.000000e+00
393 456 5.205181e-03 2.608770e-03 3 3 5 1 1.582219e-13 0.000000e+00
393 457 5.205181e-03 3.284247e-03 3 3 5 1 2.418591e-13 0.000000e+00
393 458 5.205181e-03 4.134622e-03 3 3 5 1 3.577015e-13 0.000000e+00
393 459 5.205181e-03 5.205181e-03 3 3 5 1 4.576151e-13 0.000000e+00
393 460 5.205181e-03 6.552935e-03 3 3 5 1 4.226057e-13 0.000000e+00
393 461 5.205181e-03 8.249656e-03 3 3 5 1 3.403124e-13 0.000000e+00
394 451 6.552935e-03 8.249656e-04 3 3 5 1 1.253950e-14 0.000000e+00
394 452 6.552935e-03 1.038570e-03 3 3 5 1 1.983324e-14 0.000000e+00
394 453 6.552935e-03 1.307482e-03 3 3 5 1 3.133149e-14 0.000000e+00
394 454 6.552935e-03 1.646023e-03 3 3 5 1 4.939908e-14 0.000000e+00
394 455 6.552935e-03 2.072220e-03 3 3 5 1 7.763817e-14 0.000000e+00
394 456 6.552935e-03 2.608770e-03 3 3 5 1 1.213795e-13 0.000000e+00
394 457 6.552935e-03 3.284247e-03 3 3 5 1 1.880707e-13 0.000000e+00
394 458 6.552935e-03 4.134622e-03 3 3 5 1 2.867442e-13 0.000000e+00
394 459 6.552935e-03 5.205181e-03 3 3 5 1 4.226057e-13 0.000000e+00
394 460 6.552935e-03 6.552935e-03 3 3 5 1 5.401289e-13 0.000000e+00
394 461 6.552935e-03 8.249656e-03 3 3 5 1 4.996780e-13 0.000000e+00
395 451 8.249656e-03 8.249656e-04 3 3 5 1 9.445782e-15 0.000000e+00
395 452 8.249656e-03 1.038570e-03 3 3 5 1 1.495068e-14 0.000000e+00
395 453 8.249656e-03 1.307482e-03 3 3 5 1 2.364519e-14 0.000000e+00
395 454 8.249656e-03 1.646023e-03 3 3 5 1 3.734876e-14 0.000000e+00
395 455 8.249656e-03 2.072220e-03 3 3 5 1 5.887424e-14 0.000000e+00
395 456 8.249656e-03 2.608770e-03 3 3 5 1 9.249758e-14 0.000000e+00
395 457 8.249656e-03 3.284247e-03 3 3 5 1 1.445225e-13 0.000000e+00
395 458 8.249656e-03 4.134622e-03 3 3 5 1 2.236807e-13 0.000000e+00
395 459 8.249656e-03 5.205181e-03 3 3 5 1 3.403124e-13 0.000000e+00
395 460 8.249656e-03 6.552935e-03 3 3 5 1 4.996780e-13 0.000000e+00
395 461 8.249656e-03 8.249656e-03 3 3 5 1 6.367657e-13 0.000000e+00
