# Please cite the following papers in research using this covariance:
# arXiv: 1601.05779, https://arxiv.org/abs/1601.05779
# arXiv: 1911.11947, https://arxiv.org/abs/1911.11947
# arXiv: 2004.04833, https://arxiv.org/abs/2004.04833
# arXiv: 1804.10663, https://arxiv.org/abs/1804.10663
########################################################
341 352 8.249656e-04 8.249656e-04 2 3 3 0 2.061574e-13 0.000000e+00
341 353 8.249656e-04 1.038570e-03 2 3 3 0 2.012771e-13 0.000000e+00
341 354 8.249656e-04 1.307482e-03 2 3 3 0 1.639898e-13 0.000000e+00
341 355 8.249656e-04 1.646023e-03 2 3 3 0 1.224120e-13 0.000000e+00
341 356 8.249656e-04 2.072220e-03 2 3 3 0 8.809893e-14 0.000000e+00
341 357 8.249656e-04 2.608770e-03 2 3 3 0 6.294705e-14 0.000000e+00
341 358 8.249656e-04 3.284247e-03 2 3 3 0 4.545214e-14 0.000000e+00
341 359 8.249656e-04 4.134622e-03 2 3 3 0 3.344718e-14 0.000000e+00
341 360 8.249656e-04 5.205181e-03 2 3 3 0 2.508924e-14 0.000000e+00
341 361 8.249656e-04 6.552935e-03 2 3 3 0 1.907380e-14 0.000000e+00
341 362 8.249656e-04 8.249656e-03 2 3 3 0 1.456829e-14 0.000000e+00
342 352 1.038570e-03 8.249656e-04 2 3 3 0 2.012771e-13 0.000000e+00
342 353 1.038570e-03 1.038570e-03 2 3 3 0 2.486000e-13 0.000000e+00
342 354 1.038570e-03 1.307482e-03 2 3 3 0 2.365633e-13 0.000000e+00
342 355 1.038570e-03 1.646023e-03 2 3 3 0 1.869873e-13 0.000000e+00
342 356 1.038570e-03 2.072220e-03 2 3 3 0 1.373563e-13 0.000000e+00
342 357 1.038570e-03 2.608770e-03 2 3 3 0 9.889876e-14 0.000000e+00
342 358 1.038570e-03 3.284247e-03 2 3 3 0 7.163524e-14 0.000000e+00
342 359 1.038570e-03 4.134622e-03 2 3 3 0 5.279934e-14 0.000000e+00
342 360 1.038570e-03 5.205181e-03 2 3 3 0 3.964878e-14 0.000000e+00
342 361 1.038570e-03 6.552935e-03 2 3 3 0 3.016826e-14 0.000000e+00
342 362 1.038570e-03 8.249656e-03 2 3 3 0 2.305722e-14 0.000000e+00
343 352 1.307482e-03 8.249656e-04 2 3 3 0 1.639898e-13 0.000000e+00
343 353 1.307482e-03 1.038570e-03 2 3 3 0 2.365633e-13 0.000000e+00
343 354 1.307482e-03 1.307482e-03 2 3 3 0 2.930153e-13 0.000000e+00
343 355 1.307482e-03 1.646023e-03 2 3 3 0 2.727335e-13 0.000000e+00
343 356 1.307482e-03 2.072220e-03 2 3 3 0 2.109667e-13 0.000000e+00
343 357 1.307482e-03 2.608770e-03 2 3 3 0 1.544043e-13 0.000000e+00
343 358 1.307482e-03 3.284247e-03 2 3 3 0 1.125006e-13 0.000000e+00
343 359 1.307482e-03 4.134622e-03 2 3 3 0 8.314739e-14 0.000000e+00
343 360 1.307482e-03 5.205181e-03 2 3 3 0 6.254928e-14 0.000000e+00
343 361 1.307482e-03 6.552935e-03 2 3 3 0 4.765827e-14 0.000000e+00
343 362 1.307482e-03 8.249656e-03 2 3 3 0 3.646286e-14 0.000000e+00
344 352 1.646023e-03 8.249656e-04 2 3 3 0 1.224120e-13 0.000000e+00
344 353 1.646023e-03 1.038570e-03 2 3 3 0 1.869873e-13 0.000000e+00
344 354 1.646023e-03 1.307482e-03 2 3 3 0 2.727335e-13 0.000000e+00
344 355 1.646023e-03 1.646023e-03 2 3 3 0 3.397703e-13 0.000000e+00
344 356 1.646023e-03 2.072220e-03 2 3 3 0 3.109284e-13 0.000000e+00
344 357 1.646023e-03 2.608770e-03 2 3 3 0 2.379284e-13 0.000000e+00
344 358 1.646023e-03 3.284247e-03 2 3 3 0 1.755808e-13 0.000000e+00
344 359 1.646023e-03 4.134622e-03 2 3 3 0 1.304197e-13 0.000000e+00
344 360 1.646023e-03 5.205181e-03 2 3 3 0 9.840191e-14 0.000000e+00
344 361 1.646023e-03 6.552935e-03 2 3 3 0 7.514182e-14 0.000000e+00
344 362 1.646023e-03 8.249656e-03 2 3 3 0 5.758711e-14 0.000000e+00
345 352 2.072220e-03 8.249656e-04 2 3 3 0 8.809893e-14 0.000000e+00
345 353 2.072220e-03 1.038570e-03 2 3 3 0 1.373563e-13 0.000000e+00
345 354 2.072220e-03 1.307482e-03 2 3 3 0 2.109667e-13 0.000000e+00
345 355 2.072220e-03 1.646023e-03 2 3 3 0 3.109284e-13 0.000000e+00
345 356 2.072220e-03 2.072220e-03 2 3 3 0 3.904121e-13 0.000000e+00
345 357 2.072220e-03 2.608770e-03 2 3 3 0 3.535328e-13 0.000000e+00
345 358 2.072220e-03 3.284247e-03 2 3 3 0 2.707123e-13 0.000000e+00
345 359 2.072220e-03 4.134622e-03 2 3 3 0 2.031923e-13 0.000000e+00
345 360 2.072220e-03 5.205181e-03 2 3 3 0 1.541001e-13 0.000000e+00
345 361 2.072220e-03 6.552935e-03 2 3 3 0 1.181024e-13 0.000000e+00
345 362 2.072220e-03 8.249656e-03 2 3 3 0 9.075809e-14 0.000000e+00
346 352 2.608770e-03 8.249656e-04 2 3 3 0 6.294705e-14 0.000000e+00
346 353 2.608770e-03 1.038570e-03 2 3 3 0 9.889876e-14 0.000000e+00
346 354 2.608770e-03 1.307482e-03 2 3 3 0 1.544043e-13 0.000000e+00
346 355 2.608770e-03 1.646023e-03 2 3 3 0 2.379284e-13 0.000000e+00
346 356 2.608770e-03 2.072220e-03 2 3 3 0 3.535328e-13 0.000000e+00
346 357 2.608770e-03 2.608770e-03 2 3 3 0 4.477676e-13 0.000000e+00
346 358 2.608770e-03 3.284247e-03 2 3 3 0 4.040731e-13 0.000000e+00
346 359 2.608770e-03 4.134622e-03 2 3 3 0 3.126675e-13 0.000000e+00
346 360 2.608770e-03 5.205181e-03 2 3 3 0 2.394866e-13 0.000000e+00
346 361 2.608770e-03 6.552935e-03 2 3 3 0 1.846692e-13 0.000000e+00
346 362 2.608770e-03 8.249656e-03 2 3 3 0 1.425474e-13 0.000000e+00
347 352 3.284247e-03 8.249656e-04 2 3 3 0 4.545214e-14 0.000000e+00
347 353 3.284247e-03 1.038570e-03 2 3 3 0 7.163524e-14 0.000000e+00
347 354 3.284247e-03 1.307482e-03 2 3 3 0 1.125006e-13 0.000000e+00
347 355 3.284247e-03 1.646023e-03 2 3 3 0 1.755808e-13 0.000000e+00
347 356 3.284247e-03 2.072220e-03 2 3 3 0 2.707123e-13 0.000000e+00
347 357 3.284247e-03 2.608770e-03 2 3 3 0 4.040731e-13 0.000000e+00
347 358 3.284247e-03 3.284247e-03 2 3 3 0 5.158182e-13 0.000000e+00
347 359 3.284247e-03 4.134622e-03 2 3 3 0 4.668732e-13 0.000000e+00
347 360 3.284247e-03 5.205181e-03 2 3 3 0 3.671786e-13 0.000000e+00
347 361 3.284247e-03 6.552935e-03 2 3 3 0 2.862668e-13 0.000000e+00
347 362 3.284247e-03 8.249656e-03 2 3 3 0 2.226299e-13 0.000000e+00
348 352 4.134622e-03 8.249656e-04 2 3 3 0 3.344718e-14 0.000000e+00
348 353 4.134622e-03 1.038570e-03 2 3 3 0 5.279934e-14 0.000000e+00
348 354 4.134622e-03 1.307482e-03 2 3 3 0 8.314739e-14 0.000000e+00
348 355 4.134622e-03 1.646023e-03 2 3 3 0 1.304197e-13 0.000000e+00
348 356 4.134622e-03 2.072220e-03 2 3 3 0 2.031923e-13 0.000000e+00
348 357 4.134622e-03 2.608770e-03 2 3 3 0 3.126675e-13 0.000000e+00
348 358 4.134622e-03 3.284247e-03 2 3 3 0 4.668732e-13 0.000000e+00
348 359 4.134622e-03 4.134622e-03 2 3 3 0 5.993320e-13 0.000000e+00
348 360 4.134622e-03 5.205181e-03 2 3 3 0 5.464982e-13 0.000000e+00
348 361 4.134622e-03 6.552935e-03 2 3 3 0 4.370781e-13 0.000000e+00
348 362 4.134622e-03 8.249656e-03 2 3 3 0 3.444033e-13 0.000000e+00
349 352 5.205181e-03 8.249656e-04 2 3 3 0 2.508924e-14 0.000000e+00
349 353 5.205181e-03 1.038570e-03 2 3 3 0 3.964878e-14 0.000000e+00
349 354 5.205181e-03 1.307482e-03 2 3 3 0 6.254928e-14 0.000000e+00
349 355 5.205181e-03 1.646023e-03 2 3 3 0 9.840191e-14 0.000000e+00
349 356 5.205181e-03 2.072220e-03 2 3 3 0 1.541001e-13 0.000000e+00
349 357 5.205181e-03 2.608770e-03 2 3 3 0 2.394866e-13 0.000000e+00
349 358 5.205181e-03 3.284247e-03 2 3 3 0 3.671786e-13 0.000000e+00
349 359 5.205181e-03 4.134622e-03 2 3 3 0 5.464982e-13 0.000000e+00
349 360 5.205181e-03 5.205181e-03 2 3 3 0 7.032581e-13 0.000000e+00
349 361 5.205181e-03 6.552935e-03 2 3 3 0 6.469684e-13 0.000000e+00
349 362 5.205181e-03 8.249656e-03 2 3 3 0 5.238900e-13 0.000000e+00
350 352 6.552935e-03 8.249656e-04 2 3 3 0 1.907380e-14 0.000000e+00
350 353 6.552935e-03 1.038570e-03 2 3 3 0 3.016826e-14 0.000000e+00
350 354 6.552935e-03 1.307482e-03 2 3 3 0 4.765827e-14 0.000000e+00
350 355 6.552935e-03 1.646023e-03 2 3 3 0 7.514182e-14 0.000000e+00
350 356 6.552935e-03 2.072220e-03 2 3 3 0 1.181024e-13 0.000000e+00
350 357 6.552935e-03 2.608770e-03 2 3 3 0 1.846692e-13 0.000000e+00
350 358 6.552935e-03 3.284247e-03 2 3 3 0 2.862668e-13 0.000000e+00
350 359 6.552935e-03 4.134622e-03 2 3 3 0 4.370781e-13 0.000000e+00
350 360 6.552935e-03 5.205181e-03 2 3 3 0 6.469684e-13 0.000000e+00
350 361 6.552935e-03 6.552935e-03 2 3 3 0 8.318131e-13 0.000000e+00
350 362 6.552935e-03 8.249656e-03 2 3 3 0 7.706926e-13 0.000000e+00
351 352 8.249656e-03 8.249656e-04 2 3 3 0 1.456829e-14 0.000000e+00
351 353 8.249656e-03 1.038570e-03 2 3 3 0 2.305722e-14 0.000000e+00
351 354 8.249656e-03 1.307482e-03 2 3 3 0 3.646286e-14 0.000000e+00
351 355 8.249656e-03 1.646023e-03 2 3 3 0 5.758711e-14 0.000000e+00
351 356 8.249656e-03 2.072220e-03 2 3 3 0 9.075809e-14 0.000000e+00
351 357 8.249656e-03 2.608770e-03 2 3 3 0 1.425474e-13 0.000000e+00
351 358 8.249656e-03 3.284247e-03 2 3 3 0 2.226299e-13 0.000000e+00
351 359 8.249656e-03 4.134622e-03 2 3 3 0 3.444033e-13 0.000000e+00
351 360 8.249656e-03 5.205181e-03 2 3 3 0 5.238900e-13 0.000000e+00
351 361 8.249656e-03 6.552935e-03 2 3 3 0 7.706926e-13 0.000000e+00
351 362 8.249656e-03 8.249656e-03 2 3 3 0 9.872013e-13 0.000000e+00
