# Please cite the following papers in research using this covariance:
# arXiv: 1601.05779, https://arxiv.org/abs/1601.05779
# arXiv: 1911.11947, https://arxiv.org/abs/1911.11947
# arXiv: 2004.04833, https://arxiv.org/abs/2004.04833
# arXiv: 1804.10663, https://arxiv.org/abs/1804.10663
########################################################
231 374 8.249656e-04 8.249656e-04 0 1 3 2 1.199330e-13 0.000000e+00
231 375 8.249656e-04 1.038570e-03 0 1 3 2 1.248757e-13 0.000000e+00
231 376 8.249656e-04 1.307482e-03 0 1 3 2 1.108763e-13 0.000000e+00
231 377 8.249656e-04 1.646023e-03 0 1 3 2 8.837318e-14 0.000000e+00
231 378 8.249656e-04 2.072220e-03 0 1 3 2 6.517915e-14 0.000000e+00
231 379 8.249656e-04 2.608770e-03 0 1 3 2 4.546764e-14 0.000000e+00
231 380 8.249656e-04 3.284247e-03 0 1 3 2 3.063437e-14 0.000000e+00
231 381 8.249656e-04 4.134622e-03 0 1 3 2 2.038025e-14 0.000000e+00
231 382 8.249656e-04 5.205181e-03 0 1 3 2 1.367761e-14 0.000000e+00
231 383 8.249656e-04 6.552935e-03 0 1 3 2 9.416956e-15 0.000000e+00
231 384 8.249656e-04 8.249656e-03 0 1 3 2 6.704502e-15 0.000000e+00
232 374 1.038570e-03 8.249656e-04 0 1 3 2 1.248757e-13 0.000000e+00
232 375 1.038570e-03 1.038570e-03 0 1 3 2 1.549747e-13 0.000000e+00
232 376 1.038570e-03 1.307482e-03 0 1 3 2 1.564144e-13 0.000000e+00
232 377 1.038570e-03 1.646023e-03 0 1 3 2 1.326685e-13 0.000000e+00
232 378 1.038570e-03 2.072220e-03 0 1 3 2 1.008233e-13 0.000000e+00
232 379 1.038570e-03 2.608770e-03 0 1 3 2 7.134181e-14 0.000000e+00
232 380 1.038570e-03 3.284247e-03 0 1 3 2 4.836886e-14 0.000000e+00
232 381 1.038570e-03 4.134622e-03 0 1 3 2 3.225312e-14 0.000000e+00
232 382 1.038570e-03 5.205181e-03 0 1 3 2 2.165927e-14 0.000000e+00
232 383 1.038570e-03 6.552935e-03 0 1 3 2 1.491357e-14 0.000000e+00
232 384 1.038570e-03 8.249656e-03 0 1 3 2 1.061829e-14 0.000000e+00
233 374 1.307482e-03 8.249656e-04 0 1 3 2 1.108763e-13 0.000000e+00
233 375 1.307482e-03 1.038570e-03 0 1 3 2 1.564144e-13 0.000000e+00
233 376 1.307482e-03 1.307482e-03 0 1 3 2 1.928556e-13 0.000000e+00
233 377 1.307482e-03 1.646023e-03 0 1 3 2 1.884547e-13 0.000000e+00
233 378 1.307482e-03 2.072220e-03 0 1 3 2 1.525932e-13 0.000000e+00
233 379 1.307482e-03 2.608770e-03 0 1 3 2 1.110165e-13 0.000000e+00
233 380 1.307482e-03 3.284247e-03 0 1 3 2 7.614818e-14 0.000000e+00
233 381 1.307482e-03 4.134622e-03 0 1 3 2 5.099046e-14 0.000000e+00
233 382 1.307482e-03 5.205181e-03 0 1 3 2 3.428083e-14 0.000000e+00
233 383 1.307482e-03 6.552935e-03 0 1 3 2 2.360808e-14 0.000000e+00
233 384 1.307482e-03 8.249656e-03 0 1 3 2 1.680974e-14 0.000000e+00
234 374 1.646023e-03 8.249656e-04 0 1 3 2 8.837318e-14 0.000000e+00
234 375 1.646023e-03 1.038570e-03 0 1 3 2 1.326685e-13 0.000000e+00
234 376 1.646023e-03 1.307482e-03 0 1 3 2 1.884547e-13 0.000000e+00
234 377 1.646023e-03 1.646023e-03 0 1 3 2 2.315340e-13 0.000000e+00
234 378 1.646023e-03 2.072220e-03 0 1 3 2 2.190191e-13 0.000000e+00
234 379 1.646023e-03 2.608770e-03 0 1 3 2 1.696271e-13 0.000000e+00
234 380 1.646023e-03 3.284247e-03 0 1 3 2 1.191667e-13 0.000000e+00
234 381 1.646023e-03 4.134622e-03 0 1 3 2 8.045724e-14 0.000000e+00
234 382 1.646023e-03 5.205181e-03 0 1 3 2 5.420980e-14 0.000000e+00
234 383 1.646023e-03 6.552935e-03 0 1 3 2 3.734502e-14 0.000000e+00
234 384 1.646023e-03 8.249656e-03 0 1 3 2 2.659363e-14 0.000000e+00
235 374 2.072220e-03 8.249656e-04 0 1 3 2 6.517915e-14 0.000000e+00
235 375 2.072220e-03 1.038570e-03 0 1 3 2 1.008233e-13 0.000000e+00
235 376 2.072220e-03 1.307482e-03 0 1 3 2 1.525932e-13 0.000000e+00
235 377 2.072220e-03 1.646023e-03 0 1 3 2 2.190191e-13 0.000000e+00
235 378 2.072220e-03 2.072220e-03 0 1 3 2 2.691371e-13 0.000000e+00
235 379 2.072220e-03 2.608770e-03 0 1 3 2 2.467800e-13 0.000000e+00
235 380 2.072220e-03 3.284247e-03 0 1 3 2 1.838470e-13 0.000000e+00
235 381 2.072220e-03 4.134622e-03 0 1 3 2 1.264337e-13 0.000000e+00
235 382 2.072220e-03 5.205181e-03 0 1 3 2 8.559102e-14 0.000000e+00
235 383 2.072220e-03 6.552935e-03 0 1 3 2 5.900839e-14 0.000000e+00
235 384 2.072220e-03 8.249656e-03 0 1 3 2 4.202780e-14 0.000000e+00
236 374 2.608770e-03 8.249656e-04 0 1 3 2 4.546764e-14 0.000000e+00
236 375 2.608770e-03 1.038570e-03 0 1 3 2 7.134181e-14 0.000000e+00
236 376 2.608770e-03 1.307482e-03 0 1 3 2 1.110165e-13 0.000000e+00
236 377 2.608770e-03 1.646023e-03 0 1 3 2 1.696271e-13 0.000000e+00
236 378 2.608770e-03 2.072220e-03 0 1 3 2 2.467800e-13 0.000000e+00
236 379 2.608770e-03 2.608770e-03 0 1 3 2 3.045925e-13 0.000000e+00
236 380 2.608770e-03 3.284247e-03 0 1 3 2 2.716164e-13 0.000000e+00
236 381 2.608770e-03 4.134622e-03 0 1 3 2 1.966225e-13 0.000000e+00
236 382 2.608770e-03 5.205181e-03 0 1 3 2 1.347235e-13 0.000000e+00
236 383 2.608770e-03 6.552935e-03 0 1 3 2 9.306672e-14 0.000000e+00
236 384 2.608770e-03 8.249656e-03 0 1 3 2 6.630858e-14 0.000000e+00
237 374 3.284247e-03 8.249656e-04 0 1 3 2 3.063437e-14 0.000000e+00
237 375 3.284247e-03 1.038570e-03 0 1 3 2 4.836886e-14 0.000000e+00
237 376 3.284247e-03 1.307482e-03 0 1 3 2 7.614818e-14 0.000000e+00
237 377 3.284247e-03 1.646023e-03 0 1 3 2 1.191667e-13 0.000000e+00
237 378 3.284247e-03 2.072220e-03 0 1 3 2 1.838470e-13 0.000000e+00
237 379 3.284247e-03 2.608770e-03 0 1 3 2 2.716164e-13 0.000000e+00
237 380 3.284247e-03 3.284247e-03 0 1 3 2 3.381059e-13 0.000000e+00
237 381 3.284247e-03 4.134622e-03 0 1 3 2 2.948909e-13 0.000000e+00
237 382 3.284247e-03 5.205181e-03 0 1 3 2 2.104564e-13 0.000000e+00
237 383 3.284247e-03 6.552935e-03 0 1 3 2 1.463190e-13 0.000000e+00
237 384 3.284247e-03 8.249656e-03 0 1 3 2 1.043402e-13 0.000000e+00
238 374 4.134622e-03 8.249656e-04 0 1 3 2 2.038025e-14 0.000000e+00
238 375 4.134622e-03 1.038570e-03 0 1 3 2 3.225312e-14 0.000000e+00
238 376 4.134622e-03 1.307482e-03 0 1 3 2 5.099046e-14 0.000000e+00
238 377 4.134622e-03 1.646023e-03 0 1 3 2 8.045724e-14 0.000000e+00
238 378 4.134622e-03 2.072220e-03 0 1 3 2 1.264337e-13 0.000000e+00
238 379 4.134622e-03 2.608770e-03 0 1 3 2 1.966225e-13 0.000000e+00
238 380 4.134622e-03 3.284247e-03 0 1 3 2 2.948909e-13 0.000000e+00
238 381 4.134622e-03 4.134622e-03 0 1 3 2 3.713529e-13 0.000000e+00
238 382 4.134622e-03 5.205181e-03 0 1 3 2 3.193836e-13 0.000000e+00
238 383 4.134622e-03 6.552935e-03 0 1 3 2 2.285585e-13 0.000000e+00
238 384 4.134622e-03 8.249656e-03 0 1 3 2 1.634888e-13 0.000000e+00
239 374 5.205181e-03 8.249656e-04 0 1 3 2 1.367761e-14 0.000000e+00
239 375 5.205181e-03 1.038570e-03 0 1 3 2 2.165927e-14 0.000000e+00
239 376 5.205181e-03 1.307482e-03 0 1 3 2 3.428083e-14 0.000000e+00
239 377 5.205181e-03 1.646023e-03 0 1 3 2 5.420980e-14 0.000000e+00
239 378 5.205181e-03 2.072220e-03 0 1 3 2 8.559102e-14 0.000000e+00
239 379 5.205181e-03 2.608770e-03 0 1 3 2 1.347235e-13 0.000000e+00
239 380 5.205181e-03 3.284247e-03 0 1 3 2 2.104564e-13 0.000000e+00
239 381 5.205181e-03 4.134622e-03 0 1 3 2 3.193836e-13 0.000000e+00
239 382 5.205181e-03 5.205181e-03 0 1 3 2 4.073708e-13 0.000000e+00
239 383 5.205181e-03 6.552935e-03 0 1 3 2 3.489347e-13 0.000000e+00
239 384 5.205181e-03 8.249656e-03 0 1 3 2 2.543093e-13 0.000000e+00
240 374 6.552935e-03 8.249656e-04 0 1 3 2 9.416956e-15 0.000000e+00
240 375 6.552935e-03 1.038570e-03 0 1 3 2 1.491357e-14 0.000000e+00
240 376 6.552935e-03 1.307482e-03 0 1 3 2 2.360808e-14 0.000000e+00
240 377 6.552935e-03 1.646023e-03 0 1 3 2 3.734502e-14 0.000000e+00
240 378 6.552935e-03 2.072220e-03 0 1 3 2 5.900839e-14 0.000000e+00
240 379 6.552935e-03 2.608770e-03 0 1 3 2 9.306672e-14 0.000000e+00
240 380 6.552935e-03 3.284247e-03 0 1 3 2 1.463190e-13 0.000000e+00
240 381 6.552935e-03 4.134622e-03 0 1 3 2 2.285585e-13 0.000000e+00
240 382 6.552935e-03 5.205181e-03 0 1 3 2 3.489347e-13 0.000000e+00
240 383 6.552935e-03 6.552935e-03 0 1 3 2 4.502130e-13 0.000000e+00
240 384 6.552935e-03 8.249656e-03 0 1 3 2 3.878852e-13 0.000000e+00
241 374 8.249656e-03 8.249656e-04 0 1 3 2 6.704502e-15 0.000000e+00
241 375 8.249656e-03 1.038570e-03 0 1 3 2 1.061829e-14 0.000000e+00
241 376 8.249656e-03 1.307482e-03 0 1 3 2 1.680974e-14 0.000000e+00
241 377 8.249656e-03 1.646023e-03 0 1 3 2 2.659363e-14 0.000000e+00
241 378 8.249656e-03 2.072220e-03 0 1 3 2 4.202780e-14 0.000000e+00
241 379 8.249656e-03 2.608770e-03 0 1 3 2 6.630858e-14 0.000000e+00
241 380 8.249656e-03 3.284247e-03 0 1 3 2 1.043402e-13 0.000000e+00
241 381 8.249656e-03 4.134622e-03 0 1 3 2 1.634888e-13 0.000000e+00
241 382 8.249656e-03 5.205181e-03 0 1 3 2 2.543093e-13 0.000000e+00
241 383 8.249656e-03 6.552935e-03 0 1 3 2 3.878852e-13 0.000000e+00
241 384 8.249656e-03 8.249656e-03 0 1 3 2 5.044075e-13 0.000000e+00
