# Please cite the following papers in research using this covariance:
# arXiv: 1601.05779, https://arxiv.org/abs/1601.05779
# arXiv: 1911.11947, https://arxiv.org/abs/1911.11947
# arXiv: 2004.04833, https://arxiv.org/abs/2004.04833
# arXiv: 1804.10663, https://arxiv.org/abs/1804.10663
########################################################
396 396 8.249656e-04 8.249656e-04 4 0 4 0 2.410508e-09 0.000000e+00
396 397 8.249656e-04 1.038570e-03 4 0 4 0 5.395756e-11 0.000000e+00
396 398 8.249656e-04 1.307482e-03 4 0 4 0 2.264877e-11 0.000000e+00
396 399 8.249656e-04 1.646023e-03 4 0 4 0 1.077167e-11 0.000000e+00
396 400 8.249656e-04 2.072220e-03 4 0 4 0 5.652963e-12 0.000000e+00
396 401 8.249656e-04 2.608770e-03 4 0 4 0 3.174476e-12 0.000000e+00
396 402 8.249656e-04 3.284247e-03 4 0 4 0 1.856854e-12 0.000000e+00
396 403 8.249656e-04 4.134622e-03 4 0 4 0 1.107543e-12 0.000000e+00
396 404 8.249656e-04 5.205181e-03 4 0 4 0 6.623505e-13 0.000000e+00
396 405 8.249656e-04 6.552935e-03 4 0 4 0 3.925603e-13 0.000000e+00
396 406 8.249656e-04 8.249656e-03 4 0 4 0 2.282106e-13 0.000000e+00
397 396 1.038570e-03 8.249656e-04 4 0 4 0 5.395756e-11 0.000000e+00
397 397 1.038570e-03 1.038570e-03 4 0 4 0 1.550581e-09 0.000000e+00
397 398 1.038570e-03 1.307482e-03 4 0 4 0 4.428943e-11 0.000000e+00
397 399 1.038570e-03 1.646023e-03 4 0 4 0 1.863916e-11 0.000000e+00
397 400 1.038570e-03 2.072220e-03 4 0 4 0 9.276235e-12 0.000000e+00
397 401 1.038570e-03 2.608770e-03 4 0 4 0 5.098133e-12 0.000000e+00
397 402 1.038570e-03 3.284247e-03 4 0 4 0 2.957769e-12 0.000000e+00
397 403 1.038570e-03 4.134622e-03 4 0 4 0 1.758685e-12 0.000000e+00
397 404 1.038570e-03 5.205181e-03 4 0 4 0 1.050927e-12 0.000000e+00
397 405 1.038570e-03 6.552935e-03 4 0 4 0 6.225621e-13 0.000000e+00
397 406 1.038570e-03 8.249656e-03 4 0 4 0 3.620018e-13 0.000000e+00
398 396 1.307482e-03 8.249656e-04 4 0 4 0 2.264877e-11 0.000000e+00
398 397 1.307482e-03 1.038570e-03 4 0 4 0 4.428943e-11 0.000000e+00
398 398 1.307482e-03 1.307482e-03 4 0 4 0 1.000759e-09 0.000000e+00
398 399 1.307482e-03 1.646023e-03 4 0 4 0 3.654716e-11 0.000000e+00
398 400 1.307482e-03 2.072220e-03 4 0 4 0 1.581417e-11 0.000000e+00
398 401 1.307482e-03 2.608770e-03 4 0 4 0 8.286380e-12 0.000000e+00
398 402 1.307482e-03 3.284247e-03 4 0 4 0 4.729935e-12 0.000000e+00
398 403 1.307482e-03 4.134622e-03 4 0 4 0 2.797230e-12 0.000000e+00
398 404 1.307482e-03 5.205181e-03 4 0 4 0 1.668706e-12 0.000000e+00
398 405 1.307482e-03 6.552935e-03 4 0 4 0 9.879404e-13 0.000000e+00
398 406 1.307482e-03 8.249656e-03 4 0 4 0 5.742794e-13 0.000000e+00
399 396 1.646023e-03 8.249656e-04 4 0 4 0 1.077167e-11 0.000000e+00
399 397 1.646023e-03 1.038570e-03 4 0 4 0 1.863916e-11 0.000000e+00
399 398 1.646023e-03 1.307482e-03 4 0 4 0 3.654716e-11 0.000000e+00
399 399 1.646023e-03 1.646023e-03 4 0 4 0 6.498695e-10 0.000000e+00
399 400 1.646023e-03 2.072220e-03 4 0 4 0 3.060090e-11 0.000000e+00
399 401 1.646023e-03 2.608770e-03 4 0 4 0 1.388618e-11 0.000000e+00
399 402 1.646023e-03 3.284247e-03 4 0 4 0 7.627858e-12 0.000000e+00
399 403 1.646023e-03 4.134622e-03 4 0 4 0 4.461285e-12 0.000000e+00
399 404 1.646023e-03 5.205181e-03 4 0 4 0 2.652543e-12 0.000000e+00
399 405 1.646023e-03 6.552935e-03 4 0 4 0 1.568907e-12 0.000000e+00
399 406 1.646023e-03 8.249656e-03 4 0 4 0 9.117682e-13 0.000000e+00
400 396 2.072220e-03 8.249656e-04 4 0 4 0 5.652963e-12 0.000000e+00
400 397 2.072220e-03 1.038570e-03 4 0 4 0 9.276235e-12 0.000000e+00
400 398 2.072220e-03 1.307482e-03 4 0 4 0 1.581417e-11 0.000000e+00
400 399 2.072220e-03 1.646023e-03 4 0 4 0 3.060090e-11 0.000000e+00
400 400 2.072220e-03 2.072220e-03 4 0 4 0 4.251079e-10 0.000000e+00
400 401 2.072220e-03 2.608770e-03 4 0 4 0 2.618601e-11 0.000000e+00
400 402 2.072220e-03 3.284247e-03 4 0 4 0 1.258227e-11 0.000000e+00
400 403 2.072220e-03 4.134622e-03 4 0 4 0 7.156634e-12 0.000000e+00
400 404 2.072220e-03 5.205181e-03 4 0 4 0 4.225523e-12 0.000000e+00
400 405 2.072220e-03 6.552935e-03 4 0 4 0 2.494640e-12 0.000000e+00
400 406 2.072220e-03 8.249656e-03 4 0 4 0 1.448859e-12 0.000000e+00
401 396 2.608770e-03 8.249656e-04 4 0 4 0 3.174476e-12 0.000000e+00
401 397 2.608770e-03 1.038570e-03 4 0 4 0 5.098133e-12 0.000000e+00
401 398 2.608770e-03 1.307482e-03 4 0 4 0 8.286380e-12 0.000000e+00
401 399 2.608770e-03 1.646023e-03 4 0 4 0 1.388618e-11 0.000000e+00
401 400 2.608770e-03 2.072220e-03 4 0 4 0 2.618601e-11 0.000000e+00
401 401 2.608770e-03 2.608770e-03 4 0 4 0 2.808658e-10 0.000000e+00
401 402 2.608770e-03 3.284247e-03 4 0 4 0 2.297369e-11 0.000000e+00
401 403 2.608770e-03 4.134622e-03 4 0 4 0 1.166408e-11 0.000000e+00
401 404 2.608770e-03 5.205181e-03 4 0 4 0 6.760466e-12 0.000000e+00
401 405 2.608770e-03 6.552935e-03 4 0 4 0 3.974909e-12 0.000000e+00
401 406 2.608770e-03 8.249656e-03 4 0 4 0 2.306106e-12 0.000000e+00
402 396 3.284247e-03 8.249656e-04 4 0 4 0 1.856854e-12 0.000000e+00
402 397 3.284247e-03 1.038570e-03 4 0 4 0 2.957769e-12 0.000000e+00
402 398 3.284247e-03 1.307482e-03 4 0 4 0 4.729935e-12 0.000000e+00
402 399 3.284247e-03 1.646023e-03 4 0 4 0 7.627858e-12 0.000000e+00
402 400 3.284247e-03 2.072220e-03 4 0 4 0 1.258227e-11 0.000000e+00
402 401 3.284247e-03 2.608770e-03 4 0 4 0 2.297369e-11 0.000000e+00
402 402 3.284247e-03 3.284247e-03 4 0 4 0 1.881980e-10 0.000000e+00
402 403 3.284247e-03 4.134622e-03 4 0 4 0 2.062831e-11 0.000000e+00
402 404 3.284247e-03 5.205181e-03 4 0 4 0 1.093880e-11 0.000000e+00
402 405 3.284247e-03 6.552935e-03 4 0 4 0 6.358253e-12 0.000000e+00
402 406 3.284247e-03 8.249656e-03 4 0 4 0 3.680087e-12 0.000000e+00
403 396 4.134622e-03 8.249656e-04 4 0 4 0 1.107543e-12 0.000000e+00
403 397 4.134622e-03 1.038570e-03 4 0 4 0 1.758685e-12 0.000000e+00
403 398 4.134622e-03 1.307482e-03 4 0 4 0 2.797230e-12 0.000000e+00
403 399 4.134622e-03 1.646023e-03 4 0 4 0 4.461285e-12 0.000000e+00
403 400 4.134622e-03 2.072220e-03 4 0 4 0 7.156634e-12 0.000000e+00
403 401 4.134622e-03 2.608770e-03 4 0 4 0 1.166408e-11 0.000000e+00
403 402 4.134622e-03 3.284247e-03 4 0 4 0 2.062831e-11 0.000000e+00
403 403 4.134622e-03 4.134622e-03 4 0 4 0 1.286624e-10 0.000000e+00
403 404 4.134622e-03 5.205181e-03 4 0 4 0 1.884392e-11 0.000000e+00
403 405 4.134622e-03 6.552935e-03 4 0 4 0 1.026174e-11 0.000000e+00
403 406 4.134622e-03 8.249656e-03 4 0 4 0 5.898602e-12 0.000000e+00
404 396 5.205181e-03 8.249656e-04 4 0 4 0 6.623505e-13 0.000000e+00
404 397 5.205181e-03 1.038570e-03 4 0 4 0 1.050927e-12 0.000000e+00
404 398 5.205181e-03 1.307482e-03 4 0 4 0 1.668706e-12 0.000000e+00
404 399 5.205181e-03 1.646023e-03 4 0 4 0 2.652543e-12 0.000000e+00
404 400 5.205181e-03 2.072220e-03 4 0 4 0 4.225523e-12 0.000000e+00
404 401 5.205181e-03 2.608770e-03 4 0 4 0 6.760466e-12 0.000000e+00
404 402 5.205181e-03 3.284247e-03 4 0 4 0 1.093880e-11 0.000000e+00
404 403 5.205181e-03 4.134622e-03 4 0 4 0 1.884392e-11 0.000000e+00
404 404 5.205181e-03 5.205181e-03 4 0 4 0 9.015173e-11 0.000000e+00
404 405 5.205181e-03 6.552935e-03 4 0 4 0 1.736579e-11 0.000000e+00
404 406 5.205181e-03 8.249656e-03 4 0 4 0 9.536130e-12 0.000000e+00
405 396 6.552935e-03 8.249656e-04 4 0 4 0 3.925603e-13 0.000000e+00
405 397 6.552935e-03 1.038570e-03 4 0 4 0 6.225621e-13 0.000000e+00
405 398 6.552935e-03 1.307482e-03 4 0 4 0 9.879404e-13 0.000000e+00
405 399 6.552935e-03 1.646023e-03 4 0 4 0 1.568907e-12 0.000000e+00
405 400 6.552935e-03 2.072220e-03 4 0 4 0 2.494640e-12 0.000000e+00
405 401 6.552935e-03 2.608770e-03 4 0 4 0 3.974909e-12 0.000000e+00
405 402 6.552935e-03 3.284247e-03 4 0 4 0 6.358253e-12 0.000000e+00
405 403 6.552935e-03 4.134622e-03 4 0 4 0 1.026174e-11 0.000000e+00
405 404 6.552935e-03 5.205181e-03 4 0 4 0 1.736579e-11 0.000000e+00
405 405 6.552935e-03 6.552935e-03 4 0 4 0 6.501846e-11 0.000000e+00
405 406 6.552935e-03 8.249656e-03 4 0 4 0 1.600142e-11 0.000000e+00
406 396 8.249656e-03 8.249656e-04 4 0 4 0 2.282106e-13 0.000000e+00
406 397 8.249656e-03 1.038570e-03 4 0 4 0 3.620018e-13 0.000000e+00
406 398 8.249656e-03 1.307482e-03 4 0 4 0 5.742794e-13 0.000000e+00
406 399 8.249656e-03 1.646023e-03 4 0 4 0 9.117682e-13 0.000000e+00
406 400 8.249656e-03 2.072220e-03 4 0 4 0 1.448859e-12 0.000000e+00
406 401 8.249656e-03 2.608770e-03 4 0 4 0 2.306106e-12 0.000000e+00
406 402 8.249656e-03 3.284247e-03 4 0 4 0 3.680087e-12 0.000000e+00
406 403 8.249656e-03 4.134622e-03 4 0 4 0 5.898602e-12 0.000000e+00
406 404 8.249656e-03 5.205181e-03 4 0 4 0 9.536130e-12 0.000000e+00
406 405 8.249656e-03 6.552935e-03 4 0 4 0 1.600142e-11 0.000000e+00
406 406 8.249656e-03 8.249656e-03 4 0 4 0 4.839165e-11 0.000000e+00
