# Please cite the following papers in research using this covariance:
# arXiv: 1601.05779, https://arxiv.org/abs/1601.05779
# arXiv: 1911.11947, https://arxiv.org/abs/1911.11947
# arXiv: 2004.04833, https://arxiv.org/abs/2004.04833
# arXiv: 1804.10663, https://arxiv.org/abs/1804.10663
########################################################
330 374 8.249656e-04 8.249656e-04 2 2 3 2 3.105678e-11 0.000000e+00
330 375 8.249656e-04 1.038570e-03 2 2 3 2 1.823598e-11 0.000000e+00
330 376 8.249656e-04 1.307482e-03 2 2 3 2 7.940309e-12 0.000000e+00
330 377 8.249656e-04 1.646023e-03 2 2 3 2 3.664467e-12 0.000000e+00
330 378 8.249656e-04 2.072220e-03 2 2 3 2 1.832770e-12 0.000000e+00
330 379 8.249656e-04 2.608770e-03 2 2 3 2 9.892180e-13 0.000000e+00
330 380 8.249656e-04 3.284247e-03 2 2 3 2 5.697178e-13 0.000000e+00
330 381 8.249656e-04 4.134622e-03 2 2 3 2 3.443894e-13 0.000000e+00
330 382 8.249656e-04 5.205181e-03 2 2 3 2 2.150384e-13 0.000000e+00
330 383 8.249656e-04 6.552935e-03 2 2 3 2 1.369580e-13 0.000000e+00
330 384 8.249656e-04 8.249656e-03 2 2 3 2 8.811145e-14 0.000000e+00
331 374 1.038570e-03 8.249656e-04 2 2 3 2 1.823598e-11 0.000000e+00
331 375 1.038570e-03 1.038570e-03 2 2 3 2 2.701679e-11 0.000000e+00
331 376 1.038570e-03 1.307482e-03 2 2 3 2 1.510944e-11 0.000000e+00
331 377 1.038570e-03 1.646023e-03 2 2 3 2 6.402798e-12 0.000000e+00
331 378 1.038570e-03 2.072220e-03 2 2 3 2 3.038375e-12 0.000000e+00
331 379 1.038570e-03 2.608770e-03 2 2 3 2 1.597677e-12 0.000000e+00
331 380 1.038570e-03 3.284247e-03 2 2 3 2 9.092403e-13 0.000000e+00
331 381 1.038570e-03 4.134622e-03 2 2 3 2 5.469478e-13 0.000000e+00
331 382 1.038570e-03 5.205181e-03 2 2 3 2 3.409632e-13 0.000000e+00
331 383 1.038570e-03 6.552935e-03 2 2 3 2 2.170183e-13 0.000000e+00
331 384 1.038570e-03 8.249656e-03 2 2 3 2 1.396501e-13 0.000000e+00
332 374 1.307482e-03 8.249656e-04 2 2 3 2 7.940309e-12 0.000000e+00
332 375 1.307482e-03 1.038570e-03 2 2 3 2 1.510944e-11 0.000000e+00
332 376 1.307482e-03 1.307482e-03 2 2 3 2 2.320472e-11 0.000000e+00
332 377 1.307482e-03 1.646023e-03 2 2 3 2 1.244380e-11 0.000000e+00
332 378 1.307482e-03 2.072220e-03 2 2 3 2 5.265674e-12 0.000000e+00
332 379 1.307482e-03 2.608770e-03 2 2 3 2 2.622895e-12 0.000000e+00
332 380 1.307482e-03 3.284247e-03 2 2 3 2 1.459142e-12 0.000000e+00
332 381 1.307482e-03 4.134622e-03 2 2 3 2 8.701968e-13 0.000000e+00
332 382 1.307482e-03 5.205181e-03 2 2 3 2 5.408616e-13 0.000000e+00
332 383 1.307482e-03 6.552935e-03 2 2 3 2 3.439326e-13 0.000000e+00
332 384 1.307482e-03 8.249656e-03 2 2 3 2 2.212541e-13 0.000000e+00
333 374 1.646023e-03 8.249656e-04 2 2 3 2 3.664467e-12 0.000000e+00
333 375 1.646023e-03 1.038570e-03 2 2 3 2 6.402798e-12 0.000000e+00
333 376 1.646023e-03 1.307482e-03 2 2 3 2 1.244380e-11 0.000000e+00
333 377 1.646023e-03 1.646023e-03 2 2 3 2 1.978160e-11 0.000000e+00
333 378 1.646023e-03 2.072220e-03 2 2 3 2 1.029403e-11 0.000000e+00
333 379 1.646023e-03 2.608770e-03 2 2 3 2 4.476657e-12 0.000000e+00
333 380 1.646023e-03 3.284247e-03 2 2 3 2 2.369515e-12 0.000000e+00
333 381 1.646023e-03 4.134622e-03 2 2 3 2 1.389015e-12 0.000000e+00
333 382 1.646023e-03 5.205181e-03 2 2 3 2 8.584754e-13 0.000000e+00
333 383 1.646023e-03 6.552935e-03 2 2 3 2 5.450605e-13 0.000000e+00
333 384 1.646023e-03 8.249656e-03 2 2 3 2 3.505581e-13 0.000000e+00
334 374 2.072220e-03 8.249656e-04 2 2 3 2 1.832770e-12 0.000000e+00
334 375 2.072220e-03 1.038570e-03 2 2 3 2 3.038375e-12 0.000000e+00
334 376 2.072220e-03 1.307482e-03 2 2 3 2 5.265674e-12 0.000000e+00
334 377 2.072220e-03 1.646023e-03 2 2 3 2 1.029403e-11 0.000000e+00
334 378 2.072220e-03 2.072220e-03 2 2 3 2 1.683480e-11 0.000000e+00
334 379 2.072220e-03 2.608770e-03 2 2 3 2 8.651166e-12 0.000000e+00
334 380 2.072220e-03 3.284247e-03 2 2 3 2 3.967492e-12 0.000000e+00
334 381 2.072220e-03 4.134622e-03 2 2 3 2 2.233677e-12 0.000000e+00
334 382 2.072220e-03 5.205181e-03 2 2 3 2 1.364740e-12 0.000000e+00
334 383 2.072220e-03 6.552935e-03 2 2 3 2 8.638795e-13 0.000000e+00
334 384 2.072220e-03 8.249656e-03 2 2 3 2 5.552537e-13 0.000000e+00
335 374 2.608770e-03 8.249656e-04 2 2 3 2 9.892180e-13 0.000000e+00
335 375 2.608770e-03 1.038570e-03 2 2 3 2 1.597677e-12 0.000000e+00
335 376 2.608770e-03 1.307482e-03 2 2 3 2 2.622895e-12 0.000000e+00
335 377 2.608770e-03 1.646023e-03 2 2 3 2 4.476657e-12 0.000000e+00
335 378 2.608770e-03 2.072220e-03 2 2 3 2 8.651166e-12 0.000000e+00
335 379 2.608770e-03 2.608770e-03 2 2 3 2 1.439710e-11 0.000000e+00
335 380 2.608770e-03 3.284247e-03 2 2 3 2 7.462486e-12 0.000000e+00
335 381 2.608770e-03 4.134622e-03 2 2 3 2 3.669385e-12 0.000000e+00
335 382 2.608770e-03 5.205181e-03 2 2 3 2 2.178133e-12 0.000000e+00
335 383 2.608770e-03 6.552935e-03 2 2 3 2 1.369646e-12 0.000000e+00
335 384 2.608770e-03 8.249656e-03 2 2 3 2 8.792463e-13 0.000000e+00
336 374 3.284247e-03 8.249656e-04 2 2 3 2 5.697178e-13 0.000000e+00
336 375 3.284247e-03 1.038570e-03 2 2 3 2 9.092403e-13 0.000000e+00
336 376 3.284247e-03 1.307482e-03 2 2 3 2 1.459142e-12 0.000000e+00
336 377 3.284247e-03 1.646023e-03 2 2 3 2 2.369515e-12 0.000000e+00
336 378 3.284247e-03 2.072220e-03 2 2 3 2 3.967492e-12 0.000000e+00
336 379 3.284247e-03 2.608770e-03 2 2 3 2 7.462486e-12 0.000000e+00
336 380 3.284247e-03 3.284247e-03 2 2 3 2 1.245662e-11 0.000000e+00
336 381 3.284247e-03 4.134622e-03 2 2 3 2 6.652885e-12 0.000000e+00
336 382 3.284247e-03 5.205181e-03 2 2 3 2 3.521634e-12 0.000000e+00
336 383 3.284247e-03 6.552935e-03 2 2 3 2 2.174633e-12 0.000000e+00
336 384 3.284247e-03 8.249656e-03 2 2 3 2 1.391768e-12 0.000000e+00
337 374 4.134622e-03 8.249656e-04 2 2 3 2 3.443894e-13 0.000000e+00
337 375 4.134622e-03 1.038570e-03 2 2 3 2 5.469478e-13 0.000000e+00
337 376 4.134622e-03 1.307482e-03 2 2 3 2 8.701968e-13 0.000000e+00
337 377 4.134622e-03 1.646023e-03 2 2 3 2 1.389015e-12 0.000000e+00
337 378 4.134622e-03 2.072220e-03 2 2 3 2 2.233677e-12 0.000000e+00
337 379 4.134622e-03 2.608770e-03 2 2 3 2 3.669385e-12 0.000000e+00
337 380 4.134622e-03 3.284247e-03 2 2 3 2 6.652885e-12 0.000000e+00
337 381 4.134622e-03 4.134622e-03 2 2 3 2 1.097088e-11 0.000000e+00
337 382 4.134622e-03 5.205181e-03 2 2 3 2 6.141845e-12 0.000000e+00
337 383 4.134622e-03 6.552935e-03 2 2 3 2 3.475265e-12 0.000000e+00
337 384 4.134622e-03 8.249656e-03 2 2 3 2 2.202637e-12 0.000000e+00
338 374 5.205181e-03 8.249656e-04 2 2 3 2 2.150384e-13 0.000000e+00
338 375 5.205181e-03 1.038570e-03 2 2 3 2 3.409632e-13 0.000000e+00
338 376 5.205181e-03 1.307482e-03 2 2 3 2 5.408616e-13 0.000000e+00
338 377 5.205181e-03 1.646023e-03 2 2 3 2 8.584754e-13 0.000000e+00
338 378 5.205181e-03 2.072220e-03 2 2 3 2 1.364740e-12 0.000000e+00
338 379 5.205181e-03 2.608770e-03 2 2 3 2 2.178133e-12 0.000000e+00
338 380 5.205181e-03 3.284247e-03 2 2 3 2 3.521634e-12 0.000000e+00
338 381 5.205181e-03 4.134622e-03 2 2 3 2 6.141845e-12 0.000000e+00
338 382 5.205181e-03 5.205181e-03 2 2 3 2 9.879762e-12 0.000000e+00
338 383 5.205181e-03 6.552935e-03 2 2 3 2 5.854087e-12 0.000000e+00
338 384 5.205181e-03 8.249656e-03 2 2 3 2 3.493056e-12 0.000000e+00
339 374 6.552935e-03 8.249656e-04 2 2 3 2 1.369580e-13 0.000000e+00
339 375 6.552935e-03 1.038570e-03 2 2 3 2 2.170183e-13 0.000000e+00
339 376 6.552935e-03 1.307482e-03 2 2 3 2 3.439326e-13 0.000000e+00
339 377 6.552935e-03 1.646023e-03 2 2 3 2 5.450605e-13 0.000000e+00
339 378 6.552935e-03 2.072220e-03 2 2 3 2 8.638795e-13 0.000000e+00
339 379 6.552935e-03 2.608770e-03 2 2 3 2 1.369646e-12 0.000000e+00
339 380 6.552935e-03 3.284247e-03 2 2 3 2 2.174633e-12 0.000000e+00
339 381 6.552935e-03 4.134622e-03 2 2 3 2 3.475265e-12 0.000000e+00
339 382 6.552935e-03 5.205181e-03 2 2 3 2 5.854087e-12 0.000000e+00
339 383 6.552935e-03 6.552935e-03 2 2 3 2 9.115891e-12 0.000000e+00
339 384 6.552935e-03 8.249656e-03 2 2 3 2 5.724553e-12 0.000000e+00
340 374 8.249656e-03 8.249656e-04 2 2 3 2 8.811145e-14 0.000000e+00
340 375 8.249656e-03 1.038570e-03 2 2 3 2 1.396501e-13 0.000000e+00
340 376 8.249656e-03 1.307482e-03 2 2 3 2 2.212541e-13 0.000000e+00
340 377 8.249656e-03 1.646023e-03 2 2 3 2 3.505581e-13 0.000000e+00
340 378 8.249656e-03 2.072220e-03 2 2 3 2 5.552537e-13 0.000000e+00
340 379 8.249656e-03 2.608770e-03 2 2 3 2 8.792463e-13 0.000000e+00
340 380 8.249656e-03 3.284247e-03 2 2 3 2 1.391768e-12 0.000000e+00
340 381 8.249656e-03 4.134622e-03 2 2 3 2 2.202637e-12 0.000000e+00
340 382 8.249656e-03 5.205181e-03 2 2 3 2 3.493056e-12 0.000000e+00
340 383 8.249656e-03 6.552935e-03 2 2 3 2 5.724553e-12 0.000000e+00
340 384 8.249656e-03 8.249656e-03 2 2 3 2 8.611185e-12 0.000000e+00
