# Please cite the following papers in research using this covariance:
# arXiv: 1601.05779, https://arxiv.org/abs/1601.05779
# arXiv: 1911.11947, https://arxiv.org/abs/1911.11947
# arXiv: 2004.04833, https://arxiv.org/abs/2004.04833
# arXiv: 1804.10663, https://arxiv.org/abs/1804.10663
########################################################
352 363 8.249656e-04 8.249656e-04 3 0 3 1 2.165924e-12 0.000000e+00
352 364 8.249656e-04 1.038570e-03 3 0 3 1 1.645782e-12 0.000000e+00
352 365 8.249656e-04 1.307482e-03 3 0 3 1 1.019091e-12 0.000000e+00
352 366 8.249656e-04 1.646023e-03 3 0 3 1 6.111188e-13 0.000000e+00
352 367 8.249656e-04 2.072220e-03 3 0 3 1 3.620700e-13 0.000000e+00
352 368 8.249656e-04 2.608770e-03 3 0 3 1 2.152806e-13 0.000000e+00
352 369 8.249656e-04 3.284247e-03 3 0 3 1 1.305272e-13 0.000000e+00
352 370 8.249656e-04 4.134622e-03 3 0 3 1 8.179170e-14 0.000000e+00
352 371 8.249656e-04 5.205181e-03 3 0 3 1 5.330656e-14 0.000000e+00
352 372 8.249656e-04 6.552935e-03 3 0 3 1 3.601537e-14 0.000000e+00
352 373 8.249656e-04 8.249656e-03 3 0 3 1 2.498393e-14 0.000000e+00
353 363 1.038570e-03 8.249656e-04 3 0 3 1 1.645782e-12 0.000000e+00
353 364 1.038570e-03 1.038570e-03 3 0 3 1 2.164420e-12 0.000000e+00
353 365 1.038570e-03 1.307482e-03 3 0 3 1 1.615794e-12 0.000000e+00
353 366 1.038570e-03 1.646023e-03 3 0 3 1 9.790859e-13 0.000000e+00
353 367 1.038570e-03 2.072220e-03 3 0 3 1 5.796473e-13 0.000000e+00
353 368 1.038570e-03 2.608770e-03 3 0 3 1 3.435375e-13 0.000000e+00
353 369 1.038570e-03 3.284247e-03 3 0 3 1 2.076058e-13 0.000000e+00
353 370 1.038570e-03 4.134622e-03 3 0 3 1 1.297810e-13 0.000000e+00
353 371 1.038570e-03 5.205181e-03 3 0 3 1 8.447171e-14 0.000000e+00
353 372 1.038570e-03 6.552935e-03 3 0 3 1 5.704304e-14 0.000000e+00
353 373 1.038570e-03 8.249656e-03 3 0 3 1 3.956882e-14 0.000000e+00
354 363 1.307482e-03 8.249656e-04 3 0 3 1 1.019091e-12 0.000000e+00
354 364 1.307482e-03 1.038570e-03 3 0 3 1 1.615794e-12 0.000000e+00
354 365 1.307482e-03 1.307482e-03 3 0 3 1 2.138911e-12 0.000000e+00
354 366 1.307482e-03 1.646023e-03 3 0 3 1 1.568575e-12 0.000000e+00
354 367 1.307482e-03 2.072220e-03 3 0 3 1 9.333553e-13 0.000000e+00
354 368 1.307482e-03 2.608770e-03 3 0 3 1 5.506771e-13 0.000000e+00
354 369 1.307482e-03 3.284247e-03 3 0 3 1 3.310083e-13 0.000000e+00
354 370 1.307482e-03 4.134622e-03 3 0 3 1 2.061016e-13 0.000000e+00
354 371 1.307482e-03 5.205181e-03 3 0 3 1 1.338500e-13 0.000000e+00
354 372 1.307482e-03 6.552935e-03 3 0 3 1 9.031849e-14 0.000000e+00
354 373 1.307482e-03 8.249656e-03 3 0 3 1 6.264632e-14 0.000000e+00
355 363 1.646023e-03 8.249656e-04 3 0 3 1 6.111188e-13 0.000000e+00
355 364 1.646023e-03 1.038570e-03 3 0 3 1 9.790859e-13 0.000000e+00
355 365 1.646023e-03 1.307482e-03 3 0 3 1 1.568575e-12 0.000000e+00
355 366 1.646023e-03 1.646023e-03 3 0 3 1 2.093869e-12 0.000000e+00
355 367 1.646023e-03 2.072220e-03 3 0 3 1 1.510919e-12 0.000000e+00
355 368 1.646023e-03 2.608770e-03 3 0 3 1 8.895298e-13 0.000000e+00
355 369 1.646023e-03 3.284247e-03 3 0 3 1 5.301076e-13 0.000000e+00
355 370 1.646023e-03 4.134622e-03 3 0 3 1 3.278361e-13 0.000000e+00
355 371 1.646023e-03 5.205181e-03 3 0 3 1 2.121021e-13 0.000000e+00
355 372 1.646023e-03 6.552935e-03 3 0 3 1 1.429222e-13 0.000000e+00
355 373 1.646023e-03 8.249656e-03 3 0 3 1 9.911651e-14 0.000000e+00
356 363 2.072220e-03 8.249656e-04 3 0 3 1 3.620700e-13 0.000000e+00
356 364 2.072220e-03 1.038570e-03 3 0 3 1 5.796473e-13 0.000000e+00
356 365 2.072220e-03 1.307482e-03 3 0 3 1 9.333553e-13 0.000000e+00
356 366 2.072220e-03 1.646023e-03 3 0 3 1 1.510919e-12 0.000000e+00
356 367 2.072220e-03 2.072220e-03 3 0 3 1 2.036922e-12 0.000000e+00
356 368 2.072220e-03 2.608770e-03 3 0 3 1 1.452388e-12 0.000000e+00
356 369 2.072220e-03 3.284247e-03 3 0 3 1 8.561897e-13 0.000000e+00
356 370 2.072220e-03 4.134622e-03 3 0 3 1 5.232220e-13 0.000000e+00
356 371 2.072220e-03 5.205181e-03 3 0 3 1 3.362180e-13 0.000000e+00
356 372 2.072220e-03 6.552935e-03 3 0 3 1 2.259825e-13 0.000000e+00
356 373 2.072220e-03 8.249656e-03 3 0 3 1 1.566682e-13 0.000000e+00
357 363 2.608770e-03 8.249656e-04 3 0 3 1 2.152806e-13 0.000000e+00
357 364 2.608770e-03 1.038570e-03 3 0 3 1 3.435375e-13 0.000000e+00
357 365 2.608770e-03 1.307482e-03 3 0 3 1 5.506771e-13 0.000000e+00
357 366 2.608770e-03 1.646023e-03 3 0 3 1 8.895298e-13 0.000000e+00
357 367 2.608770e-03 2.072220e-03 3 0 3 1 1.452388e-12 0.000000e+00
357 368 2.608770e-03 2.608770e-03 3 0 3 1 1.978535e-12 0.000000e+00
357 369 2.608770e-03 3.284247e-03 3 0 3 1 1.404068e-12 0.000000e+00
357 370 2.608770e-03 4.134622e-03 3 0 3 1 8.413906e-13 0.000000e+00
357 371 2.608770e-03 5.205181e-03 3 0 3 1 5.336975e-13 0.000000e+00
357 372 2.608770e-03 6.552935e-03 3 0 3 1 3.569256e-13 0.000000e+00
357 373 2.608770e-03 8.249656e-03 3 0 3 1 2.472554e-13 0.000000e+00
358 363 3.284247e-03 8.249656e-04 3 0 3 1 1.305272e-13 0.000000e+00
358 364 3.284247e-03 1.038570e-03 3 0 3 1 2.076058e-13 0.000000e+00
358 365 3.284247e-03 1.307482e-03 3 0 3 1 3.310083e-13 0.000000e+00
358 366 3.284247e-03 1.646023e-03 3 0 3 1 5.301076e-13 0.000000e+00
358 367 3.284247e-03 2.072220e-03 3 0 3 1 8.561897e-13 0.000000e+00
358 368 3.284247e-03 2.608770e-03 3 0 3 1 1.404068e-12 0.000000e+00
358 369 3.284247e-03 3.284247e-03 3 0 3 1 1.930640e-12 0.000000e+00
358 370 3.284247e-03 4.134622e-03 3 0 3 1 1.376932e-12 0.000000e+00
358 371 3.284247e-03 5.205181e-03 3 0 3 1 8.512651e-13 0.000000e+00
358 372 3.284247e-03 6.552935e-03 3 0 3 1 5.631414e-13 0.000000e+00
358 373 3.284247e-03 8.249656e-03 3 0 3 1 3.893121e-13 0.000000e+00
359 363 4.134622e-03 8.249656e-04 3 0 3 1 8.179170e-14 0.000000e+00
359 364 4.134622e-03 1.038570e-03 3 0 3 1 1.297810e-13 0.000000e+00
359 365 4.134622e-03 1.307482e-03 3 0 3 1 2.061016e-13 0.000000e+00
359 366 4.134622e-03 1.646023e-03 3 0 3 1 3.278361e-13 0.000000e+00
359 367 4.134622e-03 2.072220e-03 3 0 3 1 5.232220e-13 0.000000e+00
359 368 4.134622e-03 2.608770e-03 3 0 3 1 8.413906e-13 0.000000e+00
359 369 4.134622e-03 3.284247e-03 3 0 3 1 1.376932e-12 0.000000e+00
359 370 4.134622e-03 4.134622e-03 3 0 3 1 1.904981e-12 0.000000e+00
359 371 4.134622e-03 5.205181e-03 3 0 3 1 1.380215e-12 0.000000e+00
359 372 4.134622e-03 6.552935e-03 3 0 3 1 8.891552e-13 0.000000e+00
359 373 4.134622e-03 8.249656e-03 3 0 3 1 6.109265e-13 0.000000e+00
360 363 5.205181e-03 8.249656e-04 3 0 3 1 5.330656e-14 0.000000e+00
360 364 5.205181e-03 1.038570e-03 3 0 3 1 8.447171e-14 0.000000e+00
360 365 5.205181e-03 1.307482e-03 3 0 3 1 1.338500e-13 0.000000e+00
360 366 5.205181e-03 1.646023e-03 3 0 3 1 2.121021e-13 0.000000e+00
360 367 5.205181e-03 2.072220e-03 3 0 3 1 3.362180e-13 0.000000e+00
360 368 5.205181e-03 2.608770e-03 3 0 3 1 5.336975e-13 0.000000e+00
360 369 5.205181e-03 3.284247e-03 3 0 3 1 8.512651e-13 0.000000e+00
360 370 5.205181e-03 4.134622e-03 3 0 3 1 1.380215e-12 0.000000e+00
360 371 5.205181e-03 5.205181e-03 3 0 3 1 1.911616e-12 0.000000e+00
360 372 5.205181e-03 6.552935e-03 3 0 3 1 1.420090e-12 0.000000e+00
360 373 5.205181e-03 8.249656e-03 3 0 3 1 9.551374e-13 0.000000e+00
361 363 6.552935e-03 8.249656e-04 3 0 3 1 3.601537e-14 0.000000e+00
361 364 6.552935e-03 1.038570e-03 3 0 3 1 5.704304e-14 0.000000e+00
361 365 6.552935e-03 1.307482e-03 3 0 3 1 9.031849e-14 0.000000e+00
361 366 6.552935e-03 1.646023e-03 3 0 3 1 1.429222e-13 0.000000e+00
361 367 6.552935e-03 2.072220e-03 3 0 3 1 2.259825e-13 0.000000e+00
361 368 6.552935e-03 2.608770e-03 3 0 3 1 3.569256e-13 0.000000e+00
361 369 6.552935e-03 3.284247e-03 3 0 3 1 5.631414e-13 0.000000e+00
361 370 6.552935e-03 4.134622e-03 3 0 3 1 8.891552e-13 0.000000e+00
361 371 6.552935e-03 5.205181e-03 3 0 3 1 1.420090e-12 0.000000e+00
361 372 6.552935e-03 6.552935e-03 3 0 3 1 1.957548e-12 0.000000e+00
361 373 6.552935e-03 8.249656e-03 3 0 3 1 1.498757e-12 0.000000e+00
362 363 8.249656e-03 8.249656e-04 3 0 3 1 2.498393e-14 0.000000e+00
362 364 8.249656e-03 1.038570e-03 3 0 3 1 3.956882e-14 0.000000e+00
362 365 8.249656e-03 1.307482e-03 3 0 3 1 6.264632e-14 0.000000e+00
362 366 8.249656e-03 1.646023e-03 3 0 3 1 9.911651e-14 0.000000e+00
362 367 8.249656e-03 2.072220e-03 3 0 3 1 1.566682e-13 0.000000e+00
362 368 8.249656e-03 2.608770e-03 3 0 3 1 2.472554e-13 0.000000e+00
362 369 8.249656e-03 3.284247e-03 3 0 3 1 3.893121e-13 0.000000e+00
362 370 8.249656e-03 4.134622e-03 3 0 3 1 6.109265e-13 0.000000e+00
362 371 8.249656e-03 5.205181e-03 3 0 3 1 9.551374e-13 0.000000e+00
362 372 8.249656e-03 6.552935e-03 3 0 3 1 1.498757e-12 0.000000e+00
362 373 8.249656e-03 8.249656e-03 3 0 3 1 2.045741e-12 0.000000e+00
