# Please cite the following papers in research using this covariance:
# arXiv: 1601.05779, https://arxiv.org/abs/1601.05779
# arXiv: 1911.11947, https://arxiv.org/abs/1911.11947
# arXiv: 2004.04833, https://arxiv.org/abs/2004.04833
# arXiv: 1804.10663, https://arxiv.org/abs/1804.10663
########################################################
220 297 8.249656e-04 8.249656e-04 0 0 1 3 6.602679e-13 0.000000e+00
220 298 8.249656e-04 1.038570e-03 0 0 1 3 6.838160e-13 0.000000e+00
220 299 8.249656e-04 1.307482e-03 0 0 1 3 6.004739e-13 0.000000e+00
220 300 8.249656e-04 1.646023e-03 0 0 1 3 4.702542e-13 0.000000e+00
220 301 8.249656e-04 2.072220e-03 0 0 1 3 3.394008e-13 0.000000e+00
220 302 8.249656e-04 2.608770e-03 0 0 1 3 2.316696e-13 0.000000e+00
220 303 8.249656e-04 3.284247e-03 0 0 1 3 1.533898e-13 0.000000e+00
220 304 8.249656e-04 4.134622e-03 0 0 1 3 1.010825e-13 0.000000e+00
220 305 8.249656e-04 5.205181e-03 0 0 1 3 6.786812e-14 0.000000e+00
220 306 8.249656e-04 6.552935e-03 0 0 1 3 4.717429e-14 0.000000e+00
220 307 8.249656e-04 8.249656e-03 0 0 1 3 3.410437e-14 0.000000e+00
221 297 1.038570e-03 8.249656e-04 0 0 1 3 6.838160e-13 0.000000e+00
221 298 1.038570e-03 1.038570e-03 0 0 1 3 8.455020e-13 0.000000e+00
221 299 1.038570e-03 1.307482e-03 0 0 1 3 8.465484e-13 0.000000e+00
221 300 1.038570e-03 1.646023e-03 0 0 1 3 7.071558e-13 0.000000e+00
221 301 1.038570e-03 2.072220e-03 0 0 1 3 5.262429e-13 0.000000e+00
221 302 1.038570e-03 2.608770e-03 0 0 1 3 3.642156e-13 0.000000e+00
221 303 1.038570e-03 3.284247e-03 0 0 1 3 2.424804e-13 0.000000e+00
221 304 1.038570e-03 4.134622e-03 0 0 1 3 1.600577e-13 0.000000e+00
221 305 1.038570e-03 5.205181e-03 0 0 1 3 1.074875e-13 0.000000e+00
221 306 1.038570e-03 6.552935e-03 0 0 1 3 7.470627e-14 0.000000e+00
221 307 1.038570e-03 8.249656e-03 0 0 1 3 5.400808e-14 0.000000e+00
222 297 1.307482e-03 8.249656e-04 0 0 1 3 6.004739e-13 0.000000e+00
222 298 1.307482e-03 1.038570e-03 0 0 1 3 8.465484e-13 0.000000e+00
222 299 1.307482e-03 1.307482e-03 0 0 1 3 1.039892e-12 0.000000e+00
222 300 1.307482e-03 1.646023e-03 0 0 1 3 1.005570e-12 0.000000e+00
222 301 1.307482e-03 2.072220e-03 0 0 1 3 7.990540e-13 0.000000e+00
222 302 1.307482e-03 2.608770e-03 0 0 1 3 5.685062e-13 0.000000e+00
222 303 1.307482e-03 3.284247e-03 0 0 1 3 3.824958e-13 0.000000e+00
222 304 1.307482e-03 4.134622e-03 0 0 1 3 2.532735e-13 0.000000e+00
222 305 1.307482e-03 5.205181e-03 0 0 1 3 1.701632e-13 0.000000e+00
222 306 1.307482e-03 6.552935e-03 0 0 1 3 1.182517e-13 0.000000e+00
222 307 1.307482e-03 8.249656e-03 0 0 1 3 8.548773e-14 0.000000e+00
223 297 1.646023e-03 8.249656e-04 0 0 1 3 4.702542e-13 0.000000e+00
223 298 1.646023e-03 1.038570e-03 0 0 1 3 7.071558e-13 0.000000e+00
223 299 1.646023e-03 1.307482e-03 0 0 1 3 1.005570e-12 0.000000e+00
223 300 1.646023e-03 1.646023e-03 0 0 1 3 1.231746e-12 0.000000e+00
223 301 1.646023e-03 2.072220e-03 0 0 1 3 1.150686e-12 0.000000e+00
223 302 1.646023e-03 2.608770e-03 0 0 1 3 8.726751e-13 0.000000e+00
223 303 1.646023e-03 3.284247e-03 0 0 1 3 6.005317e-13 0.000000e+00
223 304 1.646023e-03 4.134622e-03 0 0 1 3 4.002590e-13 0.000000e+00
223 305 1.646023e-03 5.205181e-03 0 0 1 3 2.691979e-13 0.000000e+00
223 306 1.646023e-03 6.552935e-03 0 0 1 3 1.870418e-13 0.000000e+00
223 307 1.646023e-03 8.249656e-03 0 0 1 3 1.352149e-13 0.000000e+00
224 297 2.072220e-03 8.249656e-04 0 0 1 3 3.394008e-13 0.000000e+00
224 298 2.072220e-03 1.038570e-03 0 0 1 3 5.262429e-13 0.000000e+00
224 299 2.072220e-03 1.307482e-03 0 0 1 3 7.990540e-13 0.000000e+00
224 300 2.072220e-03 1.646023e-03 0 0 1 3 1.150686e-12 0.000000e+00
224 301 2.072220e-03 2.072220e-03 0 0 1 3 1.411885e-12 0.000000e+00
224 302 2.072220e-03 2.608770e-03 0 0 1 3 1.276843e-12 0.000000e+00
224 303 2.072220e-03 3.284247e-03 0 0 1 3 9.314283e-13 0.000000e+00
224 304 2.072220e-03 4.134622e-03 0 0 1 3 6.307065e-13 0.000000e+00
224 305 2.072220e-03 5.205181e-03 0 0 1 3 4.253647e-13 0.000000e+00
224 306 2.072220e-03 6.552935e-03 0 0 1 3 2.955088e-13 0.000000e+00
224 307 2.072220e-03 8.249656e-03 0 0 1 3 2.136170e-13 0.000000e+00
225 297 2.608770e-03 8.249656e-04 0 0 1 3 2.316696e-13 0.000000e+00
225 298 2.608770e-03 1.038570e-03 0 0 1 3 3.642156e-13 0.000000e+00
225 299 2.608770e-03 1.307482e-03 0 0 1 3 5.685062e-13 0.000000e+00
225 300 2.608770e-03 1.646023e-03 0 0 1 3 8.726751e-13 0.000000e+00
225 301 2.608770e-03 2.072220e-03 0 0 1 3 1.276843e-12 0.000000e+00
225 302 2.608770e-03 2.608770e-03 0 0 1 3 1.576913e-12 0.000000e+00
225 303 2.608770e-03 3.284247e-03 0 0 1 3 1.386603e-12 0.000000e+00
225 304 2.608770e-03 4.134622e-03 0 0 1 3 9.857160e-13 0.000000e+00
225 305 2.608770e-03 5.205181e-03 0 0 1 3 6.706022e-13 0.000000e+00
225 306 2.608770e-03 6.552935e-03 0 0 1 3 4.660322e-13 0.000000e+00
225 307 2.608770e-03 8.249656e-03 0 0 1 3 3.368556e-13 0.000000e+00
226 297 3.284247e-03 8.249656e-04 0 0 1 3 1.533898e-13 0.000000e+00
226 298 3.284247e-03 1.038570e-03 0 0 1 3 2.424804e-13 0.000000e+00
226 299 3.284247e-03 1.307482e-03 0 0 1 3 3.824958e-13 0.000000e+00
226 300 3.284247e-03 1.646023e-03 0 0 1 3 6.005317e-13 0.000000e+00
226 301 3.284247e-03 2.072220e-03 0 0 1 3 9.314283e-13 0.000000e+00
226 302 3.284247e-03 2.608770e-03 0 0 1 3 1.386603e-12 0.000000e+00
226 303 3.284247e-03 3.284247e-03 0 0 1 3 1.731153e-12 0.000000e+00
226 304 3.284247e-03 4.134622e-03 0 0 1 3 1.490772e-12 0.000000e+00
226 305 3.284247e-03 5.205181e-03 0 0 1 3 1.051207e-12 0.000000e+00
226 306 3.284247e-03 6.552935e-03 0 0 1 3 7.328198e-13 0.000000e+00
226 307 3.284247e-03 8.249656e-03 0 0 1 3 5.296568e-13 0.000000e+00
227 297 4.134622e-03 8.249656e-04 0 0 1 3 1.010825e-13 0.000000e+00
227 298 4.134622e-03 1.038570e-03 0 0 1 3 1.600577e-13 0.000000e+00
227 299 4.134622e-03 1.307482e-03 0 0 1 3 2.532735e-13 0.000000e+00
227 300 4.134622e-03 1.646023e-03 0 0 1 3 4.002590e-13 0.000000e+00
227 301 4.134622e-03 2.072220e-03 0 0 1 3 6.307065e-13 0.000000e+00
227 302 4.134622e-03 2.608770e-03 0 0 1 3 9.857160e-13 0.000000e+00
227 303 4.134622e-03 3.284247e-03 0 0 1 3 1.490772e-12 0.000000e+00
227 304 4.134622e-03 4.134622e-03 0 0 1 3 1.886893e-12 0.000000e+00
227 305 4.134622e-03 5.205181e-03 0 0 1 3 1.607218e-12 0.000000e+00
227 306 4.134622e-03 6.552935e-03 0 0 1 3 1.146137e-12 0.000000e+00
227 307 4.134622e-03 8.249656e-03 0 0 1 3 8.290631e-13 0.000000e+00
228 297 5.205181e-03 8.249656e-04 0 0 1 3 6.786812e-14 0.000000e+00
228 298 5.205181e-03 1.038570e-03 0 0 1 3 1.074875e-13 0.000000e+00
228 299 5.205181e-03 1.307482e-03 0 0 1 3 1.701632e-13 0.000000e+00
228 300 5.205181e-03 1.646023e-03 0 0 1 3 2.691979e-13 0.000000e+00
228 301 5.205181e-03 2.072220e-03 0 0 1 3 4.253647e-13 0.000000e+00
228 302 5.205181e-03 2.608770e-03 0 0 1 3 6.706022e-13 0.000000e+00
228 303 5.205181e-03 3.284247e-03 0 0 1 3 1.051207e-12 0.000000e+00
228 304 5.205181e-03 4.134622e-03 0 0 1 3 1.607218e-12 0.000000e+00
228 305 5.205181e-03 5.205181e-03 0 0 1 3 2.063170e-12 0.000000e+00
228 306 5.205181e-03 6.552935e-03 0 0 1 3 1.758415e-12 0.000000e+00
228 307 5.205181e-03 8.249656e-03 0 0 1 3 1.288453e-12 0.000000e+00
229 297 6.552935e-03 8.249656e-04 0 0 1 3 4.717429e-14 0.000000e+00
229 298 6.552935e-03 1.038570e-03 0 0 1 3 7.470627e-14 0.000000e+00
229 299 6.552935e-03 1.307482e-03 0 0 1 3 1.182517e-13 0.000000e+00
229 300 6.552935e-03 1.646023e-03 0 0 1 3 1.870418e-13 0.000000e+00
229 301 6.552935e-03 2.072220e-03 0 0 1 3 2.955088e-13 0.000000e+00
229 302 6.552935e-03 2.608770e-03 0 0 1 3 4.660322e-13 0.000000e+00
229 303 6.552935e-03 3.284247e-03 0 0 1 3 7.328198e-13 0.000000e+00
229 304 6.552935e-03 4.134622e-03 0 0 1 3 1.146137e-12 0.000000e+00
229 305 6.552935e-03 5.205181e-03 0 0 1 3 1.758415e-12 0.000000e+00
229 306 6.552935e-03 6.552935e-03 0 0 1 3 2.283530e-12 0.000000e+00
229 307 6.552935e-03 8.249656e-03 0 0 1 3 1.968306e-12 0.000000e+00
230 297 8.249656e-03 8.249656e-04 0 0 1 3 3.410437e-14 0.000000e+00
230 298 8.249656e-03 1.038570e-03 0 0 1 3 5.400808e-14 0.000000e+00
230 299 8.249656e-03 1.307482e-03 0 0 1 3 8.548773e-14 0.000000e+00
230 300 8.249656e-03 1.646023e-03 0 0 1 3 1.352149e-13 0.000000e+00
230 301 8.249656e-03 2.072220e-03 0 0 1 3 2.136170e-13 0.000000e+00
230 302 8.249656e-03 2.608770e-03 0 0 1 3 3.368556e-13 0.000000e+00
230 303 8.249656e-03 3.284247e-03 0 0 1 3 5.296568e-13 0.000000e+00
230 304 8.249656e-03 4.134622e-03 0 0 1 3 8.290631e-13 0.000000e+00
230 305 8.249656e-03 5.205181e-03 0 0 1 3 1.288453e-12 0.000000e+00
230 306 8.249656e-03 6.552935e-03 0 0 1 3 1.968306e-12 0.000000e+00
230 307 8.249656e-03 8.249656e-03 0 0 1 3 2.573157e-12 0.000000e+00
