# Please cite the following papers in research using this covariance:
# arXiv: 1601.05779, https://arxiv.org/abs/1601.05779
# arXiv: 1911.11947, https://arxiv.org/abs/1911.11947
# arXiv: 2004.04833, https://arxiv.org/abs/2004.04833
# arXiv: 1804.10663, https://arxiv.org/abs/1804.10663
########################################################
242 429 8.249656e-04 8.249656e-04 0 2 4 3 3.160007e-13 0.000000e+00
242 430 8.249656e-04 1.038570e-03 0 2 4 3 3.219165e-13 0.000000e+00
242 431 8.249656e-04 1.307482e-03 0 2 4 3 2.772881e-13 0.000000e+00
242 432 8.249656e-04 1.646023e-03 0 2 4 3 2.148683e-13 0.000000e+00
242 433 8.249656e-04 2.072220e-03 0 2 4 3 1.552800e-13 0.000000e+00
242 434 8.249656e-04 2.608770e-03 0 2 4 3 1.073891e-13 0.000000e+00
242 435 8.249656e-04 3.284247e-03 0 2 4 3 7.274398e-14 0.000000e+00
242 436 8.249656e-04 4.134622e-03 0 2 4 3 4.931462e-14 0.000000e+00
242 437 8.249656e-04 5.205181e-03 0 2 4 3 3.404423e-14 0.000000e+00
242 438 8.249656e-04 6.552935e-03 0 2 4 3 2.417519e-14 0.000000e+00
242 439 8.249656e-04 8.249656e-03 0 2 4 3 1.767754e-14 0.000000e+00
243 429 1.038570e-03 8.249656e-04 0 2 4 3 3.219165e-13 0.000000e+00
243 430 1.038570e-03 1.038570e-03 0 2 4 3 3.981033e-13 0.000000e+00
243 431 1.038570e-03 1.307482e-03 0 2 4 3 3.933512e-13 0.000000e+00
243 432 1.038570e-03 1.646023e-03 0 2 4 3 3.243340e-13 0.000000e+00
243 433 1.038570e-03 2.072220e-03 0 2 4 3 2.410291e-13 0.000000e+00
243 434 1.038570e-03 2.608770e-03 0 2 4 3 1.687626e-13 0.000000e+00
243 435 1.038570e-03 3.284247e-03 0 2 4 3 1.148865e-13 0.000000e+00
243 436 1.038570e-03 4.134622e-03 0 2 4 3 7.801629e-14 0.000000e+00
243 437 1.038570e-03 5.205181e-03 0 2 4 3 5.388485e-14 0.000000e+00
243 438 1.038570e-03 6.552935e-03 0 2 4 3 3.827166e-14 0.000000e+00
243 439 1.038570e-03 8.249656e-03 0 2 4 3 2.799049e-14 0.000000e+00
244 429 1.307482e-03 8.249656e-04 0 2 4 3 2.772881e-13 0.000000e+00
244 430 1.307482e-03 1.038570e-03 0 2 4 3 3.933512e-13 0.000000e+00
244 431 1.307482e-03 1.307482e-03 0 2 4 3 4.844757e-13 0.000000e+00
244 432 1.307482e-03 1.646023e-03 0 2 4 3 4.641742e-13 0.000000e+00
244 433 1.307482e-03 2.072220e-03 0 2 4 3 3.668966e-13 0.000000e+00
244 434 1.307482e-03 2.608770e-03 0 2 4 3 2.633393e-13 0.000000e+00
244 435 1.307482e-03 3.284247e-03 0 2 4 3 1.809716e-13 0.000000e+00
244 436 1.307482e-03 4.134622e-03 0 2 4 3 1.232770e-13 0.000000e+00
244 437 1.307482e-03 5.205181e-03 0 2 4 3 8.522060e-14 0.000000e+00
244 438 1.307482e-03 6.552935e-03 0 2 4 3 6.054747e-14 0.000000e+00
244 439 1.307482e-03 8.249656e-03 0 2 4 3 4.429547e-14 0.000000e+00
245 429 1.646023e-03 8.249656e-04 0 2 4 3 2.148683e-13 0.000000e+00
245 430 1.646023e-03 1.038570e-03 0 2 4 3 3.243340e-13 0.000000e+00
245 431 1.646023e-03 1.307482e-03 0 2 4 3 4.641742e-13 0.000000e+00
245 432 1.646023e-03 1.646023e-03 0 2 4 3 5.712560e-13 0.000000e+00
245 433 1.646023e-03 2.072220e-03 0 2 4 3 5.312764e-13 0.000000e+00
245 434 1.646023e-03 2.608770e-03 0 2 4 3 4.044092e-13 0.000000e+00
245 435 1.646023e-03 3.284247e-03 0 2 4 3 2.835778e-13 0.000000e+00
245 436 1.646023e-03 4.134622e-03 0 2 4 3 1.943877e-13 0.000000e+00
245 437 1.646023e-03 5.205181e-03 0 2 4 3 1.346047e-13 0.000000e+00
245 438 1.646023e-03 6.552935e-03 0 2 4 3 9.568712e-14 0.000000e+00
245 439 1.646023e-03 8.249656e-03 0 2 4 3 7.003637e-14 0.000000e+00
246 429 2.072220e-03 8.249656e-04 0 2 4 3 1.552800e-13 0.000000e+00
246 430 2.072220e-03 1.038570e-03 0 2 4 3 2.410291e-13 0.000000e+00
246 431 2.072220e-03 1.307482e-03 0 2 4 3 3.668966e-13 0.000000e+00
246 432 2.072220e-03 1.646023e-03 0 2 4 3 5.312764e-13 0.000000e+00
246 433 2.072220e-03 2.072220e-03 0 2 4 3 6.557886e-13 0.000000e+00
246 434 2.072220e-03 2.608770e-03 0 2 4 3 5.936588e-13 0.000000e+00
246 435 2.072220e-03 3.284247e-03 0 2 4 3 4.388752e-13 0.000000e+00
246 436 2.072220e-03 4.134622e-03 0 2 4 3 3.052688e-13 0.000000e+00
246 437 2.072220e-03 5.205181e-03 0 2 4 3 2.121464e-13 0.000000e+00
246 438 2.072220e-03 6.552935e-03 0 2 4 3 1.509643e-13 0.000000e+00
246 439 2.072220e-03 8.249656e-03 0 2 4 3 1.105803e-13 0.000000e+00
247 429 2.608770e-03 8.249656e-04 0 2 4 3 1.073891e-13 0.000000e+00
247 430 2.608770e-03 1.038570e-03 0 2 4 3 1.687626e-13 0.000000e+00
247 431 2.608770e-03 1.307482e-03 0 2 4 3 2.633393e-13 0.000000e+00
247 432 2.608770e-03 1.646023e-03 0 2 4 3 4.044092e-13 0.000000e+00
247 433 2.608770e-03 2.072220e-03 0 2 4 3 5.936588e-13 0.000000e+00
247 434 2.608770e-03 2.608770e-03 0 2 4 3 7.377509e-13 0.000000e+00
247 435 2.608770e-03 3.284247e-03 0 2 4 3 6.532432e-13 0.000000e+00
247 436 2.608770e-03 4.134622e-03 0 2 4 3 4.748334e-13 0.000000e+00
247 437 2.608770e-03 5.205181e-03 0 2 4 3 3.330724e-13 0.000000e+00
247 438 2.608770e-03 6.552935e-03 0 2 4 3 2.375225e-13 0.000000e+00
247 439 2.608770e-03 8.249656e-03 0 2 4 3 1.742033e-13 0.000000e+00
248 429 3.284247e-03 8.249656e-04 0 2 4 3 7.274398e-14 0.000000e+00
248 430 3.284247e-03 1.038570e-03 0 2 4 3 1.148865e-13 0.000000e+00
248 431 3.284247e-03 1.307482e-03 0 2 4 3 1.809716e-13 0.000000e+00
248 432 3.284247e-03 1.646023e-03 0 2 4 3 2.835778e-13 0.000000e+00
248 433 3.284247e-03 2.072220e-03 0 2 4 3 4.388752e-13 0.000000e+00
248 434 3.284247e-03 2.608770e-03 0 2 4 3 6.532432e-13 0.000000e+00
248 435 3.284247e-03 3.284247e-03 0 2 4 3 8.197989e-13 0.000000e+00
248 436 3.284247e-03 4.134622e-03 0 2 4 3 7.150319e-13 0.000000e+00
248 437 3.284247e-03 5.205181e-03 0 2 4 3 5.187213e-13 0.000000e+00
248 438 3.284247e-03 6.552935e-03 0 2 4 3 3.720170e-13 0.000000e+00
248 439 3.284247e-03 8.249656e-03 0 2 4 3 2.734443e-13 0.000000e+00
249 429 4.134622e-03 8.249656e-04 0 2 4 3 4.931462e-14 0.000000e+00
249 430 4.134622e-03 1.038570e-03 0 2 4 3 7.801629e-14 0.000000e+00
249 431 4.134622e-03 1.307482e-03 0 2 4 3 1.232770e-13 0.000000e+00
249 432 4.134622e-03 1.646023e-03 0 2 4 3 1.943877e-13 0.000000e+00
249 433 4.134622e-03 2.072220e-03 0 2 4 3 3.052688e-13 0.000000e+00
249 434 4.134622e-03 2.608770e-03 0 2 4 3 4.748334e-13 0.000000e+00
249 435 4.134622e-03 3.284247e-03 0 2 4 3 7.150319e-13 0.000000e+00
249 436 4.134622e-03 4.134622e-03 0 2 4 3 9.076213e-13 0.000000e+00
249 437 4.134622e-03 5.205181e-03 0 2 4 3 7.866437e-13 0.000000e+00
249 438 4.134622e-03 6.552935e-03 0 2 4 3 5.778736e-13 0.000000e+00
249 439 4.134622e-03 8.249656e-03 0 2 4 3 4.267146e-13 0.000000e+00
250 429 5.205181e-03 8.249656e-04 0 2 4 3 3.404423e-14 0.000000e+00
250 430 5.205181e-03 1.038570e-03 0 2 4 3 5.388485e-14 0.000000e+00
250 431 5.205181e-03 1.307482e-03 0 2 4 3 8.522060e-14 0.000000e+00
250 432 5.205181e-03 1.646023e-03 0 2 4 3 1.346047e-13 0.000000e+00
250 433 5.205181e-03 2.072220e-03 0 2 4 3 2.121464e-13 0.000000e+00
250 434 5.205181e-03 2.608770e-03 0 2 4 3 3.330724e-13 0.000000e+00
250 435 5.205181e-03 3.284247e-03 0 2 4 3 5.187213e-13 0.000000e+00
250 436 5.205181e-03 4.134622e-03 0 2 4 3 7.866437e-13 0.000000e+00
250 437 5.205181e-03 5.205181e-03 0 2 4 3 1.009451e-12 0.000000e+00
250 438 5.205181e-03 6.552935e-03 0 2 4 3 8.773262e-13 0.000000e+00
250 439 5.205181e-03 8.249656e-03 0 2 4 3 6.593413e-13 0.000000e+00
251 429 6.552935e-03 8.249656e-04 0 2 4 3 2.417519e-14 0.000000e+00
251 430 6.552935e-03 1.038570e-03 0 2 4 3 3.827166e-14 0.000000e+00
251 431 6.552935e-03 1.307482e-03 0 2 4 3 6.054747e-14 0.000000e+00
251 432 6.552935e-03 1.646023e-03 0 2 4 3 9.568712e-14 0.000000e+00
251 433 6.552935e-03 2.072220e-03 0 2 4 3 1.509643e-13 0.000000e+00
251 434 6.552935e-03 2.608770e-03 0 2 4 3 2.375225e-13 0.000000e+00
251 435 6.552935e-03 3.284247e-03 0 2 4 3 3.720170e-13 0.000000e+00
251 436 6.552935e-03 4.134622e-03 0 2 4 3 5.778736e-13 0.000000e+00
251 437 6.552935e-03 5.205181e-03 0 2 4 3 8.773262e-13 0.000000e+00
251 438 6.552935e-03 6.552935e-03 0 2 4 3 1.135085e-12 0.000000e+00
251 439 6.552935e-03 8.249656e-03 0 2 4 3 9.965524e-13 0.000000e+00
252 429 8.249656e-03 8.249656e-04 0 2 4 3 1.767754e-14 0.000000e+00
252 430 8.249656e-03 1.038570e-03 0 2 4 3 2.799049e-14 0.000000e+00
252 431 8.249656e-03 1.307482e-03 0 2 4 3 4.429547e-14 0.000000e+00
252 432 8.249656e-03 1.646023e-03 0 2 4 3 7.003637e-14 0.000000e+00
252 433 8.249656e-03 2.072220e-03 0 2 4 3 1.105803e-13 0.000000e+00
252 434 8.249656e-03 2.608770e-03 0 2 4 3 1.742033e-13 0.000000e+00
252 435 8.249656e-03 3.284247e-03 0 2 4 3 2.734443e-13 0.000000e+00
252 436 8.249656e-03 4.134622e-03 0 2 4 3 4.267146e-13 0.000000e+00
252 437 8.249656e-03 5.205181e-03 0 2 4 3 6.593413e-13 0.000000e+00
252 438 8.249656e-03 6.552935e-03 0 2 4 3 9.965524e-13 0.000000e+00
252 439 8.249656e-03 8.249656e-03 0 2 4 3 1.294445e-12 0.000000e+00
