# Please cite the following papers in research using this covariance:
# arXiv: 1601.05779, https://arxiv.org/abs/1601.05779
# arXiv: 1911.11947, https://arxiv.org/abs/1911.11947
# arXiv: 2004.04833, https://arxiv.org/abs/2004.04833
# arXiv: 1804.10663, https://arxiv.org/abs/1804.10663
########################################################
462 462 8.249656e-04 8.249656e-04 5 2 5 2 2.540427e-09 0.000000e+00
462 463 8.249656e-04 1.038570e-03 5 2 5 2 4.179617e-11 0.000000e+00
462 464 8.249656e-04 1.307482e-03 5 2 5 2 1.866703e-11 0.000000e+00
462 465 8.249656e-04 1.646023e-03 5 2 5 2 9.316382e-12 0.000000e+00
462 466 8.249656e-04 2.072220e-03 5 2 5 2 5.008451e-12 0.000000e+00
462 467 8.249656e-04 2.608770e-03 5 2 5 2 2.833550e-12 0.000000e+00
462 468 8.249656e-04 3.284247e-03 5 2 5 2 1.660005e-12 0.000000e+00
462 469 8.249656e-04 4.134622e-03 5 2 5 2 9.945889e-13 0.000000e+00
462 470 8.249656e-04 5.205181e-03 5 2 5 2 6.029063e-13 0.000000e+00
462 471 8.249656e-04 6.552935e-03 5 2 5 2 3.670209e-13 0.000000e+00
462 472 8.249656e-04 8.249656e-03 5 2 5 2 2.228915e-13 0.000000e+00
463 462 1.038570e-03 8.249656e-04 5 2 5 2 4.179617e-11 0.000000e+00
463 463 1.038570e-03 1.038570e-03 5 2 5 2 1.628558e-09 0.000000e+00
463 464 1.038570e-03 1.307482e-03 5 2 5 2 3.520146e-11 0.000000e+00
463 465 1.038570e-03 1.646023e-03 5 2 5 2 1.584192e-11 0.000000e+00
463 466 1.038570e-03 2.072220e-03 5 2 5 2 8.174998e-12 0.000000e+00
463 467 1.038570e-03 2.608770e-03 5 2 5 2 4.546471e-12 0.000000e+00
463 468 1.038570e-03 3.284247e-03 5 2 5 2 2.644372e-12 0.000000e+00
463 469 1.038570e-03 4.134622e-03 5 2 5 2 1.579440e-12 0.000000e+00
463 470 1.038570e-03 5.205181e-03 5 2 5 2 9.564881e-13 0.000000e+00
463 471 1.038570e-03 6.552935e-03 5 2 5 2 5.819122e-13 0.000000e+00
463 472 1.038570e-03 8.249656e-03 5 2 5 2 3.534128e-13 0.000000e+00
464 462 1.307482e-03 8.249656e-04 5 2 5 2 1.866703e-11 0.000000e+00
464 463 1.307482e-03 1.038570e-03 5 2 5 2 3.520146e-11 0.000000e+00
464 464 1.307482e-03 1.307482e-03 5 2 5 2 1.046840e-09 0.000000e+00
464 465 1.307482e-03 1.646023e-03 5 2 5 2 2.983507e-11 0.000000e+00
464 466 1.307482e-03 2.072220e-03 5 2 5 2 1.375830e-11 0.000000e+00
464 467 1.307482e-03 2.608770e-03 5 2 5 2 7.372100e-12 0.000000e+00
464 468 1.307482e-03 3.284247e-03 5 2 5 2 4.228718e-12 0.000000e+00
464 469 1.307482e-03 4.134622e-03 5 2 5 2 2.512287e-12 0.000000e+00
464 470 1.307482e-03 5.205181e-03 5 2 5 2 1.518370e-12 0.000000e+00
464 471 1.307482e-03 6.552935e-03 5 2 5 2 9.230280e-13 0.000000e+00
464 472 1.307482e-03 8.249656e-03 5 2 5 2 5.603880e-13 0.000000e+00
465 462 1.646023e-03 8.249656e-04 5 2 5 2 9.316382e-12 0.000000e+00
465 463 1.646023e-03 1.038570e-03 5 2 5 2 1.584192e-11 0.000000e+00
465 464 1.646023e-03 1.307482e-03 5 2 5 2 2.983507e-11 0.000000e+00
465 465 1.646023e-03 1.646023e-03 5 2 5 2 6.765684e-10 0.000000e+00
465 466 1.646023e-03 2.072220e-03 5 2 5 2 2.561599e-11 0.000000e+00
465 467 1.646023e-03 2.608770e-03 5 2 5 2 1.226172e-11 0.000000e+00
465 468 1.646023e-03 3.284247e-03 5 2 5 2 6.816113e-12 0.000000e+00
465 469 1.646023e-03 4.134622e-03 5 2 5 2 4.007126e-12 0.000000e+00
465 470 1.646023e-03 5.205181e-03 5 2 5 2 2.412768e-12 0.000000e+00
465 471 1.646023e-03 6.552935e-03 5 2 5 2 1.464804e-12 0.000000e+00
465 472 1.646023e-03 8.249656e-03 5 2 5 2 8.889253e-13 0.000000e+00
466 462 2.072220e-03 8.249656e-04 5 2 5 2 5.008451e-12 0.000000e+00
466 463 2.072220e-03 1.038570e-03 5 2 5 2 8.174998e-12 0.000000e+00
466 464 2.072220e-03 1.307482e-03 5 2 5 2 1.375830e-11 0.000000e+00
466 465 2.072220e-03 1.646023e-03 5 2 5 2 2.561599e-11 0.000000e+00
466 466 2.072220e-03 2.072220e-03 5 2 5 2 4.400831e-10 0.000000e+00
466 467 2.072220e-03 2.608770e-03 5 2 5 2 2.239614e-11 0.000000e+00
466 468 2.072220e-03 3.284247e-03 5 2 5 2 1.120744e-11 0.000000e+00
466 469 2.072220e-03 4.134622e-03 5 2 5 2 6.428086e-12 0.000000e+00
466 470 2.072220e-03 5.205181e-03 5 2 5 2 3.841658e-12 0.000000e+00
466 471 2.072220e-03 6.552935e-03 5 2 5 2 2.326624e-12 0.000000e+00
466 472 2.072220e-03 8.249656e-03 5 2 5 2 1.410706e-12 0.000000e+00
467 462 2.608770e-03 8.249656e-04 5 2 5 2 2.833550e-12 0.000000e+00
467 463 2.608770e-03 1.038570e-03 5 2 5 2 4.546471e-12 0.000000e+00
467 464 2.608770e-03 1.307482e-03 5 2 5 2 7.372100e-12 0.000000e+00
467 465 2.608770e-03 1.646023e-03 5 2 5 2 1.226172e-11 0.000000e+00
467 466 2.608770e-03 2.072220e-03 5 2 5 2 2.239614e-11 0.000000e+00
467 467 2.608770e-03 2.608770e-03 5 2 5 2 2.888042e-10 0.000000e+00
467 468 2.608770e-03 3.284247e-03 5 2 5 2 1.999457e-11 0.000000e+00
467 469 2.608770e-03 4.134622e-03 5 2 5 2 1.046556e-11 0.000000e+00
467 470 2.608770e-03 5.205181e-03 5 2 5 2 6.142034e-12 0.000000e+00
467 471 2.608770e-03 6.552935e-03 5 2 5 2 3.701210e-12 0.000000e+00
467 472 2.608770e-03 8.249656e-03 5 2 5 2 2.240665e-12 0.000000e+00
468 462 3.284247e-03 8.249656e-04 5 2 5 2 1.660005e-12 0.000000e+00
468 463 3.284247e-03 1.038570e-03 5 2 5 2 2.644372e-12 0.000000e+00
468 464 3.284247e-03 1.307482e-03 5 2 5 2 4.228718e-12 0.000000e+00
468 465 3.284247e-03 1.646023e-03 5 2 5 2 6.816113e-12 0.000000e+00
468 466 3.284247e-03 2.072220e-03 5 2 5 2 1.120744e-11 0.000000e+00
468 467 3.284247e-03 2.608770e-03 5 2 5 2 1.999457e-11 0.000000e+00
468 468 3.284247e-03 3.284247e-03 5 2 5 2 1.919758e-10 0.000000e+00
468 469 3.284247e-03 4.134622e-03 5 2 5 2 1.822498e-11 0.000000e+00
468 470 3.284247e-03 5.205181e-03 5 2 5 2 9.925821e-12 0.000000e+00
468 471 3.284247e-03 6.552935e-03 5 2 5 2 5.906317e-12 0.000000e+00
468 472 3.284247e-03 8.249656e-03 5 2 5 2 3.564011e-12 0.000000e+00
469 462 4.134622e-03 8.249656e-04 5 2 5 2 9.945889e-13 0.000000e+00
469 463 4.134622e-03 1.038570e-03 5 2 5 2 1.579440e-12 0.000000e+00
469 464 4.134622e-03 1.307482e-03 5 2 5 2 2.512287e-12 0.000000e+00
469 465 4.134622e-03 1.646023e-03 5 2 5 2 4.007126e-12 0.000000e+00
469 466 4.134622e-03 2.072220e-03 5 2 5 2 6.428086e-12 0.000000e+00
469 467 4.134622e-03 2.608770e-03 5 2 5 2 1.046556e-11 0.000000e+00
469 468 4.134622e-03 3.284247e-03 5 2 5 2 1.822498e-11 0.000000e+00
469 469 4.134622e-03 4.134622e-03 5 2 5 2 1.300693e-10 0.000000e+00
469 470 4.134622e-03 5.205181e-03 5 2 5 2 1.691365e-11 0.000000e+00
469 471 4.134622e-03 6.552935e-03 5 2 5 2 9.499652e-12 0.000000e+00
469 472 4.134622e-03 8.249656e-03 5 2 5 2 5.684132e-12 0.000000e+00
470 462 5.205181e-03 8.249656e-04 5 2 5 2 6.029063e-13 0.000000e+00
470 463 5.205181e-03 1.038570e-03 5 2 5 2 9.564881e-13 0.000000e+00
470 464 5.205181e-03 1.307482e-03 5 2 5 2 1.518370e-12 0.000000e+00
470 465 5.205181e-03 1.646023e-03 5 2 5 2 2.412768e-12 0.000000e+00
470 466 5.205181e-03 2.072220e-03 5 2 5 2 3.841658e-12 0.000000e+00
470 467 5.205181e-03 2.608770e-03 5 2 5 2 6.142034e-12 0.000000e+00
470 468 5.205181e-03 3.284247e-03 5 2 5 2 9.925821e-12 0.000000e+00
470 469 5.205181e-03 4.134622e-03 5 2 5 2 1.691365e-11 0.000000e+00
470 470 5.205181e-03 5.205181e-03 5 2 5 2 9.031519e-11 0.000000e+00
470 471 5.205181e-03 6.552935e-03 5 2 5 2 1.591019e-11 0.000000e+00
470 472 5.205181e-03 8.249656e-03 5 2 5 2 9.121677e-12 0.000000e+00
471 462 6.552935e-03 8.249656e-04 5 2 5 2 3.670209e-13 0.000000e+00
471 463 6.552935e-03 1.038570e-03 5 2 5 2 5.819122e-13 0.000000e+00
471 464 6.552935e-03 1.307482e-03 5 2 5 2 9.230280e-13 0.000000e+00
471 465 6.552935e-03 1.646023e-03 5 2 5 2 1.464804e-12 0.000000e+00
471 466 6.552935e-03 2.072220e-03 5 2 5 2 2.326624e-12 0.000000e+00
471 467 6.552935e-03 2.608770e-03 5 2 5 2 3.701210e-12 0.000000e+00
471 468 6.552935e-03 3.284247e-03 5 2 5 2 5.906317e-12 0.000000e+00
471 469 6.552935e-03 4.134622e-03 5 2 5 2 9.499652e-12 0.000000e+00
471 470 6.552935e-03 5.205181e-03 5 2 5 2 1.591019e-11 0.000000e+00
471 471 6.552935e-03 6.552935e-03 5 2 5 2 6.468645e-11 0.000000e+00
471 472 6.552935e-03 8.249656e-03 5 2 5 2 1.509344e-11 0.000000e+00
472 462 8.249656e-03 8.249656e-04 5 2 5 2 2.228915e-13 0.000000e+00
472 463 8.249656e-03 1.038570e-03 5 2 5 2 3.534128e-13 0.000000e+00
472 464 8.249656e-03 1.307482e-03 5 2 5 2 5.603880e-13 0.000000e+00
472 465 8.249656e-03 1.646023e-03 5 2 5 2 8.889253e-13 0.000000e+00
472 466 8.249656e-03 2.072220e-03 5 2 5 2 1.410706e-12 0.000000e+00
472 467 8.249656e-03 2.608770e-03 5 2 5 2 2.240665e-12 0.000000e+00
472 468 8.249656e-03 3.284247e-03 5 2 5 2 3.564011e-12 0.000000e+00
472 469 8.249656e-03 4.134622e-03 5 2 5 2 5.684132e-12 0.000000e+00
472 470 8.249656e-03 5.205181e-03 5 2 5 2 9.121677e-12 0.000000e+00
472 471 8.249656e-03 6.552935e-03 5 2 5 2 1.509344e-11 0.000000e+00
472 472 8.249656e-03 8.249656e-03 5 2 5 2 4.808928e-11 0.000000e+00
