# Please cite the following papers in research using this covariance:
# arXiv: 1601.05779, https://arxiv.org/abs/1601.05779
# arXiv: 1911.11947, https://arxiv.org/abs/1911.11947
# arXiv: 2004.04833, https://arxiv.org/abs/2004.04833
# arXiv: 1804.10663, https://arxiv.org/abs/1804.10663
########################################################
330 451 8.249656e-04 8.249656e-04 2 2 5 1 6.217577e-14 0.000000e+00
330 452 8.249656e-04 1.038570e-03 2 2 5 1 6.198626e-14 0.000000e+00
330 453 8.249656e-04 1.307482e-03 2 2 5 1 5.186720e-14 0.000000e+00
330 454 8.249656e-04 1.646023e-03 2 2 5 1 3.936473e-14 0.000000e+00
330 455 8.249656e-04 2.072220e-03 2 2 5 1 2.835616e-14 0.000000e+00
330 456 8.249656e-04 2.608770e-03 2 2 5 1 1.996216e-14 0.000000e+00
330 457 8.249656e-04 3.284247e-03 2 2 5 1 1.402902e-14 0.000000e+00
330 458 8.249656e-04 4.134622e-03 2 2 5 1 9.986846e-15 0.000000e+00
330 459 8.249656e-04 5.205181e-03 2 2 5 1 7.250870e-15 0.000000e+00
330 460 8.249656e-04 6.552935e-03 2 2 5 1 5.367248e-15 0.000000e+00
330 461 8.249656e-04 8.249656e-03 2 2 5 1 4.027039e-15 0.000000e+00
331 451 1.038570e-03 8.249656e-04 2 2 5 1 6.198626e-14 0.000000e+00
331 452 1.038570e-03 1.038570e-03 2 2 5 1 7.653417e-14 0.000000e+00
331 453 1.038570e-03 1.307482e-03 2 2 5 1 7.417586e-14 0.000000e+00
331 454 1.038570e-03 1.646023e-03 2 2 5 1 5.980385e-14 0.000000e+00
331 455 1.038570e-03 2.072220e-03 2 2 5 1 4.413130e-14 0.000000e+00
331 456 1.038570e-03 2.608770e-03 2 2 5 1 3.136935e-14 0.000000e+00
331 457 1.038570e-03 3.284247e-03 2 2 5 1 2.212976e-14 0.000000e+00
331 458 1.038570e-03 4.134622e-03 2 2 5 1 1.577824e-14 0.000000e+00
331 459 1.038570e-03 5.205181e-03 2 2 5 1 1.146528e-14 0.000000e+00
331 460 1.038570e-03 6.552935e-03 2 2 5 1 8.491968e-15 0.000000e+00
331 461 1.038570e-03 8.249656e-03 2 2 5 1 6.374682e-15 0.000000e+00
332 451 1.307482e-03 8.249656e-04 2 2 5 1 5.186720e-14 0.000000e+00
332 452 1.307482e-03 1.038570e-03 2 2 5 1 7.417586e-14 0.000000e+00
332 453 1.307482e-03 1.307482e-03 2 2 5 1 9.155969e-14 0.000000e+00
332 454 1.307482e-03 1.646023e-03 2 2 5 1 8.643060e-14 0.000000e+00
332 455 1.307482e-03 2.072220e-03 2 2 5 1 6.752332e-14 0.000000e+00
332 456 1.307482e-03 2.608770e-03 2 2 5 1 4.897127e-14 0.000000e+00
332 457 1.307482e-03 3.284247e-03 2 2 5 1 3.479846e-14 0.000000e+00
332 458 1.307482e-03 4.134622e-03 2 2 5 1 2.487988e-14 0.000000e+00
332 459 1.307482e-03 5.205181e-03 2 2 5 1 1.810420e-14 0.000000e+00
332 460 1.307482e-03 6.552935e-03 2 2 5 1 1.342228e-14 0.000000e+00
332 461 1.307482e-03 8.249656e-03 2 2 5 1 1.008372e-14 0.000000e+00
333 451 1.646023e-03 8.249656e-04 2 2 5 1 3.936473e-14 0.000000e+00
333 452 1.646023e-03 1.038570e-03 2 2 5 1 5.980385e-14 0.000000e+00
333 453 1.646023e-03 1.307482e-03 2 2 5 1 8.643060e-14 0.000000e+00
333 454 1.646023e-03 1.646023e-03 2 2 5 1 1.070074e-13 0.000000e+00
333 455 1.646023e-03 2.072220e-03 2 2 5 1 9.871663e-14 0.000000e+00
333 456 1.646023e-03 2.608770e-03 2 2 5 1 7.536742e-14 0.000000e+00
333 457 1.646023e-03 3.284247e-03 2 2 5 1 5.440411e-14 0.000000e+00
333 458 1.646023e-03 4.134622e-03 2 2 5 1 3.910510e-14 0.000000e+00
333 459 1.646023e-03 5.205181e-03 2 2 5 1 2.852355e-14 0.000000e+00
333 460 1.646023e-03 6.552935e-03 2 2 5 1 2.118069e-14 0.000000e+00
333 461 1.646023e-03 8.249656e-03 2 2 5 1 1.593254e-14 0.000000e+00
334 451 2.072220e-03 8.249656e-04 2 2 5 1 2.835616e-14 0.000000e+00
334 452 2.072220e-03 1.038570e-03 2 2 5 1 4.413130e-14 0.000000e+00
334 453 2.072220e-03 1.307482e-03 2 2 5 1 6.752332e-14 0.000000e+00
334 454 2.072220e-03 1.646023e-03 2 2 5 1 9.871663e-14 0.000000e+00
334 455 2.072220e-03 2.072220e-03 2 2 5 1 1.229544e-13 0.000000e+00
334 456 2.072220e-03 2.608770e-03 2 2 5 1 1.114013e-13 0.000000e+00
334 457 2.072220e-03 3.284247e-03 2 2 5 1 8.402455e-14 0.000000e+00
334 458 2.072220e-03 4.134622e-03 2 2 5 1 6.111558e-14 0.000000e+00
334 459 2.072220e-03 5.205181e-03 2 2 5 1 4.477492e-14 0.000000e+00
334 460 2.072220e-03 6.552935e-03 2 2 5 1 3.333634e-14 0.000000e+00
334 461 2.072220e-03 8.249656e-03 2 2 5 1 2.512757e-14 0.000000e+00
335 451 2.608770e-03 8.249656e-04 2 2 5 1 1.996216e-14 0.000000e+00
335 452 2.608770e-03 1.038570e-03 2 2 5 1 3.136935e-14 0.000000e+00
335 453 2.608770e-03 1.307482e-03 2 2 5 1 4.897127e-14 0.000000e+00
335 454 2.608770e-03 1.646023e-03 2 2 5 1 7.536742e-14 0.000000e+00
335 455 2.608770e-03 2.072220e-03 2 2 5 1 1.114013e-13 0.000000e+00
335 456 2.608770e-03 2.608770e-03 2 2 5 1 1.398940e-13 0.000000e+00
335 457 2.608770e-03 3.284247e-03 2 2 5 1 1.252812e-13 0.000000e+00
335 458 2.608770e-03 4.134622e-03 2 2 5 1 9.444988e-14 0.000000e+00
335 459 2.608770e-03 5.205181e-03 2 2 5 1 6.985005e-14 0.000000e+00
335 460 2.608770e-03 6.552935e-03 2 2 5 1 5.224439e-14 0.000000e+00
335 461 2.608770e-03 8.249656e-03 2 2 5 1 3.951140e-14 0.000000e+00
336 451 3.284247e-03 8.249656e-04 2 2 5 1 1.402902e-14 0.000000e+00
336 452 3.284247e-03 1.038570e-03 2 2 5 1 2.212976e-14 0.000000e+00
336 453 3.284247e-03 1.307482e-03 2 2 5 1 3.479846e-14 0.000000e+00
336 454 3.284247e-03 1.646023e-03 2 2 5 1 5.440411e-14 0.000000e+00
336 455 3.284247e-03 2.072220e-03 2 2 5 1 8.402455e-14 0.000000e+00
336 456 3.284247e-03 2.608770e-03 2 2 5 1 1.252812e-13 0.000000e+00
336 457 3.284247e-03 3.284247e-03 2 2 5 1 1.587475e-13 0.000000e+00
336 458 3.284247e-03 4.134622e-03 2 2 5 1 1.415185e-13 0.000000e+00
336 459 3.284247e-03 5.205181e-03 2 2 5 1 1.077297e-13 0.000000e+00
336 460 3.284247e-03 6.552935e-03 2 2 5 1 8.129404e-14 0.000000e+00
336 461 3.284247e-03 8.249656e-03 2 2 5 1 6.182648e-14 0.000000e+00
337 451 4.134622e-03 8.249656e-04 2 2 5 1 9.986846e-15 0.000000e+00
337 452 4.134622e-03 1.038570e-03 2 2 5 1 1.577824e-14 0.000000e+00
337 453 4.134622e-03 1.307482e-03 2 2 5 1 2.487988e-14 0.000000e+00
337 454 4.134622e-03 1.646023e-03 2 2 5 1 3.910510e-14 0.000000e+00
337 455 4.134622e-03 2.072220e-03 2 2 5 1 6.111558e-14 0.000000e+00
337 456 4.134622e-03 2.608770e-03 2 2 5 1 9.444988e-14 0.000000e+00
337 457 4.134622e-03 3.284247e-03 2 2 5 1 1.415185e-13 0.000000e+00
337 458 4.134622e-03 4.134622e-03 2 2 5 1 1.807962e-13 0.000000e+00
337 459 4.134622e-03 5.205181e-03 2 2 5 1 1.615035e-13 0.000000e+00
337 460 4.134622e-03 6.552935e-03 2 2 5 1 1.249116e-13 0.000000e+00
337 461 4.134622e-03 8.249656e-03 2 2 5 1 9.595685e-14 0.000000e+00
338 451 5.205181e-03 8.249656e-04 2 2 5 1 7.250870e-15 0.000000e+00
338 452 5.205181e-03 1.038570e-03 2 2 5 1 1.146528e-14 0.000000e+00
338 453 5.205181e-03 1.307482e-03 2 2 5 1 1.810420e-14 0.000000e+00
338 454 5.205181e-03 1.646023e-03 2 2 5 1 2.852355e-14 0.000000e+00
338 455 5.205181e-03 2.072220e-03 2 2 5 1 4.477492e-14 0.000000e+00
338 456 5.205181e-03 2.608770e-03 2 2 5 1 6.985005e-14 0.000000e+00
338 457 5.205181e-03 3.284247e-03 2 2 5 1 1.077297e-13 0.000000e+00
338 458 5.205181e-03 4.134622e-03 2 2 5 1 1.615035e-13 0.000000e+00
338 459 5.205181e-03 5.205181e-03 2 2 5 1 2.075402e-13 0.000000e+00
338 460 5.205181e-03 6.552935e-03 2 2 5 1 1.866549e-13 0.000000e+00
338 461 5.205181e-03 8.249656e-03 2 2 5 1 1.468153e-13 0.000000e+00
339 451 6.552935e-03 8.249656e-04 2 2 5 1 5.367248e-15 0.000000e+00
339 452 6.552935e-03 1.038570e-03 2 2 5 1 8.491968e-15 0.000000e+00
339 453 6.552935e-03 1.307482e-03 2 2 5 1 1.342228e-14 0.000000e+00
339 454 6.552935e-03 1.646023e-03 2 2 5 1 2.118069e-14 0.000000e+00
339 455 6.552935e-03 2.072220e-03 2 2 5 1 3.333634e-14 0.000000e+00
339 456 6.552935e-03 2.608770e-03 2 2 5 1 5.224439e-14 0.000000e+00
339 457 6.552935e-03 3.284247e-03 2 2 5 1 8.129404e-14 0.000000e+00
339 458 6.552935e-03 4.134622e-03 2 2 5 1 1.249116e-13 0.000000e+00
339 459 6.552935e-03 5.205181e-03 2 2 5 1 1.866549e-13 0.000000e+00
339 460 6.552935e-03 6.552935e-03 2 2 5 1 2.404891e-13 0.000000e+00
339 461 6.552935e-03 8.249656e-03 2 2 5 1 2.181570e-13 0.000000e+00
340 451 8.249656e-03 8.249656e-04 2 2 5 1 4.027039e-15 0.000000e+00
340 452 8.249656e-03 1.038570e-03 2 2 5 1 6.374682e-15 0.000000e+00
340 453 8.249656e-03 1.307482e-03 2 2 5 1 1.008372e-14 0.000000e+00
340 454 8.249656e-03 1.646023e-03 2 2 5 1 1.593254e-14 0.000000e+00
340 455 8.249656e-03 2.072220e-03 2 2 5 1 2.512757e-14 0.000000e+00
340 456 8.249656e-03 2.608770e-03 2 2 5 1 3.951140e-14 0.000000e+00
340 457 8.249656e-03 3.284247e-03 2 2 5 1 6.182648e-14 0.000000e+00
340 458 8.249656e-03 4.134622e-03 2 2 5 1 9.595685e-14 0.000000e+00
340 459 8.249656e-03 5.205181e-03 2 2 5 1 1.468153e-13 0.000000e+00
340 460 8.249656e-03 6.552935e-03 2 2 5 1 2.181570e-13 0.000000e+00
340 461 8.249656e-03 8.249656e-03 2 2 5 1 2.808551e-13 0.000000e+00
