# Please cite the following papers in research using this covariance:
# arXiv: 1601.05779, https://arxiv.org/abs/1601.05779
# arXiv: 1911.11947, https://arxiv.org/abs/1911.11947
# arXiv: 2004.04833, https://arxiv.org/abs/2004.04833
# arXiv: 1804.10663, https://arxiv.org/abs/1804.10663
########################################################
396 473 8.249656e-04 8.249656e-04 4 0 5 3 2.491345e-13 0.000000e+00
396 474 8.249656e-04 1.038570e-03 4 0 5 3 2.437578e-13 0.000000e+00
396 475 8.249656e-04 1.307482e-03 4 0 5 3 2.015719e-13 0.000000e+00
396 476 8.249656e-04 1.646023e-03 4 0 5 3 1.556469e-13 0.000000e+00
396 477 8.249656e-04 2.072220e-03 4 0 5 3 1.174077e-13 0.000000e+00
396 478 8.249656e-04 2.608770e-03 4 0 5 3 8.832210e-14 0.000000e+00
396 479 8.249656e-04 3.284247e-03 4 0 5 3 6.680855e-14 0.000000e+00
396 480 8.249656e-04 4.134622e-03 4 0 5 3 5.084213e-14 0.000000e+00
396 481 8.249656e-04 5.205181e-03 4 0 5 3 3.877700e-14 0.000000e+00
396 482 8.249656e-04 6.552935e-03 4 0 5 3 2.947090e-14 0.000000e+00
396 483 8.249656e-04 8.249656e-03 4 0 5 3 2.218432e-14 0.000000e+00
397 473 1.038570e-03 8.249656e-04 4 0 5 3 2.437578e-13 0.000000e+00
397 474 1.038570e-03 1.038570e-03 4 0 5 3 3.034555e-13 0.000000e+00
397 475 1.038570e-03 1.307482e-03 4 0 5 3 2.917055e-13 0.000000e+00
397 476 1.038570e-03 1.646023e-03 4 0 5 3 2.371382e-13 0.000000e+00
397 477 1.038570e-03 2.072220e-03 4 0 5 3 1.823078e-13 0.000000e+00
397 478 1.038570e-03 2.608770e-03 4 0 5 3 1.382834e-13 0.000000e+00
397 479 1.038570e-03 3.284247e-03 4 0 5 3 1.050534e-13 0.000000e+00
397 480 1.038570e-03 4.134622e-03 4 0 5 3 8.016016e-14 0.000000e+00
397 481 1.038570e-03 5.205181e-03 4 0 5 3 6.124723e-14 0.000000e+00
397 482 1.038570e-03 6.552935e-03 4 0 5 3 4.660553e-14 0.000000e+00
397 483 1.038570e-03 8.249656e-03 4 0 5 3 3.511126e-14 0.000000e+00
398 473 1.307482e-03 8.249656e-04 4 0 5 3 2.015719e-13 0.000000e+00
398 474 1.307482e-03 1.038570e-03 4 0 5 3 2.917055e-13 0.000000e+00
398 475 1.307482e-03 1.307482e-03 4 0 5 3 3.645123e-13 0.000000e+00
398 476 1.307482e-03 1.646023e-03 4 0 5 3 3.457104e-13 0.000000e+00
398 477 1.307482e-03 2.072220e-03 4 0 5 3 2.784322e-13 0.000000e+00
398 478 1.307482e-03 2.608770e-03 4 0 5 3 2.147141e-13 0.000000e+00
398 479 1.307482e-03 3.284247e-03 4 0 5 3 1.643725e-13 0.000000e+00
398 480 1.307482e-03 4.134622e-03 4 0 5 3 1.259822e-13 0.000000e+00
398 481 1.307482e-03 5.205181e-03 4 0 5 3 9.653917e-14 0.000000e+00
398 482 1.307482e-03 6.552935e-03 4 0 5 3 7.360583e-14 0.000000e+00
398 483 1.307482e-03 8.249656e-03 4 0 5 3 5.552545e-14 0.000000e+00
399 473 1.646023e-03 8.249656e-04 4 0 5 3 1.556469e-13 0.000000e+00
399 474 1.646023e-03 1.038570e-03 4 0 5 3 2.371382e-13 0.000000e+00
399 475 1.646023e-03 1.307482e-03 4 0 5 3 3.457104e-13 0.000000e+00
399 476 1.646023e-03 1.646023e-03 4 0 5 3 4.342347e-13 0.000000e+00
399 477 1.646023e-03 2.072220e-03 4 0 5 3 4.082419e-13 0.000000e+00
399 478 1.646023e-03 2.608770e-03 4 0 5 3 3.281390e-13 0.000000e+00
399 479 1.646023e-03 3.284247e-03 4 0 5 3 2.549958e-13 0.000000e+00
399 480 1.646023e-03 4.134622e-03 4 0 5 3 1.969555e-13 0.000000e+00
399 481 1.646023e-03 5.205181e-03 4 0 5 3 1.516569e-13 0.000000e+00
399 482 1.646023e-03 6.552935e-03 4 0 5 3 1.160021e-13 0.000000e+00
399 483 1.646023e-03 8.249656e-03 4 0 5 3 8.769333e-14 0.000000e+00
400 473 2.072220e-03 8.249656e-04 4 0 5 3 1.174077e-13 0.000000e+00
400 474 2.072220e-03 1.038570e-03 4 0 5 3 1.823078e-13 0.000000e+00
400 475 2.072220e-03 1.307482e-03 4 0 5 3 2.784322e-13 0.000000e+00
400 476 2.072220e-03 1.646023e-03 4 0 5 3 4.082419e-13 0.000000e+00
400 477 2.072220e-03 2.072220e-03 4 0 5 3 5.156433e-13 0.000000e+00
400 478 2.072220e-03 2.608770e-03 4 0 5 3 4.827275e-13 0.000000e+00
400 479 2.072220e-03 3.284247e-03 4 0 5 3 3.893513e-13 0.000000e+00
400 480 2.072220e-03 4.134622e-03 4 0 5 3 3.051483e-13 0.000000e+00
400 481 2.072220e-03 5.205181e-03 4 0 5 3 2.369203e-13 0.000000e+00
400 482 2.072220e-03 6.552935e-03 4 0 5 3 1.821864e-13 0.000000e+00
400 483 2.072220e-03 8.249656e-03 4 0 5 3 1.382032e-13 0.000000e+00
401 473 2.608770e-03 8.249656e-04 4 0 5 3 8.832210e-14 0.000000e+00
401 474 2.608770e-03 1.038570e-03 4 0 5 3 1.382834e-13 0.000000e+00
401 475 2.608770e-03 1.307482e-03 4 0 5 3 2.147141e-13 0.000000e+00
401 476 2.608770e-03 1.646023e-03 4 0 5 3 3.281390e-13 0.000000e+00
401 477 2.608770e-03 2.072220e-03 4 0 5 3 4.827275e-13 0.000000e+00
401 478 2.608770e-03 2.608770e-03 4 0 5 3 6.127047e-13 0.000000e+00
401 479 2.608770e-03 3.284247e-03 4 0 5 3 5.732071e-13 0.000000e+00
401 480 2.608770e-03 4.134622e-03 4 0 5 3 4.650740e-13 0.000000e+00
401 481 2.608770e-03 5.205181e-03 4 0 5 3 3.666154e-13 0.000000e+00
401 482 2.608770e-03 6.552935e-03 4 0 5 3 2.844871e-13 0.000000e+00
401 483 2.608770e-03 8.249656e-03 4 0 5 3 2.170486e-13 0.000000e+00
402 473 3.284247e-03 8.249656e-04 4 0 5 3 6.680855e-14 0.000000e+00
402 474 3.284247e-03 1.038570e-03 4 0 5 3 1.050534e-13 0.000000e+00
402 475 3.284247e-03 1.307482e-03 4 0 5 3 1.643725e-13 0.000000e+00
402 476 3.284247e-03 1.646023e-03 4 0 5 3 2.549958e-13 0.000000e+00
402 477 3.284247e-03 2.072220e-03 4 0 5 3 3.893513e-13 0.000000e+00
402 478 3.284247e-03 2.608770e-03 4 0 5 3 5.732071e-13 0.000000e+00
402 479 3.284247e-03 3.284247e-03 4 0 5 3 7.299344e-13 0.000000e+00
402 480 3.284247e-03 4.134622e-03 4 0 5 3 6.837519e-13 0.000000e+00
402 481 3.284247e-03 5.205181e-03 4 0 5 3 5.576190e-13 0.000000e+00
402 482 3.284247e-03 6.552935e-03 4 0 5 3 4.398540e-13 0.000000e+00
402 483 3.284247e-03 8.249656e-03 4 0 5 3 3.388951e-13 0.000000e+00
403 473 4.134622e-03 8.249656e-04 4 0 5 3 5.084213e-14 0.000000e+00
403 474 4.134622e-03 1.038570e-03 4 0 5 3 8.016016e-14 0.000000e+00
403 475 4.134622e-03 1.307482e-03 4 0 5 3 1.259822e-13 0.000000e+00
403 476 4.134622e-03 1.646023e-03 4 0 5 3 1.969555e-13 0.000000e+00
403 477 4.134622e-03 2.072220e-03 4 0 5 3 3.051483e-13 0.000000e+00
403 478 4.134622e-03 2.608770e-03 4 0 5 3 4.650740e-13 0.000000e+00
403 479 4.134622e-03 3.284247e-03 4 0 5 3 6.837519e-13 0.000000e+00
403 480 4.134622e-03 4.134622e-03 4 0 5 3 8.717622e-13 0.000000e+00
403 481 4.134622e-03 5.205181e-03 4 0 5 3 8.176997e-13 0.000000e+00
403 482 4.134622e-03 6.552935e-03 4 0 5 3 6.679284e-13 0.000000e+00
403 483 4.134622e-03 8.249656e-03 4 0 5 3 5.238308e-13 0.000000e+00
404 473 5.205181e-03 8.249656e-04 4 0 5 3 3.877700e-14 0.000000e+00
404 474 5.205181e-03 1.038570e-03 4 0 5 3 6.124723e-14 0.000000e+00
404 475 5.205181e-03 1.307482e-03 4 0 5 3 9.653917e-14 0.000000e+00
404 476 5.205181e-03 1.646023e-03 4 0 5 3 1.516569e-13 0.000000e+00
404 477 5.205181e-03 2.072220e-03 4 0 5 3 2.369203e-13 0.000000e+00
404 478 5.205181e-03 2.608770e-03 4 0 5 3 3.666154e-13 0.000000e+00
404 479 5.205181e-03 3.284247e-03 4 0 5 3 5.576190e-13 0.000000e+00
404 480 5.205181e-03 4.134622e-03 4 0 5 3 8.176997e-13 0.000000e+00
404 481 5.205181e-03 5.205181e-03 4 0 5 3 1.041683e-12 0.000000e+00
404 482 5.205181e-03 6.552935e-03 4 0 5 3 9.767105e-13 0.000000e+00
404 483 5.205181e-03 8.249656e-03 4 0 5 3 7.947827e-13 0.000000e+00
405 473 6.552935e-03 8.249656e-04 4 0 5 3 2.947090e-14 0.000000e+00
405 474 6.552935e-03 1.038570e-03 4 0 5 3 4.660553e-14 0.000000e+00
405 475 6.552935e-03 1.307482e-03 4 0 5 3 7.360583e-14 0.000000e+00
405 476 6.552935e-03 1.646023e-03 4 0 5 3 1.160021e-13 0.000000e+00
405 477 6.552935e-03 2.072220e-03 4 0 5 3 1.821864e-13 0.000000e+00
405 478 6.552935e-03 2.608770e-03 4 0 5 3 2.844871e-13 0.000000e+00
405 479 6.552935e-03 3.284247e-03 4 0 5 3 4.398540e-13 0.000000e+00
405 480 6.552935e-03 4.134622e-03 4 0 5 3 6.679284e-13 0.000000e+00
405 481 6.552935e-03 5.205181e-03 4 0 5 3 9.767105e-13 0.000000e+00
405 482 6.552935e-03 6.552935e-03 4 0 5 3 1.241152e-12 0.000000e+00
405 483 6.552935e-03 8.249656e-03 4 0 5 3 1.159615e-12 0.000000e+00
406 473 8.249656e-03 8.249656e-04 4 0 5 3 2.218432e-14 0.000000e+00
406 474 8.249656e-03 1.038570e-03 4 0 5 3 3.511126e-14 0.000000e+00
406 475 8.249656e-03 1.307482e-03 4 0 5 3 5.552545e-14 0.000000e+00
406 476 8.249656e-03 1.646023e-03 4 0 5 3 8.769333e-14 0.000000e+00
406 477 8.249656e-03 2.072220e-03 4 0 5 3 1.382032e-13 0.000000e+00
406 478 8.249656e-03 2.608770e-03 4 0 5 3 2.170486e-13 0.000000e+00
406 479 8.249656e-03 3.284247e-03 4 0 5 3 3.388951e-13 0.000000e+00
406 480 8.249656e-03 4.134622e-03 4 0 5 3 5.238308e-13 0.000000e+00
406 481 8.249656e-03 5.205181e-03 4 0 5 3 7.947827e-13 0.000000e+00
406 482 8.249656e-03 6.552935e-03 4 0 5 3 1.159615e-12 0.000000e+00
406 483 8.249656e-03 8.249656e-03 4 0 5 3 1.468198e-12 0.000000e+00
