# Please cite the following papers in research using this covariance:
# arXiv: 1601.05779, https://arxiv.org/abs/1601.05779
# arXiv: 1911.11947, https://arxiv.org/abs/1911.11947
# arXiv: 2004.04833, https://arxiv.org/abs/2004.04833
# arXiv: 1804.10663, https://arxiv.org/abs/1804.10663
########################################################
352 451 8.249656e-04 8.249656e-04 3 0 5 1 3.804144e-14 0.000000e+00
352 452 8.249656e-04 1.038570e-03 3 0 5 1 3.827863e-14 0.000000e+00
352 453 8.249656e-04 1.307482e-03 3 0 5 1 3.277763e-14 0.000000e+00
352 454 8.249656e-04 1.646023e-03 3 0 5 1 2.591921e-14 0.000000e+00
352 455 8.249656e-04 2.072220e-03 3 0 5 1 1.973178e-14 0.000000e+00
352 456 8.249656e-04 2.608770e-03 3 0 5 1 1.478716e-14 0.000000e+00
352 457 8.249656e-04 3.284247e-03 3 0 5 1 1.104136e-14 0.000000e+00
352 458 8.249656e-04 4.134622e-03 3 0 5 1 8.253862e-15 0.000000e+00
352 459 8.249656e-04 5.205181e-03 3 0 5 1 6.174088e-15 0.000000e+00
352 460 8.249656e-04 6.552935e-03 3 0 5 1 4.604637e-15 0.000000e+00
352 461 8.249656e-04 8.249656e-03 3 0 5 1 3.408597e-15 0.000000e+00
353 451 1.038570e-03 8.249656e-04 3 0 5 1 3.827863e-14 0.000000e+00
353 452 1.038570e-03 1.038570e-03 3 0 5 1 4.764636e-14 0.000000e+00
353 453 1.038570e-03 1.307482e-03 3 0 5 1 4.696838e-14 0.000000e+00
353 454 1.038570e-03 1.646023e-03 3 0 5 1 3.925510e-14 0.000000e+00
353 455 1.038570e-03 2.072220e-03 3 0 5 1 3.056872e-14 0.000000e+00
353 456 1.038570e-03 2.608770e-03 3 0 5 1 2.314207e-14 0.000000e+00
353 457 1.038570e-03 3.284247e-03 3 0 5 1 1.736625e-14 0.000000e+00
353 458 1.038570e-03 4.134622e-03 3 0 5 1 1.301797e-14 0.000000e+00
353 459 1.038570e-03 5.205181e-03 3 0 5 1 9.754484e-15 0.000000e+00
353 460 1.038570e-03 6.552935e-03 3 0 5 1 7.283199e-15 0.000000e+00
353 461 1.038570e-03 8.249656e-03 3 0 5 1 5.395466e-15 0.000000e+00
354 451 1.307482e-03 8.249656e-04 3 0 5 1 3.277763e-14 0.000000e+00
354 452 1.307482e-03 1.038570e-03 3 0 5 1 4.696838e-14 0.000000e+00
354 453 1.307482e-03 1.307482e-03 3 0 5 1 5.850781e-14 0.000000e+00
354 454 1.307482e-03 1.646023e-03 3 0 5 1 5.665489e-14 0.000000e+00
354 455 1.307482e-03 2.072220e-03 3 0 5 1 4.647681e-14 0.000000e+00
354 456 1.307482e-03 2.608770e-03 3 0 5 1 3.589748e-14 0.000000e+00
354 457 1.307482e-03 3.284247e-03 3 0 5 1 2.718050e-14 0.000000e+00
354 458 1.307482e-03 4.134622e-03 3 0 5 1 2.047049e-14 0.000000e+00
354 459 1.307482e-03 5.205181e-03 3 0 5 1 1.538193e-14 0.000000e+00
354 460 1.307482e-03 6.552935e-03 3 0 5 1 1.150610e-14 0.000000e+00
354 461 1.307482e-03 8.249656e-03 3 0 5 1 8.534119e-15 0.000000e+00
355 451 1.646023e-03 8.249656e-04 3 0 5 1 2.591921e-14 0.000000e+00
355 452 1.646023e-03 1.038570e-03 3 0 5 1 3.925510e-14 0.000000e+00
355 453 1.646023e-03 1.307482e-03 3 0 5 1 5.665489e-14 0.000000e+00
355 454 1.646023e-03 1.646023e-03 3 0 5 1 7.076467e-14 0.000000e+00
355 455 1.646023e-03 2.072220e-03 3 0 5 1 6.753914e-14 0.000000e+00
355 456 1.646023e-03 2.608770e-03 3 0 5 1 5.472301e-14 0.000000e+00
355 457 1.646023e-03 3.284247e-03 3 0 5 1 4.217587e-14 0.000000e+00
355 458 1.646023e-03 4.134622e-03 3 0 5 1 3.202874e-14 0.000000e+00
355 459 1.646023e-03 5.205181e-03 3 0 5 1 2.418076e-14 0.000000e+00
355 460 1.646023e-03 6.552935e-03 3 0 5 1 1.814222e-14 0.000000e+00
355 461 1.646023e-03 8.249656e-03 3 0 5 1 1.348240e-14 0.000000e+00
356 451 2.072220e-03 8.249656e-04 3 0 5 1 1.973178e-14 0.000000e+00
356 452 2.072220e-03 1.038570e-03 3 0 5 1 3.056872e-14 0.000000e+00
356 453 2.072220e-03 1.307482e-03 3 0 5 1 4.647681e-14 0.000000e+00
356 454 2.072220e-03 1.646023e-03 3 0 5 1 6.753914e-14 0.000000e+00
356 455 2.072220e-03 2.072220e-03 3 0 5 1 8.469861e-14 0.000000e+00
356 456 2.072220e-03 2.608770e-03 3 0 5 1 7.997117e-14 0.000000e+00
356 457 2.072220e-03 3.284247e-03 3 0 5 1 6.436892e-14 0.000000e+00
356 458 2.072220e-03 4.134622e-03 3 0 5 1 4.967991e-14 0.000000e+00
356 459 2.072220e-03 5.205181e-03 3 0 5 1 3.781680e-14 0.000000e+00
356 460 2.072220e-03 6.552935e-03 3 0 5 1 2.851499e-14 0.000000e+00
356 461 2.072220e-03 8.249656e-03 3 0 5 1 2.125854e-14 0.000000e+00
357 451 2.608770e-03 8.249656e-04 3 0 5 1 1.478716e-14 0.000000e+00
357 452 2.608770e-03 1.038570e-03 3 0 5 1 2.314207e-14 0.000000e+00
357 453 2.608770e-03 1.307482e-03 3 0 5 1 3.589748e-14 0.000000e+00
357 454 2.608770e-03 1.646023e-03 3 0 5 1 5.472301e-14 0.000000e+00
357 455 2.608770e-03 2.072220e-03 3 0 5 1 7.997117e-14 0.000000e+00
357 456 2.608770e-03 2.608770e-03 3 0 5 1 1.007363e-13 0.000000e+00
357 457 2.608770e-03 3.284247e-03 3 0 5 1 9.441822e-14 0.000000e+00
357 458 2.608770e-03 4.134622e-03 3 0 5 1 7.581176e-14 0.000000e+00
357 459 2.608770e-03 5.205181e-03 3 0 5 1 5.861765e-14 0.000000e+00
357 460 2.608770e-03 6.552935e-03 3 0 5 1 4.458136e-14 0.000000e+00
357 461 2.608770e-03 8.249656e-03 3 0 5 1 3.341312e-14 0.000000e+00
358 451 3.284247e-03 8.249656e-04 3 0 5 1 1.104136e-14 0.000000e+00
358 452 3.284247e-03 1.038570e-03 3 0 5 1 1.736625e-14 0.000000e+00
358 453 3.284247e-03 1.307482e-03 3 0 5 1 2.718050e-14 0.000000e+00
358 454 3.284247e-03 1.646023e-03 3 0 5 1 4.217587e-14 0.000000e+00
358 455 3.284247e-03 2.072220e-03 3 0 5 1 6.436892e-14 0.000000e+00
358 456 3.284247e-03 2.608770e-03 3 0 5 1 9.441822e-14 0.000000e+00
358 457 3.284247e-03 3.284247e-03 3 0 5 1 1.194040e-13 0.000000e+00
358 458 3.284247e-03 4.134622e-03 3 0 5 1 1.113850e-13 0.000000e+00
358 459 3.284247e-03 5.205181e-03 3 0 5 1 8.937274e-14 0.000000e+00
358 460 3.284247e-03 6.552935e-03 3 0 5 1 6.906461e-14 0.000000e+00
358 461 3.284247e-03 8.249656e-03 3 0 5 1 5.223758e-14 0.000000e+00
359 451 4.134622e-03 8.249656e-04 3 0 5 1 8.253862e-15 0.000000e+00
359 452 4.134622e-03 1.038570e-03 3 0 5 1 1.301797e-14 0.000000e+00
359 453 4.134622e-03 1.307482e-03 3 0 5 1 2.047049e-14 0.000000e+00
359 454 4.134622e-03 1.646023e-03 3 0 5 1 3.202874e-14 0.000000e+00
359 455 4.134622e-03 2.072220e-03 3 0 5 1 4.967991e-14 0.000000e+00
359 456 4.134622e-03 2.608770e-03 3 0 5 1 7.581176e-14 0.000000e+00
359 457 4.134622e-03 3.284247e-03 3 0 5 1 1.113850e-13 0.000000e+00
359 458 4.134622e-03 4.134622e-03 3 0 5 1 1.412392e-13 0.000000e+00
359 459 4.134622e-03 5.205181e-03 3 0 5 1 1.313042e-13 0.000000e+00
359 460 4.134622e-03 6.552935e-03 3 0 5 1 1.052012e-13 0.000000e+00
359 461 4.134622e-03 8.249656e-03 3 0 5 1 8.091335e-14 0.000000e+00
360 451 5.205181e-03 8.249656e-04 3 0 5 1 6.174088e-15 0.000000e+00
360 452 5.205181e-03 1.038570e-03 3 0 5 1 9.754484e-15 0.000000e+00
360 453 5.205181e-03 1.307482e-03 3 0 5 1 1.538193e-14 0.000000e+00
360 454 5.205181e-03 1.646023e-03 3 0 5 1 2.418076e-14 0.000000e+00
360 455 5.205181e-03 2.072220e-03 3 0 5 1 3.781680e-14 0.000000e+00
360 456 5.205181e-03 2.608770e-03 3 0 5 1 5.861765e-14 0.000000e+00
360 457 5.205181e-03 3.284247e-03 3 0 5 1 8.937274e-14 0.000000e+00
360 458 5.205181e-03 4.134622e-03 3 0 5 1 1.313042e-13 0.000000e+00
360 459 5.205181e-03 5.205181e-03 3 0 5 1 1.666787e-13 0.000000e+00
360 460 5.205181e-03 6.552935e-03 3 0 5 1 1.544156e-13 0.000000e+00
360 461 5.205181e-03 8.249656e-03 3 0 5 1 1.231896e-13 0.000000e+00
361 451 6.552935e-03 8.249656e-04 3 0 5 1 4.604637e-15 0.000000e+00
361 452 6.552935e-03 1.038570e-03 3 0 5 1 7.283199e-15 0.000000e+00
361 453 6.552935e-03 1.307482e-03 3 0 5 1 1.150610e-14 0.000000e+00
361 454 6.552935e-03 1.646023e-03 3 0 5 1 1.814222e-14 0.000000e+00
361 455 6.552935e-03 2.072220e-03 3 0 5 1 2.851499e-14 0.000000e+00
361 456 6.552935e-03 2.608770e-03 3 0 5 1 4.458136e-14 0.000000e+00
361 457 6.552935e-03 3.284247e-03 3 0 5 1 6.906461e-14 0.000000e+00
361 458 6.552935e-03 4.134622e-03 3 0 5 1 1.052012e-13 0.000000e+00
361 459 6.552935e-03 5.205181e-03 3 0 5 1 1.544156e-13 0.000000e+00
361 460 6.552935e-03 6.552935e-03 3 0 5 1 1.959329e-13 0.000000e+00
361 461 6.552935e-03 8.249656e-03 3 0 5 1 1.806450e-13 0.000000e+00
362 451 8.249656e-03 8.249656e-04 3 0 5 1 3.408597e-15 0.000000e+00
362 452 8.249656e-03 1.038570e-03 3 0 5 1 5.395466e-15 0.000000e+00
362 453 8.249656e-03 1.307482e-03 3 0 5 1 8.534119e-15 0.000000e+00
362 454 8.249656e-03 1.646023e-03 3 0 5 1 1.348240e-14 0.000000e+00
362 455 8.249656e-03 2.072220e-03 3 0 5 1 2.125854e-14 0.000000e+00
362 456 8.249656e-03 2.608770e-03 3 0 5 1 3.341312e-14 0.000000e+00
362 457 8.249656e-03 3.284247e-03 3 0 5 1 5.223758e-14 0.000000e+00
362 458 8.249656e-03 4.134622e-03 3 0 5 1 8.091335e-14 0.000000e+00
362 459 8.249656e-03 5.205181e-03 3 0 5 1 1.231896e-13 0.000000e+00
362 460 8.249656e-03 6.552935e-03 3 0 5 1 1.806450e-13 0.000000e+00
362 461 8.249656e-03 8.249656e-03 3 0 5 1 2.288494e-13 0.000000e+00
