# Please cite the following papers in research using this covariance:
# arXiv: 1601.05779, https://arxiv.org/abs/1601.05779
# arXiv: 1911.11947, https://arxiv.org/abs/1911.11947
# arXiv: 2004.04833, https://arxiv.org/abs/2004.04833
# arXiv: 1804.10663, https://arxiv.org/abs/1804.10663
########################################################
220 341 8.249656e-04 8.249656e-04 0 0 2 3 1.754277e-13 0.000000e+00
220 342 8.249656e-04 1.038570e-03 0 0 2 3 1.794960e-13 0.000000e+00
220 343 8.249656e-04 1.307482e-03 0 0 2 3 1.553509e-13 0.000000e+00
220 344 8.249656e-04 1.646023e-03 0 0 2 3 1.207152e-13 0.000000e+00
220 345 8.249656e-04 2.072220e-03 0 0 2 3 8.729637e-14 0.000000e+00
220 346 8.249656e-04 2.608770e-03 0 0 2 3 6.025020e-14 0.000000e+00
220 347 8.249656e-04 3.284247e-03 0 0 2 3 4.059932e-14 0.000000e+00
220 348 8.249656e-04 4.134622e-03 0 0 2 3 2.730627e-14 0.000000e+00
220 349 8.249656e-04 5.205181e-03 0 0 2 3 1.868285e-14 0.000000e+00
220 350 8.249656e-04 6.552935e-03 0 0 2 3 1.316405e-14 0.000000e+00
220 351 8.249656e-04 8.249656e-03 0 0 2 3 9.580567e-15 0.000000e+00
221 341 1.038570e-03 8.249656e-04 0 0 2 3 1.794960e-13 0.000000e+00
221 342 1.038570e-03 1.038570e-03 0 0 2 3 2.219161e-13 0.000000e+00
221 343 1.038570e-03 1.307482e-03 0 0 2 3 2.200555e-13 0.000000e+00
221 344 1.038570e-03 1.646023e-03 0 0 2 3 1.820719e-13 0.000000e+00
221 345 1.038570e-03 2.072220e-03 0 0 2 3 1.354534e-13 0.000000e+00
221 346 1.038570e-03 2.608770e-03 0 0 2 3 9.467778e-14 0.000000e+00
221 347 1.038570e-03 3.284247e-03 0 0 2 3 6.412929e-14 0.000000e+00
221 348 1.038570e-03 4.134622e-03 0 0 2 3 4.320806e-14 0.000000e+00
221 349 1.038570e-03 5.205181e-03 0 0 2 3 2.957640e-14 0.000000e+00
221 350 1.038570e-03 6.552935e-03 0 0 2 3 2.084235e-14 0.000000e+00
221 351 1.038570e-03 8.249656e-03 0 0 2 3 1.517062e-14 0.000000e+00
222 341 1.307482e-03 8.249656e-04 0 0 2 3 1.553509e-13 0.000000e+00
222 342 1.307482e-03 1.038570e-03 0 0 2 3 2.200555e-13 0.000000e+00
222 343 1.307482e-03 1.307482e-03 0 0 2 3 2.708507e-13 0.000000e+00
222 344 1.307482e-03 1.646023e-03 0 0 2 3 2.602002e-13 0.000000e+00
222 345 1.307482e-03 2.072220e-03 0 0 2 3 2.060492e-13 0.000000e+00
222 346 1.307482e-03 2.608770e-03 0 0 2 3 1.477140e-13 0.000000e+00
222 347 1.307482e-03 3.284247e-03 0 0 2 3 1.010388e-13 0.000000e+00
222 348 1.307482e-03 4.134622e-03 0 0 2 3 6.829768e-14 0.000000e+00
222 349 1.307482e-03 5.205181e-03 0 0 2 3 4.678949e-14 0.000000e+00
222 350 1.307482e-03 6.552935e-03 0 0 2 3 3.297956e-14 0.000000e+00
222 351 1.307482e-03 8.249656e-03 0 0 2 3 2.400989e-14 0.000000e+00
223 341 1.646023e-03 8.249656e-04 0 0 2 3 1.207152e-13 0.000000e+00
223 342 1.646023e-03 1.038570e-03 0 0 2 3 1.820719e-13 0.000000e+00
223 343 1.646023e-03 1.307482e-03 0 0 2 3 2.602002e-13 0.000000e+00
223 344 1.646023e-03 1.646023e-03 0 0 2 3 3.198844e-13 0.000000e+00
223 345 1.646023e-03 2.072220e-03 0 0 2 3 2.979630e-13 0.000000e+00
223 346 1.646023e-03 2.608770e-03 0 0 2 3 2.267563e-13 0.000000e+00
223 347 1.646023e-03 3.284247e-03 0 0 2 3 1.583650e-13 0.000000e+00
223 348 1.646023e-03 4.134622e-03 0 0 2 3 1.077489e-13 0.000000e+00
223 349 1.646023e-03 5.205181e-03 0 0 2 3 7.393703e-14 0.000000e+00
223 350 1.646023e-03 6.552935e-03 0 0 2 3 5.213502e-14 0.000000e+00
223 351 1.646023e-03 8.249656e-03 0 0 2 3 3.796779e-14 0.000000e+00
224 341 2.072220e-03 8.249656e-04 0 0 2 3 8.729637e-14 0.000000e+00
224 342 2.072220e-03 1.038570e-03 0 0 2 3 1.354534e-13 0.000000e+00
224 343 2.072220e-03 1.307482e-03 0 0 2 3 2.060492e-13 0.000000e+00
224 344 2.072220e-03 1.646023e-03 0 0 2 3 2.979630e-13 0.000000e+00
224 345 2.072220e-03 2.072220e-03 0 0 2 3 3.672714e-13 0.000000e+00
224 346 2.072220e-03 2.608770e-03 0 0 2 3 3.325241e-13 0.000000e+00
224 347 2.072220e-03 3.284247e-03 0 0 2 3 2.451351e-13 0.000000e+00
224 348 2.072220e-03 4.134622e-03 0 0 2 3 1.693348e-13 0.000000e+00
224 349 2.072220e-03 5.205181e-03 0 0 2 3 1.166138e-13 0.000000e+00
224 350 2.072220e-03 6.552935e-03 0 0 2 3 8.229155e-14 0.000000e+00
224 351 2.072220e-03 8.249656e-03 0 0 2 3 5.996105e-14 0.000000e+00
225 341 2.608770e-03 8.249656e-04 0 0 2 3 6.025020e-14 0.000000e+00
225 342 2.608770e-03 1.038570e-03 0 0 2 3 9.467778e-14 0.000000e+00
225 343 2.608770e-03 1.307482e-03 0 0 2 3 1.477140e-13 0.000000e+00
225 344 2.608770e-03 1.646023e-03 0 0 2 3 2.267563e-13 0.000000e+00
225 345 2.608770e-03 2.072220e-03 0 0 2 3 3.325241e-13 0.000000e+00
225 346 2.608770e-03 2.608770e-03 0 0 2 3 4.125567e-13 0.000000e+00
225 347 2.608770e-03 3.284247e-03 0 0 2 3 3.647346e-13 0.000000e+00
225 348 2.608770e-03 4.134622e-03 0 0 2 3 2.636413e-13 0.000000e+00
225 349 2.608770e-03 5.205181e-03 0 0 2 3 1.832906e-13 0.000000e+00
225 350 2.608770e-03 6.552935e-03 0 0 2 3 1.295743e-13 0.000000e+00
225 351 2.608770e-03 8.249656e-03 0 0 2 3 9.449571e-14 0.000000e+00
226 341 3.284247e-03 8.249656e-04 0 0 2 3 4.059932e-14 0.000000e+00
226 342 3.284247e-03 1.038570e-03 0 0 2 3 6.412929e-14 0.000000e+00
226 343 3.284247e-03 1.307482e-03 0 0 2 3 1.010388e-13 0.000000e+00
226 344 3.284247e-03 1.646023e-03 0 0 2 3 1.583650e-13 0.000000e+00
226 345 3.284247e-03 2.072220e-03 0 0 2 3 2.451351e-13 0.000000e+00
226 346 3.284247e-03 2.608770e-03 0 0 2 3 3.647346e-13 0.000000e+00
226 347 3.284247e-03 3.284247e-03 0 0 2 3 4.570070e-13 0.000000e+00
226 348 3.284247e-03 4.134622e-03 0 0 2 3 3.972703e-13 0.000000e+00
226 349 3.284247e-03 5.205181e-03 0 0 2 3 2.859258e-13 0.000000e+00
226 350 3.284247e-03 6.552935e-03 0 0 2 3 2.031992e-13 0.000000e+00
226 351 3.284247e-03 8.249656e-03 0 0 2 3 1.484229e-13 0.000000e+00
227 341 4.134622e-03 8.249656e-04 0 0 2 3 2.730627e-14 0.000000e+00
227 342 4.134622e-03 1.038570e-03 0 0 2 3 4.320806e-14 0.000000e+00
227 343 4.134622e-03 1.307482e-03 0 0 2 3 6.829768e-14 0.000000e+00
227 344 4.134622e-03 1.646023e-03 0 0 2 3 1.077489e-13 0.000000e+00
227 345 4.134622e-03 2.072220e-03 0 0 2 3 1.693348e-13 0.000000e+00
227 346 4.134622e-03 2.608770e-03 0 0 2 3 2.636413e-13 0.000000e+00
227 347 4.134622e-03 3.284247e-03 0 0 2 3 3.972703e-13 0.000000e+00
227 348 4.134622e-03 4.134622e-03 0 0 2 3 5.036990e-13 0.000000e+00
227 349 4.134622e-03 5.205181e-03 0 0 2 3 4.344167e-13 0.000000e+00
227 350 4.134622e-03 6.552935e-03 0 0 2 3 3.162824e-13 0.000000e+00
227 351 4.134622e-03 8.249656e-03 0 0 2 3 2.318713e-13 0.000000e+00
228 341 5.205181e-03 8.249656e-04 0 0 2 3 1.868285e-14 0.000000e+00
228 342 5.205181e-03 1.038570e-03 0 0 2 3 2.957640e-14 0.000000e+00
228 343 5.205181e-03 1.307482e-03 0 0 2 3 4.678949e-14 0.000000e+00
228 344 5.205181e-03 1.646023e-03 0 0 2 3 7.393703e-14 0.000000e+00
228 345 5.205181e-03 2.072220e-03 0 0 2 3 1.166138e-13 0.000000e+00
228 346 5.205181e-03 2.608770e-03 0 0 2 3 1.832906e-13 0.000000e+00
228 347 5.205181e-03 3.284247e-03 0 0 2 3 2.859258e-13 0.000000e+00
228 348 5.205181e-03 4.134622e-03 0 0 2 3 4.344167e-13 0.000000e+00
228 349 5.205181e-03 5.205181e-03 0 0 2 3 5.572873e-13 0.000000e+00
228 350 5.205181e-03 6.552935e-03 0 0 2 3 4.815421e-13 0.000000e+00
228 351 5.205181e-03 8.249656e-03 0 0 2 3 3.589761e-13 0.000000e+00
229 341 6.552935e-03 8.249656e-04 0 0 2 3 1.316405e-14 0.000000e+00
229 342 6.552935e-03 1.038570e-03 0 0 2 3 2.084235e-14 0.000000e+00
229 343 6.552935e-03 1.307482e-03 0 0 2 3 3.297956e-14 0.000000e+00
229 344 6.552935e-03 1.646023e-03 0 0 2 3 5.213502e-14 0.000000e+00
229 345 6.552935e-03 2.072220e-03 0 0 2 3 8.229155e-14 0.000000e+00
229 346 6.552935e-03 2.608770e-03 0 0 2 3 1.295743e-13 0.000000e+00
229 347 6.552935e-03 3.284247e-03 0 0 2 3 2.031992e-13 0.000000e+00
229 348 6.552935e-03 4.134622e-03 0 0 2 3 3.162824e-13 0.000000e+00
229 349 6.552935e-03 5.205181e-03 0 0 2 3 4.815421e-13 0.000000e+00
229 350 6.552935e-03 6.552935e-03 0 0 2 3 6.234816e-13 0.000000e+00
229 351 6.552935e-03 8.249656e-03 0 0 2 3 5.443272e-13 0.000000e+00
230 341 8.249656e-03 8.249656e-04 0 0 2 3 9.580567e-15 0.000000e+00
230 342 8.249656e-03 1.038570e-03 0 0 2 3 1.517062e-14 0.000000e+00
230 343 8.249656e-03 1.307482e-03 0 0 2 3 2.400989e-14 0.000000e+00
230 344 8.249656e-03 1.646023e-03 0 0 2 3 3.796779e-14 0.000000e+00
230 345 8.249656e-03 2.072220e-03 0 0 2 3 5.996105e-14 0.000000e+00
230 346 8.249656e-03 2.608770e-03 0 0 2 3 9.449571e-14 0.000000e+00
230 347 8.249656e-03 3.284247e-03 0 0 2 3 1.484229e-13 0.000000e+00
230 348 8.249656e-03 4.134622e-03 0 0 2 3 2.318713e-13 0.000000e+00
230 349 8.249656e-03 5.205181e-03 0 0 2 3 3.589761e-13 0.000000e+00
230 350 8.249656e-03 6.552935e-03 0 0 2 3 5.443272e-13 0.000000e+00
230 351 8.249656e-03 8.249656e-03 0 0 2 3 7.082711e-13 0.000000e+00
