# Please cite the following papers in research using this covariance:
# arXiv: 1601.05779, https://arxiv.org/abs/1601.05779
# arXiv: 1911.11947, https://arxiv.org/abs/1911.11947
# arXiv: 2004.04833, https://arxiv.org/abs/2004.04833
# arXiv: 1804.10663, https://arxiv.org/abs/1804.10663
########################################################
352 418 8.249656e-04 8.249656e-04 3 0 4 2 1.668176e-13 0.000000e+00
352 419 8.249656e-04 1.038570e-03 3 0 4 2 1.647232e-13 0.000000e+00
352 420 8.249656e-04 1.307482e-03 3 0 4 2 1.372493e-13 0.000000e+00
352 421 8.249656e-04 1.646023e-03 3 0 4 2 1.057608e-13 0.000000e+00
352 422 8.249656e-04 2.072220e-03 3 0 4 2 7.893839e-14 0.000000e+00
352 423 8.249656e-04 2.608770e-03 3 0 4 2 5.846280e-14 0.000000e+00
352 424 8.249656e-04 3.284247e-03 3 0 4 2 4.348718e-14 0.000000e+00
352 425 8.249656e-04 4.134622e-03 3 0 4 2 3.260673e-14 0.000000e+00
352 426 8.249656e-04 5.205181e-03 3 0 4 2 2.459114e-14 0.000000e+00
352 427 8.249656e-04 6.552935e-03 3 0 4 2 1.855840e-14 0.000000e+00
352 428 8.249656e-04 8.249656e-03 3 0 4 2 1.392973e-14 0.000000e+00
353 418 1.038570e-03 8.249656e-04 3 0 4 2 1.647232e-13 0.000000e+00
353 419 1.038570e-03 1.038570e-03 3 0 4 2 2.045000e-13 0.000000e+00
353 420 1.038570e-03 1.307482e-03 3 0 4 2 1.977145e-13 0.000000e+00
353 421 1.038570e-03 1.646023e-03 3 0 4 2 1.609243e-13 0.000000e+00
353 422 1.038570e-03 2.072220e-03 3 0 4 2 1.226238e-13 0.000000e+00
353 423 1.038570e-03 2.608770e-03 3 0 4 2 9.160898e-14 0.000000e+00
353 424 1.038570e-03 3.284247e-03 3 0 4 2 6.842813e-14 0.000000e+00
353 425 1.038570e-03 4.134622e-03 3 0 4 2 5.143115e-14 0.000000e+00
353 426 1.038570e-03 5.205181e-03 3 0 4 2 3.884983e-14 0.000000e+00
353 427 1.038570e-03 6.552935e-03 3 0 4 2 2.935153e-14 0.000000e+00
353 428 1.038570e-03 8.249656e-03 3 0 4 2 2.204770e-14 0.000000e+00
354 418 1.307482e-03 8.249656e-04 3 0 4 2 1.372493e-13 0.000000e+00
354 419 1.307482e-03 1.038570e-03 3 0 4 2 1.977145e-13 0.000000e+00
354 420 1.307482e-03 1.307482e-03 3 0 4 2 2.460809e-13 0.000000e+00
354 421 1.307482e-03 1.646023e-03 3 0 4 2 2.337953e-13 0.000000e+00
354 422 1.307482e-03 2.072220e-03 3 0 4 2 1.872972e-13 0.000000e+00
354 423 1.307482e-03 2.608770e-03 3 0 4 2 1.424117e-13 0.000000e+00
354 424 1.307482e-03 3.284247e-03 3 0 4 2 1.071819e-13 0.000000e+00
354 425 1.307482e-03 4.134622e-03 3 0 4 2 8.088602e-14 0.000000e+00
354 426 1.307482e-03 5.205181e-03 3 0 4 2 6.125826e-14 0.000000e+00
354 427 1.307482e-03 6.552935e-03 3 0 4 2 4.636387e-14 0.000000e+00
354 428 1.307482e-03 8.249656e-03 3 0 4 2 3.486917e-14 0.000000e+00
355 418 1.646023e-03 8.249656e-04 3 0 4 2 1.057608e-13 0.000000e+00
355 419 1.646023e-03 1.038570e-03 3 0 4 2 1.609243e-13 0.000000e+00
355 420 1.646023e-03 1.307482e-03 3 0 4 2 2.337953e-13 0.000000e+00
355 421 1.646023e-03 1.646023e-03 3 0 4 2 2.923353e-13 0.000000e+00
355 422 1.646023e-03 2.072220e-03 3 0 4 2 2.741678e-13 0.000000e+00
355 423 1.646023e-03 2.608770e-03 3 0 4 2 2.179594e-13 0.000000e+00
355 424 1.646023e-03 3.284247e-03 3 0 4 2 1.665532e-13 0.000000e+00
355 425 1.646023e-03 4.134622e-03 3 0 4 2 1.265939e-13 0.000000e+00
355 426 1.646023e-03 5.205181e-03 3 0 4 2 9.628995e-14 0.000000e+00
355 427 1.646023e-03 6.552935e-03 3 0 4 2 7.308936e-14 0.000000e+00
355 428 1.646023e-03 8.249656e-03 3 0 4 2 5.507677e-14 0.000000e+00
356 418 2.072220e-03 8.249656e-04 3 0 4 2 7.893839e-14 0.000000e+00
356 419 2.072220e-03 1.038570e-03 3 0 4 2 1.226238e-13 0.000000e+00
356 420 2.072220e-03 1.307482e-03 3 0 4 2 1.872972e-13 0.000000e+00
356 421 2.072220e-03 1.646023e-03 3 0 4 2 2.741678e-13 0.000000e+00
356 422 2.072220e-03 2.072220e-03 3 0 4 2 3.448187e-13 0.000000e+00
356 423 2.072220e-03 2.608770e-03 3 0 4 2 3.207971e-13 0.000000e+00
356 424 2.072220e-03 3.284247e-03 3 0 4 2 2.549320e-13 0.000000e+00
356 425 2.072220e-03 4.134622e-03 3 0 4 2 1.964893e-13 0.000000e+00
356 426 2.072220e-03 5.205181e-03 3 0 4 2 1.505730e-13 0.000000e+00
356 427 2.072220e-03 6.552935e-03 3 0 4 2 1.148427e-13 0.000000e+00
356 428 2.072220e-03 8.249656e-03 3 0 4 2 8.681704e-14 0.000000e+00
357 418 2.608770e-03 8.249656e-04 3 0 4 2 5.846280e-14 0.000000e+00
357 419 2.608770e-03 1.038570e-03 3 0 4 2 9.160898e-14 0.000000e+00
357 420 2.608770e-03 1.307482e-03 3 0 4 2 1.424117e-13 0.000000e+00
357 421 2.608770e-03 1.646023e-03 3 0 4 2 2.179594e-13 0.000000e+00
357 422 2.608770e-03 2.072220e-03 3 0 4 2 3.207971e-13 0.000000e+00
357 423 2.608770e-03 2.608770e-03 3 0 4 2 4.058396e-13 0.000000e+00
357 424 2.608770e-03 3.284247e-03 3 0 4 2 3.762321e-13 0.000000e+00
357 425 2.608770e-03 4.134622e-03 3 0 4 2 3.003356e-13 0.000000e+00
357 426 2.608770e-03 5.205181e-03 3 0 4 2 2.333852e-13 0.000000e+00
357 427 2.608770e-03 6.552935e-03 3 0 4 2 1.794674e-13 0.000000e+00
357 428 2.608770e-03 8.249656e-03 3 0 4 2 1.363905e-13 0.000000e+00
358 418 3.284247e-03 8.249656e-04 3 0 4 2 4.348718e-14 0.000000e+00
358 419 3.284247e-03 1.038570e-03 3 0 4 2 6.842813e-14 0.000000e+00
358 420 3.284247e-03 1.307482e-03 3 0 4 2 1.071819e-13 0.000000e+00
358 421 3.284247e-03 1.646023e-03 3 0 4 2 1.665532e-13 0.000000e+00
358 422 3.284247e-03 2.072220e-03 3 0 4 2 2.549320e-13 0.000000e+00
358 423 3.284247e-03 2.608770e-03 3 0 4 2 3.762321e-13 0.000000e+00
358 424 3.284247e-03 3.284247e-03 3 0 4 2 4.782434e-13 0.000000e+00
358 425 3.284247e-03 4.134622e-03 3 0 4 2 4.432452e-13 0.000000e+00
358 426 3.284247e-03 5.205181e-03 3 0 4 2 3.559861e-13 0.000000e+00
358 427 3.284247e-03 6.552935e-03 3 0 4 2 2.778534e-13 0.000000e+00
358 428 3.284247e-03 8.249656e-03 3 0 4 2 2.130745e-13 0.000000e+00
359 418 4.134622e-03 8.249656e-04 3 0 4 2 3.260673e-14 0.000000e+00
359 419 4.134622e-03 1.038570e-03 3 0 4 2 5.143115e-14 0.000000e+00
359 420 4.134622e-03 1.307482e-03 3 0 4 2 8.088602e-14 0.000000e+00
359 421 4.134622e-03 1.646023e-03 3 0 4 2 1.265939e-13 0.000000e+00
359 422 4.134622e-03 2.072220e-03 3 0 4 2 1.964893e-13 0.000000e+00
359 423 4.134622e-03 2.608770e-03 3 0 4 2 3.003356e-13 0.000000e+00
359 424 4.134622e-03 3.284247e-03 3 0 4 2 4.432452e-13 0.000000e+00
359 425 4.134622e-03 4.134622e-03 3 0 4 2 5.650318e-13 0.000000e+00
359 426 4.134622e-03 5.205181e-03 3 0 4 2 5.243521e-13 0.000000e+00
359 427 4.134622e-03 6.552935e-03 3 0 4 2 4.229628e-13 0.000000e+00
359 428 4.134622e-03 8.249656e-03 3 0 4 2 3.296754e-13 0.000000e+00
360 418 5.205181e-03 8.249656e-04 3 0 4 2 2.459114e-14 0.000000e+00
360 419 5.205181e-03 1.038570e-03 3 0 4 2 3.884983e-14 0.000000e+00
360 420 5.205181e-03 1.307482e-03 3 0 4 2 6.125826e-14 0.000000e+00
360 421 5.205181e-03 1.646023e-03 3 0 4 2 9.628995e-14 0.000000e+00
360 422 5.205181e-03 2.072220e-03 3 0 4 2 1.505730e-13 0.000000e+00
360 423 5.205181e-03 2.608770e-03 3 0 4 2 2.333852e-13 0.000000e+00
360 424 5.205181e-03 3.284247e-03 3 0 4 2 3.559861e-13 0.000000e+00
360 425 5.205181e-03 4.134622e-03 3 0 4 2 5.243521e-13 0.000000e+00
360 426 5.205181e-03 5.205181e-03 3 0 4 2 6.688504e-13 0.000000e+00
360 427 5.205181e-03 6.552935e-03 3 0 4 2 6.212364e-13 0.000000e+00
360 428 5.205181e-03 8.249656e-03 3 0 4 2 5.011569e-13 0.000000e+00
361 418 6.552935e-03 8.249656e-04 3 0 4 2 1.855840e-14 0.000000e+00
361 419 6.552935e-03 1.038570e-03 3 0 4 2 2.935153e-14 0.000000e+00
361 420 6.552935e-03 1.307482e-03 3 0 4 2 4.636387e-14 0.000000e+00
361 421 6.552935e-03 1.646023e-03 3 0 4 2 7.308936e-14 0.000000e+00
361 422 6.552935e-03 2.072220e-03 3 0 4 2 1.148427e-13 0.000000e+00
361 423 6.552935e-03 2.608770e-03 3 0 4 2 1.794674e-13 0.000000e+00
361 424 6.552935e-03 3.284247e-03 3 0 4 2 2.778534e-13 0.000000e+00
361 425 6.552935e-03 4.134622e-03 3 0 4 2 4.229628e-13 0.000000e+00
361 426 6.552935e-03 5.205181e-03 3 0 4 2 6.212364e-13 0.000000e+00
361 427 6.552935e-03 6.552935e-03 3 0 4 2 7.913534e-13 0.000000e+00
361 428 6.552935e-03 8.249656e-03 3 0 4 2 7.340797e-13 0.000000e+00
362 418 8.249656e-03 8.249656e-04 3 0 4 2 1.392973e-14 0.000000e+00
362 419 8.249656e-03 1.038570e-03 3 0 4 2 2.204770e-14 0.000000e+00
362 420 8.249656e-03 1.307482e-03 3 0 4 2 3.486917e-14 0.000000e+00
362 421 8.249656e-03 1.646023e-03 3 0 4 2 5.507677e-14 0.000000e+00
362 422 8.249656e-03 2.072220e-03 3 0 4 2 8.681704e-14 0.000000e+00
362 423 8.249656e-03 2.608770e-03 3 0 4 2 1.363905e-13 0.000000e+00
362 424 8.249656e-03 3.284247e-03 3 0 4 2 2.130745e-13 0.000000e+00
362 425 8.249656e-03 4.134622e-03 3 0 4 2 3.296754e-13 0.000000e+00
362 426 8.249656e-03 5.205181e-03 3 0 4 2 5.011569e-13 0.000000e+00
362 427 8.249656e-03 6.552935e-03 3 0 4 2 7.340797e-13 0.000000e+00
362 428 8.249656e-03 8.249656e-03 3 0 4 2 9.323990e-13 0.000000e+00
