# Please cite the following papers in research using this covariance:
# arXiv: 1601.05779, https://arxiv.org/abs/1601.05779
# arXiv: 1911.11947, https://arxiv.org/abs/1911.11947
# arXiv: 2004.04833, https://arxiv.org/abs/2004.04833
# arXiv: 1804.10663, https://arxiv.org/abs/1804.10663
########################################################
264 308 8.249656e-04 8.249656e-04 1 0 2 0 2.025243e-11 0.000000e+00
264 309 8.249656e-04 1.038570e-03 1 0 2 0 1.269133e-11 0.000000e+00
264 310 8.249656e-04 1.307482e-03 1 0 2 0 5.861421e-12 0.000000e+00
264 311 8.249656e-04 1.646023e-03 1 0 2 0 2.670023e-12 0.000000e+00
264 312 8.249656e-04 2.072220e-03 1 0 2 0 1.247826e-12 0.000000e+00
264 313 8.249656e-04 2.608770e-03 1 0 2 0 6.101622e-13 0.000000e+00
264 314 8.249656e-04 3.284247e-03 1 0 2 0 3.153670e-13 0.000000e+00
264 315 8.249656e-04 4.134622e-03 1 0 2 0 1.726153e-13 0.000000e+00
264 316 8.249656e-04 5.205181e-03 1 0 2 0 9.904883e-14 0.000000e+00
264 317 8.249656e-04 6.552935e-03 1 0 2 0 5.865562e-14 0.000000e+00
264 318 8.249656e-04 8.249656e-03 1 0 2 0 3.522103e-14 0.000000e+00
265 308 1.038570e-03 8.249656e-04 1 0 2 0 1.269133e-11 0.000000e+00
265 309 1.038570e-03 1.038570e-03 1 0 2 0 1.799450e-11 0.000000e+00
265 310 1.038570e-03 1.307482e-03 1 0 2 0 1.070174e-11 0.000000e+00
265 311 1.038570e-03 1.646023e-03 1 0 2 0 4.670749e-12 0.000000e+00
265 312 1.038570e-03 2.072220e-03 1 0 2 0 2.095782e-12 0.000000e+00
265 313 1.038570e-03 2.608770e-03 1 0 2 0 9.974149e-13 0.000000e+00
265 314 1.038570e-03 3.284247e-03 1 0 2 0 5.074109e-13 0.000000e+00
265 315 1.038570e-03 4.134622e-03 1 0 2 0 2.753417e-13 0.000000e+00
265 316 1.038570e-03 5.205181e-03 1 0 2 0 1.573912e-13 0.000000e+00
265 317 1.038570e-03 6.552935e-03 1 0 2 0 9.303943e-14 0.000000e+00
265 318 1.038570e-03 8.249656e-03 1 0 2 0 5.586190e-14 0.000000e+00
266 308 1.307482e-03 8.249656e-04 1 0 2 0 5.861421e-12 0.000000e+00
266 309 1.307482e-03 1.038570e-03 1 0 2 0 1.070174e-11 0.000000e+00
266 310 1.307482e-03 1.307482e-03 1 0 2 0 1.568114e-11 0.000000e+00
266 311 1.307482e-03 1.646023e-03 1 0 2 0 8.844563e-12 0.000000e+00
266 312 1.307482e-03 2.072220e-03 1 0 2 0 3.693441e-12 0.000000e+00
266 313 1.307482e-03 2.608770e-03 1 0 2 0 1.669844e-12 0.000000e+00
266 314 1.307482e-03 3.284247e-03 1 0 2 0 8.253318e-13 0.000000e+00
266 315 1.307482e-03 4.134622e-03 1 0 2 0 4.412747e-13 0.000000e+00
266 316 1.307482e-03 5.205181e-03 1 0 2 0 2.505709e-13 0.000000e+00
266 317 1.307482e-03 6.552935e-03 1 0 2 0 1.477132e-13 0.000000e+00
266 318 1.307482e-03 8.249656e-03 1 0 2 0 8.858478e-14 0.000000e+00
267 308 1.646023e-03 8.249656e-04 1 0 2 0 2.670023e-12 0.000000e+00
267 309 1.646023e-03 1.038570e-03 1 0 2 0 4.670749e-12 0.000000e+00
267 310 1.646023e-03 1.307482e-03 1 0 2 0 8.844563e-12 0.000000e+00
267 311 1.646023e-03 1.646023e-03 1 0 2 0 1.344810e-11 0.000000e+00
267 312 1.646023e-03 2.072220e-03 1 0 2 0 7.211663e-12 0.000000e+00
267 313 1.646023e-03 2.608770e-03 1 0 2 0 2.939573e-12 0.000000e+00
267 314 1.646023e-03 3.284247e-03 1 0 2 0 1.371340e-12 0.000000e+00
267 315 1.646023e-03 4.134622e-03 1 0 2 0 7.132017e-13 0.000000e+00
267 316 1.646023e-03 5.205181e-03 1 0 2 0 4.001061e-13 0.000000e+00
267 317 1.646023e-03 6.552935e-03 1 0 2 0 2.347691e-13 0.000000e+00
267 318 1.646023e-03 8.249656e-03 1 0 2 0 1.405814e-13 0.000000e+00
268 308 2.072220e-03 8.249656e-04 1 0 2 0 1.247826e-12 0.000000e+00
268 309 2.072220e-03 1.038570e-03 1 0 2 0 2.095782e-12 0.000000e+00
268 310 2.072220e-03 1.307482e-03 1 0 2 0 3.693441e-12 0.000000e+00
268 311 2.072220e-03 1.646023e-03 1 0 2 0 7.211663e-12 0.000000e+00
268 312 2.072220e-03 2.072220e-03 1 0 2 0 1.139448e-11 0.000000e+00
268 313 2.072220e-03 2.608770e-03 1 0 2 0 5.851920e-12 0.000000e+00
268 314 2.072220e-03 3.284247e-03 1 0 2 0 2.390316e-12 0.000000e+00
268 315 2.072220e-03 4.134622e-03 1 0 2 0 1.172683e-12 0.000000e+00
268 316 2.072220e-03 5.205181e-03 1 0 2 0 6.426751e-13 0.000000e+00
268 317 2.072220e-03 6.552935e-03 1 0 2 0 3.738900e-13 0.000000e+00
268 318 2.072220e-03 8.249656e-03 1 0 2 0 2.232233e-13 0.000000e+00
269 308 2.608770e-03 8.249656e-04 1 0 2 0 6.101622e-13 0.000000e+00
269 309 2.608770e-03 1.038570e-03 1 0 2 0 9.974149e-13 0.000000e+00
269 310 2.608770e-03 1.307482e-03 1 0 2 0 1.669844e-12 0.000000e+00
269 311 2.608770e-03 1.646023e-03 1 0 2 0 2.939573e-12 0.000000e+00
269 312 2.608770e-03 2.072220e-03 1 0 2 0 5.851920e-12 0.000000e+00
269 313 2.608770e-03 2.608770e-03 1 0 2 0 9.584508e-12 0.000000e+00
269 314 2.608770e-03 3.284247e-03 1 0 2 0 4.774173e-12 0.000000e+00
269 315 2.608770e-03 4.134622e-03 1 0 2 0 2.009929e-12 0.000000e+00
269 316 2.608770e-03 5.205181e-03 1 0 2 0 1.045353e-12 0.000000e+00
269 317 2.608770e-03 6.552935e-03 1 0 2 0 5.977374e-13 0.000000e+00
269 318 2.608770e-03 8.249656e-03 1 0 2 0 3.549560e-13 0.000000e+00
270 308 3.284247e-03 8.249656e-04 1 0 2 0 3.153670e-13 0.000000e+00
270 309 3.284247e-03 1.038570e-03 1 0 2 0 5.074109e-13 0.000000e+00
270 310 3.284247e-03 1.307482e-03 1 0 2 0 8.253318e-13 0.000000e+00
270 311 3.284247e-03 1.646023e-03 1 0 2 0 1.371340e-12 0.000000e+00
270 312 3.284247e-03 2.072220e-03 1 0 2 0 2.390316e-12 0.000000e+00
270 313 3.284247e-03 2.608770e-03 1 0 2 0 4.774173e-12 0.000000e+00
270 314 3.284247e-03 3.284247e-03 1 0 2 0 8.047400e-12 0.000000e+00
270 315 3.284247e-03 4.134622e-03 1 0 2 0 3.956636e-12 0.000000e+00
270 316 3.284247e-03 5.205181e-03 1 0 2 0 1.756764e-12 0.000000e+00
270 317 3.284247e-03 6.552935e-03 1 0 2 0 9.637321e-13 0.000000e+00
270 318 3.284247e-03 8.249656e-03 1 0 2 0 5.658719e-13 0.000000e+00
271 308 4.134622e-03 8.249656e-04 1 0 2 0 1.726153e-13 0.000000e+00
271 309 4.134622e-03 1.038570e-03 1 0 2 0 2.753417e-13 0.000000e+00
271 310 4.134622e-03 1.307482e-03 1 0 2 0 4.412747e-13 0.000000e+00
271 311 4.134622e-03 1.646023e-03 1 0 2 0 7.132017e-13 0.000000e+00
271 312 4.134622e-03 2.072220e-03 1 0 2 0 1.172683e-12 0.000000e+00
271 313 4.134622e-03 2.608770e-03 1 0 2 0 2.009929e-12 0.000000e+00
271 314 4.134622e-03 3.284247e-03 1 0 2 0 3.956636e-12 0.000000e+00
271 315 4.134622e-03 4.134622e-03 1 0 2 0 6.783055e-12 0.000000e+00
271 316 4.134622e-03 5.205181e-03 1 0 2 0 3.358539e-12 0.000000e+00
271 317 4.134622e-03 6.552935e-03 1 0 2 0 1.590719e-12 0.000000e+00
271 318 4.134622e-03 8.249656e-03 1 0 2 0 9.071534e-13 0.000000e+00
272 308 5.205181e-03 8.249656e-04 1 0 2 0 9.904883e-14 0.000000e+00
272 309 5.205181e-03 1.038570e-03 1 0 2 0 1.573912e-13 0.000000e+00
272 310 5.205181e-03 1.307482e-03 1 0 2 0 2.505709e-13 0.000000e+00
272 311 5.205181e-03 1.646023e-03 1 0 2 0 4.001061e-13 0.000000e+00
272 312 5.205181e-03 2.072220e-03 1 0 2 0 6.426751e-13 0.000000e+00
272 313 5.205181e-03 2.608770e-03 1 0 2 0 1.045353e-12 0.000000e+00
272 314 5.205181e-03 3.284247e-03 1 0 2 0 1.756764e-12 0.000000e+00
272 315 5.205181e-03 4.134622e-03 1 0 2 0 3.358539e-12 0.000000e+00
272 316 5.205181e-03 5.205181e-03 1 0 2 0 5.769722e-12 0.000000e+00
272 317 5.205181e-03 6.552935e-03 1 0 2 0 2.931050e-12 0.000000e+00
272 318 5.205181e-03 8.249656e-03 1 0 2 0 1.477546e-12 0.000000e+00
273 308 6.552935e-03 8.249656e-04 1 0 2 0 5.865562e-14 0.000000e+00
273 309 6.552935e-03 1.038570e-03 1 0 2 0 9.303943e-14 0.000000e+00
273 310 6.552935e-03 1.307482e-03 1 0 2 0 1.477132e-13 0.000000e+00
273 311 6.552935e-03 1.646023e-03 1 0 2 0 2.347691e-13 0.000000e+00
273 312 6.552935e-03 2.072220e-03 1 0 2 0 3.738900e-13 0.000000e+00
273 313 6.552935e-03 2.608770e-03 1 0 2 0 5.977374e-13 0.000000e+00
273 314 6.552935e-03 3.284247e-03 1 0 2 0 9.637321e-13 0.000000e+00
273 315 6.552935e-03 4.134622e-03 1 0 2 0 1.590719e-12 0.000000e+00
273 316 6.552935e-03 5.205181e-03 1 0 2 0 2.931050e-12 0.000000e+00
273 317 6.552935e-03 6.552935e-03 1 0 2 0 4.972089e-12 0.000000e+00
273 318 6.552935e-03 8.249656e-03 1 0 2 0 2.625600e-12 0.000000e+00
274 308 8.249656e-03 8.249656e-04 1 0 2 0 3.522103e-14 0.000000e+00
274 309 8.249656e-03 1.038570e-03 1 0 2 0 5.586190e-14 0.000000e+00
274 310 8.249656e-03 1.307482e-03 1 0 2 0 8.858478e-14 0.000000e+00
274 311 8.249656e-03 1.646023e-03 1 0 2 0 1.405814e-13 0.000000e+00
274 312 8.249656e-03 2.072220e-03 1 0 2 0 2.232233e-13 0.000000e+00
274 313 8.249656e-03 2.608770e-03 1 0 2 0 3.549560e-13 0.000000e+00
274 314 8.249656e-03 3.284247e-03 1 0 2 0 5.658719e-13 0.000000e+00
274 315 8.249656e-03 4.134622e-03 1 0 2 0 9.071534e-13 0.000000e+00
274 316 8.249656e-03 5.205181e-03 1 0 2 0 1.477546e-12 0.000000e+00
274 317 8.249656e-03 6.552935e-03 1 0 2 0 2.625600e-12 0.000000e+00
274 318 8.249656e-03 8.249656e-03 1 0 2 0 4.348545e-12 0.000000e+00
