# Please cite the following papers in research using this covariance:
# arXiv: 1601.05779, https://arxiv.org/abs/1601.05779
# arXiv: 1911.11947, https://arxiv.org/abs/1911.11947
# arXiv: 2004.04833, https://arxiv.org/abs/2004.04833
# arXiv: 1804.10663, https://arxiv.org/abs/1804.10663
########################################################
275 330 8.249656e-04 8.249656e-04 1 1 2 2 2.924379e-13 0.000000e+00
275 331 8.249656e-04 1.038570e-03 1 1 2 2 2.930325e-13 0.000000e+00
275 332 8.249656e-04 1.307482e-03 1 1 2 2 2.455945e-13 0.000000e+00
275 333 8.249656e-04 1.646023e-03 1 1 2 2 1.845065e-13 0.000000e+00
275 334 8.249656e-04 2.072220e-03 1 1 2 2 1.299234e-13 0.000000e+00
275 335 8.249656e-04 2.608770e-03 1 1 2 2 8.855786e-14 0.000000e+00
275 336 8.249656e-04 3.284247e-03 1 1 2 2 6.000708e-14 0.000000e+00
275 337 8.249656e-04 4.134622e-03 1 1 2 2 4.130536e-14 0.000000e+00
275 338 8.249656e-04 5.205181e-03 1 1 2 2 2.927493e-14 0.000000e+00
275 339 8.249656e-04 6.552935e-03 1 1 2 2 2.143253e-14 0.000000e+00
275 340 8.249656e-04 8.249656e-03 1 1 2 2 1.611336e-14 0.000000e+00
276 330 1.038570e-03 8.249656e-04 1 1 2 2 2.930325e-13 0.000000e+00
276 331 1.038570e-03 1.038570e-03 1 1 2 2 3.605848e-13 0.000000e+00
276 332 1.038570e-03 1.307482e-03 1 1 2 2 3.497395e-13 0.000000e+00
276 333 1.038570e-03 1.646023e-03 1 1 2 2 2.801187e-13 0.000000e+00
276 334 1.038570e-03 2.072220e-03 1 1 2 2 2.025112e-13 0.000000e+00
276 335 1.038570e-03 2.608770e-03 1 1 2 2 1.394555e-13 0.000000e+00
276 336 1.038570e-03 3.284247e-03 1 1 2 2 9.482595e-14 0.000000e+00
276 337 1.038570e-03 4.134622e-03 1 1 2 2 6.533472e-14 0.000000e+00
276 338 1.038570e-03 5.205181e-03 1 1 2 2 4.631845e-14 0.000000e+00
276 339 1.038570e-03 6.552935e-03 1 1 2 2 3.391851e-14 0.000000e+00
276 340 1.038570e-03 8.249656e-03 1 1 2 2 2.550856e-14 0.000000e+00
277 330 1.307482e-03 8.249656e-04 1 1 2 2 2.455945e-13 0.000000e+00
277 331 1.307482e-03 1.038570e-03 1 1 2 2 3.497395e-13 0.000000e+00
277 332 1.307482e-03 1.307482e-03 1 1 2 2 4.295439e-13 0.000000e+00
277 333 1.307482e-03 1.646023e-03 1 1 2 2 4.036740e-13 0.000000e+00
277 334 1.307482e-03 2.072220e-03 1 1 2 2 3.103396e-13 0.000000e+00
277 335 1.307482e-03 2.608770e-03 1 1 2 2 2.183875e-13 0.000000e+00
277 336 1.307482e-03 3.284247e-03 1 1 2 2 1.495335e-13 0.000000e+00
277 337 1.307482e-03 4.134622e-03 1 1 2 2 1.032170e-13 0.000000e+00
277 338 1.307482e-03 5.205181e-03 1 1 2 2 7.321080e-14 0.000000e+00
277 339 1.307482e-03 6.552935e-03 1 1 2 2 5.363246e-14 0.000000e+00
277 340 1.307482e-03 8.249656e-03 1 1 2 2 4.035460e-14 0.000000e+00
278 330 1.646023e-03 8.249656e-04 1 1 2 2 1.845065e-13 0.000000e+00
278 331 1.646023e-03 1.038570e-03 1 1 2 2 2.801187e-13 0.000000e+00
278 332 1.646023e-03 1.307482e-03 1 1 2 2 4.036740e-13 0.000000e+00
278 333 1.646023e-03 1.646023e-03 1 1 2 2 4.968541e-13 0.000000e+00
278 334 1.646023e-03 2.072220e-03 1 1 2 2 4.536085e-13 0.000000e+00
278 335 1.646023e-03 2.608770e-03 1 1 2 2 3.375165e-13 0.000000e+00
278 336 1.646023e-03 3.284247e-03 1 1 2 2 2.348189e-13 0.000000e+00
278 337 1.646023e-03 4.134622e-03 1 1 2 2 1.627278e-13 0.000000e+00
278 338 1.646023e-03 5.205181e-03 1 1 2 2 1.155308e-13 0.000000e+00
278 339 1.646023e-03 6.552935e-03 1 1 2 2 8.468855e-14 0.000000e+00
278 340 1.646023e-03 8.249656e-03 1 1 2 2 6.377214e-14 0.000000e+00
279 330 2.072220e-03 8.249656e-04 1 1 2 2 1.299234e-13 0.000000e+00
279 331 2.072220e-03 1.038570e-03 1 1 2 2 2.025112e-13 0.000000e+00
279 332 2.072220e-03 1.307482e-03 1 1 2 2 3.103396e-13 0.000000e+00
279 333 2.072220e-03 1.646023e-03 1 1 2 2 4.536085e-13 0.000000e+00
279 334 2.072220e-03 2.072220e-03 1 1 2 2 5.618260e-13 0.000000e+00
279 335 2.072220e-03 2.608770e-03 1 1 2 2 5.006597e-13 0.000000e+00
279 336 2.072220e-03 3.284247e-03 1 1 2 2 3.650761e-13 0.000000e+00
279 337 2.072220e-03 4.134622e-03 1 1 2 2 2.555906e-13 0.000000e+00
279 338 2.072220e-03 5.205181e-03 1 1 2 2 1.818409e-13 0.000000e+00
279 339 2.072220e-03 6.552935e-03 1 1 2 2 1.334369e-13 0.000000e+00
279 340 2.072220e-03 8.249656e-03 1 1 2 2 1.006056e-13 0.000000e+00
280 330 2.608770e-03 8.249656e-04 1 1 2 2 8.855786e-14 0.000000e+00
280 331 2.608770e-03 1.038570e-03 1 1 2 2 1.394555e-13 0.000000e+00
280 332 2.608770e-03 1.307482e-03 1 1 2 2 2.183875e-13 0.000000e+00
280 333 2.608770e-03 1.646023e-03 1 1 2 2 3.375165e-13 0.000000e+00
280 334 2.608770e-03 2.072220e-03 1 1 2 2 5.006597e-13 0.000000e+00
280 335 2.608770e-03 2.608770e-03 1 1 2 2 6.261982e-13 0.000000e+00
280 336 2.608770e-03 3.284247e-03 1 1 2 2 5.485632e-13 0.000000e+00
280 337 2.608770e-03 4.134622e-03 1 1 2 2 3.981930e-13 0.000000e+00
280 338 2.608770e-03 5.205181e-03 1 1 2 2 2.849753e-13 0.000000e+00
280 339 2.608770e-03 6.552935e-03 1 1 2 2 2.095142e-13 0.000000e+00
280 340 2.608770e-03 8.249656e-03 1 1 2 2 1.582758e-13 0.000000e+00
281 330 3.284247e-03 8.249656e-04 1 1 2 2 6.000708e-14 0.000000e+00
281 331 3.284247e-03 1.038570e-03 1 1 2 2 9.482595e-14 0.000000e+00
281 332 3.284247e-03 1.307482e-03 1 1 2 2 1.495335e-13 0.000000e+00
281 333 3.284247e-03 1.646023e-03 1 1 2 2 2.348189e-13 0.000000e+00
281 334 3.284247e-03 2.072220e-03 1 1 2 2 3.650761e-13 0.000000e+00
281 335 3.284247e-03 2.608770e-03 1 1 2 2 5.485632e-13 0.000000e+00
281 336 3.284247e-03 3.284247e-03 1 1 2 2 6.943074e-13 0.000000e+00
281 337 3.284247e-03 4.134622e-03 1 1 2 2 6.033965e-13 0.000000e+00
281 338 3.284247e-03 5.205181e-03 1 1 2 2 4.430369e-13 0.000000e+00
281 339 3.284247e-03 6.552935e-03 1 1 2 2 3.271159e-13 0.000000e+00
281 340 3.284247e-03 8.249656e-03 1 1 2 2 2.478994e-13 0.000000e+00
282 330 4.134622e-03 8.249656e-04 1 1 2 2 4.130536e-14 0.000000e+00
282 331 4.134622e-03 1.038570e-03 1 1 2 2 6.533472e-14 0.000000e+00
282 332 4.134622e-03 1.307482e-03 1 1 2 2 1.032170e-13 0.000000e+00
282 333 4.134622e-03 1.646023e-03 1 1 2 2 1.627278e-13 0.000000e+00
282 334 4.134622e-03 2.072220e-03 1 1 2 2 2.555906e-13 0.000000e+00
282 335 4.134622e-03 2.608770e-03 1 1 2 2 3.981930e-13 0.000000e+00
282 336 4.134622e-03 3.284247e-03 1 1 2 2 6.033965e-13 0.000000e+00
282 337 4.134622e-03 4.134622e-03 1 1 2 2 7.727955e-13 0.000000e+00
282 338 4.134622e-03 5.205181e-03 1 1 2 2 6.728817e-13 0.000000e+00
282 339 4.134622e-03 6.552935e-03 1 1 2 2 5.058880e-13 0.000000e+00
282 340 4.134622e-03 8.249656e-03 1 1 2 2 3.854717e-13 0.000000e+00
283 330 5.205181e-03 8.249656e-04 1 1 2 2 2.927493e-14 0.000000e+00
283 331 5.205181e-03 1.038570e-03 1 1 2 2 4.631845e-14 0.000000e+00
283 332 5.205181e-03 1.307482e-03 1 1 2 2 7.321080e-14 0.000000e+00
283 333 5.205181e-03 1.646023e-03 1 1 2 2 1.155308e-13 0.000000e+00
283 334 5.205181e-03 2.072220e-03 1 1 2 2 1.818409e-13 0.000000e+00
283 335 5.205181e-03 2.608770e-03 1 1 2 2 2.849753e-13 0.000000e+00
283 336 5.205181e-03 3.284247e-03 1 1 2 2 4.430369e-13 0.000000e+00
283 337 5.205181e-03 4.134622e-03 1 1 2 2 6.728817e-13 0.000000e+00
283 338 5.205181e-03 5.205181e-03 1 1 2 2 8.699485e-13 0.000000e+00
283 339 5.205181e-03 6.552935e-03 1 1 2 2 7.654029e-13 0.000000e+00
283 340 5.205181e-03 8.249656e-03 1 1 2 2 5.922289e-13 0.000000e+00
284 330 6.552935e-03 8.249656e-04 1 1 2 2 2.143253e-14 0.000000e+00
284 331 6.552935e-03 1.038570e-03 1 1 2 2 3.391851e-14 0.000000e+00
284 332 6.552935e-03 1.307482e-03 1 1 2 2 5.363246e-14 0.000000e+00
284 333 6.552935e-03 1.646023e-03 1 1 2 2 8.468855e-14 0.000000e+00
284 334 6.552935e-03 2.072220e-03 1 1 2 2 1.334369e-13 0.000000e+00
284 335 6.552935e-03 2.608770e-03 1 1 2 2 2.095142e-13 0.000000e+00
284 336 6.552935e-03 3.284247e-03 1 1 2 2 3.271159e-13 0.000000e+00
284 337 6.552935e-03 4.134622e-03 1 1 2 2 5.058880e-13 0.000000e+00
284 338 6.552935e-03 5.205181e-03 1 1 2 2 7.654029e-13 0.000000e+00
284 339 6.552935e-03 6.552935e-03 1 1 2 2 9.947345e-13 0.000000e+00
284 340 6.552935e-03 8.249656e-03 1 1 2 2 8.887623e-13 0.000000e+00
285 330 8.249656e-03 8.249656e-04 1 1 2 2 1.611336e-14 0.000000e+00
285 331 8.249656e-03 1.038570e-03 1 1 2 2 2.550856e-14 0.000000e+00
285 332 8.249656e-03 1.307482e-03 1 1 2 2 4.035460e-14 0.000000e+00
285 333 8.249656e-03 1.646023e-03 1 1 2 2 6.377214e-14 0.000000e+00
285 334 8.249656e-03 2.072220e-03 1 1 2 2 1.006056e-13 0.000000e+00
285 335 8.249656e-03 2.608770e-03 1 1 2 2 1.582758e-13 0.000000e+00
285 336 8.249656e-03 3.284247e-03 1 1 2 2 2.478994e-13 0.000000e+00
285 337 8.249656e-03 4.134622e-03 1 1 2 2 3.854717e-13 0.000000e+00
285 338 8.249656e-03 5.205181e-03 1 1 2 2 5.922289e-13 0.000000e+00
285 339 8.249656e-03 6.552935e-03 1 1 2 2 8.887623e-13 0.000000e+00
285 340 8.249656e-03 8.249656e-03 1 1 2 2 1.155406e-12 0.000000e+00
