# Please cite the following papers in research using this covariance:
# arXiv: 1601.05779, https://arxiv.org/abs/1601.05779
# arXiv: 1911.11947, https://arxiv.org/abs/1911.11947
# arXiv: 2004.04833, https://arxiv.org/abs/2004.04833
# arXiv: 1804.10663, https://arxiv.org/abs/1804.10663
########################################################
231 231 8.249656e-04 8.249656e-04 0 1 0 1 2.120877e-09 0.000000e+00
231 232 8.249656e-04 1.038570e-03 0 1 0 1 1.054936e-10 0.000000e+00
231 233 8.249656e-04 1.307482e-03 0 1 0 1 5.733963e-11 0.000000e+00
231 234 8.249656e-04 1.646023e-03 0 1 0 1 2.934421e-11 0.000000e+00
231 235 8.249656e-04 2.072220e-03 0 1 0 1 1.441458e-11 0.000000e+00
231 236 8.249656e-04 2.608770e-03 0 1 0 1 6.920066e-12 0.000000e+00
231 237 8.249656e-04 3.284247e-03 0 1 0 1 3.323246e-12 0.000000e+00
231 238 8.249656e-04 4.134622e-03 0 1 0 1 1.637377e-12 0.000000e+00
231 239 8.249656e-04 5.205181e-03 0 1 0 1 8.450651e-13 0.000000e+00
231 240 8.249656e-04 6.552935e-03 0 1 0 1 4.625279e-13 0.000000e+00
231 241 8.249656e-04 8.249656e-03 0 1 0 1 2.682716e-13 0.000000e+00
232 231 1.038570e-03 8.249656e-04 0 1 0 1 1.054936e-10 0.000000e+00
232 232 1.038570e-03 1.038570e-03 0 1 0 1 1.391459e-09 0.000000e+00
232 233 1.038570e-03 1.307482e-03 0 1 0 1 9.561329e-11 0.000000e+00
232 234 1.038570e-03 1.646023e-03 0 1 0 1 4.905259e-11 0.000000e+00
232 235 1.038570e-03 2.072220e-03 0 1 0 1 2.386869e-11 0.000000e+00
232 236 1.038570e-03 2.608770e-03 0 1 0 1 1.132320e-11 0.000000e+00
232 237 1.038570e-03 3.284247e-03 0 1 0 1 5.377308e-12 0.000000e+00
232 238 1.038570e-03 4.134622e-03 0 1 0 1 2.626048e-12 0.000000e+00
232 239 1.038570e-03 5.205181e-03 0 1 0 1 1.347495e-12 0.000000e+00
232 240 1.038570e-03 6.552935e-03 0 1 0 1 7.349290e-13 0.000000e+00
232 241 1.038570e-03 8.249656e-03 0 1 0 1 4.257135e-13 0.000000e+00
233 231 1.307482e-03 8.249656e-04 0 1 0 1 5.733963e-11 0.000000e+00
233 232 1.307482e-03 1.038570e-03 0 1 0 1 9.561329e-11 0.000000e+00
233 233 1.307482e-03 1.307482e-03 0 1 0 1 9.225288e-10 0.000000e+00
233 234 1.307482e-03 1.646023e-03 0 1 0 1 8.424821e-11 0.000000e+00
233 235 1.307482e-03 2.072220e-03 0 1 0 1 4.064042e-11 0.000000e+00
233 236 1.307482e-03 2.608770e-03 0 1 0 1 1.891987e-11 0.000000e+00
233 237 1.307482e-03 3.284247e-03 0 1 0 1 8.819933e-12 0.000000e+00
233 238 1.307482e-03 4.134622e-03 0 1 0 1 4.244785e-12 0.000000e+00
233 239 1.307482e-03 5.205181e-03 0 1 0 1 2.157245e-12 0.000000e+00
233 240 1.307482e-03 6.552935e-03 0 1 0 1 1.170018e-12 0.000000e+00
233 241 1.307482e-03 8.249656e-03 0 1 0 1 6.757642e-13 0.000000e+00
234 231 1.646023e-03 8.249656e-04 0 1 0 1 2.934421e-11 0.000000e+00
234 232 1.646023e-03 1.038570e-03 0 1 0 1 4.905259e-11 0.000000e+00
234 233 1.646023e-03 1.307482e-03 0 1 0 1 8.424821e-11 0.000000e+00
234 234 1.646023e-03 1.646023e-03 0 1 0 1 6.198219e-10 0.000000e+00
234 235 1.646023e-03 2.072220e-03 0 1 0 1 7.225567e-11 0.000000e+00
234 236 1.646023e-03 2.608770e-03 0 1 0 1 3.278918e-11 0.000000e+00
234 237 1.646023e-03 3.284247e-03 0 1 0 1 1.481705e-11 0.000000e+00
234 238 1.646023e-03 4.134622e-03 0 1 0 1 6.954608e-12 0.000000e+00
234 239 1.646023e-03 5.205181e-03 0 1 0 1 3.476362e-12 0.000000e+00
234 240 1.646023e-03 6.552935e-03 0 1 0 1 1.867970e-12 0.000000e+00
234 241 1.646023e-03 8.249656e-03 0 1 0 1 1.074111e-12 0.000000e+00
235 231 2.072220e-03 8.249656e-04 0 1 0 1 1.441458e-11 0.000000e+00
235 232 2.072220e-03 1.038570e-03 0 1 0 1 2.386869e-11 0.000000e+00
235 233 2.072220e-03 1.307482e-03 0 1 0 1 4.064042e-11 0.000000e+00
235 234 2.072220e-03 1.646023e-03 0 1 0 1 7.225567e-11 0.000000e+00
235 235 2.072220e-03 2.072220e-03 0 1 0 1 4.221376e-10 0.000000e+00
235 236 2.072220e-03 2.608770e-03 0 1 0 1 6.051950e-11 0.000000e+00
235 237 2.072220e-03 3.284247e-03 0 1 0 1 2.602287e-11 0.000000e+00
235 238 2.072220e-03 4.134622e-03 0 1 0 1 1.168081e-11 0.000000e+00
235 239 2.072220e-03 5.205181e-03 0 1 0 1 5.669498e-12 0.000000e+00
235 240 2.072220e-03 6.552935e-03 0 1 0 1 2.997393e-12 0.000000e+00
235 241 2.072220e-03 8.249656e-03 0 1 0 1 1.710080e-12 0.000000e+00
236 231 2.608770e-03 8.249656e-04 0 1 0 1 6.920066e-12 0.000000e+00
236 232 2.608770e-03 1.038570e-03 0 1 0 1 1.132320e-11 0.000000e+00
236 233 2.608770e-03 1.307482e-03 0 1 0 1 1.891987e-11 0.000000e+00
236 234 2.608770e-03 1.646023e-03 0 1 0 1 3.278918e-11 0.000000e+00
236 235 2.608770e-03 2.072220e-03 0 1 0 1 6.051950e-11 0.000000e+00
236 236 2.608770e-03 2.608770e-03 0 1 0 1 2.915968e-10 0.000000e+00
236 237 2.608770e-03 3.284247e-03 0 1 0 1 4.978574e-11 0.000000e+00
236 238 2.608770e-03 4.134622e-03 0 1 0 1 2.061630e-11 0.000000e+00
236 239 2.608770e-03 5.205181e-03 0 1 0 1 9.461936e-12 0.000000e+00
236 240 2.608770e-03 6.552935e-03 0 1 0 1 4.854593e-12 0.000000e+00
236 241 2.608770e-03 8.249656e-03 0 1 0 1 2.731774e-12 0.000000e+00
237 231 3.284247e-03 8.249656e-04 0 1 0 1 3.323246e-12 0.000000e+00
237 232 3.284247e-03 1.038570e-03 0 1 0 1 5.377308e-12 0.000000e+00
237 233 3.284247e-03 1.307482e-03 0 1 0 1 8.819933e-12 0.000000e+00
237 234 3.284247e-03 1.646023e-03 0 1 0 1 1.481705e-11 0.000000e+00
237 235 3.284247e-03 2.072220e-03 0 1 0 1 2.602287e-11 0.000000e+00
237 236 3.284247e-03 2.608770e-03 0 1 0 1 4.978574e-11 0.000000e+00
237 237 3.284247e-03 3.284247e-03 0 1 0 1 2.044845e-10 0.000000e+00
237 238 3.284247e-03 4.134622e-03 0 1 0 1 4.056140e-11 0.000000e+00
237 239 3.284247e-03 5.205181e-03 0 1 0 1 1.660105e-11 0.000000e+00
237 240 3.284247e-03 6.552935e-03 0 1 0 1 8.012881e-12 0.000000e+00
237 241 3.284247e-03 8.249656e-03 0 1 0 1 4.391444e-12 0.000000e+00
238 231 4.134622e-03 8.249656e-04 0 1 0 1 1.637377e-12 0.000000e+00
238 232 4.134622e-03 1.038570e-03 0 1 0 1 2.626048e-12 0.000000e+00
238 233 4.134622e-03 1.307482e-03 0 1 0 1 4.244785e-12 0.000000e+00
238 234 4.134622e-03 1.646023e-03 0 1 0 1 6.954608e-12 0.000000e+00
238 235 4.134622e-03 2.072220e-03 0 1 0 1 1.168081e-11 0.000000e+00
238 236 4.134622e-03 2.608770e-03 0 1 0 1 2.061630e-11 0.000000e+00
238 237 4.134622e-03 3.284247e-03 0 1 0 1 4.056140e-11 0.000000e+00
238 238 4.134622e-03 4.134622e-03 0 1 0 1 1.458791e-10 0.000000e+00
238 239 4.134622e-03 5.205181e-03 0 1 0 1 3.308769e-11 0.000000e+00
238 240 4.134622e-03 6.552935e-03 0 1 0 1 1.383327e-11 0.000000e+00
238 241 4.134622e-03 8.249656e-03 0 1 0 1 7.155862e-12 0.000000e+00
239 231 5.205181e-03 8.249656e-04 0 1 0 1 8.450651e-13 0.000000e+00
239 232 5.205181e-03 1.038570e-03 0 1 0 1 1.347495e-12 0.000000e+00
239 233 5.205181e-03 1.307482e-03 0 1 0 1 2.157245e-12 0.000000e+00
239 234 5.205181e-03 1.646023e-03 0 1 0 1 3.476362e-12 0.000000e+00
239 235 5.205181e-03 2.072220e-03 0 1 0 1 5.669498e-12 0.000000e+00
239 236 5.205181e-03 2.608770e-03 0 1 0 1 9.461936e-12 0.000000e+00
239 237 5.205181e-03 3.284247e-03 0 1 0 1 1.660105e-11 0.000000e+00
239 238 5.205181e-03 4.134622e-03 0 1 0 1 3.308769e-11 0.000000e+00
239 239 5.205181e-03 5.205181e-03 0 1 0 1 1.060462e-10 0.000000e+00
239 240 5.205181e-03 6.552935e-03 0 1 0 1 2.737339e-11 0.000000e+00
239 241 5.205181e-03 8.249656e-03 0 1 0 1 1.208132e-11 0.000000e+00
240 231 6.552935e-03 8.249656e-04 0 1 0 1 4.625279e-13 0.000000e+00
240 232 6.552935e-03 1.038570e-03 0 1 0 1 7.349290e-13 0.000000e+00
240 233 6.552935e-03 1.307482e-03 0 1 0 1 1.170018e-12 0.000000e+00
240 234 6.552935e-03 1.646023e-03 0 1 0 1 1.867970e-12 0.000000e+00
240 235 6.552935e-03 2.072220e-03 0 1 0 1 2.997393e-12 0.000000e+00
240 236 6.552935e-03 2.608770e-03 0 1 0 1 4.854593e-12 0.000000e+00
240 237 6.552935e-03 3.284247e-03 0 1 0 1 8.012881e-12 0.000000e+00
240 238 6.552935e-03 4.134622e-03 0 1 0 1 1.383327e-11 0.000000e+00
240 239 6.552935e-03 5.205181e-03 0 1 0 1 2.737339e-11 0.000000e+00
240 240 6.552935e-03 6.552935e-03 0 1 0 1 7.883428e-11 0.000000e+00
240 241 6.552935e-03 8.249656e-03 0 1 0 1 2.326093e-11 0.000000e+00
241 231 8.249656e-03 8.249656e-04 0 1 0 1 2.682716e-13 0.000000e+00
241 232 8.249656e-03 1.038570e-03 0 1 0 1 4.257135e-13 0.000000e+00
241 233 8.249656e-03 1.307482e-03 0 1 0 1 6.757642e-13 0.000000e+00
241 234 8.249656e-03 1.646023e-03 0 1 0 1 1.074111e-12 0.000000e+00
241 235 8.249656e-03 2.072220e-03 0 1 0 1 1.710080e-12 0.000000e+00
241 236 8.249656e-03 2.608770e-03 0 1 0 1 2.731774e-12 0.000000e+00
241 237 8.249656e-03 3.284247e-03 0 1 0 1 4.391444e-12 0.000000e+00
241 238 8.249656e-03 4.134622e-03 0 1 0 1 7.155862e-12 0.000000e+00
241 239 8.249656e-03 5.205181e-03 0 1 0 1 1.208132e-11 0.000000e+00
241 240 8.249656e-03 6.552935e-03 0 1 0 1 2.326093e-11 0.000000e+00
241 241 8.249656e-03 8.249656e-03 0 1 0 1 6.026278e-11 0.000000e+00
