# Please cite the following papers in research using this covariance:
# arXiv: 1601.05779, https://arxiv.org/abs/1601.05779
# arXiv: 1911.11947, https://arxiv.org/abs/1911.11947
# arXiv: 2004.04833, https://arxiv.org/abs/2004.04833
# arXiv: 1804.10663, https://arxiv.org/abs/1804.10663
########################################################
242 440 8.249656e-04 8.249656e-04 0 2 5 0 8.109600e-14 0.000000e+00
242 441 8.249656e-04 1.038570e-03 0 2 5 0 8.439579e-14 0.000000e+00
242 442 8.249656e-04 1.307482e-03 0 2 5 0 7.500358e-14 0.000000e+00
242 443 8.249656e-04 1.646023e-03 0 2 5 0 6.001290e-14 0.000000e+00
242 444 8.249656e-04 2.072220e-03 0 2 5 0 4.456789e-14 0.000000e+00
242 445 8.249656e-04 2.608770e-03 0 2 5 0 3.138418e-14 0.000000e+00
242 446 8.249656e-04 3.284247e-03 0 2 5 0 2.137731e-14 0.000000e+00
242 447 8.249656e-04 4.134622e-03 0 2 5 0 1.437500e-14 0.000000e+00
242 448 8.249656e-04 5.205181e-03 0 2 5 0 9.728610e-15 0.000000e+00
242 449 8.249656e-04 6.552935e-03 0 2 5 0 6.726313e-15 0.000000e+00
242 450 8.249656e-04 8.249656e-03 0 2 5 0 4.785398e-15 0.000000e+00
243 440 1.038570e-03 8.249656e-04 0 2 5 0 8.439579e-14 0.000000e+00
243 441 1.038570e-03 1.038570e-03 0 2 5 0 1.048514e-13 0.000000e+00
243 442 1.038570e-03 1.307482e-03 0 2 5 0 1.059053e-13 0.000000e+00
243 443 1.038570e-03 1.646023e-03 0 2 5 0 9.009966e-14 0.000000e+00
243 444 1.038570e-03 2.072220e-03 0 2 5 0 6.891108e-14 0.000000e+00
243 445 1.038570e-03 2.608770e-03 0 2 5 0 4.921449e-14 0.000000e+00
243 446 1.038570e-03 3.284247e-03 0 2 5 0 3.373440e-14 0.000000e+00
243 447 1.038570e-03 4.134622e-03 0 2 5 0 2.274038e-14 0.000000e+00
243 448 1.038570e-03 5.205181e-03 0 2 5 0 1.540231e-14 0.000000e+00
243 449 1.038570e-03 6.552935e-03 0 2 5 0 1.065137e-14 0.000000e+00
243 450 1.038570e-03 8.249656e-03 0 2 5 0 7.578708e-15 0.000000e+00
244 440 1.307482e-03 8.249656e-04 0 2 5 0 7.500358e-14 0.000000e+00
244 441 1.307482e-03 1.038570e-03 0 2 5 0 1.059053e-13 0.000000e+00
244 442 1.307482e-03 1.307482e-03 0 2 5 0 1.307692e-13 0.000000e+00
244 443 1.307482e-03 1.646023e-03 0 2 5 0 1.280595e-13 0.000000e+00
244 444 1.307482e-03 2.072220e-03 0 2 5 0 1.042465e-13 0.000000e+00
244 445 1.307482e-03 2.608770e-03 0 2 5 0 7.651630e-14 0.000000e+00
244 446 1.307482e-03 3.284247e-03 0 2 5 0 5.306328e-14 0.000000e+00
244 447 1.307482e-03 4.134622e-03 0 2 5 0 3.592852e-14 0.000000e+00
244 448 1.307482e-03 5.205181e-03 0 2 5 0 2.436881e-14 0.000000e+00
244 449 1.307482e-03 6.552935e-03 0 2 5 0 1.685836e-14 0.000000e+00
244 450 1.307482e-03 8.249656e-03 0 2 5 0 1.199731e-14 0.000000e+00
245 440 1.646023e-03 8.249656e-04 0 2 5 0 6.001290e-14 0.000000e+00
245 441 1.646023e-03 1.038570e-03 0 2 5 0 9.009966e-14 0.000000e+00
245 442 1.646023e-03 1.307482e-03 0 2 5 0 1.280595e-13 0.000000e+00
245 443 1.646023e-03 1.646023e-03 0 2 5 0 1.575909e-13 0.000000e+00
245 444 1.646023e-03 2.072220e-03 0 2 5 0 1.496161e-13 0.000000e+00
245 445 1.646023e-03 2.608770e-03 0 2 5 0 1.167758e-13 0.000000e+00
245 446 1.646023e-03 3.284247e-03 0 2 5 0 8.293045e-14 0.000000e+00
245 447 1.646023e-03 4.134622e-03 0 2 5 0 5.663354e-14 0.000000e+00
245 448 1.646023e-03 5.205181e-03 0 2 5 0 3.851247e-14 0.000000e+00
245 449 1.646023e-03 6.552935e-03 0 2 5 0 2.666087e-14 0.000000e+00
245 450 1.646023e-03 8.249656e-03 0 2 5 0 1.897892e-14 0.000000e+00
246 440 2.072220e-03 8.249656e-04 0 2 5 0 4.456789e-14 0.000000e+00
246 441 2.072220e-03 1.038570e-03 0 2 5 0 6.891108e-14 0.000000e+00
246 442 2.072220e-03 1.307482e-03 0 2 5 0 1.042465e-13 0.000000e+00
246 443 2.072220e-03 1.646023e-03 0 2 5 0 1.496161e-13 0.000000e+00
246 444 2.072220e-03 2.072220e-03 0 2 5 0 1.841382e-13 0.000000e+00
246 445 2.072220e-03 2.608770e-03 0 2 5 0 1.697158e-13 0.000000e+00
246 446 2.072220e-03 3.284247e-03 0 2 5 0 1.276952e-13 0.000000e+00
246 447 2.072220e-03 4.134622e-03 0 2 5 0 8.885117e-14 0.000000e+00
246 448 2.072220e-03 5.205181e-03 0 2 5 0 6.074687e-14 0.000000e+00
246 449 2.072220e-03 6.552935e-03 0 2 5 0 4.210822e-14 0.000000e+00
246 450 2.072220e-03 8.249656e-03 0 2 5 0 2.999031e-14 0.000000e+00
247 440 2.608770e-03 8.249656e-04 0 2 5 0 3.138418e-14 0.000000e+00
247 441 2.608770e-03 1.038570e-03 0 2 5 0 4.921449e-14 0.000000e+00
247 442 2.608770e-03 1.307482e-03 0 2 5 0 7.651630e-14 0.000000e+00
247 443 2.608770e-03 1.646023e-03 0 2 5 0 1.167758e-13 0.000000e+00
247 444 2.608770e-03 2.072220e-03 0 2 5 0 1.697158e-13 0.000000e+00
247 445 2.608770e-03 2.608770e-03 0 2 5 0 2.097124e-13 0.000000e+00
247 446 2.608770e-03 3.284247e-03 0 2 5 0 1.882401e-13 0.000000e+00
247 447 2.608770e-03 4.134622e-03 0 2 5 0 1.378235e-13 0.000000e+00
247 448 2.608770e-03 5.205181e-03 0 2 5 0 9.546022e-14 0.000000e+00
247 449 2.608770e-03 6.552935e-03 0 2 5 0 6.636283e-14 0.000000e+00
247 450 2.608770e-03 8.249656e-03 0 2 5 0 4.730718e-14 0.000000e+00
248 440 3.284247e-03 8.249656e-04 0 2 5 0 2.137731e-14 0.000000e+00
248 441 3.284247e-03 1.038570e-03 0 2 5 0 3.373440e-14 0.000000e+00
248 442 3.284247e-03 1.307482e-03 0 2 5 0 5.306328e-14 0.000000e+00
248 443 3.284247e-03 1.646023e-03 0 2 5 0 8.293045e-14 0.000000e+00
248 444 3.284247e-03 2.072220e-03 0 2 5 0 1.276952e-13 0.000000e+00
248 445 3.284247e-03 2.608770e-03 0 2 5 0 1.882401e-13 0.000000e+00
248 446 3.284247e-03 3.284247e-03 0 2 5 0 2.344030e-13 0.000000e+00
248 447 3.284247e-03 4.134622e-03 0 2 5 0 2.060000e-13 0.000000e+00
248 448 3.284247e-03 5.205181e-03 0 2 5 0 1.487073e-13 0.000000e+00
248 449 3.284247e-03 6.552935e-03 0 2 5 0 1.041975e-13 0.000000e+00
248 450 3.284247e-03 8.249656e-03 0 2 5 0 7.441270e-14 0.000000e+00
249 440 4.134622e-03 8.249656e-04 0 2 5 0 1.437500e-14 0.000000e+00
249 441 4.134622e-03 1.038570e-03 0 2 5 0 2.274038e-14 0.000000e+00
249 442 4.134622e-03 1.307482e-03 0 2 5 0 3.592852e-14 0.000000e+00
249 443 4.134622e-03 1.646023e-03 0 2 5 0 5.663354e-14 0.000000e+00
249 444 4.134622e-03 2.072220e-03 0 2 5 0 8.885117e-14 0.000000e+00
249 445 4.134622e-03 2.608770e-03 0 2 5 0 1.378235e-13 0.000000e+00
249 446 4.134622e-03 3.284247e-03 0 2 5 0 2.060000e-13 0.000000e+00
249 447 4.134622e-03 4.134622e-03 0 2 5 0 2.592259e-13 0.000000e+00
249 448 4.134622e-03 5.205181e-03 0 2 5 0 2.247115e-13 0.000000e+00
249 449 4.134622e-03 6.552935e-03 0 2 5 0 1.623629e-13 0.000000e+00
249 450 4.134622e-03 8.249656e-03 0 2 5 0 1.165089e-13 0.000000e+00
250 440 5.205181e-03 8.249656e-04 0 2 5 0 9.728610e-15 0.000000e+00
250 441 5.205181e-03 1.038570e-03 0 2 5 0 1.540231e-14 0.000000e+00
250 442 5.205181e-03 1.307482e-03 0 2 5 0 2.436881e-14 0.000000e+00
250 443 5.205181e-03 1.646023e-03 0 2 5 0 3.851247e-14 0.000000e+00
250 444 5.205181e-03 2.072220e-03 0 2 5 0 6.074687e-14 0.000000e+00
250 445 5.205181e-03 2.608770e-03 0 2 5 0 9.546022e-14 0.000000e+00
250 446 5.205181e-03 3.284247e-03 0 2 5 0 1.487073e-13 0.000000e+00
250 447 5.205181e-03 4.134622e-03 0 2 5 0 2.247115e-13 0.000000e+00
250 448 5.205181e-03 5.205181e-03 0 2 5 0 2.860680e-13 0.000000e+00
250 449 5.205181e-03 6.552935e-03 0 2 5 0 2.467791e-13 0.000000e+00
250 450 5.205181e-03 8.249656e-03 0 2 5 0 1.809344e-13 0.000000e+00
251 440 6.552935e-03 8.249656e-04 0 2 5 0 6.726313e-15 0.000000e+00
251 441 6.552935e-03 1.038570e-03 0 2 5 0 1.065137e-14 0.000000e+00
251 442 6.552935e-03 1.307482e-03 0 2 5 0 1.685836e-14 0.000000e+00
251 443 6.552935e-03 1.646023e-03 0 2 5 0 2.666087e-14 0.000000e+00
251 444 6.552935e-03 2.072220e-03 0 2 5 0 4.210822e-14 0.000000e+00
251 445 6.552935e-03 2.608770e-03 0 2 5 0 6.636283e-14 0.000000e+00
251 446 6.552935e-03 3.284247e-03 0 2 5 0 1.041975e-13 0.000000e+00
251 447 6.552935e-03 4.134622e-03 0 2 5 0 1.623629e-13 0.000000e+00
251 448 6.552935e-03 5.205181e-03 0 2 5 0 2.467791e-13 0.000000e+00
251 449 6.552935e-03 6.552935e-03 0 2 5 0 3.174731e-13 0.000000e+00
251 450 6.552935e-03 8.249656e-03 0 2 5 0 2.749408e-13 0.000000e+00
252 440 8.249656e-03 8.249656e-04 0 2 5 0 4.785398e-15 0.000000e+00
252 441 8.249656e-03 1.038570e-03 0 2 5 0 7.578708e-15 0.000000e+00
252 442 8.249656e-03 1.307482e-03 0 2 5 0 1.199731e-14 0.000000e+00
252 443 8.249656e-03 1.646023e-03 0 2 5 0 1.897892e-14 0.000000e+00
252 444 8.249656e-03 2.072220e-03 0 2 5 0 2.999031e-14 0.000000e+00
252 445 8.249656e-03 2.608770e-03 0 2 5 0 4.730718e-14 0.000000e+00
252 446 8.249656e-03 3.284247e-03 0 2 5 0 7.441270e-14 0.000000e+00
252 447 8.249656e-03 4.134622e-03 0 2 5 0 1.165089e-13 0.000000e+00
252 448 8.249656e-03 5.205181e-03 0 2 5 0 1.809344e-13 0.000000e+00
252 449 8.249656e-03 6.552935e-03 0 2 5 0 2.749408e-13 0.000000e+00
252 450 8.249656e-03 8.249656e-03 0 2 5 0 3.562902e-13 0.000000e+00
