# Please cite the following papers in research using this covariance:
# arXiv: 1601.05779, https://arxiv.org/abs/1601.05779
# arXiv: 1911.11947, https://arxiv.org/abs/1911.11947
# arXiv: 2004.04833, https://arxiv.org/abs/2004.04833
# arXiv: 1804.10663, https://arxiv.org/abs/1804.10663
########################################################
264 352 8.249656e-04 8.249656e-04 1 0 3 0 4.991116e-12 0.000000e+00
264 353 8.249656e-04 1.038570e-03 1 0 3 0 3.276405e-12 0.000000e+00
264 354 8.249656e-04 1.307482e-03 1 0 3 0 1.613557e-12 0.000000e+00
264 355 8.249656e-04 1.646023e-03 1 0 3 0 7.652350e-13 0.000000e+00
264 356 8.249656e-04 2.072220e-03 1 0 3 0 3.607204e-13 0.000000e+00
264 357 8.249656e-04 2.608770e-03 1 0 3 0 1.731485e-13 0.000000e+00
264 358 8.249656e-04 3.284247e-03 1 0 3 0 8.634517e-14 0.000000e+00
264 359 8.249656e-04 4.134622e-03 1 0 3 0 4.535581e-14 0.000000e+00
264 360 8.249656e-04 5.205181e-03 1 0 3 0 2.516923e-14 0.000000e+00
264 361 8.249656e-04 6.552935e-03 1 0 3 0 1.464978e-14 0.000000e+00
264 362 8.249656e-04 8.249656e-03 1 0 3 0 8.807893e-15 0.000000e+00
265 352 1.038570e-03 8.249656e-04 1 0 3 0 3.276405e-12 0.000000e+00
265 353 1.038570e-03 1.038570e-03 1 0 3 0 4.531742e-12 0.000000e+00
265 354 1.038570e-03 1.307482e-03 1 0 3 0 2.836616e-12 0.000000e+00
265 355 1.038570e-03 1.646023e-03 1 0 3 0 1.316556e-12 0.000000e+00
265 356 1.038570e-03 2.072220e-03 1 0 3 0 6.040323e-13 0.000000e+00
265 357 1.038570e-03 2.608770e-03 1 0 3 0 2.836337e-13 0.000000e+00
265 358 1.038570e-03 3.284247e-03 1 0 3 0 1.393233e-13 0.000000e+00
265 359 1.038570e-03 4.134622e-03 1 0 3 0 7.250364e-14 0.000000e+00
265 360 1.038570e-03 5.205181e-03 1 0 3 0 4.003966e-14 0.000000e+00
265 361 1.038570e-03 6.552935e-03 1 0 3 0 2.324757e-14 0.000000e+00
265 362 1.038570e-03 8.249656e-03 1 0 3 0 1.397036e-14 0.000000e+00
266 352 1.307482e-03 8.249656e-04 1 0 3 0 1.613557e-12 0.000000e+00
266 353 1.307482e-03 1.038570e-03 1 0 3 0 2.836616e-12 0.000000e+00
266 354 1.307482e-03 1.307482e-03 1 0 3 0 4.028523e-12 0.000000e+00
266 355 1.307482e-03 1.646023e-03 1 0 3 0 2.397526e-12 0.000000e+00
266 356 1.307482e-03 2.072220e-03 1 0 3 0 1.053751e-12 0.000000e+00
266 357 1.307482e-03 2.608770e-03 1 0 3 0 4.758988e-13 0.000000e+00
266 358 1.307482e-03 3.284247e-03 1 0 3 0 2.276303e-13 0.000000e+00
266 359 1.307482e-03 4.134622e-03 1 0 3 0 1.165976e-13 0.000000e+00
266 360 1.307482e-03 5.205181e-03 1 0 3 0 6.386120e-14 0.000000e+00
266 361 1.307482e-03 6.552935e-03 1 0 3 0 3.693469e-14 0.000000e+00
266 362 1.307482e-03 8.249656e-03 1 0 3 0 2.215692e-14 0.000000e+00
267 352 1.646023e-03 8.249656e-04 1 0 3 0 7.652350e-13 0.000000e+00
267 353 1.646023e-03 1.038570e-03 1 0 3 0 1.316556e-12 0.000000e+00
267 354 1.646023e-03 1.307482e-03 1 0 3 0 2.397526e-12 0.000000e+00
267 355 1.646023e-03 1.646023e-03 1 0 3 0 3.514556e-12 0.000000e+00
267 356 1.646023e-03 2.072220e-03 1 0 3 0 1.987066e-12 0.000000e+00
267 357 1.646023e-03 2.608770e-03 1 0 3 0 8.367554e-13 0.000000e+00
267 358 1.646023e-03 3.284247e-03 1 0 3 0 3.807522e-13 0.000000e+00
267 359 1.646023e-03 4.134622e-03 1 0 3 0 1.895103e-13 0.000000e+00
267 360 1.646023e-03 5.205181e-03 1 0 3 0 1.022848e-13 0.000000e+00
267 361 1.646023e-03 6.552935e-03 1 0 3 0 5.877082e-14 0.000000e+00
267 362 1.646023e-03 8.249656e-03 1 0 3 0 3.516988e-14 0.000000e+00
268 352 2.072220e-03 8.249656e-04 1 0 3 0 3.607204e-13 0.000000e+00
268 353 2.072220e-03 1.038570e-03 1 0 3 0 6.040323e-13 0.000000e+00
268 354 2.072220e-03 1.307482e-03 1 0 3 0 1.053751e-12 0.000000e+00
268 355 2.072220e-03 1.646023e-03 1 0 3 0 1.987066e-12 0.000000e+00
268 356 2.072220e-03 2.072220e-03 1 0 3 0 3.018452e-12 0.000000e+00
268 357 2.072220e-03 2.608770e-03 1 0 3 0 1.625621e-12 0.000000e+00
268 358 2.072220e-03 3.284247e-03 1 0 3 0 6.689417e-13 0.000000e+00
268 359 2.072220e-03 4.134622e-03 1 0 3 0 3.144972e-13 0.000000e+00
268 360 2.072220e-03 5.205181e-03 1 0 3 0 1.651539e-13 0.000000e+00
268 361 2.072220e-03 6.552935e-03 1 0 3 0 9.378482e-14 0.000000e+00
268 362 2.072220e-03 8.249656e-03 1 0 3 0 5.586625e-14 0.000000e+00
269 352 2.608770e-03 8.249656e-04 1 0 3 0 1.731485e-13 0.000000e+00
269 353 2.608770e-03 1.038570e-03 1 0 3 0 2.836337e-13 0.000000e+00
269 354 2.608770e-03 1.307482e-03 1 0 3 0 4.758988e-13 0.000000e+00
269 355 2.608770e-03 1.646023e-03 1 0 3 0 8.367554e-13 0.000000e+00
269 356 2.608770e-03 2.072220e-03 1 0 3 0 1.625621e-12 0.000000e+00
269 357 2.608770e-03 2.608770e-03 1 0 3 0 2.562529e-12 0.000000e+00
269 358 2.608770e-03 3.284247e-03 1 0 3 0 1.324368e-12 0.000000e+00
269 359 2.608770e-03 4.134622e-03 1 0 3 0 5.469558e-13 0.000000e+00
269 360 2.608770e-03 5.205181e-03 1 0 3 0 2.711138e-13 0.000000e+00
269 361 2.608770e-03 6.552935e-03 1 0 3 0 1.504718e-13 0.000000e+00
269 362 2.608770e-03 8.249656e-03 1 0 3 0 8.890017e-14 0.000000e+00
270 352 3.284247e-03 8.249656e-04 1 0 3 0 8.634517e-14 0.000000e+00
270 353 3.284247e-03 1.038570e-03 1 0 3 0 1.393233e-13 0.000000e+00
270 354 3.284247e-03 1.307482e-03 1 0 3 0 2.276303e-13 0.000000e+00
270 355 3.284247e-03 1.646023e-03 1 0 3 0 3.807522e-13 0.000000e+00
270 356 3.284247e-03 2.072220e-03 1 0 3 0 6.689417e-13 0.000000e+00
270 357 3.284247e-03 2.608770e-03 1 0 3 0 1.324368e-12 0.000000e+00
270 358 3.284247e-03 3.284247e-03 1 0 3 0 2.161172e-12 0.000000e+00
270 359 3.284247e-03 4.134622e-03 1 0 3 0 1.085819e-12 0.000000e+00
270 360 3.284247e-03 5.205181e-03 1 0 3 0 4.633491e-13 0.000000e+00
270 361 3.284247e-03 6.552935e-03 1 0 3 0 2.442768e-13 0.000000e+00
270 362 3.284247e-03 8.249656e-03 1 0 3 0 1.419387e-13 0.000000e+00
271 352 4.134622e-03 8.249656e-04 1 0 3 0 4.535581e-14 0.000000e+00
271 353 4.134622e-03 1.038570e-03 1 0 3 0 7.250364e-14 0.000000e+00
271 354 4.134622e-03 1.307482e-03 1 0 3 0 1.165976e-13 0.000000e+00
271 355 4.134622e-03 1.646023e-03 1 0 3 0 1.895103e-13 0.000000e+00
271 356 4.134622e-03 2.072220e-03 1 0 3 0 3.144972e-13 0.000000e+00
271 357 4.134622e-03 2.608770e-03 1 0 3 0 5.469558e-13 0.000000e+00
271 358 4.134622e-03 3.284247e-03 1 0 3 0 1.085819e-12 0.000000e+00
271 359 4.134622e-03 4.134622e-03 1 0 3 0 1.821109e-12 0.000000e+00
271 360 4.134622e-03 5.205181e-03 1 0 3 0 9.057170e-13 0.000000e+00
271 361 4.134622e-03 6.552935e-03 1 0 3 0 4.090720e-13 0.000000e+00
271 362 4.134622e-03 8.249656e-03 1 0 3 0 2.283295e-13 0.000000e+00
272 352 5.205181e-03 8.249656e-04 1 0 3 0 2.516923e-14 0.000000e+00
272 353 5.205181e-03 1.038570e-03 1 0 3 0 4.003966e-14 0.000000e+00
272 354 5.205181e-03 1.307482e-03 1 0 3 0 6.386120e-14 0.000000e+00
272 355 5.205181e-03 1.646023e-03 1 0 3 0 1.022848e-13 0.000000e+00
272 356 5.205181e-03 2.072220e-03 1 0 3 0 1.651539e-13 0.000000e+00
272 357 5.205181e-03 2.608770e-03 1 0 3 0 2.711138e-13 0.000000e+00
272 358 5.205181e-03 3.284247e-03 1 0 3 0 4.633491e-13 0.000000e+00
272 359 5.205181e-03 4.134622e-03 1 0 3 0 9.057170e-13 0.000000e+00
272 360 5.205181e-03 5.205181e-03 1 0 3 0 1.542614e-12 0.000000e+00
272 361 5.205181e-03 6.552935e-03 1 0 3 0 7.754991e-13 0.000000e+00
272 362 5.205181e-03 8.249656e-03 1 0 3 0 3.753086e-13 0.000000e+00
273 352 6.552935e-03 8.249656e-04 1 0 3 0 1.464978e-14 0.000000e+00
273 353 6.552935e-03 1.038570e-03 1 0 3 0 2.324757e-14 0.000000e+00
273 354 6.552935e-03 1.307482e-03 1 0 3 0 3.693469e-14 0.000000e+00
273 355 6.552935e-03 1.646023e-03 1 0 3 0 5.877082e-14 0.000000e+00
273 356 6.552935e-03 2.072220e-03 1 0 3 0 9.378482e-14 0.000000e+00
273 357 6.552935e-03 2.608770e-03 1 0 3 0 1.504718e-13 0.000000e+00
273 358 6.552935e-03 3.284247e-03 1 0 3 0 2.442768e-13 0.000000e+00
273 359 6.552935e-03 4.134622e-03 1 0 3 0 4.090720e-13 0.000000e+00
273 360 6.552935e-03 5.205181e-03 1 0 3 0 7.754991e-13 0.000000e+00
273 361 6.552935e-03 6.552935e-03 1 0 3 0 1.321192e-12 0.000000e+00
273 362 6.552935e-03 8.249656e-03 1 0 3 0 6.846688e-13 0.000000e+00
274 352 8.249656e-03 8.249656e-04 1 0 3 0 8.807893e-15 0.000000e+00
274 353 8.249656e-03 1.038570e-03 1 0 3 0 1.397036e-14 0.000000e+00
274 354 8.249656e-03 1.307482e-03 1 0 3 0 2.215692e-14 0.000000e+00
274 355 8.249656e-03 1.646023e-03 1 0 3 0 3.516988e-14 0.000000e+00
274 356 8.249656e-03 2.072220e-03 1 0 3 0 5.586625e-14 0.000000e+00
274 357 8.249656e-03 2.608770e-03 1 0 3 0 8.890017e-14 0.000000e+00
274 358 8.249656e-03 3.284247e-03 1 0 3 0 1.419387e-13 0.000000e+00
274 359 8.249656e-03 4.134622e-03 1 0 3 0 2.283295e-13 0.000000e+00
274 360 8.249656e-03 5.205181e-03 1 0 3 0 3.753086e-13 0.000000e+00
274 361 8.249656e-03 6.552935e-03 1 0 3 0 6.846688e-13 0.000000e+00
274 362 8.249656e-03 8.249656e-03 1 0 3 0 1.149311e-12 0.000000e+00
