# Please cite the following papers in research using this covariance:
# arXiv: 1601.05779, https://arxiv.org/abs/1601.05779
# arXiv: 1911.11947, https://arxiv.org/abs/1911.11947
# arXiv: 2004.04833, https://arxiv.org/abs/2004.04833
# arXiv: 1804.10663, https://arxiv.org/abs/1804.10663
########################################################
363 462 8.249656e-04 8.249656e-04 3 1 5 2 1.029042e-13 0.000000e+00
363 463 8.249656e-04 1.038570e-03 3 1 5 2 1.017194e-13 0.000000e+00
363 464 8.249656e-04 1.307482e-03 3 1 5 2 8.466000e-14 0.000000e+00
363 465 8.249656e-04 1.646023e-03 3 1 5 2 6.482024e-14 0.000000e+00
363 466 8.249656e-04 2.072220e-03 3 1 5 2 4.783065e-14 0.000000e+00
363 467 8.249656e-04 2.608770e-03 3 1 5 2 3.490705e-14 0.000000e+00
363 468 8.249656e-04 3.284247e-03 3 1 5 2 2.556274e-14 0.000000e+00
363 469 8.249656e-04 4.134622e-03 3 1 5 2 1.889550e-14 0.000000e+00
363 470 8.249656e-04 5.205181e-03 3 1 5 2 1.409389e-14 0.000000e+00
363 471 8.249656e-04 6.552935e-03 3 1 5 2 1.056571e-14 0.000000e+00
363 472 8.249656e-04 8.249656e-03 3 1 5 2 7.915884e-15 0.000000e+00
364 462 1.038570e-03 8.249656e-04 3 1 5 2 1.017194e-13 0.000000e+00
364 463 1.038570e-03 1.038570e-03 3 1 5 2 1.260681e-13 0.000000e+00
364 464 1.038570e-03 1.307482e-03 3 1 5 2 1.217667e-13 0.000000e+00
364 465 1.038570e-03 1.646023e-03 3 1 5 2 9.862660e-14 0.000000e+00
364 466 1.038570e-03 2.072220e-03 3 1 5 2 7.435471e-14 0.000000e+00
364 467 1.038570e-03 2.608770e-03 3 1 5 2 5.474309e-14 0.000000e+00
364 468 1.038570e-03 3.284247e-03 3 1 5 2 4.024932e-14 0.000000e+00
364 469 1.038570e-03 4.134622e-03 3 1 5 2 2.981652e-14 0.000000e+00
364 470 1.038570e-03 5.205181e-03 3 1 5 2 2.227114e-14 0.000000e+00
364 471 1.038570e-03 6.552935e-03 3 1 5 2 1.671236e-14 0.000000e+00
364 472 1.038570e-03 8.249656e-03 3 1 5 2 1.252967e-14 0.000000e+00
365 462 1.307482e-03 8.249656e-04 3 1 5 2 8.466000e-14 0.000000e+00
365 463 1.307482e-03 1.038570e-03 3 1 5 2 1.217667e-13 0.000000e+00
365 464 1.307482e-03 1.307482e-03 3 1 5 2 1.512007e-13 0.000000e+00
365 465 1.307482e-03 1.646023e-03 3 1 5 2 1.431621e-13 0.000000e+00
365 466 1.307482e-03 2.072220e-03 3 1 5 2 1.136665e-13 0.000000e+00
365 467 1.307482e-03 2.608770e-03 3 1 5 2 8.520776e-14 0.000000e+00
365 468 1.307482e-03 3.284247e-03 3 1 5 2 6.310844e-14 0.000000e+00
365 469 1.307482e-03 4.134622e-03 3 1 5 2 4.692375e-14 0.000000e+00
365 470 1.307482e-03 5.205181e-03 3 1 5 2 3.513020e-14 0.000000e+00
365 471 1.307482e-03 6.552935e-03 3 1 5 2 2.640373e-14 0.000000e+00
365 472 1.307482e-03 8.249656e-03 3 1 5 2 1.981751e-14 0.000000e+00
366 462 1.646023e-03 8.249656e-04 3 1 5 2 6.482024e-14 0.000000e+00
366 463 1.646023e-03 1.038570e-03 3 1 5 2 9.862660e-14 0.000000e+00
366 464 1.646023e-03 1.307482e-03 3 1 5 2 1.431621e-13 0.000000e+00
366 465 1.646023e-03 1.646023e-03 3 1 5 2 1.785399e-13 0.000000e+00
366 466 1.646023e-03 2.072220e-03 3 1 5 2 1.664293e-13 0.000000e+00
366 467 1.646023e-03 2.608770e-03 3 1 5 2 1.306372e-13 0.000000e+00
366 468 1.646023e-03 3.284247e-03 3 1 5 2 9.822429e-14 0.000000e+00
366 469 1.646023e-03 4.134622e-03 3 1 5 2 7.351889e-14 0.000000e+00
366 470 1.646023e-03 5.205181e-03 3 1 5 2 5.525360e-14 0.000000e+00
366 471 1.646023e-03 6.552935e-03 3 1 5 2 4.163582e-14 0.000000e+00
366 472 1.646023e-03 8.249656e-03 3 1 5 2 3.130589e-14 0.000000e+00
367 462 2.072220e-03 8.249656e-04 3 1 5 2 4.783065e-14 0.000000e+00
367 463 2.072220e-03 1.038570e-03 3 1 5 2 7.435471e-14 0.000000e+00
367 464 2.072220e-03 1.307482e-03 3 1 5 2 1.136665e-13 0.000000e+00
367 465 2.072220e-03 1.646023e-03 3 1 5 2 1.664293e-13 0.000000e+00
367 466 2.072220e-03 2.072220e-03 3 1 5 2 2.088065e-13 0.000000e+00
367 467 2.072220e-03 2.608770e-03 3 1 5 2 1.925937e-13 0.000000e+00
367 468 2.072220e-03 3.284247e-03 3 1 5 2 1.507159e-13 0.000000e+00
367 469 2.072220e-03 4.134622e-03 3 1 5 2 1.143105e-13 0.000000e+00
367 470 2.072220e-03 5.205181e-03 3 1 5 2 8.648875e-14 0.000000e+00
367 471 2.072220e-03 6.552935e-03 3 1 5 2 6.545240e-14 0.000000e+00
367 472 2.072220e-03 8.249656e-03 3 1 5 2 4.935655e-14 0.000000e+00
368 462 2.608770e-03 8.249656e-04 3 1 5 2 3.490705e-14 0.000000e+00
368 463 2.608770e-03 1.038570e-03 3 1 5 2 5.474309e-14 0.000000e+00
368 464 2.608770e-03 1.307482e-03 3 1 5 2 8.520776e-14 0.000000e+00
368 465 2.608770e-03 1.646023e-03 3 1 5 2 1.306372e-13 0.000000e+00
368 466 2.608770e-03 2.072220e-03 3 1 5 2 1.925937e-13 0.000000e+00
368 467 2.608770e-03 2.608770e-03 3 1 5 2 2.432194e-13 0.000000e+00
368 468 2.608770e-03 3.284247e-03 3 1 5 2 2.231052e-13 0.000000e+00
368 469 2.608770e-03 4.134622e-03 3 1 5 2 1.752225e-13 0.000000e+00
368 470 2.608770e-03 5.205181e-03 3 1 5 2 1.342797e-13 0.000000e+00
368 471 2.608770e-03 6.552935e-03 3 1 5 2 1.023666e-13 0.000000e+00
368 472 2.608770e-03 8.249656e-03 3 1 5 2 7.756413e-14 0.000000e+00
369 462 3.284247e-03 8.249656e-04 3 1 5 2 2.556274e-14 0.000000e+00
369 463 3.284247e-03 1.038570e-03 3 1 5 2 4.024932e-14 0.000000e+00
369 464 3.284247e-03 1.307482e-03 3 1 5 2 6.310844e-14 0.000000e+00
369 465 3.284247e-03 1.646023e-03 3 1 5 2 9.822429e-14 0.000000e+00
369 466 3.284247e-03 2.072220e-03 3 1 5 2 1.507159e-13 0.000000e+00
369 467 3.284247e-03 2.608770e-03 3 1 5 2 2.231052e-13 0.000000e+00
369 468 3.284247e-03 3.284247e-03 3 1 5 2 2.834029e-13 0.000000e+00
369 469 3.284247e-03 4.134622e-03 3 1 5 2 2.596599e-13 0.000000e+00
369 470 3.284247e-03 5.205181e-03 3 1 5 2 2.054035e-13 0.000000e+00
369 471 3.284247e-03 6.552935e-03 3 1 5 2 1.587065e-13 0.000000e+00
369 472 3.284247e-03 8.249656e-03 3 1 5 2 1.212396e-13 0.000000e+00
370 462 4.134622e-03 8.249656e-04 3 1 5 2 1.889550e-14 0.000000e+00
370 463 4.134622e-03 1.038570e-03 3 1 5 2 2.981652e-14 0.000000e+00
370 464 4.134622e-03 1.307482e-03 3 1 5 2 4.692375e-14 0.000000e+00
370 465 4.134622e-03 1.646023e-03 3 1 5 2 7.351889e-14 0.000000e+00
370 466 4.134622e-03 2.072220e-03 3 1 5 2 1.143105e-13 0.000000e+00
370 467 4.134622e-03 2.608770e-03 3 1 5 2 1.752225e-13 0.000000e+00
370 468 4.134622e-03 3.284247e-03 3 1 5 2 2.596599e-13 0.000000e+00
370 469 4.134622e-03 4.134622e-03 3 1 5 2 3.312052e-13 0.000000e+00
370 470 4.134622e-03 5.205181e-03 3 1 5 2 3.039519e-13 0.000000e+00
370 471 4.134622e-03 6.552935e-03 3 1 5 2 2.421999e-13 0.000000e+00
370 472 4.134622e-03 8.249656e-03 3 1 5 2 1.877703e-13 0.000000e+00
371 462 5.205181e-03 8.249656e-04 3 1 5 2 1.409389e-14 0.000000e+00
371 463 5.205181e-03 1.038570e-03 3 1 5 2 2.227114e-14 0.000000e+00
371 464 5.205181e-03 1.307482e-03 3 1 5 2 3.513020e-14 0.000000e+00
371 465 5.205181e-03 1.646023e-03 3 1 5 2 5.525360e-14 0.000000e+00
371 466 5.205181e-03 2.072220e-03 3 1 5 2 8.648875e-14 0.000000e+00
371 467 5.205181e-03 2.608770e-03 3 1 5 2 1.342797e-13 0.000000e+00
371 468 5.205181e-03 3.284247e-03 3 1 5 2 2.054035e-13 0.000000e+00
371 469 5.205181e-03 4.134622e-03 3 1 5 2 3.039519e-13 0.000000e+00
371 470 5.205181e-03 5.205181e-03 3 1 5 2 3.884398e-13 0.000000e+00
371 471 5.205181e-03 6.552935e-03 3 1 5 2 3.573650e-13 0.000000e+00
371 472 5.205181e-03 8.249656e-03 3 1 5 2 2.859868e-13 0.000000e+00
372 462 6.552935e-03 8.249656e-04 3 1 5 2 1.056571e-14 0.000000e+00
372 463 6.552935e-03 1.038570e-03 3 1 5 2 1.671236e-14 0.000000e+00
372 464 6.552935e-03 1.307482e-03 3 1 5 2 2.640373e-14 0.000000e+00
372 465 6.552935e-03 1.646023e-03 3 1 5 2 4.163582e-14 0.000000e+00
372 466 6.552935e-03 2.072220e-03 3 1 5 2 6.545240e-14 0.000000e+00
372 467 6.552935e-03 2.608770e-03 3 1 5 2 1.023666e-13 0.000000e+00
372 468 6.552935e-03 3.284247e-03 3 1 5 2 1.587065e-13 0.000000e+00
372 469 6.552935e-03 4.134622e-03 3 1 5 2 2.421999e-13 0.000000e+00
372 470 6.552935e-03 5.205181e-03 3 1 5 2 3.573650e-13 0.000000e+00
372 471 6.552935e-03 6.552935e-03 3 1 5 2 4.565424e-13 0.000000e+00
372 472 6.552935e-03 8.249656e-03 3 1 5 2 4.205741e-13 0.000000e+00
373 462 8.249656e-03 8.249656e-04 3 1 5 2 7.915884e-15 0.000000e+00
373 463 8.249656e-03 1.038570e-03 3 1 5 2 1.252967e-14 0.000000e+00
373 464 8.249656e-03 1.307482e-03 3 1 5 2 1.981751e-14 0.000000e+00
373 465 8.249656e-03 1.646023e-03 3 1 5 2 3.130589e-14 0.000000e+00
373 466 8.249656e-03 2.072220e-03 3 1 5 2 4.935655e-14 0.000000e+00
373 467 8.249656e-03 2.608770e-03 3 1 5 2 7.756413e-14 0.000000e+00
373 468 8.249656e-03 3.284247e-03 3 1 5 2 1.212396e-13 0.000000e+00
373 469 8.249656e-03 4.134622e-03 3 1 5 2 1.877703e-13 0.000000e+00
373 470 8.249656e-03 5.205181e-03 3 1 5 2 2.859868e-13 0.000000e+00
373 471 8.249656e-03 6.552935e-03 3 1 5 2 4.205741e-13 0.000000e+00
373 472 8.249656e-03 8.249656e-03 3 1 5 2 5.360736e-13 0.000000e+00
