# Please cite the following papers in research using this covariance:
# arXiv: 1601.05779, https://arxiv.org/abs/1601.05779
# arXiv: 1911.11947, https://arxiv.org/abs/1911.11947
# arXiv: 2004.04833, https://arxiv.org/abs/2004.04833
# arXiv: 1804.10663, https://arxiv.org/abs/1804.10663
########################################################
297 429 8.249656e-04 8.249656e-04 1 3 4 3 9.568289e-12 0.000000e+00
297 430 8.249656e-04 1.038570e-03 1 3 4 3 6.483883e-12 0.000000e+00
297 431 8.249656e-04 1.307482e-03 1 3 4 3 3.382315e-12 0.000000e+00
297 432 8.249656e-04 1.646023e-03 1 3 4 3 1.726583e-12 0.000000e+00
297 433 8.249656e-04 2.072220e-03 1 3 4 3 8.943053e-13 0.000000e+00
297 434 8.249656e-04 2.608770e-03 1 3 4 3 4.829956e-13 0.000000e+00
297 435 8.249656e-04 3.284247e-03 1 3 4 3 2.772963e-13 0.000000e+00
297 436 8.249656e-04 4.134622e-03 1 3 4 3 1.707654e-13 0.000000e+00
297 437 8.249656e-04 5.205181e-03 1 3 4 3 1.124048e-13 0.000000e+00
297 438 8.249656e-04 6.552935e-03 1 3 4 3 7.806079e-14 0.000000e+00
297 439 8.249656e-04 8.249656e-03 1 3 4 3 5.615764e-14 0.000000e+00
298 429 1.038570e-03 8.249656e-04 1 3 4 3 6.483883e-12 0.000000e+00
298 430 1.038570e-03 1.038570e-03 1 3 4 3 8.868112e-12 0.000000e+00
298 431 1.038570e-03 1.307482e-03 1 3 4 3 5.791024e-12 0.000000e+00
298 432 1.038570e-03 1.646023e-03 1 3 4 3 2.904827e-12 0.000000e+00
298 433 1.038570e-03 2.072220e-03 1 3 4 3 1.470479e-12 0.000000e+00
298 434 1.038570e-03 2.608770e-03 1 3 4 3 7.802278e-13 0.000000e+00
298 435 1.038570e-03 3.284247e-03 1 3 4 3 4.430492e-13 0.000000e+00
298 436 1.038570e-03 4.134622e-03 1 3 4 3 2.712594e-13 0.000000e+00
298 437 1.038570e-03 5.205181e-03 1 3 4 3 1.781239e-13 0.000000e+00
298 438 1.038570e-03 6.552935e-03 1 3 4 3 1.236018e-13 0.000000e+00
298 439 1.038570e-03 8.249656e-03 1 3 4 3 8.893025e-14 0.000000e+00
299 429 1.307482e-03 8.249656e-04 1 3 4 3 3.382315e-12 0.000000e+00
299 430 1.307482e-03 1.038570e-03 1 3 4 3 5.791024e-12 0.000000e+00
299 431 1.307482e-03 1.307482e-03 1 3 4 3 8.087898e-12 0.000000e+00
299 432 1.307482e-03 1.646023e-03 1 3 4 3 5.095528e-12 0.000000e+00
299 433 1.307482e-03 2.072220e-03 1 3 4 3 2.488188e-12 0.000000e+00
299 434 1.307482e-03 2.608770e-03 1 3 4 3 1.278997e-12 0.000000e+00
299 435 1.307482e-03 3.284247e-03 1 3 4 3 7.121756e-13 0.000000e+00
299 436 1.307482e-03 4.134622e-03 1 3 4 3 4.316875e-13 0.000000e+00
299 437 1.307482e-03 5.205181e-03 1 3 4 3 2.822919e-13 0.000000e+00
299 438 1.307482e-03 6.552935e-03 1 3 4 3 1.956331e-13 0.000000e+00
299 439 1.307482e-03 8.249656e-03 1 3 4 3 1.407391e-13 0.000000e+00
300 429 1.646023e-03 8.249656e-04 1 3 4 3 1.726583e-12 0.000000e+00
300 430 1.646023e-03 1.038570e-03 1 3 4 3 2.904827e-12 0.000000e+00
300 431 1.646023e-03 1.307482e-03 1 3 4 3 5.095528e-12 0.000000e+00
300 432 1.646023e-03 1.646023e-03 1 3 4 3 7.288356e-12 0.000000e+00
300 433 1.646023e-03 2.072220e-03 1 3 4 3 4.451868e-12 0.000000e+00
300 434 1.646023e-03 2.608770e-03 1 3 4 3 2.160510e-12 0.000000e+00
300 435 1.646023e-03 3.284247e-03 1 3 4 3 1.158696e-12 0.000000e+00
300 436 1.646023e-03 4.134622e-03 1 3 4 3 6.894564e-13 0.000000e+00
300 437 1.646023e-03 5.205181e-03 1 3 4 3 4.474692e-13 0.000000e+00
300 438 1.646023e-03 6.552935e-03 1 3 4 3 3.094099e-13 0.000000e+00
300 439 1.646023e-03 8.249656e-03 1 3 4 3 2.225638e-13 0.000000e+00
301 429 2.072220e-03 8.249656e-04 1 3 4 3 8.943053e-13 0.000000e+00
301 430 2.072220e-03 1.038570e-03 1 3 4 3 1.470479e-12 0.000000e+00
301 431 2.072220e-03 1.307482e-03 1 3 4 3 2.488188e-12 0.000000e+00
301 432 2.072220e-03 1.646023e-03 1 3 4 3 4.451868e-12 0.000000e+00
301 433 2.072220e-03 2.072220e-03 1 3 4 3 6.526163e-12 0.000000e+00
301 434 2.072220e-03 2.608770e-03 1 3 4 3 3.905116e-12 0.000000e+00
301 435 2.072220e-03 3.284247e-03 1 3 4 3 1.937560e-12 0.000000e+00
301 436 2.072220e-03 4.134622e-03 1 3 4 3 1.109963e-12 0.000000e+00
301 437 2.072220e-03 5.205181e-03 1 3 4 3 7.099724e-13 0.000000e+00
301 438 2.072220e-03 6.552935e-03 1 3 4 3 4.888437e-13 0.000000e+00
301 439 2.072220e-03 8.249656e-03 1 3 4 3 3.514838e-13 0.000000e+00
302 429 2.608770e-03 8.249656e-04 1 3 4 3 4.829956e-13 0.000000e+00
302 430 2.608770e-03 1.038570e-03 1 3 4 3 7.802278e-13 0.000000e+00
302 431 2.608770e-03 1.307482e-03 1 3 4 3 1.278997e-12 0.000000e+00
302 432 2.608770e-03 1.646023e-03 1 3 4 3 2.160510e-12 0.000000e+00
302 433 2.608770e-03 2.072220e-03 1 3 4 3 3.905116e-12 0.000000e+00
302 434 2.608770e-03 2.608770e-03 1 3 4 3 5.850977e-12 0.000000e+00
302 435 2.608770e-03 3.284247e-03 1 3 4 3 3.487584e-12 0.000000e+00
302 436 2.608770e-03 4.134622e-03 1 3 4 3 1.824824e-12 0.000000e+00
302 437 2.608770e-03 5.205181e-03 1 3 4 3 1.130187e-12 0.000000e+00
302 438 2.608770e-03 6.552935e-03 1 3 4 3 7.712781e-13 0.000000e+00
302 439 2.608770e-03 8.249656e-03 1 3 4 3 5.539674e-13 0.000000e+00
303 429 3.284247e-03 8.249656e-04 1 3 4 3 2.772963e-13 0.000000e+00
303 430 3.284247e-03 1.038570e-03 1 3 4 3 4.430492e-13 0.000000e+00
303 431 3.284247e-03 1.307482e-03 1 3 4 3 7.121756e-13 0.000000e+00
303 432 3.284247e-03 1.646023e-03 1 3 4 3 1.158696e-12 0.000000e+00
303 433 3.284247e-03 2.072220e-03 1 3 4 3 1.937560e-12 0.000000e+00
303 434 3.284247e-03 2.608770e-03 1 3 4 3 3.487584e-12 0.000000e+00
303 435 3.284247e-03 3.284247e-03 1 3 4 3 5.302358e-12 0.000000e+00
303 436 3.284247e-03 4.134622e-03 1 3 4 3 3.219090e-12 0.000000e+00
303 437 3.284247e-03 5.205181e-03 1 3 4 3 1.821276e-12 0.000000e+00
303 438 3.284247e-03 6.552935e-03 1 3 4 3 1.215647e-12 0.000000e+00
303 439 3.284247e-03 8.249656e-03 1 3 4 3 8.703881e-13 0.000000e+00
304 429 4.134622e-03 8.249656e-04 1 3 4 3 1.707654e-13 0.000000e+00
304 430 4.134622e-03 1.038570e-03 1 3 4 3 2.712594e-13 0.000000e+00
304 431 4.134622e-03 1.307482e-03 1 3 4 3 4.316875e-13 0.000000e+00
304 432 4.134622e-03 1.646023e-03 1 3 4 3 6.894564e-13 0.000000e+00
304 433 4.134622e-03 2.072220e-03 1 3 4 3 1.109963e-12 0.000000e+00
304 434 4.134622e-03 2.608770e-03 1 3 4 3 1.824824e-12 0.000000e+00
304 435 4.134622e-03 3.284247e-03 1 3 4 3 3.219090e-12 0.000000e+00
304 436 4.134622e-03 4.134622e-03 1 3 4 3 4.909525e-12 0.000000e+00
304 437 4.134622e-03 5.205181e-03 1 3 4 3 3.109005e-12 0.000000e+00
304 438 4.134622e-03 6.552935e-03 1 3 4 3 1.922324e-12 0.000000e+00
304 439 4.134622e-03 8.249656e-03 1 3 4 3 1.361494e-12 0.000000e+00
305 429 5.205181e-03 8.249656e-04 1 3 4 3 1.124048e-13 0.000000e+00
305 430 5.205181e-03 1.038570e-03 1 3 4 3 1.781239e-13 0.000000e+00
305 431 5.205181e-03 1.307482e-03 1 3 4 3 2.822919e-13 0.000000e+00
305 432 5.205181e-03 1.646023e-03 1 3 4 3 4.474692e-13 0.000000e+00
305 433 5.205181e-03 2.072220e-03 1 3 4 3 7.099724e-13 0.000000e+00
305 434 5.205181e-03 2.608770e-03 1 3 4 3 1.130187e-12 0.000000e+00
305 435 5.205181e-03 3.284247e-03 1 3 4 3 1.821276e-12 0.000000e+00
305 436 5.205181e-03 4.134622e-03 1 3 4 3 3.109005e-12 0.000000e+00
305 437 5.205181e-03 5.205181e-03 1 3 4 3 4.691955e-12 0.000000e+00
305 438 5.205181e-03 6.552935e-03 1 3 4 3 3.158411e-12 0.000000e+00
305 439 5.205181e-03 8.249656e-03 1 3 4 3 2.120465e-12 0.000000e+00
306 429 6.552935e-03 8.249656e-04 1 3 4 3 7.806079e-14 0.000000e+00
306 430 6.552935e-03 1.038570e-03 1 3 4 3 1.236018e-13 0.000000e+00
306 431 6.552935e-03 1.307482e-03 1 3 4 3 1.956331e-13 0.000000e+00
306 432 6.552935e-03 1.646023e-03 1 3 4 3 3.094099e-13 0.000000e+00
306 433 6.552935e-03 2.072220e-03 1 3 4 3 4.888437e-13 0.000000e+00
306 434 6.552935e-03 2.608770e-03 1 3 4 3 7.712781e-13 0.000000e+00
306 435 6.552935e-03 3.284247e-03 1 3 4 3 1.215647e-12 0.000000e+00
306 436 6.552935e-03 4.134622e-03 1 3 4 3 1.922324e-12 0.000000e+00
306 437 6.552935e-03 5.205181e-03 1 3 4 3 3.158411e-12 0.000000e+00
306 438 6.552935e-03 6.552935e-03 1 3 4 3 4.659488e-12 0.000000e+00
306 439 6.552935e-03 8.249656e-03 1 3 4 3 3.360562e-12 0.000000e+00
307 429 8.249656e-03 8.249656e-04 1 3 4 3 5.615764e-14 0.000000e+00
307 430 8.249656e-03 1.038570e-03 1 3 4 3 8.893025e-14 0.000000e+00
307 431 8.249656e-03 1.307482e-03 1 3 4 3 1.407391e-13 0.000000e+00
307 432 8.249656e-03 1.646023e-03 1 3 4 3 2.225638e-13 0.000000e+00
307 433 8.249656e-03 2.072220e-03 1 3 4 3 3.514838e-13 0.000000e+00
307 434 8.249656e-03 2.608770e-03 1 3 4 3 5.539674e-13 0.000000e+00
307 435 8.249656e-03 3.284247e-03 1 3 4 3 8.703881e-13 0.000000e+00
307 436 8.249656e-03 4.134622e-03 1 3 4 3 1.361494e-12 0.000000e+00
307 437 8.249656e-03 5.205181e-03 1 3 4 3 2.120465e-12 0.000000e+00
307 438 8.249656e-03 6.552935e-03 1 3 4 3 3.360562e-12 0.000000e+00
307 439 8.249656e-03 8.249656e-03 1 3 4 3 4.810548e-12 0.000000e+00
