# Please cite the following papers in research using this covariance:
# arXiv: 1601.05779, https://arxiv.org/abs/1601.05779
# arXiv: 1911.11947, https://arxiv.org/abs/1911.11947
# arXiv: 2004.04833, https://arxiv.org/abs/2004.04833
# arXiv: 1804.10663, https://arxiv.org/abs/1804.10663
########################################################
242 286 8.249656e-04 8.249656e-04 0 2 1 2 7.162502e-11 0.000000e+00
242 287 8.249656e-04 1.038570e-03 0 2 1 2 4.956828e-11 0.000000e+00
242 288 8.249656e-04 1.307482e-03 0 2 1 2 2.634815e-11 0.000000e+00
242 289 8.249656e-04 1.646023e-03 0 2 1 2 1.333124e-11 0.000000e+00
242 290 8.249656e-04 2.072220e-03 0 2 1 2 6.594550e-12 0.000000e+00
242 291 8.249656e-04 2.608770e-03 0 2 1 2 3.268196e-12 0.000000e+00
242 292 8.249656e-04 3.284247e-03 0 2 1 2 1.663401e-12 0.000000e+00
242 293 8.249656e-04 4.134622e-03 0 2 1 2 8.882006e-13 0.000000e+00
242 294 8.249656e-04 5.205181e-03 0 2 1 2 5.046778e-13 0.000000e+00
242 295 8.249656e-04 6.552935e-03 0 2 1 2 3.064887e-13 0.000000e+00
242 296 8.249656e-04 8.249656e-03 0 2 1 2 1.973911e-13 0.000000e+00
243 286 1.038570e-03 8.249656e-04 0 2 1 2 4.956828e-11 0.000000e+00
243 287 1.038570e-03 1.038570e-03 0 2 1 2 6.692999e-11 0.000000e+00
243 288 1.038570e-03 1.307482e-03 0 2 1 2 4.449276e-11 0.000000e+00
243 289 1.038570e-03 1.646023e-03 0 2 1 2 2.240952e-11 0.000000e+00
243 290 1.038570e-03 2.072220e-03 0 2 1 2 1.091922e-11 0.000000e+00
243 291 1.038570e-03 2.608770e-03 0 2 1 2 5.329014e-12 0.000000e+00
243 292 1.038570e-03 3.284247e-03 0 2 1 2 2.679523e-12 0.000000e+00
243 293 1.038570e-03 4.134622e-03 0 2 1 2 1.419087e-12 0.000000e+00
243 294 1.038570e-03 5.205181e-03 0 2 1 2 8.025720e-13 0.000000e+00
243 295 1.038570e-03 6.552935e-03 0 2 1 2 4.861959e-13 0.000000e+00
243 296 1.038570e-03 8.249656e-03 0 2 1 2 3.129104e-13 0.000000e+00
244 286 1.307482e-03 8.249656e-04 0 2 1 2 2.634815e-11 0.000000e+00
244 287 1.307482e-03 1.038570e-03 0 2 1 2 4.449276e-11 0.000000e+00
244 288 1.307482e-03 1.307482e-03 0 2 1 2 6.123617e-11 0.000000e+00
244 289 1.307482e-03 1.646023e-03 0 2 1 2 3.897151e-11 0.000000e+00
244 290 1.307482e-03 2.072220e-03 0 2 1 2 1.862853e-11 0.000000e+00
244 291 1.307482e-03 2.608770e-03 0 2 1 2 8.862336e-12 0.000000e+00
244 292 1.307482e-03 3.284247e-03 0 2 1 2 4.364447e-12 0.000000e+00
244 293 1.307482e-03 4.134622e-03 0 2 1 2 2.279787e-12 0.000000e+00
244 294 1.307482e-03 5.205181e-03 0 2 1 2 1.279275e-12 0.000000e+00
244 295 1.307482e-03 6.552935e-03 0 2 1 2 7.719267e-13 0.000000e+00
244 296 1.307482e-03 8.249656e-03 0 2 1 2 4.959488e-13 0.000000e+00
245 286 1.646023e-03 8.249656e-04 0 2 1 2 1.333124e-11 0.000000e+00
245 287 1.646023e-03 1.038570e-03 0 2 1 2 2.240952e-11 0.000000e+00
245 288 1.646023e-03 1.307482e-03 0 2 1 2 3.897151e-11 0.000000e+00
245 289 1.646023e-03 1.646023e-03 0 2 1 2 5.495203e-11 0.000000e+00
245 290 1.646023e-03 2.072220e-03 0 2 1 2 3.342604e-11 0.000000e+00
245 291 1.646023e-03 2.608770e-03 0 2 1 2 1.528426e-11 0.000000e+00
245 292 1.646023e-03 3.284247e-03 0 2 1 2 7.254916e-12 0.000000e+00
245 293 1.646023e-03 4.134622e-03 0 2 1 2 3.698227e-12 0.000000e+00
245 294 1.646023e-03 5.205181e-03 0 2 1 2 2.046978e-12 0.000000e+00
245 295 1.646023e-03 6.552935e-03 0 2 1 2 1.227006e-12 0.000000e+00
245 296 1.646023e-03 8.249656e-03 0 2 1 2 7.862882e-13 0.000000e+00
246 286 2.072220e-03 8.249656e-04 0 2 1 2 6.594550e-12 0.000000e+00
246 287 2.072220e-03 1.038570e-03 0 2 1 2 1.091922e-11 0.000000e+00
246 288 2.072220e-03 1.307482e-03 0 2 1 2 1.862853e-11 0.000000e+00
246 289 2.072220e-03 1.646023e-03 0 2 1 2 3.342604e-11 0.000000e+00
246 290 2.072220e-03 2.072220e-03 0 2 1 2 4.850489e-11 0.000000e+00
246 291 2.072220e-03 2.608770e-03 0 2 1 2 2.824179e-11 0.000000e+00
246 292 2.072220e-03 3.284247e-03 0 2 1 2 1.255652e-11 0.000000e+00
246 293 2.072220e-03 4.134622e-03 0 2 1 2 6.112115e-12 0.000000e+00
246 294 2.072220e-03 5.205181e-03 0 2 1 2 3.299404e-12 0.000000e+00
246 295 2.072220e-03 6.552935e-03 0 2 1 2 1.954713e-12 0.000000e+00
246 296 2.072220e-03 8.249656e-03 0 2 1 2 1.246772e-12 0.000000e+00
247 286 2.608770e-03 8.249656e-04 0 2 1 2 3.268196e-12 0.000000e+00
247 287 2.608770e-03 1.038570e-03 0 2 1 2 5.329014e-12 0.000000e+00
247 288 2.608770e-03 1.307482e-03 0 2 1 2 8.862336e-12 0.000000e+00
247 289 2.608770e-03 1.646023e-03 0 2 1 2 1.528426e-11 0.000000e+00
247 290 2.608770e-03 2.072220e-03 0 2 1 2 2.824179e-11 0.000000e+00
247 291 2.608770e-03 2.608770e-03 0 2 1 2 4.229097e-11 0.000000e+00
247 292 2.608770e-03 3.284247e-03 0 2 1 2 2.371273e-11 0.000000e+00
247 293 2.608770e-03 4.134622e-03 0 2 1 2 1.051615e-11 0.000000e+00
247 294 2.608770e-03 5.205181e-03 0 2 1 2 5.397856e-12 0.000000e+00
247 295 2.608770e-03 6.552935e-03 0 2 1 2 3.127670e-12 0.000000e+00
247 296 2.608770e-03 8.249656e-03 0 2 1 2 1.978291e-12 0.000000e+00
248 286 3.284247e-03 8.249656e-04 0 2 1 2 1.663401e-12 0.000000e+00
248 287 3.284247e-03 1.038570e-03 0 2 1 2 2.679523e-12 0.000000e+00
248 288 3.284247e-03 1.307482e-03 0 2 1 2 4.364447e-12 0.000000e+00
248 289 3.284247e-03 1.646023e-03 0 2 1 2 7.254916e-12 0.000000e+00
248 290 3.284247e-03 2.072220e-03 0 2 1 2 1.255652e-11 0.000000e+00
248 291 3.284247e-03 2.608770e-03 0 2 1 2 2.371273e-11 0.000000e+00
248 292 3.284247e-03 3.284247e-03 0 2 1 2 3.662911e-11 0.000000e+00
248 293 3.284247e-03 4.134622e-03 0 2 1 2 2.002050e-11 0.000000e+00
248 294 3.284247e-03 5.205181e-03 0 2 1 2 9.148151e-12 0.000000e+00
248 295 3.284247e-03 6.552935e-03 0 2 1 2 5.054044e-12 0.000000e+00
248 296 3.284247e-03 8.249656e-03 0 2 1 2 3.144113e-12 0.000000e+00
249 286 4.134622e-03 8.249656e-04 0 2 1 2 8.882006e-13 0.000000e+00
249 287 4.134622e-03 1.038570e-03 0 2 1 2 1.419087e-12 0.000000e+00
249 288 4.134622e-03 1.307482e-03 0 2 1 2 2.279787e-12 0.000000e+00
249 289 4.134622e-03 1.646023e-03 0 2 1 2 3.698227e-12 0.000000e+00
249 290 4.134622e-03 2.072220e-03 0 2 1 2 6.112115e-12 0.000000e+00
249 291 4.134622e-03 2.608770e-03 0 2 1 2 1.051615e-11 0.000000e+00
249 292 4.134622e-03 3.284247e-03 0 2 1 2 2.002050e-11 0.000000e+00
249 293 4.134622e-03 4.134622e-03 0 2 1 2 3.174500e-11 0.000000e+00
249 294 4.134622e-03 5.205181e-03 0 2 1 2 1.724001e-11 0.000000e+00
249 295 4.134622e-03 6.552935e-03 0 2 1 2 8.386532e-12 0.000000e+00
249 296 4.134622e-03 8.249656e-03 0 2 1 2 5.020416e-12 0.000000e+00
250 286 5.205181e-03 8.249656e-04 0 2 1 2 5.046778e-13 0.000000e+00
250 287 5.205181e-03 1.038570e-03 0 2 1 2 8.025720e-13 0.000000e+00
250 288 5.205181e-03 1.307482e-03 0 2 1 2 1.279275e-12 0.000000e+00
250 289 5.205181e-03 1.646023e-03 0 2 1 2 2.046978e-12 0.000000e+00
250 290 5.205181e-03 2.072220e-03 0 2 1 2 3.299404e-12 0.000000e+00
250 291 5.205181e-03 2.608770e-03 0 2 1 2 5.397856e-12 0.000000e+00
250 292 5.205181e-03 3.284247e-03 0 2 1 2 9.148151e-12 0.000000e+00
250 293 5.205181e-03 4.134622e-03 0 2 1 2 1.724001e-11 0.000000e+00
250 294 5.205181e-03 5.205181e-03 0 2 1 2 2.777361e-11 0.000000e+00
250 295 5.205181e-03 6.552935e-03 0 2 1 2 1.536253e-11 0.000000e+00
250 296 5.205181e-03 8.249656e-03 0 2 1 2 8.146624e-12 0.000000e+00
251 286 6.552935e-03 8.249656e-04 0 2 1 2 3.064887e-13 0.000000e+00
251 287 6.552935e-03 1.038570e-03 0 2 1 2 4.861959e-13 0.000000e+00
251 288 6.552935e-03 1.307482e-03 0 2 1 2 7.719267e-13 0.000000e+00
251 289 6.552935e-03 1.646023e-03 0 2 1 2 1.227006e-12 0.000000e+00
251 290 6.552935e-03 2.072220e-03 0 2 1 2 1.954713e-12 0.000000e+00
251 291 6.552935e-03 2.608770e-03 0 2 1 2 3.127670e-12 0.000000e+00
251 292 6.552935e-03 3.284247e-03 0 2 1 2 5.054044e-12 0.000000e+00
251 293 6.552935e-03 4.134622e-03 0 2 1 2 8.386532e-12 0.000000e+00
251 294 6.552935e-03 5.205181e-03 0 2 1 2 1.536253e-11 0.000000e+00
251 295 6.552935e-03 6.552935e-03 0 2 1 2 2.477313e-11 0.000000e+00
251 296 6.552935e-03 8.249656e-03 0 2 1 2 1.432535e-11 0.000000e+00
252 286 8.249656e-03 8.249656e-04 0 2 1 2 1.973911e-13 0.000000e+00
252 287 8.249656e-03 1.038570e-03 0 2 1 2 3.129104e-13 0.000000e+00
252 288 8.249656e-03 1.307482e-03 0 2 1 2 4.959488e-13 0.000000e+00
252 289 8.249656e-03 1.646023e-03 0 2 1 2 7.862882e-13 0.000000e+00
252 290 8.249656e-03 2.072220e-03 0 2 1 2 1.246772e-12 0.000000e+00
252 291 8.249656e-03 2.608770e-03 0 2 1 2 1.978291e-12 0.000000e+00
252 292 8.249656e-03 3.284247e-03 0 2 1 2 3.144113e-12 0.000000e+00
252 293 8.249656e-03 4.134622e-03 0 2 1 2 5.020416e-12 0.000000e+00
252 294 8.249656e-03 5.205181e-03 0 2 1 2 8.146624e-12 0.000000e+00
252 295 8.249656e-03 6.552935e-03 0 2 1 2 1.432535e-11 0.000000e+00
252 296 8.249656e-03 8.249656e-03 0 2 1 2 2.274237e-11 0.000000e+00
