# Please cite the following papers in research using this covariance:
# arXiv: 1601.05779, https://arxiv.org/abs/1601.05779
# arXiv: 1911.11947, https://arxiv.org/abs/1911.11947
# arXiv: 2004.04833, https://arxiv.org/abs/2004.04833
# arXiv: 1804.10663, https://arxiv.org/abs/1804.10663
########################################################
66 198 8.249656e-04 8.249656e-04 1 3 2 3 0.000000e+00 0.000000e+00
66 199 8.249656e-04 1.038570e-03 1 3 2 3 -1.219944e-14 0.000000e+00
66 200 8.249656e-04 1.307482e-03 1 3 2 3 -5.466428e-15 0.000000e+00
66 201 8.249656e-04 1.646023e-03 1 3 2 3 5.629978e-15 0.000000e+00
66 202 8.249656e-04 2.072220e-03 1 3 2 3 1.416778e-14 0.000000e+00
66 203 8.249656e-04 2.608770e-03 1 3 2 3 1.894094e-14 0.000000e+00
66 204 8.249656e-04 3.284247e-03 1 3 2 3 2.066837e-14 0.000000e+00
66 205 8.249656e-04 4.134622e-03 1 3 2 3 2.043358e-14 0.000000e+00
66 206 8.249656e-04 5.205181e-03 1 3 2 3 1.916575e-14 0.000000e+00
66 207 8.249656e-04 6.552935e-03 1 3 2 3 1.752947e-14 0.000000e+00
66 208 8.249656e-04 8.249656e-03 1 3 2 3 1.595162e-14 0.000000e+00
67 198 1.038570e-03 8.249656e-04 1 3 2 3 5.340917e-17 0.000000e+00
67 199 1.038570e-03 1.038570e-03 1 3 2 3 0.000000e+00 0.000000e+00
67 200 1.038570e-03 1.307482e-03 1 3 2 3 -1.215948e-14 0.000000e+00
67 201 1.038570e-03 1.646023e-03 1 3 2 3 -5.480915e-15 0.000000e+00
67 202 1.038570e-03 2.072220e-03 1 3 2 3 5.110047e-15 0.000000e+00
67 203 1.038570e-03 2.608770e-03 1 3 2 3 1.288628e-14 0.000000e+00
67 204 1.038570e-03 3.284247e-03 1 3 2 3 1.698110e-14 0.000000e+00
67 205 1.038570e-03 4.134622e-03 1 3 2 3 1.829969e-14 0.000000e+00
67 206 1.038570e-03 5.205181e-03 1 3 2 3 1.796404e-14 0.000000e+00
67 207 1.038570e-03 6.552935e-03 1 3 2 3 1.685944e-14 0.000000e+00
67 208 1.038570e-03 8.249656e-03 1 3 2 3 1.557602e-14 0.000000e+00
68 198 1.307482e-03 8.249656e-04 1 3 2 3 1.079022e-16 0.000000e+00
68 199 1.307482e-03 1.038570e-03 1 3 2 3 2.056303e-16 0.000000e+00
68 200 1.307482e-03 1.307482e-03 1 3 2 3 0.000000e+00 0.000000e+00
68 201 1.307482e-03 1.646023e-03 1 3 2 3 -1.189374e-14 0.000000e+00
68 202 1.307482e-03 2.072220e-03 1 3 2 3 -5.345675e-15 0.000000e+00
68 203 1.307482e-03 2.608770e-03 1 3 2 3 4.595156e-15 0.000000e+00
68 204 1.307482e-03 3.284247e-03 1 3 2 3 1.156707e-14 0.000000e+00
68 205 1.307482e-03 4.134622e-03 1 3 2 3 1.505888e-14 0.000000e+00
68 206 1.307482e-03 5.205181e-03 1 3 2 3 1.610629e-14 0.000000e+00
68 207 1.307482e-03 6.552935e-03 1 3 2 3 1.581347e-14 0.000000e+00
68 208 1.307482e-03 8.249656e-03 1 3 2 3 1.498642e-14 0.000000e+00
69 198 1.646023e-03 8.249656e-04 1 3 2 3 5.650019e-17 0.000000e+00
69 199 1.646023e-03 1.038570e-03 1 3 2 3 1.479859e-16 0.000000e+00
69 200 1.646023e-03 1.307482e-03 1 3 2 3 3.585554e-16 0.000000e+00
69 201 1.646023e-03 1.646023e-03 1 3 2 3 0.000000e+00 0.000000e+00
69 202 1.646023e-03 2.072220e-03 1 3 2 3 -1.140556e-14 0.000000e+00
69 203 1.646023e-03 2.608770e-03 1 3 2 3 -5.066341e-15 0.000000e+00
69 204 1.646023e-03 3.284247e-03 1 3 2 3 4.111905e-15 0.000000e+00
69 205 1.646023e-03 4.134622e-03 1 3 2 3 1.028680e-14 0.000000e+00
69 206 1.646023e-03 5.205181e-03 1 3 2 3 1.328152e-14 0.000000e+00
69 207 1.646023e-03 6.552935e-03 1 3 2 3 1.419597e-14 0.000000e+00
69 208 1.646023e-03 8.249656e-03 1 3 2 3 1.406613e-14 0.000000e+00
70 198 2.072220e-03 8.249656e-04 1 3 2 3 2.459451e-17 0.000000e+00
70 199 2.072220e-03 1.038570e-03 1 3 2 3 6.450058e-17 0.000000e+00
70 200 2.072220e-03 1.307482e-03 1 3 2 3 1.792899e-16 0.000000e+00
70 201 2.072220e-03 1.646023e-03 1 3 2 3 4.942558e-16 0.000000e+00
70 202 2.072220e-03 2.072220e-03 1 3 2 3 0.000000e+00 0.000000e+00
70 203 2.072220e-03 2.608770e-03 1 3 2 3 -1.071932e-14 0.000000e+00
70 204 2.072220e-03 3.284247e-03 1 3 2 3 -4.664928e-15 0.000000e+00
70 205 2.072220e-03 4.134622e-03 1 3 2 3 3.681325e-15 0.000000e+00
70 206 2.072220e-03 5.205181e-03 1 3 2 3 9.113007e-15 0.000000e+00
70 207 2.072220e-03 6.552935e-03 1 3 2 3 1.173521e-14 0.000000e+00
70 208 2.072220e-03 8.249656e-03 1 3 2 3 1.264354e-14 0.000000e+00
71 198 2.608770e-03 8.249656e-04 1 3 2 3 9.996859e-18 0.000000e+00
71 199 2.608770e-03 1.038570e-03 1 3 2 3 2.464186e-17 0.000000e+00
71 200 2.608770e-03 1.307482e-03 1 3 2 3 6.778523e-17 0.000000e+00
71 201 2.608770e-03 1.646023e-03 1 3 2 3 1.960149e-16 0.000000e+00
71 202 2.608770e-03 2.072220e-03 1 3 2 3 5.968807e-16 0.000000e+00
71 203 2.608770e-03 2.608770e-03 1 3 2 3 0.000000e+00 0.000000e+00
71 204 2.608770e-03 3.284247e-03 1 3 2 3 -9.878665e-15 0.000000e+00
71 205 2.608770e-03 4.134622e-03 1 3 2 3 -4.176068e-15 0.000000e+00
71 206 2.608770e-03 5.205181e-03 1 3 2 3 3.318346e-15 0.000000e+00
71 207 2.608770e-03 6.552935e-03 1 3 2 3 8.099764e-15 0.000000e+00
71 208 2.608770e-03 8.249656e-03 1 3 2 3 1.048004e-14 0.000000e+00
72 198 3.284247e-03 8.249656e-04 1 3 2 3 3.996007e-18 0.000000e+00
72 199 3.284247e-03 1.038570e-03 1 3 2 3 8.611844e-18 0.000000e+00
72 200 3.284247e-03 1.307482e-03 1 3 2 3 2.341782e-17 0.000000e+00
72 201 3.284247e-03 1.646023e-03 1 3 2 3 6.574605e-17 0.000000e+00
72 202 3.284247e-03 2.072220e-03 1 3 2 3 1.968593e-16 0.000000e+00
72 203 3.284247e-03 2.608770e-03 1 3 2 3 6.563013e-16 0.000000e+00
72 204 3.284247e-03 3.284247e-03 1 3 2 3 0.000000e+00 0.000000e+00
72 205 3.284247e-03 4.134622e-03 1 3 2 3 -8.939952e-15 0.000000e+00
72 206 3.284247e-03 5.205181e-03 1 3 2 3 -3.640146e-15 0.000000e+00
72 207 3.284247e-03 6.552935e-03 1 3 2 3 3.032599e-15 0.000000e+00
72 208 3.284247e-03 8.249656e-03 1 3 2 3 7.284765e-15 0.000000e+00
73 198 4.134622e-03 8.249656e-04 1 3 2 3 1.780316e-18 0.000000e+00
73 199 4.134622e-03 1.038570e-03 1 3 2 3 2.768770e-18 0.000000e+00
73 200 4.134622e-03 1.307482e-03 1 3 2 3 7.557235e-18 0.000000e+00
73 201 4.134622e-03 1.646023e-03 1 3 2 3 2.079851e-17 0.000000e+00
73 202 4.134622e-03 2.072220e-03 1 3 2 3 5.899816e-17 0.000000e+00
73 203 4.134622e-03 2.608770e-03 1 3 2 3 1.835510e-16 0.000000e+00
73 204 4.134622e-03 3.284247e-03 1 3 2 3 6.686163e-16 0.000000e+00
73 205 4.134622e-03 4.134622e-03 1 3 2 3 0.000000e+00 0.000000e+00
73 206 4.134622e-03 5.205181e-03 1 3 2 3 -7.964319e-15 0.000000e+00
73 207 4.134622e-03 6.552935e-03 1 3 2 3 -3.097465e-15 0.000000e+00
73 208 4.134622e-03 8.249656e-03 1 3 2 3 2.829301e-15 0.000000e+00
74 198 5.205181e-03 8.249656e-04 1 3 2 3 9.735732e-19 0.000000e+00
74 199 5.205181e-03 1.038570e-03 1 3 2 3 7.537063e-19 0.000000e+00
74 200 5.205181e-03 1.307482e-03 1 3 2 3 2.238236e-18 0.000000e+00
74 201 5.205181e-03 1.646023e-03 1 3 2 3 6.272495e-18 0.000000e+00
74 202 5.205181e-03 2.072220e-03 1 3 2 3 1.698121e-17 0.000000e+00
74 203 5.205181e-03 2.608770e-03 1 3 2 3 4.936660e-17 0.000000e+00
74 204 5.205181e-03 3.284247e-03 1 3 2 3 1.595152e-16 0.000000e+00
74 205 5.205181e-03 4.134622e-03 1 3 2 3 6.369044e-16 0.000000e+00
74 206 5.205181e-03 5.205181e-03 1 3 2 3 0.000000e+00 0.000000e+00
74 207 5.205181e-03 6.552935e-03 1 3 2 3 -7.010801e-15 0.000000e+00
74 208 5.205181e-03 8.249656e-03 1 3 2 3 -2.582572e-15 0.000000e+00
75 198 6.552935e-03 8.249656e-04 1 3 2 3 7.425667e-19 0.000000e+00
75 199 6.552935e-03 1.038570e-03 1 3 2 3 9.136345e-20 0.000000e+00
75 200 6.552935e-03 1.307482e-03 1 3 2 3 5.574838e-19 0.000000e+00
75 201 6.552935e-03 1.646023e-03 1 3 2 3 1.761803e-18 0.000000e+00
75 202 6.552935e-03 2.072220e-03 1 3 2 3 4.551822e-18 0.000000e+00
75 203 6.552935e-03 2.608770e-03 1 3 2 3 1.275450e-17 0.000000e+00
75 204 6.552935e-03 3.284247e-03 1 3 2 3 3.802833e-17 0.000000e+00
75 205 6.552935e-03 4.134622e-03 1 3 2 3 1.286154e-16 0.000000e+00
75 206 6.552935e-03 5.205181e-03 1 3 2 3 5.691689e-16 0.000000e+00
75 207 6.552935e-03 6.552935e-03 1 3 2 3 0.000000e+00 0.000000e+00
75 208 6.552935e-03 8.249656e-03 1 3 2 3 -6.130835e-15 0.000000e+00
76 198 8.249656e-03 8.249656e-04 1 3 2 3 6.527368e-19 0.000000e+00
76 199 8.249656e-03 1.038570e-03 1 3 2 3 -9.438877e-20 0.000000e+00
76 200 8.249656e-03 1.307482e-03 1 3 2 3 7.774159e-20 0.000000e+00
76 201 8.249656e-03 1.646023e-03 1 3 2 3 4.784693e-19 0.000000e+00
76 202 8.249656e-03 2.072220e-03 1 3 2 3 1.109281e-18 0.000000e+00
76 203 8.249656e-03 2.608770e-03 1 3 2 3 3.009565e-18 0.000000e+00
76 204 8.249656e-03 3.284247e-03 1 3 2 3 8.528366e-18 0.000000e+00
76 205 8.249656e-03 4.134622e-03 1 3 2 3 2.632811e-17 0.000000e+00
76 206 8.249656e-03 5.205181e-03 1 3 2 3 9.467657e-17 0.000000e+00
76 207 8.249656e-03 6.552935e-03 1 3 2 3 4.756437e-16 0.000000e+00
76 208 8.249656e-03 8.249656e-03 1 3 2 3 0.000000e+00 0.000000e+00
