# Please cite the following papers in research using this covariance:
# arXiv: 1601.05779, https://arxiv.org/abs/1601.05779
# arXiv: 1911.11947, https://arxiv.org/abs/1911.11947
# arXiv: 2004.04833, https://arxiv.org/abs/2004.04833
# arXiv: 1804.10663, https://arxiv.org/abs/1804.10663
########################################################
33 132 8.249656e-04 8.249656e-04 0 3 0 2 0.000000e+00 0.000000e+00
33 133 8.249656e-04 1.038570e-03 0 3 0 2 -2.002551e-14 0.000000e+00
33 134 8.249656e-04 1.307482e-03 0 3 0 2 -9.146803e-15 0.000000e+00
33 135 8.249656e-04 1.646023e-03 0 3 0 2 7.416252e-15 0.000000e+00
33 136 8.249656e-04 2.072220e-03 0 3 0 2 1.881593e-14 0.000000e+00
33 137 8.249656e-04 2.608770e-03 0 3 0 2 2.413477e-14 0.000000e+00
33 138 8.249656e-04 3.284247e-03 0 3 0 2 2.514193e-14 0.000000e+00
33 139 8.249656e-04 4.134622e-03 0 3 0 2 2.372988e-14 0.000000e+00
33 140 8.249656e-04 5.205181e-03 0 3 0 2 2.126457e-14 0.000000e+00
33 141 8.249656e-04 6.552935e-03 0 3 0 2 1.857159e-14 0.000000e+00
33 142 8.249656e-04 8.249656e-03 0 3 0 2 1.607864e-14 0.000000e+00
34 132 1.038570e-03 8.249656e-04 0 3 0 2 5.893568e-16 0.000000e+00
34 133 1.038570e-03 1.038570e-03 0 3 0 2 0.000000e+00 0.000000e+00
34 134 1.038570e-03 1.307482e-03 0 3 0 2 -1.923301e-14 0.000000e+00
34 135 1.038570e-03 1.646023e-03 0 3 0 2 -8.710125e-15 0.000000e+00
34 136 1.038570e-03 2.072220e-03 0 3 0 2 6.487478e-15 0.000000e+00
34 137 1.038570e-03 2.608770e-03 0 3 0 2 1.638484e-14 0.000000e+00
34 138 1.038570e-03 3.284247e-03 0 3 0 2 2.068104e-14 0.000000e+00
34 139 1.038570e-03 4.134622e-03 0 3 0 2 2.127699e-14 0.000000e+00
34 140 1.038570e-03 5.205181e-03 0 3 0 2 1.994609e-14 0.000000e+00
34 141 1.038570e-03 6.552935e-03 0 3 0 2 1.786798e-14 0.000000e+00
34 142 1.038570e-03 8.249656e-03 0 3 0 2 1.570156e-14 0.000000e+00
35 132 1.307482e-03 8.249656e-04 0 3 0 2 3.178501e-16 0.000000e+00
35 133 1.307482e-03 1.038570e-03 0 3 0 2 8.464842e-16 0.000000e+00
35 134 1.307482e-03 1.307482e-03 0 3 0 2 0.000000e+00 0.000000e+00
35 135 1.307482e-03 1.646023e-03 0 3 0 2 -1.806737e-14 0.000000e+00
35 136 1.307482e-03 2.072220e-03 0 3 0 2 -8.044919e-15 0.000000e+00
35 137 1.307482e-03 2.608770e-03 0 3 0 2 5.625868e-15 0.000000e+00
35 138 1.307482e-03 3.284247e-03 0 3 0 2 1.407679e-14 0.000000e+00
35 139 1.307482e-03 4.134622e-03 0 3 0 2 1.753376e-14 0.000000e+00
35 140 1.307482e-03 5.205181e-03 0 3 0 2 1.790220e-14 0.000000e+00
35 141 1.307482e-03 6.552935e-03 0 3 0 2 1.676791e-14 0.000000e+00
35 142 1.307482e-03 8.249656e-03 0 3 0 2 1.510913e-14 0.000000e+00
36 132 1.646023e-03 8.249656e-04 0 3 0 2 1.232081e-16 0.000000e+00
36 133 1.646023e-03 1.038570e-03 0 3 0 2 3.520602e-16 0.000000e+00
36 134 1.646023e-03 1.307482e-03 0 3 0 2 1.049368e-15 0.000000e+00
36 135 1.646023e-03 1.646023e-03 0 3 0 2 0.000000e+00 0.000000e+00
36 136 1.646023e-03 2.072220e-03 0 3 0 2 -1.660228e-14 0.000000e+00
36 137 1.646023e-03 2.608770e-03 0 3 0 2 -7.215445e-15 0.000000e+00
36 138 1.646023e-03 3.284247e-03 0 3 0 2 4.851367e-15 0.000000e+00
36 139 1.646023e-03 4.134622e-03 0 3 0 2 1.197681e-14 0.000000e+00
36 140 1.646023e-03 5.205181e-03 0 3 0 2 1.478022e-14 0.000000e+00
36 141 1.646023e-03 6.552935e-03 0 3 0 2 1.506239e-14 0.000000e+00
36 142 1.646023e-03 8.249656e-03 0 3 0 2 1.418299e-14 0.000000e+00
37 132 2.072220e-03 8.249656e-04 0 3 0 2 4.350177e-17 0.000000e+00
37 133 2.072220e-03 1.038570e-03 0 3 0 2 1.208888e-16 0.000000e+00
37 134 2.072220e-03 1.307482e-03 0 3 0 2 3.597701e-16 0.000000e+00
37 135 2.072220e-03 1.646023e-03 0 3 0 2 1.176025e-15 0.000000e+00
37 136 2.072220e-03 2.072220e-03 0 3 0 2 0.000000e+00 0.000000e+00
37 137 2.072220e-03 2.608770e-03 0 3 0 2 -1.493574e-14 0.000000e+00
37 138 2.072220e-03 3.284247e-03 0 3 0 2 -6.297407e-15 0.000000e+00
37 139 2.072220e-03 4.134622e-03 0 3 0 2 4.173386e-15 0.000000e+00
37 140 2.072220e-03 5.205181e-03 0 3 0 2 1.013723e-14 0.000000e+00
37 141 2.072220e-03 6.552935e-03 0 3 0 2 1.245677e-14 0.000000e+00
37 142 2.072220e-03 8.249656e-03 0 3 0 2 1.274789e-14 0.000000e+00
38 132 2.608770e-03 8.249656e-04 0 3 0 2 1.473937e-17 0.000000e+00
38 133 2.608770e-03 1.038570e-03 0 3 0 2 3.897031e-17 0.000000e+00
38 134 2.608770e-03 1.307482e-03 0 3 0 2 1.105763e-16 0.000000e+00
38 135 2.608770e-03 1.646023e-03 0 3 0 2 3.411650e-16 0.000000e+00
38 136 2.608770e-03 2.072220e-03 0 3 0 2 1.218170e-15 0.000000e+00
38 137 2.608770e-03 2.608770e-03 0 3 0 2 0.000000e+00 0.000000e+00
38 138 2.608770e-03 3.284247e-03 0 3 0 2 -1.317585e-14 0.000000e+00
38 139 2.608770e-03 4.134622e-03 0 3 0 2 -5.365784e-15 0.000000e+00
38 140 2.608770e-03 5.205181e-03 0 3 0 2 3.592569e-15 0.000000e+00
38 141 2.608770e-03 6.552935e-03 0 3 0 2 8.579392e-15 0.000000e+00
38 142 2.608770e-03 8.249656e-03 0 3 0 2 1.055657e-14 0.000000e+00
39 132 3.284247e-03 8.249656e-04 0 3 0 2 4.842993e-18 0.000000e+00
39 133 3.284247e-03 1.038570e-03 0 3 0 2 1.193999e-17 0.000000e+00
39 134 3.284247e-03 1.307482e-03 0 3 0 2 3.278487e-17 0.000000e+00
39 135 3.284247e-03 1.646023e-03 0 3 0 2 9.481207e-17 0.000000e+00
39 136 3.284247e-03 2.072220e-03 0 3 0 2 3.029443e-16 0.000000e+00
39 137 3.284247e-03 2.608770e-03 0 3 0 2 1.181483e-15 0.000000e+00
39 138 3.284247e-03 3.284247e-03 0 3 0 2 0.000000e+00 0.000000e+00
39 139 3.284247e-03 4.134622e-03 0 3 0 2 -1.142601e-14 0.000000e+00
39 140 3.284247e-03 5.205181e-03 0 3 0 2 -4.483574e-15 0.000000e+00
39 141 3.284247e-03 6.552935e-03 0 3 0 2 3.103860e-15 0.000000e+00
39 142 3.284247e-03 8.249656e-03 0 3 0 2 7.298028e-15 0.000000e+00
40 132 4.134622e-03 8.249656e-04 0 3 0 2 1.700704e-18 0.000000e+00
40 133 4.134622e-03 1.038570e-03 0 3 0 2 3.527986e-18 0.000000e+00
40 134 4.134622e-03 1.307482e-03 0 3 0 2 9.438244e-18 0.000000e+00
40 135 4.134622e-03 1.646023e-03 0 3 0 2 2.614289e-17 0.000000e+00
40 136 4.134622e-03 2.072220e-03 0 3 0 2 7.665384e-17 0.000000e+00
40 137 4.134622e-03 2.608770e-03 0 3 0 2 2.535406e-16 0.000000e+00
40 138 4.134622e-03 3.284247e-03 0 3 0 2 1.081809e-15 0.000000e+00
40 139 4.134622e-03 4.134622e-03 0 3 0 2 0.000000e+00 0.000000e+00
40 140 4.134622e-03 5.205181e-03 0 3 0 2 -9.772450e-15 0.000000e+00
40 141 4.134622e-03 6.552935e-03 0 3 0 2 -3.695843e-15 0.000000e+00
40 142 4.134622e-03 8.249656e-03 0 3 0 2 2.698303e-15 0.000000e+00
41 132 5.205181e-03 8.249656e-04 0 3 0 2 6.603865e-19 0.000000e+00
41 133 5.205181e-03 1.038570e-03 0 3 0 2 9.577710e-19 0.000000e+00
41 134 5.205181e-03 1.307482e-03 0 3 0 2 2.594572e-18 0.000000e+00
41 135 5.205181e-03 1.646023e-03 0 3 0 2 7.112014e-18 0.000000e+00
41 136 5.205181e-03 2.072220e-03 0 3 0 2 1.969162e-17 0.000000e+00
41 137 5.205181e-03 2.608770e-03 0 3 0 2 5.881519e-17 0.000000e+00
41 138 5.205181e-03 3.284247e-03 0 3 0 2 2.011598e-16 0.000000e+00
41 139 5.205181e-03 4.134622e-03 0 3 0 2 9.410728e-16 0.000000e+00
41 140 5.205181e-03 5.205181e-03 0 3 0 2 0.000000e+00 0.000000e+00
41 141 5.205181e-03 6.552935e-03 0 3 0 2 -8.277783e-15 0.000000e+00
41 142 5.205181e-03 8.249656e-03 0 3 0 2 -3.027418e-15 0.000000e+00
42 132 6.552935e-03 8.249656e-04 0 3 0 2 4.165761e-19 0.000000e+00
42 133 6.552935e-03 1.038570e-03 0 3 0 2 2.025052e-19 0.000000e+00
42 134 6.552935e-03 1.307482e-03 0 3 0 2 6.827152e-19 0.000000e+00
42 135 6.552935e-03 1.646023e-03 0 3 0 2 1.892174e-18 0.000000e+00
42 136 6.552935e-03 2.072220e-03 0 3 0 2 5.031008e-18 0.000000e+00
42 137 6.552935e-03 2.608770e-03 0 3 0 2 1.416551e-17 0.000000e+00
42 138 6.552935e-03 3.284247e-03 0 3 0 2 4.298210e-17 0.000000e+00
42 139 6.552935e-03 4.134622e-03 0 3 0 2 1.519258e-16 0.000000e+00
42 140 6.552935e-03 5.205181e-03 0 3 0 2 7.817234e-16 0.000000e+00
42 141 6.552935e-03 6.552935e-03 0 3 0 2 0.000000e+00 0.000000e+00
42 142 6.552935e-03 8.249656e-03 0 3 0 2 -6.978541e-15 0.000000e+00
43 132 8.249656e-03 8.249656e-04 0 3 0 2 3.105533e-19 0.000000e+00
43 133 8.249656e-03 1.038570e-03 0 3 0 2 2.875750e-21 0.000000e+00
43 134 8.249656e-03 1.307482e-03 0 3 0 2 1.650862e-19 0.000000e+00
43 135 8.249656e-03 1.646023e-03 0 3 0 2 5.029771e-19 0.000000e+00
43 136 8.249656e-03 2.072220e-03 0 3 0 2 1.301950e-18 0.000000e+00
43 137 8.249656e-03 2.608770e-03 0 3 0 2 3.477110e-18 0.000000e+00
43 138 8.249656e-03 3.284247e-03 0 3 0 2 9.812919e-18 0.000000e+00
43 139 8.249656e-03 4.134622e-03 0 3 0 2 3.018546e-17 0.000000e+00
43 140 8.249656e-03 5.205181e-03 0 3 0 2 1.099532e-16 0.000000e+00
43 141 8.249656e-03 6.552935e-03 0 3 0 2 6.231188e-16 0.000000e+00
43 142 8.249656e-03 8.249656e-03 0 3 0 2 0.000000e+00 0.000000e+00
