# Please cite the following papers in research using this covariance:
# arXiv: 1601.05779, https://arxiv.org/abs/1601.05779
# arXiv: 1911.11947, https://arxiv.org/abs/1911.11947
# arXiv: 2004.04833, https://arxiv.org/abs/2004.04833
# arXiv: 1804.10663, https://arxiv.org/abs/1804.10663
########################################################
209 209 8.249656e-04 8.249656e-04 3 3 3 3 6.961065e-11 0.000000e+00
209 210 8.249656e-04 1.038570e-03 3 3 3 3 1.161225e-13 0.000000e+00
209 211 8.249656e-04 1.307482e-03 3 3 3 3 3.890420e-14 0.000000e+00
209 212 8.249656e-04 1.646023e-03 3 3 3 3 1.257936e-14 0.000000e+00
209 213 8.249656e-04 2.072220e-03 3 3 3 3 4.008085e-15 0.000000e+00
209 214 8.249656e-04 2.608770e-03 3 3 3 3 1.271014e-15 0.000000e+00
209 215 8.249656e-04 3.284247e-03 3 3 3 3 4.042671e-16 0.000000e+00
209 216 8.249656e-04 4.134622e-03 3 3 3 3 1.306609e-16 0.000000e+00
209 217 8.249656e-04 5.205181e-03 3 3 3 3 4.283513e-17 0.000000e+00
209 218 8.249656e-04 6.552935e-03 3 3 3 3 1.483161e-17 0.000000e+00
209 219 8.249656e-04 8.249656e-03 3 3 3 3 5.134974e-18 0.000000e+00
210 209 1.038570e-03 8.249656e-04 3 3 3 3 1.161225e-13 0.000000e+00
210 210 1.038570e-03 1.038570e-03 3 3 3 3 4.415168e-11 0.000000e+00
210 211 1.038570e-03 1.307482e-03 3 3 3 3 1.062506e-13 0.000000e+00
210 212 1.038570e-03 1.646023e-03 3 3 3 3 3.373642e-14 0.000000e+00
210 213 1.038570e-03 2.072220e-03 3 3 3 3 1.053247e-14 0.000000e+00
210 214 1.038570e-03 2.608770e-03 3 3 3 3 3.286627e-15 0.000000e+00
210 215 1.038570e-03 3.284247e-03 3 3 3 3 1.033624e-15 0.000000e+00
210 216 1.038570e-03 4.134622e-03 3 3 3 3 3.311082e-16 0.000000e+00
210 217 1.038570e-03 5.205181e-03 3 3 3 3 1.090312e-16 0.000000e+00
210 218 1.038570e-03 6.552935e-03 3 3 3 3 3.703179e-17 0.000000e+00
210 219 1.038570e-03 8.249656e-03 3 3 3 3 1.309850e-17 0.000000e+00
211 209 1.307482e-03 8.249656e-04 3 3 3 3 3.890420e-14 0.000000e+00
211 210 1.307482e-03 1.038570e-03 3 3 3 3 1.062506e-13 0.000000e+00
211 211 1.307482e-03 1.307482e-03 3 3 3 3 2.798169e-11 0.000000e+00
211 212 1.307482e-03 1.646023e-03 3 3 3 3 9.499396e-14 0.000000e+00
211 213 1.307482e-03 2.072220e-03 3 3 3 3 2.860514e-14 0.000000e+00
211 214 1.307482e-03 2.608770e-03 3 3 3 3 8.672915e-15 0.000000e+00
211 215 1.307482e-03 3.284247e-03 3 3 3 3 2.675760e-15 0.000000e+00
211 216 1.307482e-03 4.134622e-03 3 3 3 3 8.458930e-16 0.000000e+00
211 217 1.307482e-03 5.205181e-03 3 3 3 3 2.762169e-16 0.000000e+00
211 218 1.307482e-03 6.552935e-03 3 3 3 3 9.383752e-17 0.000000e+00
211 219 1.307482e-03 8.249656e-03 3 3 3 3 3.336030e-17 0.000000e+00
212 209 1.646023e-03 8.249656e-04 3 3 3 3 1.257936e-14 0.000000e+00
212 210 1.646023e-03 1.038570e-03 3 3 3 3 3.373642e-14 0.000000e+00
212 211 1.646023e-03 1.307482e-03 3 3 3 3 9.499396e-14 0.000000e+00
212 212 1.646023e-03 1.646023e-03 3 3 3 3 1.774573e-11 0.000000e+00
212 213 1.646023e-03 2.072220e-03 3 3 3 3 8.308848e-14 0.000000e+00
212 214 1.646023e-03 2.608770e-03 3 3 3 3 2.380610e-14 0.000000e+00
212 215 1.646023e-03 3.284247e-03 3 3 3 3 7.079116e-15 0.000000e+00
212 216 1.646023e-03 4.134622e-03 3 3 3 3 2.187774e-15 0.000000e+00
212 217 1.646023e-03 5.205181e-03 3 3 3 3 7.048798e-16 0.000000e+00
212 218 1.646023e-03 6.552935e-03 3 3 3 3 2.372506e-16 0.000000e+00
212 219 1.646023e-03 8.249656e-03 3 3 3 3 8.354746e-17 0.000000e+00
213 209 2.072220e-03 8.249656e-04 3 3 3 3 4.008085e-15 0.000000e+00
213 210 2.072220e-03 1.038570e-03 3 3 3 3 1.053247e-14 0.000000e+00
213 211 2.072220e-03 1.307482e-03 3 3 3 3 2.860514e-14 0.000000e+00
213 212 2.072220e-03 1.646023e-03 3 3 3 3 8.308848e-14 0.000000e+00
213 213 2.072220e-03 2.072220e-03 3 3 3 3 1.125136e-11 0.000000e+00
213 214 2.072220e-03 2.608770e-03 3 3 3 3 7.127227e-14 0.000000e+00
213 215 2.072220e-03 3.284247e-03 3 3 3 3 1.957189e-14 0.000000e+00
213 216 2.072220e-03 4.134622e-03 3 3 3 3 5.785696e-15 0.000000e+00
213 217 2.072220e-03 5.205181e-03 3 3 3 3 1.817973e-15 0.000000e+00
213 218 2.072220e-03 6.552935e-03 3 3 3 3 6.038555e-16 0.000000e+00
213 219 2.072220e-03 8.249656e-03 3 3 3 3 2.114828e-16 0.000000e+00
214 209 2.608770e-03 8.249656e-04 3 3 3 3 1.271014e-15 0.000000e+00
214 210 2.608770e-03 1.038570e-03 3 3 3 3 3.286627e-15 0.000000e+00
214 211 2.608770e-03 1.307482e-03 3 3 3 3 8.672915e-15 0.000000e+00
214 212 2.608770e-03 1.646023e-03 3 3 3 3 2.380610e-14 0.000000e+00
214 213 2.608770e-03 2.072220e-03 3 3 3 3 7.127227e-14 0.000000e+00
214 214 2.608770e-03 2.608770e-03 3 3 3 3 7.129214e-12 0.000000e+00
214 215 2.608770e-03 3.284247e-03 3 3 3 3 6.018234e-14 0.000000e+00
214 216 2.608770e-03 4.134622e-03 3 3 3 3 1.603147e-14 0.000000e+00
214 217 2.608770e-03 5.205181e-03 3 3 3 3 4.789638e-15 0.000000e+00
214 218 2.608770e-03 6.552935e-03 3 3 3 3 1.551409e-15 0.000000e+00
214 219 2.608770e-03 8.249656e-03 3 3 3 3 5.360378e-16 0.000000e+00
215 209 3.284247e-03 8.249656e-04 3 3 3 3 4.042671e-16 0.000000e+00
215 210 3.284247e-03 1.038570e-03 3 3 3 3 1.033624e-15 0.000000e+00
215 211 3.284247e-03 1.307482e-03 3 3 3 3 2.675760e-15 0.000000e+00
215 212 3.284247e-03 1.646023e-03 3 3 3 3 7.079116e-15 0.000000e+00
215 213 3.284247e-03 2.072220e-03 3 3 3 3 1.957189e-14 0.000000e+00
215 214 3.284247e-03 2.608770e-03 3 3 3 3 6.018234e-14 0.000000e+00
215 215 3.284247e-03 3.284247e-03 3 3 3 3 4.514750e-12 0.000000e+00
215 216 3.284247e-03 4.134622e-03 3 3 3 3 5.028854e-14 0.000000e+00
215 217 3.284247e-03 5.205181e-03 3 3 3 3 1.322027e-14 0.000000e+00
215 218 3.284247e-03 6.552935e-03 3 3 3 3 4.060142e-15 0.000000e+00
215 219 3.284247e-03 8.249656e-03 3 3 3 3 1.369541e-15 0.000000e+00
216 209 4.134622e-03 8.249656e-04 3 3 3 3 1.306609e-16 0.000000e+00
216 210 4.134622e-03 1.038570e-03 3 3 3 3 3.311082e-16 0.000000e+00
216 211 4.134622e-03 1.307482e-03 3 3 3 3 8.458930e-16 0.000000e+00
216 212 4.134622e-03 1.646023e-03 3 3 3 3 2.187774e-15 0.000000e+00
216 213 4.134622e-03 2.072220e-03 3 3 3 3 5.785696e-15 0.000000e+00
216 214 4.134622e-03 2.608770e-03 3 3 3 3 1.603147e-14 0.000000e+00
216 215 4.134622e-03 3.284247e-03 3 3 3 3 5.028854e-14 0.000000e+00
216 216 4.134622e-03 4.134622e-03 3 3 3 3 2.861274e-12 0.000000e+00
216 217 4.134622e-03 5.205181e-03 3 3 3 3 4.186805e-14 0.000000e+00
216 218 4.134622e-03 6.552935e-03 3 3 3 3 1.109581e-14 0.000000e+00
216 219 4.134622e-03 8.249656e-03 3 3 3 3 3.552953e-15 0.000000e+00
217 209 5.205181e-03 8.249656e-04 3 3 3 3 4.283513e-17 0.000000e+00
217 210 5.205181e-03 1.038570e-03 3 3 3 3 1.090312e-16 0.000000e+00
217 211 5.205181e-03 1.307482e-03 3 3 3 3 2.762169e-16 0.000000e+00
217 212 5.205181e-03 1.646023e-03 3 3 3 3 7.048798e-16 0.000000e+00
217 213 5.205181e-03 2.072220e-03 3 3 3 3 1.817973e-15 0.000000e+00
217 214 5.205181e-03 2.608770e-03 3 3 3 3 4.789638e-15 0.000000e+00
217 215 5.205181e-03 3.284247e-03 3 3 3 3 1.322027e-14 0.000000e+00
217 216 5.205181e-03 4.134622e-03 3 3 3 3 4.186805e-14 0.000000e+00
217 217 5.205181e-03 5.205181e-03 3 3 3 3 1.813217e-12 0.000000e+00
217 218 5.205181e-03 6.552935e-03 3 3 3 3 3.501325e-14 0.000000e+00
217 219 5.205181e-03 8.249656e-03 3 3 3 3 9.567536e-15 0.000000e+00
218 209 6.552935e-03 8.249656e-04 3 3 3 3 1.483161e-17 0.000000e+00
218 210 6.552935e-03 1.038570e-03 3 3 3 3 3.703179e-17 0.000000e+00
218 211 6.552935e-03 1.307482e-03 3 3 3 3 9.383752e-17 0.000000e+00
218 212 6.552935e-03 1.646023e-03 3 3 3 3 2.372506e-16 0.000000e+00
218 213 6.552935e-03 2.072220e-03 3 3 3 3 6.038555e-16 0.000000e+00
218 214 6.552935e-03 2.608770e-03 3 3 3 3 1.551409e-15 0.000000e+00
218 215 6.552935e-03 3.284247e-03 3 3 3 3 4.060142e-15 0.000000e+00
218 216 6.552935e-03 4.134622e-03 3 3 3 3 1.109581e-14 0.000000e+00
218 217 6.552935e-03 5.205181e-03 3 3 3 3 3.501325e-14 0.000000e+00
218 218 6.552935e-03 6.552935e-03 3 3 3 3 1.148689e-12 0.000000e+00
218 219 6.552935e-03 8.249656e-03 3 3 3 3 2.966421e-14 0.000000e+00
219 209 8.249656e-03 8.249656e-04 3 3 3 3 5.134974e-18 0.000000e+00
219 210 8.249656e-03 1.038570e-03 3 3 3 3 1.309850e-17 0.000000e+00
219 211 8.249656e-03 1.307482e-03 3 3 3 3 3.336030e-17 0.000000e+00
219 212 8.249656e-03 1.646023e-03 3 3 3 3 8.354746e-17 0.000000e+00
219 213 8.249656e-03 2.072220e-03 3 3 3 3 2.114828e-16 0.000000e+00
219 214 8.249656e-03 2.608770e-03 3 3 3 3 5.360378e-16 0.000000e+00
219 215 8.249656e-03 3.284247e-03 3 3 3 3 1.369541e-15 0.000000e+00
219 216 8.249656e-03 4.134622e-03 3 3 3 3 3.552953e-15 0.000000e+00
219 217 8.249656e-03 5.205181e-03 3 3 3 3 9.567536e-15 0.000000e+00
219 218 8.249656e-03 6.552935e-03 3 3 3 3 2.966421e-14 0.000000e+00
219 219 8.249656e-03 8.249656e-03 3 3 3 3 7.280995e-13 0.000000e+00
