# Please cite the following papers in research using this covariance:
# arXiv: 1601.05779, https://arxiv.org/abs/1601.05779
# arXiv: 1911.11947, https://arxiv.org/abs/1911.11947
# arXiv: 2004.04833, https://arxiv.org/abs/2004.04833
# arXiv: 1804.10663, https://arxiv.org/abs/1804.10663
########################################################
22 198 8.249656e-04 8.249656e-04 0 2 2 3 0.000000e+00 0.000000e+00
22 199 8.249656e-04 1.038570e-03 0 2 2 3 -6.178860e-15 0.000000e+00
22 200 8.249656e-04 1.307482e-03 0 2 2 3 -2.730122e-15 0.000000e+00
22 201 8.249656e-04 1.646023e-03 0 2 2 3 2.795230e-15 0.000000e+00
22 202 8.249656e-04 2.072220e-03 0 2 2 3 6.990592e-15 0.000000e+00
22 203 8.249656e-04 2.608770e-03 0 2 2 3 9.349779e-15 0.000000e+00
22 204 8.249656e-04 3.284247e-03 0 2 2 3 1.025280e-14 0.000000e+00
22 205 8.249656e-04 4.134622e-03 0 2 2 3 1.021715e-14 0.000000e+00
22 206 8.249656e-04 5.205181e-03 0 2 2 3 9.673743e-15 0.000000e+00
22 207 8.249656e-04 6.552935e-03 0 2 2 3 8.928930e-15 0.000000e+00
22 208 8.249656e-04 8.249656e-03 0 2 2 3 8.182014e-15 0.000000e+00
23 198 1.038570e-03 8.249656e-04 0 2 2 3 7.981998e-17 0.000000e+00
23 199 1.038570e-03 1.038570e-03 0 2 2 3 0.000000e+00 0.000000e+00
23 200 1.038570e-03 1.307482e-03 0 2 2 3 -6.085430e-15 0.000000e+00
23 201 1.038570e-03 1.646023e-03 0 2 2 3 -2.693560e-15 0.000000e+00
23 202 1.038570e-03 2.072220e-03 0 2 2 3 2.548427e-15 0.000000e+00
23 203 1.038570e-03 2.608770e-03 0 2 2 3 6.376681e-15 0.000000e+00
23 204 1.038570e-03 3.284247e-03 0 2 2 3 8.429350e-15 0.000000e+00
23 205 1.038570e-03 4.134622e-03 0 2 2 3 9.150639e-15 0.000000e+00
23 206 1.038570e-03 5.205181e-03 0 2 2 3 9.065901e-15 0.000000e+00
23 207 1.038570e-03 6.552935e-03 0 2 2 3 8.586138e-15 0.000000e+00
23 208 1.038570e-03 8.249656e-03 0 2 2 3 7.988254e-15 0.000000e+00
24 198 1.307482e-03 8.249656e-04 0 2 2 3 5.991161e-17 0.000000e+00
24 199 1.307482e-03 1.038570e-03 0 2 2 3 1.417946e-16 0.000000e+00
24 200 1.307482e-03 1.307482e-03 0 2 2 3 0.000000e+00 0.000000e+00
24 201 1.307482e-03 1.646023e-03 0 2 2 3 -5.897384e-15 0.000000e+00
24 202 1.307482e-03 2.072220e-03 0 2 2 3 -2.599088e-15 0.000000e+00
24 203 1.307482e-03 2.608770e-03 0 2 2 3 2.304217e-15 0.000000e+00
24 204 1.307482e-03 3.284247e-03 0 2 2 3 5.754050e-15 0.000000e+00
24 205 1.307482e-03 4.134622e-03 0 2 2 3 7.532354e-15 0.000000e+00
24 206 1.307482e-03 5.205181e-03 0 2 2 3 8.126864e-15 0.000000e+00
24 207 1.307482e-03 6.552935e-03 0 2 2 3 8.051256e-15 0.000000e+00
24 208 1.307482e-03 8.249656e-03 0 2 2 3 7.684164e-15 0.000000e+00
25 198 1.646023e-03 8.249656e-04 0 2 2 3 2.690432e-17 0.000000e+00
25 199 1.646023e-03 1.038570e-03 0 2 2 3 7.292896e-17 0.000000e+00
25 200 1.646023e-03 1.307482e-03 0 2 2 3 1.997196e-16 0.000000e+00
25 201 1.646023e-03 1.646023e-03 0 2 2 3 0.000000e+00 0.000000e+00
25 202 1.646023e-03 2.072220e-03 0 2 2 3 -5.621240e-15 0.000000e+00
25 203 1.646023e-03 2.608770e-03 0 2 2 3 -2.451409e-15 0.000000e+00
25 204 1.646023e-03 3.284247e-03 0 2 2 3 2.073510e-15 0.000000e+00
25 205 1.646023e-03 4.134622e-03 0 2 2 3 5.152758e-15 0.000000e+00
25 206 1.646023e-03 5.205181e-03 0 2 2 3 6.700614e-15 0.000000e+00
25 207 1.646023e-03 6.552935e-03 0 2 2 3 7.224726e-15 0.000000e+00
25 208 1.646023e-03 8.249656e-03 0 2 2 3 7.209678e-15 0.000000e+00
26 198 2.072220e-03 8.249656e-04 0 2 2 3 1.112601e-17 0.000000e+00
26 199 2.072220e-03 1.038570e-03 0 2 2 3 2.909665e-17 0.000000e+00
26 200 2.072220e-03 1.307482e-03 0 2 2 3 8.295225e-17 0.000000e+00
26 201 2.072220e-03 1.646023e-03 0 2 2 3 2.483426e-16 0.000000e+00
26 202 2.072220e-03 2.072220e-03 0 2 2 3 0.000000e+00 0.000000e+00
26 203 2.072220e-03 2.608770e-03 0 2 2 3 -5.269570e-15 0.000000e+00
26 204 2.072220e-03 3.284247e-03 0 2 2 3 -2.259502e-15 0.000000e+00
26 205 2.072220e-03 4.134622e-03 0 2 2 3 1.865664e-15 0.000000e+00
26 206 2.072220e-03 5.205181e-03 0 2 2 3 4.599694e-15 0.000000e+00
26 207 2.072220e-03 6.552935e-03 0 2 2 3 5.968796e-15 0.000000e+00
26 208 2.072220e-03 8.249656e-03 0 2 2 3 6.476641e-15 0.000000e+00
27 198 2.608770e-03 8.249656e-04 0 2 2 3 4.552511e-18 0.000000e+00
27 199 2.608770e-03 1.038570e-03 0 2 2 3 1.083890e-17 0.000000e+00
27 200 2.608770e-03 1.307482e-03 0 2 2 3 3.000712e-17 0.000000e+00
27 201 2.608770e-03 1.646023e-03 0 2 2 3 8.798867e-17 0.000000e+00
27 202 2.608770e-03 2.072220e-03 0 2 2 3 2.834510e-16 0.000000e+00
27 203 2.608770e-03 2.608770e-03 0 2 2 3 0.000000e+00 0.000000e+00
27 204 2.608770e-03 3.284247e-03 0 2 2 3 -4.860683e-15 0.000000e+00
27 205 2.608770e-03 4.134622e-03 0 2 2 3 -2.035699e-15 0.000000e+00
27 206 2.608770e-03 5.205181e-03 0 2 2 3 1.687691e-15 0.000000e+00
27 207 2.608770e-03 6.552935e-03 0 2 2 3 4.117000e-15 0.000000e+00
27 208 2.608770e-03 8.249656e-03 0 2 2 3 5.362961e-15 0.000000e+00
28 198 3.284247e-03 8.249656e-04 0 2 2 3 1.924574e-18 0.000000e+00
28 199 3.284247e-03 1.038570e-03 0 2 2 3 3.791578e-18 0.000000e+00
28 200 3.284247e-03 1.307482e-03 0 2 2 3 1.036048e-17 0.000000e+00
28 201 3.284247e-03 1.646023e-03 0 2 2 3 2.915863e-17 0.000000e+00
28 202 3.284247e-03 2.072220e-03 0 2 2 3 8.760622e-17 0.000000e+00
28 203 3.284247e-03 2.608770e-03 0 2 2 3 3.026488e-16 0.000000e+00
28 204 3.284247e-03 3.284247e-03 0 2 2 3 0.000000e+00 0.000000e+00
28 205 3.284247e-03 4.134622e-03 0 2 2 3 -4.416683e-15 0.000000e+00
28 206 3.284247e-03 5.205181e-03 0 2 2 3 -1.794304e-15 0.000000e+00
28 207 3.284247e-03 6.552935e-03 0 2 2 3 1.544583e-15 0.000000e+00
28 208 3.284247e-03 8.249656e-03 0 2 2 3 3.721094e-15 0.000000e+00
29 198 4.134622e-03 8.249656e-04 0 2 2 3 9.580429e-19 0.000000e+00
29 199 4.134622e-03 1.038570e-03 0 2 2 3 1.237668e-18 0.000000e+00
29 200 4.134622e-03 1.307482e-03 0 2 2 3 3.417801e-18 0.000000e+00
29 201 4.134622e-03 1.646023e-03 0 2 2 3 9.440152e-18 0.000000e+00
29 202 4.134622e-03 2.072220e-03 0 2 2 3 2.660508e-17 0.000000e+00
29 203 4.134622e-03 2.608770e-03 0 2 2 3 8.233655e-17 0.000000e+00
29 204 4.134622e-03 3.284247e-03 0 2 2 3 3.048158e-16 0.000000e+00
29 205 4.134622e-03 4.134622e-03 0 2 2 3 0.000000e+00 0.000000e+00
29 206 4.134622e-03 5.205181e-03 0 2 2 3 -3.961061e-15 0.000000e+00
29 207 4.134622e-03 6.552935e-03 0 2 2 3 -1.549738e-15 0.000000e+00
29 208 4.134622e-03 8.249656e-03 0 2 2 3 1.439158e-15 0.000000e+00
30 198 5.205181e-03 8.249656e-04 0 2 2 3 5.895015e-19 0.000000e+00
30 199 5.205181e-03 1.038570e-03 0 2 2 3 3.278375e-19 0.000000e+00
30 200 5.205181e-03 1.307482e-03 0 2 2 3 1.027017e-18 0.000000e+00
30 201 5.205181e-03 1.646023e-03 0 2 2 3 2.942988e-18 0.000000e+00
30 202 5.205181e-03 2.072220e-03 0 2 2 3 7.912863e-18 0.000000e+00
30 203 5.205181e-03 2.608770e-03 0 2 2 3 2.284690e-17 0.000000e+00
30 204 5.205181e-03 3.284247e-03 0 2 2 3 7.297409e-17 0.000000e+00
30 205 5.205181e-03 4.134622e-03 0 2 2 3 2.908356e-16 0.000000e+00
30 206 5.205181e-03 5.205181e-03 0 2 2 3 0.000000e+00 0.000000e+00
30 207 5.205181e-03 6.552935e-03 0 2 2 3 -3.516763e-15 0.000000e+00
30 208 5.205181e-03 8.249656e-03 0 2 2 3 -1.315250e-15 0.000000e+00
31 198 6.552935e-03 8.249656e-04 0 2 2 3 4.869557e-19 0.000000e+00
31 199 6.552935e-03 1.038570e-03 0 2 2 3 2.708128e-20 0.000000e+00
31 200 6.552935e-03 1.307482e-03 0 2 2 3 2.640011e-19 0.000000e+00
31 201 6.552935e-03 1.646023e-03 0 2 2 3 8.892294e-19 0.000000e+00
31 202 6.552935e-03 2.072220e-03 0 2 2 3 2.254584e-18 0.000000e+00
31 203 6.552935e-03 2.608770e-03 0 2 2 3 6.242844e-18 0.000000e+00
31 204 6.552935e-03 3.284247e-03 0 2 2 3 1.833295e-17 0.000000e+00
31 205 6.552935e-03 4.134622e-03 0 2 2 3 6.069343e-17 0.000000e+00
31 206 6.552935e-03 5.205181e-03 0 2 2 3 2.629501e-16 0.000000e+00
31 207 6.552935e-03 6.552935e-03 0 2 2 3 0.000000e+00 0.000000e+00
31 208 6.552935e-03 8.249656e-03 0 2 2 3 -3.104265e-15 0.000000e+00
32 198 8.249656e-03 8.249656e-04 0 2 2 3 4.407275e-19 0.000000e+00
32 199 8.249656e-03 1.038570e-03 0 2 2 3 -6.773242e-20 0.000000e+00
32 200 8.249656e-03 1.307482e-03 0 2 2 3 2.135914e-20 0.000000e+00
32 201 8.249656e-03 1.646023e-03 0 2 2 3 2.506928e-19 0.000000e+00
32 202 8.249656e-03 2.072220e-03 0 2 2 3 5.711554e-19 0.000000e+00
32 203 8.249656e-03 2.608770e-03 0 2 2 3 1.561731e-18 0.000000e+00
32 204 8.249656e-03 3.284247e-03 0 2 2 3 4.412355e-18 0.000000e+00
32 205 8.249656e-03 4.134622e-03 0 2 2 3 1.339561e-17 0.000000e+00
32 206 8.249656e-03 5.205181e-03 0 2 2 3 4.668358e-17 0.000000e+00
32 207 8.249656e-03 6.552935e-03 0 2 2 3 2.243883e-16 0.000000e+00
32 208 8.249656e-03 8.249656e-03 0 2 2 3 0.000000e+00 0.000000e+00
