# Please cite the following papers in research using this covariance:
# arXiv: 1601.05779, https://arxiv.org/abs/1601.05779
# arXiv: 1911.11947, https://arxiv.org/abs/1911.11947
# arXiv: 2004.04833, https://arxiv.org/abs/2004.04833
# arXiv: 1804.10663, https://arxiv.org/abs/1804.10663
########################################################
88 99 8.249656e-04 8.249656e-04 2 3 3 3 0.000000e+00 0.000000e+00
88 100 8.249656e-04 1.038570e-03 2 3 3 3 8.771005e-13 0.000000e+00
88 101 8.249656e-04 1.307482e-03 2 3 3 3 7.641965e-13 0.000000e+00
88 102 8.249656e-04 1.646023e-03 2 3 3 3 6.763994e-13 0.000000e+00
88 103 8.249656e-04 2.072220e-03 2 3 3 3 6.074732e-13 0.000000e+00
88 104 8.249656e-04 2.608770e-03 2 3 3 3 5.516548e-13 0.000000e+00
88 105 8.249656e-04 3.284247e-03 2 3 3 3 5.045526e-13 0.000000e+00
88 106 8.249656e-04 4.134622e-03 2 3 3 3 4.629136e-13 0.000000e+00
88 107 8.249656e-04 5.205181e-03 2 3 3 3 4.243603e-13 0.000000e+00
88 108 8.249656e-04 6.552935e-03 2 3 3 3 3.871933e-13 0.000000e+00
88 109 8.249656e-04 8.249656e-03 2 3 3 3 3.502583e-13 0.000000e+00
89 99 1.038570e-03 8.249656e-04 2 3 3 3 8.771005e-13 0.000000e+00
89 100 1.038570e-03 1.038570e-03 2 3 3 3 0.000000e+00 0.000000e+00
89 101 1.038570e-03 1.307482e-03 2 3 3 3 7.880810e-13 0.000000e+00
89 102 1.038570e-03 1.646023e-03 2 3 3 3 6.879217e-13 0.000000e+00
89 103 1.038570e-03 2.072220e-03 2 3 3 3 6.126822e-13 0.000000e+00
89 104 1.038570e-03 2.608770e-03 2 3 3 3 5.539002e-13 0.000000e+00
89 105 1.038570e-03 3.284247e-03 2 3 3 3 5.054585e-13 0.000000e+00
89 106 1.038570e-03 4.134622e-03 2 3 3 3 4.632403e-13 0.000000e+00
89 107 1.038570e-03 5.205181e-03 2 3 3 3 4.244527e-13 0.000000e+00
89 108 1.038570e-03 6.552935e-03 2 3 3 3 3.872016e-13 0.000000e+00
89 109 1.038570e-03 8.249656e-03 2 3 3 3 3.502442e-13 0.000000e+00
90 99 1.307482e-03 8.249656e-04 2 3 3 3 7.641965e-13 0.000000e+00
90 100 1.307482e-03 1.038570e-03 2 3 3 3 7.880810e-13 0.000000e+00
90 101 1.307482e-03 1.307482e-03 2 3 3 3 0.000000e+00 0.000000e+00
90 102 1.307482e-03 1.646023e-03 2 3 3 3 7.104988e-13 0.000000e+00
90 103 1.307482e-03 2.072220e-03 2 3 3 3 6.224146e-13 0.000000e+00
90 104 1.307482e-03 2.608770e-03 2 3 3 3 5.579120e-13 0.000000e+00
90 105 1.307482e-03 3.284247e-03 2 3 3 3 5.070293e-13 0.000000e+00
90 106 1.307482e-03 4.134622e-03 2 3 3 3 4.637974e-13 0.000000e+00
90 107 1.307482e-03 5.205181e-03 2 3 3 3 4.246104e-13 0.000000e+00
90 108 1.307482e-03 6.552935e-03 2 3 3 3 3.872183e-13 0.000000e+00
90 109 1.307482e-03 8.249656e-03 2 3 3 3 3.502232e-13 0.000000e+00
91 99 1.646023e-03 8.249656e-04 2 3 3 3 6.763994e-13 0.000000e+00
91 100 1.646023e-03 1.038570e-03 2 3 3 3 6.879217e-13 0.000000e+00
91 101 1.646023e-03 1.307482e-03 2 3 3 3 7.104988e-13 0.000000e+00
91 102 1.646023e-03 1.646023e-03 2 3 3 3 0.000000e+00 0.000000e+00
91 103 1.646023e-03 2.072220e-03 2 3 3 3 6.427758e-13 0.000000e+00
91 104 1.646023e-03 2.608770e-03 2 3 3 3 5.656901e-13 0.000000e+00
91 105 1.646023e-03 3.284247e-03 2 3 3 3 5.099115e-13 0.000000e+00
91 106 1.646023e-03 4.134622e-03 2 3 3 3 4.647879e-13 0.000000e+00
91 107 1.646023e-03 5.205181e-03 2 3 3 3 4.248889e-13 0.000000e+00
91 108 1.646023e-03 6.552935e-03 2 3 3 3 3.872518e-13 0.000000e+00
91 109 1.646023e-03 8.249656e-03 2 3 3 3 3.501914e-13 0.000000e+00
92 99 2.072220e-03 8.249656e-04 2 3 3 3 6.074732e-13 0.000000e+00
92 100 2.072220e-03 1.038570e-03 2 3 3 3 6.126822e-13 0.000000e+00
92 101 2.072220e-03 1.307482e-03 2 3 3 3 6.224146e-13 0.000000e+00
92 102 2.072220e-03 1.646023e-03 2 3 3 3 6.427758e-13 0.000000e+00
92 103 2.072220e-03 2.072220e-03 2 3 3 3 0.000000e+00 0.000000e+00
92 104 2.072220e-03 2.608770e-03 2 3 3 3 5.832195e-13 0.000000e+00
92 105 2.072220e-03 3.284247e-03 2 3 3 3 5.157577e-13 0.000000e+00
92 106 2.072220e-03 4.134622e-03 2 3 3 3 4.666777e-13 0.000000e+00
92 107 2.072220e-03 5.205181e-03 2 3 3 3 4.254109e-13 0.000000e+00
92 108 2.072220e-03 6.552935e-03 2 3 3 3 3.873246e-13 0.000000e+00
92 109 2.072220e-03 8.249656e-03 2 3 3 3 3.501454e-13 0.000000e+00
93 99 2.608770e-03 8.249656e-04 2 3 3 3 5.516548e-13 0.000000e+00
93 100 2.608770e-03 1.038570e-03 2 3 3 3 5.539002e-13 0.000000e+00
93 101 2.608770e-03 1.307482e-03 2 3 3 3 5.579120e-13 0.000000e+00
93 102 2.608770e-03 1.646023e-03 2 3 3 3 5.656901e-13 0.000000e+00
93 103 2.608770e-03 2.072220e-03 2 3 3 3 5.832195e-13 0.000000e+00
93 104 2.608770e-03 2.608770e-03 2 3 3 3 0.000000e+00 0.000000e+00
93 105 2.608770e-03 3.284247e-03 2 3 3 3 5.301427e-13 0.000000e+00
93 106 2.608770e-03 4.134622e-03 2 3 3 3 4.707554e-13 0.000000e+00
93 107 2.608770e-03 5.205181e-03 2 3 3 3 4.264843e-13 0.000000e+00
93 108 2.608770e-03 6.552935e-03 2 3 3 3 3.874965e-13 0.000000e+00
93 109 2.608770e-03 8.249656e-03 2 3 3 3 3.500847e-13 0.000000e+00
94 99 3.284247e-03 8.249656e-04 2 3 3 3 5.045526e-13 0.000000e+00
94 100 3.284247e-03 1.038570e-03 2 3 3 3 5.054585e-13 0.000000e+00
94 101 3.284247e-03 1.307482e-03 2 3 3 3 5.070293e-13 0.000000e+00
94 102 3.284247e-03 1.646023e-03 2 3 3 3 5.099115e-13 0.000000e+00
94 103 3.284247e-03 2.072220e-03 2 3 3 3 5.157577e-13 0.000000e+00
94 104 3.284247e-03 2.608770e-03 2 3 3 3 5.301427e-13 0.000000e+00
94 105 3.284247e-03 3.284247e-03 2 3 3 3 0.000000e+00 0.000000e+00
94 106 3.284247e-03 4.134622e-03 2 3 3 3 4.819610e-13 0.000000e+00
94 107 3.284247e-03 5.205181e-03 2 3 3 3 4.290492e-13 0.000000e+00
94 108 3.284247e-03 6.552935e-03 2 3 3 3 3.879449e-13 0.000000e+00
94 109 3.284247e-03 8.249656e-03 2 3 3 3 3.500239e-13 0.000000e+00
95 99 4.134622e-03 8.249656e-04 2 3 3 3 4.629136e-13 0.000000e+00
95 100 4.134622e-03 1.038570e-03 2 3 3 3 4.632403e-13 0.000000e+00
95 101 4.134622e-03 1.307482e-03 2 3 3 3 4.637974e-13 0.000000e+00
95 102 4.134622e-03 1.646023e-03 2 3 3 3 4.647879e-13 0.000000e+00
95 103 4.134622e-03 2.072220e-03 2 3 3 3 4.666777e-13 0.000000e+00
95 104 4.134622e-03 2.608770e-03 2 3 3 3 4.707554e-13 0.000000e+00
95 105 4.134622e-03 3.284247e-03 2 3 3 3 4.819610e-13 0.000000e+00
95 106 4.134622e-03 4.134622e-03 2 3 3 3 0.000000e+00 0.000000e+00
95 107 4.134622e-03 5.205181e-03 2 3 3 3 4.372711e-13 0.000000e+00
95 108 4.134622e-03 6.552935e-03 2 3 3 3 3.893027e-13 0.000000e+00
95 109 4.134622e-03 8.249656e-03 2 3 3 3 3.500427e-13 0.000000e+00
96 99 5.205181e-03 8.249656e-04 2 3 3 3 4.243603e-13 0.000000e+00
96 100 5.205181e-03 1.038570e-03 2 3 3 3 4.244527e-13 0.000000e+00
96 101 5.205181e-03 1.307482e-03 2 3 3 3 4.246104e-13 0.000000e+00
96 102 5.205181e-03 1.646023e-03 2 3 3 3 4.248889e-13 0.000000e+00
96 103 5.205181e-03 2.072220e-03 2 3 3 3 4.254109e-13 0.000000e+00
96 104 5.205181e-03 2.608770e-03 2 3 3 3 4.264843e-13 0.000000e+00
96 105 5.205181e-03 3.284247e-03 2 3 3 3 4.290492e-13 0.000000e+00
96 106 5.205181e-03 4.134622e-03 2 3 3 3 4.372711e-13 0.000000e+00
96 107 5.205181e-03 5.205181e-03 2 3 3 3 0.000000e+00 0.000000e+00
96 108 5.205181e-03 6.552935e-03 2 3 3 3 3.949080e-13 0.000000e+00
96 109 5.205181e-03 8.249656e-03 2 3 3 3 3.505220e-13 0.000000e+00
97 99 6.552935e-03 8.249656e-04 2 3 3 3 3.871933e-13 0.000000e+00
97 100 6.552935e-03 1.038570e-03 2 3 3 3 3.872016e-13 0.000000e+00
97 101 6.552935e-03 1.307482e-03 2 3 3 3 3.872183e-13 0.000000e+00
97 102 6.552935e-03 1.646023e-03 2 3 3 3 3.872518e-13 0.000000e+00
97 103 6.552935e-03 2.072220e-03 2 3 3 3 3.873246e-13 0.000000e+00
97 104 6.552935e-03 2.608770e-03 2 3 3 3 3.874965e-13 0.000000e+00
97 105 6.552935e-03 3.284247e-03 2 3 3 3 3.879449e-13 0.000000e+00
97 106 6.552935e-03 4.134622e-03 2 3 3 3 3.893027e-13 0.000000e+00
97 107 6.552935e-03 5.205181e-03 2 3 3 3 3.949080e-13 0.000000e+00
97 108 6.552935e-03 6.552935e-03 2 3 3 3 0.000000e+00 0.000000e+00
97 109 6.552935e-03 8.249656e-03 2 3 3 3 3.539958e-13 0.000000e+00
98 99 8.249656e-03 8.249656e-04 2 3 3 3 3.502583e-13 0.000000e+00
98 100 8.249656e-03 1.038570e-03 2 3 3 3 3.502442e-13 0.000000e+00
98 101 8.249656e-03 1.307482e-03 2 3 3 3 3.502232e-13 0.000000e+00
98 102 8.249656e-03 1.646023e-03 2 3 3 3 3.501914e-13 0.000000e+00
98 103 8.249656e-03 2.072220e-03 2 3 3 3 3.501454e-13 0.000000e+00
98 104 8.249656e-03 2.608770e-03 2 3 3 3 3.500847e-13 0.000000e+00
98 105 8.249656e-03 3.284247e-03 2 3 3 3 3.500239e-13 0.000000e+00
98 106 8.249656e-03 4.134622e-03 2 3 3 3 3.500427e-13 0.000000e+00
98 107 8.249656e-03 5.205181e-03 2 3 3 3 3.505220e-13 0.000000e+00
98 108 8.249656e-03 6.552935e-03 2 3 3 3 3.539958e-13 0.000000e+00
98 109 8.249656e-03 8.249656e-03 2 3 3 3 0.000000e+00 0.000000e+00
