# Please cite the following papers in research using this covariance:
# arXiv: 1601.05779, https://arxiv.org/abs/1601.05779
# arXiv: 1911.11947, https://arxiv.org/abs/1911.11947
# arXiv: 2004.04833, https://arxiv.org/abs/2004.04833
# arXiv: 1804.10663, https://arxiv.org/abs/1804.10663
########################################################
110 132 8.249656e-04 8.249656e-04 0 0 0 2 0.000000e+00 0.000000e+00
110 133 8.249656e-04 1.038570e-03 0 0 0 2 6.811408e-15 0.000000e+00
110 134 8.249656e-04 1.307482e-03 0 0 0 2 2.567537e-15 0.000000e+00
110 135 8.249656e-04 1.646023e-03 0 0 0 2 9.182035e-16 0.000000e+00
110 136 8.249656e-04 2.072220e-03 0 0 0 2 3.174461e-16 0.000000e+00
110 137 8.249656e-04 2.608770e-03 0 0 0 2 1.067202e-16 0.000000e+00
110 138 8.249656e-04 3.284247e-03 0 0 0 2 3.501801e-17 0.000000e+00
110 139 8.249656e-04 4.134622e-03 0 0 0 2 1.128624e-17 0.000000e+00
110 140 8.249656e-04 5.205181e-03 0 0 0 2 3.583706e-18 0.000000e+00
110 141 8.249656e-04 6.552935e-03 0 0 0 2 1.149352e-18 0.000000e+00
110 142 8.249656e-04 8.249656e-03 0 0 0 2 3.635060e-19 0.000000e+00
111 132 1.038570e-03 8.249656e-04 0 0 0 2 6.811408e-15 0.000000e+00
111 133 1.038570e-03 1.038570e-03 0 0 0 2 0.000000e+00 0.000000e+00
111 134 1.038570e-03 1.307482e-03 0 0 0 2 6.591229e-15 0.000000e+00
111 135 1.038570e-03 1.646023e-03 0 0 0 2 2.380016e-15 0.000000e+00
111 136 1.038570e-03 2.072220e-03 0 0 0 2 8.193385e-16 0.000000e+00
111 137 1.038570e-03 2.608770e-03 0 0 0 2 2.737046e-16 0.000000e+00
111 138 1.038570e-03 3.284247e-03 0 0 0 2 8.929135e-17 0.000000e+00
111 139 1.038570e-03 4.134622e-03 0 0 0 2 2.863132e-17 0.000000e+00
111 140 1.038570e-03 5.205181e-03 0 0 0 2 9.105469e-18 0.000000e+00
111 141 1.038570e-03 6.552935e-03 0 0 0 2 2.884913e-18 0.000000e+00
111 142 1.038570e-03 8.249656e-03 0 0 0 2 9.268943e-19 0.000000e+00
112 132 1.307482e-03 8.249656e-04 0 0 0 2 2.567537e-15 0.000000e+00
112 133 1.307482e-03 1.038570e-03 0 0 0 2 6.591229e-15 0.000000e+00
112 134 1.307482e-03 1.307482e-03 0 0 0 2 0.000000e+00 0.000000e+00
112 135 1.307482e-03 1.646023e-03 0 0 0 2 6.245583e-15 0.000000e+00
112 136 1.307482e-03 2.072220e-03 0 0 0 2 2.150626e-15 0.000000e+00
112 137 1.307482e-03 2.608770e-03 0 0 0 2 7.114059e-16 0.000000e+00
112 138 1.307482e-03 3.284247e-03 0 0 0 2 2.299376e-16 0.000000e+00
112 139 1.307482e-03 4.134622e-03 0 0 0 2 7.315315e-17 0.000000e+00
112 140 1.307482e-03 5.205181e-03 0 0 0 2 2.311649e-17 0.000000e+00
112 141 1.307482e-03 6.552935e-03 0 0 0 2 7.319447e-18 0.000000e+00
112 142 1.307482e-03 8.249656e-03 0 0 0 2 2.361475e-18 0.000000e+00
113 132 1.646023e-03 8.249656e-04 0 0 0 2 9.182035e-16 0.000000e+00
113 133 1.646023e-03 1.038570e-03 0 0 0 2 2.380016e-15 0.000000e+00
113 134 1.646023e-03 1.307482e-03 0 0 0 2 6.245583e-15 0.000000e+00
113 135 1.646023e-03 1.646023e-03 0 0 0 2 0.000000e+00 0.000000e+00
113 136 1.646023e-03 2.072220e-03 0 0 0 2 5.786995e-15 0.000000e+00
113 137 1.646023e-03 2.608770e-03 0 0 0 2 1.892784e-15 0.000000e+00
113 138 1.646023e-03 3.284247e-03 0 0 0 2 6.019652e-16 0.000000e+00
113 139 1.646023e-03 4.134622e-03 0 0 0 2 1.890371e-16 0.000000e+00
113 140 1.646023e-03 5.205181e-03 0 0 0 2 5.915354e-17 0.000000e+00
113 141 1.646023e-03 6.552935e-03 0 0 0 2 1.858574e-17 0.000000e+00
113 142 1.646023e-03 8.249656e-03 0 0 0 2 5.937464e-18 0.000000e+00
114 132 2.072220e-03 8.249656e-04 0 0 0 2 3.174461e-16 0.000000e+00
114 133 2.072220e-03 1.038570e-03 0 0 0 2 8.193385e-16 0.000000e+00
114 134 2.072220e-03 1.307482e-03 0 0 0 2 2.150626e-15 0.000000e+00
114 135 2.072220e-03 1.646023e-03 0 0 0 2 5.786995e-15 0.000000e+00
114 136 2.072220e-03 2.072220e-03 0 0 0 2 0.000000e+00 0.000000e+00
114 137 2.072220e-03 2.608770e-03 0 0 0 2 5.239547e-15 0.000000e+00
114 138 2.072220e-03 3.284247e-03 0 0 0 2 1.623870e-15 0.000000e+00
114 139 2.072220e-03 4.134622e-03 0 0 0 2 4.981073e-16 0.000000e+00
114 140 2.072220e-03 5.205181e-03 0 0 0 2 1.531920e-16 0.000000e+00
114 141 2.072220e-03 6.552935e-03 0 0 0 2 4.759040e-17 0.000000e+00
114 142 2.072220e-03 8.249656e-03 0 0 0 2 1.510352e-17 0.000000e+00
115 132 2.608770e-03 8.249656e-04 0 0 0 2 1.067202e-16 0.000000e+00
115 133 2.608770e-03 1.038570e-03 0 0 0 2 2.737046e-16 0.000000e+00
115 134 2.608770e-03 1.307482e-03 0 0 0 2 7.114059e-16 0.000000e+00
115 135 2.608770e-03 1.646023e-03 0 0 0 2 1.892784e-15 0.000000e+00
115 136 2.608770e-03 2.072220e-03 0 0 0 2 5.239547e-15 0.000000e+00
115 137 2.608770e-03 2.608770e-03 0 0 0 2 0.000000e+00 0.000000e+00
115 138 2.608770e-03 3.284247e-03 0 0 0 2 4.635924e-15 0.000000e+00
115 139 2.608770e-03 4.134622e-03 0 0 0 2 1.361349e-15 0.000000e+00
115 140 2.608770e-03 5.205181e-03 0 0 0 2 4.055494e-16 0.000000e+00
115 141 2.608770e-03 6.552935e-03 0 0 0 2 1.234125e-16 0.000000e+00
115 142 2.608770e-03 8.249656e-03 0 0 0 2 3.860584e-17 0.000000e+00
116 132 3.284247e-03 8.249656e-04 0 0 0 2 3.501801e-17 0.000000e+00
116 133 3.284247e-03 1.038570e-03 0 0 0 2 8.929135e-17 0.000000e+00
116 134 3.284247e-03 1.307482e-03 0 0 0 2 2.299376e-16 0.000000e+00
116 135 3.284247e-03 1.646023e-03 0 0 0 2 6.019652e-16 0.000000e+00
116 136 3.284247e-03 2.072220e-03 0 0 0 2 1.623870e-15 0.000000e+00
116 137 3.284247e-03 2.608770e-03 0 0 0 2 4.635924e-15 0.000000e+00
116 138 3.284247e-03 3.284247e-03 0 0 0 2 0.000000e+00 0.000000e+00
116 139 3.284247e-03 4.134622e-03 0 0 0 2 4.013161e-15 0.000000e+00
116 140 3.284247e-03 5.205181e-03 0 0 0 2 1.120349e-15 0.000000e+00
116 141 3.284247e-03 6.552935e-03 0 0 0 2 3.275167e-16 0.000000e+00
116 142 3.284247e-03 8.249656e-03 0 0 0 2 9.998015e-17 0.000000e+00
117 132 4.134622e-03 8.249656e-04 0 0 0 2 1.128624e-17 0.000000e+00
117 133 4.134622e-03 1.038570e-03 0 0 0 2 2.863132e-17 0.000000e+00
117 134 4.134622e-03 1.307482e-03 0 0 0 2 7.315315e-17 0.000000e+00
117 135 4.134622e-03 1.646023e-03 0 0 0 2 1.890371e-16 0.000000e+00
117 136 4.134622e-03 2.072220e-03 0 0 0 2 4.981073e-16 0.000000e+00
117 137 4.134622e-03 2.608770e-03 0 0 0 2 1.361349e-15 0.000000e+00
117 138 4.134622e-03 3.284247e-03 0 0 0 2 4.013161e-15 0.000000e+00
117 139 4.134622e-03 4.134622e-03 0 0 0 2 0.000000e+00 0.000000e+00
117 140 4.134622e-03 5.205181e-03 0 0 0 2 3.407145e-15 0.000000e+00
117 141 4.134622e-03 6.552935e-03 0 0 0 2 9.111527e-16 0.000000e+00
117 142 4.134622e-03 8.249656e-03 0 0 0 2 2.651257e-16 0.000000e+00
118 132 5.205181e-03 8.249656e-04 0 0 0 2 3.583706e-18 0.000000e+00
118 133 5.205181e-03 1.038570e-03 0 0 0 2 9.105469e-18 0.000000e+00
118 134 5.205181e-03 1.307482e-03 0 0 0 2 2.311649e-17 0.000000e+00
118 135 5.205181e-03 1.646023e-03 0 0 0 2 5.915354e-17 0.000000e+00
118 136 5.205181e-03 2.072220e-03 0 0 0 2 1.531920e-16 0.000000e+00
118 137 5.205181e-03 2.608770e-03 0 0 0 2 4.055494e-16 0.000000e+00
118 138 5.205181e-03 3.284247e-03 0 0 0 2 1.120349e-15 0.000000e+00
118 139 5.205181e-03 4.134622e-03 0 0 0 2 3.407145e-15 0.000000e+00
118 140 5.205181e-03 5.205181e-03 0 0 0 2 0.000000e+00 0.000000e+00
118 141 5.205181e-03 6.552935e-03 0 0 0 2 2.847840e-15 0.000000e+00
118 142 5.205181e-03 8.249656e-03 0 0 0 2 7.388543e-16 0.000000e+00
119 132 6.552935e-03 8.249656e-04 0 0 0 2 1.149352e-18 0.000000e+00
119 133 6.552935e-03 1.038570e-03 0 0 0 2 2.884913e-18 0.000000e+00
119 134 6.552935e-03 1.307482e-03 0 0 0 2 7.319447e-18 0.000000e+00
119 135 6.552935e-03 1.646023e-03 0 0 0 2 1.858574e-17 0.000000e+00
119 136 6.552935e-03 2.072220e-03 0 0 0 2 4.759040e-17 0.000000e+00
119 137 6.552935e-03 2.608770e-03 0 0 0 2 1.234125e-16 0.000000e+00
119 138 6.552935e-03 3.284247e-03 0 0 0 2 3.275167e-16 0.000000e+00
119 139 6.552935e-03 4.134622e-03 0 0 0 2 9.111527e-16 0.000000e+00
119 140 6.552935e-03 5.205181e-03 0 0 0 2 2.847840e-15 0.000000e+00
119 141 6.552935e-03 6.552935e-03 0 0 0 2 0.000000e+00 0.000000e+00
119 142 6.552935e-03 8.249656e-03 0 0 0 2 2.356061e-15 0.000000e+00
120 132 8.249656e-03 8.249656e-04 0 0 0 2 3.635060e-19 0.000000e+00
120 133 8.249656e-03 1.038570e-03 0 0 0 2 9.268943e-19 0.000000e+00
120 134 8.249656e-03 1.307482e-03 0 0 0 2 2.361475e-18 0.000000e+00
120 135 8.249656e-03 1.646023e-03 0 0 0 2 5.937464e-18 0.000000e+00
120 136 8.249656e-03 2.072220e-03 0 0 0 2 1.510352e-17 0.000000e+00
120 137 8.249656e-03 2.608770e-03 0 0 0 2 3.860584e-17 0.000000e+00
120 138 8.249656e-03 3.284247e-03 0 0 0 2 9.998015e-17 0.000000e+00
120 139 8.249656e-03 4.134622e-03 0 0 0 2 2.651257e-16 0.000000e+00
120 140 8.249656e-03 5.205181e-03 0 0 0 2 7.388543e-16 0.000000e+00
120 141 8.249656e-03 6.552935e-03 0 0 0 2 2.356061e-15 0.000000e+00
120 142 8.249656e-03 8.249656e-03 0 0 0 2 0.000000e+00 0.000000e+00
