# Please cite the following papers in research using this covariance:
# arXiv: 1601.05779, https://arxiv.org/abs/1601.05779
# arXiv: 1911.11947, https://arxiv.org/abs/1911.11947
# arXiv: 2004.04833, https://arxiv.org/abs/2004.04833
# arXiv: 1804.10663, https://arxiv.org/abs/1804.10663
########################################################
11 33 8.249656e-04 8.249656e-04 0 1 0 3 0.000000e+00 0.000000e+00
11 34 8.249656e-04 1.038570e-03 0 1 0 3 1.180172e-13 0.000000e+00
11 35 8.249656e-04 1.307482e-03 0 1 0 3 9.915663e-14 0.000000e+00
11 36 8.249656e-04 1.646023e-03 0 1 0 3 8.397974e-14 0.000000e+00
11 37 8.249656e-04 2.072220e-03 0 1 0 3 7.203201e-14 0.000000e+00
11 38 8.249656e-04 2.608770e-03 0 1 0 3 6.261704e-14 0.000000e+00
11 39 8.249656e-04 3.284247e-03 0 1 0 3 5.509460e-14 0.000000e+00
11 40 8.249656e-04 4.134622e-03 0 1 0 3 4.893780e-14 0.000000e+00
11 41 8.249656e-04 5.205181e-03 0 1 0 3 4.373775e-14 0.000000e+00
11 42 8.249656e-04 6.552935e-03 0 1 0 3 3.919127e-14 0.000000e+00
11 43 8.249656e-04 8.249656e-03 0 1 0 3 3.508381e-14 0.000000e+00
12 33 1.038570e-03 8.249656e-04 0 1 0 3 1.180172e-13 0.000000e+00
12 34 1.038570e-03 1.038570e-03 0 1 0 3 0.000000e+00 0.000000e+00
12 35 1.038570e-03 1.307482e-03 0 1 0 3 1.028760e-13 0.000000e+00
12 36 1.038570e-03 1.646023e-03 0 1 0 3 8.602741e-14 0.000000e+00
12 37 1.038570e-03 2.072220e-03 0 1 0 3 7.306527e-14 0.000000e+00
12 38 1.038570e-03 2.608770e-03 0 1 0 3 6.311435e-14 0.000000e+00
12 39 1.038570e-03 3.284247e-03 0 1 0 3 5.532503e-14 0.000000e+00
12 40 1.038570e-03 4.134622e-03 0 1 0 3 4.904105e-14 0.000000e+00
12 41 1.038570e-03 5.205181e-03 0 1 0 3 4.378266e-14 0.000000e+00
12 42 1.038570e-03 6.552935e-03 0 1 0 3 3.921038e-14 0.000000e+00
12 43 1.038570e-03 8.249656e-03 0 1 0 3 3.509186e-14 0.000000e+00
13 33 1.307482e-03 8.249656e-04 0 1 0 3 9.915663e-14 0.000000e+00
13 34 1.307482e-03 1.038570e-03 0 1 0 3 1.028760e-13 0.000000e+00
13 35 1.307482e-03 1.307482e-03 0 1 0 3 0.000000e+00 0.000000e+00
13 36 1.307482e-03 1.646023e-03 0 1 0 3 8.976321e-14 0.000000e+00
13 37 1.307482e-03 2.072220e-03 0 1 0 3 7.491895e-14 0.000000e+00
13 38 1.307482e-03 2.608770e-03 0 1 0 3 6.397892e-14 0.000000e+00
13 39 1.307482e-03 3.284247e-03 0 1 0 3 5.571540e-14 0.000000e+00
13 40 1.307482e-03 4.134622e-03 0 1 0 3 4.921264e-14 0.000000e+00
13 41 1.307482e-03 5.205181e-03 0 1 0 3 4.385631e-14 0.000000e+00
13 42 1.307482e-03 6.552935e-03 0 1 0 3 3.924152e-14 0.000000e+00
13 43 1.307482e-03 8.249656e-03 0 1 0 3 3.510500e-14 0.000000e+00
14 33 1.646023e-03 8.249656e-04 0 1 0 3 8.397974e-14 0.000000e+00
14 34 1.646023e-03 1.038570e-03 0 1 0 3 8.602741e-14 0.000000e+00
14 35 1.646023e-03 1.307482e-03 0 1 0 3 8.976321e-14 0.000000e+00
14 36 1.646023e-03 1.646023e-03 0 1 0 3 0.000000e+00 0.000000e+00
14 37 1.646023e-03 2.072220e-03 0 1 0 3 7.849705e-14 0.000000e+00
14 38 1.646023e-03 2.608770e-03 0 1 0 3 6.557715e-14 0.000000e+00
14 39 1.646023e-03 3.284247e-03 0 1 0 3 5.640545e-14 0.000000e+00
14 40 1.646023e-03 4.134622e-03 0 1 0 3 4.950598e-14 0.000000e+00
14 41 1.646023e-03 5.205181e-03 0 1 0 3 4.397926e-14 0.000000e+00
14 42 1.646023e-03 6.552935e-03 0 1 0 3 3.929257e-14 0.000000e+00
14 43 1.646023e-03 8.249656e-03 0 1 0 3 3.512628e-14 0.000000e+00
15 33 2.072220e-03 8.249656e-04 0 1 0 3 7.203201e-14 0.000000e+00
15 34 2.072220e-03 1.038570e-03 0 1 0 3 7.306527e-14 0.000000e+00
15 35 2.072220e-03 1.307482e-03 0 1 0 3 7.491895e-14 0.000000e+00
15 36 2.072220e-03 1.646023e-03 0 1 0 3 7.849705e-14 0.000000e+00
15 37 2.072220e-03 2.072220e-03 0 1 0 3 0.000000e+00 0.000000e+00
15 38 2.072220e-03 2.608770e-03 0 1 0 3 6.885681e-14 0.000000e+00
15 39 2.072220e-03 3.284247e-03 0 1 0 3 5.772141e-14 0.000000e+00
15 40 2.072220e-03 4.134622e-03 0 1 0 3 5.003321e-14 0.000000e+00
15 41 2.072220e-03 5.205181e-03 0 1 0 3 4.419133e-14 0.000000e+00
15 42 2.072220e-03 6.552935e-03 0 1 0 3 3.937813e-14 0.000000e+00
15 43 2.072220e-03 8.249656e-03 0 1 0 3 3.516124e-14 0.000000e+00
16 33 2.608770e-03 8.249656e-04 0 1 0 3 6.261704e-14 0.000000e+00
16 34 2.608770e-03 1.038570e-03 0 1 0 3 6.311435e-14 0.000000e+00
16 35 2.608770e-03 1.307482e-03 0 1 0 3 6.397892e-14 0.000000e+00
16 36 2.608770e-03 1.646023e-03 0 1 0 3 6.557715e-14 0.000000e+00
16 37 2.608770e-03 2.072220e-03 0 1 0 3 6.885681e-14 0.000000e+00
16 38 2.608770e-03 2.608770e-03 0 1 0 3 0.000000e+00 0.000000e+00
16 39 2.608770e-03 3.284247e-03 0 1 0 3 6.060609e-14 0.000000e+00
16 40 2.608770e-03 4.134622e-03 0 1 0 3 5.107090e-14 0.000000e+00
16 41 2.608770e-03 5.205181e-03 0 1 0 3 4.457875e-14 0.000000e+00
16 42 2.608770e-03 6.552935e-03 0 1 0 3 3.952691e-14 0.000000e+00
16 43 2.608770e-03 8.249656e-03 0 1 0 3 3.522003e-14 0.000000e+00
17 33 3.284247e-03 8.249656e-04 0 1 0 3 5.509460e-14 0.000000e+00
17 34 3.284247e-03 1.038570e-03 0 1 0 3 5.532503e-14 0.000000e+00
17 35 3.284247e-03 1.307482e-03 0 1 0 3 5.571540e-14 0.000000e+00
17 36 3.284247e-03 1.646023e-03 0 1 0 3 5.640545e-14 0.000000e+00
17 37 3.284247e-03 2.072220e-03 0 1 0 3 5.772141e-14 0.000000e+00
17 38 3.284247e-03 2.608770e-03 0 1 0 3 6.060609e-14 0.000000e+00
17 39 3.284247e-03 3.284247e-03 0 1 0 3 0.000000e+00 0.000000e+00
17 40 3.284247e-03 4.134622e-03 0 1 0 3 5.351150e-14 0.000000e+00
17 41 3.284247e-03 5.205181e-03 0 1 0 3 4.536531e-14 0.000000e+00
17 42 3.284247e-03 6.552935e-03 0 1 0 3 3.980255e-14 0.000000e+00
17 43 3.284247e-03 8.249656e-03 0 1 0 3 3.532274e-14 0.000000e+00
18 33 4.134622e-03 8.249656e-04 0 1 0 3 4.893780e-14 0.000000e+00
18 34 4.134622e-03 1.038570e-03 0 1 0 3 4.904105e-14 0.000000e+00
18 35 4.134622e-03 1.307482e-03 0 1 0 3 4.921264e-14 0.000000e+00
18 36 4.134622e-03 1.646023e-03 0 1 0 3 4.950598e-14 0.000000e+00
18 37 4.134622e-03 2.072220e-03 0 1 0 3 5.003321e-14 0.000000e+00
18 38 4.134622e-03 2.608770e-03 0 1 0 3 5.107090e-14 0.000000e+00
18 39 4.134622e-03 3.284247e-03 0 1 0 3 5.351150e-14 0.000000e+00
18 40 4.134622e-03 4.134622e-03 0 1 0 3 0.000000e+00 0.000000e+00
18 41 4.134622e-03 5.205181e-03 0 1 0 3 4.735675e-14 0.000000e+00
18 42 4.134622e-03 6.552935e-03 0 1 0 3 4.037856e-14 0.000000e+00
18 43 4.134622e-03 8.249656e-03 0 1 0 3 3.551498e-14 0.000000e+00
19 33 5.205181e-03 8.249656e-04 0 1 0 3 4.373775e-14 0.000000e+00
19 34 5.205181e-03 1.038570e-03 0 1 0 3 4.378266e-14 0.000000e+00
19 35 5.205181e-03 1.307482e-03 0 1 0 3 4.385631e-14 0.000000e+00
19 36 5.205181e-03 1.646023e-03 0 1 0 3 4.397926e-14 0.000000e+00
19 37 5.205181e-03 2.072220e-03 0 1 0 3 4.419133e-14 0.000000e+00
19 38 5.205181e-03 2.608770e-03 0 1 0 3 4.457875e-14 0.000000e+00
19 39 5.205181e-03 3.284247e-03 0 1 0 3 4.536531e-14 0.000000e+00
19 40 5.205181e-03 4.134622e-03 0 1 0 3 4.735675e-14 0.000000e+00
19 41 5.205181e-03 5.205181e-03 0 1 0 3 0.000000e+00 0.000000e+00
19 42 5.205181e-03 6.552935e-03 0 1 0 3 4.195077e-14 0.000000e+00
19 43 5.205181e-03 8.249656e-03 0 1 0 3 3.592613e-14 0.000000e+00
20 33 6.552935e-03 8.249656e-04 0 1 0 3 3.919127e-14 0.000000e+00
20 34 6.552935e-03 1.038570e-03 0 1 0 3 3.921038e-14 0.000000e+00
20 35 6.552935e-03 1.307482e-03 0 1 0 3 3.924152e-14 0.000000e+00
20 36 6.552935e-03 1.646023e-03 0 1 0 3 3.929257e-14 0.000000e+00
20 37 6.552935e-03 2.072220e-03 0 1 0 3 3.937813e-14 0.000000e+00
20 38 6.552935e-03 2.608770e-03 0 1 0 3 3.952691e-14 0.000000e+00
20 39 6.552935e-03 3.284247e-03 0 1 0 3 3.980255e-14 0.000000e+00
20 40 6.552935e-03 4.134622e-03 0 1 0 3 4.037856e-14 0.000000e+00
20 41 6.552935e-03 5.205181e-03 0 1 0 3 4.195077e-14 0.000000e+00
20 42 6.552935e-03 6.552935e-03 0 1 0 3 0.000000e+00 0.000000e+00
20 43 6.552935e-03 8.249656e-03 0 1 0 3 3.713248e-14 0.000000e+00
21 33 8.249656e-03 8.249656e-04 0 1 0 3 3.508381e-14 0.000000e+00
21 34 8.249656e-03 1.038570e-03 0 1 0 3 3.509186e-14 0.000000e+00
21 35 8.249656e-03 1.307482e-03 0 1 0 3 3.510500e-14 0.000000e+00
21 36 8.249656e-03 1.646023e-03 0 1 0 3 3.512628e-14 0.000000e+00
21 37 8.249656e-03 2.072220e-03 0 1 0 3 3.516124e-14 0.000000e+00
21 38 8.249656e-03 2.608770e-03 0 1 0 3 3.522003e-14 0.000000e+00
21 39 8.249656e-03 3.284247e-03 0 1 0 3 3.532274e-14 0.000000e+00
21 40 8.249656e-03 4.134622e-03 0 1 0 3 3.551498e-14 0.000000e+00
21 41 8.249656e-03 5.205181e-03 0 1 0 3 3.592613e-14 0.000000e+00
21 42 8.249656e-03 6.552935e-03 0 1 0 3 3.713248e-14 0.000000e+00
21 43 8.249656e-03 8.249656e-03 0 1 0 3 0.000000e+00 0.000000e+00
