# Please cite the following papers in research using this covariance:
# arXiv: 1601.05779, https://arxiv.org/abs/1601.05779
# arXiv: 1911.11947, https://arxiv.org/abs/1911.11947
# arXiv: 2004.04833, https://arxiv.org/abs/2004.04833
# arXiv: 1804.10663, https://arxiv.org/abs/1804.10663
########################################################
11 132 8.249656e-04 8.249656e-04 0 1 0 2 0.000000e+00 0.000000e+00
11 133 8.249656e-04 1.038570e-03 0 1 0 2 -8.023325e-15 0.000000e+00
11 134 8.249656e-04 1.307482e-03 0 1 0 2 -3.647683e-15 0.000000e+00
11 135 8.249656e-04 1.646023e-03 0 1 0 2 3.481514e-15 0.000000e+00
11 136 8.249656e-04 2.072220e-03 0 1 0 2 8.817680e-15 0.000000e+00
11 137 8.249656e-04 2.608770e-03 0 1 0 2 1.162149e-14 0.000000e+00
11 138 8.249656e-04 3.284247e-03 0 1 0 2 1.241674e-14 0.000000e+00
11 139 8.249656e-04 4.134622e-03 0 1 0 2 1.194510e-14 0.000000e+00
11 140 8.249656e-04 5.205181e-03 0 1 0 2 1.082235e-14 0.000000e+00
11 141 8.249656e-04 6.552935e-03 0 1 0 2 9.470492e-15 0.000000e+00
11 142 8.249656e-04 8.249656e-03 0 1 0 2 8.142644e-15 0.000000e+00
12 132 1.038570e-03 8.249656e-04 0 1 0 2 6.212263e-17 0.000000e+00
12 133 1.038570e-03 1.038570e-03 0 1 0 2 0.000000e+00 0.000000e+00
12 134 1.038570e-03 1.307482e-03 0 1 0 2 -7.955358e-15 0.000000e+00
12 135 1.038570e-03 1.646023e-03 0 1 0 2 -3.637316e-15 0.000000e+00
12 136 1.038570e-03 2.072220e-03 0 1 0 2 3.101264e-15 0.000000e+00
12 137 1.038570e-03 2.608770e-03 0 1 0 2 7.875106e-15 0.000000e+00
12 138 1.038570e-03 3.284247e-03 0 1 0 2 1.018997e-14 0.000000e+00
12 139 1.038570e-03 4.134622e-03 0 1 0 2 1.069385e-14 0.000000e+00
12 140 1.038570e-03 5.205181e-03 0 1 0 2 1.014259e-14 0.000000e+00
12 141 1.038570e-03 6.552935e-03 0 1 0 2 9.108039e-15 0.000000e+00
12 142 1.038570e-03 8.249656e-03 0 1 0 2 7.950612e-15 0.000000e+00
13 132 1.307482e-03 8.249656e-04 0 1 0 2 8.338685e-17 0.000000e+00
13 133 1.307482e-03 1.038570e-03 0 1 0 2 1.711962e-16 0.000000e+00
13 134 1.307482e-03 1.307482e-03 0 1 0 2 0.000000e+00 0.000000e+00
13 135 1.307482e-03 1.646023e-03 0 1 0 2 -7.726993e-15 0.000000e+00
13 136 1.307482e-03 2.072220e-03 0 1 0 2 -3.520404e-15 0.000000e+00
13 137 1.307482e-03 2.608770e-03 0 1 0 2 2.726413e-15 0.000000e+00
13 138 1.307482e-03 3.284247e-03 0 1 0 2 6.910470e-15 0.000000e+00
13 139 1.307482e-03 4.134622e-03 0 1 0 2 8.788944e-15 0.000000e+00
13 140 1.307482e-03 5.205181e-03 0 1 0 2 9.089764e-15 0.000000e+00
13 141 1.307482e-03 6.552935e-03 0 1 0 2 8.541396e-15 0.000000e+00
13 142 1.307482e-03 8.249656e-03 0 1 0 2 7.648837e-15 0.000000e+00
14 132 1.646023e-03 8.249656e-04 0 1 0 2 4.195966e-17 0.000000e+00
14 133 1.646023e-03 1.038570e-03 0 1 0 2 1.115676e-16 0.000000e+00
14 134 1.646023e-03 1.307482e-03 0 1 0 2 2.790046e-16 0.000000e+00
14 135 1.646023e-03 1.646023e-03 0 1 0 2 0.000000e+00 0.000000e+00
14 136 1.646023e-03 2.072220e-03 0 1 0 2 -7.343035e-15 0.000000e+00
14 137 1.646023e-03 2.608770e-03 0 1 0 2 -3.304122e-15 0.000000e+00
14 138 1.646023e-03 3.284247e-03 0 1 0 2 2.372824e-15 0.000000e+00
14 139 1.646023e-03 4.134622e-03 0 1 0 2 5.973104e-15 0.000000e+00
14 140 1.646023e-03 5.205181e-03 0 1 0 2 7.484080e-15 0.000000e+00
14 141 1.646023e-03 6.552935e-03 0 1 0 2 7.663082e-15 0.000000e+00
14 142 1.646023e-03 8.249656e-03 0 1 0 2 7.176938e-15 0.000000e+00
15 132 2.072220e-03 8.249656e-04 0 1 0 2 1.770723e-17 0.000000e+00
15 133 2.072220e-03 1.038570e-03 0 1 0 2 4.728874e-17 0.000000e+00
15 134 2.072220e-03 1.307482e-03 0 1 0 2 1.322757e-16 0.000000e+00
15 135 2.072220e-03 1.646023e-03 0 1 0 2 3.724034e-16 0.000000e+00
15 136 2.072220e-03 2.072220e-03 0 1 0 2 0.000000e+00 0.000000e+00
15 137 2.072220e-03 2.608770e-03 0 1 0 2 -6.824114e-15 0.000000e+00
15 138 2.072220e-03 3.284247e-03 0 1 0 2 -3.007794e-15 0.000000e+00
15 139 2.072220e-03 4.134622e-03 0 1 0 2 2.051113e-15 0.000000e+00
15 140 2.072220e-03 5.205181e-03 0 1 0 2 5.103028e-15 0.000000e+00
15 141 2.072220e-03 6.552935e-03 0 1 0 2 6.321856e-15 0.000000e+00
15 142 2.072220e-03 8.249656e-03 0 1 0 2 6.445359e-15 0.000000e+00
16 132 2.608770e-03 8.249656e-04 0 1 0 2 6.899132e-18 0.000000e+00
16 133 2.608770e-03 1.038570e-03 0 1 0 2 1.767752e-17 0.000000e+00
16 134 2.608770e-03 1.307482e-03 0 1 0 2 4.870417e-17 0.000000e+00
16 135 2.608770e-03 1.646023e-03 0 1 0 2 1.418360e-16 0.000000e+00
16 136 2.608770e-03 2.072220e-03 0 1 0 2 4.400929e-16 0.000000e+00
16 137 2.608770e-03 2.608770e-03 0 1 0 2 0.000000e+00 0.000000e+00
16 138 2.608770e-03 3.284247e-03 0 1 0 2 -6.204043e-15 0.000000e+00
16 139 2.608770e-03 4.134622e-03 0 1 0 2 -2.659423e-15 0.000000e+00
16 140 2.608770e-03 5.205181e-03 0 1 0 2 1.766934e-15 0.000000e+00
16 141 2.608770e-03 6.552935e-03 0 1 0 2 4.328343e-15 0.000000e+00
16 142 2.608770e-03 8.249656e-03 0 1 0 2 5.327569e-15 0.000000e+00
17 132 3.284247e-03 8.249656e-04 0 1 0 2 2.570292e-18 0.000000e+00
17 133 3.284247e-03 1.038570e-03 0 1 0 2 6.079971e-18 0.000000e+00
17 134 3.284247e-03 1.307482e-03 0 1 0 2 1.644417e-17 0.000000e+00
17 135 3.284247e-03 1.646023e-03 0 1 0 2 4.627872e-17 0.000000e+00
17 136 3.284247e-03 2.072220e-03 0 1 0 2 1.399157e-16 0.000000e+00
17 137 3.284247e-03 2.608770e-03 0 1 0 2 4.754024e-16 0.000000e+00
17 138 3.284247e-03 3.284247e-03 0 1 0 2 0.000000e+00 0.000000e+00
17 139 3.284247e-03 4.134622e-03 0 1 0 2 -5.524382e-15 0.000000e+00
17 140 3.284247e-03 5.205181e-03 0 1 0 2 -2.289718e-15 0.000000e+00
17 141 3.284247e-03 6.552935e-03 0 1 0 2 1.522174e-15 0.000000e+00
17 142 3.284247e-03 8.249656e-03 0 1 0 2 3.664212e-15 0.000000e+00
18 132 4.134622e-03 8.249656e-04 0 1 0 2 1.011422e-18 0.000000e+00
18 133 4.134622e-03 1.038570e-03 0 1 0 2 1.960998e-18 0.000000e+00
18 134 4.134622e-03 1.307482e-03 0 1 0 2 5.228562e-18 0.000000e+00
18 135 4.134622e-03 1.646023e-03 0 1 0 2 1.431334e-17 0.000000e+00
18 136 4.134622e-03 2.072220e-03 0 1 0 2 4.088656e-17 0.000000e+00
18 137 4.134622e-03 2.608770e-03 0 1 0 2 1.283680e-16 0.000000e+00
18 138 4.134622e-03 3.284247e-03 0 1 0 2 4.771746e-16 0.000000e+00
18 139 4.134622e-03 4.134622e-03 0 1 0 2 0.000000e+00 0.000000e+00
18 140 4.134622e-03 5.205181e-03 0 1 0 2 -4.827818e-15 0.000000e+00
18 141 4.134622e-03 6.552935e-03 0 1 0 2 -1.927129e-15 0.000000e+00
18 142 4.134622e-03 8.249656e-03 0 1 0 2 1.316126e-15 0.000000e+00
19 132 5.205181e-03 8.249656e-04 0 1 0 2 4.588527e-19 0.000000e+00
19 133 5.205181e-03 1.038570e-03 0 1 0 2 5.766442e-19 0.000000e+00
19 134 5.205181e-03 1.307482e-03 0 1 0 2 1.565882e-18 0.000000e+00
19 135 5.205181e-03 1.646023e-03 0 1 0 2 4.272366e-18 0.000000e+00
19 136 5.205181e-03 2.072220e-03 0 1 0 2 1.165761e-17 0.000000e+00
19 137 5.205181e-03 2.608770e-03 0 1 0 2 3.395925e-17 0.000000e+00
19 138 5.205181e-03 3.284247e-03 0 1 0 2 1.104890e-16 0.000000e+00
19 139 5.205181e-03 4.134622e-03 0 1 0 2 4.497139e-16 0.000000e+00
19 140 5.205181e-03 5.205181e-03 0 1 0 2 0.000000e+00 0.000000e+00
19 141 5.205181e-03 6.552935e-03 0 1 0 2 -4.152781e-15 0.000000e+00
19 142 5.205181e-03 8.249656e-03 0 1 0 2 -1.593591e-15 0.000000e+00
20 132 6.552935e-03 8.249656e-04 0 1 0 2 3.031674e-19 0.000000e+00
20 133 6.552935e-03 1.038570e-03 0 1 0 2 1.299690e-19 0.000000e+00
20 134 6.552935e-03 1.307482e-03 0 1 0 2 4.306743e-19 0.000000e+00
20 135 6.552935e-03 1.646023e-03 0 1 0 2 1.220495e-18 0.000000e+00
20 136 6.552935e-03 2.072220e-03 0 1 0 2 3.220150e-18 0.000000e+00
20 137 6.552935e-03 2.608770e-03 0 1 0 2 8.960183e-18 0.000000e+00
20 138 6.552935e-03 3.284247e-03 0 1 0 2 2.659249e-17 0.000000e+00
20 139 6.552935e-03 4.134622e-03 0 1 0 2 8.968389e-17 0.000000e+00
20 140 6.552935e-03 5.205181e-03 0 1 0 2 4.009106e-16 0.000000e+00
20 141 6.552935e-03 6.552935e-03 0 1 0 2 0.000000e+00 0.000000e+00
20 142 6.552935e-03 8.249656e-03 0 1 0 2 -3.529502e-15 0.000000e+00
21 132 8.249656e-03 8.249656e-04 0 1 0 2 2.428095e-19 0.000000e+00
21 133 8.249656e-03 1.038570e-03 0 1 0 2 3.619358e-21 0.000000e+00
21 134 8.249656e-03 1.307482e-03 0 1 0 2 1.048636e-19 0.000000e+00
21 135 8.249656e-03 1.646023e-03 0 1 0 2 3.501930e-19 0.000000e+00
21 136 8.249656e-03 2.072220e-03 0 1 0 2 8.865491e-19 0.000000e+00
21 137 8.249656e-03 2.608770e-03 0 1 0 2 2.356104e-18 0.000000e+00
21 138 8.249656e-03 3.284247e-03 0 1 0 2 6.567680e-18 0.000000e+00
21 139 8.249656e-03 4.134622e-03 0 1 0 2 1.978245e-17 0.000000e+00
21 140 8.249656e-03 5.205181e-03 0 1 0 2 6.902057e-17 0.000000e+00
21 141 8.249656e-03 6.552935e-03 0 1 0 2 3.398972e-16 0.000000e+00
21 142 8.249656e-03 8.249656e-03 0 1 0 2 0.000000e+00 0.000000e+00
