# Please cite the following papers in research using this covariance:
# arXiv: 1601.05779, https://arxiv.org/abs/1601.05779
# arXiv: 1911.11947, https://arxiv.org/abs/1911.11947
# arXiv: 2004.04833, https://arxiv.org/abs/2004.04833
# arXiv: 1804.10663, https://arxiv.org/abs/1804.10663
########################################################
0 165 8.249656e-04 8.249656e-04 0 0 1 2 0.000000e+00 0.000000e+00
0 166 8.249656e-04 1.038570e-03 0 0 1 2 -4.599613e-18 0.000000e+00
0 167 8.249656e-04 1.307482e-03 0 0 1 2 1.009876e-17 0.000000e+00
0 168 8.249656e-04 1.646023e-03 0 0 1 2 4.692805e-17 0.000000e+00
0 169 8.249656e-04 2.072220e-03 0 0 1 2 1.045024e-16 0.000000e+00
0 170 8.249656e-04 2.608770e-03 0 0 1 2 1.770091e-16 0.000000e+00
0 171 8.249656e-04 3.284247e-03 0 0 1 2 2.568409e-16 0.000000e+00
0 172 8.249656e-04 4.134622e-03 0 0 1 2 3.367364e-16 0.000000e+00
0 173 8.249656e-04 5.205181e-03 0 0 1 2 4.113147e-16 0.000000e+00
0 174 8.249656e-04 6.552935e-03 0 0 1 2 4.781039e-16 0.000000e+00
0 175 8.249656e-04 8.249656e-03 0 0 1 2 5.379493e-16 0.000000e+00
1 165 1.038570e-03 8.249656e-04 0 0 1 2 -3.093569e-18 0.000000e+00
1 166 1.038570e-03 1.038570e-03 0 0 1 2 0.000000e+00 0.000000e+00
1 167 1.038570e-03 1.307482e-03 0 0 1 2 -9.814050e-18 0.000000e+00
1 168 1.038570e-03 1.646023e-03 0 0 1 2 9.200294e-18 0.000000e+00
1 169 1.038570e-03 2.072220e-03 0 0 1 2 5.731973e-17 0.000000e+00
1 170 1.038570e-03 2.608770e-03 0 0 1 2 1.292948e-16 0.000000e+00
1 171 1.038570e-03 3.284247e-03 0 0 1 2 2.145476e-16 0.000000e+00
1 172 1.038570e-03 4.134622e-03 0 0 1 2 3.025276e-16 0.000000e+00
1 173 1.038570e-03 5.205181e-03 0 0 1 2 3.854350e-16 0.000000e+00
1 174 1.038570e-03 6.552935e-03 0 0 1 2 4.594535e-16 0.000000e+00
1 175 1.038570e-03 8.249656e-03 0 0 1 2 5.249391e-16 0.000000e+00
2 165 1.307482e-03 8.249656e-04 0 0 1 2 -1.699332e-18 0.000000e+00
2 166 1.307482e-03 1.038570e-03 0 0 1 2 -5.070735e-18 0.000000e+00
2 167 1.307482e-03 1.307482e-03 0 0 1 2 0.000000e+00 0.000000e+00
2 168 1.307482e-03 1.646023e-03 0 0 1 2 -1.769915e-17 0.000000e+00
2 169 1.307482e-03 2.072220e-03 0 0 1 2 6.232973e-18 0.000000e+00
2 170 1.307482e-03 2.608770e-03 0 0 1 2 6.756828e-17 0.000000e+00
2 171 1.307482e-03 3.284247e-03 0 0 1 2 1.547379e-16 0.000000e+00
2 172 1.307482e-03 4.134622e-03 0 0 1 2 2.517597e-16 0.000000e+00
2 173 1.307482e-03 5.205181e-03 0 0 1 2 3.459687e-16 0.000000e+00
2 174 1.307482e-03 6.552935e-03 0 0 1 2 4.305625e-16 0.000000e+00
2 175 1.307482e-03 8.249656e-03 0 0 1 2 5.046004e-16 0.000000e+00
3 165 1.646023e-03 8.249656e-04 0 0 1 2 -7.676070e-19 0.000000e+00
3 166 1.646023e-03 1.038570e-03 0 0 1 2 -2.608529e-18 0.000000e+00
3 167 1.646023e-03 1.307482e-03 0 0 1 2 -7.124357e-18 0.000000e+00
3 168 1.646023e-03 1.646023e-03 0 0 1 2 0.000000e+00 0.000000e+00
3 169 1.646023e-03 2.072220e-03 0 0 1 2 -2.867708e-17 0.000000e+00
3 170 1.646023e-03 2.608770e-03 0 0 1 2 1.034343e-18 0.000000e+00
3 171 1.646023e-03 3.284247e-03 0 0 1 2 7.721863e-17 0.000000e+00
3 172 1.646023e-03 4.134622e-03 0 0 1 2 1.797769e-16 0.000000e+00
3 173 1.646023e-03 5.205181e-03 0 0 1 2 2.872769e-16 0.000000e+00
3 174 1.646023e-03 6.552935e-03 0 0 1 2 3.864450e-16 0.000000e+00
3 175 1.646023e-03 8.249656e-03 0 0 1 2 4.730711e-16 0.000000e+00
4 165 2.072220e-03 8.249656e-04 0 0 1 2 -2.419354e-19 0.000000e+00
4 166 2.072220e-03 1.038570e-03 0 0 1 2 -1.197195e-18 0.000000e+00
4 167 2.072220e-03 1.307482e-03 0 0 1 2 -3.217045e-18 0.000000e+00
4 168 2.072220e-03 1.646023e-03 0 0 1 2 -9.190607e-18 0.000000e+00
4 169 2.072220e-03 2.072220e-03 0 0 1 2 0.000000e+00 0.000000e+00
4 170 2.072220e-03 2.608770e-03 0 0 1 2 -4.255811e-17 0.000000e+00
4 171 2.072220e-03 3.284247e-03 0 0 1 2 -6.186476e-18 0.000000e+00
4 172 2.072220e-03 4.134622e-03 0 0 1 2 8.616700e-17 0.000000e+00
4 173 2.072220e-03 5.205181e-03 0 0 1 2 2.037930e-16 0.000000e+00
4 174 2.072220e-03 6.552935e-03 0 0 1 2 3.206955e-16 0.000000e+00
4 175 2.072220e-03 8.249656e-03 0 0 1 2 4.248673e-16 0.000000e+00
5 165 2.608770e-03 8.249656e-04 0 0 1 2 1.854753e-20 0.000000e+00
5 166 2.608770e-03 1.038570e-03 0 0 1 2 -5.018986e-19 0.000000e+00
5 167 2.608770e-03 1.307482e-03 0 0 1 2 -1.292874e-18 0.000000e+00
5 168 2.608770e-03 1.646023e-03 0 0 1 2 -3.571140e-18 0.000000e+00
5 169 2.608770e-03 2.072220e-03 0 0 1 2 -1.099291e-17 0.000000e+00
5 170 2.608770e-03 2.608770e-03 0 0 1 2 0.000000e+00 0.000000e+00
5 171 2.608770e-03 3.284247e-03 0 0 1 2 -5.873636e-17 0.000000e+00
5 172 2.608770e-03 4.134622e-03 0 0 1 2 -1.467838e-17 0.000000e+00
5 173 2.608770e-03 5.205181e-03 0 0 1 2 9.472704e-17 0.000000e+00
5 174 2.608770e-03 6.552935e-03 0 0 1 2 2.268510e-16 0.000000e+00
5 175 2.608770e-03 8.249656e-03 0 0 1 2 3.528872e-16 0.000000e+00
6 165 3.284247e-03 8.249656e-04 0 0 1 2 1.321851e-19 0.000000e+00
6 166 3.284247e-03 1.038570e-03 0 0 1 2 -2.011623e-19 0.000000e+00
6 167 3.284247e-03 1.307482e-03 0 0 1 2 -4.719072e-19 0.000000e+00
6 168 3.284247e-03 1.646023e-03 0 0 1 2 -1.213153e-18 0.000000e+00
6 169 3.284247e-03 2.072220e-03 0 0 1 2 -3.646089e-18 0.000000e+00
6 170 3.284247e-03 2.608770e-03 0 0 1 2 -1.205803e-17 0.000000e+00
6 171 3.284247e-03 3.284247e-03 0 0 1 2 0.000000e+00 0.000000e+00
6 172 3.284247e-03 4.134622e-03 0 0 1 2 -7.614552e-17 0.000000e+00
6 173 3.284247e-03 5.205181e-03 0 0 1 2 -2.328248e-17 0.000000e+00
6 174 3.284247e-03 6.552935e-03 0 0 1 2 1.035892e-16 0.000000e+00
6 175 3.284247e-03 8.249656e-03 0 0 1 2 2.498157e-16 0.000000e+00
7 165 4.134622e-03 8.249656e-04 0 0 1 2 1.756124e-19 0.000000e+00
7 166 4.134622e-03 1.038570e-03 0 0 1 2 -8.724823e-20 0.000000e+00
7 167 4.134622e-03 1.307482e-03 0 0 1 2 -1.655069e-19 0.000000e+00
7 168 4.134622e-03 1.646023e-03 0 0 1 2 -3.534870e-19 0.000000e+00
7 169 4.134622e-03 2.072220e-03 0 0 1 2 -1.060409e-18 0.000000e+00
7 170 4.134622e-03 2.608770e-03 0 0 1 2 -3.324149e-18 0.000000e+00
7 171 4.134622e-03 3.284247e-03 0 0 1 2 -1.214284e-17 0.000000e+00
7 172 4.134622e-03 4.134622e-03 0 0 1 2 0.000000e+00 0.000000e+00
7 173 4.134622e-03 5.205181e-03 0 0 1 2 -9.349677e-17 0.000000e+00
7 174 4.134622e-03 6.552935e-03 0 0 1 2 -3.072040e-17 0.000000e+00
7 175 4.134622e-03 8.249656e-03 0 0 1 2 1.136929e-16 0.000000e+00
8 165 5.205181e-03 8.249656e-04 0 0 1 2 1.898643e-19 0.000000e+00
8 166 5.205181e-03 1.038570e-03 0 0 1 2 -5.004039e-20 0.000000e+00
8 167 5.205181e-03 1.307482e-03 0 0 1 2 -6.661105e-20 0.000000e+00
8 168 5.205181e-03 1.646023e-03 0 0 1 2 -8.144332e-20 0.000000e+00
8 169 5.205181e-03 2.072220e-03 0 0 1 2 -2.694694e-19 0.000000e+00
8 170 5.205181e-03 2.608770e-03 0 0 1 2 -8.018131e-19 0.000000e+00
8 171 5.205181e-03 3.284247e-03 0 0 1 2 -2.705825e-18 0.000000e+00
8 172 5.205181e-03 4.134622e-03 0 0 1 2 -1.123439e-17 0.000000e+00
8 173 5.205181e-03 5.205181e-03 0 0 1 2 0.000000e+00 0.000000e+00
8 174 5.205181e-03 6.552935e-03 0 0 1 2 -1.096271e-16 0.000000e+00
8 175 5.205181e-03 8.249656e-03 0 0 1 2 -3.592950e-17 0.000000e+00
9 165 6.552935e-03 8.249656e-04 0 0 1 2 1.938240e-19 0.000000e+00
9 166 6.552935e-03 1.038570e-03 0 0 1 2 -3.965672e-20 0.000000e+00
9 167 6.552935e-03 1.307482e-03 0 0 1 2 -3.936544e-20 0.000000e+00
9 168 6.552935e-03 1.646023e-03 0 0 1 2 -7.891228e-21 0.000000e+00
9 169 6.552935e-03 2.072220e-03 0 0 1 2 -6.178253e-20 0.000000e+00
9 170 6.552935e-03 2.608770e-03 0 0 1 2 -1.708545e-19 0.000000e+00
9 171 6.552935e-03 3.284247e-03 0 0 1 2 -5.377446e-19 0.000000e+00
9 172 6.552935e-03 4.134622e-03 0 0 1 2 -1.981462e-18 0.000000e+00
9 173 6.552935e-03 5.205181e-03 0 0 1 2 -9.616326e-18 0.000000e+00
9 174 6.552935e-03 6.552935e-03 0 0 1 2 0.000000e+00 0.000000e+00
9 175 6.552935e-03 8.249656e-03 0 0 1 2 -1.238148e-16 0.000000e+00
10 165 8.249656e-03 8.249656e-04 0 0 1 2 1.946076e-19 0.000000e+00
10 166 8.249656e-03 1.038570e-03 0 0 1 2 -3.738619e-20 0.000000e+00
10 167 8.249656e-03 1.307482e-03 0 0 1 2 -3.347737e-20 0.000000e+00
10 168 8.249656e-03 1.646023e-03 0 0 1 2 7.899477e-21 0.000000e+00
10 169 8.249656e-03 2.072220e-03 0 0 1 2 -1.763597e-20 0.000000e+00
10 170 8.249656e-03 2.608770e-03 0 0 1 2 -4.018759e-20 0.000000e+00
10 171 8.249656e-03 3.284247e-03 0 0 1 2 -1.125440e-19 0.000000e+00
10 172 8.249656e-03 4.134622e-03 0 0 1 2 -3.604670e-19 0.000000e+00
10 173 8.249656e-03 5.205181e-03 0 0 1 2 -1.387482e-18 0.000000e+00
10 174 8.249656e-03 6.552935e-03 0 0 1 2 -7.819284e-18 0.000000e+00
10 175 8.249656e-03 8.249656e-03 0 0 1 2 0.000000e+00 0.000000e+00
