# Please cite the following papers in research using this covariance:
# arXiv: 1601.05779, https://arxiv.org/abs/1601.05779
# arXiv: 1911.11947, https://arxiv.org/abs/1911.11947
# arXiv: 2004.04833, https://arxiv.org/abs/2004.04833
# arXiv: 1804.10663, https://arxiv.org/abs/1804.10663
########################################################
66 77 8.249656e-04 8.249656e-04 1 3 2 2 0.000000e+00 0.000000e+00
66 78 8.249656e-04 1.038570e-03 1 3 2 2 1.486314e-13 0.000000e+00
66 79 8.249656e-04 1.307482e-03 1 3 2 2 1.464938e-13 0.000000e+00
66 80 8.249656e-04 1.646023e-03 1 3 2 2 1.437801e-13 0.000000e+00
66 81 8.249656e-04 2.072220e-03 1 3 2 2 1.405842e-13 0.000000e+00
66 82 8.249656e-04 2.608770e-03 1 3 2 2 1.369740e-13 0.000000e+00
66 83 8.249656e-04 3.284247e-03 1 3 2 2 1.329699e-13 0.000000e+00
66 84 8.249656e-04 4.134622e-03 1 3 2 2 1.285378e-13 0.000000e+00
66 85 8.249656e-04 5.205181e-03 1 3 2 2 1.235922e-13 0.000000e+00
66 86 8.249656e-04 6.552935e-03 1 3 2 2 1.180086e-13 0.000000e+00
66 87 8.249656e-04 8.249656e-03 1 3 2 2 1.116427e-13 0.000000e+00
67 77 1.038570e-03 8.249656e-04 1 3 2 2 1.486314e-13 0.000000e+00
67 78 1.038570e-03 1.038570e-03 1 3 2 2 0.000000e+00 0.000000e+00
67 79 1.038570e-03 1.307482e-03 1 3 2 2 1.459365e-13 0.000000e+00
67 80 1.038570e-03 1.646023e-03 1 3 2 2 1.434773e-13 0.000000e+00
67 81 1.038570e-03 2.072220e-03 1 3 2 2 1.404145e-13 0.000000e+00
67 82 1.038570e-03 2.608770e-03 1 3 2 2 1.368690e-13 0.000000e+00
67 83 1.038570e-03 3.284247e-03 1 3 2 2 1.328963e-13 0.000000e+00
67 84 1.038570e-03 4.134622e-03 1 3 2 2 1.284814e-13 0.000000e+00
67 85 1.038570e-03 5.205181e-03 1 3 2 2 1.235476e-13 0.000000e+00
67 86 1.038570e-03 6.552935e-03 1 3 2 2 1.179739e-13 0.000000e+00
67 87 1.038570e-03 8.249656e-03 1 3 2 2 1.116167e-13 0.000000e+00
68 77 1.307482e-03 8.249656e-04 1 3 2 2 1.464938e-13 0.000000e+00
68 78 1.307482e-03 1.038570e-03 1 3 2 2 1.459365e-13 0.000000e+00
68 79 1.307482e-03 1.307482e-03 1 3 2 2 0.000000e+00 0.000000e+00
68 80 1.307482e-03 1.646023e-03 1 3 2 2 1.429116e-13 0.000000e+00
68 81 1.307482e-03 2.072220e-03 1 3 2 2 1.401154e-13 0.000000e+00
68 82 1.307482e-03 2.608770e-03 1 3 2 2 1.366937e-13 0.000000e+00
68 83 1.307482e-03 3.284247e-03 1 3 2 2 1.327775e-13 0.000000e+00
68 84 1.307482e-03 4.134622e-03 1 3 2 2 1.283917e-13 0.000000e+00
68 85 1.307482e-03 5.205181e-03 1 3 2 2 1.234771e-13 0.000000e+00
68 86 1.307482e-03 6.552935e-03 1 3 2 2 1.179191e-13 0.000000e+00
68 87 1.307482e-03 8.249656e-03 1 3 2 2 1.115758e-13 0.000000e+00
69 77 1.646023e-03 8.249656e-04 1 3 2 2 1.437801e-13 0.000000e+00
69 78 1.646023e-03 1.038570e-03 1 3 2 2 1.434773e-13 0.000000e+00
69 79 1.646023e-03 1.307482e-03 1 3 2 2 1.429116e-13 0.000000e+00
69 80 1.646023e-03 1.646023e-03 1 3 2 2 0.000000e+00 0.000000e+00
69 81 1.646023e-03 2.072220e-03 1 3 2 2 1.395419e-13 0.000000e+00
69 82 1.646023e-03 2.608770e-03 1 3 2 2 1.363865e-13 0.000000e+00
69 83 1.646023e-03 3.284247e-03 1 3 2 2 1.325818e-13 0.000000e+00
69 84 1.646023e-03 4.134622e-03 1 3 2 2 1.282478e-13 0.000000e+00
69 85 1.646023e-03 5.205181e-03 1 3 2 2 1.233650e-13 0.000000e+00
69 86 1.646023e-03 6.552935e-03 1 3 2 2 1.178322e-13 0.000000e+00
69 87 1.646023e-03 8.249656e-03 1 3 2 2 1.115110e-13 0.000000e+00
70 77 2.072220e-03 8.249656e-04 1 3 2 2 1.405842e-13 0.000000e+00
70 78 2.072220e-03 1.038570e-03 1 3 2 2 1.404145e-13 0.000000e+00
70 79 2.072220e-03 1.307482e-03 1 3 2 2 1.401154e-13 0.000000e+00
70 80 2.072220e-03 1.646023e-03 1 3 2 2 1.395419e-13 0.000000e+00
70 81 2.072220e-03 2.072220e-03 1 3 2 2 0.000000e+00 0.000000e+00
70 82 2.072220e-03 2.608770e-03 1 3 2 2 1.357942e-13 0.000000e+00
70 83 2.072220e-03 3.284247e-03 1 3 2 2 1.322463e-13 0.000000e+00
70 84 2.072220e-03 4.134622e-03 1 3 2 2 1.280145e-13 0.000000e+00
70 85 2.072220e-03 5.205181e-03 1 3 2 2 1.231862e-13 0.000000e+00
70 86 2.072220e-03 6.552935e-03 1 3 2 2 1.176940e-13 0.000000e+00
70 87 2.072220e-03 8.249656e-03 1 3 2 2 1.114079e-13 0.000000e+00
71 77 2.608770e-03 8.249656e-04 1 3 2 2 1.369740e-13 0.000000e+00
71 78 2.608770e-03 1.038570e-03 1 3 2 2 1.368690e-13 0.000000e+00
71 79 2.608770e-03 1.307482e-03 1 3 2 2 1.366937e-13 0.000000e+00
71 80 2.608770e-03 1.646023e-03 1 3 2 2 1.363865e-13 0.000000e+00
71 81 2.608770e-03 2.072220e-03 1 3 2 2 1.357942e-13 0.000000e+00
71 82 2.608770e-03 2.608770e-03 1 3 2 2 0.000000e+00 0.000000e+00
71 83 2.608770e-03 3.284247e-03 1 3 2 2 1.316123e-13 0.000000e+00
71 84 2.608770e-03 4.134622e-03 1 3 2 2 1.276253e-13 0.000000e+00
71 85 2.608770e-03 5.205181e-03 1 3 2 2 1.228994e-13 0.000000e+00
71 86 2.608770e-03 6.552935e-03 1 3 2 2 1.174742e-13 0.000000e+00
71 87 2.608770e-03 8.249656e-03 1 3 2 2 1.112441e-13 0.000000e+00
72 77 3.284247e-03 8.249656e-04 1 3 2 2 1.329699e-13 0.000000e+00
72 78 3.284247e-03 1.038570e-03 1 3 2 2 1.328963e-13 0.000000e+00
72 79 3.284247e-03 1.307482e-03 1 3 2 2 1.327775e-13 0.000000e+00
72 80 3.284247e-03 1.646023e-03 1 3 2 2 1.325818e-13 0.000000e+00
72 81 3.284247e-03 2.072220e-03 1 3 2 2 1.322463e-13 0.000000e+00
72 82 3.284247e-03 2.608770e-03 1 3 2 2 1.316123e-13 0.000000e+00
72 83 3.284247e-03 3.284247e-03 1 3 2 2 0.000000e+00 0.000000e+00
72 84 3.284247e-03 4.134622e-03 1 3 2 2 1.269171e-13 0.000000e+00
72 85 3.284247e-03 5.205181e-03 1 3 2 2 1.224309e-13 0.000000e+00
72 86 3.284247e-03 6.552935e-03 1 3 2 2 1.171229e-13 0.000000e+00
72 87 3.284247e-03 8.249656e-03 1 3 2 2 1.109830e-13 0.000000e+00
73 77 4.134622e-03 8.249656e-04 1 3 2 2 1.285378e-13 0.000000e+00
73 78 4.134622e-03 1.038570e-03 1 3 2 2 1.284814e-13 0.000000e+00
73 79 4.134622e-03 1.307482e-03 1 3 2 2 1.283917e-13 0.000000e+00
73 80 4.134622e-03 1.646023e-03 1 3 2 2 1.282478e-13 0.000000e+00
73 81 4.134622e-03 2.072220e-03 1 3 2 2 1.280145e-13 0.000000e+00
73 82 4.134622e-03 2.608770e-03 1 3 2 2 1.276253e-13 0.000000e+00
73 83 4.134622e-03 3.284247e-03 1 3 2 2 1.269171e-13 0.000000e+00
73 84 4.134622e-03 4.134622e-03 1 3 2 2 0.000000e+00 0.000000e+00
73 85 4.134622e-03 5.205181e-03 1 3 2 2 1.216121e-13 0.000000e+00
73 86 4.134622e-03 6.552935e-03 1 3 2 2 1.165557e-13 0.000000e+00
73 87 4.134622e-03 8.249656e-03 1 3 2 2 1.105657e-13 0.000000e+00
74 77 5.205181e-03 8.249656e-04 1 3 2 2 1.235922e-13 0.000000e+00
74 78 5.205181e-03 1.038570e-03 1 3 2 2 1.235476e-13 0.000000e+00
74 79 5.205181e-03 1.307482e-03 1 3 2 2 1.234771e-13 0.000000e+00
74 80 5.205181e-03 1.646023e-03 1 3 2 2 1.233650e-13 0.000000e+00
74 81 5.205181e-03 2.072220e-03 1 3 2 2 1.231862e-13 0.000000e+00
74 82 5.205181e-03 2.608770e-03 1 3 2 2 1.228994e-13 0.000000e+00
74 83 5.205181e-03 3.284247e-03 1 3 2 2 1.224309e-13 0.000000e+00
74 84 5.205181e-03 4.134622e-03 1 3 2 2 1.216121e-13 0.000000e+00
74 85 5.205181e-03 5.205181e-03 1 3 2 2 0.000000e+00 0.000000e+00
74 86 5.205181e-03 6.552935e-03 1 3 2 2 1.155946e-13 0.000000e+00
74 87 5.205181e-03 8.249656e-03 1 3 2 2 1.098933e-13 0.000000e+00
75 77 6.552935e-03 8.249656e-04 1 3 2 2 1.180086e-13 0.000000e+00
75 78 6.552935e-03 1.038570e-03 1 3 2 2 1.179739e-13 0.000000e+00
75 79 6.552935e-03 1.307482e-03 1 3 2 2 1.179191e-13 0.000000e+00
75 80 6.552935e-03 1.646023e-03 1 3 2 2 1.178322e-13 0.000000e+00
75 81 6.552935e-03 2.072220e-03 1 3 2 2 1.176940e-13 0.000000e+00
75 82 6.552935e-03 2.608770e-03 1 3 2 2 1.174742e-13 0.000000e+00
75 83 6.552935e-03 3.284247e-03 1 3 2 2 1.171229e-13 0.000000e+00
75 84 6.552935e-03 4.134622e-03 1 3 2 2 1.165557e-13 0.000000e+00
75 85 6.552935e-03 5.205181e-03 1 3 2 2 1.155946e-13 0.000000e+00
75 86 6.552935e-03 6.552935e-03 1 3 2 2 0.000000e+00 0.000000e+00
75 87 6.552935e-03 8.249656e-03 1 3 2 2 1.087727e-13 0.000000e+00
76 77 8.249656e-03 8.249656e-04 1 3 2 2 1.116427e-13 0.000000e+00
76 78 8.249656e-03 1.038570e-03 1 3 2 2 1.116167e-13 0.000000e+00
76 79 8.249656e-03 1.307482e-03 1 3 2 2 1.115758e-13 0.000000e+00
76 80 8.249656e-03 1.646023e-03 1 3 2 2 1.115110e-13 0.000000e+00
76 81 8.249656e-03 2.072220e-03 1 3 2 2 1.114079e-13 0.000000e+00
76 82 8.249656e-03 2.608770e-03 1 3 2 2 1.112441e-13 0.000000e+00
76 83 8.249656e-03 3.284247e-03 1 3 2 2 1.109830e-13 0.000000e+00
76 84 8.249656e-03 4.134622e-03 1 3 2 2 1.105657e-13 0.000000e+00
76 85 8.249656e-03 5.205181e-03 1 3 2 2 1.098933e-13 0.000000e+00
76 86 8.249656e-03 6.552935e-03 1 3 2 2 1.087727e-13 0.000000e+00
76 87 8.249656e-03 8.249656e-03 1 3 2 2 0.000000e+00 0.000000e+00
