# Please cite the following papers in research using this covariance:
# arXiv: 1601.05779, https://arxiv.org/abs/1601.05779
# arXiv: 1911.11947, https://arxiv.org/abs/1911.11947
# arXiv: 2004.04833, https://arxiv.org/abs/2004.04833
# arXiv: 1804.10663, https://arxiv.org/abs/1804.10663
########################################################
66 187 8.249656e-04 8.249656e-04 1 3 2 2 0.000000e+00 0.000000e+00
66 188 8.249656e-04 1.038570e-03 1 3 2 2 -8.086643e-17 0.000000e+00
66 189 8.249656e-04 1.307482e-03 1 3 2 2 4.755372e-17 0.000000e+00
66 190 8.249656e-04 1.646023e-03 1 3 2 2 3.761299e-16 0.000000e+00
66 191 8.249656e-04 2.072220e-03 1 3 2 2 8.551571e-16 0.000000e+00
66 192 8.249656e-04 2.608770e-03 1 3 2 2 1.404152e-15 0.000000e+00
66 193 8.249656e-04 3.284247e-03 1 3 2 2 1.952207e-15 0.000000e+00
66 194 8.249656e-04 4.134622e-03 1 3 2 2 2.456172e-15 0.000000e+00
66 195 8.249656e-04 5.205181e-03 1 3 2 2 2.904621e-15 0.000000e+00
66 196 8.249656e-04 6.552935e-03 1 3 2 2 3.314216e-15 0.000000e+00
66 197 8.249656e-04 8.249656e-03 1 3 2 2 3.722174e-15 0.000000e+00
67 187 1.038570e-03 8.249656e-04 1 3 2 2 -3.633541e-17 0.000000e+00
67 188 1.038570e-03 1.038570e-03 1 3 2 2 0.000000e+00 0.000000e+00
67 189 1.038570e-03 1.307482e-03 1 3 2 2 -1.383443e-16 0.000000e+00
67 190 1.038570e-03 1.646023e-03 1 3 2 2 2.238990e-17 0.000000e+00
67 191 1.038570e-03 2.072220e-03 1 3 2 2 4.355526e-16 0.000000e+00
67 192 1.038570e-03 2.608770e-03 1 3 2 2 1.006938e-15 0.000000e+00
67 193 1.038570e-03 3.284247e-03 1 3 2 2 1.622696e-15 0.000000e+00
67 194 1.038570e-03 4.134622e-03 1 3 2 2 2.204941e-15 0.000000e+00
67 195 1.038570e-03 5.205181e-03 1 3 2 2 2.723134e-15 0.000000e+00
67 196 1.038570e-03 6.552935e-03 1 3 2 2 3.187098e-15 0.000000e+00
67 197 1.038570e-03 8.249656e-03 1 3 2 2 3.634159e-15 0.000000e+00
68 187 1.307482e-03 8.249656e-04 1 3 2 2 -1.706402e-17 0.000000e+00
68 188 1.307482e-03 1.038570e-03 1 3 2 2 -4.985708e-17 0.000000e+00
68 189 1.307482e-03 1.307482e-03 1 3 2 2 0.000000e+00 0.000000e+00
68 190 1.307482e-03 1.646023e-03 1 3 2 2 -2.138324e-16 0.000000e+00
68 191 1.307482e-03 2.072220e-03 1 3 2 2 -1.587234e-17 0.000000e+00
68 192 1.307482e-03 2.608770e-03 1 3 2 2 4.913075e-16 0.000000e+00
68 193 1.307482e-03 3.284247e-03 1 3 2 2 1.154665e-15 0.000000e+00
68 194 1.307482e-03 4.134622e-03 1 3 2 2 1.830853e-15 0.000000e+00
68 195 1.307482e-03 5.205181e-03 1 3 2 2 2.445798e-15 0.000000e+00
68 196 1.307482e-03 6.552935e-03 1 3 2 2 2.989977e-15 0.000000e+00
68 197 1.307482e-03 8.249656e-03 1 3 2 2 3.496516e-15 0.000000e+00
69 187 1.646023e-03 8.249656e-04 1 3 2 2 -6.806435e-18 0.000000e+00
69 188 1.646023e-03 1.038570e-03 1 3 2 2 -2.076045e-17 0.000000e+00
69 189 1.646023e-03 1.307482e-03 1 3 2 2 -6.159630e-17 0.000000e+00
69 190 1.646023e-03 1.646023e-03 1 3 2 2 0.000000e+00 0.000000e+00
69 191 1.646023e-03 2.072220e-03 1 3 2 2 -3.050368e-16 0.000000e+00
69 192 1.646023e-03 2.608770e-03 1 3 2 2 -6.345781e-17 0.000000e+00
69 193 1.646023e-03 3.284247e-03 1 3 2 2 5.445176e-16 0.000000e+00
69 194 1.646023e-03 4.134622e-03 1 3 2 2 1.297677e-15 0.000000e+00
69 195 1.646023e-03 5.205181e-03 1 3 2 2 2.031990e-15 0.000000e+00
69 196 1.646023e-03 6.552935e-03 1 3 2 2 2.688452e-15 0.000000e+00
69 197 1.646023e-03 8.249656e-03 1 3 2 2 3.283007e-15 0.000000e+00
70 187 2.072220e-03 8.249656e-04 1 3 2 2 -2.152107e-18 0.000000e+00
70 188 2.072220e-03 1.038570e-03 1 3 2 2 -7.610753e-18 0.000000e+00
70 189 2.072220e-03 1.307482e-03 1 3 2 2 -2.189536e-17 0.000000e+00
70 190 2.072220e-03 1.646023e-03 1 3 2 2 -6.975295e-17 0.000000e+00
70 191 2.072220e-03 2.072220e-03 1 3 2 2 0.000000e+00 0.000000e+00
70 192 2.072220e-03 2.608770e-03 1 3 2 2 -4.061075e-16 0.000000e+00
70 193 2.072220e-03 3.284247e-03 1 3 2 2 -1.141207e-16 0.000000e+00
70 194 2.072220e-03 4.134622e-03 1 3 2 2 5.989503e-16 0.000000e+00
70 195 2.072220e-03 5.205181e-03 1 3 2 2 1.440203e-15 0.000000e+00
70 196 2.072220e-03 6.552935e-03 1 3 2 2 2.237808e-15 0.000000e+00
70 197 2.072220e-03 8.249656e-03 1 3 2 2 2.956239e-15 0.000000e+00
71 187 2.608770e-03 8.249656e-04 1 3 2 2 -3.115001e-19 0.000000e+00
71 188 2.608770e-03 1.038570e-03 1 3 2 2 -2.504182e-18 0.000000e+00
71 189 2.608770e-03 1.307482e-03 1 3 2 2 -6.828211e-18 0.000000e+00
71 190 2.608770e-03 1.646023e-03 1 3 2 2 -2.065983e-17 0.000000e+00
71 191 2.608770e-03 2.072220e-03 1 3 2 2 -7.265560e-17 0.000000e+00
71 192 2.608770e-03 2.608770e-03 1 3 2 2 0.000000e+00 0.000000e+00
71 193 2.608770e-03 3.284247e-03 1 3 2 2 -5.096934e-16 0.000000e+00
71 194 2.608770e-03 4.134622e-03 1 3 2 2 -1.600553e-16 0.000000e+00
71 195 2.608770e-03 5.205181e-03 1 3 2 2 6.603371e-16 0.000000e+00
71 196 2.608770e-03 6.552935e-03 1 3 2 2 1.591502e-15 0.000000e+00
71 197 2.608770e-03 8.249656e-03 1 3 2 2 2.467393e-15 0.000000e+00
72 187 3.284247e-03 8.249656e-04 1 3 2 2 3.190106e-19 0.000000e+00
72 188 3.284247e-03 1.038570e-03 1 3 2 2 -7.840471e-19 0.000000e+00
72 189 3.284247e-03 1.307482e-03 1 3 2 2 -1.896243e-18 0.000000e+00
72 190 3.284247e-03 1.646023e-03 1 3 2 2 -5.294891e-18 0.000000e+00
72 191 3.284247e-03 2.072220e-03 1 3 2 2 -1.759030e-17 0.000000e+00
72 192 3.284247e-03 2.608770e-03 1 3 2 2 -6.933832e-17 0.000000e+00
72 193 3.284247e-03 3.284247e-03 1 3 2 2 0.000000e+00 0.000000e+00
72 194 3.284247e-03 4.134622e-03 1 3 2 2 -6.083136e-16 0.000000e+00
72 195 3.284247e-03 5.205181e-03 1 3 2 2 -1.939618e-16 0.000000e+00
72 196 3.284247e-03 6.552935e-03 1 3 2 2 7.354430e-16 0.000000e+00
72 197 3.284247e-03 8.249656e-03 1 3 2 2 1.765004e-15 0.000000e+00
73 187 4.134622e-03 8.249656e-04 1 3 2 2 5.034676e-19 0.000000e+00
73 188 4.134622e-03 1.038570e-03 1 3 2 2 -2.882809e-19 0.000000e+00
73 189 4.134622e-03 1.307482e-03 1 3 2 2 -5.103592e-19 0.000000e+00
73 190 4.134622e-03 1.646023e-03 1 3 2 2 -1.153298e-18 0.000000e+00
73 191 4.134622e-03 2.072220e-03 1 3 2 2 -3.759328e-18 0.000000e+00
73 192 4.134622e-03 2.608770e-03 1 3 2 2 -1.335073e-17 0.000000e+00
73 193 4.134622e-03 3.284247e-03 1 3 2 2 -6.101176e-17 0.000000e+00
73 194 4.134622e-03 4.134622e-03 1 3 2 2 0.000000e+00 0.000000e+00
73 195 4.134622e-03 5.205181e-03 1 3 2 2 -6.965103e-16 0.000000e+00
73 196 4.134622e-03 6.552935e-03 1 3 2 2 -2.110176e-16 0.000000e+00
73 197 4.134622e-03 8.249656e-03 1 3 2 2 8.311434e-16 0.000000e+00
74 187 5.205181e-03 8.249656e-04 1 3 2 2 5.474827e-19 0.000000e+00
74 188 5.205181e-03 1.038570e-03 1 3 2 2 -1.704377e-19 0.000000e+00
74 189 5.205181e-03 1.307482e-03 1 3 2 2 -1.865254e-19 0.000000e+00
74 190 5.205181e-03 1.646023e-03 1 3 2 2 -2.136047e-19 0.000000e+00
74 191 5.205181e-03 2.072220e-03 1 3 2 2 -7.857422e-19 0.000000e+00
74 192 5.205181e-03 2.608770e-03 1 3 2 2 -2.467874e-18 0.000000e+00
74 193 5.205181e-03 3.284247e-03 1 3 2 2 -9.424364e-18 0.000000e+00
74 194 5.205181e-03 4.134622e-03 1 3 2 2 -5.043740e-17 0.000000e+00
74 195 5.205181e-03 5.205181e-03 1 3 2 2 0.000000e+00 0.000000e+00
74 196 5.205181e-03 6.552935e-03 1 3 2 2 -7.725630e-16 0.000000e+00
74 197 5.205181e-03 8.249656e-03 1 3 2 2 -2.101160e-16 0.000000e+00
75 187 6.552935e-03 8.249656e-04 1 3 2 2 5.554522e-19 0.000000e+00
75 188 6.552935e-03 1.038570e-03 1 3 2 2 -1.482601e-19 0.000000e+00
75 189 6.552935e-03 1.307482e-03 1 3 2 2 -1.263760e-19 0.000000e+00
75 190 6.552935e-03 1.646023e-03 1 3 2 2 -4.255505e-20 0.000000e+00
75 191 6.552935e-03 2.072220e-03 1 3 2 2 -2.628806e-19 0.000000e+00
75 192 6.552935e-03 2.608770e-03 1 3 2 2 -6.770640e-19 0.000000e+00
75 193 6.552935e-03 3.284247e-03 1 3 2 2 -2.010158e-18 0.000000e+00
75 194 6.552935e-03 4.134622e-03 1 3 2 2 -7.245086e-18 0.000000e+00
75 195 6.552935e-03 5.205181e-03 1 3 2 2 -4.137218e-17 0.000000e+00
75 196 6.552935e-03 6.552935e-03 1 3 2 2 0.000000e+00 0.000000e+00
75 197 6.552935e-03 8.249656e-03 1 3 2 2 -8.394451e-16 0.000000e+00
76 187 8.249656e-03 8.249656e-04 1 3 2 2 5.567379e-19 0.000000e+00
76 188 8.249656e-03 1.038570e-03 1 3 2 2 -1.431855e-19 0.000000e+00
76 189 8.249656e-03 1.307482e-03 1 3 2 2 -1.137161e-19 0.000000e+00
76 190 8.249656e-03 1.646023e-03 1 3 2 2 -9.292479e-21 0.000000e+00
76 191 8.249656e-03 2.072220e-03 1 3 2 2 -1.697440e-19 0.000000e+00
76 192 8.249656e-03 2.608770e-03 1 3 2 2 -3.943950e-19 0.000000e+00
76 193 8.249656e-03 3.284247e-03 1 3 2 2 -1.011741e-18 0.000000e+00
76 194 8.249656e-03 4.134622e-03 1 3 2 2 -2.680367e-18 0.000000e+00
76 195 8.249656e-03 5.205181e-03 1 3 2 2 -7.919485e-18 0.000000e+00
76 196 8.249656e-03 6.552935e-03 1 3 2 2 -3.773358e-17 0.000000e+00
76 197 8.249656e-03 8.249656e-03 1 3 2 2 0.000000e+00 0.000000e+00
