# Please cite the following papers in research using this covariance:
# arXiv: 1601.05779, https://arxiv.org/abs/1601.05779
# arXiv: 1911.11947, https://arxiv.org/abs/1911.11947
# arXiv: 2004.04833, https://arxiv.org/abs/2004.04833
# arXiv: 1804.10663, https://arxiv.org/abs/1804.10663
########################################################
22 165 8.249656e-04 8.249656e-04 0 2 1 2 0.000000e+00 0.000000e+00
22 166 8.249656e-04 1.038570e-03 0 2 1 2 -3.138354e-15 0.000000e+00
22 167 8.249656e-04 1.307482e-03 0 2 1 2 -1.371329e-15 0.000000e+00
22 168 8.249656e-04 1.646023e-03 0 2 1 2 1.640095e-15 0.000000e+00
22 169 8.249656e-04 2.072220e-03 0 2 1 2 4.090691e-15 0.000000e+00
22 170 8.249656e-04 2.608770e-03 0 2 1 2 5.586233e-15 0.000000e+00
22 171 8.249656e-04 3.284247e-03 0 2 1 2 6.244394e-15 0.000000e+00
22 172 8.249656e-04 4.134622e-03 0 2 1 2 6.310220e-15 0.000000e+00
22 173 8.249656e-04 5.205181e-03 0 2 1 2 6.017965e-15 0.000000e+00
22 174 8.249656e-04 6.552935e-03 0 2 1 2 5.551824e-15 0.000000e+00
22 175 8.249656e-04 8.249656e-03 0 2 1 2 5.043096e-15 0.000000e+00
23 165 1.038570e-03 8.249656e-04 0 2 1 2 -2.362000e-17 0.000000e+00
23 166 1.038570e-03 1.038570e-03 0 2 1 2 0.000000e+00 0.000000e+00
23 167 1.038570e-03 1.307482e-03 0 2 1 2 -3.184827e-15 0.000000e+00
23 168 1.038570e-03 1.646023e-03 0 2 1 2 -1.412091e-15 0.000000e+00
23 169 1.038570e-03 2.072220e-03 0 2 1 2 1.519364e-15 0.000000e+00
23 170 1.038570e-03 2.608770e-03 0 2 1 2 3.807872e-15 0.000000e+00
23 171 1.038570e-03 3.284247e-03 0 2 1 2 5.126347e-15 0.000000e+00
23 172 1.038570e-03 4.134622e-03 0 2 1 2 5.645421e-15 0.000000e+00
23 173 1.038570e-03 5.205181e-03 0 2 1 2 5.636086e-15 0.000000e+00
23 174 1.038570e-03 6.552935e-03 0 2 1 2 5.336734e-15 0.000000e+00
23 175 1.038570e-03 8.249656e-03 0 2 1 2 4.922812e-15 0.000000e+00
24 165 1.307482e-03 8.249656e-04 0 2 1 2 1.351793e-17 0.000000e+00
24 166 1.307482e-03 1.038570e-03 0 2 1 2 8.499770e-18 0.000000e+00
24 167 1.307482e-03 1.307482e-03 0 2 1 2 0.000000e+00 0.000000e+00
24 168 1.307482e-03 1.646023e-03 0 2 1 2 -3.182175e-15 0.000000e+00
24 169 1.307482e-03 2.072220e-03 0 2 1 2 -1.421484e-15 0.000000e+00
24 170 1.307482e-03 2.608770e-03 0 2 1 2 1.389770e-15 0.000000e+00
24 171 1.307482e-03 3.284247e-03 0 2 1 2 3.492138e-15 0.000000e+00
24 172 1.307482e-03 4.134622e-03 0 2 1 2 4.638421e-15 0.000000e+00
24 173 1.307482e-03 5.205181e-03 0 2 1 2 5.046509e-15 0.000000e+00
24 174 1.307482e-03 6.552935e-03 0 2 1 2 5.001143e-15 0.000000e+00
24 175 1.307482e-03 8.249656e-03 0 2 1 2 4.734004e-15 0.000000e+00
25 165 1.646023e-03 8.249656e-04 0 2 1 2 1.005808e-17 0.000000e+00
25 166 1.646023e-03 1.038570e-03 0 2 1 2 2.398353e-17 0.000000e+00
25 167 1.646023e-03 1.307482e-03 0 2 1 2 4.476614e-17 0.000000e+00
25 168 1.646023e-03 1.646023e-03 0 2 1 2 0.000000e+00 0.000000e+00
25 169 1.646023e-03 2.072220e-03 0 2 1 2 -3.125683e-15 0.000000e+00
25 170 1.646023e-03 2.608770e-03 0 2 1 2 -1.395723e-15 0.000000e+00
25 171 1.646023e-03 3.284247e-03 0 2 1 2 1.259140e-15 0.000000e+00
25 172 1.646023e-03 4.134622e-03 0 2 1 2 3.162203e-15 0.000000e+00
25 173 1.646023e-03 5.205181e-03 0 2 1 2 4.152036e-15 0.000000e+00
25 174 1.646023e-03 6.552935e-03 0 2 1 2 4.482671e-15 0.000000e+00
25 175 1.646023e-03 8.249656e-03 0 2 1 2 4.439333e-15 0.000000e+00
26 165 2.072220e-03 8.249656e-04 0 2 1 2 5.297916e-18 0.000000e+00
26 166 2.072220e-03 1.038570e-03 0 2 1 2 1.297336e-17 0.000000e+00
26 167 2.072220e-03 1.307482e-03 0 2 1 2 3.431928e-17 0.000000e+00
26 168 2.072220e-03 1.646023e-03 0 2 1 2 8.176775e-17 0.000000e+00
26 169 2.072220e-03 2.072220e-03 0 2 1 2 0.000000e+00 0.000000e+00
26 170 2.072220e-03 2.608770e-03 0 2 1 2 -3.014595e-15 0.000000e+00
26 171 2.072220e-03 3.284247e-03 0 2 1 2 -1.334661e-15 0.000000e+00
26 172 2.072220e-03 4.134622e-03 0 2 1 2 1.134783e-15 0.000000e+00
26 173 2.072220e-03 5.205181e-03 0 2 1 2 2.837212e-15 0.000000e+00
26 174 2.072220e-03 6.552935e-03 0 2 1 2 3.695147e-15 0.000000e+00
26 175 2.072220e-03 8.249656e-03 0 2 1 2 3.983939e-15 0.000000e+00
27 165 2.608770e-03 8.249656e-04 0 2 1 2 2.567638e-18 0.000000e+00
27 166 2.608770e-03 1.038570e-03 0 2 1 2 5.739516e-18 0.000000e+00
27 167 2.608770e-03 1.307482e-03 0 2 1 2 1.544519e-17 0.000000e+00
27 168 2.608770e-03 1.646023e-03 0 2 1 2 4.265788e-17 0.000000e+00
27 169 2.608770e-03 2.072220e-03 0 2 1 2 1.156858e-16 0.000000e+00
27 170 2.608770e-03 2.608770e-03 0 2 1 2 0.000000e+00 0.000000e+00
27 171 2.608770e-03 3.284247e-03 0 2 1 2 -2.853345e-15 0.000000e+00
27 172 2.608770e-03 4.134622e-03 0 2 1 2 -1.242023e-15 0.000000e+00
27 173 2.608770e-03 5.205181e-03 0 2 1 2 1.022621e-15 0.000000e+00
27 174 2.608770e-03 6.552935e-03 0 2 1 2 2.535045e-15 0.000000e+00
27 175 2.608770e-03 8.249656e-03 0 2 1 2 3.291767e-15 0.000000e+00
28 165 3.284247e-03 8.249656e-04 0 2 1 2 1.239645e-18 0.000000e+00
28 166 3.284247e-03 1.038570e-03 0 2 1 2 2.255166e-18 0.000000e+00
28 167 3.284247e-03 1.307482e-03 0 2 1 2 6.096414e-18 0.000000e+00
28 168 3.284247e-03 1.646023e-03 0 2 1 2 1.676269e-17 0.000000e+00
28 169 3.284247e-03 2.072220e-03 0 2 1 2 4.780024e-17 0.000000e+00
28 170 3.284247e-03 2.608770e-03 0 2 1 2 1.430260e-16 0.000000e+00
28 171 3.284247e-03 3.284247e-03 0 2 1 2 0.000000e+00 0.000000e+00
28 172 3.284247e-03 4.134622e-03 0 2 1 2 -2.651117e-15 0.000000e+00
28 173 3.284247e-03 5.205181e-03 0 2 1 2 -1.124932e-15 0.000000e+00
28 174 3.284247e-03 6.552935e-03 0 2 1 2 9.273163e-16 0.000000e+00
28 175 3.284247e-03 8.249656e-03 0 2 1 2 2.270842e-15 0.000000e+00
29 165 4.134622e-03 8.249656e-04 0 2 1 2 6.814091e-19 0.000000e+00
29 166 4.134622e-03 1.038570e-03 0 2 1 2 7.975404e-19 0.000000e+00
29 167 4.134622e-03 1.307482e-03 0 2 1 2 2.204189e-18 0.000000e+00
29 168 4.134622e-03 1.646023e-03 0 2 1 2 6.045922e-18 0.000000e+00
29 169 4.134622e-03 2.072220e-03 0 2 1 2 1.666557e-17 0.000000e+00
29 170 4.134622e-03 2.608770e-03 0 2 1 2 4.931888e-17 0.000000e+00
29 171 4.134622e-03 3.284247e-03 0 2 1 2 1.607657e-16 0.000000e+00
29 172 4.134622e-03 4.134622e-03 0 2 1 2 0.000000e+00 0.000000e+00
29 173 4.134622e-03 5.205181e-03 0 2 1 2 -2.420527e-15 0.000000e+00
29 174 4.134622e-03 6.552935e-03 0 2 1 2 -9.925105e-16 0.000000e+00
29 175 4.134622e-03 8.249656e-03 0 2 1 2 8.520280e-16 0.000000e+00
30 165 5.205181e-03 8.249656e-04 0 2 1 2 4.513330e-19 0.000000e+00
30 166 5.205181e-03 1.038570e-03 0 2 1 2 2.247488e-19 0.000000e+00
30 167 5.205181e-03 1.307482e-03 0 2 1 2 7.099961e-19 0.000000e+00
30 168 5.205181e-03 1.646023e-03 0 2 1 2 2.041276e-18 0.000000e+00
30 169 5.205181e-03 2.072220e-03 0 2 1 2 5.434151e-18 0.000000e+00
30 170 5.205181e-03 2.608770e-03 0 2 1 2 1.539204e-17 0.000000e+00
30 171 5.205181e-03 3.284247e-03 0 2 1 2 4.723846e-17 0.000000e+00
30 172 5.205181e-03 4.134622e-03 0 2 1 2 1.674398e-16 0.000000e+00
30 173 5.205181e-03 5.205181e-03 0 2 1 2 0.000000e+00 0.000000e+00
30 174 5.205181e-03 6.552935e-03 0 2 1 2 -2.176246e-15 0.000000e+00
30 175 5.205181e-03 8.249656e-03 0 2 1 2 -8.546227e-16 0.000000e+00
31 165 6.552935e-03 8.249656e-04 0 2 1 2 3.804093e-19 0.000000e+00
31 166 6.552935e-03 1.038570e-03 0 2 1 2 2.473086e-20 0.000000e+00
31 167 6.552935e-03 1.307482e-03 0 2 1 2 1.991296e-19 0.000000e+00
31 168 6.552935e-03 1.646023e-03 0 2 1 2 6.723318e-19 0.000000e+00
31 169 6.552935e-03 2.072220e-03 0 2 1 2 1.690047e-18 0.000000e+00
31 170 6.552935e-03 2.608770e-03 0 2 1 2 4.610403e-18 0.000000e+00
31 171 6.552935e-03 3.284247e-03 0 2 1 2 1.325481e-17 0.000000e+00
31 172 6.552935e-03 4.134622e-03 0 2 1 2 4.215785e-17 0.000000e+00
31 173 6.552935e-03 5.205181e-03 0 2 1 2 1.630055e-16 0.000000e+00
31 174 6.552935e-03 6.552935e-03 0 2 1 2 0.000000e+00 0.000000e+00
31 175 6.552935e-03 8.249656e-03 0 2 1 2 -1.933222e-15 0.000000e+00
32 165 8.249656e-03 8.249656e-04 0 2 1 2 3.478426e-19 0.000000e+00
32 166 8.249656e-03 1.038570e-03 0 2 1 2 -4.630412e-20 0.000000e+00
32 167 8.249656e-03 1.307482e-03 0 2 1 2 1.940304e-20 0.000000e+00
32 168 8.249656e-03 1.646023e-03 0 2 1 2 2.055328e-19 0.000000e+00
32 169 8.249656e-03 2.072220e-03 0 2 1 2 4.724638e-19 0.000000e+00
32 170 8.249656e-03 2.608770e-03 0 2 1 2 1.277877e-18 0.000000e+00
32 171 8.249656e-03 3.284247e-03 0 2 1 2 3.552778e-18 0.000000e+00
32 172 8.249656e-03 4.134622e-03 0 2 1 2 1.049836e-17 0.000000e+00
32 173 8.249656e-03 5.205181e-03 0 2 1 2 3.489833e-17 0.000000e+00
32 174 8.249656e-03 6.552935e-03 0 2 1 2 1.487498e-16 0.000000e+00
32 175 8.249656e-03 8.249656e-03 0 2 1 2 0.000000e+00 0.000000e+00
