# Please cite the following papers in research using this covariance:
# arXiv: 1601.05779, https://arxiv.org/abs/1601.05779
# arXiv: 1911.11947, https://arxiv.org/abs/1911.11947
# arXiv: 2004.04833, https://arxiv.org/abs/2004.04833
# arXiv: 1804.10663, https://arxiv.org/abs/1804.10663
########################################################
0 55 8.249656e-04 8.249656e-04 0 0 1 2 0.000000e+00 0.000000e+00
0 56 8.249656e-04 1.038570e-03 0 0 1 2 2.298637e-14 0.000000e+00
0 57 8.249656e-04 1.307482e-03 0 0 1 2 2.270867e-14 0.000000e+00
0 58 8.249656e-04 1.646023e-03 0 0 1 2 2.234578e-14 0.000000e+00
0 59 8.249656e-04 2.072220e-03 0 0 1 2 2.190447e-14 0.000000e+00
0 60 8.249656e-04 2.608770e-03 0 0 1 2 2.139416e-14 0.000000e+00
0 61 8.249656e-04 3.284247e-03 0 0 1 2 2.082343e-14 0.000000e+00
0 62 8.249656e-04 4.134622e-03 0 0 1 2 2.019708e-14 0.000000e+00
0 63 8.249656e-04 5.205181e-03 0 0 1 2 1.951385e-14 0.000000e+00
0 64 8.249656e-04 6.552935e-03 0 0 1 2 1.876557e-14 0.000000e+00
0 65 8.249656e-04 8.249656e-03 0 0 1 2 1.793783e-14 0.000000e+00
1 55 1.038570e-03 8.249656e-04 0 0 1 2 2.298637e-14 0.000000e+00
1 56 1.038570e-03 1.038570e-03 0 0 1 2 0.000000e+00 0.000000e+00
1 57 1.038570e-03 1.307482e-03 0 0 1 2 2.262210e-14 0.000000e+00
1 58 1.038570e-03 1.646023e-03 0 0 1 2 2.229484e-14 0.000000e+00
1 59 1.038570e-03 2.072220e-03 0 0 1 2 2.187572e-14 0.000000e+00
1 60 1.038570e-03 2.608770e-03 0 0 1 2 2.137801e-14 0.000000e+00
1 61 1.038570e-03 3.284247e-03 0 0 1 2 2.081389e-14 0.000000e+00
1 62 1.038570e-03 4.134622e-03 0 0 1 2 2.019083e-14 0.000000e+00
1 63 1.038570e-03 5.205181e-03 0 0 1 2 1.950928e-14 0.000000e+00
1 64 1.038570e-03 6.552935e-03 0 0 1 2 1.876201e-14 0.000000e+00
1 65 1.038570e-03 8.249656e-03 0 0 1 2 1.793503e-14 0.000000e+00
2 55 1.307482e-03 8.249656e-04 0 0 1 2 2.270867e-14 0.000000e+00
2 56 1.307482e-03 1.038570e-03 0 0 1 2 2.262210e-14 0.000000e+00
2 57 1.307482e-03 1.307482e-03 0 0 1 2 0.000000e+00 0.000000e+00
2 58 1.307482e-03 1.646023e-03 0 0 1 2 2.220451e-14 0.000000e+00
2 59 1.307482e-03 2.072220e-03 0 0 1 2 2.182591e-14 0.000000e+00
2 60 1.307482e-03 2.608770e-03 0 0 1 2 2.135082e-14 0.000000e+00
2 61 1.307482e-03 3.284247e-03 0 0 1 2 2.079829e-14 0.000000e+00
2 62 1.307482e-03 4.134622e-03 0 0 1 2 2.018087e-14 0.000000e+00
2 63 1.307482e-03 5.205181e-03 0 0 1 2 1.950212e-14 0.000000e+00
2 64 1.307482e-03 6.552935e-03 0 0 1 2 1.875649e-14 0.000000e+00
2 65 1.307482e-03 8.249656e-03 0 0 1 2 1.793071e-14 0.000000e+00
3 55 1.646023e-03 8.249656e-04 0 0 1 2 2.234578e-14 0.000000e+00
3 56 1.646023e-03 1.038570e-03 0 0 1 2 2.229484e-14 0.000000e+00
3 57 1.646023e-03 1.307482e-03 0 0 1 2 2.220451e-14 0.000000e+00
3 58 1.646023e-03 1.646023e-03 0 0 1 2 0.000000e+00 0.000000e+00
3 59 1.646023e-03 2.072220e-03 0 0 1 2 2.173416e-14 0.000000e+00
3 60 1.646023e-03 2.608770e-03 0 0 1 2 2.130276e-14 0.000000e+00
3 61 1.646023e-03 3.284247e-03 0 0 1 2 2.077189e-14 0.000000e+00
3 62 1.646023e-03 4.134622e-03 0 0 1 2 2.016458e-14 0.000000e+00
3 63 1.646023e-03 5.205181e-03 0 0 1 2 1.949065e-14 0.000000e+00
3 64 1.646023e-03 6.552935e-03 0 0 1 2 1.874771e-14 0.000000e+00
3 65 1.646023e-03 8.249656e-03 0 0 1 2 1.792387e-14 0.000000e+00
4 55 2.072220e-03 8.249656e-04 0 0 1 2 2.190447e-14 0.000000e+00
4 56 2.072220e-03 1.038570e-03 0 0 1 2 2.187572e-14 0.000000e+00
4 57 2.072220e-03 1.307482e-03 0 0 1 2 2.182591e-14 0.000000e+00
4 58 2.072220e-03 1.646023e-03 0 0 1 2 2.173416e-14 0.000000e+00
4 59 2.072220e-03 2.072220e-03 0 0 1 2 0.000000e+00 0.000000e+00
4 60 2.072220e-03 2.608770e-03 0 0 1 2 2.121105e-14 0.000000e+00
4 61 2.072220e-03 3.284247e-03 0 0 1 2 2.072492e-14 0.000000e+00
4 62 2.072220e-03 4.134622e-03 0 0 1 2 2.013727e-14 0.000000e+00
4 63 2.072220e-03 5.205181e-03 0 0 1 2 1.947207e-14 0.000000e+00
4 64 2.072220e-03 6.552935e-03 0 0 1 2 1.873368e-14 0.000000e+00
4 65 2.072220e-03 8.249656e-03 0 0 1 2 1.791296e-14 0.000000e+00
5 55 2.608770e-03 8.249656e-04 0 0 1 2 2.139416e-14 0.000000e+00
5 56 2.608770e-03 1.038570e-03 0 0 1 2 2.137801e-14 0.000000e+00
5 57 2.608770e-03 1.307482e-03 0 0 1 2 2.135082e-14 0.000000e+00
5 58 2.608770e-03 1.646023e-03 0 0 1 2 2.130276e-14 0.000000e+00
5 59 2.608770e-03 2.072220e-03 0 0 1 2 2.121105e-14 0.000000e+00
5 60 2.608770e-03 2.608770e-03 0 0 1 2 0.000000e+00 0.000000e+00
5 61 2.608770e-03 3.284247e-03 0 0 1 2 2.063319e-14 0.000000e+00
5 62 2.608770e-03 4.134622e-03 0 0 1 2 2.008928e-14 0.000000e+00
5 63 2.608770e-03 5.205181e-03 0 0 1 2 1.944151e-14 0.000000e+00
5 64 2.608770e-03 6.552935e-03 0 0 1 2 1.871122e-14 0.000000e+00
5 65 2.608770e-03 8.249656e-03 0 0 1 2 1.789564e-14 0.000000e+00
6 55 3.284247e-03 8.249656e-04 0 0 1 2 2.082343e-14 0.000000e+00
6 56 3.284247e-03 1.038570e-03 0 0 1 2 2.081389e-14 0.000000e+00
6 57 3.284247e-03 1.307482e-03 0 0 1 2 2.079829e-14 0.000000e+00
6 58 3.284247e-03 1.646023e-03 0 0 1 2 2.077189e-14 0.000000e+00
6 59 3.284247e-03 2.072220e-03 0 0 1 2 2.072492e-14 0.000000e+00
6 60 3.284247e-03 2.608770e-03 0 0 1 2 2.063319e-14 0.000000e+00
6 61 3.284247e-03 3.284247e-03 0 0 1 2 0.000000e+00 0.000000e+00
6 62 3.284247e-03 4.134622e-03 0 0 1 2 1.999552e-14 0.000000e+00
6 63 3.284247e-03 5.205181e-03 0 0 1 2 1.938919e-14 0.000000e+00
6 64 3.284247e-03 6.552935e-03 0 0 1 2 1.867485e-14 0.000000e+00
6 65 3.284247e-03 8.249656e-03 0 0 1 2 1.786803e-14 0.000000e+00
7 55 4.134622e-03 8.249656e-04 0 0 1 2 2.019708e-14 0.000000e+00
7 56 4.134622e-03 1.038570e-03 0 0 1 2 2.019083e-14 0.000000e+00
7 57 4.134622e-03 1.307482e-03 0 0 1 2 2.018087e-14 0.000000e+00
7 58 4.134622e-03 1.646023e-03 0 0 1 2 2.016458e-14 0.000000e+00
7 59 4.134622e-03 2.072220e-03 0 0 1 2 2.013727e-14 0.000000e+00
7 60 4.134622e-03 2.608770e-03 0 0 1 2 2.008928e-14 0.000000e+00
7 61 4.134622e-03 3.284247e-03 0 0 1 2 1.999552e-14 0.000000e+00
7 62 4.134622e-03 4.134622e-03 0 0 1 2 0.000000e+00 0.000000e+00
7 63 4.134622e-03 5.205181e-03 0 0 1 2 1.928958e-14 0.000000e+00
7 64 4.134622e-03 6.552935e-03 0 0 1 2 1.861433e-14 0.000000e+00
7 65 4.134622e-03 8.249656e-03 0 0 1 2 1.782377e-14 0.000000e+00
8 55 5.205181e-03 8.249656e-04 0 0 1 2 1.951385e-14 0.000000e+00
8 56 5.205181e-03 1.038570e-03 0 0 1 2 1.950928e-14 0.000000e+00
8 57 5.205181e-03 1.307482e-03 0 0 1 2 1.950212e-14 0.000000e+00
8 58 5.205181e-03 1.646023e-03 0 0 1 2 1.949065e-14 0.000000e+00
8 59 5.205181e-03 2.072220e-03 0 0 1 2 1.947207e-14 0.000000e+00
8 60 5.205181e-03 2.608770e-03 0 0 1 2 1.944151e-14 0.000000e+00
8 61 5.205181e-03 3.284247e-03 0 0 1 2 1.938919e-14 0.000000e+00
8 62 5.205181e-03 4.134622e-03 0 0 1 2 1.928958e-14 0.000000e+00
8 63 5.205181e-03 5.205181e-03 0 0 1 2 0.000000e+00 0.000000e+00
8 64 5.205181e-03 6.552935e-03 0 0 1 2 1.850392e-14 0.000000e+00
8 65 5.205181e-03 8.249656e-03 0 0 1 2 1.775157e-14 0.000000e+00
9 55 6.552935e-03 8.249656e-04 0 0 1 2 1.876557e-14 0.000000e+00
9 56 6.552935e-03 1.038570e-03 0 0 1 2 1.876201e-14 0.000000e+00
9 57 6.552935e-03 1.307482e-03 0 0 1 2 1.875649e-14 0.000000e+00
9 58 6.552935e-03 1.646023e-03 0 0 1 2 1.874771e-14 0.000000e+00
9 59 6.552935e-03 2.072220e-03 0 0 1 2 1.873368e-14 0.000000e+00
9 60 6.552935e-03 2.608770e-03 0 0 1 2 1.871122e-14 0.000000e+00
9 61 6.552935e-03 3.284247e-03 0 0 1 2 1.867485e-14 0.000000e+00
9 62 6.552935e-03 4.134622e-03 0 0 1 2 1.861433e-14 0.000000e+00
9 63 6.552935e-03 5.205181e-03 0 0 1 2 1.850392e-14 0.000000e+00
9 64 6.552935e-03 6.552935e-03 0 0 1 2 0.000000e+00 0.000000e+00
9 65 6.552935e-03 8.249656e-03 0 0 1 2 1.762530e-14 0.000000e+00
10 55 8.249656e-03 8.249656e-04 0 0 1 2 1.793783e-14 0.000000e+00
10 56 8.249656e-03 1.038570e-03 0 0 1 2 1.793503e-14 0.000000e+00
10 57 8.249656e-03 1.307482e-03 0 0 1 2 1.793071e-14 0.000000e+00
10 58 8.249656e-03 1.646023e-03 0 0 1 2 1.792387e-14 0.000000e+00
10 59 8.249656e-03 2.072220e-03 0 0 1 2 1.791296e-14 0.000000e+00
10 60 8.249656e-03 2.608770e-03 0 0 1 2 1.789564e-14 0.000000e+00
10 61 8.249656e-03 3.284247e-03 0 0 1 2 1.786803e-14 0.000000e+00
10 62 8.249656e-03 4.134622e-03 0 0 1 2 1.782377e-14 0.000000e+00
10 63 8.249656e-03 5.205181e-03 0 0 1 2 1.775157e-14 0.000000e+00
10 64 8.249656e-03 6.552935e-03 0 0 1 2 1.762530e-14 0.000000e+00
10 65 8.249656e-03 8.249656e-03 0 0 1 2 0.000000e+00 0.000000e+00
