# Please cite the following papers in research using this covariance:
# arXiv: 1601.05779, https://arxiv.org/abs/1601.05779
# arXiv: 1911.11947, https://arxiv.org/abs/1911.11947
# arXiv: 2004.04833, https://arxiv.org/abs/2004.04833
# arXiv: 1804.10663, https://arxiv.org/abs/1804.10663
########################################################
99 99 8.249656e-04 8.249656e-04 3 3 3 3 6.961065e-11 0.000000e+00
99 100 8.249656e-04 1.038570e-03 3 3 3 3 1.806879e-12 0.000000e+00
99 101 8.249656e-04 1.307482e-03 3 3 3 3 1.515861e-12 0.000000e+00
99 102 8.249656e-04 1.646023e-03 3 3 3 3 1.299104e-12 0.000000e+00
99 103 8.249656e-04 2.072220e-03 3 3 3 3 1.133278e-12 0.000000e+00
99 104 8.249656e-04 2.608770e-03 3 3 3 3 1.001227e-12 0.000000e+00
99 105 8.249656e-04 3.284247e-03 3 3 3 3 8.913736e-13 0.000000e+00
99 106 8.249656e-04 4.134622e-03 3 3 3 3 7.959325e-13 0.000000e+00
99 107 8.249656e-04 5.205181e-03 3 3 3 3 7.097218e-13 0.000000e+00
99 108 8.249656e-04 6.552935e-03 3 3 3 3 6.293997e-13 0.000000e+00
99 109 8.249656e-04 8.249656e-03 3 3 3 3 5.529543e-13 0.000000e+00
100 99 1.038570e-03 8.249656e-04 3 3 3 3 1.806879e-12 0.000000e+00
100 100 1.038570e-03 1.038570e-03 3 3 3 3 4.415168e-11 0.000000e+00
100 101 1.038570e-03 1.307482e-03 3 3 3 3 1.583877e-12 0.000000e+00
100 102 1.038570e-03 1.646023e-03 3 3 3 3 1.329572e-12 0.000000e+00
100 103 1.038570e-03 2.072220e-03 3 3 3 3 1.146557e-12 0.000000e+00
100 104 1.038570e-03 2.608770e-03 3 3 3 3 1.006920e-12 0.000000e+00
100 105 1.038570e-03 3.284247e-03 3 3 3 3 8.937656e-13 0.000000e+00
100 106 1.038570e-03 4.134622e-03 3 3 3 3 7.969167e-13 0.000000e+00
100 107 1.038570e-03 5.205181e-03 3 3 3 3 7.101229e-13 0.000000e+00
100 108 1.038570e-03 6.552935e-03 3 3 3 3 6.295670e-13 0.000000e+00
100 109 1.038570e-03 8.249656e-03 3 3 3 3 5.530315e-13 0.000000e+00
101 99 1.307482e-03 8.249656e-04 3 3 3 3 1.515861e-12 0.000000e+00
101 100 1.307482e-03 1.038570e-03 3 3 3 3 1.583877e-12 0.000000e+00
101 101 1.307482e-03 1.307482e-03 3 3 3 3 2.798169e-11 0.000000e+00
101 102 1.307482e-03 1.646023e-03 3 3 3 3 1.392018e-12 0.000000e+00
101 103 1.307482e-03 2.072220e-03 3 3 3 3 1.171773e-12 0.000000e+00
101 104 1.307482e-03 2.608770e-03 3 3 3 3 1.017127e-12 0.000000e+00
101 105 1.307482e-03 3.284247e-03 3 3 3 3 8.978900e-13 0.000000e+00
101 106 1.307482e-03 4.134622e-03 3 3 3 3 7.985694e-13 0.000000e+00
101 107 1.307482e-03 5.205181e-03 3 3 3 3 7.107837e-13 0.000000e+00
101 108 1.307482e-03 6.552935e-03 3 3 3 3 6.298399e-13 0.000000e+00
101 109 1.307482e-03 8.249656e-03 3 3 3 3 5.531570e-13 0.000000e+00
102 99 1.646023e-03 8.249656e-04 3 3 3 3 1.299104e-12 0.000000e+00
102 100 1.646023e-03 1.038570e-03 3 3 3 3 1.329572e-12 0.000000e+00
102 101 1.646023e-03 1.307482e-03 3 3 3 3 1.392018e-12 0.000000e+00
102 102 1.646023e-03 1.646023e-03 3 3 3 3 1.774573e-11 0.000000e+00
102 103 1.646023e-03 2.072220e-03 3 3 3 3 1.226819e-12 0.000000e+00
102 104 1.646023e-03 2.608770e-03 3 3 3 3 1.037116e-12 0.000000e+00
102 105 1.646023e-03 3.284247e-03 3 3 3 3 9.054106e-13 0.000000e+00
102 106 1.646023e-03 4.134622e-03 3 3 3 3 8.014462e-13 0.000000e+00
102 107 1.646023e-03 5.205181e-03 3 3 3 3 7.118977e-13 0.000000e+00
102 108 1.646023e-03 6.552935e-03 3 3 3 3 6.302885e-13 0.000000e+00
102 109 1.646023e-03 8.249656e-03 3 3 3 3 5.533592e-13 0.000000e+00
103 99 2.072220e-03 8.249656e-04 3 3 3 3 1.133278e-12 0.000000e+00
103 100 2.072220e-03 1.038570e-03 3 3 3 3 1.146557e-12 0.000000e+00
103 101 2.072220e-03 1.307482e-03 3 3 3 3 1.171773e-12 0.000000e+00
103 102 2.072220e-03 1.646023e-03 3 3 3 3 1.226819e-12 0.000000e+00
103 103 2.072220e-03 2.072220e-03 3 3 3 3 1.125136e-11 0.000000e+00
103 104 2.072220e-03 2.608770e-03 3 3 3 3 1.083814e-12 0.000000e+00
103 105 2.072220e-03 3.284247e-03 3 3 3 3 9.206175e-13 0.000000e+00
103 106 2.072220e-03 4.134622e-03 3 3 3 3 8.067806e-13 0.000000e+00
103 107 2.072220e-03 5.205181e-03 3 3 3 3 7.138517e-13 0.000000e+00
103 108 2.072220e-03 6.552935e-03 3 3 3 3 6.310456e-13 0.000000e+00
103 109 2.072220e-03 8.249656e-03 3 3 3 3 5.536910e-13 0.000000e+00
104 99 2.608770e-03 8.249656e-04 3 3 3 3 1.001227e-12 0.000000e+00
104 100 2.608770e-03 1.038570e-03 3 3 3 3 1.006920e-12 0.000000e+00
104 101 2.608770e-03 1.307482e-03 3 3 3 3 1.017127e-12 0.000000e+00
104 102 2.608770e-03 1.646023e-03 3 3 3 3 1.037116e-12 0.000000e+00
104 103 2.608770e-03 2.072220e-03 3 3 3 3 1.083814e-12 0.000000e+00
104 104 2.608770e-03 2.608770e-03 3 3 3 3 7.129214e-12 0.000000e+00
104 105 2.608770e-03 3.284247e-03 3 3 3 3 9.588190e-13 0.000000e+00
104 106 2.608770e-03 4.134622e-03 3 3 3 3 8.179175e-13 0.000000e+00
104 107 2.608770e-03 5.205181e-03 3 3 3 3 7.175288e-13 0.000000e+00
104 108 2.608770e-03 6.552935e-03 3 3 3 3 6.323769e-13 0.000000e+00
104 109 2.608770e-03 8.249656e-03 3 3 3 3 5.542464e-13 0.000000e+00
105 99 3.284247e-03 8.249656e-04 3 3 3 3 8.913736e-13 0.000000e+00
105 100 3.284247e-03 1.038570e-03 3 3 3 3 8.937656e-13 0.000000e+00
105 101 3.284247e-03 1.307482e-03 3 3 3 3 8.978900e-13 0.000000e+00
105 102 3.284247e-03 1.646023e-03 3 3 3 3 9.054106e-13 0.000000e+00
105 103 3.284247e-03 2.072220e-03 3 3 3 3 9.206175e-13 0.000000e+00
105 104 3.284247e-03 2.608770e-03 3 3 3 3 9.588190e-13 0.000000e+00
105 105 3.284247e-03 3.284247e-03 3 3 3 3 4.514750e-12 0.000000e+00
105 106 3.284247e-03 4.134622e-03 3 3 3 3 8.481228e-13 0.000000e+00
105 107 3.284247e-03 5.205181e-03 3 3 3 3 7.254346e-13 0.000000e+00
105 108 3.284247e-03 6.552935e-03 3 3 3 3 6.348978e-13 0.000000e+00
105 109 3.284247e-03 8.249656e-03 3 3 3 3 5.552130e-13 0.000000e+00
106 99 4.134622e-03 8.249656e-04 3 3 3 3 7.959325e-13 0.000000e+00
106 100 4.134622e-03 1.038570e-03 3 3 3 3 7.969167e-13 0.000000e+00
106 101 4.134622e-03 1.307482e-03 3 3 3 3 7.985694e-13 0.000000e+00
106 102 4.134622e-03 1.646023e-03 3 3 3 3 8.014462e-13 0.000000e+00
106 103 4.134622e-03 2.072220e-03 3 3 3 3 8.067806e-13 0.000000e+00
106 104 4.134622e-03 2.608770e-03 3 3 3 3 8.179175e-13 0.000000e+00
106 105 4.134622e-03 3.284247e-03 3 3 3 3 8.481228e-13 0.000000e+00
106 106 4.134622e-03 4.134622e-03 3 3 3 3 2.861274e-12 0.000000e+00
106 107 4.134622e-03 5.205181e-03 3 3 3 3 7.486074e-13 0.000000e+00
106 108 4.134622e-03 6.552935e-03 3 3 3 3 6.404225e-13 0.000000e+00
106 109 4.134622e-03 8.249656e-03 3 3 3 3 5.570212e-13 0.000000e+00
107 99 5.205181e-03 8.249656e-04 3 3 3 3 7.097218e-13 0.000000e+00
107 100 5.205181e-03 1.038570e-03 3 3 3 3 7.101229e-13 0.000000e+00
107 101 5.205181e-03 1.307482e-03 3 3 3 3 7.107837e-13 0.000000e+00
107 102 5.205181e-03 1.646023e-03 3 3 3 3 7.118977e-13 0.000000e+00
107 103 5.205181e-03 2.072220e-03 3 3 3 3 7.138517e-13 0.000000e+00
107 104 5.205181e-03 2.608770e-03 3 3 3 3 7.175288e-13 0.000000e+00
107 105 5.205181e-03 3.284247e-03 3 3 3 3 7.254346e-13 0.000000e+00
107 106 5.205181e-03 4.134622e-03 3 3 3 3 7.486074e-13 0.000000e+00
107 107 5.205181e-03 5.205181e-03 3 3 3 3 1.813217e-12 0.000000e+00
107 108 5.205181e-03 6.552935e-03 3 3 3 3 6.577950e-13 0.000000e+00
107 109 5.205181e-03 8.249656e-03 3 3 3 3 5.609561e-13 0.000000e+00
108 99 6.552935e-03 8.249656e-04 3 3 3 3 6.293997e-13 0.000000e+00
108 100 6.552935e-03 1.038570e-03 3 3 3 3 6.295670e-13 0.000000e+00
108 101 6.552935e-03 1.307482e-03 3 3 3 3 6.298399e-13 0.000000e+00
108 102 6.552935e-03 1.646023e-03 3 3 3 3 6.302885e-13 0.000000e+00
108 103 6.552935e-03 2.072220e-03 3 3 3 3 6.310456e-13 0.000000e+00
108 104 6.552935e-03 2.608770e-03 3 3 3 3 6.323769e-13 0.000000e+00
108 105 6.552935e-03 3.284247e-03 3 3 3 3 6.348978e-13 0.000000e+00
108 106 6.552935e-03 4.134622e-03 3 3 3 3 6.404225e-13 0.000000e+00
108 107 6.552935e-03 5.205181e-03 3 3 3 3 6.577950e-13 0.000000e+00
108 108 6.552935e-03 6.552935e-03 3 3 3 3 1.148689e-12 0.000000e+00
108 109 6.552935e-03 8.249656e-03 3 3 3 3 5.738668e-13 0.000000e+00
109 99 8.249656e-03 8.249656e-04 3 3 3 3 5.529543e-13 0.000000e+00
109 100 8.249656e-03 1.038570e-03 3 3 3 3 5.530315e-13 0.000000e+00
109 101 8.249656e-03 1.307482e-03 3 3 3 3 5.531570e-13 0.000000e+00
109 102 8.249656e-03 1.646023e-03 3 3 3 3 5.533592e-13 0.000000e+00
109 103 8.249656e-03 2.072220e-03 3 3 3 3 5.536910e-13 0.000000e+00
109 104 8.249656e-03 2.608770e-03 3 3 3 3 5.542464e-13 0.000000e+00
109 105 8.249656e-03 3.284247e-03 3 3 3 3 5.552130e-13 0.000000e+00
109 106 8.249656e-03 4.134622e-03 3 3 3 3 5.570212e-13 0.000000e+00
109 107 8.249656e-03 5.205181e-03 3 3 3 3 5.609561e-13 0.000000e+00
109 108 8.249656e-03 6.552935e-03 3 3 3 3 5.738668e-13 0.000000e+00
109 109 8.249656e-03 8.249656e-03 3 3 3 3 7.280995e-13 0.000000e+00
