# Please cite the following papers in research using this covariance:
# arXiv: 1601.05779, https://arxiv.org/abs/1601.05779
# arXiv: 1911.11947, https://arxiv.org/abs/1911.11947
# arXiv: 2004.04833, https://arxiv.org/abs/2004.04833
# arXiv: 1804.10663, https://arxiv.org/abs/1804.10663
########################################################
0 132 8.249656e-04 8.249656e-04 0 0 0 2 0.000000e+00 0.000000e+00
0 133 8.249656e-04 1.038570e-03 0 0 0 2 -9.365023e-15 0.000000e+00
0 134 8.249656e-04 1.307482e-03 0 0 0 2 -4.217681e-15 0.000000e+00
0 135 8.249656e-04 1.646023e-03 0 0 0 2 4.175150e-15 0.000000e+00
0 136 8.249656e-04 2.072220e-03 0 0 0 2 1.052876e-14 0.000000e+00
0 137 8.249656e-04 2.608770e-03 0 0 0 2 1.395932e-14 0.000000e+00
0 138 8.249656e-04 3.284247e-03 0 0 0 2 1.503095e-14 0.000000e+00
0 139 8.249656e-04 4.134622e-03 0 0 0 2 1.457024e-14 0.000000e+00
0 140 8.249656e-04 5.205181e-03 0 0 0 2 1.327963e-14 0.000000e+00
0 141 8.249656e-04 6.552935e-03 0 0 0 2 1.165556e-14 0.000000e+00
0 142 8.249656e-04 8.249656e-03 0 0 0 2 1.000876e-14 0.000000e+00
1 132 1.038570e-03 8.249656e-04 0 0 0 2 6.687180e-17 0.000000e+00
1 133 1.038570e-03 1.038570e-03 0 0 0 2 0.000000e+00 0.000000e+00
1 134 1.038570e-03 1.307482e-03 0 0 0 2 -9.298078e-15 0.000000e+00
1 135 1.038570e-03 1.646023e-03 0 0 0 2 -4.217164e-15 0.000000e+00
1 136 1.038570e-03 2.072220e-03 0 0 0 2 3.742239e-15 0.000000e+00
1 137 1.038570e-03 2.608770e-03 0 0 0 2 9.467168e-15 0.000000e+00
1 138 1.038570e-03 3.284247e-03 0 0 0 2 1.233202e-14 0.000000e+00
1 139 1.038570e-03 4.134622e-03 0 0 0 2 1.303869e-14 0.000000e+00
1 140 1.038570e-03 5.205181e-03 0 0 0 2 1.244142e-14 0.000000e+00
1 141 1.038570e-03 6.552935e-03 0 0 0 2 1.120701e-14 0.000000e+00
1 142 1.038570e-03 8.249656e-03 0 0 0 2 9.771496e-15 0.000000e+00
2 132 1.307482e-03 8.249656e-04 0 0 0 2 8.833312e-17 0.000000e+00
2 133 1.307482e-03 1.038570e-03 0 0 0 2 1.822545e-16 0.000000e+00
2 134 1.307482e-03 1.307482e-03 0 0 0 2 0.000000e+00 0.000000e+00
2 135 1.307482e-03 1.646023e-03 0 0 0 2 -9.059374e-15 0.000000e+00
2 136 1.307482e-03 2.072220e-03 0 0 0 2 -4.106052e-15 0.000000e+00
2 137 1.307482e-03 2.608770e-03 0 0 0 2 3.306389e-15 0.000000e+00
2 138 1.307482e-03 3.284247e-03 0 0 0 2 8.363505e-15 0.000000e+00
2 139 1.307482e-03 4.134622e-03 0 0 0 2 1.070940e-14 0.000000e+00
2 140 1.307482e-03 5.205181e-03 0 0 0 2 1.114386e-14 0.000000e+00
2 141 1.307482e-03 6.552935e-03 0 0 0 2 1.050591e-14 0.000000e+00
2 142 1.307482e-03 8.249656e-03 0 0 0 2 9.398631e-15 0.000000e+00
3 132 1.646023e-03 8.249656e-04 0 0 0 2 4.447942e-17 0.000000e+00
3 133 1.646023e-03 1.038570e-03 0 0 0 2 1.184743e-16 0.000000e+00
3 134 1.646023e-03 1.307482e-03 0 0 0 2 2.972274e-16 0.000000e+00
3 135 1.646023e-03 1.646023e-03 0 0 0 2 0.000000e+00 0.000000e+00
3 136 1.646023e-03 2.072220e-03 0 0 0 2 -8.651300e-15 0.000000e+00
3 137 1.646023e-03 2.608770e-03 0 0 0 2 -3.888364e-15 0.000000e+00
3 138 1.646023e-03 3.284247e-03 0 0 0 2 2.886978e-15 0.000000e+00
3 139 1.646023e-03 4.134622e-03 0 0 0 2 7.272054e-15 0.000000e+00
3 140 1.646023e-03 5.205181e-03 0 0 0 2 9.166675e-15 0.000000e+00
3 141 1.646023e-03 6.552935e-03 0 0 0 2 9.419584e-15 0.000000e+00
3 142 1.646023e-03 8.249656e-03 0 0 0 2 8.815578e-15 0.000000e+00
4 132 2.072220e-03 8.249656e-04 0 0 0 2 1.914406e-17 0.000000e+00
4 133 2.072220e-03 1.038570e-03 0 0 0 2 5.112249e-17 0.000000e+00
4 134 2.072220e-03 1.307482e-03 0 0 0 2 1.423652e-16 0.000000e+00
4 135 2.072220e-03 1.646023e-03 0 0 0 2 3.999298e-16 0.000000e+00
4 136 2.072220e-03 2.072220e-03 0 0 0 2 0.000000e+00 0.000000e+00
4 137 2.072220e-03 2.608770e-03 0 0 0 2 -8.091418e-15 0.000000e+00
4 138 2.072220e-03 3.284247e-03 0 0 0 2 -3.579675e-15 0.000000e+00
4 139 2.072220e-03 4.134622e-03 0 0 0 2 2.498386e-15 0.000000e+00
4 140 2.072220e-03 5.205181e-03 0 0 0 2 6.239270e-15 0.000000e+00
4 141 2.072220e-03 6.552935e-03 0 0 0 2 7.761730e-15 0.000000e+00
4 142 2.072220e-03 8.249656e-03 0 0 0 2 7.911730e-15 0.000000e+00
5 132 2.608770e-03 8.249656e-04 0 0 0 2 7.680293e-18 0.000000e+00
5 133 2.608770e-03 1.038570e-03 0 0 0 2 1.977489e-17 0.000000e+00
5 134 2.608770e-03 1.307482e-03 0 0 0 2 5.411009e-17 0.000000e+00
5 135 2.608770e-03 1.646023e-03 0 0 0 2 1.560721e-16 0.000000e+00
5 136 2.608770e-03 2.072220e-03 0 0 0 2 4.794358e-16 0.000000e+00
5 137 2.608770e-03 2.608770e-03 0 0 0 2 0.000000e+00 0.000000e+00
5 138 2.608770e-03 3.284247e-03 0 0 0 2 -7.411294e-15 0.000000e+00
5 139 2.608770e-03 4.134622e-03 0 0 0 2 -3.205531e-15 0.000000e+00
5 140 2.608770e-03 5.205181e-03 0 0 0 2 2.149279e-15 0.000000e+00
5 141 2.608770e-03 6.552935e-03 0 0 0 2 5.300410e-15 0.000000e+00
5 142 2.608770e-03 8.249656e-03 0 0 0 2 6.530953e-15 0.000000e+00
6 132 3.284247e-03 8.249656e-04 0 0 0 2 2.930294e-18 0.000000e+00
6 133 3.284247e-03 1.038570e-03 0 0 0 2 7.096464e-18 0.000000e+00
6 134 3.284247e-03 1.307482e-03 0 0 0 2 1.905816e-17 0.000000e+00
6 135 3.284247e-03 1.646023e-03 0 0 0 2 5.313327e-17 0.000000e+00
6 136 3.284247e-03 2.072220e-03 0 0 0 2 1.584135e-16 0.000000e+00
6 137 3.284247e-03 2.608770e-03 0 0 0 2 5.279374e-16 0.000000e+00
6 138 3.284247e-03 3.284247e-03 0 0 0 2 0.000000e+00 0.000000e+00
6 139 3.284247e-03 4.134622e-03 0 0 0 2 -6.652319e-15 0.000000e+00
6 140 3.284247e-03 5.205181e-03 0 0 0 2 -2.796530e-15 0.000000e+00
6 141 3.284247e-03 6.552935e-03 0 0 0 2 1.843635e-15 0.000000e+00
6 142 3.284247e-03 8.249656e-03 0 0 0 2 4.477163e-15 0.000000e+00
7 132 4.134622e-03 8.249656e-04 0 0 0 2 1.146272e-18 0.000000e+00
7 133 4.134622e-03 1.038570e-03 0 0 0 2 2.397724e-18 0.000000e+00
7 134 4.134622e-03 1.307482e-03 0 0 0 2 6.334920e-18 0.000000e+00
7 135 4.134622e-03 1.646023e-03 0 0 0 2 1.719818e-17 0.000000e+00
7 136 4.134622e-03 2.072220e-03 0 0 0 2 4.865580e-17 0.000000e+00
7 137 4.134622e-03 2.608770e-03 0 0 0 2 1.500942e-16 0.000000e+00
7 138 4.134622e-03 3.284247e-03 0 0 0 2 5.420667e-16 0.000000e+00
7 139 4.134622e-03 4.134622e-03 0 0 0 2 0.000000e+00 0.000000e+00
7 140 4.134622e-03 5.205181e-03 0 0 0 2 -5.859364e-15 0.000000e+00
7 141 4.134622e-03 6.552935e-03 0 0 0 2 -2.383517e-15 0.000000e+00
7 142 4.134622e-03 8.249656e-03 0 0 0 2 1.581547e-15 0.000000e+00
8 132 5.205181e-03 8.249656e-04 0 0 0 2 4.859811e-19 0.000000e+00
8 133 5.205181e-03 1.038570e-03 0 0 0 2 7.477195e-19 0.000000e+00
8 134 5.205181e-03 1.307482e-03 0 0 0 2 1.987184e-18 0.000000e+00
8 135 5.205181e-03 1.646023e-03 0 0 0 2 5.355459e-18 0.000000e+00
8 136 5.205181e-03 2.072220e-03 0 0 0 2 1.454839e-17 0.000000e+00
8 137 5.205181e-03 2.608770e-03 0 0 0 2 4.192593e-17 0.000000e+00
8 138 5.205181e-03 3.284247e-03 0 0 0 2 1.337127e-16 0.000000e+00
8 139 5.205181e-03 4.134622e-03 0 0 0 2 5.239077e-16 0.000000e+00
8 140 5.205181e-03 5.205181e-03 0 0 0 2 0.000000e+00 0.000000e+00
8 141 5.205181e-03 6.552935e-03 0 0 0 2 -5.075420e-15 0.000000e+00
8 142 5.205181e-03 8.249656e-03 0 0 0 2 -1.992806e-15 0.000000e+00
9 132 6.552935e-03 8.249656e-04 0 0 0 2 2.926842e-19 0.000000e+00
9 133 6.552935e-03 1.038570e-03 0 0 0 2 1.966472e-19 0.000000e+00
9 134 6.552935e-03 1.307482e-03 0 0 0 2 5.867172e-19 0.000000e+00
9 135 6.552935e-03 1.646023e-03 0 0 0 2 1.602118e-18 0.000000e+00
9 136 6.552935e-03 2.072220e-03 0 0 0 2 4.224855e-18 0.000000e+00
9 137 6.552935e-03 2.608770e-03 0 0 0 2 1.165108e-17 0.000000e+00
9 138 6.552935e-03 3.284247e-03 0 0 0 2 3.412931e-17 0.000000e+00
9 139 6.552935e-03 4.134622e-03 0 0 0 2 1.124904e-16 0.000000e+00
9 140 6.552935e-03 5.205181e-03 0 0 0 2 4.796742e-16 0.000000e+00
9 141 6.552935e-03 6.552935e-03 0 0 0 2 0.000000e+00 0.000000e+00
9 142 6.552935e-03 8.249656e-03 0 0 0 2 -4.336488e-15 0.000000e+00
10 132 8.249656e-03 8.249656e-04 0 0 0 2 2.145255e-19 0.000000e+00
10 133 8.249656e-03 1.038570e-03 0 0 0 2 2.980341e-20 0.000000e+00
10 134 8.249656e-03 1.307482e-03 0 0 0 2 1.579388e-19 0.000000e+00
10 135 8.249656e-03 1.646023e-03 0 0 0 2 4.655786e-19 0.000000e+00
10 136 8.249656e-03 2.072220e-03 0 0 0 2 1.199873e-18 0.000000e+00
10 137 8.249656e-03 2.608770e-03 0 0 0 2 3.185513e-18 0.000000e+00
10 138 8.249656e-03 3.284247e-03 0 0 0 2 8.845432e-18 0.000000e+00
10 139 8.249656e-03 4.134622e-03 0 0 0 2 2.636177e-17 0.000000e+00
10 140 8.249656e-03 5.205181e-03 0 0 0 2 8.981781e-17 0.000000e+00
10 141 8.249656e-03 6.552935e-03 0 0 0 2 4.181878e-16 0.000000e+00
10 142 8.249656e-03 8.249656e-03 0 0 0 2 0.000000e+00 0.000000e+00
