# Please cite the following papers in research using this covariance:
# arXiv: 1601.05779, https://arxiv.org/abs/1601.05779
# arXiv: 1911.11947, https://arxiv.org/abs/1911.11947
# arXiv: 2004.04833, https://arxiv.org/abs/2004.04833
# arXiv: 1804.10663, https://arxiv.org/abs/1804.10663
########################################################
66 154 8.249656e-04 8.249656e-04 1 3 1 1 0.000000e+00 0.000000e+00
66 155 8.249656e-04 1.038570e-03 1 3 1 1 -2.107116e-14 0.000000e+00
66 156 8.249656e-04 1.307482e-03 1 3 1 1 -9.587042e-15 0.000000e+00
66 157 8.249656e-04 1.646023e-03 1 3 1 1 8.878712e-15 0.000000e+00
66 158 8.249656e-04 2.072220e-03 1 3 1 1 2.249452e-14 0.000000e+00
66 159 8.249656e-04 2.608770e-03 1 3 1 1 2.950794e-14 0.000000e+00
66 160 8.249656e-04 3.284247e-03 1 3 1 1 3.138796e-14 0.000000e+00
66 161 8.249656e-04 4.134622e-03 1 3 1 1 3.009137e-14 0.000000e+00
66 162 8.249656e-04 5.205181e-03 1 3 1 1 2.720226e-14 0.000000e+00
66 163 8.249656e-04 6.552935e-03 1 3 1 1 2.378502e-14 0.000000e+00
66 164 8.249656e-04 8.249656e-03 1 3 1 1 2.046550e-14 0.000000e+00
67 154 1.038570e-03 8.249656e-04 1 3 1 1 2.521352e-16 0.000000e+00
67 155 1.038570e-03 1.038570e-03 1 3 1 1 0.000000e+00 0.000000e+00
67 156 1.038570e-03 1.307482e-03 1 3 1 1 -2.076391e-14 0.000000e+00
67 157 1.038570e-03 1.646023e-03 1 3 1 1 -9.476830e-15 0.000000e+00
67 158 1.038570e-03 2.072220e-03 1 3 1 1 7.882561e-15 0.000000e+00
67 159 1.038570e-03 2.608770e-03 1 3 1 1 2.000031e-14 0.000000e+00
67 160 1.038570e-03 3.284247e-03 1 3 1 1 2.576812e-14 0.000000e+00
67 161 1.038570e-03 4.134622e-03 1 3 1 1 2.694589e-14 0.000000e+00
67 162 1.038570e-03 5.205181e-03 1 3 1 1 2.549736e-14 0.000000e+00
67 163 1.038570e-03 6.552935e-03 1 3 1 1 2.287647e-14 0.000000e+00
67 164 1.038570e-03 8.249656e-03 1 3 1 1 1.998356e-14 0.000000e+00
68 154 1.307482e-03 8.249656e-04 1 3 1 1 2.408149e-16 0.000000e+00
68 155 1.307482e-03 1.038570e-03 1 3 1 1 5.347863e-16 0.000000e+00
68 156 1.307482e-03 1.307482e-03 1 3 1 1 0.000000e+00 0.000000e+00
68 157 1.307482e-03 1.646023e-03 1 3 1 1 -2.004180e-14 0.000000e+00
68 158 1.307482e-03 2.072220e-03 1 3 1 1 -9.094474e-15 0.000000e+00
68 159 1.307482e-03 2.608770e-03 1 3 1 1 6.911628e-15 0.000000e+00
68 160 1.307482e-03 3.284247e-03 1 3 1 1 1.748416e-14 0.000000e+00
68 161 1.307482e-03 4.134622e-03 1 3 1 1 2.215521e-14 0.000000e+00
68 162 1.307482e-03 5.205181e-03 1 3 1 1 2.285629e-14 0.000000e+00
68 163 1.307482e-03 6.552935e-03 1 3 1 1 2.145603e-14 0.000000e+00
68 164 1.307482e-03 8.249656e-03 1 3 1 1 1.922621e-14 0.000000e+00
69 154 1.646023e-03 8.249656e-04 1 3 1 1 1.138410e-16 0.000000e+00
69 155 1.646023e-03 1.038570e-03 1 3 1 1 3.078605e-16 0.000000e+00
69 156 1.646023e-03 1.307482e-03 1 3 1 1 8.043171e-16 0.000000e+00
69 157 1.646023e-03 1.646023e-03 1 3 1 1 0.000000e+00 0.000000e+00
69 158 1.646023e-03 2.072220e-03 1 3 1 1 -1.892932e-14 0.000000e+00
69 159 1.646023e-03 2.608770e-03 1 3 1 1 -8.467729e-15 0.000000e+00
69 160 1.646023e-03 3.284247e-03 1 3 1 1 6.003808e-15 0.000000e+00
69 161 1.646023e-03 4.134622e-03 1 3 1 1 1.506837e-14 0.000000e+00
69 162 1.646023e-03 5.205181e-03 1 3 1 1 1.882716e-14 0.000000e+00
69 163 1.646023e-03 6.552935e-03 1 3 1 1 1.925412e-14 0.000000e+00
69 164 1.646023e-03 8.249656e-03 1 3 1 1 1.804192e-14 0.000000e+00
70 154 2.072220e-03 8.249656e-04 1 3 1 1 4.629778e-17 0.000000e+00
70 155 2.072220e-03 1.038570e-03 1 3 1 1 1.248974e-16 0.000000e+00
70 156 2.072220e-03 1.307482e-03 1 3 1 1 3.536391e-16 0.000000e+00
70 157 2.072220e-03 1.646023e-03 1 3 1 1 1.028338e-15 0.000000e+00
70 158 2.072220e-03 2.072220e-03 1 3 1 1 0.000000e+00 0.000000e+00
70 159 2.072220e-03 2.608770e-03 1 3 1 1 -1.748961e-14 0.000000e+00
70 160 2.072220e-03 3.284247e-03 1 3 1 1 -7.652545e-15 0.000000e+00
70 161 2.072220e-03 4.134622e-03 1 3 1 1 5.183826e-15 0.000000e+00
70 162 2.072220e-03 5.205181e-03 1 3 1 1 1.284914e-14 0.000000e+00
70 163 2.072220e-03 6.552935e-03 1 3 1 1 1.589119e-14 0.000000e+00
70 164 2.072220e-03 8.249656e-03 1 3 1 1 1.620599e-14 0.000000e+00
71 154 2.608770e-03 8.249656e-04 1 3 1 1 1.751602e-17 0.000000e+00
71 155 2.608770e-03 1.038570e-03 1 3 1 1 4.547633e-17 0.000000e+00
71 156 2.608770e-03 1.307482e-03 1 3 1 1 1.259070e-16 0.000000e+00
71 157 2.608770e-03 1.646023e-03 1 3 1 1 3.703643e-16 0.000000e+00
71 158 2.608770e-03 2.072220e-03 1 3 1 1 1.181018e-15 0.000000e+00
71 159 2.608770e-03 2.608770e-03 1 3 1 1 0.000000e+00 0.000000e+00
71 160 2.608770e-03 3.284247e-03 1 3 1 1 -1.581595e-14 0.000000e+00
71 161 2.608770e-03 4.134622e-03 1 3 1 1 -6.723316e-15 0.000000e+00
71 162 2.608770e-03 5.205181e-03 1 3 1 1 4.464161e-15 0.000000e+00
71 163 2.608770e-03 6.552935e-03 1 3 1 1 1.089124e-14 0.000000e+00
71 164 2.608770e-03 8.249656e-03 1 3 1 1 1.340091e-14 0.000000e+00
72 154 3.284247e-03 8.249656e-04 1 3 1 1 6.327145e-18 0.000000e+00
72 155 3.284247e-03 1.038570e-03 1 3 1 1 1.536331e-17 0.000000e+00
72 156 3.284247e-03 1.307482e-03 1 3 1 1 4.162677e-17 0.000000e+00
72 157 3.284247e-03 1.646023e-03 1 3 1 1 1.175928e-16 0.000000e+00
72 158 3.284247e-03 2.072220e-03 1 3 1 1 3.587453e-16 0.000000e+00
72 159 3.284247e-03 2.608770e-03 1 3 1 1 1.249099e-15 0.000000e+00
72 160 3.284247e-03 3.284247e-03 1 3 1 1 0.000000e+00 0.000000e+00
72 161 3.284247e-03 4.134622e-03 1 3 1 1 -1.401730e-14 0.000000e+00
72 162 3.284247e-03 5.205181e-03 1 3 1 1 -5.757889e-15 0.000000e+00
72 163 3.284247e-03 6.552935e-03 1 3 1 1 3.848120e-15 0.000000e+00
72 164 3.284247e-03 8.249656e-03 1 3 1 1 9.226639e-15 0.000000e+00
73 154 4.134622e-03 8.249656e-04 1 3 1 1 2.373413e-18 0.000000e+00
73 155 4.134622e-03 1.038570e-03 1 3 1 1 4.900257e-18 0.000000e+00
73 156 4.134622e-03 1.307482e-03 1 3 1 1 1.305589e-17 0.000000e+00
73 157 4.134622e-03 1.646023e-03 1 3 1 1 3.574186e-17 0.000000e+00
73 158 4.134622e-03 2.072220e-03 1 3 1 1 1.024994e-16 0.000000e+00
73 159 4.134622e-03 2.608770e-03 1 3 1 1 3.243384e-16 0.000000e+00
73 160 4.134622e-03 3.284247e-03 1 3 1 1 1.233169e-15 0.000000e+00
73 161 4.134622e-03 4.134622e-03 1 3 1 1 0.000000e+00 0.000000e+00
73 162 4.134622e-03 5.205181e-03 1 3 1 1 -1.220178e-14 0.000000e+00
73 163 4.134622e-03 6.552935e-03 1 3 1 1 -4.825906e-15 0.000000e+00
73 164 4.134622e-03 8.249656e-03 1 3 1 1 3.332691e-15 0.000000e+00
74 154 5.205181e-03 8.249656e-04 1 3 1 1 9.878432e-19 0.000000e+00
74 155 5.205181e-03 1.038570e-03 1 3 1 1 1.435319e-18 0.000000e+00
74 156 5.205181e-03 1.307482e-03 1 3 1 1 3.879014e-18 0.000000e+00
74 157 5.205181e-03 1.646023e-03 1 3 1 1 1.052903e-17 0.000000e+00
74 158 5.205181e-03 2.072220e-03 1 3 1 1 2.879781e-17 0.000000e+00
74 159 5.205181e-03 2.608770e-03 1 3 1 1 8.417240e-17 0.000000e+00
74 160 5.205181e-03 3.284247e-03 1 3 1 1 2.757786e-16 0.000000e+00
74 161 5.205181e-03 4.134622e-03 1 3 1 1 1.146629e-15 0.000000e+00
74 162 5.205181e-03 5.205181e-03 1 3 1 1 0.000000e+00 0.000000e+00
74 163 5.205181e-03 6.552935e-03 1 3 1 1 -1.046395e-14 0.000000e+00
74 164 5.205181e-03 8.249656e-03 1 3 1 1 -3.979216e-15 0.000000e+00
75 154 6.552935e-03 8.249656e-04 1 3 1 1 6.058999e-19 0.000000e+00
75 155 6.552935e-03 1.038570e-03 1 3 1 1 3.302638e-19 0.000000e+00
75 156 6.552935e-03 1.307482e-03 1 3 1 1 1.072449e-18 0.000000e+00
75 157 6.552935e-03 1.646023e-03 1 3 1 1 2.969183e-18 0.000000e+00
75 158 6.552935e-03 2.072220e-03 1 3 1 1 7.860443e-18 0.000000e+00
75 159 6.552935e-03 2.608770e-03 1 3 1 1 2.191262e-17 0.000000e+00
75 160 6.552935e-03 3.284247e-03 1 3 1 1 6.524085e-17 0.000000e+00
75 161 6.552935e-03 4.134622e-03 1 3 1 1 2.214815e-16 0.000000e+00
75 162 6.552935e-03 5.205181e-03 1 3 1 1 1.010631e-15 0.000000e+00
75 163 6.552935e-03 6.552935e-03 1 3 1 1 0.000000e+00 0.000000e+00
75 164 6.552935e-03 8.249656e-03 1 3 1 1 -8.875917e-15 0.000000e+00
76 154 8.249656e-03 8.249656e-04 1 3 1 1 4.565202e-19 0.000000e+00
76 155 8.249656e-03 1.038570e-03 1 3 1 1 2.167101e-20 0.000000e+00
76 156 8.249656e-03 1.307482e-03 1 3 1 1 2.757224e-19 0.000000e+00
76 157 8.249656e-03 1.646023e-03 1 3 1 1 8.391286e-19 0.000000e+00
76 158 8.249656e-03 2.072220e-03 1 3 1 1 2.142807e-18 0.000000e+00
76 159 8.249656e-03 2.608770e-03 1 3 1 1 5.696764e-18 0.000000e+00
76 160 8.249656e-03 3.284247e-03 1 3 1 1 1.590303e-17 0.000000e+00
76 161 8.249656e-03 4.134622e-03 1 3 1 1 4.806059e-17 0.000000e+00
76 162 8.249656e-03 5.205181e-03 1 3 1 1 1.687840e-16 0.000000e+00
76 163 8.249656e-03 6.552935e-03 1 3 1 1 8.483596e-16 0.000000e+00
76 164 8.249656e-03 8.249656e-03 1 3 1 1 0.000000e+00 0.000000e+00
