# Please cite the following papers in research using this covariance:
# arXiv: 1601.05779, https://arxiv.org/abs/1601.05779
# arXiv: 1911.11947, https://arxiv.org/abs/1911.11947
# arXiv: 2004.04833, https://arxiv.org/abs/2004.04833
# arXiv: 1804.10663, https://arxiv.org/abs/1804.10663
########################################################
66 143 8.249656e-04 8.249656e-04 1 3 0 3 0.000000e+00 0.000000e+00
66 144 8.249656e-04 1.038570e-03 1 3 0 3 -4.393744e-15 0.000000e+00
66 145 8.249656e-04 1.307482e-03 1 3 0 3 -1.921041e-15 0.000000e+00
66 146 8.249656e-04 1.646023e-03 1 3 0 3 2.295656e-15 0.000000e+00
66 147 8.249656e-04 2.072220e-03 1 3 0 3 5.727510e-15 0.000000e+00
66 148 8.249656e-04 2.608770e-03 1 3 0 3 7.820317e-15 0.000000e+00
66 149 8.249656e-04 3.284247e-03 1 3 0 3 8.739330e-15 0.000000e+00
66 150 8.249656e-04 4.134622e-03 1 3 0 3 8.830641e-15 0.000000e+00
66 151 8.249656e-04 5.205181e-03 1 3 0 3 8.426254e-15 0.000000e+00
66 152 8.249656e-04 6.552935e-03 1 3 0 3 7.787517e-15 0.000000e+00
66 153 8.249656e-04 8.249656e-03 1 3 0 3 7.100033e-15 0.000000e+00
67 143 1.038570e-03 8.249656e-04 1 3 0 3 -3.435095e-17 0.000000e+00
67 144 1.038570e-03 1.038570e-03 1 3 0 3 0.000000e+00 0.000000e+00
67 145 1.038570e-03 1.307482e-03 1 3 0 3 -4.460331e-15 0.000000e+00
67 146 1.038570e-03 1.646023e-03 1 3 0 3 -1.979296e-15 0.000000e+00
67 147 1.038570e-03 2.072220e-03 1 3 0 3 2.125923e-15 0.000000e+00
67 148 1.038570e-03 2.608770e-03 1 3 0 3 5.330339e-15 0.000000e+00
67 149 1.038570e-03 3.284247e-03 1 3 0 3 7.174917e-15 0.000000e+00
67 150 1.038570e-03 4.134622e-03 1 3 0 3 7.901001e-15 0.000000e+00
67 151 1.038570e-03 5.205181e-03 1 3 0 3 7.892253e-15 0.000000e+00
67 152 1.038570e-03 6.552935e-03 1 3 0 3 7.486338e-15 0.000000e+00
67 153 1.038570e-03 8.249656e-03 1 3 0 3 6.931005e-15 0.000000e+00
68 143 1.307482e-03 8.249656e-04 1 3 0 3 1.866560e-17 0.000000e+00
68 144 1.307482e-03 1.038570e-03 1 3 0 3 1.102663e-17 0.000000e+00
68 145 1.307482e-03 1.307482e-03 1 3 0 3 0.000000e+00 0.000000e+00
68 146 1.307482e-03 1.646023e-03 1 3 0 3 -4.457527e-15 0.000000e+00
68 147 1.307482e-03 2.072220e-03 1 3 0 3 -1.992770e-15 0.000000e+00
68 148 1.307482e-03 2.608770e-03 1 3 0 3 1.944484e-15 0.000000e+00
68 149 1.307482e-03 3.284247e-03 1 3 0 3 4.888058e-15 0.000000e+00
68 150 1.307482e-03 4.134622e-03 1 3 0 3 6.492719e-15 0.000000e+00
68 151 1.307482e-03 5.205181e-03 1 3 0 3 7.067783e-15 0.000000e+00
68 152 1.307482e-03 6.552935e-03 1 3 0 3 7.016437e-15 0.000000e+00
68 153 1.307482e-03 8.249656e-03 1 3 0 3 6.665699e-15 0.000000e+00
69 143 1.646023e-03 8.249656e-04 1 3 0 3 1.408489e-17 0.000000e+00
69 144 1.646023e-03 1.038570e-03 1 3 0 3 3.373358e-17 0.000000e+00
69 145 1.646023e-03 1.307482e-03 1 3 0 3 6.245457e-17 0.000000e+00
69 146 1.646023e-03 1.646023e-03 1 3 0 3 0.000000e+00 0.000000e+00
69 147 1.646023e-03 2.072220e-03 1 3 0 3 -4.378259e-15 0.000000e+00
69 148 1.646023e-03 2.608770e-03 1 3 0 3 -1.955740e-15 0.000000e+00
69 149 1.646023e-03 3.284247e-03 1 3 0 3 1.762855e-15 0.000000e+00
69 150 1.646023e-03 4.134622e-03 1 3 0 3 4.427966e-15 0.000000e+00
69 151 1.646023e-03 5.205181e-03 1 3 0 3 5.816863e-15 0.000000e+00
69 152 1.646023e-03 6.552935e-03 1 3 0 3 6.290470e-15 0.000000e+00
69 153 1.646023e-03 8.249656e-03 1 3 0 3 6.251671e-15 0.000000e+00
70 143 2.072220e-03 8.249656e-04 1 3 0 3 7.419139e-18 0.000000e+00
70 144 2.072220e-03 1.038570e-03 1 3 0 3 1.840439e-17 0.000000e+00
70 145 2.072220e-03 1.307482e-03 1 3 0 3 4.855753e-17 0.000000e+00
70 146 2.072220e-03 1.646023e-03 1 3 0 3 1.151489e-16 0.000000e+00
70 147 2.072220e-03 2.072220e-03 1 3 0 3 0.000000e+00 0.000000e+00
70 148 2.072220e-03 2.608770e-03 1 3 0 3 -4.221313e-15 0.000000e+00
70 149 2.072220e-03 3.284247e-03 1 3 0 3 -1.867829e-15 0.000000e+00
70 150 2.072220e-03 4.134622e-03 1 3 0 3 1.591654e-15 0.000000e+00
70 151 2.072220e-03 5.205181e-03 1 3 0 3 3.977858e-15 0.000000e+00
70 152 2.072220e-03 6.552935e-03 1 3 0 3 5.187788e-15 0.000000e+00
70 153 2.072220e-03 8.249656e-03 1 3 0 3 5.611892e-15 0.000000e+00
71 143 2.608770e-03 8.249656e-04 1 3 0 3 3.550015e-18 0.000000e+00
71 144 2.608770e-03 1.038570e-03 1 3 0 3 8.171930e-18 0.000000e+00
71 145 2.608770e-03 1.307482e-03 1 3 0 3 2.194561e-17 0.000000e+00
71 146 2.608770e-03 1.646023e-03 1 3 0 3 6.048961e-17 0.000000e+00
71 147 2.608770e-03 2.072220e-03 1 3 0 3 1.635520e-16 0.000000e+00
71 148 2.608770e-03 2.608770e-03 1 3 0 3 0.000000e+00 0.000000e+00
71 149 2.608770e-03 3.284247e-03 1 3 0 3 -3.993091e-15 0.000000e+00
71 150 2.608770e-03 4.134622e-03 1 3 0 3 -1.734517e-15 0.000000e+00
71 151 2.608770e-03 5.205181e-03 1 3 0 3 1.439270e-15 0.000000e+00
71 152 2.608770e-03 6.552935e-03 1 3 0 3 3.563406e-15 0.000000e+00
71 153 2.608770e-03 8.249656e-03 1 3 0 3 4.639627e-15 0.000000e+00
72 143 3.284247e-03 8.249656e-04 1 3 0 3 1.659180e-18 0.000000e+00
72 144 3.284247e-03 1.038570e-03 1 3 0 3 3.213544e-18 0.000000e+00
72 145 3.284247e-03 1.307482e-03 1 3 0 3 8.655251e-18 0.000000e+00
72 146 3.284247e-03 1.646023e-03 1 3 0 3 2.375542e-17 0.000000e+00
72 147 3.284247e-03 2.072220e-03 1 3 0 3 6.775332e-17 0.000000e+00
72 148 3.284247e-03 2.608770e-03 1 3 0 3 2.023847e-16 0.000000e+00
72 149 3.284247e-03 3.284247e-03 1 3 0 3 0.000000e+00 0.000000e+00
72 150 3.284247e-03 4.134622e-03 1 3 0 3 -3.707090e-15 0.000000e+00
72 151 3.284247e-03 5.205181e-03 1 3 0 3 -1.566482e-15 0.000000e+00
72 152 3.284247e-03 6.552935e-03 1 3 0 3 1.312030e-15 0.000000e+00
72 153 3.284247e-03 8.249656e-03 1 3 0 3 3.205902e-15 0.000000e+00
73 143 4.134622e-03 8.249656e-04 1 3 0 3 8.643143e-19 0.000000e+00
73 144 4.134622e-03 1.038570e-03 1 3 0 3 1.138186e-18 0.000000e+00
73 145 4.134622e-03 1.307482e-03 1 3 0 3 3.114317e-18 0.000000e+00
73 146 4.134622e-03 1.646023e-03 1 3 0 3 8.503650e-18 0.000000e+00
73 147 4.134622e-03 2.072220e-03 1 3 0 3 2.348807e-17 0.000000e+00
73 148 4.134622e-03 2.608770e-03 1 3 0 3 6.961888e-17 0.000000e+00
73 149 4.134622e-03 3.284247e-03 1 3 0 3 2.270835e-16 0.000000e+00
73 150 4.134622e-03 4.134622e-03 1 3 0 3 0.000000e+00 0.000000e+00
73 151 4.134622e-03 5.205181e-03 1 3 0 3 -3.381960e-15 0.000000e+00
73 152 4.134622e-03 6.552935e-03 1 3 0 3 -1.377480e-15 0.000000e+00
73 153 4.134622e-03 8.249656e-03 1 3 0 3 1.213877e-15 0.000000e+00
74 143 5.205181e-03 8.249656e-04 1 3 0 3 5.386952e-19 0.000000e+00
74 144 5.205181e-03 1.038570e-03 1 3 0 3 3.269848e-19 0.000000e+00
74 145 5.205181e-03 1.307482e-03 1 3 0 3 9.972610e-19 0.000000e+00
74 146 5.205181e-03 1.646023e-03 1 3 0 3 2.826196e-18 0.000000e+00
74 147 5.205181e-03 2.072220e-03 1 3 0 3 7.553135e-18 0.000000e+00
74 148 5.205181e-03 2.608770e-03 1 3 0 3 2.145471e-17 0.000000e+00
74 149 5.205181e-03 3.284247e-03 1 3 0 3 6.611957e-17 0.000000e+00
74 150 5.205181e-03 4.134622e-03 1 3 0 3 2.354075e-16 0.000000e+00
74 151 5.205181e-03 5.205181e-03 1 3 0 3 0.000000e+00 0.000000e+00
74 152 5.205181e-03 6.552935e-03 1 3 0 3 -3.039366e-15 0.000000e+00
74 153 5.205181e-03 8.249656e-03 1 3 0 3 -1.182384e-15 0.000000e+00
75 143 6.552935e-03 8.249656e-04 1 3 0 3 4.394758e-19 0.000000e+00
75 144 6.552935e-03 1.038570e-03 1 3 0 3 4.707991e-20 0.000000e+00
75 145 6.552935e-03 1.307482e-03 1 3 0 3 2.818388e-19 0.000000e+00
75 146 6.552935e-03 1.646023e-03 1 3 0 3 9.070987e-19 0.000000e+00
75 147 6.552935e-03 2.072220e-03 1 3 0 3 2.296013e-18 0.000000e+00
75 148 6.552935e-03 2.608770e-03 1 3 0 3 6.281523e-18 0.000000e+00
75 149 6.552935e-03 3.284247e-03 1 3 0 3 1.815047e-17 0.000000e+00
75 150 6.552935e-03 4.134622e-03 1 3 0 3 5.818788e-17 0.000000e+00
75 151 6.552935e-03 5.205181e-03 1 3 0 3 2.273237e-16 0.000000e+00
75 152 6.552935e-03 6.552935e-03 1 3 0 3 0.000000e+00 0.000000e+00
75 153 6.552935e-03 8.249656e-03 1 3 0 3 -2.701277e-15 0.000000e+00
76 143 8.249656e-03 8.249656e-04 1 3 0 3 3.945689e-19 0.000000e+00
76 144 8.249656e-03 1.038570e-03 1 3 0 3 -5.063523e-20 0.000000e+00
76 145 8.249656e-03 1.307482e-03 1 3 0 3 3.453699e-20 0.000000e+00
76 146 8.249656e-03 1.646023e-03 1 3 0 3 2.642342e-19 0.000000e+00
76 147 8.249656e-03 2.072220e-03 1 3 0 3 6.171145e-19 0.000000e+00
76 148 8.249656e-03 2.608770e-03 1 3 0 3 1.675048e-18 0.000000e+00
76 149 8.249656e-03 3.284247e-03 1 3 0 3 4.685134e-18 0.000000e+00
76 150 8.249656e-03 4.134622e-03 1 3 0 3 1.397549e-17 0.000000e+00
76 151 8.249656e-03 5.205181e-03 1 3 0 3 4.711720e-17 0.000000e+00
76 152 8.249656e-03 6.552935e-03 1 3 0 3 2.048724e-16 0.000000e+00
76 153 8.249656e-03 8.249656e-03 1 3 0 3 0.000000e+00 0.000000e+00
