# Please cite the following papers in research using this covariance:
# arXiv: 1601.05779, https://arxiv.org/abs/1601.05779
# arXiv: 1911.11947, https://arxiv.org/abs/1911.11947
# arXiv: 2004.04833, https://arxiv.org/abs/2004.04833
# arXiv: 1804.10663, https://arxiv.org/abs/1804.10663
########################################################
66 176 8.249656e-04 8.249656e-04 1 3 1 3 0.000000e+00 0.000000e+00
66 177 8.249656e-04 1.038570e-03 1 3 1 3 -3.940385e-14 0.000000e+00
66 178 8.249656e-04 1.307482e-03 1 3 1 3 -1.779050e-14 0.000000e+00
66 179 8.249656e-04 1.646023e-03 1 3 1 3 1.467007e-14 0.000000e+00
66 180 8.249656e-04 2.072220e-03 1 3 1 3 3.700770e-14 0.000000e+00
66 181 8.249656e-04 2.608770e-03 1 3 1 3 4.764166e-14 0.000000e+00
66 182 8.249656e-04 3.284247e-03 1 3 1 3 4.998188e-14 0.000000e+00
66 183 8.249656e-04 4.134622e-03 1 3 1 3 4.760755e-14 0.000000e+00
66 184 8.249656e-04 5.205181e-03 1 3 1 3 4.310306e-14 0.000000e+00
66 185 8.249656e-04 6.552935e-03 1 3 1 3 3.805165e-14 0.000000e+00
66 186 8.249656e-04 8.249656e-03 1 3 1 3 3.329973e-14 0.000000e+00
67 176 1.038570e-03 8.249656e-04 1 3 1 3 1.287049e-15 0.000000e+00
67 177 1.038570e-03 1.038570e-03 1 3 1 3 0.000000e+00 0.000000e+00
67 178 1.038570e-03 1.307482e-03 1 3 1 3 -3.767077e-14 0.000000e+00
67 179 1.038570e-03 1.646023e-03 1 3 1 3 -1.685283e-14 0.000000e+00
67 180 1.038570e-03 2.072220e-03 1 3 1 3 1.289945e-14 0.000000e+00
67 181 1.038570e-03 2.608770e-03 1 3 1 3 3.239416e-14 0.000000e+00
67 182 1.038570e-03 3.284247e-03 1 3 1 3 4.112230e-14 0.000000e+00
67 183 1.038570e-03 4.134622e-03 1 3 1 3 4.268110e-14 0.000000e+00
67 184 1.038570e-03 5.205181e-03 1 3 1 3 4.042341e-14 0.000000e+00
67 185 1.038570e-03 6.552935e-03 1 3 1 3 3.660492e-14 0.000000e+00
67 186 1.038570e-03 8.249656e-03 1 3 1 3 3.251593e-14 0.000000e+00
68 176 1.307482e-03 8.249656e-04 1 3 1 3 6.118325e-16 0.000000e+00
68 177 1.307482e-03 1.038570e-03 1 3 1 3 1.716402e-15 0.000000e+00
68 178 1.307482e-03 1.307482e-03 1 3 1 3 0.000000e+00 0.000000e+00
68 179 1.307482e-03 1.646023e-03 1 3 1 3 -3.529577e-14 0.000000e+00
68 180 1.307482e-03 2.072220e-03 1 3 1 3 -1.554011e-14 0.000000e+00
68 181 1.307482e-03 2.608770e-03 1 3 1 3 1.125040e-14 0.000000e+00
68 182 1.307482e-03 3.284247e-03 1 3 1 3 2.802316e-14 0.000000e+00
68 183 1.307482e-03 4.134622e-03 1 3 1 3 3.517097e-14 0.000000e+00
68 184 1.307482e-03 5.205181e-03 1 3 1 3 3.627244e-14 0.000000e+00
68 185 1.307482e-03 6.552935e-03 1 3 1 3 3.434398e-14 0.000000e+00
68 186 1.307482e-03 8.249656e-03 1 3 1 3 3.128478e-14 0.000000e+00
69 176 1.646023e-03 8.249656e-04 1 3 1 3 2.274929e-16 0.000000e+00
69 177 1.646023e-03 1.038570e-03 1 3 1 3 6.581804e-16 0.000000e+00
69 178 1.646023e-03 1.307482e-03 1 3 1 3 2.040213e-15 0.000000e+00
69 179 1.646023e-03 1.646023e-03 1 3 1 3 0.000000e+00 0.000000e+00
69 180 1.646023e-03 2.072220e-03 1 3 1 3 -3.242008e-14 0.000000e+00
69 181 1.646023e-03 2.608770e-03 1 3 1 3 -1.396440e-14 0.000000e+00
69 182 1.646023e-03 3.284247e-03 1 3 1 3 9.761747e-15 0.000000e+00
69 183 1.646023e-03 4.134622e-03 1 3 1 3 2.404086e-14 0.000000e+00
69 184 1.646023e-03 5.205181e-03 1 3 1 3 2.993940e-14 0.000000e+00
69 185 1.646023e-03 6.552935e-03 1 3 1 3 3.084128e-14 0.000000e+00
69 186 1.646023e-03 8.249656e-03 1 3 1 3 2.936097e-14 0.000000e+00
70 176 2.072220e-03 8.249656e-04 1 3 1 3 7.956820e-17 0.000000e+00
70 177 2.072220e-03 1.038570e-03 1 3 1 3 2.215924e-16 0.000000e+00
70 178 2.072220e-03 1.307482e-03 1 3 1 3 6.636166e-16 0.000000e+00
70 179 2.072220e-03 1.646023e-03 1 3 1 3 2.231151e-15 0.000000e+00
70 180 2.072220e-03 2.072220e-03 1 3 1 3 0.000000e+00 0.000000e+00
70 181 2.072220e-03 2.608770e-03 1 3 1 3 -2.921748e-14 0.000000e+00
70 182 2.072220e-03 3.284247e-03 1 3 1 3 -1.225026e-14 0.000000e+00
70 183 2.072220e-03 4.134622e-03 1 3 1 3 8.454232e-15 0.000000e+00
70 184 2.072220e-03 5.205181e-03 1 3 1 3 2.053919e-14 0.000000e+00
70 185 2.072220e-03 6.552935e-03 1 3 1 3 2.549635e-14 0.000000e+00
70 186 2.072220e-03 8.249656e-03 1 3 1 3 2.638196e-14 0.000000e+00
71 176 2.608770e-03 8.249656e-04 1 3 1 3 2.719844e-17 0.000000e+00
71 177 2.608770e-03 1.038570e-03 1 3 1 3 7.179457e-17 0.000000e+00
71 178 2.608770e-03 1.307482e-03 1 3 1 3 2.035148e-16 0.000000e+00
71 179 2.608770e-03 1.646023e-03 1 3 1 3 6.281762e-16 0.000000e+00
71 180 2.608770e-03 2.072220e-03 1 3 1 3 2.282059e-15 0.000000e+00
71 181 2.608770e-03 2.608770e-03 1 3 1 3 0.000000e+00 0.000000e+00
71 182 2.608770e-03 3.284247e-03 1 3 1 3 -2.587378e-14 0.000000e+00
71 183 2.608770e-03 4.134622e-03 1 3 1 3 -1.051937e-14 0.000000e+00
71 184 2.608770e-03 5.205181e-03 1 3 1 3 7.332243e-15 0.000000e+00
71 185 2.608770e-03 6.552935e-03 1 3 1 3 1.755869e-14 0.000000e+00
71 186 2.608770e-03 8.249656e-03 1 3 1 3 2.183834e-14 0.000000e+00
72 176 3.284247e-03 8.249656e-04 1 3 1 3 9.102001e-18 0.000000e+00
72 177 3.284247e-03 1.038570e-03 1 3 1 3 2.237620e-17 0.000000e+00
72 178 3.284247e-03 1.307482e-03 1 3 1 3 6.132183e-17 0.000000e+00
72 179 3.284247e-03 1.646023e-03 1 3 1 3 1.766621e-16 0.000000e+00
72 180 3.284247e-03 2.072220e-03 1 3 1 3 5.617821e-16 0.000000e+00
72 181 3.284247e-03 2.608770e-03 1 3 1 3 2.204656e-15 0.000000e+00
72 182 3.284247e-03 3.284247e-03 1 3 1 3 0.000000e+00 0.000000e+00
72 183 3.284247e-03 4.134622e-03 1 3 1 3 -2.256479e-14 0.000000e+00
72 184 3.284247e-03 5.205181e-03 1 3 1 3 -8.874968e-15 0.000000e+00
72 185 3.284247e-03 6.552935e-03 1 3 1 3 6.388803e-15 0.000000e+00
72 186 3.284247e-03 8.249656e-03 1 3 1 3 1.509500e-14 0.000000e+00
73 176 4.134622e-03 8.249656e-04 1 3 1 3 3.264499e-18 0.000000e+00
73 177 4.134622e-03 1.038570e-03 1 3 1 3 6.760519e-18 0.000000e+00
73 178 4.134622e-03 1.307482e-03 1 3 1 3 1.807567e-17 0.000000e+00
73 179 4.134622e-03 1.646023e-03 1 3 1 3 4.989387e-17 0.000000e+00
73 180 4.134622e-03 2.072220e-03 1 3 1 3 1.454314e-16 0.000000e+00
73 181 4.134622e-03 2.608770e-03 1 3 1 3 4.766785e-16 0.000000e+00
73 182 4.134622e-03 3.284247e-03 1 3 1 3 2.024054e-15 0.000000e+00
73 183 4.134622e-03 4.134622e-03 1 3 1 3 0.000000e+00 0.000000e+00
73 184 4.134622e-03 5.205181e-03 1 3 1 3 -1.943754e-14 0.000000e+00
73 185 4.134622e-03 6.552935e-03 1 3 1 3 -7.393339e-15 0.000000e+00
73 186 4.134622e-03 8.249656e-03 1 3 1 3 5.609284e-15 0.000000e+00
74 176 5.205181e-03 8.249656e-04 1 3 1 3 1.276620e-18 0.000000e+00
74 177 5.205181e-03 1.038570e-03 1 3 1 3 1.880718e-18 0.000000e+00
74 178 5.205181e-03 1.307482e-03 1 3 1 3 5.113204e-18 0.000000e+00
74 179 5.205181e-03 1.646023e-03 1 3 1 3 1.396741e-17 0.000000e+00
74 180 5.205181e-03 2.072220e-03 1 3 1 3 3.848246e-17 0.000000e+00
74 181 5.205181e-03 2.608770e-03 1 3 1 3 1.140882e-16 0.000000e+00
74 182 5.205181e-03 3.284247e-03 1 3 1 3 3.852504e-16 0.000000e+00
74 183 5.205181e-03 4.134622e-03 1 3 1 3 1.774175e-15 0.000000e+00
74 184 5.205181e-03 5.205181e-03 1 3 1 3 0.000000e+00 0.000000e+00
74 185 5.205181e-03 6.552935e-03 1 3 1 3 -1.660048e-14 0.000000e+00
74 186 5.205181e-03 8.249656e-03 1 3 1 3 -6.118902e-15 0.000000e+00
75 176 6.552935e-03 8.249656e-04 1 3 1 3 8.026975e-19 0.000000e+00
75 177 6.552935e-03 1.038570e-03 1 3 1 3 4.049420e-19 0.000000e+00
75 178 6.552935e-03 1.307482e-03 1 3 1 3 1.384462e-18 0.000000e+00
75 179 6.552935e-03 1.646023e-03 1 3 1 3 3.819542e-18 0.000000e+00
75 180 6.552935e-03 2.072220e-03 1 3 1 3 1.011960e-17 0.000000e+00
75 181 6.552935e-03 2.608770e-03 1 3 1 3 2.837159e-17 0.000000e+00
75 182 6.552935e-03 3.284247e-03 1 3 1 3 8.538947e-17 0.000000e+00
75 183 6.552935e-03 4.134622e-03 1 3 1 3 2.972574e-16 0.000000e+00
75 184 6.552935e-03 5.205181e-03 1 3 1 3 1.490332e-15 0.000000e+00
75 185 6.552935e-03 6.552935e-03 1 3 1 3 0.000000e+00 0.000000e+00
75 186 6.552935e-03 8.249656e-03 1 3 1 3 -1.411909e-14 0.000000e+00
76 176 8.249656e-03 8.249656e-04 1 3 1 3 5.912122e-19 0.000000e+00
76 177 8.249656e-03 1.038570e-03 1 3 1 3 6.683341e-21 0.000000e+00
76 178 8.249656e-03 1.307482e-03 1 3 1 3 3.503383e-19 0.000000e+00
76 179 8.249656e-03 1.646023e-03 1 3 1 3 1.050185e-18 0.000000e+00
76 180 8.249656e-03 2.072220e-03 1 3 1 3 2.697010e-18 0.000000e+00
76 181 8.249656e-03 2.608770e-03 1 3 1 3 7.184853e-18 0.000000e+00
76 182 8.249656e-03 3.284247e-03 1 3 1 3 2.015776e-17 0.000000e+00
76 183 8.249656e-03 4.134622e-03 1 3 1 3 6.144197e-17 0.000000e+00
76 184 8.249656e-03 5.205181e-03 1 3 1 3 2.200374e-16 0.000000e+00
76 185 8.249656e-03 6.552935e-03 1 3 1 3 1.203968e-15 0.000000e+00
76 186 8.249656e-03 8.249656e-03 1 3 1 3 0.000000e+00 0.000000e+00
