# Please cite the following papers in research using this covariance:
# arXiv: 1601.05779, https://arxiv.org/abs/1601.05779
# arXiv: 1911.11947, https://arxiv.org/abs/1911.11947
# arXiv: 2004.04833, https://arxiv.org/abs/2004.04833
# arXiv: 1804.10663, https://arxiv.org/abs/1804.10663
########################################################
44 154 8.249656e-04 8.249656e-04 1 1 1 1 0.000000e+00 0.000000e+00
44 155 8.249656e-04 1.038570e-03 1 1 1 1 -2.217511e-14 0.000000e+00
44 156 8.249656e-04 1.307482e-03 1 1 1 1 -9.996027e-15 0.000000e+00
44 157 8.249656e-04 1.646023e-03 1 1 1 1 1.036606e-14 0.000000e+00
44 158 8.249656e-04 2.072220e-03 1 1 1 1 2.616488e-14 0.000000e+00
44 159 8.249656e-04 2.608770e-03 1 1 1 1 3.490341e-14 0.000000e+00
44 160 8.249656e-04 3.284247e-03 1 1 1 1 3.773584e-14 0.000000e+00
44 161 8.249656e-04 4.134622e-03 1 1 1 1 3.662735e-14 0.000000e+00
44 162 8.249656e-04 5.205181e-03 1 1 1 1 3.333594e-14 0.000000e+00
44 163 8.249656e-04 6.552935e-03 1 1 1 1 2.914641e-14 0.000000e+00
44 164 8.249656e-04 8.249656e-03 1 1 1 1 2.488287e-14 0.000000e+00
45 154 1.038570e-03 8.249656e-04 1 1 1 1 -3.150169e-17 0.000000e+00
45 155 1.038570e-03 1.038570e-03 1 1 1 1 0.000000e+00 0.000000e+00
45 156 1.038570e-03 1.307482e-03 1 1 1 1 -2.228664e-14 0.000000e+00
45 157 1.038570e-03 1.646023e-03 1 1 1 1 -1.017533e-14 0.000000e+00
45 158 1.038570e-03 2.072220e-03 1 1 1 1 9.314826e-15 0.000000e+00
45 159 1.038570e-03 2.608770e-03 1 1 1 1 2.364281e-14 0.000000e+00
45 160 1.038570e-03 3.284247e-03 1 1 1 1 3.093645e-14 0.000000e+00
45 161 1.038570e-03 4.134622e-03 1 1 1 1 3.276500e-14 0.000000e+00
45 162 1.038570e-03 5.205181e-03 1 1 1 1 3.122722e-14 0.000000e+00
45 163 1.038570e-03 6.552935e-03 1 1 1 1 2.802394e-14 0.000000e+00
45 164 1.038570e-03 8.249656e-03 1 1 1 1 2.429347e-14 0.000000e+00
46 154 1.307482e-03 8.249656e-04 1 1 1 1 1.646117e-16 0.000000e+00
46 155 1.307482e-03 1.038570e-03 1 1 1 1 2.546150e-16 0.000000e+00
46 156 1.307482e-03 1.307482e-03 1 1 1 1 0.000000e+00 0.000000e+00
46 157 1.307482e-03 1.646023e-03 1 1 1 1 -2.197043e-14 0.000000e+00
46 158 1.307482e-03 2.072220e-03 1 1 1 1 -1.006799e-14 0.000000e+00
46 159 1.307482e-03 2.608770e-03 1 1 1 1 8.237174e-15 0.000000e+00
46 160 1.307482e-03 3.284247e-03 1 1 1 1 2.094772e-14 0.000000e+00
46 161 1.307482e-03 4.134622e-03 1 1 1 1 2.689206e-14 0.000000e+00
46 162 1.307482e-03 5.205181e-03 1 1 1 1 2.796260e-14 0.000000e+00
46 163 1.307482e-03 6.552935e-03 1 1 1 1 2.626917e-14 0.000000e+00
46 164 1.307482e-03 8.249656e-03 1 1 1 1 2.336709e-14 0.000000e+00
47 154 1.646023e-03 8.249656e-04 1 1 1 1 9.951995e-17 0.000000e+00
47 155 1.646023e-03 1.038570e-03 1 1 1 1 2.545346e-16 0.000000e+00
47 156 1.646023e-03 1.307482e-03 1 1 1 1 5.631332e-16 0.000000e+00
47 157 1.646023e-03 1.646023e-03 1 1 1 1 0.000000e+00 0.000000e+00
47 158 1.646023e-03 2.072220e-03 1 1 1 1 -2.120424e-14 0.000000e+00
47 159 1.646023e-03 2.608770e-03 1 1 1 1 -9.663077e-15 0.000000e+00
47 160 1.646023e-03 3.284247e-03 1 1 1 1 7.188816e-15 0.000000e+00
47 161 1.646023e-03 4.134622e-03 1 1 1 1 1.822915e-14 0.000000e+00
47 162 1.646023e-03 5.205181e-03 1 1 1 1 2.298755e-14 0.000000e+00
47 163 1.646023e-03 6.552935e-03 1 1 1 1 2.354943e-14 0.000000e+00
47 164 1.646023e-03 8.249656e-03 1 1 1 1 2.191812e-14 0.000000e+00
48 154 2.072220e-03 8.249656e-04 1 1 1 1 4.659493e-17 0.000000e+00
48 155 2.072220e-03 1.038570e-03 1 1 1 1 1.228637e-16 0.000000e+00
48 156 2.072220e-03 1.307482e-03 1 1 1 1 3.322901e-16 0.000000e+00
48 157 2.072220e-03 1.646023e-03 1 1 1 1 8.598224e-16 0.000000e+00
48 158 2.072220e-03 2.072220e-03 1 1 1 1 0.000000e+00 0.000000e+00
48 159 2.072220e-03 2.608770e-03 1 1 1 1 -2.001088e-14 0.000000e+00
48 160 2.072220e-03 3.284247e-03 1 1 1 1 -8.987442e-15 0.000000e+00
48 161 2.072220e-03 4.134622e-03 1 1 1 1 6.211413e-15 0.000000e+00
48 162 2.072220e-03 5.205181e-03 1 1 1 1 1.562091e-14 0.000000e+00
48 163 2.072220e-03 6.552935e-03 1 1 1 1 1.939704e-14 0.000000e+00
48 164 2.072220e-03 8.249656e-03 1 1 1 1 1.967099e-14 0.000000e+00
49 154 2.608770e-03 8.249656e-04 1 1 1 1 1.948913e-17 0.000000e+00
49 155 2.608770e-03 1.038570e-03 1 1 1 1 5.019345e-17 0.000000e+00
49 156 2.608770e-03 1.307482e-03 1 1 1 1 1.359764e-16 0.000000e+00
49 157 2.608770e-03 1.646023e-03 1 1 1 1 3.838622e-16 0.000000e+00
49 158 2.608770e-03 2.072220e-03 1 1 1 1 1.108233e-15 0.000000e+00
49 159 2.608770e-03 2.608770e-03 1 1 1 1 0.000000e+00 0.000000e+00
49 160 2.608770e-03 3.284247e-03 1 1 1 1 -1.845814e-14 0.000000e+00
49 161 2.608770e-03 4.134622e-03 1 1 1 1 -8.102893e-15 0.000000e+00
49 162 2.608770e-03 5.205181e-03 1 1 1 1 5.330713e-15 0.000000e+00
49 163 2.608770e-03 6.552935e-03 1 1 1 1 1.322847e-14 0.000000e+00
49 164 2.608770e-03 8.249656e-03 1 1 1 1 1.623583e-14 0.000000e+00
50 154 3.284247e-03 8.249656e-04 1 1 1 1 7.540634e-18 0.000000e+00
50 155 3.284247e-03 1.038570e-03 1 1 1 1 1.852757e-17 0.000000e+00
50 156 3.284247e-03 1.307482e-03 1 1 1 1 4.957180e-17 0.000000e+00
50 157 3.284247e-03 1.646023e-03 1 1 1 1 1.372362e-16 0.000000e+00
50 158 3.284247e-03 2.072220e-03 1 1 1 1 4.029966e-16 0.000000e+00
50 159 3.284247e-03 2.608770e-03 1 1 1 1 1.278662e-15 0.000000e+00
50 160 3.284247e-03 3.284247e-03 1 1 1 1 0.000000e+00 0.000000e+00
50 161 3.284247e-03 4.134622e-03 1 1 1 1 -1.664865e-14 0.000000e+00
50 162 3.284247e-03 5.205181e-03 1 1 1 1 -7.092174e-15 0.000000e+00
50 163 3.284247e-03 6.552935e-03 1 1 1 1 4.558775e-15 0.000000e+00
50 164 3.284247e-03 8.249656e-03 1 1 1 1 1.112090e-14 0.000000e+00
51 154 4.134622e-03 8.249656e-04 1 1 1 1 2.901135e-18 0.000000e+00
51 155 4.134622e-03 1.038570e-03 1 1 1 1 6.348496e-18 0.000000e+00
51 156 4.134622e-03 1.307482e-03 1 1 1 1 1.675159e-17 0.000000e+00
51 157 4.134622e-03 1.646023e-03 1 1 1 1 4.532856e-17 0.000000e+00
51 158 4.134622e-03 2.072220e-03 1 1 1 1 1.277327e-16 0.000000e+00
51 159 4.134622e-03 2.608770e-03 1 1 1 1 3.900064e-16 0.000000e+00
51 160 4.134622e-03 3.284247e-03 1 1 1 1 1.354636e-15 0.000000e+00
51 161 4.134622e-03 4.134622e-03 1 1 1 1 0.000000e+00 0.000000e+00
51 162 4.134622e-03 5.205181e-03 1 1 1 1 -1.470250e-14 0.000000e+00
51 163 4.134622e-03 6.552935e-03 1 1 1 1 -6.043681e-15 0.000000e+00
51 164 4.134622e-03 8.249656e-03 1 1 1 1 3.897893e-15 0.000000e+00
52 154 5.205181e-03 8.249656e-04 1 1 1 1 1.170330e-18 0.000000e+00
52 155 5.205181e-03 1.038570e-03 1 1 1 1 2.001605e-18 0.000000e+00
52 156 5.205181e-03 1.307482e-03 1 1 1 1 5.303681e-18 0.000000e+00
52 157 5.205181e-03 1.646023e-03 1 1 1 1 1.421385e-17 0.000000e+00
52 158 5.205181e-03 2.072220e-03 1 1 1 1 3.858348e-17 0.000000e+00
52 159 5.205181e-03 2.608770e-03 1 1 1 1 1.109241e-16 0.000000e+00
52 160 5.205181e-03 3.284247e-03 1 1 1 1 3.515501e-16 0.000000e+00
52 161 5.205181e-03 4.134622e-03 1 1 1 1 1.336652e-15 0.000000e+00
52 162 5.205181e-03 5.205181e-03 1 1 1 1 0.000000e+00 0.000000e+00
52 163 5.205181e-03 6.552935e-03 1 1 1 1 -1.273960e-14 0.000000e+00
52 164 5.205181e-03 8.249656e-03 1 1 1 1 -5.034622e-15 0.000000e+00
53 154 6.552935e-03 8.249656e-04 1 1 1 1 6.454276e-19 0.000000e+00
53 155 6.552935e-03 1.038570e-03 1 1 1 1 5.299221e-19 0.000000e+00
53 156 6.552935e-03 1.307482e-03 1 1 1 1 1.559753e-18 0.000000e+00
53 157 6.552935e-03 1.646023e-03 1 1 1 1 4.210137e-18 0.000000e+00
53 158 6.552935e-03 2.072220e-03 1 1 1 1 1.113741e-17 0.000000e+00
53 159 6.552935e-03 2.608770e-03 1 1 1 1 3.076760e-17 0.000000e+00
53 160 6.552935e-03 3.284247e-03 1 1 1 1 9.024070e-17 0.000000e+00
53 161 6.552935e-03 4.134622e-03 1 1 1 1 2.970304e-16 0.000000e+00
53 162 6.552935e-03 5.205181e-03 1 1 1 1 1.239988e-15 0.000000e+00
53 163 6.552935e-03 6.552935e-03 1 1 1 1 0.000000e+00 0.000000e+00
53 164 6.552935e-03 8.249656e-03 1 1 1 1 -1.086409e-14 0.000000e+00
54 154 8.249656e-03 8.249656e-04 1 1 1 1 4.451262e-19 0.000000e+00
54 155 8.249656e-03 1.038570e-03 1 1 1 1 9.428996e-20 0.000000e+00
54 156 8.249656e-03 1.307482e-03 1 1 1 1 4.390209e-19 0.000000e+00
54 157 8.249656e-03 1.646023e-03 1 1 1 1 1.231276e-18 0.000000e+00
54 158 8.249656e-03 2.072220e-03 1 1 1 1 3.176886e-18 0.000000e+00
54 159 8.249656e-03 2.608770e-03 1 1 1 1 8.416434e-18 0.000000e+00
54 160 8.249656e-03 3.284247e-03 1 1 1 1 2.332367e-17 0.000000e+00
54 161 8.249656e-03 4.134622e-03 1 1 1 1 6.948922e-17 0.000000e+00
54 162 8.249656e-03 5.205181e-03 1 1 1 1 2.369253e-16 0.000000e+00
54 163 8.249656e-03 6.552935e-03 1 1 1 1 1.088836e-15 0.000000e+00
54 164 8.249656e-03 8.249656e-03 1 1 1 1 0.000000e+00 0.000000e+00
