# Please cite the following papers in research using this covariance:
# arXiv: 1601.05779, https://arxiv.org/abs/1601.05779
# arXiv: 1911.11947, https://arxiv.org/abs/1911.11947
# arXiv: 2004.04833, https://arxiv.org/abs/2004.04833
# arXiv: 1804.10663, https://arxiv.org/abs/1804.10663
########################################################
99 198 8.249656e-04 8.249656e-04 3 3 2 3 0.000000e+00 0.000000e+00
99 199 8.249656e-04 1.038570e-03 3 3 2 3 -6.068115e-14 0.000000e+00
99 200 8.249656e-04 1.307482e-03 3 3 2 3 -2.758777e-14 0.000000e+00
99 201 8.249656e-04 1.646023e-03 3 3 2 3 2.309707e-14 0.000000e+00
99 202 8.249656e-04 2.072220e-03 3 3 2 3 5.845476e-14 0.000000e+00
99 203 8.249656e-04 2.608770e-03 3 3 2 3 7.550494e-14 0.000000e+00
99 204 8.249656e-04 3.284247e-03 3 3 2 3 7.945876e-14 0.000000e+00
99 205 8.249656e-04 4.134622e-03 3 3 2 3 7.599828e-14 0.000000e+00
99 206 8.249656e-04 5.205181e-03 3 3 2 3 6.929277e-14 0.000000e+00
99 207 8.249656e-04 6.552935e-03 3 3 2 3 6.192637e-14 0.000000e+00
99 208 8.249656e-04 8.249656e-03 3 3 2 3 5.530134e-14 0.000000e+00
100 198 1.038570e-03 8.249656e-04 3 3 2 3 1.686267e-15 0.000000e+00
100 199 1.038570e-03 1.038570e-03 3 3 2 3 0.000000e+00 0.000000e+00
100 200 1.038570e-03 1.307482e-03 3 3 2 3 -5.842789e-14 0.000000e+00
100 201 1.038570e-03 1.646023e-03 3 3 2 3 -2.634483e-14 0.000000e+00
100 202 1.038570e-03 2.072220e-03 3 3 2 3 2.037413e-14 0.000000e+00
100 203 1.038570e-03 2.608770e-03 3 3 2 3 5.133819e-14 0.000000e+00
100 204 1.038570e-03 3.284247e-03 3 3 2 3 6.538729e-14 0.000000e+00
100 205 1.038570e-03 4.134622e-03 3 3 2 3 6.815203e-14 0.000000e+00
100 206 1.038570e-03 5.205181e-03 3 3 2 3 6.500121e-14 0.000000e+00
100 207 1.038570e-03 6.552935e-03 3 3 2 3 5.958411e-14 0.000000e+00
100 208 1.038570e-03 8.249656e-03 3 3 2 3 5.400793e-14 0.000000e+00
101 198 1.307482e-03 8.249656e-04 3 3 2 3 9.239280e-16 0.000000e+00
101 199 1.307482e-03 1.038570e-03 3 3 2 3 2.445511e-15 0.000000e+00
101 200 1.307482e-03 1.307482e-03 3 3 2 3 0.000000e+00 0.000000e+00
101 201 1.307482e-03 1.646023e-03 3 3 2 3 -5.506878e-14 0.000000e+00
101 202 1.307482e-03 2.072220e-03 3 3 2 3 -2.442181e-14 0.000000e+00
101 203 1.307482e-03 2.608770e-03 3 3 2 3 1.785246e-14 0.000000e+00
101 204 1.307482e-03 3.284247e-03 3 3 2 3 4.458666e-14 0.000000e+00
101 205 1.307482e-03 4.134622e-03 3 3 2 3 5.619242e-14 0.000000e+00
101 206 1.307482e-03 5.205181e-03 3 3 2 3 5.835454e-14 0.000000e+00
101 207 1.307482e-03 6.552935e-03 3 3 2 3 5.592463e-14 0.000000e+00
101 208 1.307482e-03 8.249656e-03 3 3 2 3 5.197696e-14 0.000000e+00
102 198 1.646023e-03 8.249656e-04 3 3 2 3 3.603583e-16 0.000000e+00
102 199 1.646023e-03 1.038570e-03 3 3 2 3 1.027705e-15 0.000000e+00
102 200 1.646023e-03 1.307482e-03 3 3 2 3 3.049810e-15 0.000000e+00
102 201 1.646023e-03 1.646023e-03 3 3 2 3 0.000000e+00 0.000000e+00
102 202 1.646023e-03 2.072220e-03 3 3 2 3 -5.081362e-14 0.000000e+00
102 203 1.646023e-03 2.608770e-03 3 3 2 3 -2.199850e-14 0.000000e+00
102 204 1.646023e-03 3.284247e-03 3 3 2 3 1.560229e-14 0.000000e+00
102 205 1.646023e-03 4.134622e-03 3 3 2 3 3.847189e-14 0.000000e+00
102 206 1.646023e-03 5.205181e-03 3 3 2 3 4.821689e-14 0.000000e+00
102 207 1.646023e-03 6.552935e-03 3 3 2 3 5.025767e-14 0.000000e+00
102 208 1.646023e-03 8.249656e-03 3 3 2 3 4.880496e-14 0.000000e+00
103 198 2.072220e-03 8.249656e-04 3 3 2 3 1.281974e-16 0.000000e+00
103 199 2.072220e-03 1.038570e-03 3 3 2 3 3.555537e-16 0.000000e+00
103 200 2.072220e-03 1.307482e-03 3 3 2 3 1.055798e-15 0.000000e+00
103 201 2.072220e-03 1.646023e-03 3 3 2 3 3.435210e-15 0.000000e+00
103 202 2.072220e-03 2.072220e-03 3 3 2 3 0.000000e+00 0.000000e+00
103 203 2.072220e-03 2.608770e-03 3 3 2 3 -4.594368e-14 0.000000e+00
103 204 2.072220e-03 3.284247e-03 3 3 2 3 -1.928870e-14 0.000000e+00
103 205 2.072220e-03 4.134622e-03 3 3 2 3 1.366515e-14 0.000000e+00
103 206 2.072220e-03 5.205181e-03 3 3 2 3 3.317601e-14 0.000000e+00
103 207 2.072220e-03 6.552935e-03 3 3 2 3 4.161585e-14 0.000000e+00
103 208 2.072220e-03 8.249656e-03 3 3 2 3 4.389697e-14 0.000000e+00
104 198 2.608770e-03 8.249656e-04 3 3 2 3 4.386274e-17 0.000000e+00
104 199 2.608770e-03 1.038570e-03 3 3 2 3 1.156238e-16 0.000000e+00
104 200 2.608770e-03 1.307482e-03 3 3 2 3 3.275662e-16 0.000000e+00
104 201 2.608770e-03 1.646023e-03 3 3 2 3 1.007413e-15 0.000000e+00
104 202 2.608770e-03 2.072220e-03 3 3 2 3 3.576043e-15 0.000000e+00
104 203 2.608770e-03 2.608770e-03 3 3 2 3 0.000000e+00 0.000000e+00
104 204 2.608770e-03 3.284247e-03 3 3 2 3 -4.077319e-14 0.000000e+00
104 205 2.608770e-03 4.134622e-03 3 3 2 3 -1.650705e-14 0.000000e+00
104 206 2.608770e-03 5.205181e-03 3 3 2 3 1.205714e-14 0.000000e+00
104 207 2.608770e-03 6.552935e-03 3 3 2 3 2.879444e-14 0.000000e+00
104 208 2.608770e-03 8.249656e-03 3 3 2 3 3.642046e-14 0.000000e+00
105 198 3.284247e-03 8.249656e-04 3 3 2 3 1.456134e-17 0.000000e+00
105 199 3.284247e-03 1.038570e-03 3 3 2 3 3.569729e-17 0.000000e+00
105 200 3.284247e-03 1.307482e-03 3 3 2 3 9.802617e-17 0.000000e+00
105 201 3.284247e-03 1.646023e-03 3 3 2 3 2.829142e-16 0.000000e+00
105 202 3.284247e-03 2.072220e-03 3 3 2 3 9.002952e-16 0.000000e+00
105 203 3.284247e-03 2.608770e-03 3 3 2 3 3.485585e-15 0.000000e+00
105 204 3.284247e-03 3.284247e-03 3 3 2 3 0.000000e+00 0.000000e+00
105 205 3.284247e-03 4.134622e-03 3 3 2 3 -3.560811e-14 0.000000e+00
105 206 3.284247e-03 5.205181e-03 3 3 2 3 -1.383827e-14 0.000000e+00
105 207 3.284247e-03 6.552935e-03 3 3 2 3 1.077655e-14 0.000000e+00
105 208 3.284247e-03 8.249656e-03 3 3 2 3 2.534498e-14 0.000000e+00
106 198 4.134622e-03 8.249656e-04 3 3 2 3 5.160295e-18 0.000000e+00
106 199 4.134622e-03 1.038570e-03 3 3 2 3 1.055396e-17 0.000000e+00
106 200 4.134622e-03 1.307482e-03 3 3 2 3 2.834834e-17 0.000000e+00
106 201 4.134622e-03 1.646023e-03 3 3 2 3 7.850974e-17 0.000000e+00
106 202 4.134622e-03 2.072220e-03 3 3 2 3 2.297083e-16 0.000000e+00
106 203 4.134622e-03 2.608770e-03 3 3 2 3 7.571802e-16 0.000000e+00
106 204 4.134622e-03 3.284247e-03 3 3 2 3 3.204935e-15 0.000000e+00
106 205 4.134622e-03 4.134622e-03 3 3 2 3 0.000000e+00 0.000000e+00
106 206 4.134622e-03 5.205181e-03 3 3 2 3 -3.071087e-14 0.000000e+00
106 207 4.134622e-03 6.552935e-03 3 3 2 3 -1.142084e-14 0.000000e+00
106 208 4.134622e-03 8.249656e-03 3 3 2 3 9.807453e-15 0.000000e+00
107 198 5.205181e-03 8.249656e-04 3 3 2 3 2.017929e-18 0.000000e+00
107 199 5.205181e-03 1.038570e-03 3 3 2 3 2.795990e-18 0.000000e+00
107 200 5.205181e-03 1.307482e-03 3 3 2 3 7.710901e-18 0.000000e+00
107 201 5.205181e-03 1.646023e-03 3 3 2 3 2.121467e-17 0.000000e+00
107 202 5.205181e-03 2.072220e-03 3 3 2 3 5.869427e-17 0.000000e+00
107 203 5.205181e-03 2.608770e-03 3 3 2 3 1.755410e-16 0.000000e+00
107 204 5.205181e-03 3.284247e-03 3 3 2 3 6.002760e-16 0.000000e+00
107 205 5.205181e-03 4.134622e-03 3 3 2 3 2.792708e-15 0.000000e+00
107 206 5.205181e-03 5.205181e-03 3 3 2 3 0.000000e+00 0.000000e+00
107 207 5.205181e-03 6.552935e-03 3 3 2 3 -2.628214e-14 0.000000e+00
107 208 5.205181e-03 8.249656e-03 3 3 2 3 -9.340461e-15 0.000000e+00
108 198 6.552935e-03 8.249656e-04 3 3 2 3 1.279034e-18 0.000000e+00
108 199 6.552935e-03 1.038570e-03 3 3 2 3 5.112856e-19 0.000000e+00
108 200 6.552935e-03 1.307482e-03 3 3 2 3 1.927582e-18 0.000000e+00
108 201 6.552935e-03 1.646023e-03 3 3 2 3 5.429907e-18 0.000000e+00
108 202 6.552935e-03 2.072220e-03 3 3 2 3 1.439144e-17 0.000000e+00
108 203 6.552935e-03 2.608770e-03 3 3 2 3 4.083518e-17 0.000000e+00
108 204 6.552935e-03 3.284247e-03 3 3 2 3 1.249947e-16 0.000000e+00
108 205 6.552935e-03 4.134622e-03 3 3 2 3 4.464159e-16 0.000000e+00
108 206 6.552935e-03 5.205181e-03 3 3 2 3 2.309656e-15 0.000000e+00
108 207 6.552935e-03 6.552935e-03 3 3 2 3 0.000000e+00 0.000000e+00
108 208 6.552935e-03 8.249656e-03 3 3 2 3 -2.245313e-14 0.000000e+00
109 198 8.249656e-03 8.249656e-04 3 3 2 3 9.616770e-19 0.000000e+00
109 199 8.249656e-03 1.038570e-03 3 3 2 3 -8.114504e-20 0.000000e+00
109 200 8.249656e-03 1.307482e-03 3 3 2 3 3.890458e-19 0.000000e+00
109 201 8.249656e-03 1.646023e-03 3 3 2 3 1.293385e-18 0.000000e+00
109 202 8.249656e-03 2.072220e-03 3 3 2 3 3.269541e-18 0.000000e+00
109 203 8.249656e-03 2.608770e-03 3 3 2 3 8.878862e-18 0.000000e+00
109 204 8.249656e-03 3.284247e-03 3 3 2 3 2.557163e-17 0.000000e+00
109 205 8.249656e-03 4.134622e-03 3 3 2 3 8.108247e-17 0.000000e+00
109 206 8.249656e-03 5.205181e-03 3 3 2 3 3.071709e-16 0.000000e+00
109 207 8.249656e-03 6.552935e-03 3 3 2 3 1.808700e-15 0.000000e+00
109 208 8.249656e-03 8.249656e-03 3 3 2 3 0.000000e+00 0.000000e+00
