# Please cite the following papers in research using this covariance:
# arXiv: 1601.05779, https://arxiv.org/abs/1601.05779
# arXiv: 1911.11947, https://arxiv.org/abs/1911.11947
# arXiv: 2004.04833, https://arxiv.org/abs/2004.04833
# arXiv: 1804.10663, https://arxiv.org/abs/1804.10663
########################################################
55 176 8.249656e-04 8.249656e-04 1 2 1 3 0.000000e+00 0.000000e+00
55 177 8.249656e-04 1.038570e-03 1 2 1 3 -2.274180e-14 0.000000e+00
55 178 8.249656e-04 1.307482e-03 1 2 1 3 -1.035876e-14 0.000000e+00
55 179 8.249656e-04 1.646023e-03 1 2 1 3 8.538342e-15 0.000000e+00
55 180 8.249656e-04 2.072220e-03 1 2 1 3 2.162885e-14 0.000000e+00
55 181 8.249656e-04 2.608770e-03 1 2 1 3 2.784483e-14 0.000000e+00
55 182 8.249656e-04 3.284247e-03 1 2 1 3 2.916747e-14 0.000000e+00
55 183 8.249656e-04 4.134622e-03 1 2 1 3 2.772670e-14 0.000000e+00
55 184 8.249656e-04 5.205181e-03 1 2 1 3 2.506662e-14 0.000000e+00
55 185 8.249656e-04 6.552935e-03 1 2 1 3 2.212907e-14 0.000000e+00
55 186 8.249656e-04 8.249656e-03 1 2 1 3 1.941254e-14 0.000000e+00
56 176 1.038570e-03 8.249656e-04 1 2 1 3 6.565237e-16 0.000000e+00
56 177 1.038570e-03 1.038570e-03 1 2 1 3 0.000000e+00 0.000000e+00
56 178 1.038570e-03 1.307482e-03 1 2 1 3 -2.186207e-14 0.000000e+00
56 179 1.038570e-03 1.646023e-03 1 2 1 3 -9.872227e-15 0.000000e+00
56 180 1.038570e-03 2.072220e-03 1 2 1 3 7.503910e-15 0.000000e+00
56 181 1.038570e-03 2.608770e-03 1 2 1 3 1.892057e-14 0.000000e+00
56 182 1.038570e-03 3.284247e-03 1 2 1 3 2.399697e-14 0.000000e+00
56 183 1.038570e-03 4.134622e-03 1 2 1 3 2.486077e-14 0.000000e+00
56 184 1.038570e-03 5.205181e-03 1 2 1 3 2.351145e-14 0.000000e+00
56 185 1.038570e-03 6.552935e-03 1 2 1 3 2.128992e-14 0.000000e+00
56 186 1.038570e-03 8.249656e-03 1 2 1 3 1.895696e-14 0.000000e+00
57 176 1.307482e-03 8.249656e-04 1 2 1 3 3.546516e-16 0.000000e+00
57 177 1.307482e-03 1.038570e-03 1 2 1 3 9.433529e-16 0.000000e+00
57 178 1.307482e-03 1.307482e-03 1 2 1 3 0.000000e+00 0.000000e+00
57 179 1.307482e-03 1.646023e-03 1 2 1 3 -2.056564e-14 0.000000e+00
57 180 1.307482e-03 2.072220e-03 1 2 1 3 -9.131553e-15 0.000000e+00
57 181 1.307482e-03 2.608770e-03 1 2 1 3 6.543536e-15 0.000000e+00
57 182 1.307482e-03 3.284247e-03 1 2 1 3 1.634888e-14 0.000000e+00
57 183 1.307482e-03 4.134622e-03 1 2 1 3 2.049032e-14 0.000000e+00
57 184 1.307482e-03 5.205181e-03 1 2 1 3 2.110192e-14 0.000000e+00
57 185 1.307482e-03 6.552935e-03 1 2 1 3 1.997844e-14 0.000000e+00
57 186 1.307482e-03 8.249656e-03 1 2 1 3 1.824137e-14 0.000000e+00
58 176 1.646023e-03 8.249656e-04 1 2 1 3 1.373201e-16 0.000000e+00
58 177 1.646023e-03 1.038570e-03 1 2 1 3 3.921016e-16 0.000000e+00
58 178 1.646023e-03 1.307482e-03 1 2 1 3 1.169153e-15 0.000000e+00
58 179 1.646023e-03 1.646023e-03 1 2 1 3 0.000000e+00 0.000000e+00
58 180 1.646023e-03 2.072220e-03 1 2 1 3 -1.893529e-14 0.000000e+00
58 181 1.646023e-03 2.608770e-03 1 2 1 3 -8.208316e-15 0.000000e+00
58 182 1.646023e-03 3.284247e-03 1 2 1 3 5.680138e-15 0.000000e+00
58 183 1.646023e-03 4.134622e-03 1 2 1 3 1.400961e-14 0.000000e+00
58 184 1.646023e-03 5.205181e-03 1 2 1 3 1.742462e-14 0.000000e+00
58 185 1.646023e-03 6.552935e-03 1 2 1 3 1.794643e-14 0.000000e+00
58 186 1.646023e-03 8.249656e-03 1 2 1 3 1.712320e-14 0.000000e+00
59 176 2.072220e-03 8.249656e-04 1 2 1 3 4.854228e-17 0.000000e+00
59 177 2.072220e-03 1.038570e-03 1 2 1 3 1.344452e-16 0.000000e+00
59 178 2.072220e-03 1.307482e-03 1 2 1 3 4.004080e-16 0.000000e+00
59 179 2.072220e-03 1.646023e-03 1 2 1 3 1.309789e-15 0.000000e+00
59 180 2.072220e-03 2.072220e-03 1 2 1 3 0.000000e+00 0.000000e+00
59 181 2.072220e-03 2.608770e-03 1 2 1 3 -1.707995e-14 0.000000e+00
59 182 2.072220e-03 3.284247e-03 1 2 1 3 -7.185981e-15 0.000000e+00
59 183 2.072220e-03 4.134622e-03 1 2 1 3 4.925740e-15 0.000000e+00
59 184 2.072220e-03 5.205181e-03 1 2 1 3 1.196342e-14 0.000000e+00
59 185 2.072220e-03 6.552935e-03 1 2 1 3 1.484513e-14 0.000000e+00
59 186 2.072220e-03 8.249656e-03 1 2 1 3 1.539176e-14 0.000000e+00
60 176 2.608770e-03 8.249656e-04 1 2 1 3 1.657605e-17 0.000000e+00
60 177 2.608770e-03 1.038570e-03 1 2 1 3 4.334580e-17 0.000000e+00
60 178 2.608770e-03 1.307482e-03 1 2 1 3 1.230733e-16 0.000000e+00
60 179 2.608770e-03 1.646023e-03 1 2 1 3 3.798113e-16 0.000000e+00
60 180 2.608770e-03 2.072220e-03 1 2 1 3 1.356644e-15 0.000000e+00
60 181 2.608770e-03 2.608770e-03 1 2 1 3 0.000000e+00 0.000000e+00
60 182 2.608770e-03 3.284247e-03 1 2 1 3 -1.511929e-14 0.000000e+00
60 183 2.608770e-03 4.134622e-03 1 2 1 3 -6.146488e-15 0.000000e+00
60 184 2.608770e-03 5.205181e-03 1 2 1 3 4.283192e-15 0.000000e+00
60 185 2.608770e-03 6.552935e-03 1 2 1 3 1.023774e-14 0.000000e+00
60 186 2.608770e-03 8.249656e-03 1 2 1 3 1.275098e-14 0.000000e+00
61 176 3.284247e-03 8.249656e-04 1 2 1 3 5.574510e-18 0.000000e+00
61 177 3.284247e-03 1.038570e-03 1 2 1 3 1.329688e-17 0.000000e+00
61 178 3.284247e-03 1.307482e-03 1 2 1 3 3.658899e-17 0.000000e+00
61 179 3.284247e-03 1.646023e-03 1 2 1 3 1.058256e-16 0.000000e+00
61 180 3.284247e-03 2.072220e-03 1 2 1 3 3.377724e-16 0.000000e+00
61 181 3.284247e-03 2.608770e-03 1 2 1 3 1.316614e-15 0.000000e+00
61 182 3.284247e-03 3.284247e-03 1 2 1 3 0.000000e+00 0.000000e+00
61 183 3.284247e-03 4.134622e-03 1 2 1 3 -1.316753e-14 0.000000e+00
61 184 3.284247e-03 5.205181e-03 1 2 1 3 -5.158330e-15 0.000000e+00
61 185 3.284247e-03 6.552935e-03 1 2 1 3 3.749269e-15 0.000000e+00
61 186 3.284247e-03 8.249656e-03 1 2 1 3 8.831487e-15 0.000000e+00
62 176 4.134622e-03 8.249656e-04 1 2 1 3 2.072099e-18 0.000000e+00
62 177 4.134622e-03 1.038570e-03 1 2 1 3 3.922464e-18 0.000000e+00
62 178 4.134622e-03 1.307482e-03 1 2 1 3 1.057868e-17 0.000000e+00
62 179 4.134622e-03 1.646023e-03 1 2 1 3 2.935995e-17 0.000000e+00
62 180 4.134622e-03 2.072220e-03 1 2 1 3 8.590849e-17 0.000000e+00
62 181 4.134622e-03 2.608770e-03 1 2 1 3 2.835761e-16 0.000000e+00
62 182 4.134622e-03 3.284247e-03 1 2 1 3 1.207271e-15 0.000000e+00
62 183 4.134622e-03 4.134622e-03 1 2 1 3 0.000000e+00 0.000000e+00
62 184 4.134622e-03 5.205181e-03 1 2 1 3 -1.132014e-14 0.000000e+00
62 185 4.134622e-03 6.552935e-03 1 2 1 3 -4.270608e-15 0.000000e+00
62 186 4.134622e-03 8.249656e-03 1 2 1 3 3.316389e-15 0.000000e+00
63 176 5.205181e-03 8.249656e-04 1 2 1 3 9.043632e-19 0.000000e+00
63 177 5.205181e-03 1.038570e-03 1 2 1 3 1.040520e-18 0.000000e+00
63 178 5.205181e-03 1.307482e-03 1 2 1 3 2.909891e-18 0.000000e+00
63 179 5.205181e-03 1.646023e-03 1 2 1 3 8.054808e-18 0.000000e+00
63 180 5.205181e-03 2.072220e-03 1 2 1 3 2.222556e-17 0.000000e+00
63 181 5.205181e-03 2.608770e-03 1 2 1 3 6.626984e-17 0.000000e+00
63 182 5.205181e-03 3.284247e-03 1 2 1 3 2.259409e-16 0.000000e+00
63 183 5.205181e-03 4.134622e-03 1 2 1 3 1.052427e-15 0.000000e+00
63 184 5.205181e-03 5.205181e-03 1 2 1 3 0.000000e+00 0.000000e+00
63 185 5.205181e-03 6.552935e-03 1 2 1 3 -9.647223e-15 0.000000e+00
63 186 5.205181e-03 8.249656e-03 1 2 1 3 -3.510867e-15 0.000000e+00
64 176 6.552935e-03 8.249656e-04 1 2 1 3 6.284977e-19 0.000000e+00
64 177 6.552935e-03 1.038570e-03 1 2 1 3 1.862437e-19 0.000000e+00
64 178 6.552935e-03 1.307482e-03 1 2 1 3 7.489094e-19 0.000000e+00
64 179 6.552935e-03 1.646023e-03 1 2 1 3 2.160028e-18 0.000000e+00
64 180 6.552935e-03 2.072220e-03 1 2 1 3 5.693788e-18 0.000000e+00
64 181 6.552935e-03 2.608770e-03 1 2 1 3 1.603606e-17 0.000000e+00
64 182 6.552935e-03 3.284247e-03 1 2 1 3 4.859085e-17 0.000000e+00
64 183 6.552935e-03 4.134622e-03 1 2 1 3 1.712402e-16 0.000000e+00
64 184 6.552935e-03 5.205181e-03 1 2 1 3 8.760819e-16 0.000000e+00
64 185 6.552935e-03 6.552935e-03 1 2 1 3 0.000000e+00 0.000000e+00
64 186 6.552935e-03 8.249656e-03 1 2 1 3 -8.191051e-15 0.000000e+00
65 176 8.249656e-03 8.249656e-04 1 2 1 3 5.077331e-19 0.000000e+00
65 177 8.249656e-03 1.038570e-03 1 2 1 3 -4.091891e-20 0.000000e+00
65 178 8.249656e-03 1.307482e-03 1 2 1 3 1.598169e-19 0.000000e+00
65 179 8.249656e-03 1.646023e-03 1 2 1 3 5.794764e-19 0.000000e+00
65 180 8.249656e-03 2.072220e-03 1 2 1 3 1.453779e-18 0.000000e+00
65 181 8.249656e-03 2.608770e-03 1 2 1 3 3.898724e-18 0.000000e+00
65 182 8.249656e-03 3.284247e-03 1 2 1 3 1.101668e-17 0.000000e+00
65 183 8.249656e-03 4.134622e-03 1 2 1 3 3.394236e-17 0.000000e+00
65 184 8.249656e-03 5.205181e-03 1 2 1 3 1.237249e-16 0.000000e+00
65 185 8.249656e-03 6.552935e-03 1 2 1 3 6.986887e-16 0.000000e+00
65 186 8.249656e-03 8.249656e-03 1 2 1 3 0.000000e+00 0.000000e+00
