# Please cite the following papers in research using this covariance:
# arXiv: 1601.05779, https://arxiv.org/abs/1601.05779
# arXiv: 1911.11947, https://arxiv.org/abs/1911.11947
# arXiv: 2004.04833, https://arxiv.org/abs/2004.04833
# arXiv: 1804.10663, https://arxiv.org/abs/1804.10663
########################################################
99 176 8.249656e-04 8.249656e-04 3 3 1 3 0.000000e+00 0.000000e+00
99 177 8.249656e-04 1.038570e-03 3 3 1 3 -2.812628e-14 0.000000e+00
99 178 8.249656e-04 1.307482e-03 3 3 1 3 -1.272644e-14 0.000000e+00
99 179 8.249656e-04 1.646023e-03 3 3 1 3 1.216459e-14 0.000000e+00
99 180 8.249656e-04 2.072220e-03 3 3 1 3 3.073971e-14 0.000000e+00
99 181 8.249656e-04 2.608770e-03 3 3 1 3 4.057542e-14 0.000000e+00
99 182 8.249656e-04 3.284247e-03 3 3 1 3 4.356169e-14 0.000000e+00
99 183 8.249656e-04 4.134622e-03 3 3 1 3 4.227821e-14 0.000000e+00
99 184 8.249656e-04 5.205181e-03 3 3 1 3 3.884379e-14 0.000000e+00
99 185 8.249656e-04 6.552935e-03 3 3 1 3 3.470929e-14 0.000000e+00
99 186 8.249656e-04 8.249656e-03 3 3 1 3 3.075352e-14 0.000000e+00
100 176 1.038570e-03 8.249656e-04 3 3 1 3 2.939241e-16 0.000000e+00
100 177 1.038570e-03 1.038570e-03 3 3 1 3 0.000000e+00 0.000000e+00
100 178 1.038570e-03 1.307482e-03 3 3 1 3 -2.778064e-14 0.000000e+00
100 179 1.038570e-03 1.646023e-03 3 3 1 3 -1.261141e-14 0.000000e+00
100 180 1.038570e-03 2.072220e-03 3 3 1 3 1.088722e-14 0.000000e+00
100 181 1.038570e-03 2.608770e-03 3 3 1 3 2.754825e-14 0.000000e+00
100 182 1.038570e-03 3.284247e-03 3 3 1 3 3.578075e-14 0.000000e+00
100 183 1.038570e-03 4.134622e-03 3 3 1 3 3.786633e-14 0.000000e+00
100 184 1.038570e-03 5.205181e-03 3 3 1 3 3.641269e-14 0.000000e+00
100 185 1.038570e-03 6.552935e-03 3 3 1 3 3.338536e-14 0.000000e+00
100 186 1.038570e-03 8.249656e-03 3 3 1 3 3.003054e-14 0.000000e+00
101 176 1.307482e-03 8.249656e-04 3 3 1 3 3.031959e-16 0.000000e+00
101 177 1.307482e-03 1.038570e-03 3 3 1 3 6.598235e-16 0.000000e+00
101 178 1.307482e-03 1.307482e-03 3 3 1 3 0.000000e+00 0.000000e+00
101 179 1.307482e-03 1.646023e-03 3 3 1 3 -2.689593e-14 0.000000e+00
101 180 1.307482e-03 2.072220e-03 3 3 1 3 -1.214175e-14 0.000000e+00
101 181 1.307482e-03 2.608770e-03 3 3 1 3 9.642625e-15 0.000000e+00
101 182 1.307482e-03 3.284247e-03 3 3 1 3 2.432621e-14 0.000000e+00
101 183 1.307482e-03 4.134622e-03 3 3 1 3 3.115398e-14 0.000000e+00
101 184 1.307482e-03 5.205181e-03 3 3 1 3 3.264988e-14 0.000000e+00
101 185 1.307482e-03 6.552935e-03 3 3 1 3 3.131695e-14 0.000000e+00
101 186 1.307482e-03 8.249656e-03 3 3 1 3 2.889505e-14 0.000000e+00
102 176 1.646023e-03 8.249656e-04 3 3 1 3 1.453689e-16 0.000000e+00
102 177 1.646023e-03 1.038570e-03 3 3 1 3 3.912858e-16 0.000000e+00
102 178 1.646023e-03 1.307482e-03 3 3 1 3 1.011591e-15 0.000000e+00
102 179 1.646023e-03 1.646023e-03 3 3 1 3 0.000000e+00 0.000000e+00
102 180 1.646023e-03 2.072220e-03 3 3 1 3 -2.549991e-14 0.000000e+00
102 181 1.646023e-03 2.608770e-03 3 3 1 3 -1.134852e-14 0.000000e+00
102 182 1.646023e-03 3.284247e-03 3 3 1 3 8.484999e-15 0.000000e+00
102 183 1.646023e-03 4.134622e-03 3 3 1 3 2.124123e-14 0.000000e+00
102 184 1.646023e-03 5.205181e-03 3 3 1 3 2.691727e-14 0.000000e+00
102 185 1.646023e-03 6.552935e-03 3 3 1 3 2.811419e-14 0.000000e+00
102 186 1.646023e-03 8.249656e-03 3 3 1 3 2.712112e-14 0.000000e+00
103 176 2.072220e-03 8.249656e-04 3 3 1 3 5.980178e-17 0.000000e+00
103 177 2.072220e-03 1.038570e-03 3 3 1 3 1.605511e-16 0.000000e+00
103 178 2.072220e-03 1.307482e-03 3 3 1 3 4.532805e-16 0.000000e+00
103 179 2.072220e-03 1.646023e-03 3 3 1 3 1.307585e-15 0.000000e+00
103 180 2.072220e-03 2.072220e-03 3 3 1 3 0.000000e+00 0.000000e+00
103 181 2.072220e-03 2.608770e-03 3 3 1 3 -2.367013e-14 0.000000e+00
103 182 2.072220e-03 3.284247e-03 3 3 1 3 -1.029941e-14 0.000000e+00
103 183 2.072220e-03 4.134622e-03 3 3 1 3 7.452690e-15 0.000000e+00
103 184 2.072220e-03 5.205181e-03 3 3 1 3 1.843042e-14 0.000000e+00
103 185 2.072220e-03 6.552935e-03 3 3 1 3 2.323141e-14 0.000000e+00
103 186 2.072220e-03 8.249656e-03 3 3 1 3 2.437513e-14 0.000000e+00
104 176 2.608770e-03 8.249656e-04 3 3 1 3 2.293580e-17 0.000000e+00
104 177 2.608770e-03 1.038570e-03 3 3 1 3 5.898790e-17 0.000000e+00
104 178 2.608770e-03 1.307482e-03 3 3 1 3 1.631267e-16 0.000000e+00
104 179 2.608770e-03 1.646023e-03 3 3 1 3 4.783302e-16 0.000000e+00
104 180 2.608770e-03 2.072220e-03 3 3 1 3 1.513747e-15 0.000000e+00
104 181 2.608770e-03 2.608770e-03 3 3 1 3 0.000000e+00 0.000000e+00
104 182 2.608770e-03 3.284247e-03 3 3 1 3 -2.152462e-14 0.000000e+00
104 183 2.608770e-03 4.134622e-03 3 3 1 3 -9.087360e-15 0.000000e+00
104 184 2.608770e-03 5.205181e-03 3 3 1 3 6.568412e-15 0.000000e+00
104 185 2.608770e-03 6.552935e-03 3 3 1 3 1.599252e-14 0.000000e+00
104 186 2.608770e-03 8.249656e-03 3 3 1 3 2.018950e-14 0.000000e+00
105 176 3.284247e-03 8.249656e-04 3 3 1 3 8.448233e-18 0.000000e+00
105 177 3.284247e-03 1.038570e-03 3 3 1 3 2.004620e-17 0.000000e+00
105 178 3.284247e-03 1.307482e-03 3 3 1 3 5.437550e-17 0.000000e+00
105 179 3.284247e-03 1.646023e-03 3 3 1 3 1.534232e-16 0.000000e+00
105 180 3.284247e-03 2.072220e-03 3 3 1 3 4.663387e-16 0.000000e+00
105 181 3.284247e-03 2.608770e-03 3 3 1 3 1.611345e-15 0.000000e+00
105 182 3.284247e-03 3.284247e-03 3 3 1 3 0.000000e+00 0.000000e+00
105 183 3.284247e-03 4.134622e-03 3 3 1 3 -1.920434e-14 0.000000e+00
105 184 3.284247e-03 5.205181e-03 3 3 1 3 -7.812358e-15 0.000000e+00
105 185 3.284247e-03 6.552935e-03 3 3 1 3 5.842521e-15 0.000000e+00
105 186 3.284247e-03 8.249656e-03 3 3 1 3 1.398435e-14 0.000000e+00
106 176 4.134622e-03 8.249656e-04 3 3 1 3 3.279958e-18 0.000000e+00
106 177 4.134622e-03 1.038570e-03 3 3 1 3 6.379654e-18 0.000000e+00
106 178 4.134622e-03 1.307482e-03 3 3 1 3 1.710375e-17 0.000000e+00
106 179 4.134622e-03 1.646023e-03 3 3 1 3 4.689072e-17 0.000000e+00
106 180 4.134622e-03 2.072220e-03 3 3 1 3 1.342143e-16 0.000000e+00
106 181 4.134622e-03 2.608770e-03 3 3 1 3 4.235195e-16 0.000000e+00
106 182 4.134622e-03 3.284247e-03 3 3 1 3 1.598432e-15 0.000000e+00
106 183 4.134622e-03 4.134622e-03 3 3 1 3 0.000000e+00 0.000000e+00
106 184 4.134622e-03 5.205181e-03 3 3 1 3 -1.685267e-14 0.000000e+00
106 185 4.134622e-03 6.552935e-03 3 3 1 3 -6.566962e-15 0.000000e+00
106 186 4.134622e-03 8.249656e-03 3 3 1 3 5.276053e-15 0.000000e+00
107 176 5.205181e-03 8.249656e-04 3 3 1 3 1.454061e-18 0.000000e+00
107 177 5.205181e-03 1.038570e-03 3 3 1 3 1.817959e-18 0.000000e+00
107 178 5.205181e-03 1.307482e-03 3 3 1 3 5.030937e-18 0.000000e+00
107 179 5.205181e-03 1.646023e-03 3 3 1 3 1.376272e-17 0.000000e+00
107 180 5.205181e-03 2.072220e-03 3 3 1 3 3.758434e-17 0.000000e+00
107 181 5.205181e-03 2.608770e-03 3 3 1 3 1.099432e-16 0.000000e+00
107 182 5.205181e-03 3.284247e-03 3 3 1 3 3.600578e-16 0.000000e+00
107 183 5.205181e-03 4.134622e-03 3 3 1 3 1.489431e-15 0.000000e+00
107 184 5.205181e-03 5.205181e-03 3 3 1 3 0.000000e+00 0.000000e+00
107 185 5.205181e-03 6.552935e-03 3 3 1 3 -1.459907e-14 0.000000e+00
107 186 5.205181e-03 8.249656e-03 3 3 1 3 -5.423805e-15 0.000000e+00
108 176 6.552935e-03 8.249656e-04 3 3 1 3 9.503557e-19 0.000000e+00
108 177 6.552935e-03 1.038570e-03 3 3 1 3 3.605002e-19 0.000000e+00
108 178 6.552935e-03 1.307482e-03 3 3 1 3 1.330452e-18 0.000000e+00
108 179 6.552935e-03 1.646023e-03 3 3 1 3 3.796357e-18 0.000000e+00
108 180 6.552935e-03 2.072220e-03 3 3 1 3 9.996602e-18 0.000000e+00
108 181 6.552935e-03 2.608770e-03 3 3 1 3 2.800491e-17 0.000000e+00
108 182 6.552935e-03 3.284247e-03 3 3 1 3 8.381267e-17 0.000000e+00
108 183 6.552935e-03 4.134622e-03 3 3 1 3 2.862629e-16 0.000000e+00
108 184 6.552935e-03 5.205181e-03 3 3 1 3 1.309137e-15 0.000000e+00
108 185 6.552935e-03 6.552935e-03 3 3 1 3 0.000000e+00 0.000000e+00
108 186 6.552935e-03 8.249656e-03 3 3 1 3 -1.254732e-14 0.000000e+00
109 176 8.249656e-03 8.249656e-04 3 3 1 3 7.545375e-19 0.000000e+00
109 177 8.249656e-03 1.038570e-03 3 3 1 3 -4.098324e-20 0.000000e+00
109 178 8.249656e-03 1.307482e-03 3 3 1 3 2.927894e-19 0.000000e+00
109 179 8.249656e-03 1.646023e-03 3 3 1 3 1.018241e-18 0.000000e+00
109 180 8.249656e-03 2.072220e-03 3 3 1 3 2.531184e-18 0.000000e+00
109 181 8.249656e-03 2.608770e-03 3 3 1 3 6.796021e-18 0.000000e+00
109 182 8.249656e-03 3.284247e-03 3 3 1 3 1.917405e-17 0.000000e+00
109 183 8.249656e-03 4.134622e-03 3 3 1 3 5.890321e-17 0.000000e+00
109 184 8.249656e-03 5.205181e-03 3 3 1 3 2.114437e-16 0.000000e+00
109 185 8.249656e-03 6.552935e-03 3 3 1 3 1.085701e-15 0.000000e+00
109 186 8.249656e-03 8.249656e-03 3 3 1 3 0.000000e+00 0.000000e+00
