# Please cite the following papers in research using this covariance:
# arXiv: 1601.05779, https://arxiv.org/abs/1601.05779
# arXiv: 1911.11947, https://arxiv.org/abs/1911.11947
# arXiv: 2004.04833, https://arxiv.org/abs/2004.04833
# arXiv: 1804.10663, https://arxiv.org/abs/1804.10663
########################################################
44 165 8.249656e-04 8.249656e-04 1 1 1 2 0.000000e+00 0.000000e+00
44 166 8.249656e-04 1.038570e-03 1 1 1 2 -1.820814e-14 0.000000e+00
44 167 8.249656e-04 1.307482e-03 1 1 1 2 -8.276080e-15 0.000000e+00
44 168 8.249656e-04 1.646023e-03 1 1 1 2 7.910823e-15 0.000000e+00
44 169 8.249656e-04 2.072220e-03 1 1 1 2 2.003354e-14 0.000000e+00
44 170 8.249656e-04 2.608770e-03 1 1 1 2 2.640896e-14 0.000000e+00
44 171 8.249656e-04 3.284247e-03 1 1 1 2 2.822071e-14 0.000000e+00
44 172 8.249656e-04 4.134622e-03 1 1 1 2 2.714945e-14 0.000000e+00
44 173 8.249656e-04 5.205181e-03 1 1 1 2 2.459326e-14 0.000000e+00
44 174 8.249656e-04 6.552935e-03 1 1 1 2 2.151319e-14 0.000000e+00
44 175 8.249656e-04 8.249656e-03 1 1 1 2 1.848821e-14 0.000000e+00
45 165 1.038570e-03 8.249656e-04 1 1 1 2 1.388502e-16 0.000000e+00
45 166 1.038570e-03 1.038570e-03 1 1 1 2 0.000000e+00 0.000000e+00
45 167 1.038570e-03 1.307482e-03 1 1 1 2 -1.805718e-14 0.000000e+00
45 168 1.038570e-03 1.646023e-03 1 1 1 2 -8.255229e-15 0.000000e+00
45 169 1.038570e-03 2.072220e-03 1 1 1 2 7.047451e-15 0.000000e+00
45 170 1.038570e-03 2.608770e-03 1 1 1 2 1.789498e-14 0.000000e+00
45 171 1.038570e-03 3.284247e-03 1 1 1 2 2.315876e-14 0.000000e+00
45 172 1.038570e-03 4.134622e-03 1 1 1 2 2.430487e-14 0.000000e+00
45 173 1.038570e-03 5.205181e-03 1 1 1 2 2.304829e-14 0.000000e+00
45 174 1.038570e-03 6.552935e-03 1 1 1 2 2.068986e-14 0.000000e+00
45 175 1.038570e-03 8.249656e-03 1 1 1 2 1.805233e-14 0.000000e+00
46 165 1.307482e-03 8.249656e-04 1 1 1 2 1.881629e-16 0.000000e+00
46 166 1.307482e-03 1.038570e-03 1 1 1 2 3.858417e-16 0.000000e+00
46 167 1.307482e-03 1.307482e-03 1 1 1 2 0.000000e+00 0.000000e+00
46 168 1.307482e-03 1.646023e-03 1 1 1 2 -1.754306e-14 0.000000e+00
46 169 1.307482e-03 2.072220e-03 1 1 1 2 -7.993354e-15 0.000000e+00
46 170 1.307482e-03 2.608770e-03 1 1 1 2 6.195255e-15 0.000000e+00
46 171 1.307482e-03 3.284247e-03 1 1 1 2 1.570412e-14 0.000000e+00
46 172 1.307482e-03 4.134622e-03 1 1 1 2 1.997438e-14 0.000000e+00
46 173 1.307482e-03 5.205181e-03 1 1 1 2 2.065537e-14 0.000000e+00
46 174 1.307482e-03 6.552935e-03 1 1 1 2 1.940267e-14 0.000000e+00
46 175 1.307482e-03 8.249656e-03 1 1 1 2 1.736734e-14 0.000000e+00
47 165 1.646023e-03 8.249656e-04 1 1 1 2 9.476696e-17 0.000000e+00
47 166 1.646023e-03 1.038570e-03 1 1 1 2 2.522042e-16 0.000000e+00
47 167 1.646023e-03 1.307482e-03 1 1 1 2 6.301209e-16 0.000000e+00
47 168 1.646023e-03 1.646023e-03 1 1 1 2 0.000000e+00 0.000000e+00
47 169 1.646023e-03 2.072220e-03 1 1 1 2 -1.667609e-14 0.000000e+00
47 170 1.646023e-03 2.608770e-03 1 1 1 2 -7.506151e-15 0.000000e+00
47 171 1.646023e-03 3.284247e-03 1 1 1 2 5.390606e-15 0.000000e+00
47 172 1.646023e-03 4.134622e-03 1 1 1 2 1.357324e-14 0.000000e+00
47 173 1.646023e-03 5.205181e-03 1 1 1 2 1.700586e-14 0.000000e+00
47 174 1.646023e-03 6.552935e-03 1 1 1 2 1.740744e-14 0.000000e+00
47 175 1.646023e-03 8.249656e-03 1 1 1 2 1.629616e-14 0.000000e+00
48 165 2.072220e-03 8.249656e-04 1 1 1 2 3.999658e-17 0.000000e+00
48 166 2.072220e-03 1.038570e-03 1 1 1 2 1.070928e-16 0.000000e+00
48 167 2.072220e-03 1.307482e-03 1 1 1 2 2.994138e-16 0.000000e+00
48 168 2.072220e-03 1.646023e-03 1 1 1 2 8.422074e-16 0.000000e+00
48 169 2.072220e-03 2.072220e-03 1 1 1 2 0.000000e+00 0.000000e+00
48 170 2.072220e-03 2.608770e-03 1 1 1 2 -1.550229e-14 0.000000e+00
48 171 2.072220e-03 3.284247e-03 1 1 1 2 -6.836595e-15 0.000000e+00
48 172 2.072220e-03 4.134622e-03 1 1 1 2 4.658209e-15 0.000000e+00
48 173 2.072220e-03 5.205181e-03 1 1 1 2 1.159401e-14 0.000000e+00
48 174 2.072220e-03 6.552935e-03 1 1 1 2 1.436048e-14 0.000000e+00
48 175 2.072220e-03 8.249656e-03 1 1 1 2 1.463544e-14 0.000000e+00
49 165 2.608770e-03 8.249656e-04 1 1 1 2 1.555167e-17 0.000000e+00
49 166 2.608770e-03 1.038570e-03 1 1 1 2 4.013494e-17 0.000000e+00
49 167 2.608770e-03 1.307482e-03 1 1 1 2 1.105142e-16 0.000000e+00
49 168 2.608770e-03 1.646023e-03 1 1 1 2 3.215593e-16 0.000000e+00
49 169 2.608770e-03 2.072220e-03 1 1 1 2 9.966749e-16 0.000000e+00
49 170 2.608770e-03 2.608770e-03 1 1 1 2 0.000000e+00 0.000000e+00
49 171 2.608770e-03 3.284247e-03 1 1 1 2 -1.409750e-14 0.000000e+00
49 172 2.608770e-03 4.134622e-03 1 1 1 2 -6.047372e-15 0.000000e+00
49 173 2.608770e-03 5.205181e-03 1 1 1 2 4.011563e-15 0.000000e+00
49 174 2.608770e-03 6.552935e-03 1 1 1 2 9.831386e-15 0.000000e+00
49 175 2.608770e-03 8.249656e-03 1 1 1 2 1.209780e-14 0.000000e+00
50 165 3.284247e-03 8.249656e-04 1 1 1 2 5.739043e-18 0.000000e+00
50 166 3.284247e-03 1.038570e-03 1 1 1 2 1.385267e-17 0.000000e+00
50 167 3.284247e-03 1.307482e-03 1 1 1 2 3.743732e-17 0.000000e+00
50 168 3.284247e-03 1.646023e-03 1 1 1 2 1.052361e-16 0.000000e+00
50 169 3.284247e-03 2.072220e-03 1 1 1 2 3.178574e-16 0.000000e+00
50 170 3.284247e-03 2.608770e-03 1 1 1 2 1.078295e-15 0.000000e+00
50 171 3.284247e-03 3.284247e-03 1 1 1 2 0.000000e+00 0.000000e+00
50 172 3.284247e-03 4.134622e-03 1 1 1 2 -1.255536e-14 0.000000e+00
50 173 3.284247e-03 5.205181e-03 1 1 1 2 -5.207624e-15 0.000000e+00
50 174 3.284247e-03 6.552935e-03 1 1 1 2 3.455513e-15 0.000000e+00
50 175 3.284247e-03 8.249656e-03 1 1 1 2 8.321145e-15 0.000000e+00
51 165 4.134622e-03 8.249656e-04 1 1 1 2 2.194882e-18 0.000000e+00
51 166 4.134622e-03 1.038570e-03 1 1 1 2 4.490387e-18 0.000000e+00
51 167 4.134622e-03 1.307482e-03 1 1 1 2 1.195487e-17 0.000000e+00
51 168 4.134622e-03 1.646023e-03 1 1 1 2 3.265497e-17 0.000000e+00
51 169 4.134622e-03 2.072220e-03 1 1 1 2 9.322337e-17 0.000000e+00
51 170 4.134622e-03 2.608770e-03 1 1 1 2 2.923005e-16 0.000000e+00
51 171 4.134622e-03 3.284247e-03 1 1 1 2 1.084142e-15 0.000000e+00
51 172 4.134622e-03 4.134622e-03 1 1 1 2 0.000000e+00 0.000000e+00
51 173 4.134622e-03 5.205181e-03 1 1 1 2 -1.097255e-14 0.000000e+00
51 174 4.134622e-03 6.552935e-03 1 1 1 2 -4.381868e-15 0.000000e+00
51 175 4.134622e-03 8.249656e-03 1 1 1 2 2.988840e-15 0.000000e+00
52 165 5.205181e-03 8.249656e-04 1 1 1 2 9.346364e-19 0.000000e+00
52 166 5.205181e-03 1.038570e-03 1 1 1 2 1.333060e-18 0.000000e+00
52 167 5.205181e-03 1.307482e-03 1 1 1 2 3.603731e-18 0.000000e+00
52 168 5.205181e-03 1.646023e-03 1 1 1 2 9.772194e-18 0.000000e+00
52 169 5.205181e-03 2.072220e-03 1 1 1 2 2.666738e-17 0.000000e+00
52 170 5.205181e-03 2.608770e-03 1 1 1 2 7.762095e-17 0.000000e+00
52 171 5.205181e-03 3.284247e-03 1 1 1 2 2.521722e-16 0.000000e+00
52 172 5.205181e-03 4.134622e-03 1 1 1 2 1.023519e-15 0.000000e+00
52 173 5.205181e-03 5.205181e-03 1 1 1 2 0.000000e+00 0.000000e+00
52 174 5.205181e-03 6.552935e-03 1 1 1 2 -9.436592e-15 0.000000e+00
52 175 5.205181e-03 8.249656e-03 1 1 1 2 -3.620318e-15 0.000000e+00
53 165 6.552935e-03 8.249656e-04 1 1 1 2 5.779462e-19 0.000000e+00
53 166 6.552935e-03 1.038570e-03 1 1 1 2 3.108650e-19 0.000000e+00
53 167 6.552935e-03 1.307482e-03 1 1 1 2 1.005917e-18 0.000000e+00
53 168 6.552935e-03 1.646023e-03 1 1 1 2 2.791311e-18 0.000000e+00
53 169 6.552935e-03 2.072220e-03 1 1 1 2 7.378231e-18 0.000000e+00
53 170 6.552935e-03 2.608770e-03 1 1 1 2 2.052451e-17 0.000000e+00
53 171 6.552935e-03 3.284247e-03 1 1 1 2 6.087860e-17 0.000000e+00
53 172 6.552935e-03 4.134622e-03 1 1 1 2 2.050636e-16 0.000000e+00
53 173 6.552935e-03 5.205181e-03 1 1 1 2 9.138730e-16 0.000000e+00
53 174 6.552935e-03 6.552935e-03 1 1 1 2 0.000000e+00 0.000000e+00
53 175 6.552935e-03 8.249656e-03 1 1 1 2 -8.016863e-15 0.000000e+00
54 165 8.249656e-03 8.249656e-04 1 1 1 2 4.398284e-19 0.000000e+00
54 166 8.249656e-03 1.038570e-03 1 1 1 2 2.118318e-20 0.000000e+00
54 167 8.249656e-03 1.307482e-03 1 1 1 2 2.589122e-19 0.000000e+00
54 168 8.249656e-03 1.646023e-03 1 1 1 2 7.963308e-19 0.000000e+00
54 169 8.249656e-03 2.072220e-03 1 1 1 2 2.029381e-18 0.000000e+00
54 170 8.249656e-03 2.608770e-03 1 1 1 2 5.393257e-18 0.000000e+00
54 171 8.249656e-03 3.284247e-03 1 1 1 2 1.503200e-17 0.000000e+00
54 172 8.249656e-03 4.134622e-03 1 1 1 2 4.528148e-17 0.000000e+00
54 173 8.249656e-03 5.205181e-03 1 1 1 2 1.579155e-16 0.000000e+00
54 174 8.249656e-03 6.552935e-03 1 1 1 2 7.756304e-16 0.000000e+00
54 175 8.249656e-03 8.249656e-03 1 1 1 2 0.000000e+00 0.000000e+00
