# Please cite the following papers in research using this covariance:
# arXiv: 1601.05779, https://arxiv.org/abs/1601.05779
# arXiv: 1911.11947, https://arxiv.org/abs/1911.11947
# arXiv: 2004.04833, https://arxiv.org/abs/2004.04833
# arXiv: 1804.10663, https://arxiv.org/abs/1804.10663
########################################################
55 121 8.249656e-04 8.249656e-04 1 2 0 1 0.000000e+00 0.000000e+00
55 122 8.249656e-04 1.038570e-03 1 2 0 1 -5.318852e-15 0.000000e+00
55 123 8.249656e-04 1.307482e-03 1 2 0 1 -2.380696e-15 0.000000e+00
55 124 8.249656e-04 1.646023e-03 1 2 0 1 2.426525e-15 0.000000e+00
55 125 8.249656e-04 2.072220e-03 1 2 0 1 6.102392e-15 0.000000e+00
55 126 8.249656e-04 2.608770e-03 1 2 0 1 8.136772e-15 0.000000e+00
55 127 8.249656e-04 3.284247e-03 1 2 0 1 8.839062e-15 0.000000e+00
55 128 8.249656e-04 4.134622e-03 1 2 0 1 8.668921e-15 0.000000e+00
55 129 8.249656e-04 5.205181e-03 1 2 0 1 8.018931e-15 0.000000e+00
55 130 8.249656e-04 6.552935e-03 1 2 0 1 7.169200e-15 0.000000e+00
55 131 8.249656e-04 8.249656e-03 1 2 0 1 6.298838e-15 0.000000e+00
56 121 1.038570e-03 8.249656e-04 1 2 0 1 3.358957e-17 0.000000e+00
56 122 1.038570e-03 1.038570e-03 1 2 0 1 0.000000e+00 0.000000e+00
56 123 1.038570e-03 1.307482e-03 1 2 0 1 -5.288081e-15 0.000000e+00
56 124 1.038570e-03 1.646023e-03 1 2 0 1 -2.382439e-15 0.000000e+00
56 125 1.038570e-03 2.072220e-03 1 2 0 1 2.192660e-15 0.000000e+00
56 126 1.038570e-03 2.608770e-03 1 2 0 1 5.528702e-15 0.000000e+00
56 127 1.038570e-03 3.284247e-03 1 2 0 1 7.255947e-15 0.000000e+00
56 128 1.038570e-03 4.134622e-03 1 2 0 1 7.758786e-15 0.000000e+00
56 129 1.038570e-03 5.205181e-03 1 2 0 1 7.512768e-15 0.000000e+00
56 130 1.038570e-03 6.552935e-03 1 2 0 1 6.893022e-15 0.000000e+00
56 131 1.038570e-03 8.249656e-03 1 2 0 1 6.149279e-15 0.000000e+00
57 121 1.307482e-03 8.249656e-04 1 2 0 1 4.775387e-17 0.000000e+00
57 122 1.307482e-03 1.038570e-03 1 2 0 1 9.658742e-17 0.000000e+00
57 123 1.307482e-03 1.307482e-03 1 2 0 1 0.000000e+00 0.000000e+00
57 124 1.307482e-03 1.646023e-03 1 2 0 1 -5.163259e-15 0.000000e+00
57 125 1.307482e-03 2.072220e-03 1 2 0 1 -2.324114e-15 0.000000e+00
57 126 1.307482e-03 2.608770e-03 1 2 0 1 1.956534e-15 0.000000e+00
57 127 1.307482e-03 3.284247e-03 1 2 0 1 4.931014e-15 0.000000e+00
57 128 1.307482e-03 4.134622e-03 1 2 0 1 6.376068e-15 0.000000e+00
57 129 1.307482e-03 5.205181e-03 1 2 0 1 6.729894e-15 0.000000e+00
57 130 1.307482e-03 6.552935e-03 1 2 0 1 6.461635e-15 0.000000e+00
57 131 1.307482e-03 8.249656e-03 1 2 0 1 5.914364e-15 0.000000e+00
58 121 1.646023e-03 8.249656e-04 1 2 0 1 2.417162e-17 0.000000e+00
58 122 1.646023e-03 1.038570e-03 1 2 0 1 6.384931e-17 0.000000e+00
58 123 1.646023e-03 1.307482e-03 1 2 0 1 1.593097e-16 0.000000e+00
58 124 1.646023e-03 1.646023e-03 1 2 0 1 0.000000e+00 0.000000e+00
58 125 1.646023e-03 2.072220e-03 1 2 0 1 -4.945997e-15 0.000000e+00
58 126 1.646023e-03 2.608770e-03 1 2 0 1 -2.207973e-15 0.000000e+00
58 127 1.646023e-03 3.284247e-03 1 2 0 1 1.728757e-15 0.000000e+00
58 128 1.646023e-03 4.134622e-03 1 2 0 1 4.339033e-15 0.000000e+00
58 129 1.646023e-03 5.205181e-03 1 2 0 1 5.538624e-15 0.000000e+00
58 130 1.646023e-03 6.552935e-03 1 2 0 1 5.793932e-15 0.000000e+00
58 131 1.646023e-03 8.249656e-03 1 2 0 1 5.547327e-15 0.000000e+00
59 121 2.072220e-03 8.249656e-04 1 2 0 1 1.050190e-17 0.000000e+00
59 122 2.072220e-03 1.038570e-03 1 2 0 1 2.754306e-17 0.000000e+00
59 123 2.072220e-03 1.307482e-03 1 2 0 1 7.678250e-17 0.000000e+00
59 124 2.072220e-03 1.646023e-03 1 2 0 1 2.152412e-16 0.000000e+00
59 125 2.072220e-03 2.072220e-03 1 2 0 1 0.000000e+00 0.000000e+00
59 126 2.072220e-03 2.608770e-03 1 2 0 1 -4.645742e-15 0.000000e+00
59 127 2.072220e-03 3.284247e-03 1 2 0 1 -2.042273e-15 0.000000e+00
59 128 2.072220e-03 4.134622e-03 1 2 0 1 1.517610e-15 0.000000e+00
59 129 2.072220e-03 5.205181e-03 1 2 0 1 3.778735e-15 0.000000e+00
59 130 2.072220e-03 6.552935e-03 1 2 0 1 4.776701e-15 0.000000e+00
59 131 2.072220e-03 8.249656e-03 1 2 0 1 4.979084e-15 0.000000e+00
60 121 2.608770e-03 8.249656e-04 1 2 0 1 4.329122e-18 0.000000e+00
60 122 2.608770e-03 1.038570e-03 1 2 0 1 1.064924e-17 0.000000e+00
60 123 2.608770e-03 1.307482e-03 1 2 0 1 2.920854e-17 0.000000e+00
60 124 2.608770e-03 1.646023e-03 1 2 0 1 8.431910e-17 0.000000e+00
60 125 2.608770e-03 2.072220e-03 1 2 0 1 2.585964e-16 0.000000e+00
60 126 2.608770e-03 2.608770e-03 1 2 0 1 0.000000e+00 0.000000e+00
60 127 2.608770e-03 3.284247e-03 1 2 0 1 -4.279355e-15 0.000000e+00
60 128 2.608770e-03 4.134622e-03 1 2 0 1 -1.840296e-15 0.000000e+00
60 129 2.608770e-03 5.205181e-03 1 2 0 1 1.328647e-15 0.000000e+00
60 130 2.608770e-03 6.552935e-03 1 2 0 1 3.270682e-15 0.000000e+00
60 131 2.608770e-03 8.249656e-03 1 2 0 1 4.112822e-15 0.000000e+00
61 121 3.284247e-03 8.249656e-04 1 2 0 1 1.769426e-18 0.000000e+00
61 122 3.284247e-03 1.038570e-03 1 2 0 1 3.816723e-18 0.000000e+00
61 123 3.284247e-03 1.307482e-03 1 2 0 1 1.031812e-17 0.000000e+00
61 124 3.284247e-03 1.646023e-03 1 2 0 1 2.883287e-17 0.000000e+00
61 125 3.284247e-03 2.072220e-03 1 2 0 1 8.581643e-17 0.000000e+00
61 126 3.284247e-03 2.608770e-03 1 2 0 1 2.854623e-16 0.000000e+00
61 127 3.284247e-03 3.284247e-03 1 2 0 1 0.000000e+00 0.000000e+00
61 128 3.284247e-03 4.134622e-03 1 2 0 1 -3.868820e-15 0.000000e+00
61 129 3.284247e-03 5.205181e-03 1 2 0 1 -1.617836e-15 0.000000e+00
61 130 3.284247e-03 6.552935e-03 1 2 0 1 1.165156e-15 0.000000e+00
61 131 3.284247e-03 8.249656e-03 1 2 0 1 2.828720e-15 0.000000e+00
62 121 4.134622e-03 8.249656e-04 1 2 0 1 8.047652e-19 0.000000e+00
62 122 4.134622e-03 1.038570e-03 1 2 0 1 1.276378e-18 0.000000e+00
62 123 4.134622e-03 1.307482e-03 1 2 0 1 3.440876e-18 0.000000e+00
62 124 4.134622e-03 1.646023e-03 1 2 0 1 9.419687e-18 0.000000e+00
62 125 4.134622e-03 2.072220e-03 1 2 0 1 2.655974e-17 0.000000e+00
62 126 4.134622e-03 2.608770e-03 1 2 0 1 8.172670e-17 0.000000e+00
62 127 4.134622e-03 3.284247e-03 1 2 0 1 2.940989e-16 0.000000e+00
62 128 4.134622e-03 4.134622e-03 1 2 0 1 0.000000e+00 0.000000e+00
62 129 4.134622e-03 5.205181e-03 1 2 0 1 -3.438016e-15 0.000000e+00
62 130 4.134622e-03 6.552935e-03 1 2 0 1 -1.390887e-15 0.000000e+00
62 131 4.134622e-03 8.249656e-03 1 2 0 1 1.028431e-15 0.000000e+00
63 121 5.205181e-03 8.249656e-04 1 2 0 1 4.440585e-19 0.000000e+00
63 122 5.205181e-03 1.038570e-03 1 2 0 1 3.768204e-19 0.000000e+00
63 123 5.205181e-03 1.307482e-03 1 2 0 1 1.072462e-18 0.000000e+00
63 124 5.205181e-03 1.646023e-03 1 2 0 1 2.975776e-18 0.000000e+00
63 125 5.205181e-03 2.072220e-03 1 2 0 1 8.030486e-18 0.000000e+00
63 126 5.205181e-03 2.608770e-03 1 2 0 1 2.308990e-17 0.000000e+00
63 127 5.205181e-03 3.284247e-03 1 2 0 1 7.332884e-17 0.000000e+00
63 128 5.205181e-03 4.134622e-03 1 2 0 1 2.855223e-16 0.000000e+00
63 129 5.205181e-03 5.205181e-03 1 2 0 1 0.000000e+00 0.000000e+00
63 130 5.205181e-03 6.552935e-03 1 2 0 1 -3.010113e-15 0.000000e+00
63 131 5.205181e-03 8.249656e-03 1 2 0 1 -1.173325e-15 0.000000e+00
64 121 6.552935e-03 8.249656e-04 1 2 0 1 3.375782e-19 0.000000e+00
64 122 6.552935e-03 1.038570e-03 1 2 0 1 7.266208e-20 0.000000e+00
64 123 6.552935e-03 1.307482e-03 1 2 0 1 3.005002e-19 0.000000e+00
64 124 6.552935e-03 1.646023e-03 1 2 0 1 9.086496e-19 0.000000e+00
64 125 6.552935e-03 2.072220e-03 1 2 0 1 2.355225e-18 0.000000e+00
64 126 6.552935e-03 2.608770e-03 1 2 0 1 6.492686e-18 0.000000e+00
64 127 6.552935e-03 3.284247e-03 1 2 0 1 1.896332e-17 0.000000e+00
64 128 6.552935e-03 4.134622e-03 1 2 0 1 6.217188e-17 0.000000e+00
64 129 6.552935e-03 5.205181e-03 1 2 0 1 2.627412e-16 0.000000e+00
64 130 6.552935e-03 6.552935e-03 1 2 0 1 0.000000e+00 0.000000e+00
64 131 6.552935e-03 8.249656e-03 1 2 0 1 -2.605022e-15 0.000000e+00
65 121 8.249656e-03 8.249656e-04 1 2 0 1 2.936551e-19 0.000000e+00
65 122 8.249656e-03 1.038570e-03 1 2 0 1 -2.062418e-20 0.000000e+00
65 123 8.249656e-03 1.307482e-03 1 2 0 1 6.081365e-20 0.000000e+00
65 124 8.249656e-03 1.646023e-03 1 2 0 1 2.736760e-19 0.000000e+00
65 125 8.249656e-03 2.072220e-03 1 2 0 1 6.677435e-19 0.000000e+00
65 126 8.249656e-03 2.608770e-03 1 2 0 1 1.780451e-18 0.000000e+00
65 127 8.249656e-03 3.284247e-03 1 2 0 1 4.942029e-18 0.000000e+00
65 128 8.249656e-03 4.134622e-03 1 2 0 1 1.470260e-17 0.000000e+00
65 129 8.249656e-03 5.205181e-03 1 2 0 1 4.989078e-17 0.000000e+00
65 130 8.249656e-03 6.552935e-03 1 2 0 1 2.300175e-16 0.000000e+00
65 131 8.249656e-03 8.249656e-03 1 2 0 1 0.000000e+00 0.000000e+00
