# Please cite the following papers in research using this covariance:
# arXiv: 1601.05779, https://arxiv.org/abs/1601.05779
# arXiv: 1911.11947, https://arxiv.org/abs/1911.11947
# arXiv: 2004.04833, https://arxiv.org/abs/2004.04833
# arXiv: 1804.10663, https://arxiv.org/abs/1804.10663
########################################################
0 33 8.249656e-04 8.249656e-04 0 0 0 3 0.000000e+00 0.000000e+00
0 34 8.249656e-04 1.038570e-03 0 0 0 3 1.346084e-13 0.000000e+00
0 35 8.249656e-04 1.307482e-03 0 0 0 3 1.115023e-13 0.000000e+00
0 36 8.249656e-04 1.646023e-03 0 0 0 3 9.281512e-14 0.000000e+00
0 37 8.249656e-04 2.072220e-03 0 0 0 3 7.793088e-14 0.000000e+00
0 38 8.249656e-04 2.608770e-03 0 0 0 3 6.608665e-14 0.000000e+00
0 39 8.249656e-04 3.284247e-03 0 0 0 3 5.659600e-14 0.000000e+00
0 40 8.249656e-04 4.134622e-03 0 0 0 3 4.888122e-14 0.000000e+00
0 41 8.249656e-04 5.205181e-03 0 0 0 3 4.247844e-14 0.000000e+00
0 42 8.249656e-04 6.552935e-03 0 0 0 3 3.703218e-14 0.000000e+00
0 43 8.249656e-04 8.249656e-03 0 0 0 3 3.228281e-14 0.000000e+00
1 33 1.038570e-03 8.249656e-04 0 0 0 3 1.346084e-13 0.000000e+00
1 34 1.038570e-03 1.038570e-03 0 0 0 3 0.000000e+00 0.000000e+00
1 35 1.038570e-03 1.307482e-03 0 0 0 3 1.159087e-13 0.000000e+00
1 36 1.038570e-03 1.646023e-03 0 0 0 3 9.522993e-14 0.000000e+00
1 37 1.038570e-03 2.072220e-03 0 0 0 3 7.917816e-14 0.000000e+00
1 38 1.038570e-03 2.608770e-03 0 0 0 3 6.670904e-14 0.000000e+00
1 39 1.038570e-03 3.284247e-03 0 0 0 3 5.689738e-14 0.000000e+00
1 40 1.038570e-03 4.134622e-03 0 0 0 3 4.902349e-14 0.000000e+00
1 41 1.038570e-03 5.205181e-03 0 0 0 3 4.254450e-14 0.000000e+00
1 42 1.038570e-03 6.552935e-03 0 0 0 3 3.706266e-14 0.000000e+00
1 43 1.038570e-03 8.249656e-03 0 0 0 3 3.229712e-14 0.000000e+00
2 33 1.307482e-03 8.249656e-04 0 0 0 3 1.115023e-13 0.000000e+00
2 34 1.307482e-03 1.038570e-03 0 0 0 3 1.159087e-13 0.000000e+00
2 35 1.307482e-03 1.307482e-03 0 0 0 3 0.000000e+00 0.000000e+00
2 36 1.307482e-03 1.646023e-03 0 0 0 3 9.965812e-14 0.000000e+00
2 37 1.307482e-03 2.072220e-03 0 0 0 3 8.139843e-14 0.000000e+00
2 38 1.307482e-03 2.608770e-03 0 0 0 3 6.778170e-14 0.000000e+00
2 39 1.307482e-03 3.284247e-03 0 0 0 3 5.740424e-14 0.000000e+00
2 40 1.307482e-03 4.134622e-03 0 0 0 3 4.925855e-14 0.000000e+00
2 41 1.307482e-03 5.205181e-03 0 0 0 3 4.265223e-14 0.000000e+00
2 42 1.307482e-03 6.552935e-03 0 0 0 3 3.711205e-14 0.000000e+00
2 43 1.307482e-03 8.249656e-03 0 0 0 3 3.232025e-14 0.000000e+00
3 33 1.646023e-03 8.249656e-04 0 0 0 3 9.281512e-14 0.000000e+00
3 34 1.646023e-03 1.038570e-03 0 0 0 3 9.522993e-14 0.000000e+00
3 35 1.646023e-03 1.307482e-03 0 0 0 3 9.965812e-14 0.000000e+00
3 36 1.646023e-03 1.646023e-03 0 0 0 3 0.000000e+00 0.000000e+00
3 37 1.646023e-03 2.072220e-03 0 0 0 3 8.566758e-14 0.000000e+00
3 38 1.646023e-03 2.608770e-03 0 0 0 3 6.973890e-14 0.000000e+00
3 39 1.646023e-03 3.284247e-03 0 0 0 3 5.828993e-14 0.000000e+00
3 40 1.646023e-03 4.134622e-03 0 0 0 3 4.965680e-14 0.000000e+00
3 41 1.646023e-03 5.205181e-03 0 0 0 3 4.283073e-14 0.000000e+00
3 42 1.646023e-03 6.552935e-03 0 0 0 3 3.719256e-14 0.000000e+00
3 43 1.646023e-03 8.249656e-03 0 0 0 3 3.235749e-14 0.000000e+00
4 33 2.072220e-03 8.249656e-04 0 0 0 3 7.793088e-14 0.000000e+00
4 34 2.072220e-03 1.038570e-03 0 0 0 3 7.917816e-14 0.000000e+00
4 35 2.072220e-03 1.307482e-03 0 0 0 3 8.139843e-14 0.000000e+00
4 36 2.072220e-03 1.646023e-03 0 0 0 3 8.566758e-14 0.000000e+00
4 37 2.072220e-03 2.072220e-03 0 0 0 3 0.000000e+00 0.000000e+00
4 38 2.072220e-03 2.608770e-03 0 0 0 3 7.369924e-14 0.000000e+00
4 39 2.072220e-03 3.284247e-03 0 0 0 3 5.994803e-14 0.000000e+00
4 40 2.072220e-03 4.134622e-03 0 0 0 3 5.036213e-14 0.000000e+00
4 41 2.072220e-03 5.205181e-03 0 0 0 3 4.313502e-14 0.000000e+00
4 42 2.072220e-03 6.552935e-03 0 0 0 3 3.732628e-14 0.000000e+00
4 43 2.072220e-03 8.249656e-03 0 0 0 3 3.241821e-14 0.000000e+00
5 33 2.608770e-03 8.249656e-04 0 0 0 3 6.608665e-14 0.000000e+00
5 34 2.608770e-03 1.038570e-03 0 0 0 3 6.670904e-14 0.000000e+00
5 35 2.608770e-03 1.307482e-03 0 0 0 3 6.778170e-14 0.000000e+00
5 36 2.608770e-03 1.646023e-03 0 0 0 3 6.973890e-14 0.000000e+00
5 37 2.608770e-03 2.072220e-03 0 0 0 3 7.369924e-14 0.000000e+00
5 38 2.608770e-03 2.608770e-03 0 0 0 3 0.000000e+00 0.000000e+00
5 39 2.608770e-03 3.284247e-03 0 0 0 3 6.349187e-14 0.000000e+00
5 40 2.608770e-03 4.134622e-03 0 0 0 3 5.171673e-14 0.000000e+00
5 41 2.608770e-03 5.205181e-03 0 0 0 3 4.368040e-14 0.000000e+00
5 42 2.608770e-03 6.552935e-03 0 0 0 3 3.755529e-14 0.000000e+00
5 43 2.608770e-03 8.249656e-03 0 0 0 3 3.251900e-14 0.000000e+00
6 33 3.284247e-03 8.249656e-04 0 0 0 3 5.659600e-14 0.000000e+00
6 34 3.284247e-03 1.038570e-03 0 0 0 3 5.689738e-14 0.000000e+00
6 35 3.284247e-03 1.307482e-03 0 0 0 3 5.740424e-14 0.000000e+00
6 36 3.284247e-03 1.646023e-03 0 0 0 3 5.828993e-14 0.000000e+00
6 37 3.284247e-03 2.072220e-03 0 0 0 3 5.994803e-14 0.000000e+00
6 38 3.284247e-03 2.608770e-03 0 0 0 3 6.349187e-14 0.000000e+00
6 39 3.284247e-03 3.284247e-03 0 0 0 3 0.000000e+00 0.000000e+00
6 40 3.284247e-03 4.134622e-03 0 0 0 3 5.478329e-14 0.000000e+00
6 41 3.284247e-03 5.205181e-03 0 0 0 3 4.475293e-14 0.000000e+00
6 42 3.284247e-03 6.552935e-03 0 0 0 3 3.796913e-14 0.000000e+00
6 43 3.284247e-03 8.249656e-03 0 0 0 3 3.269164e-14 0.000000e+00
7 33 4.134622e-03 8.249656e-04 0 0 0 3 4.888122e-14 0.000000e+00
7 34 4.134622e-03 1.038570e-03 0 0 0 3 4.902349e-14 0.000000e+00
7 35 4.134622e-03 1.307482e-03 0 0 0 3 4.925855e-14 0.000000e+00
7 36 4.134622e-03 1.646023e-03 0 0 0 3 4.965680e-14 0.000000e+00
7 37 4.134622e-03 2.072220e-03 0 0 0 3 5.036213e-14 0.000000e+00
7 38 4.134622e-03 2.608770e-03 0 0 0 3 5.171673e-14 0.000000e+00
7 39 4.134622e-03 3.284247e-03 0 0 0 3 5.478329e-14 0.000000e+00
7 40 4.134622e-03 4.134622e-03 0 0 0 3 0.000000e+00 0.000000e+00
7 41 4.134622e-03 5.205181e-03 0 0 0 3 4.732713e-14 0.000000e+00
7 42 4.134622e-03 6.552935e-03 0 0 0 3 3.879864e-14 0.000000e+00
7 43 4.134622e-03 8.249656e-03 0 0 0 3 3.300446e-14 0.000000e+00
8 33 5.205181e-03 8.249656e-04 0 0 0 3 4.247844e-14 0.000000e+00
8 34 5.205181e-03 1.038570e-03 0 0 0 3 4.254450e-14 0.000000e+00
8 35 5.205181e-03 1.307482e-03 0 0 0 3 4.265223e-14 0.000000e+00
8 36 5.205181e-03 1.646023e-03 0 0 0 3 4.283073e-14 0.000000e+00
8 37 5.205181e-03 2.072220e-03 0 0 0 3 4.313502e-14 0.000000e+00
8 38 5.205181e-03 2.608770e-03 0 0 0 3 4.368040e-14 0.000000e+00
8 39 5.205181e-03 3.284247e-03 0 0 0 3 4.475293e-14 0.000000e+00
8 40 5.205181e-03 4.134622e-03 0 0 0 3 4.732713e-14 0.000000e+00
8 41 5.205181e-03 5.205181e-03 0 0 0 3 0.000000e+00 0.000000e+00
8 42 5.205181e-03 6.552935e-03 0 0 0 3 4.090373e-14 0.000000e+00
8 43 5.205181e-03 8.249656e-03 0 0 0 3 3.363827e-14 0.000000e+00
9 33 6.552935e-03 8.249656e-04 0 0 0 3 3.703218e-14 0.000000e+00
9 34 6.552935e-03 1.038570e-03 0 0 0 3 3.706266e-14 0.000000e+00
9 35 6.552935e-03 1.307482e-03 0 0 0 3 3.711205e-14 0.000000e+00
9 36 6.552935e-03 1.646023e-03 0 0 0 3 3.719256e-14 0.000000e+00
9 37 6.552935e-03 2.072220e-03 0 0 0 3 3.732628e-14 0.000000e+00
9 38 6.552935e-03 2.608770e-03 0 0 0 3 3.755529e-14 0.000000e+00
9 39 6.552935e-03 3.284247e-03 0 0 0 3 3.796913e-14 0.000000e+00
9 40 6.552935e-03 4.134622e-03 0 0 0 3 3.879864e-14 0.000000e+00
9 41 6.552935e-03 5.205181e-03 0 0 0 3 4.090373e-14 0.000000e+00
9 42 6.552935e-03 6.552935e-03 0 0 0 3 0.000000e+00 0.000000e+00
9 43 6.552935e-03 8.249656e-03 0 0 0 3 3.532512e-14 0.000000e+00
10 33 8.249656e-03 8.249656e-04 0 0 0 3 3.228281e-14 0.000000e+00
10 34 8.249656e-03 1.038570e-03 0 0 0 3 3.229712e-14 0.000000e+00
10 35 8.249656e-03 1.307482e-03 0 0 0 3 3.232025e-14 0.000000e+00
10 36 8.249656e-03 1.646023e-03 0 0 0 3 3.235749e-14 0.000000e+00
10 37 8.249656e-03 2.072220e-03 0 0 0 3 3.241821e-14 0.000000e+00
10 38 8.249656e-03 2.608770e-03 0 0 0 3 3.251900e-14 0.000000e+00
10 39 8.249656e-03 3.284247e-03 0 0 0 3 3.269164e-14 0.000000e+00
10 40 8.249656e-03 4.134622e-03 0 0 0 3 3.300446e-14 0.000000e+00
10 41 8.249656e-03 5.205181e-03 0 0 0 3 3.363827e-14 0.000000e+00
10 42 8.249656e-03 6.552935e-03 0 0 0 3 3.532512e-14 0.000000e+00
10 43 8.249656e-03 8.249656e-03 0 0 0 3 0.000000e+00 0.000000e+00
