# Please cite the following papers in research using this covariance:
# arXiv: 1601.05779, https://arxiv.org/abs/1601.05779
# arXiv: 1911.11947, https://arxiv.org/abs/1911.11947
# arXiv: 2004.04833, https://arxiv.org/abs/2004.04833
# arXiv: 1804.10663, https://arxiv.org/abs/1804.10663
########################################################
33 33 8.249656e-04 8.249656e-04 0 3 0 3 2.307999e-11 0.000000e+00
33 34 8.249656e-04 1.038570e-03 0 3 0 3 3.073937e-13 0.000000e+00
33 35 8.249656e-04 1.307482e-03 0 3 0 3 2.531096e-13 0.000000e+00
33 36 8.249656e-04 1.646023e-03 0 3 0 3 2.121346e-13 0.000000e+00
33 37 8.249656e-04 2.072220e-03 0 3 0 3 1.806445e-13 0.000000e+00
33 38 8.249656e-04 2.608770e-03 0 3 0 3 1.557353e-13 0.000000e+00
33 39 8.249656e-04 3.284247e-03 0 3 0 3 1.354059e-13 0.000000e+00
33 40 8.249656e-04 4.134622e-03 0 3 0 3 1.182834e-13 0.000000e+00
33 41 8.249656e-04 5.205181e-03 0 3 0 3 1.034358e-13 0.000000e+00
33 42 8.249656e-04 6.552935e-03 0 3 0 3 9.024663e-14 0.000000e+00
33 43 8.249656e-04 8.249656e-03 0 3 0 3 7.832636e-14 0.000000e+00
34 33 1.038570e-03 8.249656e-04 0 3 0 3 3.073937e-13 0.000000e+00
34 34 1.038570e-03 1.038570e-03 0 3 0 3 1.463885e-11 0.000000e+00
34 35 1.038570e-03 1.307482e-03 0 3 0 3 2.654503e-13 0.000000e+00
34 36 1.038570e-03 1.646023e-03 0 3 0 3 2.178747e-13 0.000000e+00
34 37 1.038570e-03 2.072220e-03 0 3 0 3 1.832606e-13 0.000000e+00
34 38 1.038570e-03 2.608770e-03 0 3 0 3 1.569224e-13 0.000000e+00
34 39 1.038570e-03 3.284247e-03 0 3 0 3 1.359435e-13 0.000000e+00
34 40 1.038570e-03 4.134622e-03 0 3 0 3 1.185284e-13 0.000000e+00
34 41 1.038570e-03 5.205181e-03 0 3 0 3 1.035499e-13 0.000000e+00
34 42 1.038570e-03 6.552935e-03 0 3 0 3 9.030205e-14 0.000000e+00
34 43 1.038570e-03 8.249656e-03 0 3 0 3 7.835501e-14 0.000000e+00
35 33 1.307482e-03 8.249656e-04 0 3 0 3 2.531096e-13 0.000000e+00
35 34 1.307482e-03 1.038570e-03 0 3 0 3 2.654503e-13 0.000000e+00
35 35 1.307482e-03 1.307482e-03 0 3 0 3 9.277561e-12 0.000000e+00
35 36 1.307482e-03 1.646023e-03 0 3 0 3 2.293998e-13 0.000000e+00
35 37 1.307482e-03 2.072220e-03 0 3 0 3 1.881455e-13 0.000000e+00
35 38 1.307482e-03 2.608770e-03 0 3 0 3 1.590199e-13 0.000000e+00
35 39 1.307482e-03 3.284247e-03 0 3 0 3 1.368587e-13 0.000000e+00
35 40 1.307482e-03 4.134622e-03 0 3 0 3 1.189349e-13 0.000000e+00
35 41 1.307482e-03 5.205181e-03 0 3 0 3 1.037360e-13 0.000000e+00
35 42 1.307482e-03 6.552935e-03 0 3 0 3 9.039167e-14 0.000000e+00
35 43 1.307482e-03 8.249656e-03 0 3 0 3 7.840117e-14 0.000000e+00
36 33 1.646023e-03 8.249656e-04 0 3 0 3 2.121346e-13 0.000000e+00
36 34 1.646023e-03 1.038570e-03 0 3 0 3 2.178747e-13 0.000000e+00
36 35 1.646023e-03 1.307482e-03 0 3 0 3 2.293998e-13 0.000000e+00
36 36 1.646023e-03 1.646023e-03 0 3 0 3 5.883744e-12 0.000000e+00
36 37 1.646023e-03 2.072220e-03 0 3 0 3 1.985134e-13 0.000000e+00
36 38 1.646023e-03 2.608770e-03 0 3 0 3 1.630329e-13 0.000000e+00
36 39 1.646023e-03 3.284247e-03 0 3 0 3 1.384938e-13 0.000000e+00
36 40 1.646023e-03 4.134622e-03 0 3 0 3 1.196297e-13 0.000000e+00
36 41 1.646023e-03 5.205181e-03 0 3 0 3 1.040447e-13 0.000000e+00
36 42 1.646023e-03 6.552935e-03 0 3 0 3 9.053732e-14 0.000000e+00
36 43 1.646023e-03 8.249656e-03 0 3 0 3 7.847524e-14 0.000000e+00
37 33 2.072220e-03 8.249656e-04 0 3 0 3 1.806445e-13 0.000000e+00
37 34 2.072220e-03 1.038570e-03 0 3 0 3 1.832606e-13 0.000000e+00
37 35 2.072220e-03 1.307482e-03 0 3 0 3 1.881455e-13 0.000000e+00
37 36 2.072220e-03 1.646023e-03 0 3 0 3 1.985134e-13 0.000000e+00
37 37 2.072220e-03 2.072220e-03 0 3 0 3 3.730481e-12 0.000000e+00
37 38 2.072220e-03 2.608770e-03 0 3 0 3 1.720492e-13 0.000000e+00
37 39 2.072220e-03 3.284247e-03 0 3 0 3 1.416928e-13 0.000000e+00
37 40 2.072220e-03 4.134622e-03 0 3 0 3 1.208809e-13 0.000000e+00
37 41 2.072220e-03 5.205181e-03 0 3 0 3 1.045726e-13 0.000000e+00
37 42 2.072220e-03 6.552935e-03 0 3 0 3 9.077827e-14 0.000000e+00
37 43 2.072220e-03 8.249656e-03 0 3 0 3 7.859535e-14 0.000000e+00
38 33 2.608770e-03 8.249656e-04 0 3 0 3 1.557353e-13 0.000000e+00
38 34 2.608770e-03 1.038570e-03 0 3 0 3 1.569224e-13 0.000000e+00
38 35 2.608770e-03 1.307482e-03 0 3 0 3 1.590199e-13 0.000000e+00
38 36 2.608770e-03 1.646023e-03 0 3 0 3 1.630329e-13 0.000000e+00
38 37 2.608770e-03 2.072220e-03 0 3 0 3 1.720492e-13 0.000000e+00
38 38 2.608770e-03 2.608770e-03 0 3 0 3 2.363750e-12 0.000000e+00
38 39 2.608770e-03 3.284247e-03 0 3 0 3 1.493003e-13 0.000000e+00
38 40 2.608770e-03 4.134622e-03 0 3 0 3 1.233739e-13 0.000000e+00
38 41 2.608770e-03 5.205181e-03 0 3 0 3 1.055262e-13 0.000000e+00
38 42 2.608770e-03 6.552935e-03 0 3 0 3 9.118874e-14 0.000000e+00
38 43 2.608770e-03 8.249656e-03 0 3 0 3 7.879293e-14 0.000000e+00
39 33 3.284247e-03 8.249656e-04 0 3 0 3 1.354059e-13 0.000000e+00
39 34 3.284247e-03 1.038570e-03 0 3 0 3 1.359435e-13 0.000000e+00
39 35 3.284247e-03 1.307482e-03 0 3 0 3 1.368587e-13 0.000000e+00
39 36 3.284247e-03 1.646023e-03 0 3 0 3 1.384938e-13 0.000000e+00
39 37 3.284247e-03 2.072220e-03 0 3 0 3 1.416928e-13 0.000000e+00
39 38 3.284247e-03 2.608770e-03 0 3 0 3 1.493003e-13 0.000000e+00
39 39 3.284247e-03 3.284247e-03 0 3 0 3 1.496903e-12 0.000000e+00
39 40 3.284247e-03 4.134622e-03 0 3 0 3 1.296295e-13 0.000000e+00
39 41 3.284247e-03 5.205181e-03 0 3 0 3 1.074466e-13 0.000000e+00
39 42 3.284247e-03 6.552935e-03 0 3 0 3 9.192687e-14 0.000000e+00
39 43 3.284247e-03 8.249656e-03 0 3 0 3 7.912669e-14 0.000000e+00
40 33 4.134622e-03 8.249656e-04 0 3 0 3 1.182834e-13 0.000000e+00
40 34 4.134622e-03 1.038570e-03 0 3 0 3 1.185284e-13 0.000000e+00
40 35 4.134622e-03 1.307482e-03 0 3 0 3 1.189349e-13 0.000000e+00
40 36 4.134622e-03 1.646023e-03 0 3 0 3 1.196297e-13 0.000000e+00
40 37 4.134622e-03 2.072220e-03 0 3 0 3 1.208809e-13 0.000000e+00
40 38 4.134622e-03 2.608770e-03 0 3 0 3 1.233739e-13 0.000000e+00
40 39 4.134622e-03 3.284247e-03 0 3 0 3 1.296295e-13 0.000000e+00
40 40 4.134622e-03 4.134622e-03 0 3 0 3 9.486791e-13 0.000000e+00
40 41 4.134622e-03 5.205181e-03 0 3 0 3 1.124901e-13 0.000000e+00
40 42 4.134622e-03 6.552935e-03 0 3 0 3 9.341159e-14 0.000000e+00
40 43 4.134622e-03 8.249656e-03 0 3 0 3 7.971948e-14 0.000000e+00
41 33 5.205181e-03 8.249656e-04 0 3 0 3 1.034358e-13 0.000000e+00
41 34 5.205181e-03 1.038570e-03 0 3 0 3 1.035499e-13 0.000000e+00
41 35 5.205181e-03 1.307482e-03 0 3 0 3 1.037360e-13 0.000000e+00
41 36 5.205181e-03 1.646023e-03 0 3 0 3 1.040447e-13 0.000000e+00
41 37 5.205181e-03 2.072220e-03 0 3 0 3 1.045726e-13 0.000000e+00
41 38 5.205181e-03 2.608770e-03 0 3 0 3 1.055262e-13 0.000000e+00
41 39 5.205181e-03 3.284247e-03 0 3 0 3 1.074466e-13 0.000000e+00
41 40 5.205181e-03 4.134622e-03 0 3 0 3 1.124901e-13 0.000000e+00
41 41 5.205181e-03 5.205181e-03 0 3 0 3 6.011871e-13 0.000000e+00
41 42 5.205181e-03 6.552935e-03 0 3 0 3 9.743092e-14 0.000000e+00
41 43 5.205181e-03 8.249656e-03 0 3 0 3 8.089359e-14 0.000000e+00
42 33 6.552935e-03 8.249656e-04 0 3 0 3 9.024663e-14 0.000000e+00
42 34 6.552935e-03 1.038570e-03 0 3 0 3 9.030205e-14 0.000000e+00
42 35 6.552935e-03 1.307482e-03 0 3 0 3 9.039167e-14 0.000000e+00
42 36 6.552935e-03 1.646023e-03 0 3 0 3 9.053732e-14 0.000000e+00
42 37 6.552935e-03 2.072220e-03 0 3 0 3 9.077827e-14 0.000000e+00
42 38 6.552935e-03 2.608770e-03 0 3 0 3 9.118874e-14 0.000000e+00
42 39 6.552935e-03 3.284247e-03 0 3 0 3 9.192687e-14 0.000000e+00
42 40 6.552935e-03 4.134622e-03 0 3 0 3 9.341159e-14 0.000000e+00
42 41 6.552935e-03 5.205181e-03 0 3 0 3 9.743092e-14 0.000000e+00
42 42 6.552935e-03 6.552935e-03 0 3 0 3 3.808574e-13 0.000000e+00
42 43 6.552935e-03 8.249656e-03 0 3 0 3 8.409338e-14 0.000000e+00
43 33 8.249656e-03 8.249656e-04 0 3 0 3 7.832636e-14 0.000000e+00
43 34 8.249656e-03 1.038570e-03 0 3 0 3 7.835501e-14 0.000000e+00
43 35 8.249656e-03 1.307482e-03 0 3 0 3 7.840117e-14 0.000000e+00
43 36 8.249656e-03 1.646023e-03 0 3 0 3 7.847524e-14 0.000000e+00
43 37 8.249656e-03 2.072220e-03 0 3 0 3 7.859535e-14 0.000000e+00
43 38 8.249656e-03 2.608770e-03 0 3 0 3 7.879293e-14 0.000000e+00
43 39 8.249656e-03 3.284247e-03 0 3 0 3 7.912669e-14 0.000000e+00
43 40 8.249656e-03 4.134622e-03 0 3 0 3 7.971948e-14 0.000000e+00
43 41 8.249656e-03 5.205181e-03 0 3 0 3 8.089359e-14 0.000000e+00
43 42 8.249656e-03 6.552935e-03 0 3 0 3 8.409338e-14 0.000000e+00
43 43 8.249656e-03 8.249656e-03 0 3 0 3 2.414074e-13 0.000000e+00
