# Please cite the following papers in research using this covariance:
# arXiv: 1601.05779, https://arxiv.org/abs/1601.05779
# arXiv: 1911.11947, https://arxiv.org/abs/1911.11947
# arXiv: 2004.04833, https://arxiv.org/abs/2004.04833
# arXiv: 1804.10663, https://arxiv.org/abs/1804.10663
########################################################
88 88 8.249656e-04 8.249656e-04 2 3 2 3 2.489962e-11 0.000000e+00
88 89 8.249656e-04 1.038570e-03 2 3 2 3 7.491211e-13 0.000000e+00
88 90 8.249656e-04 1.307482e-03 2 3 2 3 6.497823e-13 0.000000e+00
88 91 8.249656e-04 1.646023e-03 2 3 2 3 5.731280e-13 0.000000e+00
88 92 8.249656e-04 2.072220e-03 2 3 2 3 5.131106e-13 0.000000e+00
88 93 8.249656e-04 2.608770e-03 2 3 2 3 4.645749e-13 0.000000e+00
88 94 8.249656e-04 3.284247e-03 2 3 2 3 4.237165e-13 0.000000e+00
88 95 8.249656e-04 4.134622e-03 2 3 2 3 3.877709e-13 0.000000e+00
88 96 8.249656e-04 5.205181e-03 2 3 2 3 3.547441e-13 0.000000e+00
88 97 8.249656e-04 6.552935e-03 2 3 2 3 3.232218e-13 0.000000e+00
88 98 8.249656e-04 8.249656e-03 2 3 2 3 2.922411e-13 0.000000e+00
89 88 1.038570e-03 8.249656e-04 2 3 2 3 7.491211e-13 0.000000e+00
89 89 1.038570e-03 1.038570e-03 2 3 2 3 1.579298e-11 0.000000e+00
89 90 1.038570e-03 1.307482e-03 2 3 2 3 6.711269e-13 0.000000e+00
89 91 1.038570e-03 1.646023e-03 2 3 2 3 5.832433e-13 0.000000e+00
89 92 1.038570e-03 2.072220e-03 2 3 2 3 5.176682e-13 0.000000e+00
89 93 1.038570e-03 2.608770e-03 2 3 2 3 4.665539e-13 0.000000e+00
89 94 1.038570e-03 3.284247e-03 2 3 2 3 4.245329e-13 0.000000e+00
89 95 1.038570e-03 4.134622e-03 2 3 2 3 3.880812e-13 0.000000e+00
89 96 1.038570e-03 5.205181e-03 2 3 2 3 3.548455e-13 0.000000e+00
89 97 1.038570e-03 6.552935e-03 2 3 2 3 3.232442e-13 0.000000e+00
89 98 1.038570e-03 8.249656e-03 2 3 2 3 2.922386e-13 0.000000e+00
90 88 1.307482e-03 8.249656e-04 2 3 2 3 6.497823e-13 0.000000e+00
90 89 1.307482e-03 1.038570e-03 2 3 2 3 6.711269e-13 0.000000e+00
90 90 1.307482e-03 1.307482e-03 2 3 2 3 1.000901e-11 0.000000e+00
90 91 1.307482e-03 1.646023e-03 2 3 2 3 6.032835e-13 0.000000e+00
90 92 1.307482e-03 2.072220e-03 2 3 2 3 5.261991e-13 0.000000e+00
90 93 1.307482e-03 2.608770e-03 2 3 2 3 4.700846e-13 0.000000e+00
90 94 1.307482e-03 3.284247e-03 2 3 2 3 4.259433e-13 0.000000e+00
90 95 1.307482e-03 4.134622e-03 2 3 2 3 3.886070e-13 0.000000e+00
90 96 1.307482e-03 5.205181e-03 2 3 2 3 3.550160e-13 0.000000e+00
90 97 1.307482e-03 6.552935e-03 2 3 2 3 3.232828e-13 0.000000e+00
90 98 1.307482e-03 8.249656e-03 2 3 2 3 2.922359e-13 0.000000e+00
91 88 1.646023e-03 8.249656e-04 2 3 2 3 5.731280e-13 0.000000e+00
91 89 1.646023e-03 1.038570e-03 2 3 2 3 5.832433e-13 0.000000e+00
91 90 1.646023e-03 1.307482e-03 2 3 2 3 6.032835e-13 0.000000e+00
91 91 1.646023e-03 1.646023e-03 2 3 2 3 6.347619e-12 0.000000e+00
91 92 1.646023e-03 2.072220e-03 2 3 2 3 5.441994e-13 0.000000e+00
91 93 1.646023e-03 2.608770e-03 2 3 2 3 4.769232e-13 0.000000e+00
91 94 1.646023e-03 3.284247e-03 2 3 2 3 4.285179e-13 0.000000e+00
91 95 1.646023e-03 4.134622e-03 2 3 2 3 3.895329e-13 0.000000e+00
91 96 1.646023e-03 5.205181e-03 2 3 2 3 3.553109e-13 0.000000e+00
91 97 1.646023e-03 6.552935e-03 2 3 2 3 3.233502e-13 0.000000e+00
91 98 1.646023e-03 8.249656e-03 2 3 2 3 2.922330e-13 0.000000e+00
92 88 2.072220e-03 8.249656e-04 2 3 2 3 5.131106e-13 0.000000e+00
92 89 2.072220e-03 1.038570e-03 2 3 2 3 5.176682e-13 0.000000e+00
92 90 2.072220e-03 1.307482e-03 2 3 2 3 5.261991e-13 0.000000e+00
92 91 2.072220e-03 1.646023e-03 2 3 2 3 5.441994e-13 0.000000e+00
92 92 2.072220e-03 2.072220e-03 2 3 2 3 4.024593e-12 0.000000e+00
92 93 2.072220e-03 2.608770e-03 2 3 2 3 4.924052e-13 0.000000e+00
92 94 2.072220e-03 3.284247e-03 2 3 2 3 4.337084e-13 0.000000e+00
92 95 2.072220e-03 4.134622e-03 2 3 2 3 3.912762e-13 0.000000e+00
92 96 2.072220e-03 5.205181e-03 2 3 2 3 3.558480e-13 0.000000e+00
92 97 2.072220e-03 6.552935e-03 2 3 2 3 3.234742e-13 0.000000e+00
92 98 2.072220e-03 8.249656e-03 2 3 2 3 2.922324e-13 0.000000e+00
93 88 2.608770e-03 8.249656e-04 2 3 2 3 4.645749e-13 0.000000e+00
93 89 2.608770e-03 1.038570e-03 2 3 2 3 4.665539e-13 0.000000e+00
93 90 2.608770e-03 1.307482e-03 2 3 2 3 4.700846e-13 0.000000e+00
93 91 2.608770e-03 1.646023e-03 2 3 2 3 4.769232e-13 0.000000e+00
93 92 2.608770e-03 2.072220e-03 2 3 2 3 4.924052e-13 0.000000e+00
93 93 2.608770e-03 2.608770e-03 2 3 2 3 2.550109e-12 0.000000e+00
93 94 2.608770e-03 3.284247e-03 2 3 2 3 4.464513e-13 0.000000e+00
93 95 2.608770e-03 4.134622e-03 2 3 2 3 3.949744e-13 0.000000e+00
93 96 2.608770e-03 5.205181e-03 2 3 2 3 3.569116e-13 0.000000e+00
93 97 2.608770e-03 6.552935e-03 2 3 2 3 3.237202e-13 0.000000e+00
93 98 2.608770e-03 8.249656e-03 2 3 2 3 2.922425e-13 0.000000e+00
94 88 3.284247e-03 8.249656e-04 2 3 2 3 4.237165e-13 0.000000e+00
94 89 3.284247e-03 1.038570e-03 2 3 2 3 4.245329e-13 0.000000e+00
94 90 3.284247e-03 1.307482e-03 2 3 2 3 4.259433e-13 0.000000e+00
94 91 3.284247e-03 1.646023e-03 2 3 2 3 4.285179e-13 0.000000e+00
94 92 3.284247e-03 2.072220e-03 2 3 2 3 4.337084e-13 0.000000e+00
94 93 3.284247e-03 2.608770e-03 2 3 2 3 4.464513e-13 0.000000e+00
94 94 3.284247e-03 3.284247e-03 2 3 2 3 1.614919e-12 0.000000e+00
94 95 3.284247e-03 4.134622e-03 2 3 2 3 4.049864e-13 0.000000e+00
94 96 3.284247e-03 5.205181e-03 2 3 2 3 3.593431e-13 0.000000e+00
94 97 3.284247e-03 6.552935e-03 2 3 2 3 3.242633e-13 0.000000e+00
94 98 3.284247e-03 8.249656e-03 2 3 2 3 2.922906e-13 0.000000e+00
95 88 4.134622e-03 8.249656e-04 2 3 2 3 3.877709e-13 0.000000e+00
95 89 4.134622e-03 1.038570e-03 2 3 2 3 3.880812e-13 0.000000e+00
95 90 4.134622e-03 1.307482e-03 2 3 2 3 3.886070e-13 0.000000e+00
95 91 4.134622e-03 1.646023e-03 2 3 2 3 3.895329e-13 0.000000e+00
95 92 4.134622e-03 2.072220e-03 2 3 2 3 3.912762e-13 0.000000e+00
95 93 4.134622e-03 2.608770e-03 2 3 2 3 3.949744e-13 0.000000e+00
95 94 4.134622e-03 3.284247e-03 2 3 2 3 4.049864e-13 0.000000e+00
95 95 4.134622e-03 4.134622e-03 2 3 2 3 1.023473e-12 0.000000e+00
95 96 4.134622e-03 5.205181e-03 2 3 2 3 3.668160e-13 0.000000e+00
95 97 4.134622e-03 6.552935e-03 2 3 2 3 3.256854e-13 0.000000e+00
95 98 4.134622e-03 8.249656e-03 2 3 2 3 2.924698e-13 0.000000e+00
96 88 5.205181e-03 8.249656e-04 2 3 2 3 3.547441e-13 0.000000e+00
96 89 5.205181e-03 1.038570e-03 2 3 2 3 3.548455e-13 0.000000e+00
96 90 5.205181e-03 1.307482e-03 2 3 2 3 3.550160e-13 0.000000e+00
96 91 5.205181e-03 1.646023e-03 2 3 2 3 3.553109e-13 0.000000e+00
96 92 5.205181e-03 2.072220e-03 2 3 2 3 3.558480e-13 0.000000e+00
96 93 5.205181e-03 2.608770e-03 2 3 2 3 3.569116e-13 0.000000e+00
96 94 5.205181e-03 3.284247e-03 2 3 2 3 3.593431e-13 0.000000e+00
96 95 5.205181e-03 4.134622e-03 2 3 2 3 3.668160e-13 0.000000e+00
96 96 5.205181e-03 5.205181e-03 2 3 2 3 6.485848e-13 0.000000e+00
96 97 5.205181e-03 6.552935e-03 2 3 2 3 3.309416e-13 0.000000e+00
96 98 5.205181e-03 8.249656e-03 2 3 2 3 2.931496e-13 0.000000e+00
97 88 6.552935e-03 8.249656e-04 2 3 2 3 3.232218e-13 0.000000e+00
97 89 6.552935e-03 1.038570e-03 2 3 2 3 3.232442e-13 0.000000e+00
97 90 6.552935e-03 1.307482e-03 2 3 2 3 3.232828e-13 0.000000e+00
97 91 6.552935e-03 1.646023e-03 2 3 2 3 3.233502e-13 0.000000e+00
97 92 6.552935e-03 2.072220e-03 2 3 2 3 3.234742e-13 0.000000e+00
97 93 6.552935e-03 2.608770e-03 2 3 2 3 3.237202e-13 0.000000e+00
97 94 6.552935e-03 3.284247e-03 2 3 2 3 3.242633e-13 0.000000e+00
97 95 6.552935e-03 4.134622e-03 2 3 2 3 3.256854e-13 0.000000e+00
97 96 6.552935e-03 5.205181e-03 2 3 2 3 3.309416e-13 0.000000e+00
97 97 6.552935e-03 6.552935e-03 2 3 2 3 4.108843e-13 0.000000e+00
97 98 6.552935e-03 8.249656e-03 2 3 2 3 2.965947e-13 0.000000e+00
98 88 8.249656e-03 8.249656e-04 2 3 2 3 2.922411e-13 0.000000e+00
98 89 8.249656e-03 1.038570e-03 2 3 2 3 2.922386e-13 0.000000e+00
98 90 8.249656e-03 1.307482e-03 2 3 2 3 2.922359e-13 0.000000e+00
98 91 8.249656e-03 1.646023e-03 2 3 2 3 2.922330e-13 0.000000e+00
98 92 8.249656e-03 2.072220e-03 2 3 2 3 2.922324e-13 0.000000e+00
98 93 8.249656e-03 2.608770e-03 2 3 2 3 2.922425e-13 0.000000e+00
98 94 8.249656e-03 3.284247e-03 2 3 2 3 2.922906e-13 0.000000e+00
98 95 8.249656e-03 4.134622e-03 2 3 2 3 2.924698e-13 0.000000e+00
98 96 8.249656e-03 5.205181e-03 2 3 2 3 2.931496e-13 0.000000e+00
98 97 8.249656e-03 6.552935e-03 2 3 2 3 2.965947e-13 0.000000e+00
98 98 8.249656e-03 8.249656e-03 2 3 2 3 2.604400e-13 0.000000e+00
