# Please cite the following papers in research using this covariance:
# arXiv: 1601.05779, https://arxiv.org/abs/1601.05779
# arXiv: 1911.11947, https://arxiv.org/abs/1911.11947
# arXiv: 2004.04833, https://arxiv.org/abs/2004.04833
# arXiv: 1804.10663, https://arxiv.org/abs/1804.10663
########################################################
11 143 8.249656e-04 8.249656e-04 0 1 0 3 0.000000e+00 0.000000e+00
11 144 8.249656e-04 1.038570e-03 0 1 0 3 -9.285117e-15 0.000000e+00
11 145 8.249656e-04 1.307482e-03 0 1 0 3 -4.225434e-15 0.000000e+00
11 146 8.249656e-04 1.646023e-03 0 1 0 3 3.908030e-15 0.000000e+00
11 147 8.249656e-04 2.072220e-03 0 1 0 3 9.902135e-15 0.000000e+00
11 148 8.249656e-04 2.608770e-03 0 1 0 3 1.298722e-14 0.000000e+00
11 149 8.249656e-04 3.284247e-03 0 1 0 3 1.381302e-14 0.000000e+00
11 150 8.249656e-04 4.134622e-03 0 1 0 3 1.324305e-14 0.000000e+00
11 151 8.249656e-04 5.205181e-03 0 1 0 3 1.197498e-14 0.000000e+00
11 152 8.249656e-04 6.552935e-03 0 1 0 3 1.047628e-14 0.000000e+00
11 153 8.249656e-04 8.249656e-03 0 1 0 3 9.020548e-15 0.000000e+00
12 143 1.038570e-03 8.249656e-04 0 1 0 3 1.121153e-16 0.000000e+00
12 144 1.038570e-03 1.038570e-03 0 1 0 3 0.000000e+00 0.000000e+00
12 145 1.038570e-03 1.307482e-03 0 1 0 3 -9.148161e-15 0.000000e+00
12 146 1.038570e-03 1.646023e-03 0 1 0 3 -4.175558e-15 0.000000e+00
12 147 1.038570e-03 2.072220e-03 0 1 0 3 3.469397e-15 0.000000e+00
12 148 1.038570e-03 2.608770e-03 0 1 0 3 8.803062e-15 0.000000e+00
12 149 1.038570e-03 3.284247e-03 0 1 0 3 1.134041e-14 0.000000e+00
12 150 1.038570e-03 4.134622e-03 0 1 0 3 1.185909e-14 0.000000e+00
12 151 1.038570e-03 5.205181e-03 0 1 0 3 1.122459e-14 0.000000e+00
12 152 1.038570e-03 6.552935e-03 0 1 0 3 1.007611e-14 0.000000e+00
12 153 1.038570e-03 8.249656e-03 0 1 0 3 8.808059e-15 0.000000e+00
13 143 1.307482e-03 8.249656e-04 0 1 0 3 1.066234e-16 0.000000e+00
13 144 1.307482e-03 1.038570e-03 0 1 0 3 2.369226e-16 0.000000e+00
13 145 1.307482e-03 1.307482e-03 0 1 0 3 0.000000e+00 0.000000e+00
13 146 1.307482e-03 1.646023e-03 0 1 0 3 -8.827998e-15 0.000000e+00
13 147 1.307482e-03 2.072220e-03 0 1 0 3 -4.005393e-15 0.000000e+00
13 148 1.307482e-03 2.608770e-03 0 1 0 3 3.042418e-15 0.000000e+00
13 149 1.307482e-03 3.284247e-03 0 1 0 3 7.695457e-15 0.000000e+00
13 150 1.307482e-03 4.134622e-03 0 1 0 3 9.751257e-15 0.000000e+00
13 151 1.307482e-03 5.205181e-03 0 1 0 3 1.006218e-14 0.000000e+00
13 152 1.307482e-03 6.552935e-03 0 1 0 3 9.450479e-15 0.000000e+00
13 153 1.307482e-03 8.249656e-03 0 1 0 3 8.474150e-15 0.000000e+00
14 143 1.646023e-03 8.249656e-04 0 1 0 3 5.037605e-17 0.000000e+00
14 144 1.646023e-03 1.038570e-03 0 1 0 3 1.361232e-16 0.000000e+00
14 145 1.646023e-03 1.307482e-03 0 1 0 3 3.558633e-16 0.000000e+00
14 146 1.646023e-03 1.646023e-03 0 1 0 3 0.000000e+00 0.000000e+00
14 147 1.646023e-03 2.072220e-03 0 1 0 3 -8.335715e-15 0.000000e+00
14 148 1.646023e-03 2.608770e-03 0 1 0 3 -3.727457e-15 0.000000e+00
14 149 1.646023e-03 3.284247e-03 0 1 0 3 2.643616e-15 0.000000e+00
14 150 1.646023e-03 4.134622e-03 0 1 0 3 6.633061e-15 0.000000e+00
14 151 1.646023e-03 5.205181e-03 0 1 0 3 8.288873e-15 0.000000e+00
14 152 1.646023e-03 6.552935e-03 0 1 0 3 8.480696e-15 0.000000e+00
14 153 1.646023e-03 8.249656e-03 0 1 0 3 7.952031e-15 0.000000e+00
15 143 2.072220e-03 8.249656e-04 0 1 0 3 2.048580e-17 0.000000e+00
15 144 2.072220e-03 1.038570e-03 0 1 0 3 5.513729e-17 0.000000e+00
15 145 2.072220e-03 1.307482e-03 0 1 0 3 1.561858e-16 0.000000e+00
15 146 2.072220e-03 1.646023e-03 0 1 0 3 4.544990e-16 0.000000e+00
15 147 2.072220e-03 2.072220e-03 0 1 0 3 0.000000e+00 0.000000e+00
15 148 2.072220e-03 2.608770e-03 0 1 0 3 -7.699531e-15 0.000000e+00
15 149 2.072220e-03 3.284247e-03 0 1 0 3 -3.366829e-15 0.000000e+00
15 150 2.072220e-03 4.134622e-03 0 1 0 3 2.283598e-15 0.000000e+00
15 151 2.072220e-03 5.205181e-03 0 1 0 3 5.657868e-15 0.000000e+00
15 152 2.072220e-03 6.552935e-03 0 1 0 3 6.999656e-15 0.000000e+00
15 153 2.072220e-03 8.249656e-03 0 1 0 3 7.142670e-15 0.000000e+00
16 143 2.608770e-03 8.249656e-04 0 1 0 3 7.764505e-18 0.000000e+00
16 144 2.608770e-03 1.038570e-03 0 1 0 3 2.002732e-17 0.000000e+00
16 145 2.608770e-03 1.307482e-03 0 1 0 3 5.547937e-17 0.000000e+00
16 146 2.608770e-03 1.646023e-03 0 1 0 3 1.633318e-16 0.000000e+00
16 147 2.608770e-03 2.072220e-03 0 1 0 3 5.213464e-16 0.000000e+00
16 148 2.608770e-03 2.608770e-03 0 1 0 3 0.000000e+00 0.000000e+00
16 149 2.608770e-03 3.284247e-03 0 1 0 3 -6.960976e-15 0.000000e+00
16 150 2.608770e-03 4.134622e-03 0 1 0 3 -2.956705e-15 0.000000e+00
16 151 2.608770e-03 5.205181e-03 0 1 0 3 1.967545e-15 0.000000e+00
16 152 2.608770e-03 6.552935e-03 0 1 0 3 4.797849e-15 0.000000e+00
16 153 2.608770e-03 8.249656e-03 0 1 0 3 5.906184e-15 0.000000e+00
17 143 3.284247e-03 8.249656e-04 0 1 0 3 2.829468e-18 0.000000e+00
17 144 3.284247e-03 1.038570e-03 0 1 0 3 6.742060e-18 0.000000e+00
17 145 3.284247e-03 1.307482e-03 0 1 0 3 1.828187e-17 0.000000e+00
17 146 3.284247e-03 1.646023e-03 0 1 0 3 5.170414e-17 0.000000e+00
17 147 3.284247e-03 2.072220e-03 0 1 0 3 1.578898e-16 0.000000e+00
17 148 3.284247e-03 2.608770e-03 0 1 0 3 5.506074e-16 0.000000e+00
17 149 3.284247e-03 3.284247e-03 0 1 0 3 0.000000e+00 0.000000e+00
17 150 3.284247e-03 4.134622e-03 0 1 0 3 -6.168384e-15 0.000000e+00
17 151 3.284247e-03 5.205181e-03 0 1 0 3 -2.531655e-15 0.000000e+00
17 152 3.284247e-03 6.552935e-03 0 1 0 3 1.696642e-15 0.000000e+00
17 153 3.284247e-03 8.249656e-03 0 1 0 3 4.066437e-15 0.000000e+00
18 143 4.134622e-03 8.249656e-04 0 1 0 3 1.090730e-18 0.000000e+00
18 144 4.134622e-03 1.038570e-03 0 1 0 3 2.139520e-18 0.000000e+00
18 145 4.134622e-03 1.307482e-03 0 1 0 3 5.708868e-18 0.000000e+00
18 146 4.134622e-03 1.646023e-03 0 1 0 3 1.566177e-17 0.000000e+00
18 147 4.134622e-03 2.072220e-03 0 1 0 3 4.494368e-17 0.000000e+00
18 148 4.134622e-03 2.608770e-03 0 1 0 3 1.424097e-16 0.000000e+00
18 149 4.134622e-03 3.284247e-03 0 1 0 3 5.426857e-16 0.000000e+00
18 150 4.134622e-03 4.134622e-03 0 1 0 3 0.000000e+00 0.000000e+00
18 151 4.134622e-03 5.205181e-03 0 1 0 3 -5.369517e-15 0.000000e+00
18 152 4.134622e-03 6.552935e-03 0 1 0 3 -2.122399e-15 0.000000e+00
18 153 4.134622e-03 8.249656e-03 0 1 0 3 1.469361e-15 0.000000e+00
19 143 5.205181e-03 8.249656e-04 0 1 0 3 4.833098e-19 0.000000e+00
19 144 5.205181e-03 1.038570e-03 0 1 0 3 6.205709e-19 0.000000e+00
19 145 5.205181e-03 1.307482e-03 0 1 0 3 1.684758e-18 0.000000e+00
19 146 5.205181e-03 1.646023e-03 0 1 0 3 4.600271e-18 0.000000e+00
19 147 5.205181e-03 2.072220e-03 0 1 0 3 1.258171e-17 0.000000e+00
19 148 5.205181e-03 2.608770e-03 0 1 0 3 3.680759e-17 0.000000e+00
19 149 5.205181e-03 3.284247e-03 0 1 0 3 1.207884e-16 0.000000e+00
19 150 5.205181e-03 4.134622e-03 0 1 0 3 5.037065e-16 0.000000e+00
19 151 5.205181e-03 5.205181e-03 0 1 0 3 0.000000e+00 0.000000e+00
19 152 5.205181e-03 6.552935e-03 0 1 0 3 -4.605902e-15 0.000000e+00
19 153 5.205181e-03 8.249656e-03 0 1 0 3 -1.751593e-15 0.000000e+00
20 143 6.552935e-03 8.249656e-04 0 1 0 3 3.167091e-19 0.000000e+00
20 144 6.552935e-03 1.038570e-03 0 1 0 3 1.379163e-19 0.000000e+00
20 145 6.552935e-03 1.307482e-03 0 1 0 3 4.589086e-19 0.000000e+00
20 146 6.552935e-03 1.646023e-03 0 1 0 3 1.296686e-18 0.000000e+00
20 147 6.552935e-03 2.072220e-03 0 1 0 3 3.426708e-18 0.000000e+00
20 148 6.552935e-03 2.608770e-03 0 1 0 3 9.556139e-18 0.000000e+00
20 149 6.552935e-03 3.284247e-03 0 1 0 3 2.847201e-17 0.000000e+00
20 150 6.552935e-03 4.134622e-03 0 1 0 3 9.679795e-17 0.000000e+00
20 151 6.552935e-03 5.205181e-03 0 1 0 3 4.432071e-16 0.000000e+00
20 152 6.552935e-03 6.552935e-03 0 1 0 3 0.000000e+00 0.000000e+00
20 153 6.552935e-03 8.249656e-03 0 1 0 3 -3.908957e-15 0.000000e+00
21 143 8.249656e-03 8.249656e-04 0 1 0 3 2.514599e-19 0.000000e+00
21 144 8.249656e-03 1.038570e-03 0 1 0 3 3.421200e-21 0.000000e+00
21 145 8.249656e-03 1.307482e-03 0 1 0 3 1.116784e-19 0.000000e+00
21 146 8.249656e-03 1.646023e-03 0 1 0 3 3.681626e-19 0.000000e+00
21 147 8.249656e-03 2.072220e-03 0 1 0 3 9.340960e-19 0.000000e+00
21 148 8.249656e-03 2.608770e-03 0 1 0 3 2.483662e-18 0.000000e+00
21 149 8.249656e-03 3.284247e-03 0 1 0 3 6.935334e-18 0.000000e+00
21 150 8.249656e-03 4.134622e-03 0 1 0 3 2.096284e-17 0.000000e+00
21 151 8.249656e-03 5.205181e-03 0 1 0 3 7.368091e-17 0.000000e+00
21 152 8.249656e-03 6.552935e-03 0 1 0 3 3.715445e-16 0.000000e+00
21 153 8.249656e-03 8.249656e-03 0 1 0 3 0.000000e+00 0.000000e+00
