# Please cite the following papers in research using this covariance:
# arXiv: 1601.05779, https://arxiv.org/abs/1601.05779
# arXiv: 1911.11947, https://arxiv.org/abs/1911.11947
# arXiv: 2004.04833, https://arxiv.org/abs/2004.04833
# arXiv: 1804.10663, https://arxiv.org/abs/1804.10663
########################################################
0 209 8.249656e-04 8.249656e-04 0 0 3 3 0.000000e+00 0.000000e+00
0 210 8.249656e-04 1.038570e-03 0 0 3 3 -1.435656e-17 0.000000e+00
0 211 8.249656e-04 1.307482e-03 0 0 3 3 1.455942e-17 0.000000e+00
0 212 8.249656e-04 1.646023e-03 0 0 3 3 8.758167e-17 0.000000e+00
0 213 8.249656e-04 2.072220e-03 0 0 3 3 1.972393e-16 0.000000e+00
0 214 8.249656e-04 2.608770e-03 0 0 3 3 3.292427e-16 0.000000e+00
0 215 8.249656e-04 3.284247e-03 0 0 3 3 4.691404e-16 0.000000e+00
0 216 8.249656e-04 4.134622e-03 0 0 3 3 6.058699e-16 0.000000e+00
0 217 8.249656e-04 5.205181e-03 0 0 3 3 7.333934e-16 0.000000e+00
0 218 8.249656e-04 6.552935e-03 0 0 3 3 8.512260e-16 0.000000e+00
0 219 8.249656e-04 8.249656e-03 0 0 3 3 9.640272e-16 0.000000e+00
1 209 1.038570e-03 8.249656e-04 0 0 3 3 -7.005695e-18 0.000000e+00
1 210 1.038570e-03 1.038570e-03 0 0 3 3 0.000000e+00 0.000000e+00
1 211 1.038570e-03 1.307482e-03 0 0 3 3 -2.566009e-17 0.000000e+00
1 212 1.038570e-03 1.646023e-03 0 0 3 3 1.116187e-17 0.000000e+00
1 213 1.038570e-03 2.072220e-03 0 0 3 3 1.046187e-16 0.000000e+00
1 214 1.038570e-03 2.608770e-03 0 0 3 3 2.387587e-16 0.000000e+00
1 215 1.038570e-03 3.284247e-03 0 0 3 3 3.913432e-16 0.000000e+00
1 216 1.038570e-03 4.134622e-03 0 0 3 3 5.444026e-16 0.000000e+00
1 217 1.038570e-03 5.205181e-03 0 0 3 3 6.875732e-16 0.000000e+00
1 218 1.038570e-03 6.552935e-03 0 0 3 3 8.183665e-16 0.000000e+00
1 219 1.038570e-03 8.249656e-03 0 0 3 3 9.409827e-16 0.000000e+00
2 209 1.307482e-03 8.249656e-04 0 0 3 3 -3.458075e-18 0.000000e+00
2 210 1.307482e-03 1.038570e-03 0 0 3 3 -1.028334e-17 0.000000e+00
2 211 1.307482e-03 1.307482e-03 0 0 3 3 0.000000e+00 0.000000e+00
2 212 1.307482e-03 1.646023e-03 0 0 3 3 -4.137770e-17 0.000000e+00
2 213 1.307482e-03 2.072220e-03 0 0 3 3 4.529114e-18 0.000000e+00
2 214 1.307482e-03 2.608770e-03 0 0 3 3 1.214185e-16 0.000000e+00
2 215 1.307482e-03 3.284247e-03 0 0 3 3 2.810736e-16 0.000000e+00
2 216 1.307482e-03 4.134622e-03 0 0 3 3 4.530463e-16 0.000000e+00
2 217 1.307482e-03 5.205181e-03 0 0 3 3 6.176424e-16 0.000000e+00
2 218 1.307482e-03 6.552935e-03 0 0 3 3 7.674485e-16 0.000000e+00
2 219 1.307482e-03 8.249656e-03 0 0 3 3 9.049560e-16 0.000000e+00
3 209 1.646023e-03 8.249656e-04 0 0 3 3 -1.460949e-18 0.000000e+00
3 210 1.646023e-03 1.038570e-03 0 0 3 3 -4.710721e-18 0.000000e+00
3 211 1.646023e-03 1.307482e-03 0 0 3 3 -1.346233e-17 0.000000e+00
3 212 1.646023e-03 1.646023e-03 0 0 3 3 0.000000e+00 0.000000e+00
3 213 1.646023e-03 2.072220e-03 0 0 3 3 -6.171265e-17 0.000000e+00
3 214 1.646023e-03 2.608770e-03 0 0 3 3 -5.136217e-18 0.000000e+00
3 215 1.646023e-03 3.284247e-03 0 0 3 3 1.376853e-16 0.000000e+00
3 216 1.646023e-03 4.134622e-03 0 0 3 3 3.232057e-16 0.000000e+00
3 217 1.646023e-03 5.205181e-03 0 0 3 3 5.135108e-16 0.000000e+00
3 218 1.646023e-03 6.552935e-03 0 0 3 3 6.896538e-16 0.000000e+00
3 219 1.646023e-03 8.249656e-03 0 0 3 3 8.491014e-16 0.000000e+00
4 209 2.072220e-03 8.249656e-04 0 0 3 3 -4.680110e-19 0.000000e+00
4 210 2.072220e-03 1.038570e-03 0 0 3 3 -1.966815e-18 0.000000e+00
4 211 2.072220e-03 1.307482e-03 0 0 3 3 -5.434872e-18 0.000000e+00
4 212 2.072220e-03 1.646023e-03 0 0 3 3 -1.632879e-17 0.000000e+00
4 213 2.072220e-03 2.072220e-03 0 0 3 3 0.000000e+00 0.000000e+00
4 214 2.072220e-03 2.608770e-03 0 0 3 3 -8.595215e-17 0.000000e+00
4 215 2.072220e-03 3.284247e-03 0 0 3 3 -1.705216e-17 0.000000e+00
4 216 2.072220e-03 4.134622e-03 0 0 3 3 1.537214e-16 0.000000e+00
4 217 2.072220e-03 5.205181e-03 0 0 3 3 3.650695e-16 0.000000e+00
4 218 2.072220e-03 6.552935e-03 0 0 3 3 5.736083e-16 0.000000e+00
4 219 2.072220e-03 8.249656e-03 0 0 3 3 7.636927e-16 0.000000e+00
5 209 2.608770e-03 8.249656e-04 0 0 3 3 -2.430799e-20 0.000000e+00
5 210 2.608770e-03 1.038570e-03 0 0 3 3 -7.623099e-19 0.000000e+00
5 211 2.608770e-03 1.307482e-03 0 0 3 3 -2.000673e-18 0.000000e+00
5 212 2.608770e-03 1.646023e-03 0 0 3 3 -5.702051e-18 0.000000e+00
5 213 2.608770e-03 2.072220e-03 0 0 3 3 -1.847240e-17 0.000000e+00
5 214 2.608770e-03 2.608770e-03 0 0 3 3 0.000000e+00 0.000000e+00
5 215 2.608770e-03 3.284247e-03 0 0 3 3 -1.128524e-16 0.000000e+00
5 216 2.608770e-03 4.134622e-03 0 0 3 3 -2.976901e-17 0.000000e+00
5 217 2.608770e-03 5.205181e-03 0 0 3 3 1.704156e-16 0.000000e+00
5 218 2.608770e-03 6.552935e-03 0 0 3 3 4.077031e-16 0.000000e+00
5 219 2.608770e-03 8.249656e-03 0 0 3 3 6.361102e-16 0.000000e+00
6 209 3.284247e-03 8.249656e-04 0 0 3 3 1.531337e-19 0.000000e+00
6 210 3.284247e-03 1.038570e-03 0 0 3 3 -2.878722e-19 0.000000e+00
6 211 3.284247e-03 1.307482e-03 0 0 3 3 -6.829257e-19 0.000000e+00
6 212 3.284247e-03 1.646023e-03 0 0 3 3 -1.798621e-18 0.000000e+00
6 213 3.284247e-03 2.072220e-03 0 0 3 3 -5.540281e-18 0.000000e+00
6 214 3.284247e-03 2.608770e-03 0 0 3 3 -1.935000e-17 0.000000e+00
6 215 3.284247e-03 3.284247e-03 0 0 3 3 0.000000e+00 0.000000e+00
6 216 3.284247e-03 4.134622e-03 0 0 3 3 -1.407251e-16 0.000000e+00
6 217 3.284247e-03 5.205181e-03 0 0 3 3 -4.150794e-17 0.000000e+00
6 218 3.284247e-03 6.552935e-03 0 0 3 3 1.891031e-16 0.000000e+00
6 219 3.284247e-03 8.249656e-03 0 0 3 3 4.532702e-16 0.000000e+00
7 209 4.134622e-03 8.249656e-04 0 0 3 3 2.163818e-19 0.000000e+00
7 210 4.134622e-03 1.038570e-03 0 0 3 3 -1.210174e-19 0.000000e+00
7 211 4.134622e-03 1.307482e-03 0 0 3 3 -2.298795e-19 0.000000e+00
7 212 4.134622e-03 1.646023e-03 0 0 3 3 -5.061105e-19 0.000000e+00
7 213 4.134622e-03 2.072220e-03 0 0 3 3 -1.530133e-18 0.000000e+00
7 214 4.134622e-03 2.608770e-03 0 0 3 3 -4.895729e-18 0.000000e+00
7 215 4.134622e-03 3.284247e-03 0 0 3 3 -1.885008e-17 0.000000e+00
7 216 4.134622e-03 4.134622e-03 0 0 3 3 0.000000e+00 0.000000e+00
7 217 4.134622e-03 5.205181e-03 0 0 3 3 -1.678801e-16 0.000000e+00
7 218 4.134622e-03 6.552935e-03 0 0 3 3 -5.063151e-17 0.000000e+00
7 219 4.134622e-03 8.249656e-03 0 0 3 3 2.113156e-16 0.000000e+00
8 209 5.205181e-03 8.249656e-04 0 0 3 3 2.359740e-19 0.000000e+00
8 210 5.205181e-03 1.038570e-03 0 0 3 3 -6.963362e-20 0.000000e+00
8 211 5.205181e-03 1.307482e-03 0 0 3 3 -9.252390e-20 0.000000e+00
8 212 5.205181e-03 1.646023e-03 0 0 3 3 -1.246487e-19 0.000000e+00
8 213 5.205181e-03 2.072220e-03 0 0 3 3 -4.028489e-19 0.000000e+00
8 214 5.205181e-03 2.608770e-03 0 0 3 3 -1.189339e-18 0.000000e+00
8 215 5.205181e-03 3.284247e-03 0 0 3 3 -4.012948e-18 0.000000e+00
8 216 5.205181e-03 4.134622e-03 0 0 3 3 -1.723246e-17 0.000000e+00
8 217 5.205181e-03 5.205181e-03 0 0 3 3 0.000000e+00 0.000000e+00
8 218 5.205181e-03 6.552935e-03 0 0 3 3 -1.931365e-16 0.000000e+00
8 219 5.205181e-03 8.249656e-03 0 0 3 3 -5.611749e-17 0.000000e+00
9 209 6.552935e-03 8.249656e-04 0 0 3 3 2.413820e-19 0.000000e+00
9 210 6.552935e-03 1.038570e-03 0 0 3 3 -5.538141e-20 0.000000e+00
9 211 6.552935e-03 1.307482e-03 0 0 3 3 -5.511198e-20 0.000000e+00
9 212 6.552935e-03 1.646023e-03 0 0 3 3 -2.353409e-20 0.000000e+00
9 213 6.552935e-03 2.072220e-03 0 0 3 3 -1.164153e-19 0.000000e+00
9 214 6.552935e-03 2.608770e-03 0 0 3 3 -3.118724e-19 0.000000e+00
9 215 6.552935e-03 3.284247e-03 0 0 3 3 -9.309279e-19 0.000000e+00
9 216 6.552935e-03 4.134622e-03 0 0 3 3 -3.218302e-18 0.000000e+00
9 217 6.552935e-03 5.205181e-03 0 0 3 3 -1.514913e-17 0.000000e+00
9 218 6.552935e-03 6.552935e-03 0 0 3 3 0.000000e+00 0.000000e+00
9 219 6.552935e-03 8.249656e-03 0 0 3 3 -2.162170e-16 0.000000e+00
10 209 8.249656e-03 8.249656e-04 0 0 3 3 2.425876e-19 0.000000e+00
10 210 8.249656e-03 1.038570e-03 0 0 3 3 -5.182850e-20 0.000000e+00
10 211 8.249656e-03 1.307482e-03 0 0 3 3 -4.596932e-20 0.000000e+00
10 212 8.249656e-03 1.646023e-03 0 0 3 3 7.460666e-22 0.000000e+00
10 213 8.249656e-03 2.072220e-03 0 0 3 3 -4.939597e-20 0.000000e+00
10 214 8.249656e-03 2.608770e-03 0 0 3 3 -1.169730e-19 0.000000e+00
10 215 8.249656e-03 3.284247e-03 0 0 3 3 -3.094426e-19 0.000000e+00
10 216 8.249656e-03 4.134622e-03 0 0 3 3 -8.787034e-19 0.000000e+00
10 217 8.249656e-03 5.205181e-03 0 0 3 3 -2.855226e-18 0.000000e+00
10 218 8.249656e-03 6.552935e-03 0 0 3 3 -1.350099e-17 0.000000e+00
10 219 8.249656e-03 8.249656e-03 0 0 3 3 0.000000e+00 0.000000e+00
