# Please cite the following papers in research using this covariance:
# arXiv: 1601.05779, https://arxiv.org/abs/1601.05779
# arXiv: 1911.11947, https://arxiv.org/abs/1911.11947
# arXiv: 2004.04833, https://arxiv.org/abs/2004.04833
# arXiv: 1804.10663, https://arxiv.org/abs/1804.10663
########################################################
154 176 8.249656e-04 8.249656e-04 1 1 1 3 0.000000e+00 0.000000e+00
154 177 8.249656e-04 1.038570e-03 1 1 1 3 1.517691e-14 0.000000e+00
154 178 8.249656e-04 1.307482e-03 1 1 1 3 5.619414e-15 0.000000e+00
154 179 8.249656e-04 1.646023e-03 1 1 1 3 1.966403e-15 0.000000e+00
154 180 8.249656e-04 2.072220e-03 1 1 1 3 6.638933e-16 0.000000e+00
154 181 8.249656e-04 2.608770e-03 1 1 1 3 2.180843e-16 0.000000e+00
154 182 8.249656e-04 3.284247e-03 1 1 1 3 7.019778e-17 0.000000e+00
154 183 8.249656e-04 4.134622e-03 1 1 1 3 2.234379e-17 0.000000e+00
154 184 8.249656e-04 5.205181e-03 1 1 1 3 7.069419e-18 0.000000e+00
154 185 8.249656e-04 6.552935e-03 1 1 1 3 2.287394e-18 0.000000e+00
154 186 8.249656e-04 8.249656e-03 1 1 1 3 7.389279e-19 0.000000e+00
155 176 1.038570e-03 8.249656e-04 1 1 1 3 1.517691e-14 0.000000e+00
155 177 1.038570e-03 1.038570e-03 1 1 1 3 0.000000e+00 0.000000e+00
155 178 1.038570e-03 1.307482e-03 1 1 1 3 1.455001e-14 0.000000e+00
155 179 1.038570e-03 1.646023e-03 1 1 1 3 5.132899e-15 0.000000e+00
155 180 1.038570e-03 2.072220e-03 1 1 1 3 1.722197e-15 0.000000e+00
155 181 1.038570e-03 2.608770e-03 1 1 1 3 5.611407e-16 0.000000e+00
155 182 1.038570e-03 3.284247e-03 1 1 1 3 1.792949e-16 0.000000e+00
155 183 1.038570e-03 4.134622e-03 1 1 1 3 5.671773e-17 0.000000e+00
155 184 1.038570e-03 5.205181e-03 1 1 1 3 1.797339e-17 0.000000e+00
155 185 1.038570e-03 6.552935e-03 1 1 1 3 5.736248e-18 0.000000e+00
155 186 1.038570e-03 8.249656e-03 1 1 1 3 1.885438e-18 0.000000e+00
156 176 1.307482e-03 8.249656e-04 1 1 1 3 5.619414e-15 0.000000e+00
156 177 1.307482e-03 1.038570e-03 1 1 1 3 1.455001e-14 0.000000e+00
156 178 1.307482e-03 1.307482e-03 1 1 1 3 0.000000e+00 0.000000e+00
156 179 1.307482e-03 1.646023e-03 1 1 1 3 1.362959e-14 0.000000e+00
156 180 1.307482e-03 2.072220e-03 1 1 1 3 4.559924e-15 0.000000e+00
156 181 1.307482e-03 2.608770e-03 1 1 1 3 1.466525e-15 0.000000e+00
156 182 1.307482e-03 3.284247e-03 1 1 1 3 4.630664e-16 0.000000e+00
156 183 1.307482e-03 4.134622e-03 1 1 1 3 1.450881e-16 0.000000e+00
156 184 1.307482e-03 5.205181e-03 1 1 1 3 4.563385e-17 0.000000e+00
156 185 1.307482e-03 6.552935e-03 1 1 1 3 1.455543e-17 0.000000e+00
156 186 1.307482e-03 8.249656e-03 1 1 1 3 4.805139e-18 0.000000e+00
157 176 1.646023e-03 8.249656e-04 1 1 1 3 1.966403e-15 0.000000e+00
157 177 1.646023e-03 1.038570e-03 1 1 1 3 5.132899e-15 0.000000e+00
157 178 1.646023e-03 1.307482e-03 1 1 1 3 1.362959e-14 0.000000e+00
157 179 1.646023e-03 1.646023e-03 1 1 1 3 0.000000e+00 0.000000e+00
157 180 1.646023e-03 2.072220e-03 1 1 1 3 1.246069e-14 0.000000e+00
157 181 1.646023e-03 2.608770e-03 1 1 1 3 3.940628e-15 0.000000e+00
157 182 1.646023e-03 3.284247e-03 1 1 1 3 1.218687e-15 0.000000e+00
157 183 1.646023e-03 4.134622e-03 1 1 1 3 3.757518e-16 0.000000e+00
157 184 1.646023e-03 5.205181e-03 1 1 1 3 1.168232e-16 0.000000e+00
157 185 1.646023e-03 6.552935e-03 1 1 1 3 3.694215e-17 0.000000e+00
157 186 1.646023e-03 8.249656e-03 1 1 1 3 1.206430e-17 0.000000e+00
158 176 2.072220e-03 8.249656e-04 1 1 1 3 6.638933e-16 0.000000e+00
158 177 2.072220e-03 1.038570e-03 1 1 1 3 1.722197e-15 0.000000e+00
158 178 2.072220e-03 1.307482e-03 1 1 1 3 4.559924e-15 0.000000e+00
158 179 2.072220e-03 1.646023e-03 1 1 1 3 1.246069e-14 0.000000e+00
158 180 2.072220e-03 2.072220e-03 1 1 1 3 0.000000e+00 0.000000e+00
158 181 2.072220e-03 2.608770e-03 1 1 1 3 1.111698e-14 0.000000e+00
158 182 2.072220e-03 3.284247e-03 1 1 1 3 3.321056e-15 0.000000e+00
158 183 2.072220e-03 4.134622e-03 1 1 1 3 9.942663e-16 0.000000e+00
158 184 2.072220e-03 5.205181e-03 1 1 1 3 3.028100e-16 0.000000e+00
158 185 2.072220e-03 6.552935e-03 1 1 1 3 9.454984e-17 0.000000e+00
158 186 2.072220e-03 8.249656e-03 1 1 1 3 3.065055e-17 0.000000e+00
159 176 2.608770e-03 8.249656e-04 1 1 1 3 2.180843e-16 0.000000e+00
159 177 2.608770e-03 1.038570e-03 1 1 1 3 5.611407e-16 0.000000e+00
159 178 2.608770e-03 1.307482e-03 1 1 1 3 1.466525e-15 0.000000e+00
159 179 2.608770e-03 1.646023e-03 1 1 1 3 3.940628e-15 0.000000e+00
159 180 2.608770e-03 2.072220e-03 1 1 1 3 1.111698e-14 0.000000e+00
159 181 2.608770e-03 2.608770e-03 1 1 1 3 0.000000e+00 0.000000e+00
159 182 2.608770e-03 3.284247e-03 1 1 1 3 9.688694e-15 0.000000e+00
159 183 2.608770e-03 4.134622e-03 1 1 1 3 2.741974e-15 0.000000e+00
159 184 2.608770e-03 5.205181e-03 1 1 1 3 8.034423e-16 0.000000e+00
159 185 2.608770e-03 6.552935e-03 1 1 1 3 2.450331e-16 0.000000e+00
159 186 2.608770e-03 8.249656e-03 1 1 1 3 7.818042e-17 0.000000e+00
160 176 3.284247e-03 8.249656e-04 1 1 1 3 7.019778e-17 0.000000e+00
160 177 3.284247e-03 1.038570e-03 1 1 1 3 1.792949e-16 0.000000e+00
160 178 3.284247e-03 1.307482e-03 1 1 1 3 4.630664e-16 0.000000e+00
160 179 3.284247e-03 1.646023e-03 1 1 1 3 1.218687e-15 0.000000e+00
160 180 3.284247e-03 2.072220e-03 1 1 1 3 3.321056e-15 0.000000e+00
160 181 3.284247e-03 2.608770e-03 1 1 1 3 9.688694e-15 0.000000e+00
160 182 3.284247e-03 3.284247e-03 1 1 1 3 0.000000e+00 0.000000e+00
160 183 3.284247e-03 4.134622e-03 1 1 1 3 8.268352e-15 0.000000e+00
160 184 3.284247e-03 5.205181e-03 1 1 1 3 2.233437e-15 0.000000e+00
160 185 3.284247e-03 6.552935e-03 1 1 1 3 6.499974e-16 0.000000e+00
160 186 3.284247e-03 8.249656e-03 1 1 1 3 2.018673e-16 0.000000e+00
161 176 4.134622e-03 8.249656e-04 1 1 1 3 2.234379e-17 0.000000e+00
161 177 4.134622e-03 1.038570e-03 1 1 1 3 5.671773e-17 0.000000e+00
161 178 4.134622e-03 1.307482e-03 1 1 1 3 1.450881e-16 0.000000e+00
161 179 4.134622e-03 1.646023e-03 1 1 1 3 3.757518e-16 0.000000e+00
161 180 4.134622e-03 2.072220e-03 1 1 1 3 9.942663e-16 0.000000e+00
161 181 4.134622e-03 2.608770e-03 1 1 1 3 2.741974e-15 0.000000e+00
161 182 4.134622e-03 3.284247e-03 1 1 1 3 8.268352e-15 0.000000e+00
161 183 4.134622e-03 4.134622e-03 1 1 1 3 0.000000e+00 0.000000e+00
161 184 4.134622e-03 5.205181e-03 1 1 1 3 6.936538e-15 0.000000e+00
161 185 4.134622e-03 6.552935e-03 1 1 1 3 1.811547e-15 0.000000e+00
161 186 4.134622e-03 8.249656e-03 1 1 1 3 5.331617e-16 0.000000e+00
162 176 5.205181e-03 8.249656e-04 1 1 1 3 7.069419e-18 0.000000e+00
162 177 5.205181e-03 1.038570e-03 1 1 1 3 1.797339e-17 0.000000e+00
162 178 5.205181e-03 1.307482e-03 1 1 1 3 4.563385e-17 0.000000e+00
162 179 5.205181e-03 1.646023e-03 1 1 1 3 1.168232e-16 0.000000e+00
162 180 5.205181e-03 2.072220e-03 1 1 1 3 3.028100e-16 0.000000e+00
162 181 5.205181e-03 2.608770e-03 1 1 1 3 8.034423e-16 0.000000e+00
162 182 5.205181e-03 3.284247e-03 1 1 1 3 2.233437e-15 0.000000e+00
162 183 5.205181e-03 4.134622e-03 1 1 1 3 6.936538e-15 0.000000e+00
162 184 5.205181e-03 5.205181e-03 1 1 1 3 0.000000e+00 0.000000e+00
162 185 5.205181e-03 6.552935e-03 1 1 1 3 5.752719e-15 0.000000e+00
162 186 5.205181e-03 8.249656e-03 1 1 1 3 1.479625e-15 0.000000e+00
163 176 6.552935e-03 8.249656e-04 1 1 1 3 2.287394e-18 0.000000e+00
163 177 6.552935e-03 1.038570e-03 1 1 1 3 5.736248e-18 0.000000e+00
163 178 6.552935e-03 1.307482e-03 1 1 1 3 1.455543e-17 0.000000e+00
163 179 6.552935e-03 1.646023e-03 1 1 1 3 3.694215e-17 0.000000e+00
163 180 6.552935e-03 2.072220e-03 1 1 1 3 9.454984e-17 0.000000e+00
163 181 6.552935e-03 2.608770e-03 1 1 1 3 2.450331e-16 0.000000e+00
163 182 6.552935e-03 3.284247e-03 1 1 1 3 6.499974e-16 0.000000e+00
163 183 6.552935e-03 4.134622e-03 1 1 1 3 1.811547e-15 0.000000e+00
163 184 6.552935e-03 5.205181e-03 1 1 1 3 5.752719e-15 0.000000e+00
163 185 6.552935e-03 6.552935e-03 1 1 1 3 0.000000e+00 0.000000e+00
163 186 6.552935e-03 8.249656e-03 1 1 1 3 4.750407e-15 0.000000e+00
164 176 8.249656e-03 8.249656e-04 1 1 1 3 7.389279e-19 0.000000e+00
164 177 8.249656e-03 1.038570e-03 1 1 1 3 1.885438e-18 0.000000e+00
164 178 8.249656e-03 1.307482e-03 1 1 1 3 4.805139e-18 0.000000e+00
164 179 8.249656e-03 1.646023e-03 1 1 1 3 1.206430e-17 0.000000e+00
164 180 8.249656e-03 2.072220e-03 1 1 1 3 3.065055e-17 0.000000e+00
164 181 8.249656e-03 2.608770e-03 1 1 1 3 7.818042e-17 0.000000e+00
164 182 8.249656e-03 3.284247e-03 1 1 1 3 2.018673e-16 0.000000e+00
164 183 8.249656e-03 4.134622e-03 1 1 1 3 5.331617e-16 0.000000e+00
164 184 8.249656e-03 5.205181e-03 1 1 1 3 1.479625e-15 0.000000e+00
164 185 8.249656e-03 6.552935e-03 1 1 1 3 4.750407e-15 0.000000e+00
164 186 8.249656e-03 8.249656e-03 1 1 1 3 0.000000e+00 0.000000e+00
