# Please cite the following papers in research using this covariance:
# arXiv: 1601.05779, https://arxiv.org/abs/1601.05779
# arXiv: 1911.11947, https://arxiv.org/abs/1911.11947
# arXiv: 2004.04833, https://arxiv.org/abs/2004.04833
# arXiv: 1804.10663, https://arxiv.org/abs/1804.10663
########################################################
77 176 8.249656e-04 8.249656e-04 2 2 1 3 0.000000e+00 0.000000e+00
77 177 8.249656e-04 1.038570e-03 2 2 1 3 -8.086643e-17 0.000000e+00
77 178 8.249656e-04 1.307482e-03 2 2 1 3 4.755372e-17 0.000000e+00
77 179 8.249656e-04 1.646023e-03 2 2 1 3 3.761299e-16 0.000000e+00
77 180 8.249656e-04 2.072220e-03 2 2 1 3 8.551571e-16 0.000000e+00
77 181 8.249656e-04 2.608770e-03 2 2 1 3 1.404152e-15 0.000000e+00
77 182 8.249656e-04 3.284247e-03 2 2 1 3 1.952207e-15 0.000000e+00
77 183 8.249656e-04 4.134622e-03 2 2 1 3 2.456172e-15 0.000000e+00
77 184 8.249656e-04 5.205181e-03 2 2 1 3 2.904621e-15 0.000000e+00
77 185 8.249656e-04 6.552935e-03 2 2 1 3 3.314216e-15 0.000000e+00
77 186 8.249656e-04 8.249656e-03 2 2 1 3 3.722174e-15 0.000000e+00
78 176 1.038570e-03 8.249656e-04 2 2 1 3 -3.633541e-17 0.000000e+00
78 177 1.038570e-03 1.038570e-03 2 2 1 3 0.000000e+00 0.000000e+00
78 178 1.038570e-03 1.307482e-03 2 2 1 3 -1.383443e-16 0.000000e+00
78 179 1.038570e-03 1.646023e-03 2 2 1 3 2.238990e-17 0.000000e+00
78 180 1.038570e-03 2.072220e-03 2 2 1 3 4.355526e-16 0.000000e+00
78 181 1.038570e-03 2.608770e-03 2 2 1 3 1.006938e-15 0.000000e+00
78 182 1.038570e-03 3.284247e-03 2 2 1 3 1.622696e-15 0.000000e+00
78 183 1.038570e-03 4.134622e-03 2 2 1 3 2.204941e-15 0.000000e+00
78 184 1.038570e-03 5.205181e-03 2 2 1 3 2.723134e-15 0.000000e+00
78 185 1.038570e-03 6.552935e-03 2 2 1 3 3.187098e-15 0.000000e+00
78 186 1.038570e-03 8.249656e-03 2 2 1 3 3.634159e-15 0.000000e+00
79 176 1.307482e-03 8.249656e-04 2 2 1 3 -1.706402e-17 0.000000e+00
79 177 1.307482e-03 1.038570e-03 2 2 1 3 -4.985708e-17 0.000000e+00
79 178 1.307482e-03 1.307482e-03 2 2 1 3 0.000000e+00 0.000000e+00
79 179 1.307482e-03 1.646023e-03 2 2 1 3 -2.138324e-16 0.000000e+00
79 180 1.307482e-03 2.072220e-03 2 2 1 3 -1.587234e-17 0.000000e+00
79 181 1.307482e-03 2.608770e-03 2 2 1 3 4.913075e-16 0.000000e+00
79 182 1.307482e-03 3.284247e-03 2 2 1 3 1.154665e-15 0.000000e+00
79 183 1.307482e-03 4.134622e-03 2 2 1 3 1.830853e-15 0.000000e+00
79 184 1.307482e-03 5.205181e-03 2 2 1 3 2.445798e-15 0.000000e+00
79 185 1.307482e-03 6.552935e-03 2 2 1 3 2.989977e-15 0.000000e+00
79 186 1.307482e-03 8.249656e-03 2 2 1 3 3.496516e-15 0.000000e+00
80 176 1.646023e-03 8.249656e-04 2 2 1 3 -6.806435e-18 0.000000e+00
80 177 1.646023e-03 1.038570e-03 2 2 1 3 -2.076045e-17 0.000000e+00
80 178 1.646023e-03 1.307482e-03 2 2 1 3 -6.159630e-17 0.000000e+00
80 179 1.646023e-03 1.646023e-03 2 2 1 3 0.000000e+00 0.000000e+00
80 180 1.646023e-03 2.072220e-03 2 2 1 3 -3.050368e-16 0.000000e+00
80 181 1.646023e-03 2.608770e-03 2 2 1 3 -6.345781e-17 0.000000e+00
80 182 1.646023e-03 3.284247e-03 2 2 1 3 5.445176e-16 0.000000e+00
80 183 1.646023e-03 4.134622e-03 2 2 1 3 1.297677e-15 0.000000e+00
80 184 1.646023e-03 5.205181e-03 2 2 1 3 2.031990e-15 0.000000e+00
80 185 1.646023e-03 6.552935e-03 2 2 1 3 2.688452e-15 0.000000e+00
80 186 1.646023e-03 8.249656e-03 2 2 1 3 3.283007e-15 0.000000e+00
81 176 2.072220e-03 8.249656e-04 2 2 1 3 -2.152107e-18 0.000000e+00
81 177 2.072220e-03 1.038570e-03 2 2 1 3 -7.610753e-18 0.000000e+00
81 178 2.072220e-03 1.307482e-03 2 2 1 3 -2.189536e-17 0.000000e+00
81 179 2.072220e-03 1.646023e-03 2 2 1 3 -6.975295e-17 0.000000e+00
81 180 2.072220e-03 2.072220e-03 2 2 1 3 0.000000e+00 0.000000e+00
81 181 2.072220e-03 2.608770e-03 2 2 1 3 -4.061075e-16 0.000000e+00
81 182 2.072220e-03 3.284247e-03 2 2 1 3 -1.141207e-16 0.000000e+00
81 183 2.072220e-03 4.134622e-03 2 2 1 3 5.989503e-16 0.000000e+00
81 184 2.072220e-03 5.205181e-03 2 2 1 3 1.440203e-15 0.000000e+00
81 185 2.072220e-03 6.552935e-03 2 2 1 3 2.237808e-15 0.000000e+00
81 186 2.072220e-03 8.249656e-03 2 2 1 3 2.956239e-15 0.000000e+00
82 176 2.608770e-03 8.249656e-04 2 2 1 3 -3.115001e-19 0.000000e+00
82 177 2.608770e-03 1.038570e-03 2 2 1 3 -2.504182e-18 0.000000e+00
82 178 2.608770e-03 1.307482e-03 2 2 1 3 -6.828211e-18 0.000000e+00
82 179 2.608770e-03 1.646023e-03 2 2 1 3 -2.065983e-17 0.000000e+00
82 180 2.608770e-03 2.072220e-03 2 2 1 3 -7.265560e-17 0.000000e+00
82 181 2.608770e-03 2.608770e-03 2 2 1 3 0.000000e+00 0.000000e+00
82 182 2.608770e-03 3.284247e-03 2 2 1 3 -5.096934e-16 0.000000e+00
82 183 2.608770e-03 4.134622e-03 2 2 1 3 -1.600553e-16 0.000000e+00
82 184 2.608770e-03 5.205181e-03 2 2 1 3 6.603371e-16 0.000000e+00
82 185 2.608770e-03 6.552935e-03 2 2 1 3 1.591502e-15 0.000000e+00
82 186 2.608770e-03 8.249656e-03 2 2 1 3 2.467393e-15 0.000000e+00
83 176 3.284247e-03 8.249656e-04 2 2 1 3 3.190106e-19 0.000000e+00
83 177 3.284247e-03 1.038570e-03 2 2 1 3 -7.840471e-19 0.000000e+00
83 178 3.284247e-03 1.307482e-03 2 2 1 3 -1.896243e-18 0.000000e+00
83 179 3.284247e-03 1.646023e-03 2 2 1 3 -5.294891e-18 0.000000e+00
83 180 3.284247e-03 2.072220e-03 2 2 1 3 -1.759030e-17 0.000000e+00
83 181 3.284247e-03 2.608770e-03 2 2 1 3 -6.933832e-17 0.000000e+00
83 182 3.284247e-03 3.284247e-03 2 2 1 3 0.000000e+00 0.000000e+00
83 183 3.284247e-03 4.134622e-03 2 2 1 3 -6.083136e-16 0.000000e+00
83 184 3.284247e-03 5.205181e-03 2 2 1 3 -1.939618e-16 0.000000e+00
83 185 3.284247e-03 6.552935e-03 2 2 1 3 7.354430e-16 0.000000e+00
83 186 3.284247e-03 8.249656e-03 2 2 1 3 1.765004e-15 0.000000e+00
84 176 4.134622e-03 8.249656e-04 2 2 1 3 5.034676e-19 0.000000e+00
84 177 4.134622e-03 1.038570e-03 2 2 1 3 -2.882809e-19 0.000000e+00
84 178 4.134622e-03 1.307482e-03 2 2 1 3 -5.103592e-19 0.000000e+00
84 179 4.134622e-03 1.646023e-03 2 2 1 3 -1.153298e-18 0.000000e+00
84 180 4.134622e-03 2.072220e-03 2 2 1 3 -3.759328e-18 0.000000e+00
84 181 4.134622e-03 2.608770e-03 2 2 1 3 -1.335073e-17 0.000000e+00
84 182 4.134622e-03 3.284247e-03 2 2 1 3 -6.101176e-17 0.000000e+00
84 183 4.134622e-03 4.134622e-03 2 2 1 3 0.000000e+00 0.000000e+00
84 184 4.134622e-03 5.205181e-03 2 2 1 3 -6.965103e-16 0.000000e+00
84 185 4.134622e-03 6.552935e-03 2 2 1 3 -2.110176e-16 0.000000e+00
84 186 4.134622e-03 8.249656e-03 2 2 1 3 8.311434e-16 0.000000e+00
85 176 5.205181e-03 8.249656e-04 2 2 1 3 5.474827e-19 0.000000e+00
85 177 5.205181e-03 1.038570e-03 2 2 1 3 -1.704377e-19 0.000000e+00
85 178 5.205181e-03 1.307482e-03 2 2 1 3 -1.865254e-19 0.000000e+00
85 179 5.205181e-03 1.646023e-03 2 2 1 3 -2.136047e-19 0.000000e+00
85 180 5.205181e-03 2.072220e-03 2 2 1 3 -7.857422e-19 0.000000e+00
85 181 5.205181e-03 2.608770e-03 2 2 1 3 -2.467874e-18 0.000000e+00
85 182 5.205181e-03 3.284247e-03 2 2 1 3 -9.424364e-18 0.000000e+00
85 183 5.205181e-03 4.134622e-03 2 2 1 3 -5.043740e-17 0.000000e+00
85 184 5.205181e-03 5.205181e-03 2 2 1 3 0.000000e+00 0.000000e+00
85 185 5.205181e-03 6.552935e-03 2 2 1 3 -7.725630e-16 0.000000e+00
85 186 5.205181e-03 8.249656e-03 2 2 1 3 -2.101160e-16 0.000000e+00
86 176 6.552935e-03 8.249656e-04 2 2 1 3 5.554522e-19 0.000000e+00
86 177 6.552935e-03 1.038570e-03 2 2 1 3 -1.482601e-19 0.000000e+00
86 178 6.552935e-03 1.307482e-03 2 2 1 3 -1.263760e-19 0.000000e+00
86 179 6.552935e-03 1.646023e-03 2 2 1 3 -4.255505e-20 0.000000e+00
86 180 6.552935e-03 2.072220e-03 2 2 1 3 -2.628806e-19 0.000000e+00
86 181 6.552935e-03 2.608770e-03 2 2 1 3 -6.770640e-19 0.000000e+00
86 182 6.552935e-03 3.284247e-03 2 2 1 3 -2.010158e-18 0.000000e+00
86 183 6.552935e-03 4.134622e-03 2 2 1 3 -7.245086e-18 0.000000e+00
86 184 6.552935e-03 5.205181e-03 2 2 1 3 -4.137218e-17 0.000000e+00
86 185 6.552935e-03 6.552935e-03 2 2 1 3 0.000000e+00 0.000000e+00
86 186 6.552935e-03 8.249656e-03 2 2 1 3 -8.394451e-16 0.000000e+00
87 176 8.249656e-03 8.249656e-04 2 2 1 3 5.567379e-19 0.000000e+00
87 177 8.249656e-03 1.038570e-03 2 2 1 3 -1.431855e-19 0.000000e+00
87 178 8.249656e-03 1.307482e-03 2 2 1 3 -1.137161e-19 0.000000e+00
87 179 8.249656e-03 1.646023e-03 2 2 1 3 -9.292479e-21 0.000000e+00
87 180 8.249656e-03 2.072220e-03 2 2 1 3 -1.697440e-19 0.000000e+00
87 181 8.249656e-03 2.608770e-03 2 2 1 3 -3.943950e-19 0.000000e+00
87 182 8.249656e-03 3.284247e-03 2 2 1 3 -1.011741e-18 0.000000e+00
87 183 8.249656e-03 4.134622e-03 2 2 1 3 -2.680367e-18 0.000000e+00
87 184 8.249656e-03 5.205181e-03 2 2 1 3 -7.919485e-18 0.000000e+00
87 185 8.249656e-03 6.552935e-03 2 2 1 3 -3.773358e-17 0.000000e+00
87 186 8.249656e-03 8.249656e-03 2 2 1 3 0.000000e+00 0.000000e+00
