# Please cite the following papers in research using this covariance:
# arXiv: 1601.05779, https://arxiv.org/abs/1601.05779
# arXiv: 1911.11947, https://arxiv.org/abs/1911.11947
# arXiv: 2004.04833, https://arxiv.org/abs/2004.04833
# arXiv: 1804.10663, https://arxiv.org/abs/1804.10663
########################################################
55 66 8.249656e-04 8.249656e-04 1 2 1 3 0.000000e+00 0.000000e+00
55 67 8.249656e-04 1.038570e-03 1 2 1 3 2.848421e-13 0.000000e+00
55 68 8.249656e-04 1.307482e-03 1 2 1 3 2.432376e-13 0.000000e+00
55 69 8.249656e-04 1.646023e-03 1 2 1 3 2.112528e-13 0.000000e+00
55 70 8.249656e-04 2.072220e-03 1 2 1 3 1.865027e-13 0.000000e+00
55 71 8.249656e-04 2.608770e-03 1 2 1 3 1.668328e-13 0.000000e+00
55 72 8.249656e-04 3.284247e-03 1 2 1 3 1.506436e-13 0.000000e+00
55 73 8.249656e-04 4.134622e-03 1 2 1 3 1.367869e-13 0.000000e+00
55 74 8.249656e-04 5.205181e-03 1 2 1 3 1.244509e-13 0.000000e+00
55 75 8.249656e-04 6.552935e-03 1 2 1 3 1.130714e-13 0.000000e+00
55 76 8.249656e-04 8.249656e-03 1 2 1 3 1.022669e-13 0.000000e+00
56 66 1.038570e-03 8.249656e-04 1 2 1 3 2.848421e-13 0.000000e+00
56 67 1.038570e-03 1.038570e-03 1 2 1 3 0.000000e+00 0.000000e+00
56 68 1.038570e-03 1.307482e-03 1 2 1 3 2.523749e-13 0.000000e+00
56 69 1.038570e-03 1.646023e-03 1 2 1 3 2.156706e-13 0.000000e+00
56 70 1.038570e-03 2.072220e-03 1 2 1 3 1.885253e-13 0.000000e+00
56 71 1.038570e-03 2.608770e-03 1 2 1 3 1.677330e-13 0.000000e+00
56 72 1.038570e-03 3.284247e-03 1 2 1 3 1.510330e-13 0.000000e+00
56 73 1.038570e-03 4.134622e-03 1 2 1 3 1.369497e-13 0.000000e+00
56 74 1.038570e-03 5.205181e-03 1 2 1 3 1.245162e-13 0.000000e+00
56 75 1.038570e-03 6.552935e-03 1 2 1 3 1.130962e-13 0.000000e+00
56 76 1.038570e-03 8.249656e-03 1 2 1 3 1.022757e-13 0.000000e+00
57 66 1.307482e-03 8.249656e-04 1 2 1 3 2.432376e-13 0.000000e+00
57 67 1.307482e-03 1.038570e-03 1 2 1 3 2.523749e-13 0.000000e+00
57 68 1.307482e-03 1.307482e-03 1 2 1 3 0.000000e+00 0.000000e+00
57 69 1.307482e-03 1.646023e-03 1 2 1 3 2.243282e-13 0.000000e+00
57 70 1.307482e-03 2.072220e-03 1 2 1 3 1.922914e-13 0.000000e+00
57 71 1.307482e-03 2.608770e-03 1 2 1 3 1.693303e-13 0.000000e+00
57 72 1.307482e-03 3.284247e-03 1 2 1 3 1.517007e-13 0.000000e+00
57 73 1.307482e-03 4.134622e-03 1 2 1 3 1.372226e-13 0.000000e+00
57 74 1.307482e-03 5.205181e-03 1 2 1 3 1.246240e-13 0.000000e+00
57 75 1.307482e-03 6.552935e-03 1 2 1 3 1.131370e-13 0.000000e+00
57 76 1.307482e-03 8.249656e-03 1 2 1 3 1.022903e-13 0.000000e+00
58 66 1.646023e-03 8.249656e-04 1 2 1 3 2.112528e-13 0.000000e+00
58 67 1.646023e-03 1.038570e-03 1 2 1 3 2.156706e-13 0.000000e+00
58 68 1.646023e-03 1.307482e-03 1 2 1 3 2.243282e-13 0.000000e+00
58 69 1.646023e-03 1.646023e-03 1 2 1 3 0.000000e+00 0.000000e+00
58 70 1.646023e-03 2.072220e-03 1 2 1 3 2.001443e-13 0.000000e+00
58 71 1.646023e-03 2.608770e-03 1 2 1 3 1.723975e-13 0.000000e+00
58 72 1.646023e-03 3.284247e-03 1 2 1 3 1.529057e-13 0.000000e+00
58 73 1.646023e-03 4.134622e-03 1 2 1 3 1.376952e-13 0.000000e+00
58 74 1.646023e-03 5.205181e-03 1 2 1 3 1.248058e-13 0.000000e+00
58 75 1.646023e-03 6.552935e-03 1 2 1 3 1.132044e-13 0.000000e+00
58 76 1.646023e-03 8.249656e-03 1 2 1 3 1.023142e-13 0.000000e+00
59 66 2.072220e-03 8.249656e-04 1 2 1 3 1.865027e-13 0.000000e+00
59 67 2.072220e-03 1.038570e-03 1 2 1 3 1.885253e-13 0.000000e+00
59 68 2.072220e-03 1.307482e-03 1 2 1 3 1.922914e-13 0.000000e+00
59 69 2.072220e-03 1.646023e-03 1 2 1 3 2.001443e-13 0.000000e+00
59 70 2.072220e-03 2.072220e-03 1 2 1 3 0.000000e+00 0.000000e+00
59 71 2.072220e-03 2.608770e-03 1 2 1 3 1.792340e-13 0.000000e+00
59 72 2.072220e-03 3.284247e-03 1 2 1 3 1.552955e-13 0.000000e+00
59 73 2.072220e-03 4.134622e-03 1 2 1 3 1.385639e-13 0.000000e+00
59 74 2.072220e-03 5.205181e-03 1 2 1 3 1.251243e-13 0.000000e+00
59 75 2.072220e-03 6.552935e-03 1 2 1 3 1.133191e-13 0.000000e+00
59 76 2.072220e-03 8.249656e-03 1 2 1 3 1.023540e-13 0.000000e+00
60 66 2.608770e-03 8.249656e-04 1 2 1 3 1.668328e-13 0.000000e+00
60 67 2.608770e-03 1.038570e-03 1 2 1 3 1.677330e-13 0.000000e+00
60 68 2.608770e-03 1.307482e-03 1 2 1 3 1.693303e-13 0.000000e+00
60 69 2.608770e-03 1.646023e-03 1 2 1 3 1.723975e-13 0.000000e+00
60 70 2.608770e-03 2.072220e-03 1 2 1 3 1.792340e-13 0.000000e+00
60 71 2.608770e-03 2.608770e-03 1 2 1 3 0.000000e+00 0.000000e+00
60 72 2.608770e-03 3.284247e-03 1 2 1 3 1.610184e-13 0.000000e+00
60 73 2.608770e-03 4.134622e-03 1 2 1 3 1.403462e-13 0.000000e+00
60 74 2.608770e-03 5.205181e-03 1 2 1 3 1.257220e-13 0.000000e+00
60 75 2.608770e-03 6.552935e-03 1 2 1 3 1.135230e-13 0.000000e+00
60 76 2.608770e-03 8.249656e-03 1 2 1 3 1.024223e-13 0.000000e+00
61 66 3.284247e-03 8.249656e-04 1 2 1 3 1.506436e-13 0.000000e+00
61 67 3.284247e-03 1.038570e-03 1 2 1 3 1.510330e-13 0.000000e+00
61 68 3.284247e-03 1.307482e-03 1 2 1 3 1.517007e-13 0.000000e+00
61 69 3.284247e-03 1.646023e-03 1 2 1 3 1.529057e-13 0.000000e+00
61 70 3.284247e-03 2.072220e-03 1 2 1 3 1.552955e-13 0.000000e+00
61 71 3.284247e-03 2.608770e-03 1 2 1 3 1.610184e-13 0.000000e+00
61 72 3.284247e-03 3.284247e-03 1 2 1 3 0.000000e+00 0.000000e+00
61 73 3.284247e-03 4.134622e-03 1 2 1 3 1.449583e-13 0.000000e+00
61 74 3.284247e-03 5.205181e-03 1 2 1 3 1.269942e-13 0.000000e+00
61 75 3.284247e-03 6.552935e-03 1 2 1 3 1.139145e-13 0.000000e+00
61 76 3.284247e-03 8.249656e-03 1 2 1 3 1.025458e-13 0.000000e+00
62 66 4.134622e-03 8.249656e-04 1 2 1 3 1.367869e-13 0.000000e+00
62 67 4.134622e-03 1.038570e-03 1 2 1 3 1.369497e-13 0.000000e+00
62 68 4.134622e-03 1.307482e-03 1 2 1 3 1.372226e-13 0.000000e+00
62 69 4.134622e-03 1.646023e-03 1 2 1 3 1.376952e-13 0.000000e+00
62 70 4.134622e-03 2.072220e-03 1 2 1 3 1.385639e-13 0.000000e+00
62 71 4.134622e-03 2.608770e-03 1 2 1 3 1.403462e-13 0.000000e+00
62 72 4.134622e-03 3.284247e-03 1 2 1 3 1.449583e-13 0.000000e+00
62 73 4.134622e-03 4.134622e-03 1 2 1 3 0.000000e+00 0.000000e+00
62 74 4.134622e-03 5.205181e-03 1 2 1 3 1.305762e-13 0.000000e+00
62 75 4.134622e-03 6.552935e-03 1 2 1 3 1.147824e-13 0.000000e+00
62 76 4.134622e-03 8.249656e-03 1 2 1 3 1.027894e-13 0.000000e+00
63 66 5.205181e-03 8.249656e-04 1 2 1 3 1.244509e-13 0.000000e+00
63 67 5.205181e-03 1.038570e-03 1 2 1 3 1.245162e-13 0.000000e+00
63 68 5.205181e-03 1.307482e-03 1 2 1 3 1.246240e-13 0.000000e+00
63 69 5.205181e-03 1.646023e-03 1 2 1 3 1.248058e-13 0.000000e+00
63 70 5.205181e-03 2.072220e-03 1 2 1 3 1.251243e-13 0.000000e+00
63 71 5.205181e-03 2.608770e-03 1 2 1 3 1.257220e-13 0.000000e+00
63 72 5.205181e-03 3.284247e-03 1 2 1 3 1.269942e-13 0.000000e+00
63 73 5.205181e-03 4.134622e-03 1 2 1 3 1.305762e-13 0.000000e+00
63 74 5.205181e-03 5.205181e-03 1 2 1 3 0.000000e+00 0.000000e+00
63 75 5.205181e-03 6.552935e-03 1 2 1 3 1.174654e-13 0.000000e+00
63 76 5.205181e-03 8.249656e-03 1 2 1 3 1.033553e-13 0.000000e+00
64 66 6.552935e-03 8.249656e-04 1 2 1 3 1.130714e-13 0.000000e+00
64 67 6.552935e-03 1.038570e-03 1 2 1 3 1.130962e-13 0.000000e+00
64 68 6.552935e-03 1.307482e-03 1 2 1 3 1.131370e-13 0.000000e+00
64 69 6.552935e-03 1.646023e-03 1 2 1 3 1.132044e-13 0.000000e+00
64 70 6.552935e-03 2.072220e-03 1 2 1 3 1.133191e-13 0.000000e+00
64 71 6.552935e-03 2.608770e-03 1 2 1 3 1.135230e-13 0.000000e+00
64 72 6.552935e-03 3.284247e-03 1 2 1 3 1.139145e-13 0.000000e+00
64 73 6.552935e-03 4.134622e-03 1 2 1 3 1.147824e-13 0.000000e+00
64 74 6.552935e-03 5.205181e-03 1 2 1 3 1.174654e-13 0.000000e+00
64 75 6.552935e-03 6.552935e-03 1 2 1 3 0.000000e+00 0.000000e+00
64 76 6.552935e-03 8.249656e-03 1 2 1 3 1.052963e-13 0.000000e+00
65 66 8.249656e-03 8.249656e-04 1 2 1 3 1.022669e-13 0.000000e+00
65 67 8.249656e-03 1.038570e-03 1 2 1 3 1.022757e-13 0.000000e+00
65 68 8.249656e-03 1.307482e-03 1 2 1 3 1.022903e-13 0.000000e+00
65 69 8.249656e-03 1.646023e-03 1 2 1 3 1.023142e-13 0.000000e+00
65 70 8.249656e-03 2.072220e-03 1 2 1 3 1.023540e-13 0.000000e+00
65 71 8.249656e-03 2.608770e-03 1 2 1 3 1.024223e-13 0.000000e+00
65 72 8.249656e-03 3.284247e-03 1 2 1 3 1.025458e-13 0.000000e+00
65 73 8.249656e-03 4.134622e-03 1 2 1 3 1.027894e-13 0.000000e+00
65 74 8.249656e-03 5.205181e-03 1 2 1 3 1.033553e-13 0.000000e+00
65 75 8.249656e-03 6.552935e-03 1 2 1 3 1.052963e-13 0.000000e+00
65 76 8.249656e-03 8.249656e-03 1 2 1 3 0.000000e+00 0.000000e+00
