# Please cite the following papers in research using this covariance:
# arXiv: 1601.05779, https://arxiv.org/abs/1601.05779
# arXiv: 1911.11947, https://arxiv.org/abs/1911.11947
# arXiv: 2004.04833, https://arxiv.org/abs/2004.04833
# arXiv: 1804.10663, https://arxiv.org/abs/1804.10663
########################################################
22 77 8.249656e-04 8.249656e-04 0 2 2 2 0.000000e+00 0.000000e+00
22 78 8.249656e-04 1.038570e-03 0 2 2 2 1.907190e-13 0.000000e+00
22 79 8.249656e-04 1.307482e-03 0 2 2 2 1.681976e-13 0.000000e+00
22 80 8.249656e-04 1.646023e-03 0 2 2 2 1.492208e-13 0.000000e+00
22 81 8.249656e-04 2.072220e-03 0 2 2 2 1.335582e-13 0.000000e+00
22 82 8.249656e-04 2.608770e-03 0 2 2 2 1.206436e-13 0.000000e+00
22 83 8.249656e-04 3.284247e-03 0 2 2 2 1.098783e-13 0.000000e+00
22 84 8.249656e-04 4.134622e-03 0 2 2 2 1.007037e-13 0.000000e+00
22 85 8.249656e-04 5.205181e-03 0 2 2 2 9.262760e-14 0.000000e+00
22 86 8.249656e-04 6.552935e-03 0 2 2 2 8.523660e-14 0.000000e+00
22 87 8.249656e-04 8.249656e-03 0 2 2 2 7.819876e-14 0.000000e+00
23 77 1.038570e-03 8.249656e-04 0 2 2 2 1.907190e-13 0.000000e+00
23 78 1.038570e-03 1.038570e-03 0 2 2 2 0.000000e+00 0.000000e+00
23 79 1.038570e-03 1.307482e-03 0 2 2 2 1.718650e-13 0.000000e+00
23 80 1.038570e-03 1.646023e-03 0 2 2 2 1.513592e-13 0.000000e+00
23 81 1.038570e-03 2.072220e-03 0 2 2 2 1.346947e-13 0.000000e+00
23 82 1.038570e-03 2.608770e-03 0 2 2 2 1.212141e-13 0.000000e+00
23 83 1.038570e-03 3.284247e-03 0 2 2 2 1.101485e-13 0.000000e+00
23 84 1.038570e-03 4.134622e-03 0 2 2 2 1.008227e-13 0.000000e+00
23 85 1.038570e-03 5.205181e-03 0 2 2 2 9.267472e-14 0.000000e+00
23 86 1.038570e-03 6.552935e-03 0 2 2 2 8.525186e-14 0.000000e+00
23 87 1.038570e-03 8.249656e-03 0 2 2 2 7.820136e-14 0.000000e+00
24 77 1.307482e-03 8.249656e-04 0 2 2 2 1.681976e-13 0.000000e+00
24 78 1.307482e-03 1.038570e-03 0 2 2 2 1.718650e-13 0.000000e+00
24 79 1.307482e-03 1.307482e-03 0 2 2 2 0.000000e+00 0.000000e+00
24 80 1.307482e-03 1.646023e-03 0 2 2 2 1.551506e-13 0.000000e+00
24 81 1.307482e-03 2.072220e-03 0 2 2 2 1.366945e-13 0.000000e+00
24 82 1.307482e-03 2.608770e-03 0 2 2 2 1.221945e-13 0.000000e+00
24 83 1.307482e-03 3.284247e-03 0 2 2 2 1.106040e-13 0.000000e+00
24 84 1.307482e-03 4.134622e-03 0 2 2 2 1.010206e-13 0.000000e+00
24 85 1.307482e-03 5.205181e-03 0 2 2 2 9.275255e-14 0.000000e+00
24 86 1.307482e-03 6.552935e-03 0 2 2 2 8.527723e-14 0.000000e+00
24 87 1.307482e-03 8.249656e-03 0 2 2 2 7.820605e-14 0.000000e+00
25 77 1.646023e-03 8.249656e-04 0 2 2 2 1.492208e-13 0.000000e+00
25 78 1.646023e-03 1.038570e-03 0 2 2 2 1.513592e-13 0.000000e+00
25 79 1.646023e-03 1.307482e-03 0 2 2 2 1.551506e-13 0.000000e+00
25 80 1.646023e-03 1.646023e-03 0 2 2 2 0.000000e+00 0.000000e+00
25 81 1.646023e-03 2.072220e-03 0 2 2 2 1.404253e-13 0.000000e+00
25 82 1.646023e-03 2.608770e-03 0 2 2 2 1.239694e-13 0.000000e+00
25 83 1.646023e-03 3.284247e-03 0 2 2 2 1.114013e-13 0.000000e+00
25 84 1.646023e-03 4.134622e-03 0 2 2 2 1.013589e-13 0.000000e+00
25 85 1.646023e-03 5.205181e-03 0 2 2 2 9.288354e-14 0.000000e+00
25 86 1.646023e-03 6.552935e-03 0 2 2 2 8.531966e-14 0.000000e+00
25 87 1.646023e-03 8.249656e-03 0 2 2 2 7.821408e-14 0.000000e+00
26 77 2.072220e-03 8.249656e-04 0 2 2 2 1.335582e-13 0.000000e+00
26 78 2.072220e-03 1.038570e-03 0 2 2 2 1.346947e-13 0.000000e+00
26 79 2.072220e-03 1.307482e-03 0 2 2 2 1.366945e-13 0.000000e+00
26 80 2.072220e-03 1.646023e-03 0 2 2 2 1.404253e-13 0.000000e+00
26 81 2.072220e-03 2.072220e-03 0 2 2 2 0.000000e+00 0.000000e+00
26 82 2.072220e-03 2.608770e-03 0 2 2 2 1.274725e-13 0.000000e+00
26 83 2.072220e-03 3.284247e-03 0 2 2 2 1.128931e-13 0.000000e+00
26 84 2.072220e-03 4.134622e-03 0 2 2 2 1.019652e-13 0.000000e+00
26 85 2.072220e-03 5.205181e-03 0 2 2 2 9.311208e-14 0.000000e+00
26 86 2.072220e-03 6.552935e-03 0 2 2 2 8.539294e-14 0.000000e+00
26 87 2.072220e-03 8.249656e-03 0 2 2 2 7.822841e-14 0.000000e+00
27 77 2.608770e-03 8.249656e-04 0 2 2 2 1.206436e-13 0.000000e+00
27 78 2.608770e-03 1.038570e-03 0 2 2 2 1.212141e-13 0.000000e+00
27 79 2.608770e-03 1.307482e-03 0 2 2 2 1.221945e-13 0.000000e+00
27 80 2.608770e-03 1.646023e-03 0 2 2 2 1.239694e-13 0.000000e+00
27 81 2.608770e-03 2.072220e-03 0 2 2 2 1.274725e-13 0.000000e+00
27 82 2.608770e-03 2.608770e-03 0 2 2 2 0.000000e+00 0.000000e+00
27 83 2.608770e-03 3.284247e-03 0 2 2 2 1.160334e-13 0.000000e+00
27 84 2.608770e-03 4.134622e-03 0 2 2 2 1.031460e-13 0.000000e+00
27 85 2.608770e-03 5.205181e-03 0 2 2 2 9.353564e-14 0.000000e+00
27 86 2.608770e-03 6.552935e-03 0 2 2 2 8.552600e-14 0.000000e+00
27 87 2.608770e-03 8.249656e-03 0 2 2 2 7.825562e-14 0.000000e+00
28 77 3.284247e-03 8.249656e-04 0 2 2 2 1.098783e-13 0.000000e+00
28 78 3.284247e-03 1.038570e-03 0 2 2 2 1.101485e-13 0.000000e+00
28 79 3.284247e-03 1.307482e-03 0 2 2 2 1.106040e-13 0.000000e+00
28 80 3.284247e-03 1.646023e-03 0 2 2 2 1.114013e-13 0.000000e+00
28 81 3.284247e-03 2.072220e-03 0 2 2 2 1.128931e-13 0.000000e+00
28 82 3.284247e-03 2.608770e-03 0 2 2 2 1.160334e-13 0.000000e+00
28 83 3.284247e-03 3.284247e-03 0 2 2 2 0.000000e+00 0.000000e+00
28 84 3.284247e-03 4.134622e-03 0 2 2 2 1.058290e-13 0.000000e+00
28 85 3.284247e-03 5.205181e-03 0 2 2 2 9.440580e-14 0.000000e+00
28 86 3.284247e-03 6.552935e-03 0 2 2 2 8.578707e-14 0.000000e+00
28 87 3.284247e-03 8.249656e-03 0 2 2 2 7.831133e-14 0.000000e+00
29 77 4.134622e-03 8.249656e-04 0 2 2 2 1.007037e-13 0.000000e+00
29 78 4.134622e-03 1.038570e-03 0 2 2 2 1.008227e-13 0.000000e+00
29 79 4.134622e-03 1.307482e-03 0 2 2 2 1.010206e-13 0.000000e+00
29 80 4.134622e-03 1.646023e-03 0 2 2 2 1.013589e-13 0.000000e+00
29 81 4.134622e-03 2.072220e-03 0 2 2 2 1.019652e-13 0.000000e+00
29 82 4.134622e-03 2.608770e-03 0 2 2 2 1.031460e-13 0.000000e+00
29 83 4.134622e-03 3.284247e-03 0 2 2 2 1.058290e-13 0.000000e+00
29 84 4.134622e-03 4.134622e-03 0 2 2 2 0.000000e+00 0.000000e+00
29 85 4.134622e-03 5.205181e-03 0 2 2 2 9.658183e-14 0.000000e+00
29 86 4.134622e-03 6.552935e-03 0 2 2 2 8.636995e-14 0.000000e+00
29 87 4.134622e-03 8.249656e-03 0 2 2 2 7.843804e-14 0.000000e+00
30 77 5.205181e-03 8.249656e-04 0 2 2 2 9.262760e-14 0.000000e+00
30 78 5.205181e-03 1.038570e-03 0 2 2 2 9.267472e-14 0.000000e+00
30 79 5.205181e-03 1.307482e-03 0 2 2 2 9.275255e-14 0.000000e+00
30 80 5.205181e-03 1.646023e-03 0 2 2 2 9.288354e-14 0.000000e+00
30 81 5.205181e-03 2.072220e-03 0 2 2 2 9.311208e-14 0.000000e+00
30 82 5.205181e-03 2.608770e-03 0 2 2 2 9.353564e-14 0.000000e+00
30 83 5.205181e-03 3.284247e-03 0 2 2 2 9.440580e-14 0.000000e+00
30 84 5.205181e-03 4.134622e-03 0 2 2 2 9.658183e-14 0.000000e+00
30 85 5.205181e-03 5.205181e-03 0 2 2 2 0.000000e+00 0.000000e+00
30 86 5.205181e-03 6.552935e-03 0 2 2 2 8.803246e-14 0.000000e+00
30 87 5.205181e-03 8.249656e-03 0 2 2 2 7.877386e-14 0.000000e+00
31 77 6.552935e-03 8.249656e-04 0 2 2 2 8.523660e-14 0.000000e+00
31 78 6.552935e-03 1.038570e-03 0 2 2 2 8.525186e-14 0.000000e+00
31 79 6.552935e-03 1.307482e-03 0 2 2 2 8.527723e-14 0.000000e+00
31 80 6.552935e-03 1.646023e-03 0 2 2 2 8.531966e-14 0.000000e+00
31 81 6.552935e-03 2.072220e-03 0 2 2 2 8.539294e-14 0.000000e+00
31 82 6.552935e-03 2.608770e-03 0 2 2 2 8.552600e-14 0.000000e+00
31 83 6.552935e-03 3.284247e-03 0 2 2 2 8.578707e-14 0.000000e+00
31 84 6.552935e-03 4.134622e-03 0 2 2 2 8.636995e-14 0.000000e+00
31 85 6.552935e-03 5.205181e-03 0 2 2 2 8.803246e-14 0.000000e+00
31 86 6.552935e-03 6.552935e-03 0 2 2 2 0.000000e+00 0.000000e+00
31 87 6.552935e-03 8.249656e-03 0 2 2 2 7.995390e-14 0.000000e+00
32 77 8.249656e-03 8.249656e-04 0 2 2 2 7.819876e-14 0.000000e+00
32 78 8.249656e-03 1.038570e-03 0 2 2 2 7.820136e-14 0.000000e+00
32 79 8.249656e-03 1.307482e-03 0 2 2 2 7.820605e-14 0.000000e+00
32 80 8.249656e-03 1.646023e-03 0 2 2 2 7.821408e-14 0.000000e+00
32 81 8.249656e-03 2.072220e-03 0 2 2 2 7.822841e-14 0.000000e+00
32 82 8.249656e-03 2.608770e-03 0 2 2 2 7.825562e-14 0.000000e+00
32 83 8.249656e-03 3.284247e-03 0 2 2 2 7.831133e-14 0.000000e+00
32 84 8.249656e-03 4.134622e-03 0 2 2 2 7.843804e-14 0.000000e+00
32 85 8.249656e-03 5.205181e-03 0 2 2 2 7.877386e-14 0.000000e+00
32 86 8.249656e-03 6.552935e-03 0 2 2 2 7.995390e-14 0.000000e+00
32 87 8.249656e-03 8.249656e-03 0 2 2 2 0.000000e+00 0.000000e+00
