# Please cite the following papers in research using this covariance:
# arXiv: 1601.05779, https://arxiv.org/abs/1601.05779
# arXiv: 1911.11947, https://arxiv.org/abs/1911.11947
# arXiv: 2004.04833, https://arxiv.org/abs/2004.04833
# arXiv: 1804.10663, https://arxiv.org/abs/1804.10663
########################################################
88 209 8.249656e-04 8.249656e-04 2 3 3 3 0.000000e+00 0.000000e+00
88 210 8.249656e-04 1.038570e-03 2 3 3 3 -6.068115e-14 0.000000e+00
88 211 8.249656e-04 1.307482e-03 2 3 3 3 -2.758777e-14 0.000000e+00
88 212 8.249656e-04 1.646023e-03 2 3 3 3 2.309707e-14 0.000000e+00
88 213 8.249656e-04 2.072220e-03 2 3 3 3 5.845476e-14 0.000000e+00
88 214 8.249656e-04 2.608770e-03 2 3 3 3 7.550494e-14 0.000000e+00
88 215 8.249656e-04 3.284247e-03 2 3 3 3 7.945876e-14 0.000000e+00
88 216 8.249656e-04 4.134622e-03 2 3 3 3 7.599828e-14 0.000000e+00
88 217 8.249656e-04 5.205181e-03 2 3 3 3 6.929277e-14 0.000000e+00
88 218 8.249656e-04 6.552935e-03 2 3 3 3 6.192637e-14 0.000000e+00
88 219 8.249656e-04 8.249656e-03 2 3 3 3 5.530134e-14 0.000000e+00
89 209 1.038570e-03 8.249656e-04 2 3 3 3 1.686267e-15 0.000000e+00
89 210 1.038570e-03 1.038570e-03 2 3 3 3 0.000000e+00 0.000000e+00
89 211 1.038570e-03 1.307482e-03 2 3 3 3 -5.842789e-14 0.000000e+00
89 212 1.038570e-03 1.646023e-03 2 3 3 3 -2.634483e-14 0.000000e+00
89 213 1.038570e-03 2.072220e-03 2 3 3 3 2.037413e-14 0.000000e+00
89 214 1.038570e-03 2.608770e-03 2 3 3 3 5.133819e-14 0.000000e+00
89 215 1.038570e-03 3.284247e-03 2 3 3 3 6.538729e-14 0.000000e+00
89 216 1.038570e-03 4.134622e-03 2 3 3 3 6.815203e-14 0.000000e+00
89 217 1.038570e-03 5.205181e-03 2 3 3 3 6.500121e-14 0.000000e+00
89 218 1.038570e-03 6.552935e-03 2 3 3 3 5.958411e-14 0.000000e+00
89 219 1.038570e-03 8.249656e-03 2 3 3 3 5.400793e-14 0.000000e+00
90 209 1.307482e-03 8.249656e-04 2 3 3 3 9.239280e-16 0.000000e+00
90 210 1.307482e-03 1.038570e-03 2 3 3 3 2.445511e-15 0.000000e+00
90 211 1.307482e-03 1.307482e-03 2 3 3 3 0.000000e+00 0.000000e+00
90 212 1.307482e-03 1.646023e-03 2 3 3 3 -5.506878e-14 0.000000e+00
90 213 1.307482e-03 2.072220e-03 2 3 3 3 -2.442181e-14 0.000000e+00
90 214 1.307482e-03 2.608770e-03 2 3 3 3 1.785246e-14 0.000000e+00
90 215 1.307482e-03 3.284247e-03 2 3 3 3 4.458666e-14 0.000000e+00
90 216 1.307482e-03 4.134622e-03 2 3 3 3 5.619242e-14 0.000000e+00
90 217 1.307482e-03 5.205181e-03 2 3 3 3 5.835454e-14 0.000000e+00
90 218 1.307482e-03 6.552935e-03 2 3 3 3 5.592463e-14 0.000000e+00
90 219 1.307482e-03 8.249656e-03 2 3 3 3 5.197696e-14 0.000000e+00
91 209 1.646023e-03 8.249656e-04 2 3 3 3 3.603583e-16 0.000000e+00
91 210 1.646023e-03 1.038570e-03 2 3 3 3 1.027705e-15 0.000000e+00
91 211 1.646023e-03 1.307482e-03 2 3 3 3 3.049810e-15 0.000000e+00
91 212 1.646023e-03 1.646023e-03 2 3 3 3 0.000000e+00 0.000000e+00
91 213 1.646023e-03 2.072220e-03 2 3 3 3 -5.081362e-14 0.000000e+00
91 214 1.646023e-03 2.608770e-03 2 3 3 3 -2.199850e-14 0.000000e+00
91 215 1.646023e-03 3.284247e-03 2 3 3 3 1.560229e-14 0.000000e+00
91 216 1.646023e-03 4.134622e-03 2 3 3 3 3.847189e-14 0.000000e+00
91 217 1.646023e-03 5.205181e-03 2 3 3 3 4.821689e-14 0.000000e+00
91 218 1.646023e-03 6.552935e-03 2 3 3 3 5.025767e-14 0.000000e+00
91 219 1.646023e-03 8.249656e-03 2 3 3 3 4.880496e-14 0.000000e+00
92 209 2.072220e-03 8.249656e-04 2 3 3 3 1.281974e-16 0.000000e+00
92 210 2.072220e-03 1.038570e-03 2 3 3 3 3.555537e-16 0.000000e+00
92 211 2.072220e-03 1.307482e-03 2 3 3 3 1.055798e-15 0.000000e+00
92 212 2.072220e-03 1.646023e-03 2 3 3 3 3.435210e-15 0.000000e+00
92 213 2.072220e-03 2.072220e-03 2 3 3 3 0.000000e+00 0.000000e+00
92 214 2.072220e-03 2.608770e-03 2 3 3 3 -4.594368e-14 0.000000e+00
92 215 2.072220e-03 3.284247e-03 2 3 3 3 -1.928870e-14 0.000000e+00
92 216 2.072220e-03 4.134622e-03 2 3 3 3 1.366515e-14 0.000000e+00
92 217 2.072220e-03 5.205181e-03 2 3 3 3 3.317601e-14 0.000000e+00
92 218 2.072220e-03 6.552935e-03 2 3 3 3 4.161585e-14 0.000000e+00
92 219 2.072220e-03 8.249656e-03 2 3 3 3 4.389697e-14 0.000000e+00
93 209 2.608770e-03 8.249656e-04 2 3 3 3 4.386274e-17 0.000000e+00
93 210 2.608770e-03 1.038570e-03 2 3 3 3 1.156238e-16 0.000000e+00
93 211 2.608770e-03 1.307482e-03 2 3 3 3 3.275662e-16 0.000000e+00
93 212 2.608770e-03 1.646023e-03 2 3 3 3 1.007413e-15 0.000000e+00
93 213 2.608770e-03 2.072220e-03 2 3 3 3 3.576043e-15 0.000000e+00
93 214 2.608770e-03 2.608770e-03 2 3 3 3 0.000000e+00 0.000000e+00
93 215 2.608770e-03 3.284247e-03 2 3 3 3 -4.077319e-14 0.000000e+00
93 216 2.608770e-03 4.134622e-03 2 3 3 3 -1.650705e-14 0.000000e+00
93 217 2.608770e-03 5.205181e-03 2 3 3 3 1.205714e-14 0.000000e+00
93 218 2.608770e-03 6.552935e-03 2 3 3 3 2.879444e-14 0.000000e+00
93 219 2.608770e-03 8.249656e-03 2 3 3 3 3.642046e-14 0.000000e+00
94 209 3.284247e-03 8.249656e-04 2 3 3 3 1.456134e-17 0.000000e+00
94 210 3.284247e-03 1.038570e-03 2 3 3 3 3.569729e-17 0.000000e+00
94 211 3.284247e-03 1.307482e-03 2 3 3 3 9.802617e-17 0.000000e+00
94 212 3.284247e-03 1.646023e-03 2 3 3 3 2.829142e-16 0.000000e+00
94 213 3.284247e-03 2.072220e-03 2 3 3 3 9.002952e-16 0.000000e+00
94 214 3.284247e-03 2.608770e-03 2 3 3 3 3.485585e-15 0.000000e+00
94 215 3.284247e-03 3.284247e-03 2 3 3 3 0.000000e+00 0.000000e+00
94 216 3.284247e-03 4.134622e-03 2 3 3 3 -3.560811e-14 0.000000e+00
94 217 3.284247e-03 5.205181e-03 2 3 3 3 -1.383827e-14 0.000000e+00
94 218 3.284247e-03 6.552935e-03 2 3 3 3 1.077655e-14 0.000000e+00
94 219 3.284247e-03 8.249656e-03 2 3 3 3 2.534498e-14 0.000000e+00
95 209 4.134622e-03 8.249656e-04 2 3 3 3 5.160295e-18 0.000000e+00
95 210 4.134622e-03 1.038570e-03 2 3 3 3 1.055396e-17 0.000000e+00
95 211 4.134622e-03 1.307482e-03 2 3 3 3 2.834834e-17 0.000000e+00
95 212 4.134622e-03 1.646023e-03 2 3 3 3 7.850974e-17 0.000000e+00
95 213 4.134622e-03 2.072220e-03 2 3 3 3 2.297083e-16 0.000000e+00
95 214 4.134622e-03 2.608770e-03 2 3 3 3 7.571802e-16 0.000000e+00
95 215 4.134622e-03 3.284247e-03 2 3 3 3 3.204935e-15 0.000000e+00
95 216 4.134622e-03 4.134622e-03 2 3 3 3 0.000000e+00 0.000000e+00
95 217 4.134622e-03 5.205181e-03 2 3 3 3 -3.071087e-14 0.000000e+00
95 218 4.134622e-03 6.552935e-03 2 3 3 3 -1.142084e-14 0.000000e+00
95 219 4.134622e-03 8.249656e-03 2 3 3 3 9.807453e-15 0.000000e+00
96 209 5.205181e-03 8.249656e-04 2 3 3 3 2.017929e-18 0.000000e+00
96 210 5.205181e-03 1.038570e-03 2 3 3 3 2.795990e-18 0.000000e+00
96 211 5.205181e-03 1.307482e-03 2 3 3 3 7.710901e-18 0.000000e+00
96 212 5.205181e-03 1.646023e-03 2 3 3 3 2.121467e-17 0.000000e+00
96 213 5.205181e-03 2.072220e-03 2 3 3 3 5.869427e-17 0.000000e+00
96 214 5.205181e-03 2.608770e-03 2 3 3 3 1.755410e-16 0.000000e+00
96 215 5.205181e-03 3.284247e-03 2 3 3 3 6.002760e-16 0.000000e+00
96 216 5.205181e-03 4.134622e-03 2 3 3 3 2.792708e-15 0.000000e+00
96 217 5.205181e-03 5.205181e-03 2 3 3 3 0.000000e+00 0.000000e+00
96 218 5.205181e-03 6.552935e-03 2 3 3 3 -2.628214e-14 0.000000e+00
96 219 5.205181e-03 8.249656e-03 2 3 3 3 -9.340461e-15 0.000000e+00
97 209 6.552935e-03 8.249656e-04 2 3 3 3 1.279034e-18 0.000000e+00
97 210 6.552935e-03 1.038570e-03 2 3 3 3 5.112856e-19 0.000000e+00
97 211 6.552935e-03 1.307482e-03 2 3 3 3 1.927582e-18 0.000000e+00
97 212 6.552935e-03 1.646023e-03 2 3 3 3 5.429907e-18 0.000000e+00
97 213 6.552935e-03 2.072220e-03 2 3 3 3 1.439144e-17 0.000000e+00
97 214 6.552935e-03 2.608770e-03 2 3 3 3 4.083518e-17 0.000000e+00
97 215 6.552935e-03 3.284247e-03 2 3 3 3 1.249947e-16 0.000000e+00
97 216 6.552935e-03 4.134622e-03 2 3 3 3 4.464159e-16 0.000000e+00
97 217 6.552935e-03 5.205181e-03 2 3 3 3 2.309656e-15 0.000000e+00
97 218 6.552935e-03 6.552935e-03 2 3 3 3 0.000000e+00 0.000000e+00
97 219 6.552935e-03 8.249656e-03 2 3 3 3 -2.245313e-14 0.000000e+00
98 209 8.249656e-03 8.249656e-04 2 3 3 3 9.616770e-19 0.000000e+00
98 210 8.249656e-03 1.038570e-03 2 3 3 3 -8.114504e-20 0.000000e+00
98 211 8.249656e-03 1.307482e-03 2 3 3 3 3.890458e-19 0.000000e+00
98 212 8.249656e-03 1.646023e-03 2 3 3 3 1.293385e-18 0.000000e+00
98 213 8.249656e-03 2.072220e-03 2 3 3 3 3.269541e-18 0.000000e+00
98 214 8.249656e-03 2.608770e-03 2 3 3 3 8.878862e-18 0.000000e+00
98 215 8.249656e-03 3.284247e-03 2 3 3 3 2.557163e-17 0.000000e+00
98 216 8.249656e-03 4.134622e-03 2 3 3 3 8.108247e-17 0.000000e+00
98 217 8.249656e-03 5.205181e-03 2 3 3 3 3.071709e-16 0.000000e+00
98 218 8.249656e-03 6.552935e-03 2 3 3 3 1.808700e-15 0.000000e+00
98 219 8.249656e-03 8.249656e-03 2 3 3 3 0.000000e+00 0.000000e+00
