# Please cite the following papers in research using this covariance:
# arXiv: 1601.05779, https://arxiv.org/abs/1601.05779
# arXiv: 1911.11947, https://arxiv.org/abs/1911.11947
# arXiv: 2004.04833, https://arxiv.org/abs/2004.04833
# arXiv: 1804.10663, https://arxiv.org/abs/1804.10663
########################################################
22 143 8.249656e-04 8.249656e-04 0 2 0 3 0.000000e+00 0.000000e+00
22 144 8.249656e-04 1.038570e-03 0 2 0 3 -2.002551e-14 0.000000e+00
22 145 8.249656e-04 1.307482e-03 0 2 0 3 -9.146803e-15 0.000000e+00
22 146 8.249656e-04 1.646023e-03 0 2 0 3 7.416252e-15 0.000000e+00
22 147 8.249656e-04 2.072220e-03 0 2 0 3 1.881593e-14 0.000000e+00
22 148 8.249656e-04 2.608770e-03 0 2 0 3 2.413477e-14 0.000000e+00
22 149 8.249656e-04 3.284247e-03 0 2 0 3 2.514193e-14 0.000000e+00
22 150 8.249656e-04 4.134622e-03 0 2 0 3 2.372988e-14 0.000000e+00
22 151 8.249656e-04 5.205181e-03 0 2 0 3 2.126457e-14 0.000000e+00
22 152 8.249656e-04 6.552935e-03 0 2 0 3 1.857159e-14 0.000000e+00
22 153 8.249656e-04 8.249656e-03 0 2 0 3 1.607864e-14 0.000000e+00
23 143 1.038570e-03 8.249656e-04 0 2 0 3 5.893568e-16 0.000000e+00
23 144 1.038570e-03 1.038570e-03 0 2 0 3 0.000000e+00 0.000000e+00
23 145 1.038570e-03 1.307482e-03 0 2 0 3 -1.923301e-14 0.000000e+00
23 146 1.038570e-03 1.646023e-03 0 2 0 3 -8.710125e-15 0.000000e+00
23 147 1.038570e-03 2.072220e-03 0 2 0 3 6.487478e-15 0.000000e+00
23 148 1.038570e-03 2.608770e-03 0 2 0 3 1.638484e-14 0.000000e+00
23 149 1.038570e-03 3.284247e-03 0 2 0 3 2.068104e-14 0.000000e+00
23 150 1.038570e-03 4.134622e-03 0 2 0 3 2.127699e-14 0.000000e+00
23 151 1.038570e-03 5.205181e-03 0 2 0 3 1.994609e-14 0.000000e+00
23 152 1.038570e-03 6.552935e-03 0 2 0 3 1.786798e-14 0.000000e+00
23 153 1.038570e-03 8.249656e-03 0 2 0 3 1.570156e-14 0.000000e+00
24 143 1.307482e-03 8.249656e-04 0 2 0 3 3.178501e-16 0.000000e+00
24 144 1.307482e-03 1.038570e-03 0 2 0 3 8.464842e-16 0.000000e+00
24 145 1.307482e-03 1.307482e-03 0 2 0 3 0.000000e+00 0.000000e+00
24 146 1.307482e-03 1.646023e-03 0 2 0 3 -1.806737e-14 0.000000e+00
24 147 1.307482e-03 2.072220e-03 0 2 0 3 -8.044919e-15 0.000000e+00
24 148 1.307482e-03 2.608770e-03 0 2 0 3 5.625868e-15 0.000000e+00
24 149 1.307482e-03 3.284247e-03 0 2 0 3 1.407679e-14 0.000000e+00
24 150 1.307482e-03 4.134622e-03 0 2 0 3 1.753376e-14 0.000000e+00
24 151 1.307482e-03 5.205181e-03 0 2 0 3 1.790220e-14 0.000000e+00
24 152 1.307482e-03 6.552935e-03 0 2 0 3 1.676791e-14 0.000000e+00
24 153 1.307482e-03 8.249656e-03 0 2 0 3 1.510913e-14 0.000000e+00
25 143 1.646023e-03 8.249656e-04 0 2 0 3 1.232081e-16 0.000000e+00
25 144 1.646023e-03 1.038570e-03 0 2 0 3 3.520602e-16 0.000000e+00
25 145 1.646023e-03 1.307482e-03 0 2 0 3 1.049368e-15 0.000000e+00
25 146 1.646023e-03 1.646023e-03 0 2 0 3 0.000000e+00 0.000000e+00
25 147 1.646023e-03 2.072220e-03 0 2 0 3 -1.660228e-14 0.000000e+00
25 148 1.646023e-03 2.608770e-03 0 2 0 3 -7.215445e-15 0.000000e+00
25 149 1.646023e-03 3.284247e-03 0 2 0 3 4.851367e-15 0.000000e+00
25 150 1.646023e-03 4.134622e-03 0 2 0 3 1.197681e-14 0.000000e+00
25 151 1.646023e-03 5.205181e-03 0 2 0 3 1.478022e-14 0.000000e+00
25 152 1.646023e-03 6.552935e-03 0 2 0 3 1.506239e-14 0.000000e+00
25 153 1.646023e-03 8.249656e-03 0 2 0 3 1.418299e-14 0.000000e+00
26 143 2.072220e-03 8.249656e-04 0 2 0 3 4.350177e-17 0.000000e+00
26 144 2.072220e-03 1.038570e-03 0 2 0 3 1.208888e-16 0.000000e+00
26 145 2.072220e-03 1.307482e-03 0 2 0 3 3.597701e-16 0.000000e+00
26 146 2.072220e-03 1.646023e-03 0 2 0 3 1.176025e-15 0.000000e+00
26 147 2.072220e-03 2.072220e-03 0 2 0 3 0.000000e+00 0.000000e+00
26 148 2.072220e-03 2.608770e-03 0 2 0 3 -1.493574e-14 0.000000e+00
26 149 2.072220e-03 3.284247e-03 0 2 0 3 -6.297407e-15 0.000000e+00
26 150 2.072220e-03 4.134622e-03 0 2 0 3 4.173386e-15 0.000000e+00
26 151 2.072220e-03 5.205181e-03 0 2 0 3 1.013723e-14 0.000000e+00
26 152 2.072220e-03 6.552935e-03 0 2 0 3 1.245677e-14 0.000000e+00
26 153 2.072220e-03 8.249656e-03 0 2 0 3 1.274789e-14 0.000000e+00
27 143 2.608770e-03 8.249656e-04 0 2 0 3 1.473937e-17 0.000000e+00
27 144 2.608770e-03 1.038570e-03 0 2 0 3 3.897031e-17 0.000000e+00
27 145 2.608770e-03 1.307482e-03 0 2 0 3 1.105763e-16 0.000000e+00
27 146 2.608770e-03 1.646023e-03 0 2 0 3 3.411650e-16 0.000000e+00
27 147 2.608770e-03 2.072220e-03 0 2 0 3 1.218170e-15 0.000000e+00
27 148 2.608770e-03 2.608770e-03 0 2 0 3 0.000000e+00 0.000000e+00
27 149 2.608770e-03 3.284247e-03 0 2 0 3 -1.317585e-14 0.000000e+00
27 150 2.608770e-03 4.134622e-03 0 2 0 3 -5.365784e-15 0.000000e+00
27 151 2.608770e-03 5.205181e-03 0 2 0 3 3.592569e-15 0.000000e+00
27 152 2.608770e-03 6.552935e-03 0 2 0 3 8.579392e-15 0.000000e+00
27 153 2.608770e-03 8.249656e-03 0 2 0 3 1.055657e-14 0.000000e+00
28 143 3.284247e-03 8.249656e-04 0 2 0 3 4.842993e-18 0.000000e+00
28 144 3.284247e-03 1.038570e-03 0 2 0 3 1.193999e-17 0.000000e+00
28 145 3.284247e-03 1.307482e-03 0 2 0 3 3.278487e-17 0.000000e+00
28 146 3.284247e-03 1.646023e-03 0 2 0 3 9.481207e-17 0.000000e+00
28 147 3.284247e-03 2.072220e-03 0 2 0 3 3.029443e-16 0.000000e+00
28 148 3.284247e-03 2.608770e-03 0 2 0 3 1.181483e-15 0.000000e+00
28 149 3.284247e-03 3.284247e-03 0 2 0 3 0.000000e+00 0.000000e+00
28 150 3.284247e-03 4.134622e-03 0 2 0 3 -1.142601e-14 0.000000e+00
28 151 3.284247e-03 5.205181e-03 0 2 0 3 -4.483574e-15 0.000000e+00
28 152 3.284247e-03 6.552935e-03 0 2 0 3 3.103860e-15 0.000000e+00
28 153 3.284247e-03 8.249656e-03 0 2 0 3 7.298028e-15 0.000000e+00
29 143 4.134622e-03 8.249656e-04 0 2 0 3 1.700704e-18 0.000000e+00
29 144 4.134622e-03 1.038570e-03 0 2 0 3 3.527986e-18 0.000000e+00
29 145 4.134622e-03 1.307482e-03 0 2 0 3 9.438244e-18 0.000000e+00
29 146 4.134622e-03 1.646023e-03 0 2 0 3 2.614289e-17 0.000000e+00
29 147 4.134622e-03 2.072220e-03 0 2 0 3 7.665384e-17 0.000000e+00
29 148 4.134622e-03 2.608770e-03 0 2 0 3 2.535406e-16 0.000000e+00
29 149 4.134622e-03 3.284247e-03 0 2 0 3 1.081809e-15 0.000000e+00
29 150 4.134622e-03 4.134622e-03 0 2 0 3 0.000000e+00 0.000000e+00
29 151 4.134622e-03 5.205181e-03 0 2 0 3 -9.772450e-15 0.000000e+00
29 152 4.134622e-03 6.552935e-03 0 2 0 3 -3.695843e-15 0.000000e+00
29 153 4.134622e-03 8.249656e-03 0 2 0 3 2.698303e-15 0.000000e+00
30 143 5.205181e-03 8.249656e-04 0 2 0 3 6.603865e-19 0.000000e+00
30 144 5.205181e-03 1.038570e-03 0 2 0 3 9.577710e-19 0.000000e+00
30 145 5.205181e-03 1.307482e-03 0 2 0 3 2.594572e-18 0.000000e+00
30 146 5.205181e-03 1.646023e-03 0 2 0 3 7.112014e-18 0.000000e+00
30 147 5.205181e-03 2.072220e-03 0 2 0 3 1.969162e-17 0.000000e+00
30 148 5.205181e-03 2.608770e-03 0 2 0 3 5.881519e-17 0.000000e+00
30 149 5.205181e-03 3.284247e-03 0 2 0 3 2.011598e-16 0.000000e+00
30 150 5.205181e-03 4.134622e-03 0 2 0 3 9.410728e-16 0.000000e+00
30 151 5.205181e-03 5.205181e-03 0 2 0 3 0.000000e+00 0.000000e+00
30 152 5.205181e-03 6.552935e-03 0 2 0 3 -8.277783e-15 0.000000e+00
30 153 5.205181e-03 8.249656e-03 0 2 0 3 -3.027418e-15 0.000000e+00
31 143 6.552935e-03 8.249656e-04 0 2 0 3 4.165761e-19 0.000000e+00
31 144 6.552935e-03 1.038570e-03 0 2 0 3 2.025052e-19 0.000000e+00
31 145 6.552935e-03 1.307482e-03 0 2 0 3 6.827152e-19 0.000000e+00
31 146 6.552935e-03 1.646023e-03 0 2 0 3 1.892174e-18 0.000000e+00
31 147 6.552935e-03 2.072220e-03 0 2 0 3 5.031008e-18 0.000000e+00
31 148 6.552935e-03 2.608770e-03 0 2 0 3 1.416551e-17 0.000000e+00
31 149 6.552935e-03 3.284247e-03 0 2 0 3 4.298210e-17 0.000000e+00
31 150 6.552935e-03 4.134622e-03 0 2 0 3 1.519258e-16 0.000000e+00
31 151 6.552935e-03 5.205181e-03 0 2 0 3 7.817234e-16 0.000000e+00
31 152 6.552935e-03 6.552935e-03 0 2 0 3 0.000000e+00 0.000000e+00
31 153 6.552935e-03 8.249656e-03 0 2 0 3 -6.978541e-15 0.000000e+00
32 143 8.249656e-03 8.249656e-04 0 2 0 3 3.105533e-19 0.000000e+00
32 144 8.249656e-03 1.038570e-03 0 2 0 3 2.875750e-21 0.000000e+00
32 145 8.249656e-03 1.307482e-03 0 2 0 3 1.650862e-19 0.000000e+00
32 146 8.249656e-03 1.646023e-03 0 2 0 3 5.029771e-19 0.000000e+00
32 147 8.249656e-03 2.072220e-03 0 2 0 3 1.301950e-18 0.000000e+00
32 148 8.249656e-03 2.608770e-03 0 2 0 3 3.477110e-18 0.000000e+00
32 149 8.249656e-03 3.284247e-03 0 2 0 3 9.812919e-18 0.000000e+00
32 150 8.249656e-03 4.134622e-03 0 2 0 3 3.018546e-17 0.000000e+00
32 151 8.249656e-03 5.205181e-03 0 2 0 3 1.099532e-16 0.000000e+00
32 152 8.249656e-03 6.552935e-03 0 2 0 3 6.231188e-16 0.000000e+00
32 153 8.249656e-03 8.249656e-03 0 2 0 3 0.000000e+00 0.000000e+00
