# Please cite the following papers in research using this covariance:
# arXiv: 1601.05779, https://arxiv.org/abs/1601.05779
# arXiv: 1911.11947, https://arxiv.org/abs/1911.11947
# arXiv: 2004.04833, https://arxiv.org/abs/2004.04833
# arXiv: 1804.10663, https://arxiv.org/abs/1804.10663
########################################################
121 165 8.249656e-04 8.249656e-04 0 1 1 2 0.000000e+00 0.000000e+00
121 166 8.249656e-04 1.038570e-03 0 1 1 2 3.879881e-15 0.000000e+00
121 167 8.249656e-04 1.307482e-03 0 1 1 2 1.468606e-15 0.000000e+00
121 168 8.249656e-04 1.646023e-03 0 1 1 2 5.285827e-16 0.000000e+00
121 169 8.249656e-04 2.072220e-03 0 1 1 2 1.844533e-16 0.000000e+00
121 170 8.249656e-04 2.608770e-03 0 1 1 2 6.281175e-17 0.000000e+00
121 171 8.249656e-04 3.284247e-03 0 1 1 2 2.096208e-17 0.000000e+00
121 172 8.249656e-04 4.134622e-03 0 1 1 2 6.901247e-18 0.000000e+00
121 173 8.249656e-04 5.205181e-03 0 1 1 2 2.249381e-18 0.000000e+00
121 174 8.249656e-04 6.552935e-03 0 1 1 2 7.430073e-19 0.000000e+00
121 175 8.249656e-04 8.249656e-03 0 1 1 2 2.440209e-19 0.000000e+00
122 165 1.038570e-03 8.249656e-04 0 1 1 2 3.879881e-15 0.000000e+00
122 166 1.038570e-03 1.038570e-03 0 1 1 2 0.000000e+00 0.000000e+00
122 167 1.038570e-03 1.307482e-03 0 1 1 2 3.763129e-15 0.000000e+00
122 168 1.038570e-03 1.646023e-03 0 1 1 2 1.367446e-15 0.000000e+00
122 169 1.038570e-03 2.072220e-03 0 1 1 2 4.751880e-16 0.000000e+00
122 170 1.038570e-03 2.608770e-03 0 1 1 2 1.608203e-16 0.000000e+00
122 171 1.038570e-03 3.284247e-03 0 1 1 2 5.337381e-17 0.000000e+00
122 172 1.038570e-03 4.134622e-03 0 1 1 2 1.748780e-17 0.000000e+00
122 173 1.038570e-03 5.205181e-03 0 1 1 2 5.707695e-18 0.000000e+00
122 174 1.038570e-03 6.552935e-03 0 1 1 2 1.864936e-18 0.000000e+00
122 175 1.038570e-03 8.249656e-03 0 1 1 2 6.207447e-19 0.000000e+00
123 165 1.307482e-03 8.249656e-04 0 1 1 2 1.468606e-15 0.000000e+00
123 166 1.307482e-03 1.038570e-03 0 1 1 2 3.763129e-15 0.000000e+00
123 167 1.307482e-03 1.307482e-03 0 1 1 2 0.000000e+00 0.000000e+00
123 168 1.307482e-03 1.646023e-03 0 1 1 2 3.577763e-15 0.000000e+00
123 169 1.307482e-03 2.072220e-03 0 1 1 2 1.243587e-15 0.000000e+00
123 170 1.307482e-03 2.608770e-03 0 1 1 2 4.168660e-16 0.000000e+00
123 171 1.307482e-03 3.284247e-03 0 1 1 2 1.371250e-16 0.000000e+00
123 172 1.307482e-03 4.134622e-03 0 1 1 2 4.459806e-17 0.000000e+00
123 173 1.307482e-03 5.205181e-03 0 1 1 2 1.447057e-17 0.000000e+00
123 174 1.307482e-03 6.552935e-03 0 1 1 2 4.725010e-18 0.000000e+00
123 175 1.307482e-03 8.249656e-03 0 1 1 2 1.577939e-18 0.000000e+00
124 165 1.646023e-03 8.249656e-04 0 1 1 2 5.285827e-16 0.000000e+00
124 166 1.646023e-03 1.038570e-03 0 1 1 2 1.367446e-15 0.000000e+00
124 167 1.646023e-03 1.307482e-03 0 1 1 2 3.577763e-15 0.000000e+00
124 168 1.646023e-03 1.646023e-03 0 1 1 2 0.000000e+00 0.000000e+00
124 169 1.646023e-03 2.072220e-03 0 1 1 2 3.330804e-15 0.000000e+00
124 170 1.646023e-03 2.608770e-03 0 1 1 2 1.104269e-15 0.000000e+00
124 171 1.646023e-03 3.284247e-03 0 1 1 2 3.576319e-16 0.000000e+00
124 172 1.646023e-03 4.134622e-03 0 1 1 2 1.148959e-16 0.000000e+00
124 173 1.646023e-03 5.205181e-03 0 1 1 2 3.694322e-17 0.000000e+00
124 174 1.646023e-03 6.552935e-03 0 1 1 2 1.197870e-17 0.000000e+00
124 175 1.646023e-03 8.249656e-03 0 1 1 2 3.966122e-18 0.000000e+00
125 165 2.072220e-03 8.249656e-04 0 1 1 2 1.844533e-16 0.000000e+00
125 166 2.072220e-03 1.038570e-03 0 1 1 2 4.751880e-16 0.000000e+00
125 167 2.072220e-03 1.307482e-03 0 1 1 2 1.243587e-15 0.000000e+00
125 168 2.072220e-03 1.646023e-03 0 1 1 2 3.330804e-15 0.000000e+00
125 169 2.072220e-03 2.072220e-03 0 1 1 2 0.000000e+00 0.000000e+00
125 170 2.072220e-03 2.608770e-03 0 1 1 2 3.035382e-15 0.000000e+00
125 171 2.072220e-03 3.284247e-03 0 1 1 2 9.587693e-16 0.000000e+00
125 172 2.072220e-03 4.134622e-03 0 1 1 2 3.012315e-16 0.000000e+00
125 173 2.072220e-03 5.205181e-03 0 1 1 2 9.531236e-17 0.000000e+00
125 174 2.072220e-03 6.552935e-03 0 1 1 2 3.058755e-17 0.000000e+00
125 175 2.072220e-03 8.249656e-03 0 1 1 2 1.006710e-17 0.000000e+00
126 165 2.608770e-03 8.249656e-04 0 1 1 2 6.281175e-17 0.000000e+00
126 166 2.608770e-03 1.038570e-03 0 1 1 2 1.608203e-16 0.000000e+00
126 167 2.608770e-03 1.307482e-03 0 1 1 2 4.168660e-16 0.000000e+00
126 168 2.608770e-03 1.646023e-03 0 1 1 2 1.104269e-15 0.000000e+00
126 169 2.608770e-03 2.072220e-03 0 1 1 2 3.035382e-15 0.000000e+00
126 170 2.608770e-03 2.608770e-03 0 1 1 2 0.000000e+00 0.000000e+00
126 171 2.608770e-03 3.284247e-03 0 1 1 2 2.709077e-15 0.000000e+00
126 172 2.608770e-03 4.134622e-03 0 1 1 2 8.163566e-16 0.000000e+00
126 173 2.608770e-03 5.205181e-03 0 1 1 2 2.507309e-16 0.000000e+00
126 174 2.608770e-03 6.552935e-03 0 1 1 2 7.896096e-17 0.000000e+00
126 175 2.608770e-03 8.249656e-03 0 1 1 2 2.565455e-17 0.000000e+00
127 165 3.284247e-03 8.249656e-04 0 1 1 2 2.096208e-17 0.000000e+00
127 166 3.284247e-03 1.038570e-03 0 1 1 2 5.337381e-17 0.000000e+00
127 167 3.284247e-03 1.307482e-03 0 1 1 2 1.371250e-16 0.000000e+00
127 168 3.284247e-03 1.646023e-03 0 1 1 2 3.576319e-16 0.000000e+00
127 169 3.284247e-03 2.072220e-03 0 1 1 2 9.587693e-16 0.000000e+00
127 170 3.284247e-03 2.608770e-03 0 1 1 2 2.709077e-15 0.000000e+00
127 171 3.284247e-03 3.284247e-03 0 1 1 2 0.000000e+00 0.000000e+00
127 172 3.284247e-03 4.134622e-03 0 1 1 2 2.371698e-15 0.000000e+00
127 173 3.284247e-03 5.205181e-03 0 1 1 2 6.851214e-16 0.000000e+00
127 174 3.284247e-03 6.552935e-03 0 1 1 2 2.079539e-16 0.000000e+00
127 175 3.284247e-03 8.249656e-03 0 1 1 2 6.609695e-17 0.000000e+00
128 165 4.134622e-03 8.249656e-04 0 1 1 2 6.901247e-18 0.000000e+00
128 166 4.134622e-03 1.038570e-03 0 1 1 2 1.748780e-17 0.000000e+00
128 167 4.134622e-03 1.307482e-03 0 1 1 2 4.459806e-17 0.000000e+00
128 168 4.134622e-03 1.646023e-03 0 1 1 2 1.148959e-16 0.000000e+00
128 169 4.134622e-03 2.072220e-03 0 1 1 2 3.012315e-16 0.000000e+00
128 170 4.134622e-03 2.608770e-03 0 1 1 2 8.163566e-16 0.000000e+00
128 171 4.134622e-03 3.284247e-03 0 1 1 2 2.371698e-15 0.000000e+00
128 172 4.134622e-03 4.134622e-03 0 1 1 2 0.000000e+00 0.000000e+00
128 173 4.134622e-03 5.205181e-03 0 1 1 2 2.042505e-15 0.000000e+00
128 174 4.134622e-03 6.552935e-03 0 1 1 2 5.707445e-16 0.000000e+00
128 175 4.134622e-03 8.249656e-03 0 1 1 2 1.737258e-16 0.000000e+00
129 165 5.205181e-03 8.249656e-04 0 1 1 2 2.249381e-18 0.000000e+00
129 166 5.205181e-03 1.038570e-03 0 1 1 2 5.707695e-18 0.000000e+00
129 167 5.205181e-03 1.307482e-03 0 1 1 2 1.447057e-17 0.000000e+00
129 168 5.205181e-03 1.646023e-03 0 1 1 2 3.694322e-17 0.000000e+00
129 169 5.205181e-03 2.072220e-03 0 1 1 2 9.531236e-17 0.000000e+00
129 170 5.205181e-03 2.608770e-03 0 1 1 2 2.507309e-16 0.000000e+00
129 171 5.205181e-03 3.284247e-03 0 1 1 2 6.851214e-16 0.000000e+00
129 172 5.205181e-03 4.134622e-03 0 1 1 2 2.042505e-15 0.000000e+00
129 173 5.205181e-03 5.205181e-03 0 1 1 2 0.000000e+00 0.000000e+00
129 174 5.205181e-03 6.552935e-03 0 1 1 2 1.737854e-15 0.000000e+00
129 175 5.205181e-03 8.249656e-03 0 1 1 2 4.763992e-16 0.000000e+00
130 165 6.552935e-03 8.249656e-04 0 1 1 2 7.430073e-19 0.000000e+00
130 166 6.552935e-03 1.038570e-03 0 1 1 2 1.864936e-18 0.000000e+00
130 167 6.552935e-03 1.307482e-03 0 1 1 2 4.725010e-18 0.000000e+00
130 168 6.552935e-03 1.646023e-03 0 1 1 2 1.197870e-17 0.000000e+00
130 169 6.552935e-03 2.072220e-03 0 1 1 2 3.058755e-17 0.000000e+00
130 170 6.552935e-03 2.608770e-03 0 1 1 2 7.896096e-17 0.000000e+00
130 171 6.552935e-03 3.284247e-03 0 1 1 2 2.079539e-16 0.000000e+00
130 172 6.552935e-03 4.134622e-03 0 1 1 2 5.707445e-16 0.000000e+00
130 173 6.552935e-03 5.205181e-03 0 1 1 2 1.737854e-15 0.000000e+00
130 174 6.552935e-03 6.552935e-03 0 1 1 2 0.000000e+00 0.000000e+00
130 175 6.552935e-03 8.249656e-03 0 1 1 2 1.469634e-15 0.000000e+00
131 165 8.249656e-03 8.249656e-04 0 1 1 2 2.440209e-19 0.000000e+00
131 166 8.249656e-03 1.038570e-03 0 1 1 2 6.207447e-19 0.000000e+00
131 167 8.249656e-03 1.307482e-03 0 1 1 2 1.577939e-18 0.000000e+00
131 168 8.249656e-03 1.646023e-03 0 1 1 2 3.966122e-18 0.000000e+00
131 169 8.249656e-03 2.072220e-03 0 1 1 2 1.006710e-17 0.000000e+00
131 170 8.249656e-03 2.608770e-03 0 1 1 2 2.565455e-17 0.000000e+00
131 171 8.249656e-03 3.284247e-03 0 1 1 2 6.609695e-17 0.000000e+00
131 172 8.249656e-03 4.134622e-03 0 1 1 2 1.737258e-16 0.000000e+00
131 173 8.249656e-03 5.205181e-03 0 1 1 2 4.763992e-16 0.000000e+00
131 174 8.249656e-03 6.552935e-03 0 1 1 2 1.469634e-15 0.000000e+00
131 175 8.249656e-03 8.249656e-03 0 1 1 2 0.000000e+00 0.000000e+00
