# Please cite the following papers in research using this covariance:
# arXiv: 1601.05779, https://arxiv.org/abs/1601.05779
# arXiv: 1911.11947, https://arxiv.org/abs/1911.11947
# arXiv: 2004.04833, https://arxiv.org/abs/2004.04833
# arXiv: 1804.10663, https://arxiv.org/abs/1804.10663
########################################################
55 165 8.249656e-04 8.249656e-04 1 2 1 2 0.000000e+00 0.000000e+00
55 166 8.249656e-04 1.038570e-03 1 2 1 2 -2.317127e-14 0.000000e+00
55 167 8.249656e-04 1.307482e-03 1 2 1 2 -1.055048e-14 0.000000e+00
55 168 8.249656e-04 1.646023e-03 1 2 1 2 9.490503e-15 0.000000e+00
55 169 8.249656e-04 2.072220e-03 1 2 1 2 2.404395e-14 0.000000e+00
55 170 8.249656e-04 2.608770e-03 1 2 1 2 3.140616e-14 0.000000e+00
55 171 8.249656e-04 3.284247e-03 1 2 1 2 3.330496e-14 0.000000e+00
55 172 8.249656e-04 4.134622e-03 1 2 1 2 3.189687e-14 0.000000e+00
55 173 8.249656e-04 5.205181e-03 1 2 1 2 2.887578e-14 0.000000e+00
55 174 8.249656e-04 6.552935e-03 1 2 1 2 2.535377e-14 0.000000e+00
55 175 8.249656e-04 8.249656e-03 1 2 1 2 2.197116e-14 0.000000e+00
56 165 1.038570e-03 8.249656e-04 1 2 1 2 3.797365e-16 0.000000e+00
56 166 1.038570e-03 1.038570e-03 1 2 1 2 0.000000e+00 0.000000e+00
56 167 1.038570e-03 1.307482e-03 1 2 1 2 -2.268874e-14 0.000000e+00
56 168 1.038570e-03 1.646023e-03 1 2 1 2 -1.032682e-14 0.000000e+00
56 169 1.038570e-03 2.072220e-03 1 2 1 2 8.411229e-15 0.000000e+00
56 170 1.038570e-03 2.608770e-03 1 2 1 2 2.130410e-14 0.000000e+00
56 171 1.038570e-03 3.284247e-03 1 2 1 2 2.735808e-14 0.000000e+00
56 172 1.038570e-03 4.134622e-03 1 2 1 2 2.857216e-14 0.000000e+00
56 173 1.038570e-03 5.205181e-03 1 2 1 2 2.707047e-14 0.000000e+00
56 174 1.038570e-03 6.552935e-03 1 2 1 2 2.438697e-14 0.000000e+00
56 175 1.038570e-03 8.249656e-03 1 2 1 2 2.145417e-14 0.000000e+00
57 165 1.307482e-03 8.249656e-04 1 2 1 2 2.923243e-16 0.000000e+00
57 166 1.307482e-03 1.038570e-03 1 2 1 2 6.888771e-16 0.000000e+00
57 167 1.307482e-03 1.307482e-03 1 2 1 2 0.000000e+00 0.000000e+00
57 168 1.307482e-03 1.646023e-03 1 2 1 2 -2.175571e-14 0.000000e+00
57 169 1.307482e-03 2.072220e-03 1 2 1 2 -9.813694e-15 0.000000e+00
57 170 1.307482e-03 2.608770e-03 1 2 1 2 7.372336e-15 0.000000e+00
57 171 1.307482e-03 3.284247e-03 1 2 1 2 1.858546e-14 0.000000e+00
57 172 1.307482e-03 4.134622e-03 1 2 1 2 2.350751e-14 0.000000e+00
57 173 1.307482e-03 5.205181e-03 1 2 1 2 2.427399e-14 0.000000e+00
57 174 1.307482e-03 6.552935e-03 1 2 1 2 2.287568e-14 0.000000e+00
57 175 1.307482e-03 8.249656e-03 1 2 1 2 2.064188e-14 0.000000e+00
58 165 1.646023e-03 8.249656e-04 1 2 1 2 1.293741e-16 0.000000e+00
58 166 1.646023e-03 1.038570e-03 1 2 1 2 3.558992e-16 0.000000e+00
58 167 1.646023e-03 1.307482e-03 1 2 1 2 9.685411e-16 0.000000e+00
58 168 1.646023e-03 1.646023e-03 1 2 1 2 0.000000e+00 0.000000e+00
58 169 1.646023e-03 2.072220e-03 1 2 1 2 -2.041648e-14 0.000000e+00
58 170 1.646023e-03 2.608770e-03 1 2 1 2 -9.055042e-15 0.000000e+00
58 171 1.646023e-03 3.284247e-03 1 2 1 2 6.410086e-15 0.000000e+00
58 172 1.646023e-03 4.134622e-03 1 2 1 2 1.601224e-14 0.000000e+00
58 173 1.646023e-03 5.205181e-03 1 2 1 2 2.000792e-14 0.000000e+00
58 174 1.646023e-03 6.552935e-03 1 2 1 2 2.053348e-14 0.000000e+00
58 175 1.646023e-03 8.249656e-03 1 2 1 2 1.937201e-14 0.000000e+00
59 165 2.072220e-03 8.249656e-04 1 2 1 2 5.039681e-17 0.000000e+00
59 166 2.072220e-03 1.038570e-03 1 2 1 2 1.369927e-16 0.000000e+00
59 167 2.072220e-03 1.307482e-03 1 2 1 2 3.938552e-16 0.000000e+00
59 168 2.072220e-03 1.646023e-03 1 2 1 2 1.186246e-15 0.000000e+00
59 169 2.072220e-03 2.072220e-03 1 2 1 2 0.000000e+00 0.000000e+00
59 170 2.072220e-03 2.608770e-03 1 2 1 2 -1.875328e-14 0.000000e+00
59 171 2.072220e-03 3.284247e-03 1 2 1 2 -8.119792e-15 0.000000e+00
59 172 2.072220e-03 4.134622e-03 1 2 1 2 5.548004e-15 0.000000e+00
59 173 2.072220e-03 5.205181e-03 1 2 1 2 1.367828e-14 0.000000e+00
59 174 2.072220e-03 6.552935e-03 1 2 1 2 1.695749e-14 0.000000e+00
59 175 2.072220e-03 8.249656e-03 1 2 1 2 1.740420e-14 0.000000e+00
60 165 2.608770e-03 8.249656e-04 1 2 1 2 1.855759e-17 0.000000e+00
60 166 2.608770e-03 1.038570e-03 1 2 1 2 4.819740e-17 0.000000e+00
60 167 2.608770e-03 1.307482e-03 1 2 1 2 1.343628e-16 0.000000e+00
60 168 2.608770e-03 1.646023e-03 1 2 1 2 4.006161e-16 0.000000e+00
60 169 2.608770e-03 2.072220e-03 1 2 1 2 1.319734e-15 0.000000e+00
60 170 2.608770e-03 2.608770e-03 1 2 1 2 0.000000e+00 0.000000e+00
60 171 2.608770e-03 3.284247e-03 1 2 1 2 -1.687448e-14 0.000000e+00
60 172 2.608770e-03 4.134622e-03 1 2 1 2 -7.089778e-15 0.000000e+00
60 173 2.608770e-03 5.205181e-03 1 2 1 2 4.797533e-15 0.000000e+00
60 174 2.608770e-03 6.552935e-03 1 2 1 2 1.164320e-14 0.000000e+00
60 175 2.608770e-03 8.249656e-03 1 2 1 2 1.439956e-14 0.000000e+00
61 165 3.284247e-03 8.249656e-04 1 2 1 2 6.584287e-18 0.000000e+00
61 166 3.284247e-03 1.038570e-03 1 2 1 2 1.587903e-17 0.000000e+00
61 167 3.284247e-03 1.307482e-03 1 2 1 2 4.321604e-17 0.000000e+00
61 168 3.284247e-03 1.646023e-03 1 2 1 2 1.228340e-16 0.000000e+00
61 169 3.284247e-03 2.072220e-03 1 2 1 2 3.791838e-16 0.000000e+00
61 170 3.284247e-03 2.608770e-03 1 2 1 2 1.361524e-15 0.000000e+00
61 171 3.284247e-03 3.284247e-03 1 2 1 2 0.000000e+00 0.000000e+00
61 172 3.284247e-03 4.134622e-03 1 2 1 2 -1.489874e-14 0.000000e+00
61 173 3.284247e-03 5.205181e-03 1 2 1 2 -6.045428e-15 0.000000e+00
61 174 3.284247e-03 6.552935e-03 1 2 1 2 4.161088e-15 0.000000e+00
61 175 3.284247e-03 8.249656e-03 1 2 1 2 9.932720e-15 0.000000e+00
62 165 4.134622e-03 8.249656e-04 1 2 1 2 2.488118e-18 0.000000e+00
62 166 4.134622e-03 1.038570e-03 1 2 1 2 4.995692e-18 0.000000e+00
62 167 4.134622e-03 1.307482e-03 1 2 1 2 1.334520e-17 0.000000e+00
62 168 4.134622e-03 1.646023e-03 1 2 1 2 3.661977e-17 0.000000e+00
62 169 4.134622e-03 2.072220e-03 1 2 1 2 1.054152e-16 0.000000e+00
62 170 4.134622e-03 2.608770e-03 1 2 1 2 3.367632e-16 0.000000e+00
62 171 4.134622e-03 3.284247e-03 1 2 1 2 1.317657e-15 0.000000e+00
62 172 4.134622e-03 4.134622e-03 1 2 1 2 0.000000e+00 0.000000e+00
62 173 4.134622e-03 5.205181e-03 1 2 1 2 -1.293866e-14 0.000000e+00
62 174 4.134622e-03 6.552935e-03 1 2 1 2 -5.055190e-15 0.000000e+00
62 175 4.134622e-03 8.249656e-03 1 2 1 2 3.634545e-15 0.000000e+00
63 165 5.205181e-03 8.249656e-04 1 2 1 2 1.053183e-18 0.000000e+00
63 166 5.205181e-03 1.038570e-03 1 2 1 2 1.422964e-18 0.000000e+00
63 167 5.205181e-03 1.307482e-03 1 2 1 2 3.891046e-18 0.000000e+00
63 168 5.205181e-03 1.646023e-03 1 2 1 2 1.062640e-17 0.000000e+00
63 169 5.205181e-03 2.072220e-03 1 2 1 2 2.912730e-17 0.000000e+00
63 170 5.205181e-03 2.608770e-03 1 2 1 2 8.547840e-17 0.000000e+00
63 171 5.205181e-03 3.284247e-03 1 2 1 2 2.823237e-16 0.000000e+00
63 172 5.205181e-03 4.134622e-03 1 2 1 2 1.205507e-15 0.000000e+00
63 173 5.205181e-03 5.205181e-03 1 2 1 2 0.000000e+00 0.000000e+00
63 174 5.205181e-03 6.552935e-03 1 2 1 2 -1.108903e-14 0.000000e+00
63 175 5.205181e-03 8.249656e-03 1 2 1 2 -4.167563e-15 0.000000e+00
64 165 6.552935e-03 8.249656e-04 1 2 1 2 6.751004e-19 0.000000e+00
64 166 6.552935e-03 1.038570e-03 1 2 1 2 3.101574e-19 0.000000e+00
64 167 6.552935e-03 1.307482e-03 1 2 1 2 1.062654e-18 0.000000e+00
64 168 6.552935e-03 1.646023e-03 1 2 1 2 2.974223e-18 0.000000e+00
64 169 6.552935e-03 2.072220e-03 1 2 1 2 7.854142e-18 0.000000e+00
64 170 6.552935e-03 2.608770e-03 1 2 1 2 2.193146e-17 0.000000e+00
64 171 6.552935e-03 3.284247e-03 1 2 1 2 6.550798e-17 0.000000e+00
64 172 6.552935e-03 4.134622e-03 1 2 1 2 2.240184e-16 0.000000e+00
64 173 6.552935e-03 5.205181e-03 1 2 1 2 1.048217e-15 0.000000e+00
64 174 6.552935e-03 6.552935e-03 1 2 1 2 0.000000e+00 0.000000e+00
64 175 6.552935e-03 8.249656e-03 1 2 1 2 -9.418890e-15 0.000000e+00
65 165 8.249656e-03 8.249656e-04 1 2 1 2 5.214864e-19 0.000000e+00
65 166 8.249656e-03 1.038570e-03 1 2 1 2 -1.055527e-21 0.000000e+00
65 167 8.249656e-03 1.307482e-03 1 2 1 2 2.588901e-19 0.000000e+00
65 168 8.249656e-03 1.646023e-03 1 2 1 2 8.261488e-19 0.000000e+00
65 169 8.249656e-03 2.072220e-03 1 2 1 2 2.100036e-18 0.000000e+00
65 170 8.249656e-03 2.608770e-03 1 2 1 2 5.605533e-18 0.000000e+00
65 171 8.249656e-03 3.284247e-03 1 2 1 2 1.571008e-17 0.000000e+00
65 172 8.249656e-03 4.134622e-03 1 2 1 2 4.770355e-17 0.000000e+00
65 173 8.249656e-03 5.205181e-03 1 2 1 2 1.688410e-16 0.000000e+00
65 174 8.249656e-03 6.552935e-03 1 2 1 2 8.697302e-16 0.000000e+00
65 175 8.249656e-03 8.249656e-03 1 2 1 2 0.000000e+00 0.000000e+00
