# Please cite the following papers in research using this covariance:
# arXiv: 1601.05779, https://arxiv.org/abs/1601.05779
# arXiv: 1911.11947, https://arxiv.org/abs/1911.11947
# arXiv: 2004.04833, https://arxiv.org/abs/2004.04833
# arXiv: 1804.10663, https://arxiv.org/abs/1804.10663
########################################################
176 176 8.249656e-04 8.249656e-04 1 3 1 3 2.618231e-11 0.000000e+00
176 177 8.249656e-04 1.038570e-03 1 3 1 3 2.725296e-14 0.000000e+00
176 178 8.249656e-04 1.307482e-03 1 3 1 3 9.408455e-15 0.000000e+00
176 179 8.249656e-04 1.646023e-03 1 3 1 3 3.128647e-15 0.000000e+00
176 180 8.249656e-04 2.072220e-03 1 3 1 3 1.021545e-15 0.000000e+00
176 181 8.249656e-04 2.608770e-03 1 3 1 3 3.300541e-16 0.000000e+00
176 182 8.249656e-04 3.284247e-03 1 3 1 3 1.061217e-16 0.000000e+00
176 183 8.249656e-04 4.134622e-03 1 3 1 3 3.430151e-17 0.000000e+00
176 184 8.249656e-04 5.205181e-03 1 3 1 3 1.113866e-17 0.000000e+00
176 185 8.249656e-04 6.552935e-03 1 3 1 3 3.764669e-18 0.000000e+00
176 186 8.249656e-04 8.249656e-03 1 3 1 3 1.267543e-18 0.000000e+00
177 176 1.038570e-03 8.249656e-04 1 3 1 3 2.725296e-14 0.000000e+00
177 177 1.038570e-03 1.038570e-03 1 3 1 3 1.660655e-11 0.000000e+00
177 178 1.038570e-03 1.307482e-03 1 3 1 3 2.528590e-14 0.000000e+00
177 179 1.038570e-03 1.646023e-03 1 3 1 3 8.309624e-15 0.000000e+00
177 180 1.038570e-03 2.072220e-03 1 3 1 3 2.669708e-15 0.000000e+00
177 181 1.038570e-03 2.608770e-03 1 3 1 3 8.511910e-16 0.000000e+00
177 182 1.038570e-03 3.284247e-03 1 3 1 3 2.710715e-16 0.000000e+00
177 183 1.038570e-03 4.134622e-03 1 3 1 3 8.694937e-17 0.000000e+00
177 184 1.038570e-03 5.205181e-03 1 3 1 3 2.833455e-17 0.000000e+00
177 185 1.038570e-03 6.552935e-03 1 3 1 3 9.414887e-18 0.000000e+00
177 186 1.038570e-03 8.249656e-03 1 3 1 3 3.232912e-18 0.000000e+00
178 176 1.307482e-03 8.249656e-04 1 3 1 3 9.408455e-15 0.000000e+00
178 177 1.307482e-03 1.038570e-03 1 3 1 3 2.528590e-14 0.000000e+00
178 178 1.307482e-03 1.307482e-03 1 3 1 3 1.052461e-11 0.000000e+00
178 179 1.307482e-03 1.646023e-03 1 3 1 3 2.295237e-14 0.000000e+00
178 180 1.307482e-03 2.072220e-03 1 3 1 3 7.176923e-15 0.000000e+00
178 181 1.307482e-03 2.608770e-03 1 3 1 3 2.235268e-15 0.000000e+00
178 182 1.307482e-03 3.284247e-03 1 3 1 3 7.004533e-16 0.000000e+00
178 183 1.307482e-03 4.134622e-03 1 3 1 3 2.221201e-16 0.000000e+00
178 184 1.307482e-03 5.205181e-03 1 3 1 3 7.182677e-17 0.000000e+00
178 185 1.307482e-03 6.552935e-03 1 3 1 3 2.386637e-17 0.000000e+00
178 186 1.307482e-03 8.249656e-03 1 3 1 3 8.234561e-18 0.000000e+00
179 176 1.646023e-03 8.249656e-04 1 3 1 3 3.128647e-15 0.000000e+00
179 177 1.646023e-03 1.038570e-03 1 3 1 3 8.309624e-15 0.000000e+00
179 178 1.646023e-03 1.307482e-03 1 3 1 3 2.295237e-14 0.000000e+00
179 179 1.646023e-03 1.646023e-03 1 3 1 3 6.674612e-12 0.000000e+00
179 180 1.646023e-03 2.072220e-03 1 3 1 3 2.039494e-14 0.000000e+00
179 181 1.646023e-03 2.608770e-03 1 3 1 3 6.075750e-15 0.000000e+00
179 182 1.646023e-03 3.284247e-03 1 3 1 3 1.846557e-15 0.000000e+00
179 183 1.646023e-03 4.134622e-03 1 3 1 3 5.742324e-16 0.000000e+00
179 184 1.646023e-03 5.205181e-03 1 3 1 3 1.834402e-16 0.000000e+00
179 185 1.646023e-03 6.552935e-03 1 3 1 3 6.042221e-17 0.000000e+00
179 186 1.646023e-03 8.249656e-03 1 3 1 3 2.064592e-17 0.000000e+00
180 176 2.072220e-03 8.249656e-04 1 3 1 3 1.021545e-15 0.000000e+00
180 177 2.072220e-03 1.038570e-03 1 3 1 3 2.669708e-15 0.000000e+00
180 178 2.072220e-03 1.307482e-03 1 3 1 3 7.176923e-15 0.000000e+00
180 179 2.072220e-03 1.646023e-03 1 3 1 3 2.039494e-14 0.000000e+00
180 180 2.072220e-03 2.072220e-03 1 3 1 3 4.231917e-12 0.000000e+00
180 181 2.072220e-03 2.608770e-03 1 3 1 3 1.776778e-14 0.000000e+00
180 182 2.072220e-03 3.284247e-03 1 3 1 3 5.064140e-15 0.000000e+00
180 183 2.072220e-03 4.134622e-03 1 3 1 3 1.516425e-15 0.000000e+00
180 184 2.072220e-03 5.205181e-03 1 3 1 3 4.736692e-16 0.000000e+00
180 185 2.072220e-03 6.552935e-03 1 3 1 3 1.540740e-16 0.000000e+00
180 186 2.072220e-03 8.249656e-03 1 3 1 3 5.233507e-17 0.000000e+00
181 176 2.608770e-03 8.249656e-04 1 3 1 3 3.300541e-16 0.000000e+00
181 177 2.608770e-03 1.038570e-03 1 3 1 3 8.511910e-16 0.000000e+00
181 178 2.608770e-03 1.307482e-03 1 3 1 3 2.235268e-15 0.000000e+00
181 179 2.608770e-03 1.646023e-03 1 3 1 3 6.075750e-15 0.000000e+00
181 180 2.608770e-03 2.072220e-03 1 3 1 3 1.776778e-14 0.000000e+00
181 181 2.608770e-03 2.608770e-03 1 3 1 3 2.681476e-12 0.000000e+00
181 182 2.608770e-03 3.284247e-03 1 3 1 3 1.521533e-14 0.000000e+00
181 183 2.608770e-03 4.134622e-03 1 3 1 3 4.181578e-15 0.000000e+00
181 184 2.608770e-03 5.205181e-03 1 3 1 3 1.249550e-15 0.000000e+00
181 185 2.608770e-03 6.552935e-03 1 3 1 3 3.969758e-16 0.000000e+00
181 186 2.608770e-03 8.249656e-03 1 3 1 3 1.329783e-16 0.000000e+00
182 176 3.284247e-03 8.249656e-04 1 3 1 3 1.061217e-16 0.000000e+00
182 177 3.284247e-03 1.038570e-03 1 3 1 3 2.710715e-16 0.000000e+00
182 178 3.284247e-03 1.307482e-03 1 3 1 3 7.004533e-16 0.000000e+00
182 179 3.284247e-03 1.646023e-03 1 3 1 3 1.846557e-15 0.000000e+00
182 180 3.284247e-03 2.072220e-03 1 3 1 3 5.064140e-15 0.000000e+00
182 181 3.284247e-03 2.608770e-03 1 3 1 3 1.521533e-14 0.000000e+00
182 182 3.284247e-03 3.284247e-03 1 3 1 3 1.698110e-12 0.000000e+00
182 183 3.284247e-03 4.134622e-03 1 3 1 3 1.285622e-14 0.000000e+00
182 184 3.284247e-03 5.205181e-03 1 3 1 3 3.448384e-15 0.000000e+00
182 185 3.284247e-03 6.552935e-03 1 3 1 3 1.043328e-15 0.000000e+00
182 186 3.284247e-03 8.249656e-03 1 3 1 3 3.411160e-16 0.000000e+00
183 176 4.134622e-03 8.249656e-04 1 3 1 3 3.430151e-17 0.000000e+00
183 177 4.134622e-03 1.038570e-03 1 3 1 3 8.694937e-17 0.000000e+00
183 178 4.134622e-03 1.307482e-03 1 3 1 3 2.221201e-16 0.000000e+00
183 179 4.134622e-03 1.646023e-03 1 3 1 3 5.742324e-16 0.000000e+00
183 180 4.134622e-03 2.072220e-03 1 3 1 3 1.516425e-15 0.000000e+00
183 181 4.134622e-03 2.608770e-03 1 3 1 3 4.181578e-15 0.000000e+00
183 182 4.134622e-03 3.284247e-03 1 3 1 3 1.285622e-14 0.000000e+00
183 183 4.134622e-03 4.134622e-03 1 3 1 3 1.076197e-12 0.000000e+00
183 184 4.134622e-03 5.205181e-03 1 3 1 3 1.077335e-14 0.000000e+00
183 185 4.134622e-03 6.552935e-03 1 3 1 3 2.866391e-15 0.000000e+00
183 186 4.134622e-03 8.249656e-03 1 3 1 3 8.907866e-16 0.000000e+00
184 176 5.205181e-03 8.249656e-04 1 3 1 3 1.113866e-17 0.000000e+00
184 177 5.205181e-03 1.038570e-03 1 3 1 3 2.833455e-17 0.000000e+00
184 178 5.205181e-03 1.307482e-03 1 3 1 3 7.182677e-17 0.000000e+00
184 179 5.205181e-03 1.646023e-03 1 3 1 3 1.834402e-16 0.000000e+00
184 180 5.205181e-03 2.072220e-03 1 3 1 3 4.736692e-16 0.000000e+00
184 181 5.205181e-03 2.608770e-03 1 3 1 3 1.249550e-15 0.000000e+00
184 182 5.205181e-03 3.284247e-03 1 3 1 3 3.448384e-15 0.000000e+00
184 183 5.205181e-03 4.134622e-03 1 3 1 3 1.077335e-14 0.000000e+00
184 184 5.205181e-03 5.205181e-03 1 3 1 3 6.819962e-13 0.000000e+00
184 185 5.205181e-03 6.552935e-03 1 3 1 3 9.010985e-15 0.000000e+00
184 186 5.205181e-03 8.249656e-03 1 3 1 3 2.423763e-15 0.000000e+00
185 176 6.552935e-03 8.249656e-04 1 3 1 3 3.764669e-18 0.000000e+00
185 177 6.552935e-03 1.038570e-03 1 3 1 3 9.414887e-18 0.000000e+00
185 178 6.552935e-03 1.307482e-03 1 3 1 3 2.386637e-17 0.000000e+00
185 179 6.552935e-03 1.646023e-03 1 3 1 3 6.042221e-17 0.000000e+00
185 180 6.552935e-03 2.072220e-03 1 3 1 3 1.540740e-16 0.000000e+00
185 181 6.552935e-03 2.608770e-03 1 3 1 3 3.969758e-16 0.000000e+00
185 182 6.552935e-03 3.284247e-03 1 3 1 3 1.043328e-15 0.000000e+00
185 183 6.552935e-03 4.134622e-03 1 3 1 3 2.866391e-15 0.000000e+00
185 184 6.552935e-03 5.205181e-03 1 3 1 3 9.010985e-15 0.000000e+00
185 185 6.552935e-03 6.552935e-03 1 3 1 3 4.320507e-13 0.000000e+00
185 186 6.552935e-03 8.249656e-03 1 3 1 3 7.577105e-15 0.000000e+00
186 176 8.249656e-03 8.249656e-04 1 3 1 3 1.267543e-18 0.000000e+00
186 177 8.249656e-03 1.038570e-03 1 3 1 3 3.232912e-18 0.000000e+00
186 178 8.249656e-03 1.307482e-03 1 3 1 3 8.234561e-18 0.000000e+00
186 179 8.249656e-03 1.646023e-03 1 3 1 3 2.064592e-17 0.000000e+00
186 180 8.249656e-03 2.072220e-03 1 3 1 3 5.233507e-17 0.000000e+00
186 181 8.249656e-03 2.608770e-03 1 3 1 3 1.329783e-16 0.000000e+00
186 182 8.249656e-03 3.284247e-03 1 3 1 3 3.411160e-16 0.000000e+00
186 183 8.249656e-03 4.134622e-03 1 3 1 3 8.907866e-16 0.000000e+00
186 184 8.249656e-03 5.205181e-03 1 3 1 3 2.423763e-15 0.000000e+00
186 185 8.249656e-03 6.552935e-03 1 3 1 3 7.577105e-15 0.000000e+00
186 186 8.249656e-03 8.249656e-03 1 3 1 3 2.738564e-13 0.000000e+00
