# Please cite the following papers in research using this covariance:
# arXiv: 1601.05779, https://arxiv.org/abs/1601.05779
# arXiv: 1911.11947, https://arxiv.org/abs/1911.11947
# arXiv: 2004.04833, https://arxiv.org/abs/2004.04833
# arXiv: 1804.10663, https://arxiv.org/abs/1804.10663
########################################################
99 187 8.249656e-04 8.249656e-04 3 3 2 2 0.000000e+00 0.000000e+00
99 188 8.249656e-04 1.038570e-03 3 3 2 2 -2.231189e-16 0.000000e+00
99 189 8.249656e-04 1.307482e-03 3 3 2 2 5.582737e-17 0.000000e+00
99 190 8.249656e-04 1.646023e-03 3 3 2 2 7.734262e-16 0.000000e+00
99 191 8.249656e-04 2.072220e-03 3 3 2 2 1.780051e-15 0.000000e+00
99 192 8.249656e-04 2.608770e-03 3 3 2 2 2.883566e-15 0.000000e+00
99 193 8.249656e-04 3.284247e-03 3 3 2 2 3.943789e-15 0.000000e+00
99 194 8.249656e-04 4.134622e-03 3 3 2 2 4.898635e-15 0.000000e+00
99 195 8.249656e-04 5.205181e-03 3 3 2 2 5.757286e-15 0.000000e+00
99 196 8.249656e-04 6.552935e-03 3 3 2 2 6.581753e-15 0.000000e+00
99 197 8.249656e-04 8.249656e-03 3 3 2 2 7.466283e-15 0.000000e+00
100 187 1.038570e-03 8.249656e-04 3 3 2 2 -8.444695e-17 0.000000e+00
100 188 1.038570e-03 1.038570e-03 3 3 2 2 0.000000e+00 0.000000e+00
100 189 1.038570e-03 1.307482e-03 3 3 2 2 -3.533246e-16 0.000000e+00
100 190 1.038570e-03 1.646023e-03 3 3 2 2 -7.772190e-18 0.000000e+00
100 191 1.038570e-03 2.072220e-03 3 3 2 2 8.787417e-16 0.000000e+00
100 192 1.038570e-03 2.608770e-03 3 3 2 2 2.056391e-15 0.000000e+00
100 193 1.038570e-03 3.284247e-03 3 3 2 2 3.276054e-15 0.000000e+00
100 194 1.038570e-03 4.134622e-03 3 3 2 2 4.399725e-15 0.000000e+00
100 195 1.038570e-03 5.205181e-03 3 3 2 2 5.400860e-15 0.000000e+00
100 196 1.038570e-03 6.552935e-03 3 3 2 2 6.332296e-15 0.000000e+00
100 197 1.038570e-03 8.249656e-03 3 3 2 2 7.291904e-15 0.000000e+00
101 187 1.307482e-03 8.249656e-04 3 3 2 2 -3.586533e-17 0.000000e+00
101 188 1.307482e-03 1.038570e-03 3 3 2 2 -1.078165e-16 0.000000e+00
101 189 1.307482e-03 1.307482e-03 3 3 2 2 0.000000e+00 0.000000e+00
101 190 1.307482e-03 1.646023e-03 3 3 2 2 -5.134733e-16 0.000000e+00
101 191 1.307482e-03 2.072220e-03 3 3 2 2 -9.077752e-17 0.000000e+00
101 192 1.307482e-03 2.608770e-03 3 3 2 2 9.792789e-16 0.000000e+00
101 193 1.307482e-03 3.284247e-03 3 3 2 2 2.325218e-15 0.000000e+00
101 194 1.307482e-03 4.134622e-03 3 3 2 2 3.655718e-15 0.000000e+00
101 195 1.307482e-03 5.205181e-03 3 3 2 2 4.855802e-15 0.000000e+00
101 196 1.307482e-03 6.552935e-03 3 3 2 2 5.945376e-15 0.000000e+00
101 197 1.307482e-03 8.249656e-03 3 3 2 2 7.019205e-15 0.000000e+00
102 187 1.646023e-03 8.249656e-04 3 3 2 2 -1.301635e-17 0.000000e+00
102 188 1.646023e-03 1.038570e-03 3 3 2 2 -3.992697e-17 0.000000e+00
102 189 1.646023e-03 1.307482e-03 3 3 2 2 -1.249311e-16 0.000000e+00
102 190 1.646023e-03 1.646023e-03 3 3 2 2 0.000000e+00 0.000000e+00
102 191 1.646023e-03 2.072220e-03 3 3 2 2 -6.951533e-16 0.000000e+00
102 192 1.646023e-03 2.608770e-03 3 3 2 2 -1.823111e-16 0.000000e+00
102 193 1.646023e-03 3.284247e-03 3 3 2 2 1.080881e-15 0.000000e+00
102 194 1.646023e-03 4.134622e-03 3 3 2 2 2.592662e-15 0.000000e+00
102 195 1.646023e-03 5.205181e-03 3 3 2 2 4.041548e-15 0.000000e+00
102 196 1.646023e-03 6.552935e-03 3 3 2 2 5.353291e-15 0.000000e+00
102 197 1.646023e-03 8.249656e-03 3 3 2 2 6.596204e-15 0.000000e+00
103 187 2.072220e-03 8.249656e-04 3 3 2 2 -3.796790e-18 0.000000e+00
103 188 2.072220e-03 1.038570e-03 3 3 2 2 -1.302124e-17 0.000000e+00
103 189 2.072220e-03 1.307482e-03 3 3 2 2 -3.896982e-17 0.000000e+00
103 190 2.072220e-03 1.646023e-03 3 3 2 2 -1.327502e-16 0.000000e+00
103 191 2.072220e-03 2.072220e-03 3 3 2 2 0.000000e+00 0.000000e+00
103 192 2.072220e-03 2.608770e-03 3 3 2 2 -8.849990e-16 0.000000e+00
103 193 2.072220e-03 3.284247e-03 3 3 2 2 -2.685471e-16 0.000000e+00
103 194 2.072220e-03 4.134622e-03 3 3 2 2 1.193794e-15 0.000000e+00
103 195 2.072220e-03 5.205181e-03 3 3 2 2 2.874639e-15 0.000000e+00
103 196 2.072220e-03 6.552935e-03 3 3 2 2 4.467760e-15 0.000000e+00
103 197 2.072220e-03 8.249656e-03 3 3 2 2 5.948811e-15 0.000000e+00
104 187 2.608770e-03 8.249656e-04 3 3 2 2 -5.511910e-19 0.000000e+00
104 188 2.608770e-03 1.038570e-03 3 3 2 2 -3.805970e-18 0.000000e+00
104 189 2.608770e-03 1.307482e-03 3 3 2 2 -1.069219e-17 0.000000e+00
104 190 2.608770e-03 1.646023e-03 3 3 2 2 -3.396074e-17 0.000000e+00
104 191 2.608770e-03 2.072220e-03 3 3 2 2 -1.297863e-16 0.000000e+00
104 192 2.608770e-03 2.608770e-03 3 3 2 2 0.000000e+00 0.000000e+00
104 193 2.608770e-03 3.284247e-03 3 3 2 2 -1.069148e-15 0.000000e+00
104 194 2.608770e-03 4.134622e-03 3 3 2 2 -3.352772e-16 0.000000e+00
104 195 2.608770e-03 5.205181e-03 3 3 2 2 1.331055e-15 0.000000e+00
104 196 2.608770e-03 6.552935e-03 3 3 2 2 3.196018e-15 0.000000e+00
104 197 2.608770e-03 8.249656e-03 3 3 2 2 4.980211e-15 0.000000e+00
105 187 3.284247e-03 8.249656e-04 3 3 2 2 4.317107e-19 0.000000e+00
105 188 3.284247e-03 1.038570e-03 3 3 2 2 -1.075263e-18 0.000000e+00
105 189 3.284247e-03 1.307482e-03 3 3 2 2 -2.631243e-18 0.000000e+00
105 190 3.284247e-03 1.646023e-03 3 3 2 2 -7.595320e-18 0.000000e+00
105 191 3.284247e-03 2.072220e-03 3 3 2 2 -2.671065e-17 0.000000e+00
105 192 3.284247e-03 2.608770e-03 3 3 2 2 -1.167150e-16 0.000000e+00
105 193 3.284247e-03 3.284247e-03 3 3 2 2 0.000000e+00 0.000000e+00
105 194 3.284247e-03 4.134622e-03 3 3 2 2 -1.236225e-15 0.000000e+00
105 195 3.284247e-03 5.205181e-03 3 3 2 2 -3.716442e-16 0.000000e+00
105 196 3.284247e-03 6.552935e-03 3 3 2 2 1.506771e-15 0.000000e+00
105 197 3.284247e-03 8.249656e-03 3 3 2 2 3.587940e-15 0.000000e+00
106 187 4.134622e-03 8.249656e-04 3 3 2 2 6.827934e-19 0.000000e+00
106 188 4.134622e-03 1.038570e-03 3 3 2 2 -3.905640e-19 0.000000e+00
106 189 4.134622e-03 1.307482e-03 3 3 2 2 -6.734323e-19 0.000000e+00
106 190 4.134622e-03 1.646023e-03 3 3 2 2 -1.521739e-18 0.000000e+00
106 191 4.134622e-03 2.072220e-03 3 3 2 2 -5.127171e-18 0.000000e+00
106 192 4.134622e-03 2.608770e-03 3 3 2 2 -1.914942e-17 0.000000e+00
106 193 4.134622e-03 3.284247e-03 3 3 2 2 -9.798088e-17 0.000000e+00
106 194 4.134622e-03 4.134622e-03 3 3 2 2 0.000000e+00 0.000000e+00
106 195 4.134622e-03 5.205181e-03 3 3 2 2 -1.380913e-15 0.000000e+00
106 196 4.134622e-03 6.552935e-03 3 3 2 2 -3.730735e-16 0.000000e+00
106 197 4.134622e-03 8.249656e-03 3 3 2 2 1.734251e-15 0.000000e+00
107 187 5.205181e-03 8.249656e-04 3 3 2 2 7.331017e-19 0.000000e+00
107 188 5.205181e-03 1.038570e-03 3 3 2 2 -2.530344e-19 0.000000e+00
107 189 5.205181e-03 1.307482e-03 3 3 2 2 -2.870133e-19 0.000000e+00
107 190 5.205181e-03 1.646023e-03 3 3 2 2 -3.611753e-19 0.000000e+00
107 191 5.205181e-03 2.072220e-03 3 3 2 2 -1.258952e-18 0.000000e+00
107 192 5.205181e-03 2.608770e-03 3 3 2 2 -3.786368e-18 0.000000e+00
107 193 5.205181e-03 3.284247e-03 3 3 2 2 -1.409549e-17 0.000000e+00
107 194 5.205181e-03 4.134622e-03 3 3 2 2 -8.011125e-17 0.000000e+00
107 195 5.205181e-03 5.205181e-03 3 3 2 2 0.000000e+00 0.000000e+00
107 196 5.205181e-03 6.552935e-03 3 3 2 2 -1.506391e-15 0.000000e+00
107 197 5.205181e-03 8.249656e-03 3 3 2 2 -3.428883e-16 0.000000e+00
108 187 6.552935e-03 8.249656e-04 3 3 2 2 7.414364e-19 0.000000e+00
108 188 6.552935e-03 1.038570e-03 3 3 2 2 -2.285935e-19 0.000000e+00
108 189 6.552935e-03 1.307482e-03 3 3 2 2 -2.205058e-19 0.000000e+00
108 190 6.552935e-03 1.646023e-03 3 3 2 2 -1.703113e-19 0.000000e+00
108 191 6.552935e-03 2.072220e-03 3 3 2 2 -6.624751e-19 0.000000e+00
108 192 6.552935e-03 2.608770e-03 3 3 2 2 -1.651335e-18 0.000000e+00
108 193 6.552935e-03 3.284247e-03 3 3 2 2 -4.474135e-18 0.000000e+00
108 194 6.552935e-03 4.134622e-03 3 3 2 2 -1.391198e-17 0.000000e+00
108 195 6.552935e-03 5.205181e-03 3 3 2 2 -7.052630e-17 0.000000e+00
108 196 6.552935e-03 6.552935e-03 3 3 2 2 0.000000e+00 0.000000e+00
108 197 6.552935e-03 8.249656e-03 3 3 2 2 -1.625425e-15 0.000000e+00
109 187 8.249656e-03 8.249656e-04 3 3 2 2 7.440053e-19 0.000000e+00
109 188 8.249656e-03 1.038570e-03 3 3 2 2 -2.182763e-19 0.000000e+00
109 189 8.249656e-03 1.307482e-03 3 3 2 2 -1.953051e-19 0.000000e+00
109 190 8.249656e-03 1.646023e-03 3 3 2 2 -1.064967e-19 0.000000e+00
109 191 8.249656e-03 2.072220e-03 3 3 2 2 -4.936485e-19 0.000000e+00
109 192 8.249656e-03 2.608770e-03 3 3 2 2 -1.181541e-18 0.000000e+00
109 193 8.249656e-03 3.284247e-03 3 3 2 2 -2.984431e-18 0.000000e+00
109 194 8.249656e-03 4.134622e-03 3 3 2 2 -7.600335e-18 0.000000e+00
109 195 8.249656e-03 5.205181e-03 3 3 2 2 -2.027617e-17 0.000000e+00
109 196 8.249656e-03 6.552935e-03 3 3 2 2 -7.621375e-17 0.000000e+00
109 197 8.249656e-03 8.249656e-03 3 3 2 2 0.000000e+00 0.000000e+00
