# Please cite the following papers in research using this covariance:
# arXiv: 1601.05779, https://arxiv.org/abs/1601.05779
# arXiv: 1911.11947, https://arxiv.org/abs/1911.11947
# arXiv: 2004.04833, https://arxiv.org/abs/2004.04833
# arXiv: 1804.10663, https://arxiv.org/abs/1804.10663
########################################################
0 143 8.249656e-04 8.249656e-04 0 0 0 3 0.000000e+00 0.000000e+00
0 144 8.249656e-04 1.038570e-03 0 0 0 3 -1.137522e-14 0.000000e+00
0 145 8.249656e-04 1.307482e-03 0 0 0 3 -5.110560e-15 0.000000e+00
0 146 8.249656e-04 1.646023e-03 0 0 0 3 4.804026e-15 0.000000e+00
0 147 8.249656e-04 2.072220e-03 0 0 0 3 1.210123e-14 0.000000e+00
0 148 8.249656e-04 2.608770e-03 0 0 0 3 1.592017e-14 0.000000e+00
0 149 8.249656e-04 3.284247e-03 0 0 0 3 1.703417e-14 0.000000e+00
0 150 8.249656e-04 4.134622e-03 0 0 0 3 1.644559e-14 0.000000e+00
0 151 8.249656e-04 5.205181e-03 0 0 0 3 1.496636e-14 0.000000e+00
0 152 8.249656e-04 6.552935e-03 0 0 0 3 1.315016e-14 0.000000e+00
0 153 8.249656e-04 8.249656e-03 0 0 0 3 1.133151e-14 0.000000e+00
1 143 1.038570e-03 8.249656e-04 0 0 0 3 1.834757e-16 0.000000e+00
1 144 1.038570e-03 1.038570e-03 0 0 0 3 0.000000e+00 0.000000e+00
1 145 1.038570e-03 1.307482e-03 0 0 0 3 -1.114587e-14 0.000000e+00
1 146 1.038570e-03 1.646023e-03 0 0 0 3 -5.019480e-15 0.000000e+00
1 147 1.038570e-03 2.072220e-03 0 0 0 3 4.284305e-15 0.000000e+00
1 148 1.038570e-03 2.608770e-03 0 0 0 3 1.080601e-14 0.000000e+00
1 149 1.038570e-03 3.284247e-03 0 0 0 3 1.398543e-14 0.000000e+00
1 150 1.038570e-03 4.134622e-03 0 0 0 3 1.472301e-14 0.000000e+00
1 151 1.038570e-03 5.205181e-03 0 0 0 3 1.402467e-14 0.000000e+00
1 152 1.038570e-03 6.552935e-03 0 0 0 3 1.264517e-14 0.000000e+00
1 153 1.038570e-03 8.249656e-03 0 0 0 3 1.106311e-14 0.000000e+00
2 143 1.307482e-03 8.249656e-04 0 0 0 3 1.277654e-16 0.000000e+00
2 144 1.307482e-03 1.038570e-03 0 0 0 3 3.118067e-16 0.000000e+00
2 145 1.307482e-03 1.307482e-03 0 0 0 3 0.000000e+00 0.000000e+00
2 146 1.307482e-03 1.646023e-03 0 0 0 3 -1.072311e-14 0.000000e+00
2 147 1.307482e-03 2.072220e-03 0 0 0 3 -4.808051e-15 0.000000e+00
2 148 1.307482e-03 2.608770e-03 0 0 0 3 3.772315e-15 0.000000e+00
2 149 1.307482e-03 3.284247e-03 0 0 0 3 9.496809e-15 0.000000e+00
2 150 1.307482e-03 4.134622e-03 0 0 0 3 1.210191e-14 0.000000e+00
2 151 1.307482e-03 5.205181e-03 0 0 0 3 1.256672e-14 0.000000e+00
2 152 1.307482e-03 6.552935e-03 0 0 0 3 1.185591e-14 0.000000e+00
2 153 1.307482e-03 8.249656e-03 0 0 0 3 1.064135e-14 0.000000e+00
3 143 1.646023e-03 8.249656e-04 0 0 0 3 5.660242e-17 0.000000e+00
3 144 1.646023e-03 1.038570e-03 0 0 0 3 1.557928e-16 0.000000e+00
3 145 1.646023e-03 1.307482e-03 0 0 0 3 4.311195e-16 0.000000e+00
3 146 1.646023e-03 1.646023e-03 0 0 0 3 0.000000e+00 0.000000e+00
3 147 1.646023e-03 2.072220e-03 0 0 0 3 -1.012077e-14 0.000000e+00
3 148 1.646023e-03 2.608770e-03 0 0 0 3 -4.488241e-15 0.000000e+00
3 149 1.646023e-03 3.284247e-03 0 0 0 3 3.287479e-15 0.000000e+00
3 150 1.646023e-03 4.134622e-03 0 0 0 3 8.230374e-15 0.000000e+00
3 151 1.646023e-03 5.205181e-03 0 0 0 3 1.034458e-14 0.000000e+00
3 152 1.646023e-03 6.552935e-03 0 0 0 3 1.063305e-14 0.000000e+00
3 153 1.646023e-03 8.249656e-03 0 0 0 3 9.981947e-15 0.000000e+00
4 143 2.072220e-03 8.249656e-04 0 0 0 3 2.278581e-17 0.000000e+00
4 144 2.072220e-03 1.038570e-03 0 0 0 3 6.166146e-17 0.000000e+00
4 145 2.072220e-03 1.307482e-03 0 0 0 3 1.758346e-16 0.000000e+00
4 146 2.072220e-03 1.646023e-03 0 0 0 3 5.300480e-16 0.000000e+00
4 147 2.072220e-03 2.072220e-03 0 0 0 3 0.000000e+00 0.000000e+00
4 148 2.072220e-03 2.608770e-03 0 0 0 3 -9.367469e-15 0.000000e+00
4 149 2.072220e-03 3.284247e-03 0 0 0 3 -4.082418e-15 0.000000e+00
4 150 2.072220e-03 4.134622e-03 0 0 0 3 2.843685e-15 0.000000e+00
4 151 2.072220e-03 5.205181e-03 0 0 0 3 7.052822e-15 0.000000e+00
4 152 2.072220e-03 6.552935e-03 0 0 0 3 8.766977e-15 0.000000e+00
4 153 2.072220e-03 8.249656e-03 0 0 0 3 8.959966e-15 0.000000e+00
5 143 2.608770e-03 8.249656e-04 0 0 0 3 8.757175e-18 0.000000e+00
5 144 2.608770e-03 1.038570e-03 0 0 0 3 2.272220e-17 0.000000e+00
5 145 2.608770e-03 1.307482e-03 0 0 0 3 6.273822e-17 0.000000e+00
5 146 2.608770e-03 1.646023e-03 0 0 0 3 1.843810e-16 0.000000e+00
5 147 2.608770e-03 2.072220e-03 0 0 0 3 5.991080e-16 0.000000e+00
5 148 2.608770e-03 2.608770e-03 0 0 0 3 0.000000e+00 0.000000e+00
5 149 2.608770e-03 3.284247e-03 0 0 0 3 -8.504058e-15 0.000000e+00
5 150 2.608770e-03 4.134622e-03 0 0 0 3 -3.620939e-15 0.000000e+00
5 151 2.608770e-03 5.205181e-03 0 0 0 3 2.448414e-15 0.000000e+00
5 152 2.608770e-03 6.552935e-03 0 0 0 3 5.996522e-15 0.000000e+00
5 153 2.608770e-03 8.249656e-03 0 0 0 3 7.399275e-15 0.000000e+00
6 143 3.284247e-03 8.249656e-04 0 0 0 3 3.234490e-18 0.000000e+00
6 144 3.284247e-03 1.038570e-03 0 0 0 3 7.889256e-18 0.000000e+00
6 145 3.284247e-03 1.307482e-03 0 0 0 3 2.127919e-17 0.000000e+00
6 146 3.284247e-03 1.646023e-03 0 0 0 3 5.977883e-17 0.000000e+00
6 147 3.284247e-03 2.072220e-03 0 0 0 3 1.810648e-16 0.000000e+00
6 148 3.284247e-03 2.608770e-03 0 0 0 3 6.326824e-16 0.000000e+00
6 149 3.284247e-03 3.284247e-03 0 0 0 3 0.000000e+00 0.000000e+00
6 150 3.284247e-03 4.134622e-03 0 0 0 3 -7.578842e-15 0.000000e+00
6 151 3.284247e-03 5.205181e-03 0 0 0 3 -3.137605e-15 0.000000e+00
6 152 3.284247e-03 6.552935e-03 0 0 0 3 2.104270e-15 0.000000e+00
6 153 3.284247e-03 8.249656e-03 0 0 0 3 5.079076e-15 0.000000e+00
7 143 4.134622e-03 8.249656e-04 0 0 0 3 1.243191e-18 0.000000e+00
7 144 4.134622e-03 1.038570e-03 0 0 0 3 2.621068e-18 0.000000e+00
7 145 4.134622e-03 1.307482e-03 0 0 0 3 6.927642e-18 0.000000e+00
7 146 4.134622e-03 1.646023e-03 0 0 0 3 1.884732e-17 0.000000e+00
7 147 4.134622e-03 2.072220e-03 0 0 0 3 5.360323e-17 0.000000e+00
7 148 4.134622e-03 2.608770e-03 0 0 0 3 1.673922e-16 0.000000e+00
7 149 4.134622e-03 3.284247e-03 0 0 0 3 6.296268e-16 0.000000e+00
7 150 4.134622e-03 4.134622e-03 0 0 0 3 0.000000e+00 0.000000e+00
7 151 4.134622e-03 5.205181e-03 0 0 0 3 -6.640956e-15 0.000000e+00
7 152 4.134622e-03 6.552935e-03 0 0 0 3 -2.664202e-15 0.000000e+00
7 153 4.134622e-03 8.249656e-03 0 0 0 3 1.809743e-15 0.000000e+00
8 143 5.205181e-03 8.249656e-04 0 0 0 3 5.089896e-19 0.000000e+00
8 144 5.205181e-03 1.038570e-03 0 0 0 3 7.986336e-19 0.000000e+00
8 145 5.205181e-03 1.307482e-03 0 0 0 3 2.125232e-18 0.000000e+00
8 146 5.205181e-03 1.646023e-03 0 0 0 3 5.740882e-18 0.000000e+00
8 147 5.205181e-03 2.072220e-03 0 0 0 3 1.565224e-17 0.000000e+00
8 148 5.205181e-03 2.608770e-03 0 0 0 3 4.536267e-17 0.000000e+00
8 149 5.205181e-03 3.284247e-03 0 0 0 3 1.462590e-16 0.000000e+00
8 150 5.205181e-03 4.134622e-03 0 0 0 3 5.940860e-16 0.000000e+00
8 151 5.205181e-03 5.205181e-03 0 0 0 3 0.000000e+00 0.000000e+00
8 152 5.205181e-03 6.552935e-03 0 0 0 3 -5.734952e-15 0.000000e+00
8 153 5.205181e-03 8.249656e-03 0 0 0 3 -2.226671e-15 0.000000e+00
9 143 6.552935e-03 8.249656e-04 0 0 0 3 3.079753e-19 0.000000e+00
9 144 6.552935e-03 1.038570e-03 0 0 0 3 2.114132e-19 0.000000e+00
9 145 6.552935e-03 1.307482e-03 0 0 0 3 6.314363e-19 0.000000e+00
9 146 6.552935e-03 1.646023e-03 0 0 0 3 1.712919e-18 0.000000e+00
9 147 6.552935e-03 2.072220e-03 0 0 0 3 4.508283e-18 0.000000e+00
9 148 6.552935e-03 2.608770e-03 0 0 0 3 1.242803e-17 0.000000e+00
9 149 6.552935e-03 3.284247e-03 0 0 0 3 3.650156e-17 0.000000e+00
9 150 6.552935e-03 4.134622e-03 0 0 0 3 1.213014e-16 0.000000e+00
9 151 6.552935e-03 5.205181e-03 0 0 0 3 5.338790e-16 0.000000e+00
9 152 6.552935e-03 6.552935e-03 0 0 0 3 0.000000e+00 0.000000e+00
9 153 6.552935e-03 8.249656e-03 0 0 0 3 -4.896182e-15 0.000000e+00
10 143 8.249656e-03 8.249656e-04 0 0 0 3 2.201898e-19 0.000000e+00
10 144 8.249656e-03 1.038570e-03 0 0 0 3 2.845791e-20 0.000000e+00
10 145 8.249656e-03 1.307482e-03 0 0 0 3 1.634266e-19 0.000000e+00
10 146 8.249656e-03 1.646023e-03 0 0 0 3 4.811209e-19 0.000000e+00
10 147 8.249656e-03 2.072220e-03 0 0 0 3 1.253805e-18 0.000000e+00
10 148 8.249656e-03 2.608770e-03 0 0 0 3 3.352745e-18 0.000000e+00
10 149 8.249656e-03 3.284247e-03 0 0 0 3 9.357795e-18 0.000000e+00
10 150 8.249656e-03 4.134622e-03 0 0 0 3 2.797980e-17 0.000000e+00
10 151 8.249656e-03 5.205181e-03 0 0 0 3 9.591001e-17 0.000000e+00
10 152 8.249656e-03 6.552935e-03 0 0 0 3 4.589341e-16 0.000000e+00
10 153 8.249656e-03 8.249656e-03 0 0 0 3 0.000000e+00 0.000000e+00
