# Please cite the following papers in research using this covariance:
# arXiv: 1601.05779, https://arxiv.org/abs/1601.05779
# arXiv: 1911.11947, https://arxiv.org/abs/1911.11947
# arXiv: 2004.04833, https://arxiv.org/abs/2004.04833
# arXiv: 1804.10663, https://arxiv.org/abs/1804.10663
########################################################
22 22 8.249656e-04 8.249656e-04 0 2 0 2 1.651135e-11 0.000000e+00
22 23 8.249656e-04 1.038570e-03 0 2 0 2 2.020913e-13 0.000000e+00
22 24 8.249656e-04 1.307482e-03 0 2 0 2 1.676834e-13 0.000000e+00
22 25 8.249656e-04 1.646023e-03 0 2 0 2 1.405597e-13 0.000000e+00
22 26 8.249656e-04 2.072220e-03 0 2 0 2 1.194420e-13 0.000000e+00
22 27 8.249656e-04 2.608770e-03 0 2 0 2 1.028575e-13 0.000000e+00
22 28 8.249656e-04 3.284247e-03 0 2 0 2 8.958695e-14 0.000000e+00
22 29 8.249656e-04 4.134622e-03 0 2 0 2 7.868805e-14 0.000000e+00
22 30 8.249656e-04 5.205181e-03 0 2 0 2 6.945927e-14 0.000000e+00
22 31 8.249656e-04 6.552935e-03 0 2 0 2 6.139701e-14 0.000000e+00
22 32 8.249656e-04 8.249656e-03 0 2 0 2 5.415564e-14 0.000000e+00
23 22 1.038570e-03 8.249656e-04 0 2 0 2 2.020913e-13 0.000000e+00
23 23 1.038570e-03 1.038570e-03 0 2 0 2 1.047259e-11 0.000000e+00
23 24 1.038570e-03 1.307482e-03 0 2 0 2 1.748516e-13 0.000000e+00
23 25 1.038570e-03 1.646023e-03 0 2 0 2 1.443129e-13 0.000000e+00
23 26 1.038570e-03 2.072220e-03 0 2 0 2 1.212763e-13 0.000000e+00
23 27 1.038570e-03 2.608770e-03 0 2 0 2 1.037247e-13 0.000000e+00
23 28 1.038570e-03 3.284247e-03 0 2 0 2 8.998644e-14 0.000000e+00
23 29 1.038570e-03 4.134622e-03 0 2 0 2 7.886819e-14 0.000000e+00
23 30 1.038570e-03 5.205181e-03 0 2 0 2 6.953949e-14 0.000000e+00
23 31 1.038570e-03 6.552935e-03 0 2 0 2 6.143281e-14 0.000000e+00
23 32 1.038570e-03 8.249656e-03 0 2 0 2 5.417203e-14 0.000000e+00
24 22 1.307482e-03 8.249656e-04 0 2 0 2 1.676834e-13 0.000000e+00
24 23 1.307482e-03 1.038570e-03 0 2 0 2 1.748516e-13 0.000000e+00
24 24 1.307482e-03 1.307482e-03 0 2 0 2 6.637138e-12 0.000000e+00
24 25 1.307482e-03 1.646023e-03 0 2 0 2 1.513526e-13 0.000000e+00
24 26 1.307482e-03 2.072220e-03 0 2 0 2 1.246083e-13 0.000000e+00
24 27 1.307482e-03 2.608770e-03 0 2 0 2 1.052397e-13 0.000000e+00
24 28 1.307482e-03 3.284247e-03 0 2 0 2 9.066401e-14 0.000000e+00
24 29 1.307482e-03 4.134622e-03 0 2 0 2 7.916739e-14 0.000000e+00
24 30 1.307482e-03 5.205181e-03 0 2 0 2 6.967076e-14 0.000000e+00
24 31 1.307482e-03 6.552935e-03 0 2 0 2 6.149093e-14 0.000000e+00
24 32 1.307482e-03 8.249656e-03 0 2 0 2 5.419859e-14 0.000000e+00
25 22 1.646023e-03 8.249656e-04 0 2 0 2 1.405597e-13 0.000000e+00
25 23 1.646023e-03 1.038570e-03 0 2 0 2 1.443129e-13 0.000000e+00
25 24 1.646023e-03 1.307482e-03 0 2 0 2 1.513526e-13 0.000000e+00
25 25 1.646023e-03 1.646023e-03 0 2 0 2 4.209211e-12 0.000000e+00
25 26 1.646023e-03 2.072220e-03 0 2 0 2 1.312223e-13 0.000000e+00
25 27 1.646023e-03 2.608770e-03 0 2 0 2 1.080701e-13 0.000000e+00
25 28 1.646023e-03 3.284247e-03 0 2 0 2 9.186528e-14 0.000000e+00
25 29 1.646023e-03 4.134622e-03 0 2 0 2 7.967873e-14 0.000000e+00
25 30 1.646023e-03 5.205181e-03 0 2 0 2 6.988941e-14 0.000000e+00
25 31 1.646023e-03 6.552935e-03 0 2 0 2 6.158592e-14 0.000000e+00
25 32 1.646023e-03 8.249656e-03 0 2 0 2 5.424141e-14 0.000000e+00
26 22 2.072220e-03 8.249656e-04 0 2 0 2 1.194420e-13 0.000000e+00
26 23 2.072220e-03 1.038570e-03 0 2 0 2 1.212763e-13 0.000000e+00
26 24 2.072220e-03 1.307482e-03 0 2 0 2 1.246083e-13 0.000000e+00
26 25 2.072220e-03 1.646023e-03 0 2 0 2 1.312223e-13 0.000000e+00
26 26 2.072220e-03 2.072220e-03 0 2 0 2 2.668774e-12 0.000000e+00
26 27 2.072220e-03 2.608770e-03 0 2 0 2 1.140363e-13 0.000000e+00
26 28 2.072220e-03 3.284247e-03 0 2 0 2 9.417355e-14 0.000000e+00
26 29 2.072220e-03 4.134622e-03 0 2 0 2 8.059796e-14 0.000000e+00
26 30 2.072220e-03 5.205181e-03 0 2 0 2 7.026540e-14 0.000000e+00
26 31 2.072220e-03 6.552935e-03 0 2 0 2 6.174439e-14 0.000000e+00
26 32 2.072220e-03 8.249656e-03 0 2 0 2 5.431140e-14 0.000000e+00
27 22 2.608770e-03 8.249656e-04 0 2 0 2 1.028575e-13 0.000000e+00
27 23 2.608770e-03 1.038570e-03 0 2 0 2 1.037247e-13 0.000000e+00
27 24 2.608770e-03 1.307482e-03 0 2 0 2 1.052397e-13 0.000000e+00
27 25 2.608770e-03 1.646023e-03 0 2 0 2 1.080701e-13 0.000000e+00
27 26 2.608770e-03 2.072220e-03 0 2 0 2 1.140363e-13 0.000000e+00
27 27 2.608770e-03 2.608770e-03 0 2 0 2 1.691019e-12 0.000000e+00
27 28 2.608770e-03 3.284247e-03 0 2 0 2 9.935645e-14 0.000000e+00
27 29 2.608770e-03 4.134622e-03 0 2 0 2 8.241294e-14 0.000000e+00
27 30 2.608770e-03 5.205181e-03 0 2 0 2 7.094955e-14 0.000000e+00
27 31 2.608770e-03 6.552935e-03 0 2 0 2 6.201789e-14 0.000000e+00
27 32 2.608770e-03 8.249656e-03 0 2 0 2 5.442801e-14 0.000000e+00
28 22 3.284247e-03 8.249656e-04 0 2 0 2 8.958695e-14 0.000000e+00
28 23 3.284247e-03 1.038570e-03 0 2 0 2 8.998644e-14 0.000000e+00
28 24 3.284247e-03 1.307482e-03 0 2 0 2 9.066401e-14 0.000000e+00
28 25 3.284247e-03 1.646023e-03 0 2 0 2 9.186528e-14 0.000000e+00
28 26 3.284247e-03 2.072220e-03 0 2 0 2 9.417355e-14 0.000000e+00
28 27 3.284247e-03 2.608770e-03 0 2 0 2 9.935645e-14 0.000000e+00
28 28 3.284247e-03 3.284247e-03 0 2 0 2 1.070879e-12 0.000000e+00
28 29 3.284247e-03 4.134622e-03 0 2 0 2 8.676230e-14 0.000000e+00
28 30 3.284247e-03 5.205181e-03 0 2 0 2 7.233381e-14 0.000000e+00
28 31 3.284247e-03 6.552935e-03 0 2 0 2 6.251917e-14 0.000000e+00
28 32 3.284247e-03 8.249656e-03 0 2 0 2 5.462902e-14 0.000000e+00
29 22 4.134622e-03 8.249656e-04 0 2 0 2 7.868805e-14 0.000000e+00
29 23 4.134622e-03 1.038570e-03 0 2 0 2 7.886819e-14 0.000000e+00
29 24 4.134622e-03 1.307482e-03 0 2 0 2 7.916739e-14 0.000000e+00
29 25 4.134622e-03 1.646023e-03 0 2 0 2 7.967873e-14 0.000000e+00
29 26 4.134622e-03 2.072220e-03 0 2 0 2 8.059796e-14 0.000000e+00
29 27 4.134622e-03 2.608770e-03 0 2 0 2 8.241294e-14 0.000000e+00
29 28 4.134622e-03 3.284247e-03 0 2 0 2 8.676230e-14 0.000000e+00
29 29 4.134622e-03 4.134622e-03 0 2 0 2 6.786820e-13 0.000000e+00
29 30 4.134622e-03 5.205181e-03 0 2 0 2 7.587287e-14 0.000000e+00
29 31 4.134622e-03 6.552935e-03 0 2 0 2 6.355240e-14 0.000000e+00
29 32 4.134622e-03 8.249656e-03 0 2 0 2 5.499754e-14 0.000000e+00
30 22 5.205181e-03 8.249656e-04 0 2 0 2 6.945927e-14 0.000000e+00
30 23 5.205181e-03 1.038570e-03 0 2 0 2 6.953949e-14 0.000000e+00
30 24 5.205181e-03 1.307482e-03 0 2 0 2 6.967076e-14 0.000000e+00
30 25 5.205181e-03 1.646023e-03 0 2 0 2 6.988941e-14 0.000000e+00
30 26 5.205181e-03 2.072220e-03 0 2 0 2 7.026540e-14 0.000000e+00
30 27 5.205181e-03 2.608770e-03 0 2 0 2 7.094955e-14 0.000000e+00
30 28 5.205181e-03 3.284247e-03 0 2 0 2 7.233381e-14 0.000000e+00
30 29 5.205181e-03 4.134622e-03 0 2 0 2 7.587287e-14 0.000000e+00
30 30 5.205181e-03 5.205181e-03 0 2 0 2 4.300873e-13 0.000000e+00
30 31 5.205181e-03 6.552935e-03 0 2 0 2 6.635841e-14 0.000000e+00
30 32 5.205181e-03 8.249656e-03 0 2 0 2 5.576305e-14 0.000000e+00
31 22 6.552935e-03 8.249656e-04 0 2 0 2 6.139701e-14 0.000000e+00
31 23 6.552935e-03 1.038570e-03 0 2 0 2 6.143281e-14 0.000000e+00
31 24 6.552935e-03 1.307482e-03 0 2 0 2 6.149093e-14 0.000000e+00
31 25 6.552935e-03 1.646023e-03 0 2 0 2 6.158592e-14 0.000000e+00
31 26 6.552935e-03 2.072220e-03 0 2 0 2 6.174439e-14 0.000000e+00
31 27 6.552935e-03 2.608770e-03 0 2 0 2 6.201789e-14 0.000000e+00
31 28 6.552935e-03 3.284247e-03 0 2 0 2 6.251917e-14 0.000000e+00
31 29 6.552935e-03 4.134622e-03 0 2 0 2 6.355240e-14 0.000000e+00
31 30 6.552935e-03 5.205181e-03 0 2 0 2 6.635841e-14 0.000000e+00
31 31 6.552935e-03 6.552935e-03 0 2 0 2 2.724642e-13 0.000000e+00
31 32 6.552935e-03 8.249656e-03 0 2 0 2 5.794616e-14 0.000000e+00
32 22 8.249656e-03 8.249656e-04 0 2 0 2 5.415564e-14 0.000000e+00
32 23 8.249656e-03 1.038570e-03 0 2 0 2 5.417203e-14 0.000000e+00
32 24 8.249656e-03 1.307482e-03 0 2 0 2 5.419859e-14 0.000000e+00
32 25 8.249656e-03 1.646023e-03 0 2 0 2 5.424141e-14 0.000000e+00
32 26 8.249656e-03 2.072220e-03 0 2 0 2 5.431140e-14 0.000000e+00
32 27 8.249656e-03 2.608770e-03 0 2 0 2 5.442801e-14 0.000000e+00
32 28 8.249656e-03 3.284247e-03 0 2 0 2 5.462902e-14 0.000000e+00
32 29 8.249656e-03 4.134622e-03 0 2 0 2 5.499754e-14 0.000000e+00
32 30 8.249656e-03 5.205181e-03 0 2 0 2 5.576305e-14 0.000000e+00
32 31 8.249656e-03 6.552935e-03 0 2 0 2 5.794616e-14 0.000000e+00
32 32 8.249656e-03 8.249656e-03 0 2 0 2 1.727021e-13 0.000000e+00
