# Please cite the following papers in research using this covariance:
# arXiv: 1601.05779, https://arxiv.org/abs/1601.05779
# arXiv: 1911.11947, https://arxiv.org/abs/1911.11947
# arXiv: 2004.04833, https://arxiv.org/abs/2004.04833
# arXiv: 1804.10663, https://arxiv.org/abs/1804.10663
########################################################
44 77 8.249656e-04 8.249656e-04 1 1 2 2 0.000000e+00 0.000000e+00
44 78 8.249656e-04 1.038570e-03 1 1 2 2 7.729116e-14 0.000000e+00
44 79 8.249656e-04 1.307482e-03 1 1 2 2 7.624908e-14 0.000000e+00
44 80 8.249656e-04 1.646023e-03 1 1 2 2 7.491143e-14 0.000000e+00
44 81 8.249656e-04 2.072220e-03 1 1 2 2 7.332106e-14 0.000000e+00
44 82 8.249656e-04 2.608770e-03 1 1 2 2 7.151928e-14 0.000000e+00
44 83 8.249656e-04 3.284247e-03 1 1 2 2 6.953158e-14 0.000000e+00
44 84 8.249656e-04 4.134622e-03 1 1 2 2 6.735877e-14 0.000000e+00
44 85 8.249656e-04 5.205181e-03 1 1 2 2 6.497372e-14 0.000000e+00
44 86 8.249656e-04 6.552935e-03 1 1 2 2 6.232391e-14 0.000000e+00
44 87 8.249656e-04 8.249656e-03 1 1 2 2 5.933870e-14 0.000000e+00
45 77 1.038570e-03 8.249656e-04 1 1 2 2 7.729116e-14 0.000000e+00
45 78 1.038570e-03 1.038570e-03 1 1 2 2 0.000000e+00 0.000000e+00
45 79 1.038570e-03 1.307482e-03 1 1 2 2 7.595776e-14 0.000000e+00
45 80 1.038570e-03 1.646023e-03 1 1 2 2 7.475140e-14 0.000000e+00
45 81 1.038570e-03 2.072220e-03 1 1 2 2 7.323460e-14 0.000000e+00
45 82 1.038570e-03 2.608770e-03 1 1 2 2 7.147009e-14 0.000000e+00
45 83 1.038570e-03 3.284247e-03 1 1 2 2 6.949997e-14 0.000000e+00
45 84 1.038570e-03 4.134622e-03 1 1 2 2 6.733552e-14 0.000000e+00
45 85 1.038570e-03 5.205181e-03 1 1 2 2 6.495523e-14 0.000000e+00
45 86 1.038570e-03 6.552935e-03 1 1 2 2 6.230901e-14 0.000000e+00
45 87 1.038570e-03 8.249656e-03 1 1 2 2 5.932703e-14 0.000000e+00
46 77 1.307482e-03 8.249656e-04 1 1 2 2 7.624908e-14 0.000000e+00
46 78 1.307482e-03 1.038570e-03 1 1 2 2 7.595776e-14 0.000000e+00
46 79 1.307482e-03 1.307482e-03 1 1 2 2 0.000000e+00 0.000000e+00
46 80 1.307482e-03 1.646023e-03 1 1 2 2 7.445659e-14 0.000000e+00
46 81 1.307482e-03 2.072220e-03 1 1 2 2 7.308144e-14 0.000000e+00
46 82 1.307482e-03 2.608770e-03 1 1 2 2 7.138681e-14 0.000000e+00
46 83 1.307482e-03 3.284247e-03 1 1 2 2 6.944849e-14 0.000000e+00
46 84 1.307482e-03 4.134622e-03 1 1 2 2 6.729854e-14 0.000000e+00
46 85 1.307482e-03 5.205181e-03 1 1 2 2 6.492610e-14 0.000000e+00
46 86 1.307482e-03 6.552935e-03 1 1 2 2 6.228564e-14 0.000000e+00
46 87 1.307482e-03 8.249656e-03 1 1 2 2 5.930878e-14 0.000000e+00
47 77 1.646023e-03 8.249656e-04 1 1 2 2 7.491143e-14 0.000000e+00
47 78 1.646023e-03 1.038570e-03 1 1 2 2 7.475140e-14 0.000000e+00
47 79 1.646023e-03 1.307482e-03 1 1 2 2 7.445659e-14 0.000000e+00
47 80 1.646023e-03 1.646023e-03 1 1 2 2 0.000000e+00 0.000000e+00
47 81 1.646023e-03 2.072220e-03 1 1 2 2 7.278804e-14 0.000000e+00
47 82 1.646023e-03 2.608770e-03 1 1 2 2 7.123797e-14 0.000000e+00
47 83 1.646023e-03 3.284247e-03 1 1 2 2 6.936211e-14 0.000000e+00
47 84 1.646023e-03 4.134622e-03 1 1 2 2 6.723879e-14 0.000000e+00
47 85 1.646023e-03 5.205181e-03 1 1 2 2 6.487971e-14 0.000000e+00
47 86 1.646023e-03 6.552935e-03 1 1 2 2 6.224855e-14 0.000000e+00
47 87 1.646023e-03 8.249656e-03 1 1 2 2 5.927985e-14 0.000000e+00
48 77 2.072220e-03 8.249656e-04 1 1 2 2 7.332106e-14 0.000000e+00
48 78 2.072220e-03 1.038570e-03 1 1 2 2 7.323460e-14 0.000000e+00
48 79 2.072220e-03 1.307482e-03 1 1 2 2 7.308144e-14 0.000000e+00
48 80 2.072220e-03 1.646023e-03 1 1 2 2 7.278804e-14 0.000000e+00
48 81 2.072220e-03 2.072220e-03 1 1 2 2 0.000000e+00 0.000000e+00
48 82 2.072220e-03 2.608770e-03 1 1 2 2 7.094526e-14 0.000000e+00
48 83 2.072220e-03 3.284247e-03 1 1 2 2 6.920970e-14 0.000000e+00
48 84 2.072220e-03 4.134622e-03 1 1 2 2 6.714046e-14 0.000000e+00
48 85 2.072220e-03 5.205181e-03 1 1 2 2 6.480545e-14 0.000000e+00
48 86 2.072220e-03 6.552935e-03 1 1 2 2 6.218959e-14 0.000000e+00
48 87 2.072220e-03 8.249656e-03 1 1 2 2 5.923387e-14 0.000000e+00
49 77 2.608770e-03 8.249656e-04 1 1 2 2 7.151928e-14 0.000000e+00
49 78 2.608770e-03 1.038570e-03 1 1 2 2 7.147009e-14 0.000000e+00
49 79 2.608770e-03 1.307482e-03 1 1 2 2 7.138681e-14 0.000000e+00
49 80 2.608770e-03 1.646023e-03 1 1 2 2 7.123797e-14 0.000000e+00
49 81 2.608770e-03 2.072220e-03 1 1 2 2 7.094526e-14 0.000000e+00
49 82 2.608770e-03 2.608770e-03 1 1 2 2 0.000000e+00 0.000000e+00
49 83 2.608770e-03 3.284247e-03 1 1 2 2 6.891010e-14 0.000000e+00
49 84 2.608770e-03 4.134622e-03 1 1 2 2 6.697219e-14 0.000000e+00
49 85 2.608770e-03 5.205181e-03 1 1 2 2 6.468557e-14 0.000000e+00
49 86 2.608770e-03 6.552935e-03 1 1 2 2 6.209583e-14 0.000000e+00
49 87 2.608770e-03 8.249656e-03 1 1 2 2 5.916091e-14 0.000000e+00
50 77 3.284247e-03 8.249656e-04 1 1 2 2 6.953158e-14 0.000000e+00
50 78 3.284247e-03 1.038570e-03 1 1 2 2 6.949997e-14 0.000000e+00
50 79 3.284247e-03 1.307482e-03 1 1 2 2 6.944849e-14 0.000000e+00
50 80 3.284247e-03 1.646023e-03 1 1 2 2 6.936211e-14 0.000000e+00
50 81 3.284247e-03 2.072220e-03 1 1 2 2 6.920970e-14 0.000000e+00
50 82 3.284247e-03 2.608770e-03 1 1 2 2 6.891010e-14 0.000000e+00
50 83 3.284247e-03 3.284247e-03 1 1 2 2 0.000000e+00 0.000000e+00
50 84 3.284247e-03 4.134622e-03 1 1 2 2 6.665131e-14 0.000000e+00
50 85 3.284247e-03 5.205181e-03 1 1 2 2 6.448675e-14 0.000000e+00
50 86 3.284247e-03 6.552935e-03 1 1 2 2 6.194594e-14 0.000000e+00
50 87 3.284247e-03 8.249656e-03 1 1 2 2 5.904495e-14 0.000000e+00
51 77 4.134622e-03 8.249656e-04 1 1 2 2 6.735877e-14 0.000000e+00
51 78 4.134622e-03 1.038570e-03 1 1 2 2 6.733552e-14 0.000000e+00
51 79 4.134622e-03 1.307482e-03 1 1 2 2 6.729854e-14 0.000000e+00
51 80 4.134622e-03 1.646023e-03 1 1 2 2 6.723879e-14 0.000000e+00
51 81 4.134622e-03 2.072220e-03 1 1 2 2 6.714046e-14 0.000000e+00
51 82 4.134622e-03 2.608770e-03 1 1 2 2 6.697219e-14 0.000000e+00
51 83 4.134622e-03 3.284247e-03 1 1 2 2 6.665131e-14 0.000000e+00
51 84 4.134622e-03 4.134622e-03 1 1 2 2 0.000000e+00 0.000000e+00
51 85 4.134622e-03 5.205181e-03 1 1 2 2 6.412553e-14 0.000000e+00
51 86 4.134622e-03 6.552935e-03 1 1 2 2 6.170277e-14 0.000000e+00
51 87 4.134622e-03 8.249656e-03 1 1 2 2 5.886015e-14 0.000000e+00
52 77 5.205181e-03 8.249656e-04 1 1 2 2 6.497372e-14 0.000000e+00
52 78 5.205181e-03 1.038570e-03 1 1 2 2 6.495523e-14 0.000000e+00
52 79 5.205181e-03 1.307482e-03 1 1 2 2 6.492610e-14 0.000000e+00
52 80 5.205181e-03 1.646023e-03 1 1 2 2 6.487971e-14 0.000000e+00
52 81 5.205181e-03 2.072220e-03 1 1 2 2 6.480545e-14 0.000000e+00
52 82 5.205181e-03 2.608770e-03 1 1 2 2 6.468557e-14 0.000000e+00
52 83 5.205181e-03 3.284247e-03 1 1 2 2 6.448675e-14 0.000000e+00
52 84 5.205181e-03 4.134622e-03 1 1 2 2 6.412553e-14 0.000000e+00
52 85 5.205181e-03 5.205181e-03 1 1 2 2 0.000000e+00 0.000000e+00
52 86 5.205181e-03 6.552935e-03 1 1 2 2 6.128106e-14 0.000000e+00
52 87 5.205181e-03 8.249656e-03 1 1 2 2 5.856325e-14 0.000000e+00
53 77 6.552935e-03 8.249656e-04 1 1 2 2 6.232391e-14 0.000000e+00
53 78 6.552935e-03 1.038570e-03 1 1 2 2 6.230901e-14 0.000000e+00
53 79 6.552935e-03 1.307482e-03 1 1 2 2 6.228564e-14 0.000000e+00
53 80 6.552935e-03 1.646023e-03 1 1 2 2 6.224855e-14 0.000000e+00
53 81 6.552935e-03 2.072220e-03 1 1 2 2 6.218959e-14 0.000000e+00
53 82 6.552935e-03 2.608770e-03 1 1 2 2 6.209583e-14 0.000000e+00
53 83 6.552935e-03 3.284247e-03 1 1 2 2 6.194594e-14 0.000000e+00
53 84 6.552935e-03 4.134622e-03 1 1 2 2 6.170277e-14 0.000000e+00
53 85 6.552935e-03 5.205181e-03 1 1 2 2 6.128106e-14 0.000000e+00
53 86 6.552935e-03 6.552935e-03 1 1 2 2 0.000000e+00 0.000000e+00
53 87 6.552935e-03 8.249656e-03 1 1 2 2 5.806471e-14 0.000000e+00
54 77 8.249656e-03 8.249656e-04 1 1 2 2 5.933870e-14 0.000000e+00
54 78 8.249656e-03 1.038570e-03 1 1 2 2 5.932703e-14 0.000000e+00
54 79 8.249656e-03 1.307482e-03 1 1 2 2 5.930878e-14 0.000000e+00
54 80 8.249656e-03 1.646023e-03 1 1 2 2 5.927985e-14 0.000000e+00
54 81 8.249656e-03 2.072220e-03 1 1 2 2 5.923387e-14 0.000000e+00
54 82 8.249656e-03 2.608770e-03 1 1 2 2 5.916091e-14 0.000000e+00
54 83 8.249656e-03 3.284247e-03 1 1 2 2 5.904495e-14 0.000000e+00
54 84 8.249656e-03 4.134622e-03 1 1 2 2 5.886015e-14 0.000000e+00
54 85 8.249656e-03 5.205181e-03 1 1 2 2 5.856325e-14 0.000000e+00
54 86 8.249656e-03 6.552935e-03 1 1 2 2 5.806471e-14 0.000000e+00
54 87 8.249656e-03 8.249656e-03 1 1 2 2 0.000000e+00 0.000000e+00
