# Please cite the following papers in research using this covariance:
# arXiv: 1601.05779, https://arxiv.org/abs/1601.05779
# arXiv: 1911.11947, https://arxiv.org/abs/1911.11947
# arXiv: 2004.04833, https://arxiv.org/abs/2004.04833
# arXiv: 1804.10663, https://arxiv.org/abs/1804.10663
########################################################
143 154 8.249656e-04 8.249656e-04 0 3 1 1 0.000000e+00 0.000000e+00
143 155 8.249656e-04 1.038570e-03 0 3 1 1 2.412571e-17 0.000000e+00
143 156 8.249656e-04 1.307482e-03 0 3 1 1 1.801290e-17 0.000000e+00
143 157 8.249656e-04 1.646023e-03 0 3 1 1 1.137937e-17 0.000000e+00
143 158 8.249656e-04 2.072220e-03 0 3 1 1 6.437362e-18 0.000000e+00
143 159 8.249656e-04 2.608770e-03 0 3 1 1 3.345429e-18 0.000000e+00
143 160 8.249656e-04 3.284247e-03 0 3 1 1 1.621021e-18 0.000000e+00
143 161 8.249656e-04 4.134622e-03 0 3 1 1 7.412344e-19 0.000000e+00
143 162 8.249656e-04 5.205181e-03 0 3 1 1 3.239869e-19 0.000000e+00
143 163 8.249656e-04 6.552935e-03 0 3 1 1 1.374361e-19 0.000000e+00
143 164 8.249656e-04 8.249656e-03 0 3 1 1 5.755807e-20 0.000000e+00
144 154 1.038570e-03 8.249656e-04 0 3 1 1 2.412571e-17 0.000000e+00
144 155 1.038570e-03 1.038570e-03 0 3 1 1 0.000000e+00 0.000000e+00
144 156 1.038570e-03 1.307482e-03 0 3 1 1 3.601670e-17 0.000000e+00
144 157 1.038570e-03 1.646023e-03 0 3 1 1 2.561294e-17 0.000000e+00
144 158 1.038570e-03 2.072220e-03 0 3 1 1 1.531022e-17 0.000000e+00
144 159 1.038570e-03 2.608770e-03 0 3 1 1 8.178917e-18 0.000000e+00
144 160 1.038570e-03 3.284247e-03 0 3 1 1 4.019354e-18 0.000000e+00
144 161 1.038570e-03 4.134622e-03 0 3 1 1 1.850966e-18 0.000000e+00
144 162 1.038570e-03 5.205181e-03 0 3 1 1 8.117779e-19 0.000000e+00
144 163 1.038570e-03 6.552935e-03 0 3 1 1 3.448531e-19 0.000000e+00
144 164 1.038570e-03 8.249656e-03 0 3 1 1 1.445067e-19 0.000000e+00
145 154 1.307482e-03 8.249656e-04 0 3 1 1 1.801290e-17 0.000000e+00
145 155 1.307482e-03 1.038570e-03 0 3 1 1 3.601670e-17 0.000000e+00
145 156 1.307482e-03 1.307482e-03 0 3 1 1 0.000000e+00 0.000000e+00
145 157 1.307482e-03 1.646023e-03 0 3 1 1 5.163913e-17 0.000000e+00
145 158 1.307482e-03 2.072220e-03 0 3 1 1 3.477447e-17 0.000000e+00
145 159 1.307482e-03 2.608770e-03 0 3 1 1 1.959114e-17 0.000000e+00
145 160 1.307482e-03 3.284247e-03 0 3 1 1 9.875496e-18 0.000000e+00
145 161 1.307482e-03 4.134622e-03 0 3 1 1 4.603867e-18 0.000000e+00
145 162 1.307482e-03 5.205181e-03 0 3 1 1 2.030644e-18 0.000000e+00
145 163 1.307482e-03 6.552935e-03 0 3 1 1 8.647504e-19 0.000000e+00
145 164 1.307482e-03 8.249656e-03 0 3 1 1 3.627179e-19 0.000000e+00
146 154 1.646023e-03 8.249656e-04 0 3 1 1 1.137937e-17 0.000000e+00
146 155 1.646023e-03 1.038570e-03 0 3 1 1 2.561294e-17 0.000000e+00
146 156 1.646023e-03 1.307482e-03 0 3 1 1 5.163913e-17 0.000000e+00
146 157 1.646023e-03 1.646023e-03 0 3 1 1 0.000000e+00 0.000000e+00
146 158 1.646023e-03 2.072220e-03 0 3 1 1 7.091609e-17 0.000000e+00
146 159 1.646023e-03 2.608770e-03 0 3 1 1 4.499508e-17 0.000000e+00
146 160 1.646023e-03 3.284247e-03 0 3 1 1 2.384615e-17 0.000000e+00
146 161 1.646023e-03 4.134622e-03 0 3 1 1 1.136959e-17 0.000000e+00
146 162 1.646023e-03 5.205181e-03 0 3 1 1 5.065268e-18 0.000000e+00
146 163 1.646023e-03 6.552935e-03 0 3 1 1 2.165978e-18 0.000000e+00
146 164 1.646023e-03 8.249656e-03 0 3 1 1 9.098300e-19 0.000000e+00
147 154 2.072220e-03 8.249656e-04 0 3 1 1 6.437362e-18 0.000000e+00
147 155 2.072220e-03 1.038570e-03 0 3 1 1 1.531022e-17 0.000000e+00
147 156 2.072220e-03 1.307482e-03 0 3 1 1 3.477447e-17 0.000000e+00
147 157 2.072220e-03 1.646023e-03 0 3 1 1 7.091609e-17 0.000000e+00
147 158 2.072220e-03 2.072220e-03 0 3 1 1 0.000000e+00 0.000000e+00
147 159 2.072220e-03 2.608770e-03 0 3 1 1 9.314608e-17 0.000000e+00
147 160 2.072220e-03 3.284247e-03 0 3 1 1 5.548168e-17 0.000000e+00
147 161 2.072220e-03 4.134622e-03 0 3 1 1 2.768775e-17 0.000000e+00
147 162 2.072220e-03 5.205181e-03 0 3 1 1 1.256881e-17 0.000000e+00
147 163 2.072220e-03 6.552935e-03 0 3 1 1 5.414609e-18 0.000000e+00
147 164 2.072220e-03 8.249656e-03 0 3 1 1 2.280462e-18 0.000000e+00
148 154 2.608770e-03 8.249656e-04 0 3 1 1 3.345429e-18 0.000000e+00
148 155 2.608770e-03 1.038570e-03 0 3 1 1 8.178917e-18 0.000000e+00
148 156 2.608770e-03 1.307482e-03 0 3 1 1 1.959114e-17 0.000000e+00
148 157 2.608770e-03 1.646023e-03 0 3 1 1 4.499508e-17 0.000000e+00
148 158 2.608770e-03 2.072220e-03 0 3 1 1 9.314608e-17 0.000000e+00
148 159 2.608770e-03 2.608770e-03 0 3 1 1 0.000000e+00 0.000000e+00
148 160 2.608770e-03 3.284247e-03 0 3 1 1 1.170212e-16 0.000000e+00
148 161 2.608770e-03 4.134622e-03 0 3 1 1 6.534097e-17 0.000000e+00
148 162 2.608770e-03 5.205181e-03 0 3 1 1 3.085817e-17 0.000000e+00
148 163 2.608770e-03 6.552935e-03 0 3 1 1 1.348614e-17 0.000000e+00
148 164 2.608770e-03 8.249656e-03 0 3 1 1 5.707466e-18 0.000000e+00
149 154 3.284247e-03 8.249656e-04 0 3 1 1 1.621021e-18 0.000000e+00
149 155 3.284247e-03 1.038570e-03 0 3 1 1 4.019354e-18 0.000000e+00
149 156 3.284247e-03 1.307482e-03 0 3 1 1 9.875496e-18 0.000000e+00
149 157 3.284247e-03 1.646023e-03 0 3 1 1 2.384615e-17 0.000000e+00
149 158 3.284247e-03 2.072220e-03 0 3 1 1 5.548168e-17 0.000000e+00
149 159 3.284247e-03 2.608770e-03 0 3 1 1 1.170212e-16 0.000000e+00
149 160 3.284247e-03 3.284247e-03 0 3 1 1 0.000000e+00 0.000000e+00
149 161 3.284247e-03 4.134622e-03 0 3 1 1 1.408844e-16 0.000000e+00
149 162 3.284247e-03 5.205181e-03 0 3 1 1 7.387222e-17 0.000000e+00
149 163 3.284247e-03 6.552935e-03 0 3 1 1 3.333440e-17 0.000000e+00
149 164 3.284247e-03 8.249656e-03 0 3 1 1 1.424652e-17 0.000000e+00
150 154 4.134622e-03 8.249656e-04 0 3 1 1 7.412344e-19 0.000000e+00
150 155 4.134622e-03 1.038570e-03 0 3 1 1 1.850966e-18 0.000000e+00
150 156 4.134622e-03 1.307482e-03 0 3 1 1 4.603867e-18 0.000000e+00
150 157 4.134622e-03 1.646023e-03 0 3 1 1 1.136959e-17 0.000000e+00
150 158 4.134622e-03 2.072220e-03 0 3 1 1 2.768775e-17 0.000000e+00
150 159 4.134622e-03 2.608770e-03 0 3 1 1 6.534097e-17 0.000000e+00
150 160 4.134622e-03 3.284247e-03 0 3 1 1 1.408844e-16 0.000000e+00
150 161 4.134622e-03 4.134622e-03 0 3 1 1 0.000000e+00 0.000000e+00
150 162 4.134622e-03 5.205181e-03 0 3 1 1 1.631847e-16 0.000000e+00
150 163 4.134622e-03 6.552935e-03 0 3 1 1 8.082992e-17 0.000000e+00
150 164 4.134622e-03 8.249656e-03 0 3 1 1 3.536656e-17 0.000000e+00
151 154 5.205181e-03 8.249656e-04 0 3 1 1 3.239869e-19 0.000000e+00
151 155 5.205181e-03 1.038570e-03 0 3 1 1 8.117779e-19 0.000000e+00
151 156 5.205181e-03 1.307482e-03 0 3 1 1 2.030644e-18 0.000000e+00
151 157 5.205181e-03 1.646023e-03 0 3 1 1 5.065268e-18 0.000000e+00
151 158 5.205181e-03 2.072220e-03 0 3 1 1 1.256881e-17 0.000000e+00
151 159 5.205181e-03 2.608770e-03 0 3 1 1 3.085817e-17 0.000000e+00
151 160 5.205181e-03 3.284247e-03 0 3 1 1 7.387222e-17 0.000000e+00
151 161 5.205181e-03 4.134622e-03 0 3 1 1 1.631847e-16 0.000000e+00
151 162 5.205181e-03 5.205181e-03 0 3 1 1 0.000000e+00 0.000000e+00
151 163 5.205181e-03 6.552935e-03 0 3 1 1 1.829801e-16 0.000000e+00
151 164 5.205181e-03 8.249656e-03 0 3 1 1 8.657284e-17 0.000000e+00
152 154 6.552935e-03 8.249656e-04 0 3 1 1 1.374361e-19 0.000000e+00
152 155 6.552935e-03 1.038570e-03 0 3 1 1 3.448531e-19 0.000000e+00
152 156 6.552935e-03 1.307482e-03 0 3 1 1 8.647504e-19 0.000000e+00
152 157 6.552935e-03 1.646023e-03 0 3 1 1 2.165978e-18 0.000000e+00
152 158 6.552935e-03 2.072220e-03 0 3 1 1 5.414609e-18 0.000000e+00
152 159 6.552935e-03 2.608770e-03 0 3 1 1 1.348614e-17 0.000000e+00
152 160 6.552935e-03 3.284247e-03 0 3 1 1 3.333440e-17 0.000000e+00
152 161 6.552935e-03 4.134622e-03 0 3 1 1 8.082992e-17 0.000000e+00
152 162 6.552935e-03 5.205181e-03 0 3 1 1 1.829801e-16 0.000000e+00
152 163 6.552935e-03 6.552935e-03 0 3 1 1 0.000000e+00 0.000000e+00
152 164 6.552935e-03 8.249656e-03 0 3 1 1 2.003238e-16 0.000000e+00
153 154 8.249656e-03 8.249656e-04 0 3 1 1 5.755807e-20 0.000000e+00
153 155 8.249656e-03 1.038570e-03 0 3 1 1 1.445067e-19 0.000000e+00
153 156 8.249656e-03 1.307482e-03 0 3 1 1 3.627179e-19 0.000000e+00
153 157 8.249656e-03 1.646023e-03 0 3 1 1 9.098300e-19 0.000000e+00
153 158 8.249656e-03 2.072220e-03 0 3 1 1 2.280462e-18 0.000000e+00
153 159 8.249656e-03 2.608770e-03 0 3 1 1 5.707466e-18 0.000000e+00
153 160 8.249656e-03 3.284247e-03 0 3 1 1 1.424652e-17 0.000000e+00
153 161 8.249656e-03 4.134622e-03 0 3 1 1 3.536656e-17 0.000000e+00
153 162 8.249656e-03 5.205181e-03 0 3 1 1 8.657284e-17 0.000000e+00
153 163 8.249656e-03 6.552935e-03 0 3 1 1 2.003238e-16 0.000000e+00
153 164 8.249656e-03 8.249656e-03 0 3 1 1 0.000000e+00 0.000000e+00
