# Please cite the following papers in research using this covariance:
# arXiv: 1601.05779, https://arxiv.org/abs/1601.05779
# arXiv: 1911.11947, https://arxiv.org/abs/1911.11947
# arXiv: 2004.04833, https://arxiv.org/abs/2004.04833
# arXiv: 1804.10663, https://arxiv.org/abs/1804.10663
########################################################
66 121 8.249656e-04 8.249656e-04 1 3 0 1 0.000000e+00 0.000000e+00
66 122 8.249656e-04 1.038570e-03 1 3 0 1 -6.460730e-15 0.000000e+00
66 123 8.249656e-04 1.307482e-03 1 3 0 1 -2.886345e-15 0.000000e+00
66 124 8.249656e-04 1.646023e-03 1 3 0 1 2.790364e-15 0.000000e+00
66 125 8.249656e-04 2.072220e-03 1 3 0 1 7.010581e-15 0.000000e+00
66 126 8.249656e-04 2.608770e-03 1 3 0 1 9.275650e-15 0.000000e+00
66 127 8.249656e-04 3.284247e-03 1 3 0 1 1.001234e-14 0.000000e+00
66 128 8.249656e-04 4.134622e-03 1 3 0 1 9.779303e-15 0.000000e+00
66 129 8.249656e-04 5.205181e-03 1 3 0 1 9.031145e-15 0.000000e+00
66 130 8.249656e-04 6.552935e-03 1 3 0 1 8.080840e-15 0.000000e+00
66 131 8.249656e-04 8.249656e-03 1 3 0 1 7.121709e-15 0.000000e+00
67 121 1.038570e-03 8.249656e-04 1 3 0 1 9.902272e-17 0.000000e+00
67 122 1.038570e-03 1.038570e-03 1 3 0 1 0.000000e+00 0.000000e+00
67 123 1.038570e-03 1.307482e-03 1 3 0 1 -6.338944e-15 0.000000e+00
67 124 1.038570e-03 1.646023e-03 1 3 0 1 -2.837202e-15 0.000000e+00
67 125 1.038570e-03 2.072220e-03 1 3 0 1 2.508378e-15 0.000000e+00
67 126 1.038570e-03 2.608770e-03 1 3 0 1 6.307229e-15 0.000000e+00
67 127 1.038570e-03 3.284247e-03 1 3 0 1 8.224585e-15 0.000000e+00
67 128 1.038570e-03 4.134622e-03 1 3 0 1 8.756077e-15 0.000000e+00
67 129 1.038570e-03 5.205181e-03 1 3 0 1 8.462847e-15 0.000000e+00
67 130 1.038570e-03 6.552935e-03 1 3 0 1 7.770214e-15 0.000000e+00
67 131 1.038570e-03 8.249656e-03 1 3 0 1 6.952783e-15 0.000000e+00
68 121 1.307482e-03 8.249656e-04 1 3 0 1 6.979726e-17 0.000000e+00
68 122 1.307482e-03 1.038570e-03 1 3 0 1 1.691275e-16 0.000000e+00
68 123 1.307482e-03 1.307482e-03 1 3 0 1 0.000000e+00 0.000000e+00
68 124 1.307482e-03 1.646023e-03 1 3 0 1 -6.111143e-15 0.000000e+00
68 125 1.307482e-03 2.072220e-03 1 3 0 1 -2.722677e-15 0.000000e+00
68 126 1.307482e-03 2.608770e-03 1 3 0 1 2.230142e-15 0.000000e+00
68 127 1.307482e-03 3.284247e-03 1 3 0 1 5.595790e-15 0.000000e+00
68 128 1.307482e-03 4.134622e-03 1 3 0 1 7.200774e-15 0.000000e+00
68 129 1.307482e-03 5.205181e-03 1 3 0 1 7.583740e-15 0.000000e+00
68 130 1.307482e-03 6.552935e-03 1 3 0 1 7.285043e-15 0.000000e+00
68 131 1.307482e-03 8.249656e-03 1 3 0 1 6.687469e-15 0.000000e+00
69 121 1.646023e-03 8.249656e-04 1 3 0 1 3.092001e-17 0.000000e+00
69 122 1.646023e-03 1.038570e-03 1 3 0 1 8.463602e-17 0.000000e+00
69 123 1.646023e-03 1.307482e-03 1 3 0 1 2.341086e-16 0.000000e+00
69 124 1.646023e-03 1.646023e-03 1 3 0 1 0.000000e+00 0.000000e+00
69 125 1.646023e-03 2.072220e-03 1 3 0 1 -5.785380e-15 0.000000e+00
69 126 1.646023e-03 2.608770e-03 1 3 0 1 -2.549452e-15 0.000000e+00
69 127 1.646023e-03 3.284247e-03 1 3 0 1 1.966331e-15 0.000000e+00
69 128 1.646023e-03 4.134622e-03 1 3 0 1 4.907383e-15 0.000000e+00
69 129 1.646023e-03 5.205181e-03 1 3 0 1 6.245680e-15 0.000000e+00
69 130 1.646023e-03 6.552935e-03 1 3 0 1 6.534130e-15 0.000000e+00
69 131 1.646023e-03 8.249656e-03 1 3 0 1 6.272980e-15 0.000000e+00
70 121 2.072220e-03 8.249656e-04 1 3 0 1 1.252559e-17 0.000000e+00
70 122 2.072220e-03 1.038570e-03 1 3 0 1 3.338489e-17 0.000000e+00
70 123 2.072220e-03 1.307482e-03 1 3 0 1 9.537144e-17 0.000000e+00
70 124 2.072220e-03 1.646023e-03 1 3 0 1 2.877657e-16 0.000000e+00
70 125 2.072220e-03 2.072220e-03 1 3 0 1 0.000000e+00 0.000000e+00
70 126 2.072220e-03 2.608770e-03 1 3 0 1 -5.377258e-15 0.000000e+00
70 127 2.072220e-03 3.284247e-03 1 3 0 1 -2.329520e-15 0.000000e+00
70 128 2.072220e-03 4.134622e-03 1 3 0 1 1.725027e-15 0.000000e+00
70 129 2.072220e-03 5.205181e-03 1 3 0 1 4.267897e-15 0.000000e+00
70 130 2.072220e-03 6.552935e-03 1 3 0 1 5.390172e-15 0.000000e+00
70 131 2.072220e-03 8.249656e-03 1 3 0 1 5.631394e-15 0.000000e+00
71 121 2.608770e-03 8.249656e-04 1 3 0 1 4.931102e-18 0.000000e+00
71 122 2.608770e-03 1.038570e-03 1 3 0 1 1.227732e-17 0.000000e+00
71 123 2.608770e-03 1.307482e-03 1 3 0 1 3.398204e-17 0.000000e+00
71 124 2.608770e-03 1.646023e-03 1 3 0 1 1.000070e-16 0.000000e+00
71 125 2.608770e-03 2.072220e-03 1 3 0 1 3.251577e-16 0.000000e+00
71 126 2.608770e-03 2.608770e-03 1 3 0 1 0.000000e+00 0.000000e+00
71 127 2.608770e-03 3.284247e-03 1 3 0 1 -4.908784e-15 0.000000e+00
71 128 2.608770e-03 4.134622e-03 1 3 0 1 -2.078755e-15 0.000000e+00
71 129 2.608770e-03 5.205181e-03 1 3 0 1 1.511219e-15 0.000000e+00
71 130 2.608770e-03 6.552935e-03 1 3 0 1 3.696443e-15 0.000000e+00
71 131 2.608770e-03 8.249656e-03 1 3 0 1 4.653607e-15 0.000000e+00
72 121 3.284247e-03 8.249656e-04 1 3 0 1 1.944170e-18 0.000000e+00
72 122 3.284247e-03 1.038570e-03 1 3 0 1 4.252978e-18 0.000000e+00
72 123 3.284247e-03 1.307482e-03 1 3 0 1 1.154470e-17 0.000000e+00
72 124 3.284247e-03 1.646023e-03 1 3 0 1 3.250787e-17 0.000000e+00
72 125 3.284247e-03 2.072220e-03 1 3 0 1 9.835054e-17 0.000000e+00
72 126 3.284247e-03 2.608770e-03 1 3 0 1 3.436224e-16 0.000000e+00
72 127 3.284247e-03 3.284247e-03 1 3 0 1 0.000000e+00 0.000000e+00
72 128 3.284247e-03 4.134622e-03 1 3 0 1 -4.405743e-15 0.000000e+00
72 129 3.284247e-03 5.205181e-03 1 3 0 1 -1.814655e-15 0.000000e+00
72 130 3.284247e-03 6.552935e-03 1 3 0 1 1.327531e-15 0.000000e+00
72 131 3.284247e-03 8.249656e-03 1 3 0 1 3.204790e-15 0.000000e+00
73 121 4.134622e-03 8.249656e-04 1 3 0 1 8.651285e-19 0.000000e+00
73 122 4.134622e-03 1.038570e-03 1 3 0 1 1.398218e-18 0.000000e+00
73 123 4.134622e-03 1.307482e-03 1 3 0 1 3.767901e-18 0.000000e+00
73 124 4.134622e-03 1.646023e-03 1 3 0 1 1.033284e-17 0.000000e+00
73 125 4.134622e-03 2.072220e-03 1 3 0 1 2.929547e-17 0.000000e+00
73 126 4.134622e-03 2.608770e-03 1 3 0 1 9.129242e-17 0.000000e+00
73 127 4.134622e-03 3.284247e-03 1 3 0 1 3.426497e-16 0.000000e+00
73 128 4.134622e-03 4.134622e-03 1 3 0 1 0.000000e+00 0.000000e+00
73 129 4.134622e-03 5.205181e-03 1 3 0 1 -3.894361e-15 0.000000e+00
73 130 4.134622e-03 6.552935e-03 1 3 0 1 -1.553691e-15 0.000000e+00
73 131 4.134622e-03 8.249656e-03 1 3 0 1 1.174454e-15 0.000000e+00
74 121 5.205181e-03 8.249656e-04 1 3 0 1 4.632590e-19 0.000000e+00
74 122 5.205181e-03 1.038570e-03 1 3 0 1 4.028959e-19 0.000000e+00
74 123 5.205181e-03 1.307482e-03 1 3 0 1 1.147204e-18 0.000000e+00
74 124 5.205181e-03 1.646023e-03 1 3 0 1 3.188454e-18 0.000000e+00
74 125 5.205181e-03 2.072220e-03 1 3 0 1 8.637909e-18 0.000000e+00
74 126 5.205181e-03 2.608770e-03 1 3 0 1 2.498411e-17 0.000000e+00
74 127 5.205181e-03 3.284247e-03 1 3 0 1 8.025164e-17 0.000000e+00
74 128 5.205181e-03 4.134622e-03 1 3 0 1 3.243678e-16 0.000000e+00
74 129 5.205181e-03 5.205181e-03 1 3 0 1 0.000000e+00 0.000000e+00
74 130 5.205181e-03 6.552935e-03 1 3 0 1 -3.398701e-15 0.000000e+00
74 131 5.205181e-03 8.249656e-03 1 3 0 1 -1.309543e-15 0.000000e+00
75 121 6.552935e-03 8.249656e-04 1 3 0 1 3.525928e-19 0.000000e+00
75 122 6.552935e-03 1.038570e-03 1 3 0 1 7.874979e-20 0.000000e+00
75 123 6.552935e-03 1.307482e-03 1 3 0 1 3.236612e-19 0.000000e+00
75 124 6.552935e-03 1.646023e-03 1 3 0 1 9.692519e-19 0.000000e+00
75 125 6.552935e-03 2.072220e-03 1 3 0 1 2.508006e-18 0.000000e+00
75 126 6.552935e-03 2.608770e-03 1 3 0 1 6.912897e-18 0.000000e+00
75 127 6.552935e-03 3.284247e-03 1 3 0 1 2.025190e-17 0.000000e+00
75 128 6.552935e-03 4.134622e-03 1 3 0 1 6.698887e-17 0.000000e+00
75 129 6.552935e-03 5.205181e-03 1 3 0 1 2.926265e-16 0.000000e+00
75 130 6.552935e-03 6.552935e-03 1 3 0 1 0.000000e+00 0.000000e+00
75 131 6.552935e-03 8.249656e-03 1 3 0 1 -2.938389e-15 0.000000e+00
76 121 8.249656e-03 8.249656e-04 1 3 0 1 3.032583e-19 0.000000e+00
76 122 8.249656e-03 1.038570e-03 1 3 0 1 -2.351403e-20 0.000000e+00
76 123 8.249656e-03 1.307482e-03 1 3 0 1 6.213337e-20 0.000000e+00
76 124 8.249656e-03 1.646023e-03 1 3 0 1 2.813323e-19 0.000000e+00
76 125 8.249656e-03 2.072220e-03 1 3 0 1 6.933192e-19 0.000000e+00
76 126 8.249656e-03 2.608770e-03 1 3 0 1 1.863262e-18 0.000000e+00
76 127 8.249656e-03 3.284247e-03 1 3 0 1 5.201916e-18 0.000000e+00
76 128 8.249656e-03 4.134622e-03 1 3 0 1 1.554030e-17 0.000000e+00
76 129 8.249656e-03 5.205181e-03 1 3 0 1 5.312284e-17 0.000000e+00
76 130 8.249656e-03 6.552935e-03 1 3 0 1 2.522507e-16 0.000000e+00
76 131 8.249656e-03 8.249656e-03 1 3 0 1 0.000000e+00 0.000000e+00
