# Please cite the following papers in research using this covariance:
# arXiv: 1601.05779, https://arxiv.org/abs/1601.05779
# arXiv: 1911.11947, https://arxiv.org/abs/1911.11947
# arXiv: 2004.04833, https://arxiv.org/abs/2004.04833
# arXiv: 1804.10663, https://arxiv.org/abs/1804.10663
########################################################
198 209 8.249656e-04 8.249656e-04 2 3 3 3 0.000000e+00 0.000000e+00
198 210 8.249656e-04 1.038570e-03 2 3 3 3 4.245352e-14 0.000000e+00
198 211 8.249656e-04 1.307482e-03 2 3 3 3 1.489346e-14 0.000000e+00
198 212 8.249656e-04 1.646023e-03 2 3 3 3 4.984065e-15 0.000000e+00
198 213 8.249656e-04 2.072220e-03 2 3 3 3 1.628922e-15 0.000000e+00
198 214 8.249656e-04 2.608770e-03 2 3 3 3 5.257531e-16 0.000000e+00
198 215 8.249656e-04 3.284247e-03 2 3 3 3 1.690261e-16 0.000000e+00
198 216 8.249656e-04 4.134622e-03 2 3 3 3 5.483452e-17 0.000000e+00
198 217 8.249656e-04 5.205181e-03 2 3 3 3 1.801627e-17 0.000000e+00
198 218 8.249656e-04 6.552935e-03 2 3 3 3 6.218458e-18 0.000000e+00
198 219 8.249656e-04 8.249656e-03 2 3 3 3 2.173508e-18 0.000000e+00
199 209 1.038570e-03 8.249656e-04 2 3 3 3 4.245352e-14 0.000000e+00
199 210 1.038570e-03 1.038570e-03 2 3 3 3 0.000000e+00 0.000000e+00
199 211 1.038570e-03 1.307482e-03 2 3 3 3 3.966710e-14 0.000000e+00
199 212 1.038570e-03 1.646023e-03 2 3 3 3 1.320900e-14 0.000000e+00
199 213 1.038570e-03 2.072220e-03 2 3 3 3 4.256251e-15 0.000000e+00
199 214 1.038570e-03 2.608770e-03 2 3 3 3 1.356111e-15 0.000000e+00
199 215 1.038570e-03 3.284247e-03 2 3 3 3 4.317750e-16 0.000000e+00
199 216 1.038570e-03 4.134622e-03 2 3 3 3 1.389988e-16 0.000000e+00
199 217 1.038570e-03 5.205181e-03 2 3 3 3 4.579101e-17 0.000000e+00
199 218 1.038570e-03 6.552935e-03 2 3 3 3 1.555680e-17 0.000000e+00
199 219 1.038570e-03 8.249656e-03 2 3 3 3 5.534668e-18 0.000000e+00
200 209 1.307482e-03 8.249656e-04 2 3 3 3 1.489346e-14 0.000000e+00
200 210 1.307482e-03 1.038570e-03 2 3 3 3 3.966710e-14 0.000000e+00
200 211 1.307482e-03 1.307482e-03 2 3 3 3 0.000000e+00 0.000000e+00
200 212 1.307482e-03 1.646023e-03 2 3 3 3 3.620422e-14 0.000000e+00
200 213 1.307482e-03 2.072220e-03 2 3 3 3 1.143114e-14 0.000000e+00
200 214 1.307482e-03 2.608770e-03 2 3 3 3 3.562026e-15 0.000000e+00
200 215 1.307482e-03 3.284247e-03 2 3 3 3 1.115811e-15 0.000000e+00
200 216 1.307482e-03 4.134622e-03 2 3 3 3 3.549939e-16 0.000000e+00
200 217 1.307482e-03 5.205181e-03 2 3 3 3 1.160168e-16 0.000000e+00
200 218 1.307482e-03 6.552935e-03 2 3 3 3 3.939775e-17 0.000000e+00
200 219 1.307482e-03 8.249656e-03 2 3 3 3 1.407524e-17 0.000000e+00
201 209 1.646023e-03 8.249656e-04 2 3 3 3 4.984065e-15 0.000000e+00
201 210 1.646023e-03 1.038570e-03 2 3 3 3 1.320900e-14 0.000000e+00
201 211 1.646023e-03 1.307482e-03 2 3 3 3 3.620422e-14 0.000000e+00
201 212 1.646023e-03 1.646023e-03 2 3 3 3 0.000000e+00 0.000000e+00
201 213 1.646023e-03 2.072220e-03 2 3 3 3 3.229493e-14 0.000000e+00
201 214 1.646023e-03 2.608770e-03 2 3 3 3 9.681805e-15 0.000000e+00
201 215 1.646023e-03 3.284247e-03 2 3 3 3 2.942097e-15 0.000000e+00
201 216 1.646023e-03 4.134622e-03 2 3 3 3 9.173843e-16 0.000000e+00
201 217 1.646023e-03 5.205181e-03 2 3 3 3 2.960446e-16 0.000000e+00
201 218 1.646023e-03 6.552935e-03 2 3 3 3 9.963768e-17 0.000000e+00
201 219 1.646023e-03 8.249656e-03 2 3 3 3 3.526913e-17 0.000000e+00
202 209 2.072220e-03 8.249656e-04 2 3 3 3 1.628922e-15 0.000000e+00
202 210 2.072220e-03 1.038570e-03 2 3 3 3 4.256251e-15 0.000000e+00
202 211 2.072220e-03 1.307482e-03 2 3 3 3 1.143114e-14 0.000000e+00
202 212 2.072220e-03 1.646023e-03 2 3 3 3 3.229493e-14 0.000000e+00
202 213 2.072220e-03 2.072220e-03 2 3 3 3 0.000000e+00 0.000000e+00
202 214 2.072220e-03 2.608770e-03 2 3 3 3 2.820519e-14 0.000000e+00
202 215 2.072220e-03 3.284247e-03 2 3 3 3 8.070792e-15 0.000000e+00
202 216 2.072220e-03 4.134622e-03 2 3 3 3 2.421473e-15 0.000000e+00
202 217 2.072220e-03 5.205181e-03 2 3 3 3 7.634465e-16 0.000000e+00
202 218 2.072220e-03 6.552935e-03 2 3 3 3 2.536226e-16 0.000000e+00
202 219 2.072220e-03 8.249656e-03 2 3 3 3 8.923935e-17 0.000000e+00
203 209 2.608770e-03 8.249656e-04 2 3 3 3 5.257531e-16 0.000000e+00
203 210 2.608770e-03 1.038570e-03 2 3 3 3 1.356111e-15 0.000000e+00
203 211 2.608770e-03 1.307482e-03 2 3 3 3 3.562026e-15 0.000000e+00
203 212 2.608770e-03 1.646023e-03 2 3 3 3 9.681805e-15 0.000000e+00
203 213 2.608770e-03 2.072220e-03 2 3 3 3 2.820519e-14 0.000000e+00
203 214 2.608770e-03 2.608770e-03 2 3 3 3 0.000000e+00 0.000000e+00
203 215 2.608770e-03 3.284247e-03 2 3 3 3 2.419460e-14 0.000000e+00
203 216 2.608770e-03 4.134622e-03 2 3 3 3 6.674428e-15 0.000000e+00
203 217 2.608770e-03 5.205181e-03 2 3 3 3 2.010201e-15 0.000000e+00
203 218 2.608770e-03 6.552935e-03 2 3 3 3 6.516779e-16 0.000000e+00
203 219 2.608770e-03 8.249656e-03 2 3 3 3 2.261442e-16 0.000000e+00
204 209 3.284247e-03 8.249656e-04 2 3 3 3 1.690261e-16 0.000000e+00
204 210 3.284247e-03 1.038570e-03 2 3 3 3 4.317750e-16 0.000000e+00
204 211 3.284247e-03 1.307482e-03 2 3 3 3 1.115811e-15 0.000000e+00
204 212 3.284247e-03 1.646023e-03 2 3 3 3 2.942097e-15 0.000000e+00
204 213 3.284247e-03 2.072220e-03 2 3 3 3 8.070792e-15 0.000000e+00
204 214 3.284247e-03 2.608770e-03 2 3 3 3 2.419460e-14 0.000000e+00
204 215 3.284247e-03 3.284247e-03 2 3 3 3 0.000000e+00 0.000000e+00
204 216 3.284247e-03 4.134622e-03 2 3 3 3 2.048242e-14 0.000000e+00
204 217 3.284247e-03 5.205181e-03 2 3 3 3 5.533914e-15 0.000000e+00
204 218 3.284247e-03 6.552935e-03 2 3 3 3 1.705603e-15 0.000000e+00
204 219 3.284247e-03 8.249656e-03 2 3 3 3 5.775680e-16 0.000000e+00
205 209 4.134622e-03 8.249656e-04 2 3 3 3 5.483452e-17 0.000000e+00
205 210 4.134622e-03 1.038570e-03 2 3 3 3 1.389988e-16 0.000000e+00
205 211 4.134622e-03 1.307482e-03 2 3 3 3 3.549939e-16 0.000000e+00
205 212 4.134622e-03 1.646023e-03 2 3 3 3 9.173843e-16 0.000000e+00
205 213 4.134622e-03 2.072220e-03 2 3 3 3 2.421473e-15 0.000000e+00
205 214 4.134622e-03 2.608770e-03 2 3 3 3 6.674428e-15 0.000000e+00
205 215 4.134622e-03 3.284247e-03 2 3 3 3 2.048242e-14 0.000000e+00
205 216 4.134622e-03 4.134622e-03 2 3 3 3 0.000000e+00 0.000000e+00
205 217 4.134622e-03 5.205181e-03 2 3 3 3 1.722675e-14 0.000000e+00
205 218 4.134622e-03 6.552935e-03 2 3 3 3 4.657415e-15 0.000000e+00
205 219 4.134622e-03 8.249656e-03 2 3 3 3 1.497653e-15 0.000000e+00
206 209 5.205181e-03 8.249656e-04 2 3 3 3 1.801627e-17 0.000000e+00
206 210 5.205181e-03 1.038570e-03 2 3 3 3 4.579101e-17 0.000000e+00
206 211 5.205181e-03 1.307482e-03 2 3 3 3 1.160168e-16 0.000000e+00
206 212 5.205181e-03 1.646023e-03 2 3 3 3 2.960446e-16 0.000000e+00
206 213 5.205181e-03 2.072220e-03 2 3 3 3 7.634465e-16 0.000000e+00
206 214 5.205181e-03 2.608770e-03 2 3 3 3 2.010201e-15 0.000000e+00
206 215 5.205181e-03 3.284247e-03 2 3 3 3 5.533914e-15 0.000000e+00
206 216 5.205181e-03 4.134622e-03 2 3 3 3 1.722675e-14 0.000000e+00
206 217 5.205181e-03 5.205181e-03 2 3 3 3 0.000000e+00 0.000000e+00
206 218 5.205181e-03 6.552935e-03 2 3 3 3 1.451813e-14 0.000000e+00
206 219 5.205181e-03 8.249656e-03 2 3 3 3 4.029737e-15 0.000000e+00
207 209 6.552935e-03 8.249656e-04 2 3 3 3 6.218458e-18 0.000000e+00
207 210 6.552935e-03 1.038570e-03 2 3 3 3 1.555680e-17 0.000000e+00
207 211 6.552935e-03 1.307482e-03 2 3 3 3 3.939775e-17 0.000000e+00
207 212 6.552935e-03 1.646023e-03 2 3 3 3 9.963768e-17 0.000000e+00
207 213 6.552935e-03 2.072220e-03 2 3 3 3 2.536226e-16 0.000000e+00
207 214 6.552935e-03 2.608770e-03 2 3 3 3 6.516779e-16 0.000000e+00
207 215 6.552935e-03 3.284247e-03 2 3 3 3 1.705603e-15 0.000000e+00
207 216 6.552935e-03 4.134622e-03 2 3 3 3 4.657415e-15 0.000000e+00
207 217 6.552935e-03 5.205181e-03 2 3 3 3 1.451813e-14 0.000000e+00
207 218 6.552935e-03 6.552935e-03 2 3 3 3 0.000000e+00 0.000000e+00
207 219 6.552935e-03 8.249656e-03 2 3 3 3 1.238464e-14 0.000000e+00
208 209 8.249656e-03 8.249656e-04 2 3 3 3 2.173508e-18 0.000000e+00
208 210 8.249656e-03 1.038570e-03 2 3 3 3 5.534668e-18 0.000000e+00
208 211 8.249656e-03 1.307482e-03 2 3 3 3 1.407524e-17 0.000000e+00
208 212 8.249656e-03 1.646023e-03 2 3 3 3 3.526913e-17 0.000000e+00
208 213 8.249656e-03 2.072220e-03 2 3 3 3 8.923935e-17 0.000000e+00
208 214 8.249656e-03 2.608770e-03 2 3 3 3 2.261442e-16 0.000000e+00
208 215 8.249656e-03 3.284247e-03 2 3 3 3 5.775680e-16 0.000000e+00
208 216 8.249656e-03 4.134622e-03 2 3 3 3 1.497653e-15 0.000000e+00
208 217 8.249656e-03 5.205181e-03 2 3 3 3 4.029737e-15 0.000000e+00
208 218 8.249656e-03 6.552935e-03 2 3 3 3 1.238464e-14 0.000000e+00
208 219 8.249656e-03 8.249656e-03 2 3 3 3 0.000000e+00 0.000000e+00
