# Please cite the following papers in research using this covariance:
# arXiv: 1601.05779, https://arxiv.org/abs/1601.05779
# arXiv: 1911.11947, https://arxiv.org/abs/1911.11947
# arXiv: 2004.04833, https://arxiv.org/abs/2004.04833
# arXiv: 1804.10663, https://arxiv.org/abs/1804.10663
########################################################
77 110 8.249656e-04 8.249656e-04 2 2 0 0 0.000000e+00 0.000000e+00
77 111 8.249656e-04 1.038570e-03 2 2 0 0 -8.639789e-18 0.000000e+00
77 112 8.249656e-04 1.307482e-03 2 2 0 0 1.306600e-17 0.000000e+00
77 113 8.249656e-04 1.646023e-03 2 2 0 0 6.775033e-17 0.000000e+00
77 114 8.249656e-04 2.072220e-03 2 2 0 0 1.516586e-16 0.000000e+00
77 115 8.249656e-04 2.608770e-03 2 2 0 0 2.548454e-16 0.000000e+00
77 116 8.249656e-04 3.284247e-03 2 2 0 0 3.658407e-16 0.000000e+00
77 117 8.249656e-04 4.134622e-03 2 2 0 0 4.748067e-16 0.000000e+00
77 118 8.249656e-04 5.205181e-03 2 2 0 0 5.754101e-16 0.000000e+00
77 119 8.249656e-04 6.552935e-03 2 2 0 0 6.657898e-16 0.000000e+00
77 120 8.249656e-04 8.249656e-03 2 2 0 0 7.486420e-16 0.000000e+00
78 110 1.038570e-03 8.249656e-04 2 2 0 0 -4.996018e-18 0.000000e+00
78 111 1.038570e-03 1.038570e-03 2 2 0 0 0.000000e+00 0.000000e+00
78 112 1.038570e-03 1.307482e-03 2 2 0 0 -1.688262e-17 0.000000e+00
78 113 1.038570e-03 1.646023e-03 2 2 0 0 1.094221e-17 0.000000e+00
78 114 1.038570e-03 2.072220e-03 2 2 0 0 8.164804e-17 0.000000e+00
78 115 1.038570e-03 2.608770e-03 2 2 0 0 1.852781e-16 0.000000e+00
78 116 1.038570e-03 3.284247e-03 2 2 0 0 3.052127e-16 0.000000e+00
78 117 1.038570e-03 4.134622e-03 2 2 0 0 4.264805e-16 0.000000e+00
78 118 1.038570e-03 5.205181e-03 2 2 0 0 5.392583e-16 0.000000e+00
78 119 1.038570e-03 6.552935e-03 2 2 0 0 6.399177e-16 0.000000e+00
78 120 1.038570e-03 8.249656e-03 2 2 0 0 7.306307e-16 0.000000e+00
79 110 1.307482e-03 8.249656e-04 2 2 0 0 -2.619222e-18 0.000000e+00
79 111 1.307482e-03 1.038570e-03 2 2 0 0 -7.741108e-18 0.000000e+00
79 112 1.307482e-03 1.307482e-03 2 2 0 0 0.000000e+00 0.000000e+00
79 113 1.307482e-03 1.646023e-03 2 2 0 0 -2.883831e-17 0.000000e+00
79 114 1.307482e-03 2.072220e-03 2 2 0 0 5.977671e-18 0.000000e+00
79 115 1.307482e-03 2.608770e-03 2 2 0 0 9.520431e-17 0.000000e+00
79 116 1.307482e-03 3.284247e-03 2 2 0 0 2.193832e-16 0.000000e+00
79 117 1.307482e-03 4.134622e-03 2 2 0 0 3.547044e-16 0.000000e+00
79 118 1.307482e-03 5.205181e-03 2 2 0 0 4.841004e-16 0.000000e+00
79 119 1.307482e-03 6.552935e-03 2 2 0 0 5.998297e-16 0.000000e+00
79 120 1.307482e-03 8.249656e-03 2 2 0 0 7.024716e-16 0.000000e+00
80 110 1.646023e-03 8.249656e-04 2 2 0 0 -1.147929e-18 0.000000e+00
80 111 1.646023e-03 1.038570e-03 2 2 0 0 -3.763837e-18 0.000000e+00
80 112 1.646023e-03 1.307482e-03 2 2 0 0 -1.049807e-17 0.000000e+00
80 113 1.646023e-03 1.646023e-03 2 2 0 0 0.000000e+00 0.000000e+00
80 114 1.646023e-03 2.072220e-03 2 2 0 0 -4.485324e-17 0.000000e+00
80 115 1.646023e-03 2.608770e-03 2 2 0 0 -1.831298e-18 0.000000e+00
80 116 1.646023e-03 3.284247e-03 2 2 0 0 1.079832e-16 0.000000e+00
80 117 1.646023e-03 4.134622e-03 2 2 0 0 2.528086e-16 0.000000e+00
80 118 1.646023e-03 5.205181e-03 2 2 0 0 4.020092e-16 0.000000e+00
80 119 1.646023e-03 6.552935e-03 2 2 0 0 5.385891e-16 0.000000e+00
80 120 1.646023e-03 8.249656e-03 2 2 0 0 6.588120e-16 0.000000e+00
81 110 2.072220e-03 8.249656e-04 2 2 0 0 -3.676189e-19 0.000000e+00
81 111 2.072220e-03 1.038570e-03 2 2 0 0 -1.640280e-18 0.000000e+00
81 112 2.072220e-03 1.307482e-03 2 2 0 0 -4.473311e-18 0.000000e+00
81 113 2.072220e-03 1.646023e-03 2 2 0 0 -1.310630e-17 0.000000e+00
81 114 2.072220e-03 2.072220e-03 2 2 0 0 0.000000e+00 0.000000e+00
81 115 2.072220e-03 2.608770e-03 2 2 0 0 -6.445032e-17 0.000000e+00
81 116 2.072220e-03 3.284247e-03 2 2 0 0 -1.196215e-17 0.000000e+00
81 117 2.072220e-03 4.134622e-03 2 2 0 0 1.200563e-16 0.000000e+00
81 118 2.072220e-03 5.205181e-03 2 2 0 0 2.850940e-16 0.000000e+00
81 119 2.072220e-03 6.552935e-03 2 2 0 0 4.472592e-16 0.000000e+00
81 120 2.072220e-03 8.249656e-03 2 2 0 0 5.920458e-16 0.000000e+00
82 110 2.608770e-03 8.249656e-04 2 2 0 0 -1.789515e-21 0.000000e+00
82 111 2.608770e-03 1.038570e-03 2 2 0 0 -6.551409e-19 0.000000e+00
82 112 2.608770e-03 1.307482e-03 2 2 0 0 -1.705557e-18 0.000000e+00
82 113 2.608770e-03 1.646023e-03 2 2 0 0 -4.797859e-18 0.000000e+00
82 114 2.608770e-03 2.072220e-03 2 2 0 0 -1.518010e-17 0.000000e+00
82 115 2.608770e-03 2.608770e-03 2 2 0 0 0.000000e+00 0.000000e+00
82 116 2.608770e-03 3.284247e-03 2 2 0 0 -8.662604e-17 0.000000e+00
82 117 2.608770e-03 4.134622e-03 2 2 0 0 -2.323048e-17 0.000000e+00
82 118 2.608770e-03 5.205181e-03 2 2 0 0 1.320418e-16 0.000000e+00
82 119 2.608770e-03 6.552935e-03 2 2 0 0 3.167559e-16 0.000000e+00
82 120 2.608770e-03 8.249656e-03 2 2 0 0 4.923029e-16 0.000000e+00
83 110 3.284247e-03 8.249656e-04 2 2 0 0 1.498742e-19 0.000000e+00
83 111 3.284247e-03 1.038570e-03 2 2 0 0 -2.514170e-19 0.000000e+00
83 112 3.284247e-03 1.307482e-03 2 2 0 0 -5.926781e-19 0.000000e+00
83 113 3.284247e-03 1.646023e-03 2 2 0 0 -1.547157e-18 0.000000e+00
83 114 3.284247e-03 2.072220e-03 2 2 0 0 -4.729539e-18 0.000000e+00
83 115 3.284247e-03 2.608770e-03 2 2 0 0 -1.616252e-17 0.000000e+00
83 116 3.284247e-03 3.284247e-03 2 2 0 0 0.000000e+00 0.000000e+00
83 117 3.284247e-03 4.134622e-03 2 2 0 0 -1.098721e-16 0.000000e+00
83 118 3.284247e-03 5.205181e-03 2 2 0 0 -3.403427e-17 0.000000e+00
83 119 3.284247e-03 6.552935e-03 2 2 0 0 1.450058e-16 0.000000e+00
83 120 3.284247e-03 8.249656e-03 2 2 0 0 3.493589e-16 0.000000e+00
84 110 4.134622e-03 8.249656e-04 2 2 0 0 2.050505e-19 0.000000e+00
84 111 4.134622e-03 1.038570e-03 2 2 0 0 -1.060905e-19 0.000000e+00
84 112 4.134622e-03 1.307482e-03 2 2 0 0 -1.992040e-19 0.000000e+00
84 113 4.134622e-03 1.646023e-03 2 2 0 0 -4.309342e-19 0.000000e+00
84 114 4.134622e-03 2.072220e-03 2 2 0 0 -1.307202e-18 0.000000e+00
84 115 4.134622e-03 2.608770e-03 2 2 0 0 -4.176318e-18 0.000000e+00
84 116 4.134622e-03 3.284247e-03 2 2 0 0 -1.584625e-17 0.000000e+00
84 117 4.134622e-03 4.134622e-03 2 2 0 0 0.000000e+00 0.000000e+00
84 118 4.134622e-03 5.205181e-03 2 2 0 0 -1.325414e-16 0.000000e+00
84 119 4.134622e-03 6.552935e-03 2 2 0 0 -4.277189e-17 0.000000e+00
84 120 4.134622e-03 8.249656e-03 2 2 0 0 1.602756e-16 0.000000e+00
85 110 5.205181e-03 8.249656e-04 2 2 0 0 2.223593e-19 0.000000e+00
85 111 5.205181e-03 1.038570e-03 2 2 0 0 -6.076994e-20 0.000000e+00
85 112 5.205181e-03 1.307482e-03 2 2 0 0 -7.825427e-20 0.000000e+00
85 113 5.205181e-03 1.646023e-03 2 2 0 0 -9.590606e-20 0.000000e+00
85 114 5.205181e-03 2.072220e-03 2 2 0 0 -3.214738e-19 0.000000e+00
85 115 5.205181e-03 2.608770e-03 2 2 0 0 -9.650663e-19 0.000000e+00
85 116 5.205181e-03 3.284247e-03 2 2 0 0 -3.318620e-18 0.000000e+00
85 117 5.205181e-03 4.134622e-03 2 2 0 0 -1.435261e-17 0.000000e+00
85 118 5.205181e-03 5.205181e-03 2 2 0 0 0.000000e+00 0.000000e+00
85 119 5.205181e-03 6.552935e-03 2 2 0 0 -1.533094e-16 0.000000e+00
85 120 5.205181e-03 8.249656e-03 2 2 0 0 -4.826086e-17 0.000000e+00
86 110 6.552935e-03 8.249656e-04 2 2 0 0 2.268748e-19 0.000000e+00
86 111 6.552935e-03 1.038570e-03 2 2 0 0 -4.884563e-20 0.000000e+00
86 112 6.552935e-03 1.307482e-03 2 2 0 0 -4.680019e-20 0.000000e+00
86 113 6.552935e-03 1.646023e-03 2 2 0 0 -1.033993e-20 0.000000e+00
86 114 6.552935e-03 2.072220e-03 2 2 0 0 -7.721888e-20 0.000000e+00
86 115 6.552935e-03 2.608770e-03 2 2 0 0 -2.110950e-19 0.000000e+00
86 116 6.552935e-03 3.284247e-03 2 2 0 0 -6.602949e-19 0.000000e+00
86 117 6.552935e-03 4.134622e-03 2 2 0 0 -2.435397e-18 0.000000e+00
86 118 6.552935e-03 5.205181e-03 2 2 0 0 -1.217432e-17 0.000000e+00
86 119 6.552935e-03 6.552935e-03 2 2 0 0 0.000000e+00 0.000000e+00
86 120 6.552935e-03 8.249656e-03 2 2 0 0 -1.715542e-16 0.000000e+00
87 110 8.249656e-03 8.249656e-04 2 2 0 0 2.277726e-19 0.000000e+00
87 111 8.249656e-03 1.038570e-03 2 2 0 0 -4.619242e-20 0.000000e+00
87 112 8.249656e-03 1.307482e-03 2 2 0 0 -3.997111e-20 0.000000e+00
87 113 8.249656e-03 1.646023e-03 2 2 0 0 7.862624e-21 0.000000e+00
87 114 8.249656e-03 2.072220e-03 2 2 0 0 -2.648945e-20 0.000000e+00
87 115 8.249656e-03 2.608770e-03 2 2 0 0 -6.071287e-20 0.000000e+00
87 116 8.249656e-03 3.284247e-03 2 2 0 0 -1.658979e-19 0.000000e+00
87 117 8.249656e-03 4.134622e-03 2 2 0 0 -5.049220e-19 0.000000e+00
87 118 8.249656e-03 5.205181e-03 2 2 0 0 -1.834514e-18 0.000000e+00
87 119 8.249656e-03 6.552935e-03 2 2 0 0 -1.007309e-17 0.000000e+00
87 120 8.249656e-03 8.249656e-03 2 2 0 0 0.000000e+00 0.000000e+00
