# Please cite the following papers in research using this covariance:
# arXiv: 1601.05779, https://arxiv.org/abs/1601.05779
# arXiv: 1911.11947, https://arxiv.org/abs/1911.11947
# arXiv: 2004.04833, https://arxiv.org/abs/2004.04833
# arXiv: 1804.10663, https://arxiv.org/abs/1804.10663
########################################################
66 165 8.249656e-04 8.249656e-04 1 3 1 2 0.000000e+00 0.000000e+00
66 166 8.249656e-04 1.038570e-03 1 3 1 2 -2.274180e-14 0.000000e+00
66 167 8.249656e-04 1.307482e-03 1 3 1 2 -1.035876e-14 0.000000e+00
66 168 8.249656e-04 1.646023e-03 1 3 1 2 8.538342e-15 0.000000e+00
66 169 8.249656e-04 2.072220e-03 1 3 1 2 2.162885e-14 0.000000e+00
66 170 8.249656e-04 2.608770e-03 1 3 1 2 2.784483e-14 0.000000e+00
66 171 8.249656e-04 3.284247e-03 1 3 1 2 2.916747e-14 0.000000e+00
66 172 8.249656e-04 4.134622e-03 1 3 1 2 2.772670e-14 0.000000e+00
66 173 8.249656e-04 5.205181e-03 1 3 1 2 2.506662e-14 0.000000e+00
66 174 8.249656e-04 6.552935e-03 1 3 1 2 2.212907e-14 0.000000e+00
66 175 8.249656e-04 8.249656e-03 1 3 1 2 1.941254e-14 0.000000e+00
67 165 1.038570e-03 8.249656e-04 1 3 1 2 6.565237e-16 0.000000e+00
67 166 1.038570e-03 1.038570e-03 1 3 1 2 0.000000e+00 0.000000e+00
67 167 1.038570e-03 1.307482e-03 1 3 1 2 -2.186207e-14 0.000000e+00
67 168 1.038570e-03 1.646023e-03 1 3 1 2 -9.872227e-15 0.000000e+00
67 169 1.038570e-03 2.072220e-03 1 3 1 2 7.503910e-15 0.000000e+00
67 170 1.038570e-03 2.608770e-03 1 3 1 2 1.892057e-14 0.000000e+00
67 171 1.038570e-03 3.284247e-03 1 3 1 2 2.399697e-14 0.000000e+00
67 172 1.038570e-03 4.134622e-03 1 3 1 2 2.486077e-14 0.000000e+00
67 173 1.038570e-03 5.205181e-03 1 3 1 2 2.351145e-14 0.000000e+00
67 174 1.038570e-03 6.552935e-03 1 3 1 2 2.128992e-14 0.000000e+00
67 175 1.038570e-03 8.249656e-03 1 3 1 2 1.895696e-14 0.000000e+00
68 165 1.307482e-03 8.249656e-04 1 3 1 2 3.546516e-16 0.000000e+00
68 166 1.307482e-03 1.038570e-03 1 3 1 2 9.433529e-16 0.000000e+00
68 167 1.307482e-03 1.307482e-03 1 3 1 2 0.000000e+00 0.000000e+00
68 168 1.307482e-03 1.646023e-03 1 3 1 2 -2.056564e-14 0.000000e+00
68 169 1.307482e-03 2.072220e-03 1 3 1 2 -9.131553e-15 0.000000e+00
68 170 1.307482e-03 2.608770e-03 1 3 1 2 6.543536e-15 0.000000e+00
68 171 1.307482e-03 3.284247e-03 1 3 1 2 1.634888e-14 0.000000e+00
68 172 1.307482e-03 4.134622e-03 1 3 1 2 2.049032e-14 0.000000e+00
68 173 1.307482e-03 5.205181e-03 1 3 1 2 2.110192e-14 0.000000e+00
68 174 1.307482e-03 6.552935e-03 1 3 1 2 1.997844e-14 0.000000e+00
68 175 1.307482e-03 8.249656e-03 1 3 1 2 1.824137e-14 0.000000e+00
69 165 1.646023e-03 8.249656e-04 1 3 1 2 1.373201e-16 0.000000e+00
69 166 1.646023e-03 1.038570e-03 1 3 1 2 3.921016e-16 0.000000e+00
69 167 1.646023e-03 1.307482e-03 1 3 1 2 1.169153e-15 0.000000e+00
69 168 1.646023e-03 1.646023e-03 1 3 1 2 0.000000e+00 0.000000e+00
69 169 1.646023e-03 2.072220e-03 1 3 1 2 -1.893529e-14 0.000000e+00
69 170 1.646023e-03 2.608770e-03 1 3 1 2 -8.208316e-15 0.000000e+00
69 171 1.646023e-03 3.284247e-03 1 3 1 2 5.680138e-15 0.000000e+00
69 172 1.646023e-03 4.134622e-03 1 3 1 2 1.400961e-14 0.000000e+00
69 173 1.646023e-03 5.205181e-03 1 3 1 2 1.742462e-14 0.000000e+00
69 174 1.646023e-03 6.552935e-03 1 3 1 2 1.794643e-14 0.000000e+00
69 175 1.646023e-03 8.249656e-03 1 3 1 2 1.712320e-14 0.000000e+00
70 165 2.072220e-03 8.249656e-04 1 3 1 2 4.854228e-17 0.000000e+00
70 166 2.072220e-03 1.038570e-03 1 3 1 2 1.344452e-16 0.000000e+00
70 167 2.072220e-03 1.307482e-03 1 3 1 2 4.004080e-16 0.000000e+00
70 168 2.072220e-03 1.646023e-03 1 3 1 2 1.309789e-15 0.000000e+00
70 169 2.072220e-03 2.072220e-03 1 3 1 2 0.000000e+00 0.000000e+00
70 170 2.072220e-03 2.608770e-03 1 3 1 2 -1.707995e-14 0.000000e+00
70 171 2.072220e-03 3.284247e-03 1 3 1 2 -7.185981e-15 0.000000e+00
70 172 2.072220e-03 4.134622e-03 1 3 1 2 4.925740e-15 0.000000e+00
70 173 2.072220e-03 5.205181e-03 1 3 1 2 1.196342e-14 0.000000e+00
70 174 2.072220e-03 6.552935e-03 1 3 1 2 1.484513e-14 0.000000e+00
70 175 2.072220e-03 8.249656e-03 1 3 1 2 1.539176e-14 0.000000e+00
71 165 2.608770e-03 8.249656e-04 1 3 1 2 1.657605e-17 0.000000e+00
71 166 2.608770e-03 1.038570e-03 1 3 1 2 4.334580e-17 0.000000e+00
71 167 2.608770e-03 1.307482e-03 1 3 1 2 1.230733e-16 0.000000e+00
71 168 2.608770e-03 1.646023e-03 1 3 1 2 3.798113e-16 0.000000e+00
71 169 2.608770e-03 2.072220e-03 1 3 1 2 1.356644e-15 0.000000e+00
71 170 2.608770e-03 2.608770e-03 1 3 1 2 0.000000e+00 0.000000e+00
71 171 2.608770e-03 3.284247e-03 1 3 1 2 -1.511929e-14 0.000000e+00
71 172 2.608770e-03 4.134622e-03 1 3 1 2 -6.146488e-15 0.000000e+00
71 173 2.608770e-03 5.205181e-03 1 3 1 2 4.283192e-15 0.000000e+00
71 174 2.608770e-03 6.552935e-03 1 3 1 2 1.023774e-14 0.000000e+00
71 175 2.608770e-03 8.249656e-03 1 3 1 2 1.275098e-14 0.000000e+00
72 165 3.284247e-03 8.249656e-04 1 3 1 2 5.574510e-18 0.000000e+00
72 166 3.284247e-03 1.038570e-03 1 3 1 2 1.329688e-17 0.000000e+00
72 167 3.284247e-03 1.307482e-03 1 3 1 2 3.658899e-17 0.000000e+00
72 168 3.284247e-03 1.646023e-03 1 3 1 2 1.058256e-16 0.000000e+00
72 169 3.284247e-03 2.072220e-03 1 3 1 2 3.377724e-16 0.000000e+00
72 170 3.284247e-03 2.608770e-03 1 3 1 2 1.316614e-15 0.000000e+00
72 171 3.284247e-03 3.284247e-03 1 3 1 2 0.000000e+00 0.000000e+00
72 172 3.284247e-03 4.134622e-03 1 3 1 2 -1.316753e-14 0.000000e+00
72 173 3.284247e-03 5.205181e-03 1 3 1 2 -5.158330e-15 0.000000e+00
72 174 3.284247e-03 6.552935e-03 1 3 1 2 3.749269e-15 0.000000e+00
72 175 3.284247e-03 8.249656e-03 1 3 1 2 8.831487e-15 0.000000e+00
73 165 4.134622e-03 8.249656e-04 1 3 1 2 2.072099e-18 0.000000e+00
73 166 4.134622e-03 1.038570e-03 1 3 1 2 3.922464e-18 0.000000e+00
73 167 4.134622e-03 1.307482e-03 1 3 1 2 1.057868e-17 0.000000e+00
73 168 4.134622e-03 1.646023e-03 1 3 1 2 2.935995e-17 0.000000e+00
73 169 4.134622e-03 2.072220e-03 1 3 1 2 8.590849e-17 0.000000e+00
73 170 4.134622e-03 2.608770e-03 1 3 1 2 2.835761e-16 0.000000e+00
73 171 4.134622e-03 3.284247e-03 1 3 1 2 1.207271e-15 0.000000e+00
73 172 4.134622e-03 4.134622e-03 1 3 1 2 0.000000e+00 0.000000e+00
73 173 4.134622e-03 5.205181e-03 1 3 1 2 -1.132014e-14 0.000000e+00
73 174 4.134622e-03 6.552935e-03 1 3 1 2 -4.270608e-15 0.000000e+00
73 175 4.134622e-03 8.249656e-03 1 3 1 2 3.316389e-15 0.000000e+00
74 165 5.205181e-03 8.249656e-04 1 3 1 2 9.043632e-19 0.000000e+00
74 166 5.205181e-03 1.038570e-03 1 3 1 2 1.040520e-18 0.000000e+00
74 167 5.205181e-03 1.307482e-03 1 3 1 2 2.909891e-18 0.000000e+00
74 168 5.205181e-03 1.646023e-03 1 3 1 2 8.054808e-18 0.000000e+00
74 169 5.205181e-03 2.072220e-03 1 3 1 2 2.222556e-17 0.000000e+00
74 170 5.205181e-03 2.608770e-03 1 3 1 2 6.626984e-17 0.000000e+00
74 171 5.205181e-03 3.284247e-03 1 3 1 2 2.259409e-16 0.000000e+00
74 172 5.205181e-03 4.134622e-03 1 3 1 2 1.052427e-15 0.000000e+00
74 173 5.205181e-03 5.205181e-03 1 3 1 2 0.000000e+00 0.000000e+00
74 174 5.205181e-03 6.552935e-03 1 3 1 2 -9.647223e-15 0.000000e+00
74 175 5.205181e-03 8.249656e-03 1 3 1 2 -3.510867e-15 0.000000e+00
75 165 6.552935e-03 8.249656e-04 1 3 1 2 6.284977e-19 0.000000e+00
75 166 6.552935e-03 1.038570e-03 1 3 1 2 1.862437e-19 0.000000e+00
75 167 6.552935e-03 1.307482e-03 1 3 1 2 7.489094e-19 0.000000e+00
75 168 6.552935e-03 1.646023e-03 1 3 1 2 2.160028e-18 0.000000e+00
75 169 6.552935e-03 2.072220e-03 1 3 1 2 5.693788e-18 0.000000e+00
75 170 6.552935e-03 2.608770e-03 1 3 1 2 1.603606e-17 0.000000e+00
75 171 6.552935e-03 3.284247e-03 1 3 1 2 4.859085e-17 0.000000e+00
75 172 6.552935e-03 4.134622e-03 1 3 1 2 1.712402e-16 0.000000e+00
75 173 6.552935e-03 5.205181e-03 1 3 1 2 8.760819e-16 0.000000e+00
75 174 6.552935e-03 6.552935e-03 1 3 1 2 0.000000e+00 0.000000e+00
75 175 6.552935e-03 8.249656e-03 1 3 1 2 -8.191051e-15 0.000000e+00
76 165 8.249656e-03 8.249656e-04 1 3 1 2 5.077331e-19 0.000000e+00
76 166 8.249656e-03 1.038570e-03 1 3 1 2 -4.091891e-20 0.000000e+00
76 167 8.249656e-03 1.307482e-03 1 3 1 2 1.598169e-19 0.000000e+00
76 168 8.249656e-03 1.646023e-03 1 3 1 2 5.794764e-19 0.000000e+00
76 169 8.249656e-03 2.072220e-03 1 3 1 2 1.453779e-18 0.000000e+00
76 170 8.249656e-03 2.608770e-03 1 3 1 2 3.898724e-18 0.000000e+00
76 171 8.249656e-03 3.284247e-03 1 3 1 2 1.101668e-17 0.000000e+00
76 172 8.249656e-03 4.134622e-03 1 3 1 2 3.394236e-17 0.000000e+00
76 173 8.249656e-03 5.205181e-03 1 3 1 2 1.237249e-16 0.000000e+00
76 174 8.249656e-03 6.552935e-03 1 3 1 2 6.986887e-16 0.000000e+00
76 175 8.249656e-03 8.249656e-03 1 3 1 2 0.000000e+00 0.000000e+00
