# Please cite the following papers in research using this covariance:
# arXiv: 1601.05779, https://arxiv.org/abs/1601.05779
# arXiv: 1911.11947, https://arxiv.org/abs/1911.11947
# arXiv: 2004.04833, https://arxiv.org/abs/2004.04833
# arXiv: 1804.10663, https://arxiv.org/abs/1804.10663
########################################################
0 11 8.249656e-04 8.249656e-04 0 0 0 1 0.000000e+00 0.000000e+00
0 12 8.249656e-04 1.038570e-03 0 0 0 1 8.442582e-14 0.000000e+00
0 13 8.249656e-04 1.307482e-03 0 0 0 1 7.086988e-14 0.000000e+00
0 14 8.249656e-04 1.646023e-03 0 0 0 1 5.927075e-14 0.000000e+00
0 15 8.249656e-04 2.072220e-03 0 0 0 1 4.972588e-14 0.000000e+00
0 16 8.249656e-04 2.608770e-03 0 0 0 1 4.202347e-14 0.000000e+00
0 17 8.249656e-04 3.284247e-03 0 0 0 1 3.586281e-14 0.000000e+00
0 18 8.249656e-04 4.134622e-03 0 0 0 1 3.092882e-14 0.000000e+00
0 19 8.249656e-04 5.205181e-03 0 0 0 1 2.693055e-14 0.000000e+00
0 20 8.249656e-04 6.552935e-03 0 0 0 1 2.362054e-14 0.000000e+00
0 21 8.249656e-04 8.249656e-03 0 0 0 1 2.080132e-14 0.000000e+00
1 11 1.038570e-03 8.249656e-04 0 0 0 1 8.442582e-14 0.000000e+00
1 12 1.038570e-03 1.038570e-03 0 0 0 1 0.000000e+00 0.000000e+00
1 13 1.038570e-03 1.307482e-03 0 0 0 1 7.299233e-14 0.000000e+00
1 14 1.038570e-03 1.646023e-03 0 0 0 1 6.062874e-14 0.000000e+00
1 15 1.038570e-03 2.072220e-03 0 0 0 1 5.049910e-14 0.000000e+00
1 16 1.038570e-03 2.608770e-03 0 0 0 1 4.243660e-14 0.000000e+00
1 17 1.038570e-03 3.284247e-03 0 0 0 1 3.607263e-14 0.000000e+00
1 18 1.038570e-03 4.134622e-03 0 0 0 1 3.103077e-14 0.000000e+00
1 19 1.038570e-03 5.205181e-03 0 0 0 1 2.697822e-14 0.000000e+00
1 20 1.038570e-03 6.552935e-03 0 0 0 1 2.364204e-14 0.000000e+00
1 21 1.038570e-03 8.249656e-03 0 0 0 1 2.081080e-14 0.000000e+00
2 11 1.307482e-03 8.249656e-04 0 0 0 1 7.086988e-14 0.000000e+00
2 12 1.307482e-03 1.038570e-03 0 0 0 1 7.299233e-14 0.000000e+00
2 13 1.307482e-03 1.307482e-03 0 0 0 1 0.000000e+00 0.000000e+00
2 14 1.307482e-03 1.646023e-03 0 0 0 1 6.293163e-14 0.000000e+00
2 15 1.307482e-03 2.072220e-03 0 0 0 1 5.182911e-14 0.000000e+00
2 16 1.307482e-03 2.608770e-03 0 0 0 1 4.313680e-14 0.000000e+00
2 17 1.307482e-03 3.284247e-03 0 0 0 1 3.642264e-14 0.000000e+00
2 18 1.307482e-03 4.134622e-03 0 0 0 1 3.119863e-14 0.000000e+00
2 19 1.307482e-03 5.205181e-03 0 0 0 1 2.705591e-14 0.000000e+00
2 20 1.307482e-03 6.552935e-03 0 0 0 1 2.367690e-14 0.000000e+00
2 21 1.307482e-03 8.249656e-03 0 0 0 1 2.082617e-14 0.000000e+00
3 11 1.646023e-03 8.249656e-04 0 0 0 1 5.927075e-14 0.000000e+00
3 12 1.646023e-03 1.038570e-03 0 0 0 1 6.062874e-14 0.000000e+00
3 13 1.646023e-03 1.307482e-03 0 0 0 1 6.293163e-14 0.000000e+00
3 14 1.646023e-03 1.646023e-03 0 0 0 1 0.000000e+00 0.000000e+00
3 15 1.646023e-03 2.072220e-03 0 0 0 1 5.419752e-14 0.000000e+00
3 16 1.646023e-03 2.608770e-03 0 0 0 1 4.437382e-14 0.000000e+00
3 17 1.646023e-03 3.284247e-03 0 0 0 1 3.702530e-14 0.000000e+00
3 18 1.646023e-03 4.134622e-03 0 0 0 1 3.148122e-14 0.000000e+00
3 19 1.646023e-03 5.205181e-03 0 0 0 1 2.718441e-14 0.000000e+00
3 20 1.646023e-03 6.552935e-03 0 0 0 1 2.373382e-14 0.000000e+00
3 21 1.646023e-03 8.249656e-03 0 0 0 1 2.085099e-14 0.000000e+00
4 11 2.072220e-03 8.249656e-04 0 0 0 1 4.972588e-14 0.000000e+00
4 12 2.072220e-03 1.038570e-03 0 0 0 1 5.049910e-14 0.000000e+00
4 13 2.072220e-03 1.307482e-03 0 0 0 1 5.182911e-14 0.000000e+00
4 14 2.072220e-03 1.646023e-03 0 0 0 1 5.419752e-14 0.000000e+00
4 15 2.072220e-03 2.072220e-03 0 0 0 1 0.000000e+00 0.000000e+00
4 16 2.072220e-03 2.608770e-03 0 0 0 1 4.669537e-14 0.000000e+00
4 17 2.072220e-03 3.284247e-03 0 0 0 1 3.812087e-14 0.000000e+00
4 18 2.072220e-03 4.134622e-03 0 0 0 1 3.197581e-14 0.000000e+00
4 19 2.072220e-03 5.205181e-03 0 0 0 1 2.740271e-14 0.000000e+00
4 20 2.072220e-03 6.552935e-03 0 0 0 1 2.382847e-14 0.000000e+00
4 21 2.072220e-03 8.249656e-03 0 0 0 1 2.089160e-14 0.000000e+00
5 11 2.608770e-03 8.249656e-04 0 0 0 1 4.202347e-14 0.000000e+00
5 12 2.608770e-03 1.038570e-03 0 0 0 1 4.243660e-14 0.000000e+00
5 13 2.608770e-03 1.307482e-03 0 0 0 1 4.313680e-14 0.000000e+00
5 14 2.608770e-03 1.646023e-03 0 0 0 1 4.437382e-14 0.000000e+00
5 15 2.608770e-03 2.072220e-03 0 0 0 1 4.669537e-14 0.000000e+00
5 16 2.608770e-03 2.608770e-03 0 0 0 1 0.000000e+00 0.000000e+00
5 17 2.608770e-03 3.284247e-03 0 0 0 1 4.029777e-14 0.000000e+00
5 18 2.608770e-03 4.134622e-03 0 0 0 1 3.290218e-14 0.000000e+00
5 19 2.608770e-03 5.205181e-03 0 0 0 1 2.779106e-14 0.000000e+00
5 20 2.608770e-03 6.552935e-03 0 0 0 1 2.399078e-14 0.000000e+00
5 21 2.608770e-03 8.249656e-03 0 0 0 1 2.095940e-14 0.000000e+00
6 11 3.284247e-03 8.249656e-04 0 0 0 1 3.586281e-14 0.000000e+00
6 12 3.284247e-03 1.038570e-03 0 0 0 1 3.607263e-14 0.000000e+00
6 13 3.284247e-03 1.307482e-03 0 0 0 1 3.642264e-14 0.000000e+00
6 14 3.284247e-03 1.646023e-03 0 0 0 1 3.702530e-14 0.000000e+00
6 15 3.284247e-03 2.072220e-03 0 0 0 1 3.812087e-14 0.000000e+00
6 16 3.284247e-03 2.608770e-03 0 0 0 1 4.029777e-14 0.000000e+00
6 17 3.284247e-03 3.284247e-03 0 0 0 1 0.000000e+00 0.000000e+00
6 18 3.284247e-03 4.134622e-03 0 0 0 1 3.486025e-14 0.000000e+00
6 19 3.284247e-03 5.205181e-03 0 0 0 1 2.854099e-14 0.000000e+00
6 20 3.284247e-03 6.552935e-03 0 0 0 1 2.428405e-14 0.000000e+00
6 21 3.284247e-03 8.249656e-03 0 0 0 1 2.107652e-14 0.000000e+00
7 11 4.134622e-03 8.249656e-04 0 0 0 1 3.092882e-14 0.000000e+00
7 12 4.134622e-03 1.038570e-03 0 0 0 1 3.103077e-14 0.000000e+00
7 13 4.134622e-03 1.307482e-03 0 0 0 1 3.119863e-14 0.000000e+00
7 14 4.134622e-03 1.646023e-03 0 0 0 1 3.148122e-14 0.000000e+00
7 15 4.134622e-03 2.072220e-03 0 0 0 1 3.197581e-14 0.000000e+00
7 16 4.134622e-03 2.608770e-03 0 0 0 1 3.290218e-14 0.000000e+00
7 17 4.134622e-03 3.284247e-03 0 0 0 1 3.486025e-14 0.000000e+00
7 18 4.134622e-03 4.134622e-03 0 0 0 1 0.000000e+00 0.000000e+00
7 19 4.134622e-03 5.205181e-03 0 0 0 1 3.023482e-14 0.000000e+00
7 20 4.134622e-03 6.552935e-03 0 0 0 1 2.486760e-14 0.000000e+00
7 21 4.134622e-03 8.249656e-03 0 0 0 1 2.129110e-14 0.000000e+00
8 11 5.205181e-03 8.249656e-04 0 0 0 1 2.693055e-14 0.000000e+00
8 12 5.205181e-03 1.038570e-03 0 0 0 1 2.697822e-14 0.000000e+00
8 13 5.205181e-03 1.307482e-03 0 0 0 1 2.705591e-14 0.000000e+00
8 14 5.205181e-03 1.646023e-03 0 0 0 1 2.718441e-14 0.000000e+00
8 15 5.205181e-03 2.072220e-03 0 0 0 1 2.740271e-14 0.000000e+00
8 16 5.205181e-03 2.608770e-03 0 0 0 1 2.779106e-14 0.000000e+00
8 17 5.205181e-03 3.284247e-03 0 0 0 1 2.854099e-14 0.000000e+00
8 18 5.205181e-03 4.134622e-03 0 0 0 1 3.023482e-14 0.000000e+00
8 19 5.205181e-03 5.205181e-03 0 0 0 1 0.000000e+00 0.000000e+00
8 20 5.205181e-03 6.552935e-03 0 0 0 1 2.628065e-14 0.000000e+00
8 21 5.205181e-03 8.249656e-03 0 0 0 1 2.173004e-14 0.000000e+00
9 11 6.552935e-03 8.249656e-04 0 0 0 1 2.362054e-14 0.000000e+00
9 12 6.552935e-03 1.038570e-03 0 0 0 1 2.364204e-14 0.000000e+00
9 13 6.552935e-03 1.307482e-03 0 0 0 1 2.367690e-14 0.000000e+00
9 14 6.552935e-03 1.646023e-03 0 0 0 1 2.373382e-14 0.000000e+00
9 15 6.552935e-03 2.072220e-03 0 0 0 1 2.382847e-14 0.000000e+00
9 16 6.552935e-03 2.608770e-03 0 0 0 1 2.399078e-14 0.000000e+00
9 17 6.552935e-03 3.284247e-03 0 0 0 1 2.428405e-14 0.000000e+00
9 18 6.552935e-03 4.134622e-03 0 0 0 1 2.486760e-14 0.000000e+00
9 19 6.552935e-03 5.205181e-03 0 0 0 1 2.628065e-14 0.000000e+00
9 20 6.552935e-03 6.552935e-03 0 0 0 1 0.000000e+00 0.000000e+00
9 21 6.552935e-03 8.249656e-03 0 0 0 1 2.287076e-14 0.000000e+00
10 11 8.249656e-03 8.249656e-04 0 0 0 1 2.080132e-14 0.000000e+00
10 12 8.249656e-03 1.038570e-03 0 0 0 1 2.081080e-14 0.000000e+00
10 13 8.249656e-03 1.307482e-03 0 0 0 1 2.082617e-14 0.000000e+00
10 14 8.249656e-03 1.646023e-03 0 0 0 1 2.085099e-14 0.000000e+00
10 15 8.249656e-03 2.072220e-03 0 0 0 1 2.089160e-14 0.000000e+00
10 16 8.249656e-03 2.608770e-03 0 0 0 1 2.095940e-14 0.000000e+00
10 17 8.249656e-03 3.284247e-03 0 0 0 1 2.107652e-14 0.000000e+00
10 18 8.249656e-03 4.134622e-03 0 0 0 1 2.129110e-14 0.000000e+00
10 19 8.249656e-03 5.205181e-03 0 0 0 1 2.173004e-14 0.000000e+00
10 20 8.249656e-03 6.552935e-03 0 0 0 1 2.287076e-14 0.000000e+00
10 21 8.249656e-03 8.249656e-03 0 0 0 1 0.000000e+00 0.000000e+00
