# Please cite the following papers in research using this covariance:
# arXiv: 1601.05779, https://arxiv.org/abs/1601.05779
# arXiv: 1911.11947, https://arxiv.org/abs/1911.11947
# arXiv: 2004.04833, https://arxiv.org/abs/2004.04833
# arXiv: 1804.10663, https://arxiv.org/abs/1804.10663
########################################################
33 88 8.249656e-04 8.249656e-04 0 3 2 3 0.000000e+00 0.000000e+00
33 89 8.249656e-04 1.038570e-03 0 3 2 3 1.901112e-13 0.000000e+00
33 90 8.249656e-04 1.307482e-03 0 3 2 3 1.735246e-13 0.000000e+00
33 91 8.249656e-04 1.646023e-03 0 3 2 3 1.591886e-13 0.000000e+00
33 92 8.249656e-04 2.072220e-03 0 3 2 3 1.469719e-13 0.000000e+00
33 93 8.249656e-04 2.608770e-03 0 3 2 3 1.364924e-13 0.000000e+00
33 94 8.249656e-04 3.284247e-03 0 3 2 3 1.273272e-13 0.000000e+00
33 95 8.249656e-04 4.134622e-03 0 3 2 3 1.190629e-13 0.000000e+00
33 96 8.249656e-04 5.205181e-03 0 3 2 3 1.113186e-13 0.000000e+00
33 97 8.249656e-04 6.552935e-03 0 3 2 3 1.037599e-13 0.000000e+00
33 98 8.249656e-04 8.249656e-03 0 3 2 3 9.610952e-14 0.000000e+00
34 88 1.038570e-03 8.249656e-04 0 3 2 3 1.901112e-13 0.000000e+00
34 89 1.038570e-03 1.038570e-03 0 3 2 3 0.000000e+00 0.000000e+00
34 90 1.038570e-03 1.307482e-03 0 3 2 3 1.758680e-13 0.000000e+00
34 91 1.038570e-03 1.646023e-03 0 3 2 3 1.605577e-13 0.000000e+00
34 92 1.038570e-03 2.072220e-03 0 3 2 3 1.476899e-13 0.000000e+00
34 93 1.038570e-03 2.608770e-03 0 3 2 3 1.368404e-13 0.000000e+00
34 94 1.038570e-03 3.284247e-03 0 3 2 3 1.274795e-13 0.000000e+00
34 95 1.038570e-03 4.134622e-03 0 3 2 3 1.191187e-13 0.000000e+00
34 96 1.038570e-03 5.205181e-03 0 3 2 3 1.113310e-13 0.000000e+00
34 97 1.038570e-03 6.552935e-03 0 3 2 3 1.037556e-13 0.000000e+00
34 98 1.038570e-03 8.249656e-03 0 3 2 3 9.610079e-14 0.000000e+00
35 88 1.307482e-03 8.249656e-04 0 3 2 3 1.735246e-13 0.000000e+00
35 89 1.307482e-03 1.038570e-03 0 3 2 3 1.758680e-13 0.000000e+00
35 90 1.307482e-03 1.307482e-03 0 3 2 3 0.000000e+00 0.000000e+00
35 91 1.307482e-03 1.646023e-03 0 3 2 3 1.629772e-13 0.000000e+00
35 92 1.307482e-03 2.072220e-03 0 3 2 3 1.489563e-13 0.000000e+00
35 93 1.307482e-03 2.608770e-03 0 3 2 3 1.374421e-13 0.000000e+00
35 94 1.307482e-03 3.284247e-03 0 3 2 3 1.277392e-13 0.000000e+00
35 95 1.307482e-03 4.134622e-03 0 3 2 3 1.192136e-13 0.000000e+00
35 96 1.307482e-03 5.205181e-03 0 3 2 3 1.113528e-13 0.000000e+00
35 97 1.307482e-03 6.552935e-03 0 3 2 3 1.037495e-13 0.000000e+00
35 98 1.307482e-03 8.249656e-03 0 3 2 3 9.608742e-14 0.000000e+00
36 88 1.646023e-03 8.249656e-04 0 3 2 3 1.591886e-13 0.000000e+00
36 89 1.646023e-03 1.038570e-03 0 3 2 3 1.605577e-13 0.000000e+00
36 90 1.646023e-03 1.307482e-03 0 3 2 3 1.629772e-13 0.000000e+00
36 91 1.646023e-03 1.646023e-03 0 3 2 3 0.000000e+00 0.000000e+00
36 92 1.646023e-03 2.072220e-03 0 3 2 3 1.513203e-13 0.000000e+00
36 93 1.646023e-03 2.608770e-03 0 3 2 3 1.385403e-13 0.000000e+00
36 94 1.646023e-03 3.284247e-03 0 3 2 3 1.282008e-13 0.000000e+00
36 95 1.646023e-03 4.134622e-03 0 3 2 3 1.193803e-13 0.000000e+00
36 96 1.646023e-03 5.205181e-03 0 3 2 3 1.113926e-13 0.000000e+00
36 97 1.646023e-03 6.552935e-03 0 3 2 3 1.037413e-13 0.000000e+00
36 98 1.646023e-03 8.249656e-03 0 3 2 3 9.606656e-14 0.000000e+00
37 88 2.072220e-03 8.249656e-04 0 3 2 3 1.469719e-13 0.000000e+00
37 89 2.072220e-03 1.038570e-03 0 3 2 3 1.476899e-13 0.000000e+00
37 90 2.072220e-03 1.307482e-03 0 3 2 3 1.489563e-13 0.000000e+00
37 91 2.072220e-03 1.646023e-03 0 3 2 3 1.513203e-13 0.000000e+00
37 92 2.072220e-03 2.072220e-03 0 3 2 3 0.000000e+00 0.000000e+00
37 93 2.072220e-03 2.608770e-03 0 3 2 3 1.407264e-13 0.000000e+00
37 94 2.072220e-03 3.284247e-03 0 3 2 3 1.290831e-13 0.000000e+00
37 95 2.072220e-03 4.134622e-03 0 3 2 3 1.196915e-13 0.000000e+00
37 96 2.072220e-03 5.205181e-03 0 3 2 3 1.114694e-13 0.000000e+00
37 97 2.072220e-03 6.552935e-03 0 3 2 3 1.037322e-13 0.000000e+00
37 98 2.072220e-03 8.249656e-03 0 3 2 3 9.603445e-14 0.000000e+00
38 88 2.608770e-03 8.249656e-04 0 3 2 3 1.364924e-13 0.000000e+00
38 89 2.608770e-03 1.038570e-03 0 3 2 3 1.368404e-13 0.000000e+00
38 90 2.608770e-03 1.307482e-03 0 3 2 3 1.374421e-13 0.000000e+00
38 91 2.608770e-03 1.646023e-03 0 3 2 3 1.385403e-13 0.000000e+00
38 92 2.608770e-03 2.072220e-03 0 3 2 3 1.407264e-13 0.000000e+00
38 93 2.608770e-03 2.608770e-03 0 3 2 3 0.000000e+00 0.000000e+00
38 94 2.608770e-03 3.284247e-03 0 3 2 3 1.309881e-13 0.000000e+00
38 95 2.608770e-03 4.134622e-03 0 3 2 3 1.203308e-13 0.000000e+00
38 96 2.608770e-03 5.205181e-03 0 3 2 3 1.116322e-13 0.000000e+00
38 97 2.608770e-03 6.552935e-03 0 3 2 3 1.037288e-13 0.000000e+00
38 98 2.608770e-03 8.249656e-03 0 3 2 3 9.598627e-14 0.000000e+00
39 88 3.284247e-03 8.249656e-04 0 3 2 3 1.273272e-13 0.000000e+00
39 89 3.284247e-03 1.038570e-03 0 3 2 3 1.274795e-13 0.000000e+00
39 90 3.284247e-03 1.307482e-03 0 3 2 3 1.277392e-13 0.000000e+00
39 91 3.284247e-03 1.646023e-03 0 3 2 3 1.282008e-13 0.000000e+00
39 92 3.284247e-03 2.072220e-03 0 3 2 3 1.290831e-13 0.000000e+00
39 93 3.284247e-03 2.608770e-03 0 3 2 3 1.309881e-13 0.000000e+00
39 94 3.284247e-03 3.284247e-03 0 3 2 3 0.000000e+00 0.000000e+00
39 95 3.284247e-03 4.134622e-03 0 3 2 3 1.218782e-13 0.000000e+00
39 96 3.284247e-03 5.205181e-03 0 3 2 3 1.120227e-13 0.000000e+00
39 97 3.284247e-03 6.552935e-03 0 3 2 3 1.037565e-13 0.000000e+00
39 98 3.284247e-03 8.249656e-03 0 3 2 3 9.591761e-14 0.000000e+00
40 88 4.134622e-03 8.249656e-04 0 3 2 3 1.190629e-13 0.000000e+00
40 89 4.134622e-03 1.038570e-03 0 3 2 3 1.191187e-13 0.000000e+00
40 90 4.134622e-03 1.307482e-03 0 3 2 3 1.192136e-13 0.000000e+00
40 91 4.134622e-03 1.646023e-03 0 3 2 3 1.193803e-13 0.000000e+00
40 92 4.134622e-03 2.072220e-03 0 3 2 3 1.196915e-13 0.000000e+00
40 93 4.134622e-03 2.608770e-03 0 3 2 3 1.203308e-13 0.000000e+00
40 94 4.134622e-03 3.284247e-03 0 3 2 3 1.218782e-13 0.000000e+00
40 95 4.134622e-03 4.134622e-03 0 3 2 3 0.000000e+00 0.000000e+00
40 96 4.134622e-03 5.205181e-03 0 3 2 3 1.131684e-13 0.000000e+00
40 97 4.134622e-03 6.552935e-03 0 3 2 3 1.039119e-13 0.000000e+00
40 98 4.134622e-03 8.249656e-03 0 3 2 3 9.583277e-14 0.000000e+00
41 88 5.205181e-03 8.249656e-04 0 3 2 3 1.113186e-13 0.000000e+00
41 89 5.205181e-03 1.038570e-03 0 3 2 3 1.113310e-13 0.000000e+00
41 90 5.205181e-03 1.307482e-03 0 3 2 3 1.113528e-13 0.000000e+00
41 91 5.205181e-03 1.646023e-03 0 3 2 3 1.113926e-13 0.000000e+00
41 92 5.205181e-03 2.072220e-03 0 3 2 3 1.114694e-13 0.000000e+00
41 93 5.205181e-03 2.608770e-03 0 3 2 3 1.116322e-13 0.000000e+00
41 94 5.205181e-03 3.284247e-03 0 3 2 3 1.120227e-13 0.000000e+00
41 95 5.205181e-03 4.134622e-03 0 3 2 3 1.131684e-13 0.000000e+00
41 96 5.205181e-03 5.205181e-03 0 3 2 3 0.000000e+00 0.000000e+00
41 97 5.205181e-03 6.552935e-03 0 3 2 3 1.046458e-13 0.000000e+00
41 98 5.205181e-03 8.249656e-03 0 3 2 3 9.578452e-14 0.000000e+00
42 88 6.552935e-03 8.249656e-04 0 3 2 3 1.037599e-13 0.000000e+00
42 89 6.552935e-03 1.038570e-03 0 3 2 3 1.037556e-13 0.000000e+00
42 90 6.552935e-03 1.307482e-03 0 3 2 3 1.037495e-13 0.000000e+00
42 91 6.552935e-03 1.646023e-03 0 3 2 3 1.037413e-13 0.000000e+00
42 92 6.552935e-03 2.072220e-03 0 3 2 3 1.037322e-13 0.000000e+00
42 93 6.552935e-03 2.608770e-03 0 3 2 3 1.037288e-13 0.000000e+00
42 94 6.552935e-03 3.284247e-03 0 3 2 3 1.037565e-13 0.000000e+00
42 95 6.552935e-03 4.134622e-03 0 3 2 3 1.039119e-13 0.000000e+00
42 96 6.552935e-03 5.205181e-03 0 3 2 3 1.046458e-13 0.000000e+00
42 97 6.552935e-03 6.552935e-03 0 3 2 3 0.000000e+00 0.000000e+00
42 98 6.552935e-03 8.249656e-03 0 3 2 3 9.613053e-14 0.000000e+00
43 88 8.249656e-03 8.249656e-04 0 3 2 3 9.610952e-14 0.000000e+00
43 89 8.249656e-03 1.038570e-03 0 3 2 3 9.610079e-14 0.000000e+00
43 90 8.249656e-03 1.307482e-03 0 3 2 3 9.608742e-14 0.000000e+00
43 91 8.249656e-03 1.646023e-03 0 3 2 3 9.606656e-14 0.000000e+00
43 92 8.249656e-03 2.072220e-03 0 3 2 3 9.603445e-14 0.000000e+00
43 93 8.249656e-03 2.608770e-03 0 3 2 3 9.598627e-14 0.000000e+00
43 94 8.249656e-03 3.284247e-03 0 3 2 3 9.591761e-14 0.000000e+00
43 95 8.249656e-03 4.134622e-03 0 3 2 3 9.583277e-14 0.000000e+00
43 96 8.249656e-03 5.205181e-03 0 3 2 3 9.578452e-14 0.000000e+00
43 97 8.249656e-03 6.552935e-03 0 3 2 3 9.613053e-14 0.000000e+00
43 98 8.249656e-03 8.249656e-03 0 3 2 3 0.000000e+00 0.000000e+00
