# Please cite the following papers in research using this covariance:
# arXiv: 1601.05779, https://arxiv.org/abs/1601.05779
# arXiv: 1911.11947, https://arxiv.org/abs/1911.11947
# arXiv: 2004.04833, https://arxiv.org/abs/2004.04833
# arXiv: 1804.10663, https://arxiv.org/abs/1804.10663
########################################################
121 121 8.249656e-04 8.249656e-04 0 1 0 1 1.736192e-11 0.000000e+00
121 122 8.249656e-04 1.038570e-03 0 1 0 1 5.156213e-15 0.000000e+00
121 123 8.249656e-04 1.307482e-03 0 1 0 1 2.006325e-15 0.000000e+00
121 124 8.249656e-04 1.646023e-03 0 1 0 1 7.377755e-16 0.000000e+00
121 125 8.249656e-04 2.072220e-03 0 1 0 1 2.610788e-16 0.000000e+00
121 126 8.249656e-04 2.608770e-03 0 1 0 1 8.941753e-17 0.000000e+00
121 127 8.249656e-04 3.284247e-03 0 1 0 1 2.974787e-17 0.000000e+00
121 128 8.249656e-04 4.134622e-03 0 1 0 1 9.671253e-18 0.000000e+00
121 129 8.249656e-04 5.205181e-03 0 1 0 1 3.080700e-18 0.000000e+00
121 130 8.249656e-04 6.552935e-03 0 1 0 1 9.838866e-19 0.000000e+00
121 131 8.249656e-04 8.249656e-03 0 1 0 1 3.094360e-19 0.000000e+00
122 121 1.038570e-03 8.249656e-04 0 1 0 1 5.156213e-15 0.000000e+00
122 122 1.038570e-03 1.038570e-03 0 1 0 1 1.101208e-11 0.000000e+00
122 123 1.038570e-03 1.307482e-03 0 1 0 1 5.070017e-15 0.000000e+00
122 124 1.038570e-03 1.646023e-03 0 1 0 1 1.895257e-15 0.000000e+00
122 125 1.038570e-03 2.072220e-03 0 1 0 1 6.705723e-16 0.000000e+00
122 126 1.038570e-03 2.608770e-03 0 1 0 1 2.287557e-16 0.000000e+00
122 127 1.038570e-03 3.284247e-03 0 1 0 1 7.576466e-17 0.000000e+00
122 128 1.038570e-03 4.134622e-03 0 1 0 1 2.452440e-17 0.000000e+00
122 129 1.038570e-03 5.205181e-03 0 1 0 1 7.821745e-18 0.000000e+00
122 130 1.038570e-03 6.552935e-03 0 1 0 1 2.472244e-18 0.000000e+00
122 131 1.038570e-03 8.249656e-03 0 1 0 1 7.882759e-19 0.000000e+00
123 121 1.307482e-03 8.249656e-04 0 1 0 1 2.006325e-15 0.000000e+00
123 122 1.307482e-03 1.038570e-03 0 1 0 1 5.070017e-15 0.000000e+00
123 123 1.307482e-03 1.307482e-03 0 1 0 1 6.979046e-12 0.000000e+00
123 124 1.307482e-03 1.646023e-03 0 1 0 1 4.884935e-15 0.000000e+00
123 125 1.307482e-03 2.072220e-03 0 1 0 1 1.744168e-15 0.000000e+00
123 126 1.307482e-03 2.608770e-03 0 1 0 1 5.919197e-16 0.000000e+00
123 127 1.307482e-03 3.284247e-03 0 1 0 1 1.946975e-16 0.000000e+00
123 128 1.307482e-03 4.134622e-03 0 1 0 1 6.260664e-17 0.000000e+00
123 129 1.307482e-03 5.205181e-03 0 1 0 1 1.985685e-17 0.000000e+00
123 130 1.307482e-03 6.552935e-03 0 1 0 1 6.270773e-18 0.000000e+00
123 131 1.307482e-03 8.249656e-03 0 1 0 1 2.006805e-18 0.000000e+00
124 121 1.646023e-03 8.249656e-04 0 1 0 1 7.377755e-16 0.000000e+00
124 122 1.646023e-03 1.038570e-03 0 1 0 1 1.895257e-15 0.000000e+00
124 123 1.646023e-03 1.307482e-03 0 1 0 1 4.884935e-15 0.000000e+00
124 124 1.646023e-03 1.646023e-03 0 1 0 1 4.426046e-12 0.000000e+00
124 125 1.646023e-03 2.072220e-03 0 1 0 1 4.602265e-15 0.000000e+00
124 126 1.646023e-03 2.608770e-03 0 1 0 1 1.561108e-15 0.000000e+00
124 127 1.646023e-03 3.284247e-03 0 1 0 1 5.077572e-16 0.000000e+00
124 128 1.646023e-03 4.134622e-03 0 1 0 1 1.615391e-16 0.000000e+00
124 129 1.646023e-03 5.205181e-03 0 1 0 1 5.079726e-17 0.000000e+00
124 130 1.646023e-03 6.552935e-03 0 1 0 1 1.592683e-17 0.000000e+00
124 131 1.646023e-03 8.249656e-03 0 1 0 1 5.050296e-18 0.000000e+00
125 121 2.072220e-03 8.249656e-04 0 1 0 1 2.610788e-16 0.000000e+00
125 122 2.072220e-03 1.038570e-03 0 1 0 1 6.705723e-16 0.000000e+00
125 123 2.072220e-03 1.307482e-03 0 1 0 1 1.744168e-15 0.000000e+00
125 124 2.072220e-03 1.646023e-03 0 1 0 1 4.602265e-15 0.000000e+00
125 125 2.072220e-03 2.072220e-03 0 1 0 1 2.806254e-12 0.000000e+00
125 126 2.072220e-03 2.608770e-03 0 1 0 1 4.233859e-15 0.000000e+00
125 127 2.072220e-03 3.284247e-03 0 1 0 1 1.358941e-15 0.000000e+00
125 128 2.072220e-03 4.134622e-03 0 1 0 1 4.244168e-16 0.000000e+00
125 129 2.072220e-03 5.205181e-03 0 1 0 1 1.314656e-16 0.000000e+00
125 130 2.072220e-03 6.552935e-03 0 1 0 1 4.078858e-17 0.000000e+00
125 131 2.072220e-03 8.249656e-03 0 1 0 1 1.284973e-17 0.000000e+00
126 121 2.608770e-03 8.249656e-04 0 1 0 1 8.941753e-17 0.000000e+00
126 122 2.608770e-03 1.038570e-03 0 1 0 1 2.287557e-16 0.000000e+00
126 123 2.608770e-03 1.307482e-03 0 1 0 1 5.919197e-16 0.000000e+00
126 124 2.608770e-03 1.646023e-03 0 1 0 1 1.561108e-15 0.000000e+00
126 125 2.608770e-03 2.072220e-03 0 1 0 1 4.233859e-15 0.000000e+00
126 126 2.608770e-03 2.608770e-03 0 1 0 1 1.778131e-12 0.000000e+00
126 127 2.608770e-03 3.284247e-03 0 1 0 1 3.801165e-15 0.000000e+00
126 128 2.608770e-03 4.134622e-03 0 1 0 1 1.152446e-15 0.000000e+00
126 129 2.608770e-03 5.205181e-03 0 1 0 1 3.474758e-16 0.000000e+00
126 130 2.608770e-03 6.552935e-03 0 1 0 1 1.057972e-16 0.000000e+00
126 131 2.608770e-03 8.249656e-03 0 1 0 1 3.286613e-17 0.000000e+00
127 121 3.284247e-03 8.249656e-04 0 1 0 1 2.974787e-17 0.000000e+00
127 122 3.284247e-03 1.038570e-03 0 1 0 1 7.576466e-17 0.000000e+00
127 123 3.284247e-03 1.307482e-03 0 1 0 1 1.946975e-16 0.000000e+00
127 124 3.284247e-03 1.646023e-03 0 1 0 1 5.077572e-16 0.000000e+00
127 125 3.284247e-03 2.072220e-03 0 1 0 1 1.358941e-15 0.000000e+00
127 126 3.284247e-03 2.608770e-03 0 1 0 1 3.801165e-15 0.000000e+00
127 127 3.284247e-03 3.284247e-03 0 1 0 1 1.126045e-12 0.000000e+00
127 128 3.284247e-03 4.134622e-03 0 1 0 1 3.332401e-15 0.000000e+00
127 129 3.284247e-03 5.205181e-03 0 1 0 1 9.557058e-16 0.000000e+00
127 130 3.284247e-03 6.552935e-03 0 1 0 1 2.807591e-16 0.000000e+00
127 131 3.284247e-03 8.249656e-03 0 1 0 1 8.519396e-17 0.000000e+00
128 121 4.134622e-03 8.249656e-04 0 1 0 1 9.671253e-18 0.000000e+00
128 122 4.134622e-03 1.038570e-03 0 1 0 1 2.452440e-17 0.000000e+00
128 123 4.134622e-03 1.307482e-03 0 1 0 1 6.260664e-17 0.000000e+00
128 124 4.134622e-03 1.646023e-03 0 1 0 1 1.615391e-16 0.000000e+00
128 125 4.134622e-03 2.072220e-03 0 1 0 1 4.244168e-16 0.000000e+00
128 126 4.134622e-03 2.608770e-03 0 1 0 1 1.152446e-15 0.000000e+00
128 127 4.134622e-03 3.284247e-03 0 1 0 1 3.332401e-15 0.000000e+00
128 128 4.134622e-03 4.134622e-03 0 1 0 1 7.136438e-13 0.000000e+00
128 129 4.134622e-03 5.205181e-03 0 1 0 1 2.857962e-15 0.000000e+00
128 130 4.134622e-03 6.552935e-03 0 1 0 1 7.797226e-16 0.000000e+00
128 131 4.134622e-03 8.249656e-03 0 1 0 1 2.262148e-16 0.000000e+00
129 121 5.205181e-03 8.249656e-04 0 1 0 1 3.080700e-18 0.000000e+00
129 122 5.205181e-03 1.038570e-03 0 1 0 1 7.821745e-18 0.000000e+00
129 123 5.205181e-03 1.307482e-03 0 1 0 1 1.985685e-17 0.000000e+00
129 124 5.205181e-03 1.646023e-03 0 1 0 1 5.079726e-17 0.000000e+00
129 125 5.205181e-03 2.072220e-03 0 1 0 1 1.314656e-16 0.000000e+00
129 126 5.205181e-03 2.608770e-03 0 1 0 1 3.474758e-16 0.000000e+00
129 127 5.205181e-03 3.284247e-03 0 1 0 1 9.557058e-16 0.000000e+00
129 128 5.205181e-03 4.134622e-03 0 1 0 1 2.857962e-15 0.000000e+00
129 129 5.205181e-03 5.205181e-03 0 1 0 1 4.522430e-13 0.000000e+00
129 130 5.205181e-03 6.552935e-03 0 1 0 1 2.405833e-15 0.000000e+00
129 131 5.205181e-03 8.249656e-03 0 1 0 1 6.311370e-16 0.000000e+00
130 121 6.552935e-03 8.249656e-04 0 1 0 1 9.838866e-19 0.000000e+00
130 122 6.552935e-03 1.038570e-03 0 1 0 1 2.472244e-18 0.000000e+00
130 123 6.552935e-03 1.307482e-03 0 1 0 1 6.270773e-18 0.000000e+00
130 124 6.552935e-03 1.646023e-03 0 1 0 1 1.592683e-17 0.000000e+00
130 125 6.552935e-03 2.072220e-03 0 1 0 1 4.078858e-17 0.000000e+00
130 126 6.552935e-03 2.608770e-03 0 1 0 1 1.057972e-16 0.000000e+00
130 127 6.552935e-03 3.284247e-03 0 1 0 1 2.807591e-16 0.000000e+00
130 128 6.552935e-03 4.134622e-03 0 1 0 1 7.797226e-16 0.000000e+00
130 129 6.552935e-03 5.205181e-03 0 1 0 1 2.405833e-15 0.000000e+00
130 130 6.552935e-03 6.552935e-03 0 1 0 1 2.865000e-13 0.000000e+00
130 131 6.552935e-03 8.249656e-03 0 1 0 1 1.997537e-15 0.000000e+00
131 121 8.249656e-03 8.249656e-04 0 1 0 1 3.094360e-19 0.000000e+00
131 122 8.249656e-03 1.038570e-03 0 1 0 1 7.882759e-19 0.000000e+00
131 123 8.249656e-03 1.307482e-03 0 1 0 1 2.006805e-18 0.000000e+00
131 124 8.249656e-03 1.646023e-03 0 1 0 1 5.050296e-18 0.000000e+00
131 125 8.249656e-03 2.072220e-03 0 1 0 1 1.284973e-17 0.000000e+00
131 126 8.249656e-03 2.608770e-03 0 1 0 1 3.286613e-17 0.000000e+00
131 127 8.249656e-03 3.284247e-03 0 1 0 1 8.519396e-17 0.000000e+00
131 128 8.249656e-03 4.134622e-03 0 1 0 1 2.262148e-16 0.000000e+00
131 129 8.249656e-03 5.205181e-03 0 1 0 1 6.311370e-16 0.000000e+00
131 130 8.249656e-03 6.552935e-03 0 1 0 1 1.997537e-15 0.000000e+00
131 131 8.249656e-03 8.249656e-03 0 1 0 1 1.815987e-13 0.000000e+00
