# Please cite the following papers in research using this covariance:
# arXiv: 1601.05779, https://arxiv.org/abs/1601.05779
# arXiv: 1911.11947, https://arxiv.org/abs/1911.11947
# arXiv: 2004.04833, https://arxiv.org/abs/2004.04833
# arXiv: 1804.10663, https://arxiv.org/abs/1804.10663
########################################################
77 132 8.249656e-04 8.249656e-04 2 2 0 2 0.000000e+00 0.000000e+00
77 133 8.249656e-04 1.038570e-03 2 2 0 2 -1.013507e-14 0.000000e+00
77 134 8.249656e-04 1.307482e-03 2 2 0 2 -4.528722e-15 0.000000e+00
77 135 8.249656e-04 1.646023e-03 2 2 0 2 4.661654e-15 0.000000e+00
77 136 8.249656e-04 2.072220e-03 2 2 0 2 1.171570e-14 0.000000e+00
77 137 8.249656e-04 2.608770e-03 2 2 0 2 1.564735e-14 0.000000e+00
77 138 8.249656e-04 3.284247e-03 2 2 0 2 1.703536e-14 0.000000e+00
77 139 8.249656e-04 4.134622e-03 2 2 0 2 1.675235e-14 0.000000e+00
77 140 8.249656e-04 5.205181e-03 2 2 0 2 1.554999e-14 0.000000e+00
77 141 8.249656e-04 6.552935e-03 2 2 0 2 1.396989e-14 0.000000e+00
77 142 8.249656e-04 8.249656e-03 2 2 0 2 1.236249e-14 0.000000e+00
78 132 1.038570e-03 8.249656e-04 2 2 0 2 5.733630e-17 0.000000e+00
78 133 1.038570e-03 1.038570e-03 2 2 0 2 0.000000e+00 0.000000e+00
78 134 1.038570e-03 1.307482e-03 2 2 0 2 -1.008636e-14 0.000000e+00
78 135 1.038570e-03 1.646023e-03 2 2 0 2 -4.538171e-15 0.000000e+00
78 136 1.038570e-03 2.072220e-03 2 2 0 2 4.220160e-15 0.000000e+00
78 137 1.038570e-03 2.608770e-03 2 2 0 2 1.063531e-14 0.000000e+00
78 138 1.038570e-03 3.284247e-03 2 2 0 2 1.398542e-14 0.000000e+00
78 139 1.038570e-03 4.134622e-03 2 2 0 2 1.499424e-14 0.000000e+00
78 140 1.038570e-03 5.205181e-03 2 2 0 2 1.456913e-14 0.000000e+00
78 141 1.038570e-03 6.552935e-03 2 2 0 2 1.343235e-14 0.000000e+00
78 142 1.038570e-03 8.249656e-03 2 2 0 2 1.206946e-14 0.000000e+00
79 132 1.307482e-03 8.249656e-04 2 2 0 2 8.818847e-17 0.000000e+00
79 133 1.307482e-03 1.038570e-03 2 2 0 2 1.760297e-16 0.000000e+00
79 134 1.307482e-03 1.307482e-03 2 2 0 2 0.000000e+00 0.000000e+00
79 135 1.307482e-03 1.646023e-03 2 2 0 2 -9.860173e-15 0.000000e+00
79 136 1.307482e-03 2.072220e-03 2 2 0 2 -4.434089e-15 0.000000e+00
79 137 1.307482e-03 2.608770e-03 2 2 0 2 3.773822e-15 0.000000e+00
79 138 1.307482e-03 3.284247e-03 2 2 0 2 9.507792e-15 0.000000e+00
79 139 1.307482e-03 4.134622e-03 2 2 0 2 1.232383e-14 0.000000e+00
79 140 1.307482e-03 5.205181e-03 2 2 0 2 1.305227e-14 0.000000e+00
79 141 1.307482e-03 6.552935e-03 2 2 0 2 1.259283e-14 0.000000e+00
79 142 1.307482e-03 8.249656e-03 2 2 0 2 1.160924e-14 0.000000e+00
80 132 1.646023e-03 8.249656e-04 2 2 0 2 4.507876e-17 0.000000e+00
80 133 1.646023e-03 1.038570e-03 2 2 0 2 1.190366e-16 0.000000e+00
80 134 1.646023e-03 1.307482e-03 2 2 0 2 2.948766e-16 0.000000e+00
80 135 1.646023e-03 1.646023e-03 2 2 0 2 0.000000e+00 0.000000e+00
80 136 1.646023e-03 2.072220e-03 2 2 0 2 -9.458281e-15 0.000000e+00
80 137 1.646023e-03 2.608770e-03 2 2 0 2 -4.219394e-15 0.000000e+00
80 138 1.646023e-03 3.284247e-03 2 2 0 2 3.343871e-15 0.000000e+00
80 139 1.646023e-03 4.134622e-03 2 2 0 2 8.391131e-15 0.000000e+00
80 140 1.646023e-03 5.205181e-03 2 2 0 2 1.074469e-14 0.000000e+00
80 141 1.646023e-03 6.552935e-03 2 2 0 2 1.129368e-14 0.000000e+00
80 142 1.646023e-03 8.249656e-03 2 2 0 2 1.089032e-14 0.000000e+00
81 132 2.072220e-03 8.249656e-04 2 2 0 2 1.970043e-17 0.000000e+00
81 133 2.072220e-03 1.038570e-03 2 2 0 2 5.186107e-17 0.000000e+00
81 134 2.072220e-03 1.307482e-03 2 2 0 2 1.441893e-16 0.000000e+00
81 135 2.072220e-03 1.646023e-03 2 2 0 2 4.018741e-16 0.000000e+00
81 136 2.072220e-03 2.072220e-03 2 2 0 2 0.000000e+00 0.000000e+00
81 137 2.072220e-03 2.608770e-03 2 2 0 2 -8.897255e-15 0.000000e+00
81 138 2.072220e-03 3.284247e-03 2 2 0 2 -3.908305e-15 0.000000e+00
81 139 2.072220e-03 4.134622e-03 2 2 0 2 2.947338e-15 0.000000e+00
81 140 2.072220e-03 5.205181e-03 2 2 0 2 7.336996e-15 0.000000e+00
81 141 2.072220e-03 6.552935e-03 2 2 0 2 9.315064e-15 0.000000e+00
81 142 2.072220e-03 8.249656e-03 2 2 0 2 9.777619e-15 0.000000e+00
82 132 2.608770e-03 8.249656e-04 2 2 0 2 8.125330e-18 0.000000e+00
82 133 2.608770e-03 1.038570e-03 2 2 0 2 2.023015e-17 0.000000e+00
82 134 2.608770e-03 1.307482e-03 2 2 0 2 5.538094e-17 0.000000e+00
82 135 2.608770e-03 1.646023e-03 2 2 0 2 1.593748e-16 0.000000e+00
82 136 2.608770e-03 2.072220e-03 2 2 0 2 4.860464e-16 0.000000e+00
82 137 2.608770e-03 2.608770e-03 2 2 0 2 0.000000e+00 0.000000e+00
82 138 2.608770e-03 3.284247e-03 2 2 0 2 -8.207993e-15 0.000000e+00
82 139 2.608770e-03 4.134622e-03 2 2 0 2 -3.524985e-15 0.000000e+00
82 140 2.608770e-03 5.205181e-03 2 2 0 2 2.596006e-15 0.000000e+00
82 141 2.608770e-03 6.552935e-03 2 2 0 2 6.387177e-15 0.000000e+00
82 142 2.608770e-03 8.249656e-03 2 2 0 2 8.082137e-15 0.000000e+00
83 132 3.284247e-03 8.249656e-04 2 2 0 2 3.278619e-18 0.000000e+00
83 133 3.284247e-03 1.038570e-03 2 2 0 2 7.307600e-18 0.000000e+00
83 134 3.284247e-03 1.307482e-03 2 2 0 2 1.972011e-17 0.000000e+00
83 135 3.284247e-03 1.646023e-03 2 2 0 2 5.497104e-17 0.000000e+00
83 136 3.284247e-03 2.072220e-03 2 2 0 2 1.631550e-16 0.000000e+00
83 137 3.284247e-03 2.608770e-03 2 2 0 2 5.395082e-16 0.000000e+00
83 138 3.284247e-03 3.284247e-03 2 2 0 2 0.000000e+00 0.000000e+00
83 139 3.284247e-03 4.134622e-03 2 2 0 2 -7.431804e-15 0.000000e+00
83 140 3.284247e-03 5.205181e-03 2 2 0 2 -3.099142e-15 0.000000e+00
83 141 3.284247e-03 6.552935e-03 2 2 0 2 2.297076e-15 0.000000e+00
83 142 3.284247e-03 8.249656e-03 2 2 0 2 5.570664e-15 0.000000e+00
84 132 4.134622e-03 8.249656e-04 2 2 0 2 1.436818e-18 0.000000e+00
84 133 4.134622e-03 1.038570e-03 2 2 0 2 2.460668e-18 0.000000e+00
84 134 4.134622e-03 1.307482e-03 2 2 0 2 6.612990e-18 0.000000e+00
84 135 4.134622e-03 1.646023e-03 2 2 0 2 1.804292e-17 0.000000e+00
84 136 4.134622e-03 2.072220e-03 2 2 0 2 5.082792e-17 0.000000e+00
84 137 4.134622e-03 2.608770e-03 2 2 0 2 1.560323e-16 0.000000e+00
84 138 4.134622e-03 3.284247e-03 2 2 0 2 5.582182e-16 0.000000e+00
84 139 4.134622e-03 4.134622e-03 2 2 0 2 0.000000e+00 0.000000e+00
84 140 4.134622e-03 5.205181e-03 2 2 0 2 -6.614533e-15 0.000000e+00
84 141 4.134622e-03 6.552935e-03 2 2 0 2 -2.661776e-15 0.000000e+00
84 142 4.134622e-03 8.249656e-03 2 2 0 2 2.053585e-15 0.000000e+00
85 132 5.205181e-03 8.249656e-04 2 2 0 2 7.442693e-19 0.000000e+00
85 133 5.205181e-03 1.038570e-03 2 2 0 2 7.335805e-19 0.000000e+00
85 134 5.205181e-03 1.307482e-03 2 2 0 2 2.068174e-18 0.000000e+00
85 135 5.205181e-03 1.646023e-03 2 2 0 2 5.689016e-18 0.000000e+00
85 136 5.205181e-03 2.072220e-03 2 2 0 2 1.536459e-17 0.000000e+00
85 137 5.205181e-03 2.608770e-03 2 2 0 2 4.417676e-17 0.000000e+00
85 138 5.205181e-03 3.284247e-03 2 2 0 2 1.401639e-16 0.000000e+00
85 139 5.205181e-03 4.134622e-03 2 2 0 2 5.432885e-16 0.000000e+00
85 140 5.205181e-03 5.205181e-03 2 2 0 2 0.000000e+00 0.000000e+00
85 141 5.205181e-03 6.552935e-03 2 2 0 2 -5.801595e-15 0.000000e+00
85 142 5.205181e-03 8.249656e-03 2 2 0 2 -2.240630e-15 0.000000e+00
86 132 6.552935e-03 8.249656e-04 2 2 0 2 5.392145e-19 0.000000e+00
86 133 6.552935e-03 1.038570e-03 2 2 0 2 1.487324e-19 0.000000e+00
86 134 6.552935e-03 1.307482e-03 2 2 0 2 5.835723e-19 0.000000e+00
86 135 6.552935e-03 1.646023e-03 2 2 0 2 1.714734e-18 0.000000e+00
86 136 6.552935e-03 2.072220e-03 2 2 0 2 4.457490e-18 0.000000e+00
86 137 6.552935e-03 2.608770e-03 2 2 0 2 1.230865e-17 0.000000e+00
86 138 6.552935e-03 3.284247e-03 2 2 0 2 3.602268e-17 0.000000e+00
86 139 6.552935e-03 4.134622e-03 2 2 0 2 1.183649e-16 0.000000e+00
86 140 6.552935e-03 5.205181e-03 2 2 0 2 4.997719e-16 0.000000e+00
86 141 6.552935e-03 6.552935e-03 2 2 0 2 0.000000e+00 0.000000e+00
86 142 6.552935e-03 8.249656e-03 2 2 0 2 -5.032901e-15 0.000000e+00
87 132 8.249656e-03 8.249656e-04 2 2 0 2 4.552869e-19 0.000000e+00
87 133 8.249656e-03 1.038570e-03 2 2 0 2 -2.951058e-20 0.000000e+00
87 134 8.249656e-03 1.307482e-03 2 2 0 2 1.253985e-19 0.000000e+00
87 135 8.249656e-03 1.646023e-03 2 2 0 2 5.004337e-19 0.000000e+00
87 136 8.249656e-03 2.072220e-03 2 2 0 2 1.228420e-18 0.000000e+00
87 137 8.249656e-03 2.608770e-03 2 2 0 2 3.285224e-18 0.000000e+00
87 138 8.249656e-03 3.284247e-03 2 2 0 2 9.154266e-18 0.000000e+00
87 139 8.249656e-03 4.134622e-03 2 2 0 2 2.740693e-17 0.000000e+00
87 140 8.249656e-03 5.205181e-03 2 2 0 2 9.377966e-17 0.000000e+00
87 141 8.249656e-03 6.552935e-03 2 2 0 2 4.354439e-16 0.000000e+00
87 142 8.249656e-03 8.249656e-03 2 2 0 2 0.000000e+00 0.000000e+00
