# Please cite the following papers in research using this covariance:
# arXiv: 1601.05779, https://arxiv.org/abs/1601.05779
# arXiv: 1911.11947, https://arxiv.org/abs/1911.11947
# arXiv: 2004.04833, https://arxiv.org/abs/2004.04833
# arXiv: 1804.10663, https://arxiv.org/abs/1804.10663
########################################################
187 198 8.249656e-04 8.249656e-04 2 2 2 3 0.000000e+00 0.000000e+00
187 199 8.249656e-04 1.038570e-03 2 2 2 3 3.030982e-14 0.000000e+00
187 200 8.249656e-04 1.307482e-03 2 2 2 3 1.062037e-14 0.000000e+00
187 201 8.249656e-04 1.646023e-03 2 2 2 3 3.550026e-15 0.000000e+00
187 202 8.249656e-04 2.072220e-03 2 2 2 3 1.159095e-15 0.000000e+00
187 203 8.249656e-04 2.608770e-03 2 2 2 3 3.737674e-16 0.000000e+00
187 204 8.249656e-04 3.284247e-03 2 2 2 3 1.200163e-16 0.000000e+00
187 205 8.249656e-04 4.134622e-03 2 2 2 3 3.884734e-17 0.000000e+00
187 206 8.249656e-04 5.205181e-03 2 2 2 3 1.270669e-17 0.000000e+00
187 207 8.249656e-04 6.552935e-03 2 2 2 3 4.353546e-18 0.000000e+00
187 208 8.249656e-04 8.249656e-03 2 2 2 3 1.503511e-18 0.000000e+00
188 198 1.038570e-03 8.249656e-04 2 2 2 3 3.030982e-14 0.000000e+00
188 199 1.038570e-03 1.038570e-03 2 2 2 3 0.000000e+00 0.000000e+00
188 200 1.038570e-03 1.307482e-03 2 2 2 3 2.830419e-14 0.000000e+00
188 201 1.038570e-03 1.646023e-03 2 2 2 3 9.412126e-15 0.000000e+00
188 202 1.038570e-03 2.072220e-03 2 2 2 3 3.029278e-15 0.000000e+00
188 203 1.038570e-03 2.608770e-03 2 2 2 3 9.642003e-16 0.000000e+00
188 204 1.038570e-03 3.284247e-03 2 2 2 3 3.066098e-16 0.000000e+00
188 205 1.038570e-03 4.134622e-03 2 2 2 3 9.848341e-17 0.000000e+00
188 206 1.038570e-03 5.205181e-03 2 2 2 3 3.230324e-17 0.000000e+00
188 207 1.038570e-03 6.552935e-03 2 2 2 3 1.089132e-17 0.000000e+00
188 208 1.038570e-03 8.249656e-03 2 2 2 3 3.830676e-18 0.000000e+00
189 198 1.307482e-03 8.249656e-04 2 2 2 3 1.062037e-14 0.000000e+00
189 199 1.307482e-03 1.038570e-03 2 2 2 3 2.830419e-14 0.000000e+00
189 200 1.307482e-03 1.307482e-03 2 2 2 3 0.000000e+00 0.000000e+00
189 201 1.307482e-03 1.646023e-03 2 2 2 3 2.581717e-14 0.000000e+00
189 202 1.307482e-03 2.072220e-03 2 2 2 3 8.139111e-15 0.000000e+00
189 203 1.307482e-03 2.608770e-03 2 2 2 3 2.533151e-15 0.000000e+00
189 204 1.307482e-03 3.284247e-03 2 2 2 3 7.924803e-16 0.000000e+00
189 205 1.307482e-03 4.134622e-03 2 2 2 3 2.515653e-16 0.000000e+00
189 206 1.307482e-03 5.205181e-03 2 2 2 3 8.186154e-17 0.000000e+00
189 207 1.307482e-03 6.552935e-03 2 2 2 3 2.759100e-17 0.000000e+00
189 208 1.307482e-03 8.249656e-03 2 2 2 3 9.747174e-18 0.000000e+00
190 198 1.646023e-03 8.249656e-04 2 2 2 3 3.550026e-15 0.000000e+00
190 199 1.646023e-03 1.038570e-03 2 2 2 3 9.412126e-15 0.000000e+00
190 200 1.646023e-03 1.307482e-03 2 2 2 3 2.581717e-14 0.000000e+00
190 201 1.646023e-03 1.646023e-03 2 2 2 3 0.000000e+00 0.000000e+00
190 202 1.646023e-03 2.072220e-03 2 2 2 3 2.301432e-14 0.000000e+00
190 203 1.646023e-03 2.608770e-03 2 2 2 3 6.888096e-15 0.000000e+00
190 204 1.646023e-03 3.284247e-03 2 2 2 3 2.090113e-15 0.000000e+00
190 205 1.646023e-03 4.134622e-03 2 2 2 3 6.502872e-16 0.000000e+00
190 206 1.646023e-03 5.205181e-03 2 2 2 3 2.089633e-16 0.000000e+00
190 207 1.646023e-03 6.552935e-03 2 2 2 3 6.980337e-17 0.000000e+00
190 208 1.646023e-03 8.249656e-03 2 2 2 3 2.442806e-17 0.000000e+00
191 198 2.072220e-03 8.249656e-04 2 2 2 3 1.159095e-15 0.000000e+00
191 199 2.072220e-03 1.038570e-03 2 2 2 3 3.029278e-15 0.000000e+00
191 200 2.072220e-03 1.307482e-03 2 2 2 3 8.139111e-15 0.000000e+00
191 201 2.072220e-03 1.646023e-03 2 2 2 3 2.301432e-14 0.000000e+00
191 202 2.072220e-03 2.072220e-03 2 2 2 3 0.000000e+00 0.000000e+00
191 203 2.072220e-03 2.608770e-03 2 2 2 3 2.008572e-14 0.000000e+00
191 204 2.072220e-03 3.284247e-03 2 2 2 3 5.736377e-15 0.000000e+00
191 205 2.072220e-03 4.134622e-03 2 2 2 3 1.717231e-15 0.000000e+00
191 206 2.072220e-03 5.205181e-03 2 2 2 3 5.391749e-16 0.000000e+00
191 207 2.072220e-03 6.552935e-03 2 2 2 3 1.777893e-16 0.000000e+00
191 208 2.072220e-03 8.249656e-03 2 2 2 3 6.184662e-17 0.000000e+00
192 198 2.608770e-03 8.249656e-04 2 2 2 3 3.737674e-16 0.000000e+00
192 199 2.608770e-03 1.038570e-03 2 2 2 3 9.642003e-16 0.000000e+00
192 200 2.608770e-03 1.307482e-03 2 2 2 3 2.533151e-15 0.000000e+00
192 201 2.608770e-03 1.646023e-03 2 2 2 3 6.888096e-15 0.000000e+00
192 202 2.608770e-03 2.072220e-03 2 2 2 3 2.008572e-14 0.000000e+00
192 203 2.608770e-03 2.608770e-03 2 2 2 3 0.000000e+00 0.000000e+00
192 204 2.608770e-03 3.284247e-03 2 2 2 3 1.721539e-14 0.000000e+00
192 205 2.608770e-03 4.134622e-03 2 2 2 3 4.736758e-15 0.000000e+00
192 206 2.608770e-03 5.205181e-03 2 2 2 3 1.420894e-15 0.000000e+00
192 207 2.608770e-03 6.552935e-03 2 2 2 3 4.572647e-16 0.000000e+00
192 208 2.608770e-03 8.249656e-03 2 2 2 3 1.568641e-16 0.000000e+00
193 198 3.284247e-03 8.249656e-04 2 2 2 3 1.200163e-16 0.000000e+00
193 199 3.284247e-03 1.038570e-03 2 2 2 3 3.066098e-16 0.000000e+00
193 200 3.284247e-03 1.307482e-03 2 2 2 3 7.924803e-16 0.000000e+00
193 201 3.284247e-03 1.646023e-03 2 2 2 3 2.090113e-15 0.000000e+00
193 202 3.284247e-03 2.072220e-03 2 2 2 3 5.736377e-15 0.000000e+00
193 203 3.284247e-03 2.608770e-03 2 2 2 3 1.721539e-14 0.000000e+00
193 204 3.284247e-03 3.284247e-03 2 2 2 3 0.000000e+00 0.000000e+00
193 205 3.284247e-03 4.134622e-03 2 2 2 3 1.455723e-14 0.000000e+00
193 206 3.284247e-03 5.205181e-03 2 2 2 3 3.916800e-15 0.000000e+00
193 207 3.284247e-03 6.552935e-03 2 2 2 3 1.198585e-15 0.000000e+00
193 208 3.284247e-03 8.249656e-03 2 2 2 3 4.012017e-16 0.000000e+00
194 198 4.134622e-03 8.249656e-04 2 2 2 3 3.884734e-17 0.000000e+00
194 199 4.134622e-03 1.038570e-03 2 2 2 3 9.848341e-17 0.000000e+00
194 200 4.134622e-03 1.307482e-03 2 2 2 3 2.515653e-16 0.000000e+00
194 201 4.134622e-03 1.646023e-03 2 2 2 3 6.502872e-16 0.000000e+00
194 202 4.134622e-03 2.072220e-03 2 2 2 3 1.717231e-15 0.000000e+00
194 203 4.134622e-03 2.608770e-03 2 2 2 3 4.736758e-15 0.000000e+00
194 204 4.134622e-03 3.284247e-03 2 2 2 3 1.455723e-14 0.000000e+00
194 205 4.134622e-03 4.134622e-03 2 2 2 3 0.000000e+00 0.000000e+00
194 206 4.134622e-03 5.205181e-03 2 2 2 3 1.222065e-14 0.000000e+00
194 207 4.134622e-03 6.552935e-03 2 2 2 3 3.280709e-15 0.000000e+00
194 208 4.134622e-03 8.249656e-03 2 2 2 3 1.042752e-15 0.000000e+00
195 198 5.205181e-03 8.249656e-04 2 2 2 3 1.270669e-17 0.000000e+00
195 199 5.205181e-03 1.038570e-03 2 2 2 3 3.230324e-17 0.000000e+00
195 200 5.205181e-03 1.307482e-03 2 2 2 3 8.186154e-17 0.000000e+00
195 201 5.205181e-03 1.646023e-03 2 2 2 3 2.089633e-16 0.000000e+00
195 202 5.205181e-03 2.072220e-03 2 2 2 3 5.391749e-16 0.000000e+00
195 203 5.205181e-03 2.608770e-03 2 2 2 3 1.420894e-15 0.000000e+00
195 204 5.205181e-03 3.284247e-03 2 2 2 3 3.916800e-15 0.000000e+00
195 205 5.205181e-03 4.134622e-03 2 2 2 3 1.222065e-14 0.000000e+00
195 206 5.205181e-03 5.205181e-03 2 2 2 3 0.000000e+00 0.000000e+00
195 207 5.205181e-03 6.552935e-03 2 2 2 3 1.026671e-14 0.000000e+00
195 208 5.205181e-03 8.249656e-03 2 2 2 3 2.816431e-15 0.000000e+00
196 198 6.552935e-03 8.249656e-04 2 2 2 3 4.353546e-18 0.000000e+00
196 199 6.552935e-03 1.038570e-03 2 2 2 3 1.089132e-17 0.000000e+00
196 200 6.552935e-03 1.307482e-03 2 2 2 3 2.759100e-17 0.000000e+00
196 201 6.552935e-03 1.646023e-03 2 2 2 3 6.980337e-17 0.000000e+00
196 202 6.552935e-03 2.072220e-03 2 2 2 3 1.777893e-16 0.000000e+00
196 203 6.552935e-03 2.608770e-03 2 2 2 3 4.572647e-16 0.000000e+00
196 204 6.552935e-03 3.284247e-03 2 2 2 3 1.198585e-15 0.000000e+00
196 205 6.552935e-03 4.134622e-03 2 2 2 3 3.280709e-15 0.000000e+00
196 206 6.552935e-03 5.205181e-03 2 2 2 3 1.026671e-14 0.000000e+00
196 207 6.552935e-03 6.552935e-03 2 2 2 3 0.000000e+00 0.000000e+00
196 208 6.552935e-03 8.249656e-03 2 2 2 3 8.712173e-15 0.000000e+00
197 198 8.249656e-03 8.249656e-04 2 2 2 3 1.503511e-18 0.000000e+00
197 199 8.249656e-03 1.038570e-03 2 2 2 3 3.830676e-18 0.000000e+00
197 200 8.249656e-03 1.307482e-03 2 2 2 3 9.747174e-18 0.000000e+00
197 201 8.249656e-03 1.646023e-03 2 2 2 3 2.442806e-17 0.000000e+00
197 202 8.249656e-03 2.072220e-03 2 2 2 3 6.184662e-17 0.000000e+00
197 203 8.249656e-03 2.608770e-03 2 2 2 3 1.568641e-16 0.000000e+00
197 204 8.249656e-03 3.284247e-03 2 2 2 3 4.012017e-16 0.000000e+00
197 205 8.249656e-03 4.134622e-03 2 2 2 3 1.042752e-15 0.000000e+00
197 206 8.249656e-03 5.205181e-03 2 2 2 3 2.816431e-15 0.000000e+00
197 207 8.249656e-03 6.552935e-03 2 2 2 3 8.712173e-15 0.000000e+00
197 208 8.249656e-03 8.249656e-03 2 2 2 3 0.000000e+00 0.000000e+00
