# Please cite the following papers in research using this covariance:
# arXiv: 1601.05779, https://arxiv.org/abs/1601.05779
# arXiv: 1911.11947, https://arxiv.org/abs/1911.11947
# arXiv: 2004.04833, https://arxiv.org/abs/2004.04833
# arXiv: 1804.10663, https://arxiv.org/abs/1804.10663
########################################################
99 209 8.249656e-04 8.249656e-04 3 3 3 3 0.000000e+00 0.000000e+00
99 210 8.249656e-04 1.038570e-03 3 3 3 3 -1.705321e-13 0.000000e+00
99 211 8.249656e-04 1.307482e-03 3 3 3 3 -7.708293e-14 0.000000e+00
99 212 8.249656e-04 1.646023e-03 3 3 3 3 5.965982e-14 0.000000e+00
99 213 8.249656e-04 2.072220e-03 3 3 3 3 1.505546e-13 0.000000e+00
99 214 8.249656e-04 2.608770e-03 3 3 3 3 1.915388e-13 0.000000e+00
99 215 8.249656e-04 3.284247e-03 3 3 3 3 1.987432e-13 0.000000e+00
99 216 8.249656e-04 4.134622e-03 3 3 3 3 1.878244e-13 0.000000e+00
99 217 8.249656e-04 5.205181e-03 3 3 3 3 1.695243e-13 0.000000e+00
99 218 8.249656e-04 6.552935e-03 3 3 3 3 1.500748e-13 0.000000e+00
99 219 8.249656e-04 8.249656e-03 3 3 3 3 1.325696e-13 0.000000e+00
100 209 1.038570e-03 8.249656e-04 3 3 3 3 6.874073e-15 0.000000e+00
100 210 1.038570e-03 1.038570e-03 3 3 3 3 0.000000e+00 0.000000e+00
100 211 1.038570e-03 1.307482e-03 3 3 3 3 -1.611483e-13 0.000000e+00
100 212 1.038570e-03 1.646023e-03 3 3 3 3 -7.180892e-14 0.000000e+00
100 213 1.038570e-03 2.072220e-03 3 3 3 3 5.205016e-14 0.000000e+00
100 214 1.038570e-03 2.608770e-03 3 3 3 3 1.303625e-13 0.000000e+00
100 215 1.038570e-03 3.284247e-03 3 3 3 3 1.637059e-13 0.000000e+00
100 216 1.038570e-03 4.134622e-03 3 3 3 3 1.685253e-13 0.000000e+00
100 217 1.038570e-03 5.205181e-03 3 3 3 3 1.590620e-13 0.000000e+00
100 218 1.038570e-03 6.552935e-03 3 3 3 3 1.444049e-13 0.000000e+00
100 219 1.038570e-03 8.249656e-03 3 3 3 3 1.294630e-13 0.000000e+00
101 209 1.307482e-03 8.249656e-04 3 3 3 3 2.963990e-15 0.000000e+00
101 210 1.307482e-03 1.038570e-03 3 3 3 3 8.669221e-15 0.000000e+00
101 211 1.307482e-03 1.307482e-03 3 3 3 3 0.000000e+00 0.000000e+00
101 212 1.307482e-03 1.646023e-03 3 3 3 3 -1.490800e-13 0.000000e+00
101 213 1.307482e-03 2.072220e-03 3 3 3 3 -6.501916e-14 0.000000e+00
101 214 1.307482e-03 2.608770e-03 3 3 3 3 4.514659e-14 0.000000e+00
101 215 1.307482e-03 3.284247e-03 3 3 3 3 1.117773e-13 0.000000e+00
101 216 1.307482e-03 4.134622e-03 3 3 3 3 1.390723e-13 0.000000e+00
101 217 1.307482e-03 5.205181e-03 3 3 3 3 1.428493e-13 0.000000e+00
101 218 1.307482e-03 6.552935e-03 3 3 3 3 1.355445e-13 0.000000e+00
101 219 1.307482e-03 8.249656e-03 3 3 3 3 1.245844e-13 0.000000e+00
102 209 1.646023e-03 8.249656e-04 3 3 3 3 1.038515e-15 0.000000e+00
102 210 1.646023e-03 1.038570e-03 3 3 3 3 3.062983e-15 0.000000e+00
102 211 1.646023e-03 1.307482e-03 3 3 3 3 9.870676e-15 0.000000e+00
102 212 1.646023e-03 1.646023e-03 3 3 3 3 0.000000e+00 0.000000e+00
102 213 1.646023e-03 2.072220e-03 3 3 3 3 -1.351081e-13 0.000000e+00
102 214 1.646023e-03 2.608770e-03 3 3 3 3 -5.732150e-14 0.000000e+00
102 215 1.646023e-03 3.284247e-03 3 3 3 3 3.906761e-14 0.000000e+00
102 216 1.646023e-03 4.134622e-03 3 3 3 3 9.533640e-14 0.000000e+00
102 217 1.646023e-03 5.205181e-03 3 3 3 3 1.180983e-13 0.000000e+00
102 218 1.646023e-03 6.552935e-03 3 3 3 3 1.218181e-13 0.000000e+00
102 219 1.646023e-03 8.249656e-03 3 3 3 3 1.169634e-13 0.000000e+00
103 209 2.072220e-03 8.249656e-04 3 3 3 3 3.432114e-16 0.000000e+00
103 210 2.072220e-03 1.038570e-03 3 3 3 3 9.705536e-16 0.000000e+00
103 211 2.072220e-03 1.307482e-03 3 3 3 3 2.964181e-15 0.000000e+00
103 212 2.072220e-03 1.646023e-03 3 3 3 3 1.039030e-14 0.000000e+00
103 213 2.072220e-03 2.072220e-03 3 3 3 3 0.000000e+00 0.000000e+00
103 214 2.072220e-03 2.608770e-03 3 3 3 3 -1.201150e-13 0.000000e+00
103 215 2.072220e-03 3.284247e-03 3 3 3 3 -4.933051e-14 0.000000e+00
103 216 2.072220e-03 4.134622e-03 3 3 3 3 3.385694e-14 0.000000e+00
103 217 2.072220e-03 5.205181e-03 3 3 3 3 8.131432e-14 0.000000e+00
103 218 2.072220e-03 6.552935e-03 3 3 3 3 1.008720e-13 0.000000e+00
103 219 2.072220e-03 8.249656e-03 3 3 3 3 1.051676e-13 0.000000e+00
104 209 2.608770e-03 8.249656e-04 3 3 3 3 1.105887e-16 0.000000e+00
104 210 2.608770e-03 1.038570e-03 3 3 3 3 2.973545e-16 0.000000e+00
104 211 2.608770e-03 1.307482e-03 3 3 3 3 8.527989e-16 0.000000e+00
104 212 2.608770e-03 1.646023e-03 3 3 3 3 2.690736e-15 0.000000e+00
104 213 2.608770e-03 2.072220e-03 3 3 3 3 1.024780e-14 0.000000e+00
104 214 2.608770e-03 2.608770e-03 3 3 3 3 0.000000e+00 0.000000e+00
104 215 2.608770e-03 3.284247e-03 3 3 3 3 -1.049760e-13 0.000000e+00
104 216 2.608770e-03 4.134622e-03 3 3 3 3 -4.159226e-14 0.000000e+00
104 217 2.608770e-03 5.205181e-03 3 3 3 3 2.949574e-14 0.000000e+00
104 218 2.608770e-03 6.552935e-03 3 3 3 3 6.975754e-14 0.000000e+00
104 219 2.608770e-03 8.249656e-03 3 3 3 3 8.718872e-14 0.000000e+00
105 209 3.284247e-03 8.249656e-04 3 3 3 3 3.443417e-17 0.000000e+00
105 210 3.284247e-03 1.038570e-03 3 3 3 3 8.781935e-17 0.000000e+00
105 211 3.284247e-03 1.307482e-03 3 3 3 3 2.422243e-16 0.000000e+00
105 212 3.284247e-03 1.646023e-03 3 3 3 3 7.068188e-16 0.000000e+00
105 213 3.284247e-03 2.072220e-03 3 3 3 3 2.304664e-15 0.000000e+00
105 214 3.284247e-03 2.608770e-03 3 3 3 3 9.550065e-15 0.000000e+00
105 215 3.284247e-03 3.284247e-03 3 3 3 3 0.000000e+00 0.000000e+00
105 216 3.284247e-03 4.134622e-03 3 3 3 3 -9.045947e-14 0.000000e+00
105 217 3.284247e-03 5.205181e-03 3 3 3 3 -3.452392e-14 0.000000e+00
105 218 3.284247e-03 6.552935e-03 3 3 3 3 2.592567e-14 0.000000e+00
105 219 3.284247e-03 8.249656e-03 3 3 3 3 6.052967e-14 0.000000e+00
106 209 4.134622e-03 8.249656e-04 3 3 3 3 1.120170e-17 0.000000e+00
106 210 4.134622e-03 1.038570e-03 3 3 3 3 2.527939e-17 0.000000e+00
106 211 4.134622e-03 1.307482e-03 3 3 3 3 6.749675e-17 0.000000e+00
106 212 4.134622e-03 1.646023e-03 3 3 3 3 1.874256e-16 0.000000e+00
106 213 4.134622e-03 2.072220e-03 3 3 3 3 5.546932e-16 0.000000e+00
106 214 4.134622e-03 2.608770e-03 3 3 3 3 1.869354e-15 0.000000e+00
106 215 4.134622e-03 3.284247e-03 3 3 3 3 8.454669e-15 0.000000e+00
106 216 4.134622e-03 4.134622e-03 3 3 3 3 0.000000e+00 0.000000e+00
106 217 4.134622e-03 5.205181e-03 3 3 3 3 -7.715504e-14 0.000000e+00
106 218 4.134622e-03 6.552935e-03 3 3 3 3 -2.839226e-14 0.000000e+00
106 219 4.134622e-03 8.249656e-03 3 3 3 3 2.306117e-14 0.000000e+00
107 209 5.205181e-03 8.249656e-04 3 3 3 3 3.578515e-18 0.000000e+00
107 210 5.205181e-03 1.038570e-03 3 3 3 3 6.721027e-18 0.000000e+00
107 211 5.205181e-03 1.307482e-03 3 3 3 3 1.801383e-17 0.000000e+00
107 212 5.205181e-03 1.646023e-03 3 3 3 3 4.917019e-17 0.000000e+00
107 213 5.205181e-03 2.072220e-03 3 3 3 3 1.369712e-16 0.000000e+00
107 214 5.205181e-03 2.608770e-03 3 3 3 3 4.131374e-16 0.000000e+00
107 215 5.205181e-03 3.284247e-03 3 3 3 3 1.440011e-15 0.000000e+00
107 216 5.205181e-03 4.134622e-03 3 3 3 3 7.139553e-15 0.000000e+00
107 217 5.205181e-03 5.205181e-03 3 3 3 3 0.000000e+00 0.000000e+00
107 218 5.205181e-03 6.552935e-03 3 3 3 3 -6.544918e-14 0.000000e+00
107 219 5.205181e-03 8.249656e-03 3 3 3 3 -2.331521e-14 0.000000e+00
108 209 6.552935e-03 8.249656e-04 3 3 3 3 1.968343e-18 0.000000e+00
108 210 6.552935e-03 1.038570e-03 3 3 3 3 1.427192e-18 0.000000e+00
108 211 6.552935e-03 1.307482e-03 3 3 3 3 4.672276e-18 0.000000e+00
108 212 6.552935e-03 1.646023e-03 3 3 3 3 1.250914e-17 0.000000e+00
108 213 6.552935e-03 2.072220e-03 3 3 3 3 3.347977e-17 0.000000e+00
108 214 6.552935e-03 2.608770e-03 3 3 3 3 9.498119e-17 0.000000e+00
108 215 6.552935e-03 3.284247e-03 3 3 3 3 2.916480e-16 0.000000e+00
108 216 6.552935e-03 4.134622e-03 3 3 3 3 1.053734e-15 0.000000e+00
108 217 6.552935e-03 5.205181e-03 3 3 3 3 5.767062e-15 0.000000e+00
108 218 6.552935e-03 6.552935e-03 3 3 3 3 0.000000e+00 0.000000e+00
108 219 6.552935e-03 8.249656e-03 3 3 3 3 -5.552789e-14 0.000000e+00
109 209 8.249656e-03 8.249656e-04 3 3 3 3 1.200819e-18 0.000000e+00
109 210 8.249656e-03 1.038570e-03 3 3 3 3 8.740683e-20 0.000000e+00
109 211 8.249656e-03 1.307482e-03 3 3 3 3 1.172794e-18 0.000000e+00
109 212 8.249656e-03 1.646023e-03 3 3 3 3 3.088037e-18 0.000000e+00
109 213 8.249656e-03 2.072220e-03 3 3 3 3 8.149621e-18 0.000000e+00
109 214 8.249656e-03 2.608770e-03 3 3 3 3 2.184808e-17 0.000000e+00
109 215 8.249656e-03 3.284247e-03 3 3 3 3 6.229849e-17 0.000000e+00
109 216 8.249656e-03 4.134622e-03 3 3 3 3 1.951157e-16 0.000000e+00
109 217 8.249656e-03 5.205181e-03 3 3 3 3 7.325272e-16 0.000000e+00
109 218 8.249656e-03 6.552935e-03 3 3 3 3 4.464810e-15 0.000000e+00
109 219 8.249656e-03 8.249656e-03 3 3 3 3 0.000000e+00 0.000000e+00
