# Please cite the following papers in research using this covariance:
# arXiv: 1601.05779, https://arxiv.org/abs/1601.05779
# arXiv: 1911.11947, https://arxiv.org/abs/1911.11947
# arXiv: 2004.04833, https://arxiv.org/abs/2004.04833
# arXiv: 1804.10663, https://arxiv.org/abs/1804.10663
########################################################
77 77 8.249656e-04 8.249656e-04 2 2 2 2 3.562622e-11 0.000000e+00
77 78 8.249656e-04 1.038570e-03 2 2 2 2 8.080648e-13 0.000000e+00
77 79 8.249656e-04 1.307482e-03 2 2 2 2 6.789745e-13 0.000000e+00
77 80 8.249656e-04 1.646023e-03 2 2 2 2 5.783826e-13 0.000000e+00
77 81 8.249656e-04 2.072220e-03 2 2 2 2 5.006309e-13 0.000000e+00
77 82 8.249656e-04 2.608770e-03 2 2 2 2 4.395957e-13 0.000000e+00
77 83 8.249656e-04 3.284247e-03 2 2 2 2 3.903403e-13 0.000000e+00
77 84 8.249656e-04 4.134622e-03 2 2 2 2 3.491302e-13 0.000000e+00
77 85 8.249656e-04 5.205181e-03 2 2 2 2 3.132363e-13 0.000000e+00
77 86 8.249656e-04 6.552935e-03 2 2 2 2 2.807318e-13 0.000000e+00
77 87 8.249656e-04 8.249656e-03 2 2 2 2 2.503201e-13 0.000000e+00
78 77 1.038570e-03 8.249656e-04 2 2 2 2 8.080648e-13 0.000000e+00
78 78 1.038570e-03 1.038570e-03 2 2 2 2 2.259650e-11 0.000000e+00
78 79 1.038570e-03 1.307482e-03 2 2 2 2 7.067512e-13 0.000000e+00
78 80 1.038570e-03 1.646023e-03 2 2 2 2 5.925429e-13 0.000000e+00
78 81 1.038570e-03 2.072220e-03 2 2 2 2 5.073476e-13 0.000000e+00
78 82 1.038570e-03 2.608770e-03 2 2 2 2 4.426590e-13 0.000000e+00
78 83 1.038570e-03 3.284247e-03 2 2 2 2 3.916878e-13 0.000000e+00
78 84 1.038570e-03 4.134622e-03 2 2 2 2 3.497005e-13 0.000000e+00
78 85 1.038570e-03 5.205181e-03 2 2 2 2 3.134681e-13 0.000000e+00
78 86 1.038570e-03 6.552935e-03 2 2 2 2 2.808224e-13 0.000000e+00
78 87 1.038570e-03 8.249656e-03 2 2 2 2 2.503548e-13 0.000000e+00
79 77 1.307482e-03 8.249656e-04 2 2 2 2 6.789745e-13 0.000000e+00
79 78 1.307482e-03 1.038570e-03 2 2 2 2 7.067512e-13 0.000000e+00
79 79 1.307482e-03 1.307482e-03 2 2 2 2 1.432082e-11 0.000000e+00
79 80 1.307482e-03 1.646023e-03 2 2 2 2 6.194642e-13 0.000000e+00
79 81 1.307482e-03 2.072220e-03 2 2 2 2 5.196790e-13 0.000000e+00
79 82 1.307482e-03 2.608770e-03 2 2 2 2 4.480577e-13 0.000000e+00
79 83 1.307482e-03 3.284247e-03 2 2 2 2 3.939906e-13 0.000000e+00
79 84 1.307482e-03 4.134622e-03 2 2 2 2 3.506544e-13 0.000000e+00
79 85 1.307482e-03 5.205181e-03 2 2 2 2 3.138500e-13 0.000000e+00
79 86 1.307482e-03 6.552935e-03 2 2 2 2 2.809707e-13 0.000000e+00
79 87 1.307482e-03 8.249656e-03 2 2 2 2 2.504117e-13 0.000000e+00
80 77 1.646023e-03 8.249656e-04 2 2 2 2 5.783826e-13 0.000000e+00
80 78 1.646023e-03 1.038570e-03 2 2 2 2 5.925429e-13 0.000000e+00
80 79 1.646023e-03 1.307482e-03 2 2 2 2 6.194642e-13 0.000000e+00
80 80 1.646023e-03 1.646023e-03 2 2 2 2 9.082133e-12 0.000000e+00
80 81 1.646023e-03 2.072220e-03 2 2 2 2 5.445993e-13 0.000000e+00
80 82 1.646023e-03 2.608770e-03 2 2 2 2 4.582891e-13 0.000000e+00
80 83 1.646023e-03 3.284247e-03 2 2 2 2 3.981232e-13 0.000000e+00
80 84 1.646023e-03 4.134622e-03 2 2 2 2 3.523027e-13 0.000000e+00
80 85 1.646023e-03 5.205181e-03 2 2 2 2 3.144929e-13 0.000000e+00
80 86 1.646023e-03 6.552935e-03 2 2 2 2 2.812153e-13 0.000000e+00
80 87 1.646023e-03 8.249656e-03 2 2 2 2 2.505041e-13 0.000000e+00
81 77 2.072220e-03 8.249656e-04 2 2 2 2 5.006309e-13 0.000000e+00
81 78 2.072220e-03 1.038570e-03 2 2 2 2 5.073476e-13 0.000000e+00
81 79 2.072220e-03 1.307482e-03 2 2 2 2 5.196790e-13 0.000000e+00
81 80 2.072220e-03 1.646023e-03 2 2 2 2 5.445993e-13 0.000000e+00
81 81 2.072220e-03 2.072220e-03 2 2 2 2 5.758362e-12 0.000000e+00
81 82 2.072220e-03 2.608770e-03 2 2 2 2 4.803824e-13 0.000000e+00
81 83 2.072220e-03 3.284247e-03 2 2 2 2 4.062225e-13 0.000000e+00
81 84 2.072220e-03 4.134622e-03 2 2 2 2 3.553185e-13 0.000000e+00
81 85 2.072220e-03 5.205181e-03 2 2 2 2 3.156171e-13 0.000000e+00
81 86 2.072220e-03 6.552935e-03 2 2 2 2 2.816302e-13 0.000000e+00
81 87 2.072220e-03 8.249656e-03 2 2 2 2 2.506575e-13 0.000000e+00
82 77 2.608770e-03 8.249656e-04 2 2 2 2 4.395957e-13 0.000000e+00
82 78 2.608770e-03 1.038570e-03 2 2 2 2 4.426590e-13 0.000000e+00
82 79 2.608770e-03 1.307482e-03 2 2 2 2 4.480577e-13 0.000000e+00
82 80 2.608770e-03 1.646023e-03 2 2 2 2 4.582891e-13 0.000000e+00
82 81 2.608770e-03 2.072220e-03 2 2 2 2 4.803824e-13 0.000000e+00
82 82 2.608770e-03 2.608770e-03 2 2 2 2 3.648679e-12 0.000000e+00
82 83 2.608770e-03 3.284247e-03 2 2 2 2 4.250193e-13 0.000000e+00
82 84 2.608770e-03 4.134622e-03 2 2 2 2 3.614422e-13 0.000000e+00
82 85 2.608770e-03 5.205181e-03 2 2 2 2 3.177173e-13 0.000000e+00
82 86 2.608770e-03 6.552935e-03 2 2 2 2 2.823648e-13 0.000000e+00
82 87 2.608770e-03 8.249656e-03 2 2 2 2 2.509191e-13 0.000000e+00
83 77 3.284247e-03 8.249656e-04 2 2 2 2 3.903403e-13 0.000000e+00
83 78 3.284247e-03 1.038570e-03 2 2 2 2 3.916878e-13 0.000000e+00
83 79 3.284247e-03 1.307482e-03 2 2 2 2 3.939906e-13 0.000000e+00
83 80 3.284247e-03 1.646023e-03 2 2 2 2 3.981232e-13 0.000000e+00
83 81 3.284247e-03 2.072220e-03 2 2 2 2 4.062225e-13 0.000000e+00
83 82 3.284247e-03 2.608770e-03 2 2 2 2 4.250193e-13 0.000000e+00
83 83 3.284247e-03 3.284247e-03 2 2 2 2 2.310616e-12 0.000000e+00
83 84 3.284247e-03 4.134622e-03 2 2 2 2 3.768133e-13 0.000000e+00
83 85 3.284247e-03 5.205181e-03 2 2 2 2 3.221457e-13 0.000000e+00
83 86 3.284247e-03 6.552935e-03 2 2 2 2 2.837659e-13 0.000000e+00
83 87 3.284247e-03 8.249656e-03 2 2 2 2 2.513866e-13 0.000000e+00
84 77 4.134622e-03 8.249656e-04 2 2 2 2 3.491302e-13 0.000000e+00
84 78 4.134622e-03 1.038570e-03 2 2 2 2 3.497005e-13 0.000000e+00
84 79 4.134622e-03 1.307482e-03 2 2 2 2 3.506544e-13 0.000000e+00
84 80 4.134622e-03 1.646023e-03 2 2 2 2 3.523027e-13 0.000000e+00
84 81 4.134622e-03 2.072220e-03 2 2 2 2 3.553185e-13 0.000000e+00
84 82 4.134622e-03 2.608770e-03 2 2 2 2 3.614422e-13 0.000000e+00
84 83 4.134622e-03 3.284247e-03 2 2 2 2 3.768133e-13 0.000000e+00
84 84 4.134622e-03 4.134622e-03 2 2 2 2 1.464379e-12 0.000000e+00
84 85 4.134622e-03 5.205181e-03 2 2 2 2 3.342480e-13 0.000000e+00
84 86 4.134622e-03 6.552935e-03 2 2 2 2 2.868370e-13 0.000000e+00
84 87 4.134622e-03 8.249656e-03 2 2 2 2 2.522944e-13 0.000000e+00
85 77 5.205181e-03 8.249656e-04 2 2 2 2 3.132363e-13 0.000000e+00
85 78 5.205181e-03 1.038570e-03 2 2 2 2 3.134681e-13 0.000000e+00
85 79 5.205181e-03 1.307482e-03 2 2 2 2 3.138500e-13 0.000000e+00
85 80 5.205181e-03 1.646023e-03 2 2 2 2 3.144929e-13 0.000000e+00
85 81 5.205181e-03 2.072220e-03 2 2 2 2 3.156171e-13 0.000000e+00
85 82 5.205181e-03 2.608770e-03 2 2 2 2 3.177173e-13 0.000000e+00
85 83 5.205181e-03 3.284247e-03 2 2 2 2 3.221457e-13 0.000000e+00
85 84 5.205181e-03 4.134622e-03 2 2 2 2 3.342480e-13 0.000000e+00
85 85 5.205181e-03 5.205181e-03 2 2 2 2 9.279910e-13 0.000000e+00
85 86 5.205181e-03 6.552935e-03 2 2 2 2 2.960330e-13 0.000000e+00
85 87 5.205181e-03 8.249656e-03 2 2 2 2 2.543563e-13 0.000000e+00
86 77 6.552935e-03 8.249656e-04 2 2 2 2 2.807318e-13 0.000000e+00
86 78 6.552935e-03 1.038570e-03 2 2 2 2 2.808224e-13 0.000000e+00
86 79 6.552935e-03 1.307482e-03 2 2 2 2 2.809707e-13 0.000000e+00
86 80 6.552935e-03 1.646023e-03 2 2 2 2 2.812153e-13 0.000000e+00
86 81 6.552935e-03 2.072220e-03 2 2 2 2 2.816302e-13 0.000000e+00
86 82 6.552935e-03 2.608770e-03 2 2 2 2 2.823648e-13 0.000000e+00
86 83 6.552935e-03 3.284247e-03 2 2 2 2 2.837659e-13 0.000000e+00
86 84 6.552935e-03 4.134622e-03 2 2 2 2 2.868370e-13 0.000000e+00
86 85 6.552935e-03 5.205181e-03 2 2 2 2 2.960330e-13 0.000000e+00
86 86 6.552935e-03 6.552935e-03 2 2 2 2 5.878906e-13 0.000000e+00
86 87 6.552935e-03 8.249656e-03 2 2 2 2 2.611327e-13 0.000000e+00
87 77 8.249656e-03 8.249656e-04 2 2 2 2 2.503201e-13 0.000000e+00
87 78 8.249656e-03 1.038570e-03 2 2 2 2 2.503548e-13 0.000000e+00
87 79 8.249656e-03 1.307482e-03 2 2 2 2 2.504117e-13 0.000000e+00
87 80 8.249656e-03 1.646023e-03 2 2 2 2 2.505041e-13 0.000000e+00
87 81 8.249656e-03 2.072220e-03 2 2 2 2 2.506575e-13 0.000000e+00
87 82 8.249656e-03 2.608770e-03 2 2 2 2 2.509191e-13 0.000000e+00
87 83 8.249656e-03 3.284247e-03 2 2 2 2 2.513866e-13 0.000000e+00
87 84 8.249656e-03 4.134622e-03 2 2 2 2 2.522944e-13 0.000000e+00
87 85 8.249656e-03 5.205181e-03 2 2 2 2 2.543563e-13 0.000000e+00
87 86 8.249656e-03 6.552935e-03 2 2 2 2 2.611327e-13 0.000000e+00
87 87 8.249656e-03 8.249656e-03 2 2 2 2 3.726360e-13 0.000000e+00
