# Please cite the following papers in research using this covariance:
# arXiv: 1601.05779, https://arxiv.org/abs/1601.05779
# arXiv: 1911.11947, https://arxiv.org/abs/1911.11947
# arXiv: 2004.04833, https://arxiv.org/abs/2004.04833
# arXiv: 1804.10663, https://arxiv.org/abs/1804.10663
########################################################
55 55 8.249656e-04 8.249656e-04 1 2 1 2 1.873074e-11 0.000000e+00
55 56 8.249656e-04 1.038570e-03 1 2 1 2 3.016282e-13 0.000000e+00
55 57 8.249656e-04 1.307482e-03 1 2 1 2 2.556867e-13 0.000000e+00
55 58 8.249656e-04 1.646023e-03 1 2 1 2 2.190769e-13 0.000000e+00
55 59 8.249656e-04 2.072220e-03 1 2 1 2 1.903196e-13 0.000000e+00
55 60 8.249656e-04 2.608770e-03 1 2 1 2 1.675519e-13 0.000000e+00
55 61 8.249656e-04 3.284247e-03 1 2 1 2 1.491689e-13 0.000000e+00
55 62 8.249656e-04 4.134622e-03 1 2 1 2 1.338919e-13 0.000000e+00
55 63 8.249656e-04 5.205181e-03 1 2 1 2 1.207422e-13 0.000000e+00
55 64 8.249656e-04 6.552935e-03 1 2 1 2 1.089953e-13 0.000000e+00
55 65 8.249656e-04 8.249656e-03 1 2 1 2 9.813664e-14 0.000000e+00
56 55 1.038570e-03 8.249656e-04 1 2 1 2 3.016282e-13 0.000000e+00
56 56 1.038570e-03 1.038570e-03 1 2 1 2 1.188027e-11 0.000000e+00
56 57 1.038570e-03 1.307482e-03 1 2 1 2 2.649521e-13 0.000000e+00
56 58 1.038570e-03 1.646023e-03 1 2 1 2 2.240080e-13 0.000000e+00
56 59 1.038570e-03 2.072220e-03 1 2 1 2 1.927493e-13 0.000000e+00
56 60 1.038570e-03 2.608770e-03 1 2 1 2 1.687003e-13 0.000000e+00
56 61 1.038570e-03 3.284247e-03 1 2 1 2 1.496919e-13 0.000000e+00
56 62 1.038570e-03 4.134622e-03 1 2 1 2 1.341211e-13 0.000000e+00
56 63 1.038570e-03 5.205181e-03 1 2 1 2 1.208385e-13 0.000000e+00
56 64 1.038570e-03 6.552935e-03 1 2 1 2 1.090339e-13 0.000000e+00
56 65 1.038570e-03 8.249656e-03 1 2 1 2 9.815131e-14 0.000000e+00
57 55 1.307482e-03 8.249656e-04 1 2 1 2 2.556867e-13 0.000000e+00
57 56 1.307482e-03 1.038570e-03 1 2 1 2 2.649521e-13 0.000000e+00
57 57 1.307482e-03 1.307482e-03 1 2 1 2 7.529275e-12 0.000000e+00
57 58 1.307482e-03 1.646023e-03 1 2 1 2 2.331704e-13 0.000000e+00
57 59 1.307482e-03 2.072220e-03 1 2 1 2 1.971468e-13 0.000000e+00
57 60 1.307482e-03 2.608770e-03 1 2 1 2 1.707057e-13 0.000000e+00
57 61 1.307482e-03 3.284247e-03 1 2 1 2 1.505804e-13 0.000000e+00
57 62 1.307482e-03 4.134622e-03 1 2 1 2 1.345029e-13 0.000000e+00
57 63 1.307482e-03 5.205181e-03 1 2 1 2 1.209967e-13 0.000000e+00
57 64 1.307482e-03 6.552935e-03 1 2 1 2 1.090970e-13 0.000000e+00
57 65 1.307482e-03 8.249656e-03 1 2 1 2 9.817539e-14 0.000000e+00
58 55 1.646023e-03 8.249656e-04 1 2 1 2 2.190769e-13 0.000000e+00
58 56 1.646023e-03 1.038570e-03 1 2 1 2 2.240080e-13 0.000000e+00
58 57 1.646023e-03 1.307482e-03 1 2 1 2 2.331704e-13 0.000000e+00
58 58 1.646023e-03 1.646023e-03 1 2 1 2 4.774997e-12 0.000000e+00
58 59 1.646023e-03 2.072220e-03 1 2 1 2 2.057989e-13 0.000000e+00
58 60 1.646023e-03 2.608770e-03 1 2 1 2 1.744448e-13 0.000000e+00
58 61 1.646023e-03 3.284247e-03 1 2 1 2 1.521583e-13 0.000000e+00
58 62 1.646023e-03 4.134622e-03 1 2 1 2 1.351580e-13 0.000000e+00
58 63 1.646023e-03 5.205181e-03 1 2 1 2 1.212619e-13 0.000000e+00
58 64 1.646023e-03 6.552935e-03 1 2 1 2 1.092008e-13 0.000000e+00
58 65 1.646023e-03 8.249656e-03 1 2 1 2 9.821452e-14 0.000000e+00
59 55 2.072220e-03 8.249656e-04 1 2 1 2 1.903196e-13 0.000000e+00
59 56 2.072220e-03 1.038570e-03 1 2 1 2 1.927493e-13 0.000000e+00
59 57 2.072220e-03 1.307482e-03 1 2 1 2 1.971468e-13 0.000000e+00
59 58 2.072220e-03 1.646023e-03 1 2 1 2 2.057989e-13 0.000000e+00
59 59 2.072220e-03 2.072220e-03 1 2 1 2 3.027500e-12 0.000000e+00
59 60 2.072220e-03 2.608770e-03 1 2 1 2 1.822705e-13 0.000000e+00
59 61 2.072220e-03 3.284247e-03 1 2 1 2 1.551941e-13 0.000000e+00
59 62 2.072220e-03 4.134622e-03 1 2 1 2 1.363426e-13 0.000000e+00
59 63 2.072220e-03 5.205181e-03 1 2 1 2 1.217221e-13 0.000000e+00
59 64 2.072220e-03 6.552935e-03 1 2 1 2 1.093761e-13 0.000000e+00
59 65 2.072220e-03 8.249656e-03 1 2 1 2 9.827936e-14 0.000000e+00
60 55 2.608770e-03 8.249656e-04 1 2 1 2 1.675519e-13 0.000000e+00
60 56 2.608770e-03 1.038570e-03 1 2 1 2 1.687003e-13 0.000000e+00
60 57 2.608770e-03 1.307482e-03 1 2 1 2 1.707057e-13 0.000000e+00
60 58 2.608770e-03 1.646023e-03 1 2 1 2 1.744448e-13 0.000000e+00
60 59 2.608770e-03 2.072220e-03 1 2 1 2 1.822705e-13 0.000000e+00
60 60 2.608770e-03 2.608770e-03 1 2 1 2 1.918319e-12 0.000000e+00
60 61 2.608770e-03 3.284247e-03 1 2 1 2 1.619886e-13 0.000000e+00
60 62 2.608770e-03 4.134622e-03 1 2 1 2 1.386986e-13 0.000000e+00
60 63 2.608770e-03 5.205181e-03 1 2 1 2 1.225707e-13 0.000000e+00
60 64 2.608770e-03 6.552935e-03 1 2 1 2 1.096841e-13 0.000000e+00
60 65 2.608770e-03 8.249656e-03 1 2 1 2 9.838974e-14 0.000000e+00
61 55 3.284247e-03 8.249656e-04 1 2 1 2 1.491689e-13 0.000000e+00
61 56 3.284247e-03 1.038570e-03 1 2 1 2 1.496919e-13 0.000000e+00
61 57 3.284247e-03 1.307482e-03 1 2 1 2 1.505804e-13 0.000000e+00
61 58 3.284247e-03 1.646023e-03 1 2 1 2 1.521583e-13 0.000000e+00
61 59 3.284247e-03 2.072220e-03 1 2 1 2 1.551941e-13 0.000000e+00
61 60 3.284247e-03 2.608770e-03 1 2 1 2 1.619886e-13 0.000000e+00
61 61 3.284247e-03 3.284247e-03 1 2 1 2 1.214823e-12 0.000000e+00
61 62 3.284247e-03 4.134622e-03 1 2 1 2 1.443694e-13 0.000000e+00
61 63 3.284247e-03 5.205181e-03 1 2 1 2 1.243193e-13 0.000000e+00
61 64 3.284247e-03 6.552935e-03 1 2 1 2 1.102640e-13 0.000000e+00
61 65 3.284247e-03 8.249656e-03 1 2 1 2 9.858635e-14 0.000000e+00
62 55 4.134622e-03 8.249656e-04 1 2 1 2 1.338919e-13 0.000000e+00
62 56 4.134622e-03 1.038570e-03 1 2 1 2 1.341211e-13 0.000000e+00
62 57 4.134622e-03 1.307482e-03 1 2 1 2 1.345029e-13 0.000000e+00
62 58 4.134622e-03 1.646023e-03 1 2 1 2 1.351580e-13 0.000000e+00
62 59 4.134622e-03 2.072220e-03 1 2 1 2 1.363426e-13 0.000000e+00
62 60 4.134622e-03 2.608770e-03 1 2 1 2 1.386986e-13 0.000000e+00
62 61 4.134622e-03 3.284247e-03 1 2 1 2 1.443694e-13 0.000000e+00
62 62 4.134622e-03 4.134622e-03 1 2 1 2 7.699077e-13 0.000000e+00
62 63 4.134622e-03 5.205181e-03 1 2 1 2 1.288752e-13 0.000000e+00
62 64 4.134622e-03 6.552935e-03 1 2 1 2 1.115054e-13 0.000000e+00
62 65 4.134622e-03 8.249656e-03 1 2 1 2 9.896502e-14 0.000000e+00
63 55 5.205181e-03 8.249656e-04 1 2 1 2 1.207422e-13 0.000000e+00
63 56 5.205181e-03 1.038570e-03 1 2 1 2 1.208385e-13 0.000000e+00
63 57 5.205181e-03 1.307482e-03 1 2 1 2 1.209967e-13 0.000000e+00
63 58 5.205181e-03 1.646023e-03 1 2 1 2 1.212619e-13 0.000000e+00
63 59 5.205181e-03 2.072220e-03 1 2 1 2 1.217221e-13 0.000000e+00
63 60 5.205181e-03 2.608770e-03 1 2 1 2 1.225707e-13 0.000000e+00
63 61 5.205181e-03 3.284247e-03 1 2 1 2 1.243193e-13 0.000000e+00
63 62 5.205181e-03 4.134622e-03 1 2 1 2 1.288752e-13 0.000000e+00
63 63 5.205181e-03 5.205181e-03 1 2 1 2 4.878979e-13 0.000000e+00
63 64 5.205181e-03 6.552935e-03 1 2 1 2 1.150328e-13 0.000000e+00
63 65 5.205181e-03 8.249656e-03 1 2 1 2 9.980944e-14 0.000000e+00
64 55 6.552935e-03 8.249656e-04 1 2 1 2 1.089953e-13 0.000000e+00
64 56 6.552935e-03 1.038570e-03 1 2 1 2 1.090339e-13 0.000000e+00
64 57 6.552935e-03 1.307482e-03 1 2 1 2 1.090970e-13 0.000000e+00
64 58 6.552935e-03 1.646023e-03 1 2 1 2 1.092008e-13 0.000000e+00
64 59 6.552935e-03 2.072220e-03 1 2 1 2 1.093761e-13 0.000000e+00
64 60 6.552935e-03 2.608770e-03 1 2 1 2 1.096841e-13 0.000000e+00
64 61 6.552935e-03 3.284247e-03 1 2 1 2 1.102640e-13 0.000000e+00
64 62 6.552935e-03 4.134622e-03 1 2 1 2 1.115054e-13 0.000000e+00
64 63 6.552935e-03 5.205181e-03 1 2 1 2 1.150328e-13 0.000000e+00
64 64 6.552935e-03 6.552935e-03 1 2 1 2 3.090877e-13 0.000000e+00
64 65 6.552935e-03 8.249656e-03 1 2 1 2 1.024463e-13 0.000000e+00
65 55 8.249656e-03 8.249656e-04 1 2 1 2 9.813664e-14 0.000000e+00
65 56 8.249656e-03 1.038570e-03 1 2 1 2 9.815131e-14 0.000000e+00
65 57 8.249656e-03 1.307482e-03 1 2 1 2 9.817539e-14 0.000000e+00
65 58 8.249656e-03 1.646023e-03 1 2 1 2 9.821452e-14 0.000000e+00
65 59 8.249656e-03 2.072220e-03 1 2 1 2 9.827936e-14 0.000000e+00
65 60 8.249656e-03 2.608770e-03 1 2 1 2 9.838974e-14 0.000000e+00
65 61 8.249656e-03 3.284247e-03 1 2 1 2 9.858635e-14 0.000000e+00
65 62 8.249656e-03 4.134622e-03 1 2 1 2 9.896502e-14 0.000000e+00
65 63 8.249656e-03 5.205181e-03 1 2 1 2 9.980944e-14 0.000000e+00
65 64 8.249656e-03 6.552935e-03 1 2 1 2 1.024463e-13 0.000000e+00
65 65 8.249656e-03 8.249656e-03 1 2 1 2 1.959160e-13 0.000000e+00
