# Please cite the following papers in research using this covariance:
# arXiv: 1601.05779, https://arxiv.org/abs/1601.05779
# arXiv: 1911.11947, https://arxiv.org/abs/1911.11947
# arXiv: 2004.04833, https://arxiv.org/abs/2004.04833
# arXiv: 1804.10663, https://arxiv.org/abs/1804.10663
########################################################
33 121 8.249656e-04 8.249656e-04 0 3 0 1 0.000000e+00 0.000000e+00
33 122 8.249656e-04 1.038570e-03 0 3 0 1 -9.285117e-15 0.000000e+00
33 123 8.249656e-04 1.307482e-03 0 3 0 1 -4.225434e-15 0.000000e+00
33 124 8.249656e-04 1.646023e-03 0 3 0 1 3.908030e-15 0.000000e+00
33 125 8.249656e-04 2.072220e-03 0 3 0 1 9.902135e-15 0.000000e+00
33 126 8.249656e-04 2.608770e-03 0 3 0 1 1.298722e-14 0.000000e+00
33 127 8.249656e-04 3.284247e-03 0 3 0 1 1.381302e-14 0.000000e+00
33 128 8.249656e-04 4.134622e-03 0 3 0 1 1.324305e-14 0.000000e+00
33 129 8.249656e-04 5.205181e-03 0 3 0 1 1.197498e-14 0.000000e+00
33 130 8.249656e-04 6.552935e-03 0 3 0 1 1.047628e-14 0.000000e+00
33 131 8.249656e-04 8.249656e-03 0 3 0 1 9.020548e-15 0.000000e+00
34 121 1.038570e-03 8.249656e-04 0 3 0 1 1.121153e-16 0.000000e+00
34 122 1.038570e-03 1.038570e-03 0 3 0 1 0.000000e+00 0.000000e+00
34 123 1.038570e-03 1.307482e-03 0 3 0 1 -9.148161e-15 0.000000e+00
34 124 1.038570e-03 1.646023e-03 0 3 0 1 -4.175558e-15 0.000000e+00
34 125 1.038570e-03 2.072220e-03 0 3 0 1 3.469397e-15 0.000000e+00
34 126 1.038570e-03 2.608770e-03 0 3 0 1 8.803062e-15 0.000000e+00
34 127 1.038570e-03 3.284247e-03 0 3 0 1 1.134041e-14 0.000000e+00
34 128 1.038570e-03 4.134622e-03 0 3 0 1 1.185909e-14 0.000000e+00
34 129 1.038570e-03 5.205181e-03 0 3 0 1 1.122459e-14 0.000000e+00
34 130 1.038570e-03 6.552935e-03 0 3 0 1 1.007611e-14 0.000000e+00
34 131 1.038570e-03 8.249656e-03 0 3 0 1 8.808059e-15 0.000000e+00
35 121 1.307482e-03 8.249656e-04 0 3 0 1 1.066234e-16 0.000000e+00
35 122 1.307482e-03 1.038570e-03 0 3 0 1 2.369226e-16 0.000000e+00
35 123 1.307482e-03 1.307482e-03 0 3 0 1 0.000000e+00 0.000000e+00
35 124 1.307482e-03 1.646023e-03 0 3 0 1 -8.827998e-15 0.000000e+00
35 125 1.307482e-03 2.072220e-03 0 3 0 1 -4.005393e-15 0.000000e+00
35 126 1.307482e-03 2.608770e-03 0 3 0 1 3.042418e-15 0.000000e+00
35 127 1.307482e-03 3.284247e-03 0 3 0 1 7.695457e-15 0.000000e+00
35 128 1.307482e-03 4.134622e-03 0 3 0 1 9.751257e-15 0.000000e+00
35 129 1.307482e-03 5.205181e-03 0 3 0 1 1.006218e-14 0.000000e+00
35 130 1.307482e-03 6.552935e-03 0 3 0 1 9.450479e-15 0.000000e+00
35 131 1.307482e-03 8.249656e-03 0 3 0 1 8.474150e-15 0.000000e+00
36 121 1.646023e-03 8.249656e-04 0 3 0 1 5.037605e-17 0.000000e+00
36 122 1.646023e-03 1.038570e-03 0 3 0 1 1.361232e-16 0.000000e+00
36 123 1.646023e-03 1.307482e-03 0 3 0 1 3.558633e-16 0.000000e+00
36 124 1.646023e-03 1.646023e-03 0 3 0 1 0.000000e+00 0.000000e+00
36 125 1.646023e-03 2.072220e-03 0 3 0 1 -8.335715e-15 0.000000e+00
36 126 1.646023e-03 2.608770e-03 0 3 0 1 -3.727457e-15 0.000000e+00
36 127 1.646023e-03 3.284247e-03 0 3 0 1 2.643616e-15 0.000000e+00
36 128 1.646023e-03 4.134622e-03 0 3 0 1 6.633061e-15 0.000000e+00
36 129 1.646023e-03 5.205181e-03 0 3 0 1 8.288873e-15 0.000000e+00
36 130 1.646023e-03 6.552935e-03 0 3 0 1 8.480696e-15 0.000000e+00
36 131 1.646023e-03 8.249656e-03 0 3 0 1 7.952031e-15 0.000000e+00
37 121 2.072220e-03 8.249656e-04 0 3 0 1 2.048580e-17 0.000000e+00
37 122 2.072220e-03 1.038570e-03 0 3 0 1 5.513729e-17 0.000000e+00
37 123 2.072220e-03 1.307482e-03 0 3 0 1 1.561858e-16 0.000000e+00
37 124 2.072220e-03 1.646023e-03 0 3 0 1 4.544990e-16 0.000000e+00
37 125 2.072220e-03 2.072220e-03 0 3 0 1 0.000000e+00 0.000000e+00
37 126 2.072220e-03 2.608770e-03 0 3 0 1 -7.699531e-15 0.000000e+00
37 127 2.072220e-03 3.284247e-03 0 3 0 1 -3.366829e-15 0.000000e+00
37 128 2.072220e-03 4.134622e-03 0 3 0 1 2.283598e-15 0.000000e+00
37 129 2.072220e-03 5.205181e-03 0 3 0 1 5.657868e-15 0.000000e+00
37 130 2.072220e-03 6.552935e-03 0 3 0 1 6.999656e-15 0.000000e+00
37 131 2.072220e-03 8.249656e-03 0 3 0 1 7.142670e-15 0.000000e+00
38 121 2.608770e-03 8.249656e-04 0 3 0 1 7.764505e-18 0.000000e+00
38 122 2.608770e-03 1.038570e-03 0 3 0 1 2.002732e-17 0.000000e+00
38 123 2.608770e-03 1.307482e-03 0 3 0 1 5.547937e-17 0.000000e+00
38 124 2.608770e-03 1.646023e-03 0 3 0 1 1.633318e-16 0.000000e+00
38 125 2.608770e-03 2.072220e-03 0 3 0 1 5.213464e-16 0.000000e+00
38 126 2.608770e-03 2.608770e-03 0 3 0 1 0.000000e+00 0.000000e+00
38 127 2.608770e-03 3.284247e-03 0 3 0 1 -6.960976e-15 0.000000e+00
38 128 2.608770e-03 4.134622e-03 0 3 0 1 -2.956705e-15 0.000000e+00
38 129 2.608770e-03 5.205181e-03 0 3 0 1 1.967545e-15 0.000000e+00
38 130 2.608770e-03 6.552935e-03 0 3 0 1 4.797849e-15 0.000000e+00
38 131 2.608770e-03 8.249656e-03 0 3 0 1 5.906184e-15 0.000000e+00
39 121 3.284247e-03 8.249656e-04 0 3 0 1 2.829468e-18 0.000000e+00
39 122 3.284247e-03 1.038570e-03 0 3 0 1 6.742060e-18 0.000000e+00
39 123 3.284247e-03 1.307482e-03 0 3 0 1 1.828187e-17 0.000000e+00
39 124 3.284247e-03 1.646023e-03 0 3 0 1 5.170414e-17 0.000000e+00
39 125 3.284247e-03 2.072220e-03 0 3 0 1 1.578898e-16 0.000000e+00
39 126 3.284247e-03 2.608770e-03 0 3 0 1 5.506074e-16 0.000000e+00
39 127 3.284247e-03 3.284247e-03 0 3 0 1 0.000000e+00 0.000000e+00
39 128 3.284247e-03 4.134622e-03 0 3 0 1 -6.168384e-15 0.000000e+00
39 129 3.284247e-03 5.205181e-03 0 3 0 1 -2.531655e-15 0.000000e+00
39 130 3.284247e-03 6.552935e-03 0 3 0 1 1.696642e-15 0.000000e+00
39 131 3.284247e-03 8.249656e-03 0 3 0 1 4.066437e-15 0.000000e+00
40 121 4.134622e-03 8.249656e-04 0 3 0 1 1.090730e-18 0.000000e+00
40 122 4.134622e-03 1.038570e-03 0 3 0 1 2.139520e-18 0.000000e+00
40 123 4.134622e-03 1.307482e-03 0 3 0 1 5.708868e-18 0.000000e+00
40 124 4.134622e-03 1.646023e-03 0 3 0 1 1.566177e-17 0.000000e+00
40 125 4.134622e-03 2.072220e-03 0 3 0 1 4.494368e-17 0.000000e+00
40 126 4.134622e-03 2.608770e-03 0 3 0 1 1.424097e-16 0.000000e+00
40 127 4.134622e-03 3.284247e-03 0 3 0 1 5.426857e-16 0.000000e+00
40 128 4.134622e-03 4.134622e-03 0 3 0 1 0.000000e+00 0.000000e+00
40 129 4.134622e-03 5.205181e-03 0 3 0 1 -5.369517e-15 0.000000e+00
40 130 4.134622e-03 6.552935e-03 0 3 0 1 -2.122399e-15 0.000000e+00
40 131 4.134622e-03 8.249656e-03 0 3 0 1 1.469361e-15 0.000000e+00
41 121 5.205181e-03 8.249656e-04 0 3 0 1 4.833098e-19 0.000000e+00
41 122 5.205181e-03 1.038570e-03 0 3 0 1 6.205709e-19 0.000000e+00
41 123 5.205181e-03 1.307482e-03 0 3 0 1 1.684758e-18 0.000000e+00
41 124 5.205181e-03 1.646023e-03 0 3 0 1 4.600271e-18 0.000000e+00
41 125 5.205181e-03 2.072220e-03 0 3 0 1 1.258171e-17 0.000000e+00
41 126 5.205181e-03 2.608770e-03 0 3 0 1 3.680759e-17 0.000000e+00
41 127 5.205181e-03 3.284247e-03 0 3 0 1 1.207884e-16 0.000000e+00
41 128 5.205181e-03 4.134622e-03 0 3 0 1 5.037065e-16 0.000000e+00
41 129 5.205181e-03 5.205181e-03 0 3 0 1 0.000000e+00 0.000000e+00
41 130 5.205181e-03 6.552935e-03 0 3 0 1 -4.605902e-15 0.000000e+00
41 131 5.205181e-03 8.249656e-03 0 3 0 1 -1.751593e-15 0.000000e+00
42 121 6.552935e-03 8.249656e-04 0 3 0 1 3.167091e-19 0.000000e+00
42 122 6.552935e-03 1.038570e-03 0 3 0 1 1.379163e-19 0.000000e+00
42 123 6.552935e-03 1.307482e-03 0 3 0 1 4.589086e-19 0.000000e+00
42 124 6.552935e-03 1.646023e-03 0 3 0 1 1.296686e-18 0.000000e+00
42 125 6.552935e-03 2.072220e-03 0 3 0 1 3.426708e-18 0.000000e+00
42 126 6.552935e-03 2.608770e-03 0 3 0 1 9.556139e-18 0.000000e+00
42 127 6.552935e-03 3.284247e-03 0 3 0 1 2.847201e-17 0.000000e+00
42 128 6.552935e-03 4.134622e-03 0 3 0 1 9.679795e-17 0.000000e+00
42 129 6.552935e-03 5.205181e-03 0 3 0 1 4.432071e-16 0.000000e+00
42 130 6.552935e-03 6.552935e-03 0 3 0 1 0.000000e+00 0.000000e+00
42 131 6.552935e-03 8.249656e-03 0 3 0 1 -3.908957e-15 0.000000e+00
43 121 8.249656e-03 8.249656e-04 0 3 0 1 2.514599e-19 0.000000e+00
43 122 8.249656e-03 1.038570e-03 0 3 0 1 3.421200e-21 0.000000e+00
43 123 8.249656e-03 1.307482e-03 0 3 0 1 1.116784e-19 0.000000e+00
43 124 8.249656e-03 1.646023e-03 0 3 0 1 3.681626e-19 0.000000e+00
43 125 8.249656e-03 2.072220e-03 0 3 0 1 9.340960e-19 0.000000e+00
43 126 8.249656e-03 2.608770e-03 0 3 0 1 2.483662e-18 0.000000e+00
43 127 8.249656e-03 3.284247e-03 0 3 0 1 6.935334e-18 0.000000e+00
43 128 8.249656e-03 4.134622e-03 0 3 0 1 2.096284e-17 0.000000e+00
43 129 8.249656e-03 5.205181e-03 0 3 0 1 7.368091e-17 0.000000e+00
43 130 8.249656e-03 6.552935e-03 0 3 0 1 3.715445e-16 0.000000e+00
43 131 8.249656e-03 8.249656e-03 0 3 0 1 0.000000e+00 0.000000e+00
