# Please cite the following papers in research using this covariance:
# arXiv: 1601.05779, https://arxiv.org/abs/1601.05779
# arXiv: 1911.11947, https://arxiv.org/abs/1911.11947
# arXiv: 2004.04833, https://arxiv.org/abs/2004.04833
# arXiv: 1804.10663, https://arxiv.org/abs/1804.10663
########################################################
55 209 8.249656e-04 8.249656e-04 1 2 3 3 0.000000e+00 0.000000e+00
55 210 8.249656e-04 1.038570e-03 1 2 3 3 -9.562825e-17 0.000000e+00
55 211 8.249656e-04 1.307482e-03 1 2 3 3 4.898536e-17 0.000000e+00
55 212 8.249656e-04 1.646023e-03 1 2 3 3 4.193799e-16 0.000000e+00
55 213 8.249656e-04 2.072220e-03 1 2 3 3 9.555631e-16 0.000000e+00
55 214 8.249656e-04 2.608770e-03 1 2 3 3 1.565095e-15 0.000000e+00
55 215 8.249656e-04 3.284247e-03 1 2 3 3 2.169277e-15 0.000000e+00
55 216 8.249656e-04 4.134622e-03 1 2 3 3 2.722473e-15 0.000000e+00
55 217 8.249656e-04 5.205181e-03 1 2 3 3 3.215136e-15 0.000000e+00
55 218 8.249656e-04 6.552935e-03 1 2 3 3 3.668650e-15 0.000000e+00
55 219 8.249656e-04 8.249656e-03 1 2 3 3 4.126367e-15 0.000000e+00
56 209 1.038570e-03 8.249656e-04 1 2 3 3 -4.148300e-17 0.000000e+00
56 210 1.038570e-03 1.038570e-03 1 2 3 3 0.000000e+00 0.000000e+00
56 211 1.038570e-03 1.307482e-03 1 2 3 3 -1.609373e-16 0.000000e+00
56 212 1.038570e-03 1.646023e-03 1 2 3 3 1.968977e-17 0.000000e+00
56 213 1.038570e-03 2.072220e-03 1 2 3 3 4.838842e-16 0.000000e+00
56 214 1.038570e-03 2.608770e-03 1 2 3 3 1.121131e-15 0.000000e+00
56 215 1.038570e-03 3.284247e-03 1 2 3 3 1.802843e-15 0.000000e+00
56 216 1.038570e-03 4.134622e-03 1 2 3 3 2.444162e-15 0.000000e+00
56 217 1.038570e-03 5.205181e-03 1 2 3 3 3.014545e-15 0.000000e+00
56 218 1.038570e-03 6.552935e-03 1 2 3 3 3.528221e-15 0.000000e+00
56 219 1.038570e-03 8.249656e-03 1 2 3 3 4.029006e-15 0.000000e+00
57 209 1.307482e-03 8.249656e-04 1 2 3 3 -1.913080e-17 0.000000e+00
57 210 1.307482e-03 1.038570e-03 1 2 3 3 -5.615483e-17 0.000000e+00
57 211 1.307482e-03 1.307482e-03 1 2 3 3 0.000000e+00 0.000000e+00
57 212 1.307482e-03 1.646023e-03 1 2 3 3 -2.456752e-16 0.000000e+00
57 213 1.307482e-03 2.072220e-03 1 2 3 3 -2.352199e-17 0.000000e+00
57 214 1.307482e-03 2.608770e-03 1 2 3 3 5.445054e-16 0.000000e+00
57 215 1.307482e-03 3.284247e-03 1 2 3 3 1.282134e-15 0.000000e+00
57 216 1.307482e-03 4.134622e-03 1 2 3 3 2.029640e-15 0.000000e+00
57 217 1.307482e-03 5.205181e-03 1 2 3 3 2.707974e-15 0.000000e+00
57 218 1.307482e-03 6.552935e-03 1 2 3 3 3.310449e-15 0.000000e+00
57 219 1.307482e-03 8.249656e-03 1 2 3 3 3.876747e-15 0.000000e+00
58 209 1.646023e-03 8.249656e-04 1 2 3 3 -7.509187e-18 0.000000e+00
58 210 1.646023e-03 1.038570e-03 1 2 3 3 -2.290858e-17 0.000000e+00
58 211 1.646023e-03 1.307482e-03 1 2 3 3 -6.858334e-17 0.000000e+00
58 212 1.646023e-03 1.646023e-03 1 2 3 3 0.000000e+00 0.000000e+00
58 213 1.646023e-03 2.072220e-03 1 2 3 3 -3.468975e-16 0.000000e+00
58 214 1.646023e-03 2.608770e-03 1 2 3 3 -7.610849e-17 0.000000e+00
58 215 1.646023e-03 3.284247e-03 1 2 3 3 6.028568e-16 0.000000e+00
58 216 1.646023e-03 4.134622e-03 1 2 3 3 1.438568e-15 0.000000e+00
58 217 1.646023e-03 5.205181e-03 1 2 3 3 2.250443e-15 0.000000e+00
58 218 1.646023e-03 6.552935e-03 1 2 3 3 2.977306e-15 0.000000e+00
58 219 1.646023e-03 8.249656e-03 1 2 3 3 3.640564e-15 0.000000e+00
59 209 2.072220e-03 8.249656e-04 1 2 3 3 -2.344097e-18 0.000000e+00
59 210 2.072220e-03 1.038570e-03 1 2 3 3 -8.235434e-18 0.000000e+00
59 211 2.072220e-03 1.307482e-03 1 2 3 3 -2.384464e-17 0.000000e+00
59 212 2.072220e-03 1.646023e-03 1 2 3 3 -7.680376e-17 0.000000e+00
59 213 2.072220e-03 2.072220e-03 1 2 3 3 0.000000e+00 0.000000e+00
59 214 2.072220e-03 2.608770e-03 1 2 3 3 -4.579130e-16 0.000000e+00
59 215 2.072220e-03 3.284247e-03 1 2 3 3 -1.309671e-16 0.000000e+00
59 216 2.072220e-03 4.134622e-03 1 2 3 3 6.634041e-16 0.000000e+00
59 217 2.072220e-03 5.205181e-03 1 2 3 3 1.595873e-15 0.000000e+00
59 218 2.072220e-03 6.552935e-03 1 2 3 3 2.479336e-15 0.000000e+00
59 219 2.072220e-03 8.249656e-03 1 2 3 3 3.279089e-15 0.000000e+00
60 209 2.608770e-03 8.249656e-04 1 2 3 3 -3.413703e-19 0.000000e+00
60 210 2.608770e-03 1.038570e-03 1 2 3 3 -2.657972e-18 0.000000e+00
60 211 2.608770e-03 1.307482e-03 1 2 3 3 -7.281906e-18 0.000000e+00
60 212 2.608770e-03 1.646023e-03 1 2 3 3 -2.220322e-17 0.000000e+00
60 213 2.608770e-03 2.072220e-03 1 2 3 3 -7.912989e-17 0.000000e+00
60 214 2.608770e-03 2.608770e-03 1 2 3 3 0.000000e+00 0.000000e+00
60 215 2.608770e-03 3.284247e-03 1 2 3 3 -5.706059e-16 0.000000e+00
60 216 2.608770e-03 4.134622e-03 1 2 3 3 -1.795371e-16 0.000000e+00
60 217 2.608770e-03 5.205181e-03 1 2 3 3 7.326753e-16 0.000000e+00
60 218 2.608770e-03 6.552935e-03 1 2 3 3 1.764965e-15 0.000000e+00
60 219 2.608770e-03 8.249656e-03 1 2 3 3 2.738299e-15 0.000000e+00
61 209 3.284247e-03 8.249656e-04 1 2 3 3 3.311432e-19 0.000000e+00
61 210 3.284247e-03 1.038570e-03 1 2 3 3 -8.181884e-19 0.000000e+00
61 211 3.284247e-03 1.307482e-03 1 2 3 3 -1.982718e-18 0.000000e+00
61 212 3.284247e-03 1.646023e-03 1 2 3 3 -5.565914e-18 0.000000e+00
61 213 3.284247e-03 2.072220e-03 1 2 3 3 -1.865601e-17 0.000000e+00
61 214 3.284247e-03 2.608770e-03 1 2 3 3 -7.474981e-17 0.000000e+00
61 215 3.284247e-03 3.284247e-03 1 2 3 3 0.000000e+00 0.000000e+00
61 216 3.284247e-03 4.134622e-03 1 2 3 3 -6.769971e-16 0.000000e+00
61 217 3.284247e-03 5.205181e-03 1 2 3 3 -2.140663e-16 0.000000e+00
61 218 3.284247e-03 6.552935e-03 1 2 3 3 8.182386e-16 0.000000e+00
61 219 3.284247e-03 8.249656e-03 1 2 3 3 1.961194e-15 0.000000e+00
62 209 4.134622e-03 8.249656e-04 1 2 3 3 5.237211e-19 0.000000e+00
62 210 4.134622e-03 1.038570e-03 1 2 3 3 -2.994406e-19 0.000000e+00
62 211 4.134622e-03 1.307482e-03 1 2 3 3 -5.276007e-19 0.000000e+00
62 212 4.134622e-03 1.646023e-03 1 2 3 3 -1.192670e-18 0.000000e+00
62 213 4.134622e-03 2.072220e-03 1 2 3 3 -3.910837e-18 0.000000e+00
62 214 4.134622e-03 2.608770e-03 1 2 3 3 -1.401082e-17 0.000000e+00
62 215 4.134622e-03 3.284247e-03 1 2 3 3 -6.522115e-17 0.000000e+00
62 216 4.134622e-03 4.134622e-03 1 2 3 3 0.000000e+00 0.000000e+00
62 217 4.134622e-03 5.205181e-03 1 2 3 3 -7.715685e-16 0.000000e+00
62 218 4.134622e-03 6.552935e-03 1 2 3 3 -2.297026e-16 0.000000e+00
62 219 4.134622e-03 8.249656e-03 1 2 3 3 9.276829e-16 0.000000e+00
63 209 5.205181e-03 8.249656e-04 1 2 3 3 5.685145e-19 0.000000e+00
63 210 5.205181e-03 1.038570e-03 1 2 3 3 -1.791935e-19 0.000000e+00
63 211 5.205181e-03 1.307482e-03 1 2 3 3 -1.961508e-19 0.000000e+00
63 212 5.205181e-03 1.646023e-03 1 2 3 3 -2.261900e-19 0.000000e+00
63 213 5.205181e-03 2.072220e-03 1 2 3 3 -8.293078e-19 0.000000e+00
63 214 5.205181e-03 2.608770e-03 1 2 3 3 -2.594137e-18 0.000000e+00
63 215 5.205181e-03 3.284247e-03 1 2 3 3 -9.907108e-18 0.000000e+00
63 216 5.205181e-03 4.134622e-03 1 2 3 3 -5.372766e-17 0.000000e+00
63 217 5.205181e-03 5.205181e-03 1 2 3 3 0.000000e+00 0.000000e+00
63 218 5.205181e-03 6.552935e-03 1 2 3 3 -8.530645e-16 0.000000e+00
63 219 5.205181e-03 8.249656e-03 1 2 3 3 -2.257747e-16 0.000000e+00
64 209 6.552935e-03 8.249656e-04 1 2 3 3 5.764305e-19 0.000000e+00
64 210 6.552935e-03 1.038570e-03 1 2 3 3 -1.569920e-19 0.000000e+00
64 211 6.552935e-03 1.307482e-03 1 2 3 3 -1.358317e-19 0.000000e+00
64 212 6.552935e-03 1.646023e-03 1 2 3 3 -5.414858e-20 0.000000e+00
64 213 6.552935e-03 2.072220e-03 1 2 3 3 -3.007311e-19 0.000000e+00
64 214 6.552935e-03 2.608770e-03 1 2 3 3 -7.687133e-19 0.000000e+00
64 215 6.552935e-03 3.284247e-03 1 2 3 3 -2.242516e-18 0.000000e+00
64 216 6.552935e-03 4.134622e-03 1 2 3 3 -7.888486e-18 0.000000e+00
64 217 6.552935e-03 5.205181e-03 1 2 3 3 -4.444285e-17 0.000000e+00
64 218 6.552935e-03 6.552935e-03 1 2 3 3 0.000000e+00 0.000000e+00
64 219 6.552935e-03 8.249656e-03 1 2 3 3 -9.254678e-16 0.000000e+00
65 209 8.249656e-03 8.249656e-04 1 2 3 3 5.778078e-19 0.000000e+00
65 210 8.249656e-03 1.038570e-03 1 2 3 3 -1.514774e-19 0.000000e+00
65 211 8.249656e-03 1.307482e-03 1 2 3 3 -1.221454e-19 0.000000e+00
65 212 8.249656e-03 1.646023e-03 1 2 3 3 -1.844395e-20 0.000000e+00
65 213 8.249656e-03 2.072220e-03 1 2 3 3 -2.016790e-19 0.000000e+00
65 214 8.249656e-03 2.608770e-03 1 2 3 3 -4.716625e-19 0.000000e+00
65 215 8.249656e-03 3.284247e-03 1 2 3 3 -1.205220e-18 0.000000e+00
65 216 8.249656e-03 4.134622e-03 1 2 3 3 -3.161612e-18 0.000000e+00
65 217 8.249656e-03 5.205181e-03 1 2 3 3 -9.126584e-18 0.000000e+00
65 218 8.249656e-03 6.552935e-03 1 2 3 3 -4.163556e-17 0.000000e+00
65 219 8.249656e-03 8.249656e-03 1 2 3 3 0.000000e+00 0.000000e+00
