# Please cite the following papers in research using this covariance:
# arXiv: 1601.05779, https://arxiv.org/abs/1601.05779
# arXiv: 1911.11947, https://arxiv.org/abs/1911.11947
# arXiv: 2004.04833, https://arxiv.org/abs/2004.04833
# arXiv: 1804.10663, https://arxiv.org/abs/1804.10663
########################################################
44 187 8.249656e-04 8.249656e-04 1 1 2 2 0.000000e+00 0.000000e+00
44 188 8.249656e-04 1.038570e-03 1 1 2 2 -2.797576e-17 0.000000e+00
44 189 8.249656e-04 1.307482e-03 1 1 2 2 3.164913e-17 0.000000e+00
44 190 8.249656e-04 1.646023e-03 1 1 2 2 1.830299e-16 0.000000e+00
44 191 8.249656e-04 2.072220e-03 1 1 2 2 4.115721e-16 0.000000e+00
44 192 8.249656e-04 2.608770e-03 1 1 2 2 6.844516e-16 0.000000e+00
44 193 8.249656e-04 3.284247e-03 1 1 2 2 9.667230e-16 0.000000e+00
44 194 8.249656e-04 4.134622e-03 1 1 2 2 1.231621e-15 0.000000e+00
44 195 8.249656e-04 5.205181e-03 1 1 2 2 1.465608e-15 0.000000e+00
44 196 8.249656e-04 6.552935e-03 1 1 2 2 1.669564e-15 0.000000e+00
44 197 8.249656e-04 8.249656e-03 1 1 2 2 1.857005e-15 0.000000e+00
45 187 1.038570e-03 8.249656e-04 1 1 2 2 -1.534570e-17 0.000000e+00
45 188 1.038570e-03 1.038570e-03 1 1 2 2 0.000000e+00 0.000000e+00
45 189 1.038570e-03 1.307482e-03 1 1 2 2 -5.299039e-17 0.000000e+00
45 190 1.038570e-03 1.646023e-03 1 1 2 2 2.246116e-17 0.000000e+00
45 191 1.038570e-03 2.072220e-03 1 1 2 2 2.160118e-16 0.000000e+00
45 192 1.038570e-03 2.608770e-03 1 1 2 2 4.936916e-16 0.000000e+00
45 193 1.038570e-03 3.284247e-03 1 1 2 2 8.041913e-16 0.000000e+00
45 194 1.038570e-03 4.134622e-03 1 1 2 2 1.105181e-15 0.000000e+00
45 195 1.038570e-03 5.205181e-03 1 1 2 2 1.373227e-15 0.000000e+00
45 196 1.038570e-03 6.552935e-03 1 1 2 2 1.604784e-15 0.000000e+00
45 197 1.038570e-03 8.249656e-03 1 1 2 2 1.812565e-15 0.000000e+00
46 187 1.307482e-03 8.249656e-04 1 1 2 2 -7.908750e-18 0.000000e+00
46 188 1.307482e-03 1.038570e-03 1 1 2 2 -2.276712e-17 0.000000e+00
46 189 1.307482e-03 1.307482e-03 1 1 2 2 0.000000e+00 0.000000e+00
46 190 1.307482e-03 1.646023e-03 1 1 2 2 -8.813443e-17 0.000000e+00
46 191 1.307482e-03 2.072220e-03 1 1 2 2 5.371962e-18 0.000000e+00
46 192 1.307482e-03 2.608770e-03 1 1 2 2 2.466939e-16 0.000000e+00
46 193 1.307482e-03 3.284247e-03 1 1 2 2 5.738653e-16 0.000000e+00
46 194 1.307482e-03 4.134622e-03 1 1 2 2 9.171825e-16 0.000000e+00
46 195 1.307482e-03 5.205181e-03 1 1 2 2 1.232159e-15 0.000000e+00
46 196 1.307482e-03 6.552935e-03 1 1 2 2 1.504353e-15 0.000000e+00
46 197 1.307482e-03 8.249656e-03 1 1 2 2 1.743067e-15 0.000000e+00
47 187 1.646023e-03 8.249656e-04 1 1 2 2 -3.410451e-18 0.000000e+00
47 188 1.646023e-03 1.038570e-03 1 1 2 2 -1.054430e-17 0.000000e+00
47 189 1.646023e-03 1.307482e-03 1 1 2 2 -2.992107e-17 0.000000e+00
47 190 1.646023e-03 1.646023e-03 1 1 2 2 0.000000e+00 0.000000e+00
47 191 1.646023e-03 2.072220e-03 1 1 2 2 -1.333280e-16 0.000000e+00
47 192 1.646023e-03 2.608770e-03 1 1 2 2 -1.870757e-17 0.000000e+00
47 193 1.646023e-03 3.284247e-03 1 1 2 2 2.746209e-16 0.000000e+00
47 194 1.646023e-03 4.134622e-03 1 1 2 2 6.498655e-16 0.000000e+00
47 195 1.646023e-03 5.205181e-03 1 1 2 2 1.021926e-15 0.000000e+00
47 196 1.646023e-03 6.552935e-03 1 1 2 2 1.350793e-15 0.000000e+00
47 197 1.646023e-03 8.249656e-03 1 1 2 2 1.635261e-15 0.000000e+00
48 187 2.072220e-03 8.249656e-04 1 1 2 2 -1.128521e-18 0.000000e+00
48 188 2.072220e-03 1.038570e-03 1 1 2 2 -4.274985e-18 0.000000e+00
48 189 2.072220e-03 1.307482e-03 1 1 2 2 -1.190803e-17 0.000000e+00
48 190 2.072220e-03 1.646023e-03 1 1 2 2 -3.593634e-17 0.000000e+00
48 191 2.072220e-03 2.072220e-03 1 1 2 2 0.000000e+00 0.000000e+00
48 192 2.072220e-03 2.608770e-03 1 1 2 2 -1.862458e-16 0.000000e+00
48 193 2.072220e-03 3.284247e-03 1 1 2 2 -4.722888e-17 0.000000e+00
48 194 2.072220e-03 4.134622e-03 1 1 2 2 3.008838e-16 0.000000e+00
48 195 2.072220e-03 5.205181e-03 1 1 2 2 7.218927e-16 0.000000e+00
48 196 2.072220e-03 6.552935e-03 1 1 2 2 1.121458e-15 0.000000e+00
48 197 2.072220e-03 8.249656e-03 1 1 2 2 1.470270e-15 0.000000e+00
49 187 2.608770e-03 8.249656e-04 1 1 2 2 -1.273140e-19 0.000000e+00
49 188 2.608770e-03 1.038570e-03 1 1 2 2 -1.549270e-18 0.000000e+00
49 189 2.608770e-03 1.307482e-03 1 1 2 2 -4.121521e-18 0.000000e+00
49 190 2.608770e-03 1.646023e-03 1 1 2 2 -1.200206e-17 0.000000e+00
49 191 2.608770e-03 2.072220e-03 1 1 2 2 -3.961312e-17 0.000000e+00
49 192 2.608770e-03 2.608770e-03 1 1 2 2 0.000000e+00 0.000000e+00
49 193 2.608770e-03 3.284247e-03 1 1 2 2 -2.432056e-16 0.000000e+00
49 194 2.608770e-03 4.134622e-03 1 1 2 2 -7.611631e-17 0.000000e+00
49 195 2.608770e-03 5.205181e-03 1 1 2 2 3.279485e-16 0.000000e+00
49 196 2.608770e-03 6.552935e-03 1 1 2 2 7.930077e-16 0.000000e+00
49 197 2.608770e-03 8.249656e-03 1 1 2 2 1.223470e-15 0.000000e+00
50 187 3.284247e-03 8.249656e-04 1 1 2 2 2.523765e-19 0.000000e+00
50 188 3.284247e-03 1.038570e-03 1 1 2 2 -5.274819e-19 0.000000e+00
50 189 3.284247e-03 1.307482e-03 1 1 2 2 -1.256504e-18 0.000000e+00
50 190 3.284247e-03 1.646023e-03 1 1 2 2 -3.409282e-18 0.000000e+00
50 191 3.284247e-03 2.072220e-03 1 1 2 2 -1.088443e-17 0.000000e+00
50 192 3.284247e-03 2.608770e-03 1 1 2 2 -3.977361e-17 0.000000e+00
50 193 3.284247e-03 3.284247e-03 1 1 2 2 0.000000e+00 0.000000e+00
50 194 3.284247e-03 4.134622e-03 1 1 2 2 -2.996658e-16 0.000000e+00
50 195 3.284247e-03 5.205181e-03 1 1 2 2 -1.007835e-16 0.000000e+00
50 196 3.284247e-03 6.552935e-03 1 1 2 2 3.591971e-16 0.000000e+00
50 197 3.284247e-03 8.249656e-03 1 1 2 2 8.690095e-16 0.000000e+00
51 187 4.134622e-03 8.249656e-04 1 1 2 2 3.751998e-19 0.000000e+00
51 188 4.134622e-03 1.038570e-03 1 1 2 2 -2.005929e-19 0.000000e+00
51 189 4.134622e-03 1.307482e-03 1 1 2 2 -3.568568e-19 0.000000e+00
51 190 4.134622e-03 1.646023e-03 1 1 2 2 -7.903385e-19 0.000000e+00
51 191 4.134622e-03 2.072220e-03 1 1 2 2 -2.523647e-18 0.000000e+00
51 192 4.134622e-03 2.608770e-03 1 1 2 2 -8.640405e-18 0.000000e+00
51 193 4.134622e-03 3.284247e-03 1 1 2 2 -3.638898e-17 0.000000e+00
51 194 4.134622e-03 4.134622e-03 1 1 2 2 0.000000e+00 0.000000e+00
51 195 4.134622e-03 5.205181e-03 1 1 2 2 -3.514395e-16 0.000000e+00
51 196 4.134622e-03 6.552935e-03 1 1 2 2 -1.173678e-16 0.000000e+00
51 197 4.134622e-03 8.249656e-03 1 1 2 2 3.984144e-16 0.000000e+00
52 187 5.205181e-03 8.249656e-04 1 1 2 2 4.077247e-19 0.000000e+00
52 188 5.205181e-03 1.038570e-03 1 1 2 2 -1.144006e-19 0.000000e+00
52 189 5.205181e-03 1.307482e-03 1 1 2 2 -1.228472e-19 0.000000e+00
52 190 5.205181e-03 1.646023e-03 1 1 2 2 -1.244407e-19 0.000000e+00
52 191 5.205181e-03 2.072220e-03 1 1 2 2 -4.815447e-19 0.000000e+00
52 192 5.205181e-03 2.608770e-03 1 1 2 2 -1.553267e-18 0.000000e+00
52 193 5.205181e-03 3.284247e-03 1 1 2 2 -5.986946e-18 0.000000e+00
52 194 5.205181e-03 4.134622e-03 1 1 2 2 -3.043486e-17 0.000000e+00
52 195 5.205181e-03 5.205181e-03 1 1 2 2 0.000000e+00 0.000000e+00
52 196 5.205181e-03 6.552935e-03 1 1 2 2 -3.958630e-16 0.000000e+00
52 197 5.205181e-03 8.249656e-03 1 1 2 2 -1.236921e-16 0.000000e+00
53 187 6.552935e-03 8.249656e-04 1 1 2 2 4.139148e-19 0.000000e+00
53 188 6.552935e-03 1.038570e-03 1 1 2 2 -9.753740e-20 0.000000e+00
53 189 6.552935e-03 1.307482e-03 1 1 2 2 -7.723802e-20 0.000000e+00
53 190 6.552935e-03 1.646023e-03 1 1 2 2 4.459986e-21 0.000000e+00
53 191 6.552935e-03 2.072220e-03 1 1 2 2 -9.257601e-20 0.000000e+00
53 192 6.552935e-03 2.608770e-03 1 1 2 2 -2.543831e-19 0.000000e+00
53 193 6.552935e-03 3.284247e-03 1 1 2 2 -8.765535e-19 0.000000e+00
53 194 6.552935e-03 4.134622e-03 1 1 2 2 -3.770083e-18 0.000000e+00
53 195 6.552935e-03 5.205181e-03 1 1 2 2 -2.373906e-17 0.000000e+00
53 196 6.552935e-03 6.552935e-03 1 1 2 2 0.000000e+00 0.000000e+00
53 197 6.552935e-03 8.249656e-03 1 1 2 2 -4.326231e-16 0.000000e+00
54 187 8.249656e-03 8.249656e-04 1 1 2 2 4.144899e-19 0.000000e+00
54 188 8.249656e-03 1.038570e-03 1 1 2 2 -9.518195e-20 0.000000e+00
54 189 8.249656e-03 1.307482e-03 1 1 2 2 -7.119714e-20 0.000000e+00
54 190 8.249656e-03 1.646023e-03 1 1 2 2 2.110633e-20 0.000000e+00
54 191 8.249656e-03 2.072220e-03 1 1 2 2 -4.272041e-20 0.000000e+00
54 192 8.249656e-03 2.608770e-03 1 1 2 2 -8.949604e-20 0.000000e+00
54 193 8.249656e-03 3.284247e-03 1 1 2 2 -2.417126e-19 0.000000e+00
54 194 8.249656e-03 4.134622e-03 1 1 2 2 -7.268798e-19 0.000000e+00
54 195 8.249656e-03 5.205181e-03 1 1 2 2 -2.754307e-18 0.000000e+00
54 196 8.249656e-03 6.552935e-03 1 1 2 2 -1.855005e-17 0.000000e+00
54 197 8.249656e-03 8.249656e-03 1 1 2 2 0.000000e+00 0.000000e+00
