# Please cite the following papers in research using this covariance:
# arXiv: 1601.05779, https://arxiv.org/abs/1601.05779
# arXiv: 1911.11947, https://arxiv.org/abs/1911.11947
# arXiv: 2004.04833, https://arxiv.org/abs/2004.04833
# arXiv: 1804.10663, https://arxiv.org/abs/1804.10663
########################################################
11 176 8.249656e-04 8.249656e-04 0 1 1 3 0.000000e+00 0.000000e+00
11 177 8.249656e-04 1.038570e-03 0 1 1 3 -6.460730e-15 0.000000e+00
11 178 8.249656e-04 1.307482e-03 0 1 1 3 -2.886345e-15 0.000000e+00
11 179 8.249656e-04 1.646023e-03 0 1 1 3 2.790364e-15 0.000000e+00
11 180 8.249656e-04 2.072220e-03 0 1 1 3 7.010581e-15 0.000000e+00
11 181 8.249656e-04 2.608770e-03 0 1 1 3 9.275650e-15 0.000000e+00
11 182 8.249656e-04 3.284247e-03 0 1 1 3 1.001234e-14 0.000000e+00
11 183 8.249656e-04 4.134622e-03 0 1 1 3 9.779303e-15 0.000000e+00
11 184 8.249656e-04 5.205181e-03 0 1 1 3 9.031145e-15 0.000000e+00
11 185 8.249656e-04 6.552935e-03 0 1 1 3 8.080840e-15 0.000000e+00
11 186 8.249656e-04 8.249656e-03 0 1 1 3 7.121709e-15 0.000000e+00
12 176 1.038570e-03 8.249656e-04 0 1 1 3 9.902272e-17 0.000000e+00
12 177 1.038570e-03 1.038570e-03 0 1 1 3 0.000000e+00 0.000000e+00
12 178 1.038570e-03 1.307482e-03 0 1 1 3 -6.338944e-15 0.000000e+00
12 179 1.038570e-03 1.646023e-03 0 1 1 3 -2.837202e-15 0.000000e+00
12 180 1.038570e-03 2.072220e-03 0 1 1 3 2.508378e-15 0.000000e+00
12 181 1.038570e-03 2.608770e-03 0 1 1 3 6.307229e-15 0.000000e+00
12 182 1.038570e-03 3.284247e-03 0 1 1 3 8.224585e-15 0.000000e+00
12 183 1.038570e-03 4.134622e-03 0 1 1 3 8.756077e-15 0.000000e+00
12 184 1.038570e-03 5.205181e-03 0 1 1 3 8.462847e-15 0.000000e+00
12 185 1.038570e-03 6.552935e-03 0 1 1 3 7.770214e-15 0.000000e+00
12 186 1.038570e-03 8.249656e-03 0 1 1 3 6.952783e-15 0.000000e+00
13 176 1.307482e-03 8.249656e-04 0 1 1 3 6.979726e-17 0.000000e+00
13 177 1.307482e-03 1.038570e-03 0 1 1 3 1.691275e-16 0.000000e+00
13 178 1.307482e-03 1.307482e-03 0 1 1 3 0.000000e+00 0.000000e+00
13 179 1.307482e-03 1.646023e-03 0 1 1 3 -6.111143e-15 0.000000e+00
13 180 1.307482e-03 2.072220e-03 0 1 1 3 -2.722677e-15 0.000000e+00
13 181 1.307482e-03 2.608770e-03 0 1 1 3 2.230142e-15 0.000000e+00
13 182 1.307482e-03 3.284247e-03 0 1 1 3 5.595790e-15 0.000000e+00
13 183 1.307482e-03 4.134622e-03 0 1 1 3 7.200774e-15 0.000000e+00
13 184 1.307482e-03 5.205181e-03 0 1 1 3 7.583740e-15 0.000000e+00
13 185 1.307482e-03 6.552935e-03 0 1 1 3 7.285043e-15 0.000000e+00
13 186 1.307482e-03 8.249656e-03 0 1 1 3 6.687469e-15 0.000000e+00
14 176 1.646023e-03 8.249656e-04 0 1 1 3 3.092001e-17 0.000000e+00
14 177 1.646023e-03 1.038570e-03 0 1 1 3 8.463602e-17 0.000000e+00
14 178 1.646023e-03 1.307482e-03 0 1 1 3 2.341086e-16 0.000000e+00
14 179 1.646023e-03 1.646023e-03 0 1 1 3 0.000000e+00 0.000000e+00
14 180 1.646023e-03 2.072220e-03 0 1 1 3 -5.785380e-15 0.000000e+00
14 181 1.646023e-03 2.608770e-03 0 1 1 3 -2.549452e-15 0.000000e+00
14 182 1.646023e-03 3.284247e-03 0 1 1 3 1.966331e-15 0.000000e+00
14 183 1.646023e-03 4.134622e-03 0 1 1 3 4.907383e-15 0.000000e+00
14 184 1.646023e-03 5.205181e-03 0 1 1 3 6.245680e-15 0.000000e+00
14 185 1.646023e-03 6.552935e-03 0 1 1 3 6.534130e-15 0.000000e+00
14 186 1.646023e-03 8.249656e-03 0 1 1 3 6.272980e-15 0.000000e+00
15 176 2.072220e-03 8.249656e-04 0 1 1 3 1.252559e-17 0.000000e+00
15 177 2.072220e-03 1.038570e-03 0 1 1 3 3.338489e-17 0.000000e+00
15 178 2.072220e-03 1.307482e-03 0 1 1 3 9.537144e-17 0.000000e+00
15 179 2.072220e-03 1.646023e-03 0 1 1 3 2.877657e-16 0.000000e+00
15 180 2.072220e-03 2.072220e-03 0 1 1 3 0.000000e+00 0.000000e+00
15 181 2.072220e-03 2.608770e-03 0 1 1 3 -5.377258e-15 0.000000e+00
15 182 2.072220e-03 3.284247e-03 0 1 1 3 -2.329520e-15 0.000000e+00
15 183 2.072220e-03 4.134622e-03 0 1 1 3 1.725027e-15 0.000000e+00
15 184 2.072220e-03 5.205181e-03 0 1 1 3 4.267897e-15 0.000000e+00
15 185 2.072220e-03 6.552935e-03 0 1 1 3 5.390172e-15 0.000000e+00
15 186 2.072220e-03 8.249656e-03 0 1 1 3 5.631394e-15 0.000000e+00
16 176 2.608770e-03 8.249656e-04 0 1 1 3 4.931102e-18 0.000000e+00
16 177 2.608770e-03 1.038570e-03 0 1 1 3 1.227732e-17 0.000000e+00
16 178 2.608770e-03 1.307482e-03 0 1 1 3 3.398204e-17 0.000000e+00
16 179 2.608770e-03 1.646023e-03 0 1 1 3 1.000070e-16 0.000000e+00
16 180 2.608770e-03 2.072220e-03 0 1 1 3 3.251577e-16 0.000000e+00
16 181 2.608770e-03 2.608770e-03 0 1 1 3 0.000000e+00 0.000000e+00
16 182 2.608770e-03 3.284247e-03 0 1 1 3 -4.908784e-15 0.000000e+00
16 183 2.608770e-03 4.134622e-03 0 1 1 3 -2.078755e-15 0.000000e+00
16 184 2.608770e-03 5.205181e-03 0 1 1 3 1.511219e-15 0.000000e+00
16 185 2.608770e-03 6.552935e-03 0 1 1 3 3.696443e-15 0.000000e+00
16 186 2.608770e-03 8.249656e-03 0 1 1 3 4.653607e-15 0.000000e+00
17 176 3.284247e-03 8.249656e-04 0 1 1 3 1.944170e-18 0.000000e+00
17 177 3.284247e-03 1.038570e-03 0 1 1 3 4.252978e-18 0.000000e+00
17 178 3.284247e-03 1.307482e-03 0 1 1 3 1.154470e-17 0.000000e+00
17 179 3.284247e-03 1.646023e-03 0 1 1 3 3.250787e-17 0.000000e+00
17 180 3.284247e-03 2.072220e-03 0 1 1 3 9.835054e-17 0.000000e+00
17 181 3.284247e-03 2.608770e-03 0 1 1 3 3.436224e-16 0.000000e+00
17 182 3.284247e-03 3.284247e-03 0 1 1 3 0.000000e+00 0.000000e+00
17 183 3.284247e-03 4.134622e-03 0 1 1 3 -4.405743e-15 0.000000e+00
17 184 3.284247e-03 5.205181e-03 0 1 1 3 -1.814655e-15 0.000000e+00
17 185 3.284247e-03 6.552935e-03 0 1 1 3 1.327531e-15 0.000000e+00
17 186 3.284247e-03 8.249656e-03 0 1 1 3 3.204790e-15 0.000000e+00
18 176 4.134622e-03 8.249656e-04 0 1 1 3 8.651285e-19 0.000000e+00
18 177 4.134622e-03 1.038570e-03 0 1 1 3 1.398218e-18 0.000000e+00
18 178 4.134622e-03 1.307482e-03 0 1 1 3 3.767901e-18 0.000000e+00
18 179 4.134622e-03 1.646023e-03 0 1 1 3 1.033284e-17 0.000000e+00
18 180 4.134622e-03 2.072220e-03 0 1 1 3 2.929547e-17 0.000000e+00
18 181 4.134622e-03 2.608770e-03 0 1 1 3 9.129242e-17 0.000000e+00
18 182 4.134622e-03 3.284247e-03 0 1 1 3 3.426497e-16 0.000000e+00
18 183 4.134622e-03 4.134622e-03 0 1 1 3 0.000000e+00 0.000000e+00
18 184 4.134622e-03 5.205181e-03 0 1 1 3 -3.894361e-15 0.000000e+00
18 185 4.134622e-03 6.552935e-03 0 1 1 3 -1.553691e-15 0.000000e+00
18 186 4.134622e-03 8.249656e-03 0 1 1 3 1.174454e-15 0.000000e+00
19 176 5.205181e-03 8.249656e-04 0 1 1 3 4.632590e-19 0.000000e+00
19 177 5.205181e-03 1.038570e-03 0 1 1 3 4.028959e-19 0.000000e+00
19 178 5.205181e-03 1.307482e-03 0 1 1 3 1.147204e-18 0.000000e+00
19 179 5.205181e-03 1.646023e-03 0 1 1 3 3.188454e-18 0.000000e+00
19 180 5.205181e-03 2.072220e-03 0 1 1 3 8.637909e-18 0.000000e+00
19 181 5.205181e-03 2.608770e-03 0 1 1 3 2.498411e-17 0.000000e+00
19 182 5.205181e-03 3.284247e-03 0 1 1 3 8.025164e-17 0.000000e+00
19 183 5.205181e-03 4.134622e-03 0 1 1 3 3.243678e-16 0.000000e+00
19 184 5.205181e-03 5.205181e-03 0 1 1 3 0.000000e+00 0.000000e+00
19 185 5.205181e-03 6.552935e-03 0 1 1 3 -3.398701e-15 0.000000e+00
19 186 5.205181e-03 8.249656e-03 0 1 1 3 -1.309543e-15 0.000000e+00
20 176 6.552935e-03 8.249656e-04 0 1 1 3 3.525928e-19 0.000000e+00
20 177 6.552935e-03 1.038570e-03 0 1 1 3 7.874979e-20 0.000000e+00
20 178 6.552935e-03 1.307482e-03 0 1 1 3 3.236612e-19 0.000000e+00
20 179 6.552935e-03 1.646023e-03 0 1 1 3 9.692519e-19 0.000000e+00
20 180 6.552935e-03 2.072220e-03 0 1 1 3 2.508006e-18 0.000000e+00
20 181 6.552935e-03 2.608770e-03 0 1 1 3 6.912897e-18 0.000000e+00
20 182 6.552935e-03 3.284247e-03 0 1 1 3 2.025190e-17 0.000000e+00
20 183 6.552935e-03 4.134622e-03 0 1 1 3 6.698887e-17 0.000000e+00
20 184 6.552935e-03 5.205181e-03 0 1 1 3 2.926265e-16 0.000000e+00
20 185 6.552935e-03 6.552935e-03 0 1 1 3 0.000000e+00 0.000000e+00
20 186 6.552935e-03 8.249656e-03 0 1 1 3 -2.938389e-15 0.000000e+00
21 176 8.249656e-03 8.249656e-04 0 1 1 3 3.032583e-19 0.000000e+00
21 177 8.249656e-03 1.038570e-03 0 1 1 3 -2.351403e-20 0.000000e+00
21 178 8.249656e-03 1.307482e-03 0 1 1 3 6.213337e-20 0.000000e+00
21 179 8.249656e-03 1.646023e-03 0 1 1 3 2.813323e-19 0.000000e+00
21 180 8.249656e-03 2.072220e-03 0 1 1 3 6.933192e-19 0.000000e+00
21 181 8.249656e-03 2.608770e-03 0 1 1 3 1.863262e-18 0.000000e+00
21 182 8.249656e-03 3.284247e-03 0 1 1 3 5.201916e-18 0.000000e+00
21 183 8.249656e-03 4.134622e-03 0 1 1 3 1.554030e-17 0.000000e+00
21 184 8.249656e-03 5.205181e-03 0 1 1 3 5.312284e-17 0.000000e+00
21 185 8.249656e-03 6.552935e-03 0 1 1 3 2.522507e-16 0.000000e+00
21 186 8.249656e-03 8.249656e-03 0 1 1 3 0.000000e+00 0.000000e+00
