# Please cite the following papers in research using this covariance:
# arXiv: 1601.05779, https://arxiv.org/abs/1601.05779
# arXiv: 1911.11947, https://arxiv.org/abs/1911.11947
# arXiv: 2004.04833, https://arxiv.org/abs/2004.04833
# arXiv: 1804.10663, https://arxiv.org/abs/1804.10663
########################################################
132 187 8.249656e-04 8.249656e-04 0 2 2 2 0.000000e+00 0.000000e+00
132 188 8.249656e-04 1.038570e-03 0 2 2 2 7.403447e-15 0.000000e+00
132 189 8.249656e-04 1.307482e-03 0 2 2 2 2.809095e-15 0.000000e+00
132 190 8.249656e-04 1.646023e-03 0 2 2 2 1.013954e-15 0.000000e+00
132 191 8.249656e-04 2.072220e-03 0 2 2 2 3.549255e-16 0.000000e+00
132 192 8.249656e-04 2.608770e-03 0 2 2 2 1.212387e-16 0.000000e+00
132 193 8.249656e-04 3.284247e-03 0 2 2 2 4.058383e-17 0.000000e+00
132 194 8.249656e-04 4.134622e-03 0 2 2 2 1.340414e-17 0.000000e+00
132 195 8.249656e-04 5.205181e-03 0 2 2 2 4.387773e-18 0.000000e+00
132 196 8.249656e-04 6.552935e-03 0 2 2 2 1.458868e-18 0.000000e+00
132 197 8.249656e-04 8.249656e-03 0 2 2 2 4.849230e-19 0.000000e+00
133 187 1.038570e-03 8.249656e-04 0 2 2 2 7.403447e-15 0.000000e+00
133 188 1.038570e-03 1.038570e-03 0 2 2 2 0.000000e+00 0.000000e+00
133 189 1.038570e-03 1.307482e-03 0 2 2 2 7.189758e-15 0.000000e+00
133 190 1.038570e-03 1.646023e-03 0 2 2 2 2.620723e-15 0.000000e+00
133 191 1.038570e-03 2.072220e-03 0 2 2 2 9.137698e-16 0.000000e+00
133 192 1.038570e-03 2.608770e-03 0 2 2 2 3.102856e-16 0.000000e+00
133 193 1.038570e-03 3.284247e-03 0 2 2 2 1.033090e-16 0.000000e+00
133 194 1.038570e-03 4.134622e-03 0 2 2 2 3.396096e-17 0.000000e+00
133 195 1.038570e-03 5.205181e-03 0 2 2 2 1.113114e-17 0.000000e+00
133 196 1.038570e-03 6.552935e-03 0 2 2 2 3.661770e-18 0.000000e+00
133 197 1.038570e-03 8.249656e-03 0 2 2 2 1.232835e-18 0.000000e+00
134 187 1.307482e-03 8.249656e-04 0 2 2 2 2.809095e-15 0.000000e+00
134 188 1.307482e-03 1.038570e-03 0 2 2 2 7.189758e-15 0.000000e+00
134 189 1.307482e-03 1.307482e-03 0 2 2 2 0.000000e+00 0.000000e+00
134 190 1.307482e-03 1.646023e-03 0 2 2 2 6.846208e-15 0.000000e+00
134 191 1.307482e-03 2.072220e-03 0 2 2 2 2.388729e-15 0.000000e+00
134 192 1.307482e-03 2.608770e-03 0 2 2 2 8.037312e-16 0.000000e+00
134 193 1.307482e-03 3.284247e-03 0 2 2 2 2.653025e-16 0.000000e+00
134 194 1.307482e-03 4.134622e-03 0 2 2 2 8.658518e-17 0.000000e+00
134 195 1.307482e-03 5.205181e-03 0 2 2 2 2.821477e-17 0.000000e+00
134 196 1.307482e-03 6.552935e-03 0 2 2 2 9.274794e-18 0.000000e+00
134 197 1.307482e-03 8.249656e-03 0 2 2 2 3.132072e-18 0.000000e+00
135 187 1.646023e-03 8.249656e-04 0 2 2 2 1.013954e-15 0.000000e+00
135 188 1.646023e-03 1.038570e-03 0 2 2 2 2.620723e-15 0.000000e+00
135 189 1.646023e-03 1.307482e-03 0 2 2 2 6.846208e-15 0.000000e+00
135 190 1.646023e-03 1.646023e-03 0 2 2 2 0.000000e+00 0.000000e+00
135 191 1.646023e-03 2.072220e-03 0 2 2 2 6.385194e-15 0.000000e+00
135 192 1.646023e-03 2.608770e-03 0 2 2 2 2.126371e-15 0.000000e+00
135 193 1.646023e-03 3.284247e-03 0 2 2 2 6.914159e-16 0.000000e+00
135 194 1.646023e-03 4.134622e-03 0 2 2 2 2.229636e-16 0.000000e+00
135 195 1.646023e-03 5.205181e-03 0 2 2 2 7.200663e-17 0.000000e+00
135 196 1.646023e-03 6.552935e-03 0 2 2 2 2.350564e-17 0.000000e+00
135 197 1.646023e-03 8.249656e-03 0 2 2 2 7.871077e-18 0.000000e+00
136 187 2.072220e-03 8.249656e-04 0 2 2 2 3.549255e-16 0.000000e+00
136 188 2.072220e-03 1.038570e-03 0 2 2 2 9.137698e-16 0.000000e+00
136 189 2.072220e-03 1.307482e-03 0 2 2 2 2.388729e-15 0.000000e+00
136 190 2.072220e-03 1.646023e-03 0 2 2 2 6.385194e-15 0.000000e+00
136 191 2.072220e-03 2.072220e-03 0 2 2 2 0.000000e+00 0.000000e+00
136 192 2.072220e-03 2.608770e-03 0 2 2 2 5.830680e-15 0.000000e+00
136 193 2.072220e-03 3.284247e-03 0 2 2 2 1.851056e-15 0.000000e+00
136 194 2.072220e-03 4.134622e-03 0 2 2 2 5.840992e-16 0.000000e+00
136 195 2.072220e-03 5.205181e-03 0 2 2 2 1.856695e-16 0.000000e+00
136 196 2.072220e-03 6.552935e-03 0 2 2 2 5.998849e-17 0.000000e+00
136 197 2.072220e-03 8.249656e-03 0 2 2 2 1.996626e-17 0.000000e+00
137 187 2.608770e-03 8.249656e-04 0 2 2 2 1.212387e-16 0.000000e+00
137 188 2.608770e-03 1.038570e-03 0 2 2 2 3.102856e-16 0.000000e+00
137 189 2.608770e-03 1.307482e-03 0 2 2 2 8.037312e-16 0.000000e+00
137 190 2.608770e-03 1.646023e-03 0 2 2 2 2.126371e-15 0.000000e+00
137 191 2.608770e-03 2.072220e-03 0 2 2 2 5.830680e-15 0.000000e+00
137 192 2.608770e-03 2.608770e-03 0 2 2 2 0.000000e+00 0.000000e+00
137 193 2.608770e-03 3.284247e-03 0 2 2 2 5.215417e-15 0.000000e+00
137 194 2.608770e-03 4.134622e-03 0 2 2 2 1.580599e-15 0.000000e+00
137 195 2.608770e-03 5.205181e-03 0 2 2 2 4.879585e-16 0.000000e+00
137 196 2.608770e-03 6.552935e-03 0 2 2 2 1.547230e-16 0.000000e+00
137 197 2.608770e-03 8.249656e-03 0 2 2 2 5.083575e-17 0.000000e+00
138 187 3.284247e-03 8.249656e-04 0 2 2 2 4.058383e-17 0.000000e+00
138 188 3.284247e-03 1.038570e-03 0 2 2 2 1.033090e-16 0.000000e+00
138 189 3.284247e-03 1.307482e-03 0 2 2 2 2.653025e-16 0.000000e+00
138 190 3.284247e-03 1.646023e-03 0 2 2 2 6.914159e-16 0.000000e+00
138 191 3.284247e-03 2.072220e-03 0 2 2 2 1.851056e-15 0.000000e+00
138 192 3.284247e-03 2.608770e-03 0 2 2 2 5.215417e-15 0.000000e+00
138 193 3.284247e-03 3.284247e-03 0 2 2 2 0.000000e+00 0.000000e+00
138 194 3.284247e-03 4.134622e-03 0 2 2 2 4.577063e-15 0.000000e+00
138 195 3.284247e-03 5.205181e-03 0 2 2 2 1.331037e-15 0.000000e+00
138 196 3.284247e-03 6.552935e-03 0 2 2 2 4.069086e-16 0.000000e+00
138 197 3.284247e-03 8.249656e-03 0 2 2 2 1.307851e-16 0.000000e+00
139 187 4.134622e-03 8.249656e-04 0 2 2 2 1.340414e-17 0.000000e+00
139 188 4.134622e-03 1.038570e-03 0 2 2 2 3.396096e-17 0.000000e+00
139 189 4.134622e-03 1.307482e-03 0 2 2 2 8.658518e-17 0.000000e+00
139 190 4.134622e-03 1.646023e-03 0 2 2 2 2.229636e-16 0.000000e+00
139 191 4.134622e-03 2.072220e-03 0 2 2 2 5.840992e-16 0.000000e+00
139 192 4.134622e-03 2.608770e-03 0 2 2 2 1.580599e-15 0.000000e+00
139 193 4.134622e-03 3.284247e-03 0 2 2 2 4.577063e-15 0.000000e+00
139 194 4.134622e-03 4.134622e-03 0 2 2 2 0.000000e+00 0.000000e+00
139 195 4.134622e-03 5.205181e-03 0 2 2 2 3.953048e-15 0.000000e+00
139 196 4.134622e-03 6.552935e-03 0 2 2 2 1.114133e-15 0.000000e+00
139 197 4.134622e-03 8.249656e-03 0 2 2 2 3.429570e-16 0.000000e+00
140 187 5.205181e-03 8.249656e-04 0 2 2 2 4.387773e-18 0.000000e+00
140 188 5.205181e-03 1.038570e-03 0 2 2 2 1.113114e-17 0.000000e+00
140 189 5.205181e-03 1.307482e-03 0 2 2 2 2.821477e-17 0.000000e+00
140 190 5.205181e-03 1.646023e-03 0 2 2 2 7.200663e-17 0.000000e+00
140 191 5.205181e-03 2.072220e-03 0 2 2 2 1.856695e-16 0.000000e+00
140 192 5.205181e-03 2.608770e-03 0 2 2 2 4.879585e-16 0.000000e+00
140 193 5.205181e-03 3.284247e-03 0 2 2 2 1.331037e-15 0.000000e+00
140 194 5.205181e-03 4.134622e-03 0 2 2 2 3.953048e-15 0.000000e+00
140 195 5.205181e-03 5.205181e-03 0 2 2 2 0.000000e+00 0.000000e+00
140 196 5.205181e-03 6.552935e-03 0 2 2 2 3.376020e-15 0.000000e+00
140 197 5.205181e-03 8.249656e-03 0 2 2 2 9.369666e-16 0.000000e+00
141 187 6.552935e-03 8.249656e-04 0 2 2 2 1.458868e-18 0.000000e+00
141 188 6.552935e-03 1.038570e-03 0 2 2 2 3.661770e-18 0.000000e+00
141 189 6.552935e-03 1.307482e-03 0 2 2 2 9.274794e-18 0.000000e+00
141 190 6.552935e-03 1.646023e-03 0 2 2 2 2.350564e-17 0.000000e+00
141 191 6.552935e-03 2.072220e-03 0 2 2 2 5.998849e-17 0.000000e+00
141 192 6.552935e-03 2.608770e-03 0 2 2 2 1.547230e-16 0.000000e+00
141 193 6.552935e-03 3.284247e-03 0 2 2 2 4.069086e-16 0.000000e+00
141 194 6.552935e-03 4.134622e-03 0 2 2 2 1.114133e-15 0.000000e+00
141 195 6.552935e-03 5.205181e-03 0 2 2 2 3.376020e-15 0.000000e+00
141 196 6.552935e-03 6.552935e-03 0 2 2 2 0.000000e+00 0.000000e+00
141 197 6.552935e-03 8.249656e-03 0 2 2 2 2.870550e-15 0.000000e+00
142 187 8.249656e-03 8.249656e-04 0 2 2 2 4.849230e-19 0.000000e+00
142 188 8.249656e-03 1.038570e-03 0 2 2 2 1.232835e-18 0.000000e+00
142 189 8.249656e-03 1.307482e-03 0 2 2 2 3.132072e-18 0.000000e+00
142 190 8.249656e-03 1.646023e-03 0 2 2 2 7.871077e-18 0.000000e+00
142 191 8.249656e-03 2.072220e-03 0 2 2 2 1.996626e-17 0.000000e+00
142 192 8.249656e-03 2.608770e-03 0 2 2 2 5.083575e-17 0.000000e+00
142 193 8.249656e-03 3.284247e-03 0 2 2 2 1.307851e-16 0.000000e+00
142 194 8.249656e-03 4.134622e-03 0 2 2 2 3.429570e-16 0.000000e+00
142 195 8.249656e-03 5.205181e-03 0 2 2 2 9.369666e-16 0.000000e+00
142 196 8.249656e-03 6.552935e-03 0 2 2 2 2.870550e-15 0.000000e+00
142 197 8.249656e-03 8.249656e-03 0 2 2 2 0.000000e+00 0.000000e+00
