# Please cite the following papers in research using this covariance:
# arXiv: 1601.05779, https://arxiv.org/abs/1601.05779
# arXiv: 1911.11947, https://arxiv.org/abs/1911.11947
# arXiv: 2004.04833, https://arxiv.org/abs/2004.04833
# arXiv: 1804.10663, https://arxiv.org/abs/1804.10663
########################################################
33 110 8.249656e-04 8.249656e-04 0 3 0 0 0.000000e+00 0.000000e+00
33 111 8.249656e-04 1.038570e-03 0 3 0 0 -1.137522e-14 0.000000e+00
33 112 8.249656e-04 1.307482e-03 0 3 0 0 -5.110560e-15 0.000000e+00
33 113 8.249656e-04 1.646023e-03 0 3 0 0 4.804026e-15 0.000000e+00
33 114 8.249656e-04 2.072220e-03 0 3 0 0 1.210123e-14 0.000000e+00
33 115 8.249656e-04 2.608770e-03 0 3 0 0 1.592017e-14 0.000000e+00
33 116 8.249656e-04 3.284247e-03 0 3 0 0 1.703417e-14 0.000000e+00
33 117 8.249656e-04 4.134622e-03 0 3 0 0 1.644559e-14 0.000000e+00
33 118 8.249656e-04 5.205181e-03 0 3 0 0 1.496636e-14 0.000000e+00
33 119 8.249656e-04 6.552935e-03 0 3 0 0 1.315016e-14 0.000000e+00
33 120 8.249656e-04 8.249656e-03 0 3 0 0 1.133151e-14 0.000000e+00
34 110 1.038570e-03 8.249656e-04 0 3 0 0 1.834757e-16 0.000000e+00
34 111 1.038570e-03 1.038570e-03 0 3 0 0 0.000000e+00 0.000000e+00
34 112 1.038570e-03 1.307482e-03 0 3 0 0 -1.114587e-14 0.000000e+00
34 113 1.038570e-03 1.646023e-03 0 3 0 0 -5.019480e-15 0.000000e+00
34 114 1.038570e-03 2.072220e-03 0 3 0 0 4.284305e-15 0.000000e+00
34 115 1.038570e-03 2.608770e-03 0 3 0 0 1.080601e-14 0.000000e+00
34 116 1.038570e-03 3.284247e-03 0 3 0 0 1.398543e-14 0.000000e+00
34 117 1.038570e-03 4.134622e-03 0 3 0 0 1.472301e-14 0.000000e+00
34 118 1.038570e-03 5.205181e-03 0 3 0 0 1.402467e-14 0.000000e+00
34 119 1.038570e-03 6.552935e-03 0 3 0 0 1.264517e-14 0.000000e+00
34 120 1.038570e-03 8.249656e-03 0 3 0 0 1.106311e-14 0.000000e+00
35 110 1.307482e-03 8.249656e-04 0 3 0 0 1.277654e-16 0.000000e+00
35 111 1.307482e-03 1.038570e-03 0 3 0 0 3.118067e-16 0.000000e+00
35 112 1.307482e-03 1.307482e-03 0 3 0 0 0.000000e+00 0.000000e+00
35 113 1.307482e-03 1.646023e-03 0 3 0 0 -1.072311e-14 0.000000e+00
35 114 1.307482e-03 2.072220e-03 0 3 0 0 -4.808051e-15 0.000000e+00
35 115 1.307482e-03 2.608770e-03 0 3 0 0 3.772315e-15 0.000000e+00
35 116 1.307482e-03 3.284247e-03 0 3 0 0 9.496809e-15 0.000000e+00
35 117 1.307482e-03 4.134622e-03 0 3 0 0 1.210191e-14 0.000000e+00
35 118 1.307482e-03 5.205181e-03 0 3 0 0 1.256672e-14 0.000000e+00
35 119 1.307482e-03 6.552935e-03 0 3 0 0 1.185591e-14 0.000000e+00
35 120 1.307482e-03 8.249656e-03 0 3 0 0 1.064135e-14 0.000000e+00
36 110 1.646023e-03 8.249656e-04 0 3 0 0 5.660242e-17 0.000000e+00
36 111 1.646023e-03 1.038570e-03 0 3 0 0 1.557928e-16 0.000000e+00
36 112 1.646023e-03 1.307482e-03 0 3 0 0 4.311195e-16 0.000000e+00
36 113 1.646023e-03 1.646023e-03 0 3 0 0 0.000000e+00 0.000000e+00
36 114 1.646023e-03 2.072220e-03 0 3 0 0 -1.012077e-14 0.000000e+00
36 115 1.646023e-03 2.608770e-03 0 3 0 0 -4.488241e-15 0.000000e+00
36 116 1.646023e-03 3.284247e-03 0 3 0 0 3.287479e-15 0.000000e+00
36 117 1.646023e-03 4.134622e-03 0 3 0 0 8.230374e-15 0.000000e+00
36 118 1.646023e-03 5.205181e-03 0 3 0 0 1.034458e-14 0.000000e+00
36 119 1.646023e-03 6.552935e-03 0 3 0 0 1.063305e-14 0.000000e+00
36 120 1.646023e-03 8.249656e-03 0 3 0 0 9.981947e-15 0.000000e+00
37 110 2.072220e-03 8.249656e-04 0 3 0 0 2.278581e-17 0.000000e+00
37 111 2.072220e-03 1.038570e-03 0 3 0 0 6.166146e-17 0.000000e+00
37 112 2.072220e-03 1.307482e-03 0 3 0 0 1.758346e-16 0.000000e+00
37 113 2.072220e-03 1.646023e-03 0 3 0 0 5.300480e-16 0.000000e+00
37 114 2.072220e-03 2.072220e-03 0 3 0 0 0.000000e+00 0.000000e+00
37 115 2.072220e-03 2.608770e-03 0 3 0 0 -9.367469e-15 0.000000e+00
37 116 2.072220e-03 3.284247e-03 0 3 0 0 -4.082418e-15 0.000000e+00
37 117 2.072220e-03 4.134622e-03 0 3 0 0 2.843685e-15 0.000000e+00
37 118 2.072220e-03 5.205181e-03 0 3 0 0 7.052822e-15 0.000000e+00
37 119 2.072220e-03 6.552935e-03 0 3 0 0 8.766977e-15 0.000000e+00
37 120 2.072220e-03 8.249656e-03 0 3 0 0 8.959966e-15 0.000000e+00
38 110 2.608770e-03 8.249656e-04 0 3 0 0 8.757175e-18 0.000000e+00
38 111 2.608770e-03 1.038570e-03 0 3 0 0 2.272220e-17 0.000000e+00
38 112 2.608770e-03 1.307482e-03 0 3 0 0 6.273822e-17 0.000000e+00
38 113 2.608770e-03 1.646023e-03 0 3 0 0 1.843810e-16 0.000000e+00
38 114 2.608770e-03 2.072220e-03 0 3 0 0 5.991080e-16 0.000000e+00
38 115 2.608770e-03 2.608770e-03 0 3 0 0 0.000000e+00 0.000000e+00
38 116 2.608770e-03 3.284247e-03 0 3 0 0 -8.504058e-15 0.000000e+00
38 117 2.608770e-03 4.134622e-03 0 3 0 0 -3.620939e-15 0.000000e+00
38 118 2.608770e-03 5.205181e-03 0 3 0 0 2.448414e-15 0.000000e+00
38 119 2.608770e-03 6.552935e-03 0 3 0 0 5.996522e-15 0.000000e+00
38 120 2.608770e-03 8.249656e-03 0 3 0 0 7.399275e-15 0.000000e+00
39 110 3.284247e-03 8.249656e-04 0 3 0 0 3.234490e-18 0.000000e+00
39 111 3.284247e-03 1.038570e-03 0 3 0 0 7.889256e-18 0.000000e+00
39 112 3.284247e-03 1.307482e-03 0 3 0 0 2.127919e-17 0.000000e+00
39 113 3.284247e-03 1.646023e-03 0 3 0 0 5.977883e-17 0.000000e+00
39 114 3.284247e-03 2.072220e-03 0 3 0 0 1.810648e-16 0.000000e+00
39 115 3.284247e-03 2.608770e-03 0 3 0 0 6.326824e-16 0.000000e+00
39 116 3.284247e-03 3.284247e-03 0 3 0 0 0.000000e+00 0.000000e+00
39 117 3.284247e-03 4.134622e-03 0 3 0 0 -7.578842e-15 0.000000e+00
39 118 3.284247e-03 5.205181e-03 0 3 0 0 -3.137605e-15 0.000000e+00
39 119 3.284247e-03 6.552935e-03 0 3 0 0 2.104270e-15 0.000000e+00
39 120 3.284247e-03 8.249656e-03 0 3 0 0 5.079076e-15 0.000000e+00
40 110 4.134622e-03 8.249656e-04 0 3 0 0 1.243191e-18 0.000000e+00
40 111 4.134622e-03 1.038570e-03 0 3 0 0 2.621068e-18 0.000000e+00
40 112 4.134622e-03 1.307482e-03 0 3 0 0 6.927642e-18 0.000000e+00
40 113 4.134622e-03 1.646023e-03 0 3 0 0 1.884732e-17 0.000000e+00
40 114 4.134622e-03 2.072220e-03 0 3 0 0 5.360323e-17 0.000000e+00
40 115 4.134622e-03 2.608770e-03 0 3 0 0 1.673922e-16 0.000000e+00
40 116 4.134622e-03 3.284247e-03 0 3 0 0 6.296268e-16 0.000000e+00
40 117 4.134622e-03 4.134622e-03 0 3 0 0 0.000000e+00 0.000000e+00
40 118 4.134622e-03 5.205181e-03 0 3 0 0 -6.640956e-15 0.000000e+00
40 119 4.134622e-03 6.552935e-03 0 3 0 0 -2.664202e-15 0.000000e+00
40 120 4.134622e-03 8.249656e-03 0 3 0 0 1.809743e-15 0.000000e+00
41 110 5.205181e-03 8.249656e-04 0 3 0 0 5.089896e-19 0.000000e+00
41 111 5.205181e-03 1.038570e-03 0 3 0 0 7.986336e-19 0.000000e+00
41 112 5.205181e-03 1.307482e-03 0 3 0 0 2.125232e-18 0.000000e+00
41 113 5.205181e-03 1.646023e-03 0 3 0 0 5.740882e-18 0.000000e+00
41 114 5.205181e-03 2.072220e-03 0 3 0 0 1.565224e-17 0.000000e+00
41 115 5.205181e-03 2.608770e-03 0 3 0 0 4.536267e-17 0.000000e+00
41 116 5.205181e-03 3.284247e-03 0 3 0 0 1.462590e-16 0.000000e+00
41 117 5.205181e-03 4.134622e-03 0 3 0 0 5.940860e-16 0.000000e+00
41 118 5.205181e-03 5.205181e-03 0 3 0 0 0.000000e+00 0.000000e+00
41 119 5.205181e-03 6.552935e-03 0 3 0 0 -5.734952e-15 0.000000e+00
41 120 5.205181e-03 8.249656e-03 0 3 0 0 -2.226671e-15 0.000000e+00
42 110 6.552935e-03 8.249656e-04 0 3 0 0 3.079753e-19 0.000000e+00
42 111 6.552935e-03 1.038570e-03 0 3 0 0 2.114132e-19 0.000000e+00
42 112 6.552935e-03 1.307482e-03 0 3 0 0 6.314363e-19 0.000000e+00
42 113 6.552935e-03 1.646023e-03 0 3 0 0 1.712919e-18 0.000000e+00
42 114 6.552935e-03 2.072220e-03 0 3 0 0 4.508283e-18 0.000000e+00
42 115 6.552935e-03 2.608770e-03 0 3 0 0 1.242803e-17 0.000000e+00
42 116 6.552935e-03 3.284247e-03 0 3 0 0 3.650156e-17 0.000000e+00
42 117 6.552935e-03 4.134622e-03 0 3 0 0 1.213014e-16 0.000000e+00
42 118 6.552935e-03 5.205181e-03 0 3 0 0 5.338790e-16 0.000000e+00
42 119 6.552935e-03 6.552935e-03 0 3 0 0 0.000000e+00 0.000000e+00
42 120 6.552935e-03 8.249656e-03 0 3 0 0 -4.896182e-15 0.000000e+00
43 110 8.249656e-03 8.249656e-04 0 3 0 0 2.201898e-19 0.000000e+00
43 111 8.249656e-03 1.038570e-03 0 3 0 0 2.845791e-20 0.000000e+00
43 112 8.249656e-03 1.307482e-03 0 3 0 0 1.634266e-19 0.000000e+00
43 113 8.249656e-03 1.646023e-03 0 3 0 0 4.811209e-19 0.000000e+00
43 114 8.249656e-03 2.072220e-03 0 3 0 0 1.253805e-18 0.000000e+00
43 115 8.249656e-03 2.608770e-03 0 3 0 0 3.352745e-18 0.000000e+00
43 116 8.249656e-03 3.284247e-03 0 3 0 0 9.357795e-18 0.000000e+00
43 117 8.249656e-03 4.134622e-03 0 3 0 0 2.797980e-17 0.000000e+00
43 118 8.249656e-03 5.205181e-03 0 3 0 0 9.591001e-17 0.000000e+00
43 119 8.249656e-03 6.552935e-03 0 3 0 0 4.589341e-16 0.000000e+00
43 120 8.249656e-03 8.249656e-03 0 3 0 0 0.000000e+00 0.000000e+00
