# Please cite the following papers in research using this covariance:
# arXiv: 1601.05779, https://arxiv.org/abs/1601.05779
# arXiv: 1911.11947, https://arxiv.org/abs/1911.11947
# arXiv: 2004.04833, https://arxiv.org/abs/2004.04833
# arXiv: 1804.10663, https://arxiv.org/abs/1804.10663
########################################################
88 132 8.249656e-04 8.249656e-04 2 3 0 2 0.000000e+00 0.000000e+00
88 133 8.249656e-04 1.038570e-03 2 3 0 2 -6.178860e-15 0.000000e+00
88 134 8.249656e-04 1.307482e-03 2 3 0 2 -2.730122e-15 0.000000e+00
88 135 8.249656e-04 1.646023e-03 2 3 0 2 2.795230e-15 0.000000e+00
88 136 8.249656e-04 2.072220e-03 2 3 0 2 6.990592e-15 0.000000e+00
88 137 8.249656e-04 2.608770e-03 2 3 0 2 9.349779e-15 0.000000e+00
88 138 8.249656e-04 3.284247e-03 2 3 0 2 1.025280e-14 0.000000e+00
88 139 8.249656e-04 4.134622e-03 2 3 0 2 1.021715e-14 0.000000e+00
88 140 8.249656e-04 5.205181e-03 2 3 0 2 9.673743e-15 0.000000e+00
88 141 8.249656e-04 6.552935e-03 2 3 0 2 8.928930e-15 0.000000e+00
88 142 8.249656e-04 8.249656e-03 2 3 0 2 8.182014e-15 0.000000e+00
89 132 1.038570e-03 8.249656e-04 2 3 0 2 7.981998e-17 0.000000e+00
89 133 1.038570e-03 1.038570e-03 2 3 0 2 0.000000e+00 0.000000e+00
89 134 1.038570e-03 1.307482e-03 2 3 0 2 -6.085430e-15 0.000000e+00
89 135 1.038570e-03 1.646023e-03 2 3 0 2 -2.693560e-15 0.000000e+00
89 136 1.038570e-03 2.072220e-03 2 3 0 2 2.548427e-15 0.000000e+00
89 137 1.038570e-03 2.608770e-03 2 3 0 2 6.376681e-15 0.000000e+00
89 138 1.038570e-03 3.284247e-03 2 3 0 2 8.429350e-15 0.000000e+00
89 139 1.038570e-03 4.134622e-03 2 3 0 2 9.150639e-15 0.000000e+00
89 140 1.038570e-03 5.205181e-03 2 3 0 2 9.065901e-15 0.000000e+00
89 141 1.038570e-03 6.552935e-03 2 3 0 2 8.586138e-15 0.000000e+00
89 142 1.038570e-03 8.249656e-03 2 3 0 2 7.988254e-15 0.000000e+00
90 132 1.307482e-03 8.249656e-04 2 3 0 2 5.991161e-17 0.000000e+00
90 133 1.307482e-03 1.038570e-03 2 3 0 2 1.417946e-16 0.000000e+00
90 134 1.307482e-03 1.307482e-03 2 3 0 2 0.000000e+00 0.000000e+00
90 135 1.307482e-03 1.646023e-03 2 3 0 2 -5.897384e-15 0.000000e+00
90 136 1.307482e-03 2.072220e-03 2 3 0 2 -2.599088e-15 0.000000e+00
90 137 1.307482e-03 2.608770e-03 2 3 0 2 2.304217e-15 0.000000e+00
90 138 1.307482e-03 3.284247e-03 2 3 0 2 5.754050e-15 0.000000e+00
90 139 1.307482e-03 4.134622e-03 2 3 0 2 7.532354e-15 0.000000e+00
90 140 1.307482e-03 5.205181e-03 2 3 0 2 8.126864e-15 0.000000e+00
90 141 1.307482e-03 6.552935e-03 2 3 0 2 8.051256e-15 0.000000e+00
90 142 1.307482e-03 8.249656e-03 2 3 0 2 7.684164e-15 0.000000e+00
91 132 1.646023e-03 8.249656e-04 2 3 0 2 2.690432e-17 0.000000e+00
91 133 1.646023e-03 1.038570e-03 2 3 0 2 7.292896e-17 0.000000e+00
91 134 1.646023e-03 1.307482e-03 2 3 0 2 1.997196e-16 0.000000e+00
91 135 1.646023e-03 1.646023e-03 2 3 0 2 0.000000e+00 0.000000e+00
91 136 1.646023e-03 2.072220e-03 2 3 0 2 -5.621240e-15 0.000000e+00
91 137 1.646023e-03 2.608770e-03 2 3 0 2 -2.451409e-15 0.000000e+00
91 138 1.646023e-03 3.284247e-03 2 3 0 2 2.073510e-15 0.000000e+00
91 139 1.646023e-03 4.134622e-03 2 3 0 2 5.152758e-15 0.000000e+00
91 140 1.646023e-03 5.205181e-03 2 3 0 2 6.700614e-15 0.000000e+00
91 141 1.646023e-03 6.552935e-03 2 3 0 2 7.224726e-15 0.000000e+00
91 142 1.646023e-03 8.249656e-03 2 3 0 2 7.209678e-15 0.000000e+00
92 132 2.072220e-03 8.249656e-04 2 3 0 2 1.112601e-17 0.000000e+00
92 133 2.072220e-03 1.038570e-03 2 3 0 2 2.909665e-17 0.000000e+00
92 134 2.072220e-03 1.307482e-03 2 3 0 2 8.295225e-17 0.000000e+00
92 135 2.072220e-03 1.646023e-03 2 3 0 2 2.483426e-16 0.000000e+00
92 136 2.072220e-03 2.072220e-03 2 3 0 2 0.000000e+00 0.000000e+00
92 137 2.072220e-03 2.608770e-03 2 3 0 2 -5.269570e-15 0.000000e+00
92 138 2.072220e-03 3.284247e-03 2 3 0 2 -2.259502e-15 0.000000e+00
92 139 2.072220e-03 4.134622e-03 2 3 0 2 1.865664e-15 0.000000e+00
92 140 2.072220e-03 5.205181e-03 2 3 0 2 4.599694e-15 0.000000e+00
92 141 2.072220e-03 6.552935e-03 2 3 0 2 5.968796e-15 0.000000e+00
92 142 2.072220e-03 8.249656e-03 2 3 0 2 6.476641e-15 0.000000e+00
93 132 2.608770e-03 8.249656e-04 2 3 0 2 4.552511e-18 0.000000e+00
93 133 2.608770e-03 1.038570e-03 2 3 0 2 1.083890e-17 0.000000e+00
93 134 2.608770e-03 1.307482e-03 2 3 0 2 3.000712e-17 0.000000e+00
93 135 2.608770e-03 1.646023e-03 2 3 0 2 8.798867e-17 0.000000e+00
93 136 2.608770e-03 2.072220e-03 2 3 0 2 2.834510e-16 0.000000e+00
93 137 2.608770e-03 2.608770e-03 2 3 0 2 0.000000e+00 0.000000e+00
93 138 2.608770e-03 3.284247e-03 2 3 0 2 -4.860683e-15 0.000000e+00
93 139 2.608770e-03 4.134622e-03 2 3 0 2 -2.035699e-15 0.000000e+00
93 140 2.608770e-03 5.205181e-03 2 3 0 2 1.687691e-15 0.000000e+00
93 141 2.608770e-03 6.552935e-03 2 3 0 2 4.117000e-15 0.000000e+00
93 142 2.608770e-03 8.249656e-03 2 3 0 2 5.362961e-15 0.000000e+00
94 132 3.284247e-03 8.249656e-04 2 3 0 2 1.924574e-18 0.000000e+00
94 133 3.284247e-03 1.038570e-03 2 3 0 2 3.791578e-18 0.000000e+00
94 134 3.284247e-03 1.307482e-03 2 3 0 2 1.036048e-17 0.000000e+00
94 135 3.284247e-03 1.646023e-03 2 3 0 2 2.915863e-17 0.000000e+00
94 136 3.284247e-03 2.072220e-03 2 3 0 2 8.760622e-17 0.000000e+00
94 137 3.284247e-03 2.608770e-03 2 3 0 2 3.026488e-16 0.000000e+00
94 138 3.284247e-03 3.284247e-03 2 3 0 2 0.000000e+00 0.000000e+00
94 139 3.284247e-03 4.134622e-03 2 3 0 2 -4.416683e-15 0.000000e+00
94 140 3.284247e-03 5.205181e-03 2 3 0 2 -1.794304e-15 0.000000e+00
94 141 3.284247e-03 6.552935e-03 2 3 0 2 1.544583e-15 0.000000e+00
94 142 3.284247e-03 8.249656e-03 2 3 0 2 3.721094e-15 0.000000e+00
95 132 4.134622e-03 8.249656e-04 2 3 0 2 9.580429e-19 0.000000e+00
95 133 4.134622e-03 1.038570e-03 2 3 0 2 1.237668e-18 0.000000e+00
95 134 4.134622e-03 1.307482e-03 2 3 0 2 3.417801e-18 0.000000e+00
95 135 4.134622e-03 1.646023e-03 2 3 0 2 9.440152e-18 0.000000e+00
95 136 4.134622e-03 2.072220e-03 2 3 0 2 2.660508e-17 0.000000e+00
95 137 4.134622e-03 2.608770e-03 2 3 0 2 8.233655e-17 0.000000e+00
95 138 4.134622e-03 3.284247e-03 2 3 0 2 3.048158e-16 0.000000e+00
95 139 4.134622e-03 4.134622e-03 2 3 0 2 0.000000e+00 0.000000e+00
95 140 4.134622e-03 5.205181e-03 2 3 0 2 -3.961061e-15 0.000000e+00
95 141 4.134622e-03 6.552935e-03 2 3 0 2 -1.549738e-15 0.000000e+00
95 142 4.134622e-03 8.249656e-03 2 3 0 2 1.439158e-15 0.000000e+00
96 132 5.205181e-03 8.249656e-04 2 3 0 2 5.895015e-19 0.000000e+00
96 133 5.205181e-03 1.038570e-03 2 3 0 2 3.278375e-19 0.000000e+00
96 134 5.205181e-03 1.307482e-03 2 3 0 2 1.027017e-18 0.000000e+00
96 135 5.205181e-03 1.646023e-03 2 3 0 2 2.942988e-18 0.000000e+00
96 136 5.205181e-03 2.072220e-03 2 3 0 2 7.912863e-18 0.000000e+00
96 137 5.205181e-03 2.608770e-03 2 3 0 2 2.284690e-17 0.000000e+00
96 138 5.205181e-03 3.284247e-03 2 3 0 2 7.297409e-17 0.000000e+00
96 139 5.205181e-03 4.134622e-03 2 3 0 2 2.908356e-16 0.000000e+00
96 140 5.205181e-03 5.205181e-03 2 3 0 2 0.000000e+00 0.000000e+00
96 141 5.205181e-03 6.552935e-03 2 3 0 2 -3.516763e-15 0.000000e+00
96 142 5.205181e-03 8.249656e-03 2 3 0 2 -1.315250e-15 0.000000e+00
97 132 6.552935e-03 8.249656e-04 2 3 0 2 4.869557e-19 0.000000e+00
97 133 6.552935e-03 1.038570e-03 2 3 0 2 2.708128e-20 0.000000e+00
97 134 6.552935e-03 1.307482e-03 2 3 0 2 2.640011e-19 0.000000e+00
97 135 6.552935e-03 1.646023e-03 2 3 0 2 8.892294e-19 0.000000e+00
97 136 6.552935e-03 2.072220e-03 2 3 0 2 2.254584e-18 0.000000e+00
97 137 6.552935e-03 2.608770e-03 2 3 0 2 6.242844e-18 0.000000e+00
97 138 6.552935e-03 3.284247e-03 2 3 0 2 1.833295e-17 0.000000e+00
97 139 6.552935e-03 4.134622e-03 2 3 0 2 6.069343e-17 0.000000e+00
97 140 6.552935e-03 5.205181e-03 2 3 0 2 2.629501e-16 0.000000e+00
97 141 6.552935e-03 6.552935e-03 2 3 0 2 0.000000e+00 0.000000e+00
97 142 6.552935e-03 8.249656e-03 2 3 0 2 -3.104265e-15 0.000000e+00
98 132 8.249656e-03 8.249656e-04 2 3 0 2 4.407275e-19 0.000000e+00
98 133 8.249656e-03 1.038570e-03 2 3 0 2 -6.773242e-20 0.000000e+00
98 134 8.249656e-03 1.307482e-03 2 3 0 2 2.135914e-20 0.000000e+00
98 135 8.249656e-03 1.646023e-03 2 3 0 2 2.506928e-19 0.000000e+00
98 136 8.249656e-03 2.072220e-03 2 3 0 2 5.711554e-19 0.000000e+00
98 137 8.249656e-03 2.608770e-03 2 3 0 2 1.561731e-18 0.000000e+00
98 138 8.249656e-03 3.284247e-03 2 3 0 2 4.412355e-18 0.000000e+00
98 139 8.249656e-03 4.134622e-03 2 3 0 2 1.339561e-17 0.000000e+00
98 140 8.249656e-03 5.205181e-03 2 3 0 2 4.668358e-17 0.000000e+00
98 141 8.249656e-03 6.552935e-03 2 3 0 2 2.243883e-16 0.000000e+00
98 142 8.249656e-03 8.249656e-03 2 3 0 2 0.000000e+00 0.000000e+00
