# Please cite the following papers in research using this covariance:
# arXiv: 1601.05779, https://arxiv.org/abs/1601.05779
# arXiv: 1911.11947, https://arxiv.org/abs/1911.11947
# arXiv: 2004.04833, https://arxiv.org/abs/2004.04833
# arXiv: 1804.10663, https://arxiv.org/abs/1804.10663
########################################################
33 66 8.249656e-04 8.249656e-04 0 3 1 3 0.000000e+00 0.000000e+00
33 67 8.249656e-04 1.038570e-03 0 3 1 3 1.282929e-13 0.000000e+00
33 68 8.249656e-04 1.307482e-03 0 3 1 3 1.171608e-13 0.000000e+00
33 69 8.249656e-04 1.646023e-03 0 3 1 3 1.072484e-13 0.000000e+00
33 70 8.249656e-04 2.072220e-03 0 3 1 3 9.866145e-14 0.000000e+00
33 71 8.249656e-04 2.608770e-03 0 3 1 3 9.126488e-14 0.000000e+00
33 72 8.249656e-04 3.284247e-03 0 3 1 3 8.484124e-14 0.000000e+00
33 73 8.249656e-04 4.134622e-03 0 3 1 3 7.914269e-14 0.000000e+00
33 74 8.249656e-04 5.205181e-03 0 3 1 3 7.392038e-14 0.000000e+00
33 75 8.249656e-04 6.552935e-03 0 3 1 3 6.894326e-14 0.000000e+00
33 76 8.249656e-04 8.249656e-03 0 3 1 3 6.401038e-14 0.000000e+00
34 66 1.038570e-03 8.249656e-04 0 3 1 3 1.282929e-13 0.000000e+00
34 67 1.038570e-03 1.038570e-03 0 3 1 3 0.000000e+00 0.000000e+00
34 68 1.038570e-03 1.307482e-03 0 3 1 3 1.185096e-13 0.000000e+00
34 69 1.038570e-03 1.646023e-03 0 3 1 3 1.081299e-13 0.000000e+00
34 70 1.038570e-03 2.072220e-03 0 3 1 3 9.916220e-14 0.000000e+00
34 71 1.038570e-03 2.608770e-03 0 3 1 3 9.152562e-14 0.000000e+00
34 72 1.038570e-03 3.284247e-03 0 3 1 3 8.496502e-14 0.000000e+00
34 73 1.038570e-03 4.134622e-03 0 3 1 3 7.919434e-14 0.000000e+00
34 74 1.038570e-03 5.205181e-03 0 3 1 3 7.393717e-14 0.000000e+00
34 75 1.038570e-03 6.552935e-03 0 3 1 3 6.894499e-14 0.000000e+00
34 76 1.038570e-03 8.249656e-03 0 3 1 3 6.400693e-14 0.000000e+00
35 66 1.307482e-03 8.249656e-04 0 3 1 3 1.171608e-13 0.000000e+00
35 67 1.307482e-03 1.038570e-03 0 3 1 3 1.185096e-13 0.000000e+00
35 68 1.307482e-03 1.307482e-03 0 3 1 3 0.000000e+00 0.000000e+00
35 69 1.307482e-03 1.646023e-03 0 3 1 3 1.096059e-13 0.000000e+00
35 70 1.307482e-03 2.072220e-03 0 3 1 3 1.000219e-13 0.000000e+00
35 71 1.307482e-03 2.608770e-03 0 3 1 3 9.196900e-14 0.000000e+00
35 72 1.307482e-03 3.284247e-03 0 3 1 3 8.517328e-14 0.000000e+00
35 73 1.307482e-03 4.134622e-03 0 3 1 3 7.928073e-14 0.000000e+00
35 74 1.307482e-03 5.205181e-03 0 3 1 3 7.396545e-14 0.000000e+00
35 75 1.307482e-03 6.552935e-03 0 3 1 3 6.894845e-14 0.000000e+00
35 76 1.307482e-03 8.249656e-03 0 3 1 3 6.400185e-14 0.000000e+00
36 66 1.646023e-03 8.249656e-04 0 3 1 3 1.072484e-13 0.000000e+00
36 67 1.646023e-03 1.038570e-03 0 3 1 3 1.081299e-13 0.000000e+00
36 68 1.646023e-03 1.307482e-03 0 3 1 3 1.096059e-13 0.000000e+00
36 69 1.646023e-03 1.646023e-03 0 3 1 3 0.000000e+00 0.000000e+00
36 70 1.646023e-03 2.072220e-03 0 3 1 3 1.015398e-13 0.000000e+00
36 71 1.646023e-03 2.608770e-03 0 3 1 3 9.275465e-14 0.000000e+00
36 72 1.646023e-03 3.284247e-03 0 3 1 3 8.553577e-14 0.000000e+00
36 73 1.646023e-03 4.134622e-03 0 3 1 3 7.942917e-14 0.000000e+00
36 74 1.646023e-03 5.205181e-03 0 3 1 3 7.401405e-14 0.000000e+00
36 75 1.646023e-03 6.552935e-03 0 3 1 3 6.895510e-14 0.000000e+00
36 76 1.646023e-03 8.249656e-03 0 3 1 3 6.399410e-14 0.000000e+00
37 66 2.072220e-03 8.249656e-04 0 3 1 3 9.866145e-14 0.000000e+00
37 67 2.072220e-03 1.038570e-03 0 3 1 3 9.916220e-14 0.000000e+00
37 68 2.072220e-03 1.307482e-03 0 3 1 3 1.000219e-13 0.000000e+00
37 69 2.072220e-03 1.646023e-03 0 3 1 3 1.015398e-13 0.000000e+00
37 70 2.072220e-03 2.072220e-03 0 3 1 3 0.000000e+00 0.000000e+00
37 71 2.072220e-03 2.608770e-03 0 3 1 3 9.422692e-14 0.000000e+00
37 72 2.072220e-03 3.284247e-03 0 3 1 3 8.620414e-14 0.000000e+00
37 73 2.072220e-03 4.134622e-03 0 3 1 3 7.969666e-14 0.000000e+00
37 74 2.072220e-03 5.205181e-03 0 3 1 3 7.410133e-14 0.000000e+00
37 75 2.072220e-03 6.552935e-03 0 3 1 3 6.896869e-14 0.000000e+00
37 76 2.072220e-03 8.249656e-03 0 3 1 3 6.398261e-14 0.000000e+00
38 66 2.608770e-03 8.249656e-04 0 3 1 3 9.126488e-14 0.000000e+00
38 67 2.608770e-03 1.038570e-03 0 3 1 3 9.152562e-14 0.000000e+00
38 68 2.608770e-03 1.307482e-03 0 3 1 3 9.196900e-14 0.000000e+00
38 69 2.608770e-03 1.646023e-03 0 3 1 3 9.275465e-14 0.000000e+00
38 70 2.608770e-03 2.072220e-03 0 3 1 3 9.422692e-14 0.000000e+00
38 71 2.608770e-03 2.608770e-03 0 3 1 3 0.000000e+00 0.000000e+00
38 72 2.608770e-03 3.284247e-03 0 3 1 3 8.754991e-14 0.000000e+00
38 73 2.608770e-03 4.134622e-03 0 3 1 3 8.021799e-14 0.000000e+00
38 74 2.608770e-03 5.205181e-03 0 3 1 3 7.426938e-14 0.000000e+00
38 75 2.608770e-03 6.552935e-03 0 3 1 3 6.899886e-14 0.000000e+00
38 76 2.608770e-03 8.249656e-03 0 3 1 3 6.396670e-14 0.000000e+00
39 66 3.284247e-03 8.249656e-04 0 3 1 3 8.484124e-14 0.000000e+00
39 67 3.284247e-03 1.038570e-03 0 3 1 3 8.496502e-14 0.000000e+00
39 68 3.284247e-03 1.307482e-03 0 3 1 3 8.517328e-14 0.000000e+00
39 69 3.284247e-03 1.646023e-03 0 3 1 3 8.553577e-14 0.000000e+00
39 70 3.284247e-03 2.072220e-03 0 3 1 3 8.620414e-14 0.000000e+00
39 71 3.284247e-03 2.608770e-03 0 3 1 3 8.754991e-14 0.000000e+00
39 72 3.284247e-03 3.284247e-03 0 3 1 3 0.000000e+00 0.000000e+00
39 73 3.284247e-03 4.134622e-03 0 3 1 3 8.137043e-14 0.000000e+00
39 74 3.284247e-03 5.205181e-03 0 3 1 3 7.462900e-14 0.000000e+00
39 75 3.284247e-03 6.552935e-03 0 3 1 3 6.907188e-14 0.000000e+00
39 76 3.284247e-03 8.249656e-03 0 3 1 3 6.394795e-14 0.000000e+00
40 66 4.134622e-03 8.249656e-04 0 3 1 3 7.914269e-14 0.000000e+00
40 67 4.134622e-03 1.038570e-03 0 3 1 3 7.919434e-14 0.000000e+00
40 68 4.134622e-03 1.307482e-03 0 3 1 3 7.928073e-14 0.000000e+00
40 69 4.134622e-03 1.646023e-03 0 3 1 3 7.942917e-14 0.000000e+00
40 70 4.134622e-03 2.072220e-03 0 3 1 3 7.969666e-14 0.000000e+00
40 71 4.134622e-03 2.608770e-03 0 3 1 3 8.021799e-14 0.000000e+00
40 72 4.134622e-03 3.284247e-03 0 3 1 3 8.137043e-14 0.000000e+00
40 73 4.134622e-03 4.134622e-03 0 3 1 3 0.000000e+00 0.000000e+00
40 74 4.134622e-03 5.205181e-03 0 3 1 3 7.554141e-14 0.000000e+00
40 75 4.134622e-03 6.552935e-03 0 3 1 3 6.927038e-14 0.000000e+00
40 76 4.134622e-03 8.249656e-03 0 3 1 3 6.393781e-14 0.000000e+00
41 66 5.205181e-03 8.249656e-04 0 3 1 3 7.392038e-14 0.000000e+00
41 67 5.205181e-03 1.038570e-03 0 3 1 3 7.393717e-14 0.000000e+00
41 68 5.205181e-03 1.307482e-03 0 3 1 3 7.396545e-14 0.000000e+00
41 69 5.205181e-03 1.646023e-03 0 3 1 3 7.401405e-14 0.000000e+00
41 70 5.205181e-03 2.072220e-03 0 3 1 3 7.410133e-14 0.000000e+00
41 71 5.205181e-03 2.608770e-03 0 3 1 3 7.426938e-14 0.000000e+00
41 72 5.205181e-03 3.284247e-03 0 3 1 3 7.462900e-14 0.000000e+00
41 73 5.205181e-03 4.134622e-03 0 3 1 3 7.554141e-14 0.000000e+00
41 74 5.205181e-03 5.205181e-03 0 3 1 3 0.000000e+00 0.000000e+00
41 75 5.205181e-03 6.552935e-03 0 3 1 3 6.991931e-14 0.000000e+00
41 76 5.205181e-03 8.249656e-03 0 3 1 3 6.398942e-14 0.000000e+00
42 66 6.552935e-03 8.249656e-04 0 3 1 3 6.894326e-14 0.000000e+00
42 67 6.552935e-03 1.038570e-03 0 3 1 3 6.894499e-14 0.000000e+00
42 68 6.552935e-03 1.307482e-03 0 3 1 3 6.894845e-14 0.000000e+00
42 69 6.552935e-03 1.646023e-03 0 3 1 3 6.895510e-14 0.000000e+00
42 70 6.552935e-03 2.072220e-03 0 3 1 3 6.896869e-14 0.000000e+00
42 71 6.552935e-03 2.608770e-03 0 3 1 3 6.899886e-14 0.000000e+00
42 72 6.552935e-03 3.284247e-03 0 3 1 3 6.907188e-14 0.000000e+00
42 73 6.552935e-03 4.134622e-03 0 3 1 3 6.927038e-14 0.000000e+00
42 74 6.552935e-03 5.205181e-03 0 3 1 3 6.991931e-14 0.000000e+00
42 75 6.552935e-03 6.552935e-03 0 3 1 3 0.000000e+00 0.000000e+00
42 76 6.552935e-03 8.249656e-03 0 3 1 3 6.437558e-14 0.000000e+00
43 66 8.249656e-03 8.249656e-04 0 3 1 3 6.401038e-14 0.000000e+00
43 67 8.249656e-03 1.038570e-03 0 3 1 3 6.400693e-14 0.000000e+00
43 68 8.249656e-03 1.307482e-03 0 3 1 3 6.400185e-14 0.000000e+00
43 69 8.249656e-03 1.646023e-03 0 3 1 3 6.399410e-14 0.000000e+00
43 70 8.249656e-03 2.072220e-03 0 3 1 3 6.398261e-14 0.000000e+00
43 71 8.249656e-03 2.608770e-03 0 3 1 3 6.396670e-14 0.000000e+00
43 72 8.249656e-03 3.284247e-03 0 3 1 3 6.394795e-14 0.000000e+00
43 73 8.249656e-03 4.134622e-03 0 3 1 3 6.393781e-14 0.000000e+00
43 74 8.249656e-03 5.205181e-03 0 3 1 3 6.398942e-14 0.000000e+00
43 75 8.249656e-03 6.552935e-03 0 3 1 3 6.437558e-14 0.000000e+00
43 76 8.249656e-03 8.249656e-03 0 3 1 3 0.000000e+00 0.000000e+00
