# Please cite the following papers in research using this covariance:
# arXiv: 1601.05779, https://arxiv.org/abs/1601.05779
# arXiv: 1911.11947, https://arxiv.org/abs/1911.11947
# arXiv: 2004.04833, https://arxiv.org/abs/2004.04833
# arXiv: 1804.10663, https://arxiv.org/abs/1804.10663
########################################################
110 143 8.249656e-04 8.249656e-04 0 0 0 3 0.000000e+00 0.000000e+00
110 144 8.249656e-04 1.038570e-03 0 0 0 3 8.123252e-15 0.000000e+00
110 145 8.249656e-04 1.307482e-03 0 0 0 3 2.976834e-15 0.000000e+00
110 146 8.249656e-04 1.646023e-03 0 0 0 3 1.044245e-15 0.000000e+00
110 147 8.249656e-04 2.072220e-03 0 0 0 3 3.563204e-16 0.000000e+00
110 148 8.249656e-04 2.608770e-03 0 0 0 3 1.188293e-16 0.000000e+00
110 149 8.249656e-04 3.284247e-03 0 0 0 3 3.886153e-17 0.000000e+00
110 150 8.249656e-04 4.134622e-03 0 0 0 3 1.255180e-17 0.000000e+00
110 151 8.249656e-04 5.205181e-03 0 0 0 3 4.001777e-18 0.000000e+00
110 152 8.249656e-04 6.552935e-03 0 0 0 3 1.302271e-18 0.000000e+00
110 153 8.249656e-04 8.249656e-03 0 0 0 3 4.148939e-19 0.000000e+00
111 143 1.038570e-03 8.249656e-04 0 0 0 3 8.123252e-15 0.000000e+00
111 144 1.038570e-03 1.038570e-03 0 0 0 3 0.000000e+00 0.000000e+00
111 145 1.038570e-03 1.307482e-03 0 0 0 3 7.755077e-15 0.000000e+00
111 146 1.038570e-03 1.646023e-03 0 0 0 3 2.723941e-15 0.000000e+00
111 147 1.038570e-03 2.072220e-03 0 0 0 3 9.222598e-16 0.000000e+00
111 148 1.038570e-03 2.608770e-03 0 0 0 3 3.051008e-16 0.000000e+00
111 149 1.038570e-03 3.284247e-03 0 0 0 3 9.912027e-17 0.000000e+00
111 150 1.038570e-03 4.134622e-03 0 0 0 3 3.183055e-17 0.000000e+00
111 151 1.038570e-03 5.205181e-03 0 0 0 3 1.017259e-17 0.000000e+00
111 152 1.038570e-03 6.552935e-03 0 0 0 3 3.264729e-18 0.000000e+00
111 153 1.038570e-03 8.249656e-03 0 0 0 3 1.058452e-18 0.000000e+00
112 143 1.307482e-03 8.249656e-04 0 0 0 3 2.976834e-15 0.000000e+00
112 144 1.307482e-03 1.038570e-03 0 0 0 3 7.755077e-15 0.000000e+00
112 145 1.307482e-03 1.307482e-03 0 0 0 3 0.000000e+00 0.000000e+00
112 146 1.307482e-03 1.646023e-03 0 0 0 3 7.255730e-15 0.000000e+00
112 147 1.307482e-03 2.072220e-03 0 0 0 3 2.434463e-15 0.000000e+00
112 148 1.307482e-03 2.608770e-03 0 0 0 3 7.946869e-16 0.000000e+00
112 149 1.307482e-03 3.284247e-03 0 0 0 3 2.554017e-16 0.000000e+00
112 150 1.307482e-03 4.134622e-03 0 0 0 3 8.130993e-17 0.000000e+00
112 151 1.307482e-03 5.205181e-03 0 0 0 3 2.582028e-17 0.000000e+00
112 152 1.307482e-03 6.552935e-03 0 0 0 3 8.278909e-18 0.000000e+00
112 153 1.307482e-03 8.249656e-03 0 0 0 3 2.697916e-18 0.000000e+00
113 143 1.646023e-03 8.249656e-04 0 0 0 3 1.044245e-15 0.000000e+00
113 144 1.646023e-03 1.038570e-03 0 0 0 3 2.723941e-15 0.000000e+00
113 145 1.646023e-03 1.307482e-03 0 0 0 3 7.255730e-15 0.000000e+00
113 146 1.646023e-03 1.646023e-03 0 0 0 3 0.000000e+00 0.000000e+00
113 147 1.646023e-03 2.072220e-03 0 0 0 3 6.646751e-15 0.000000e+00
113 148 1.646023e-03 2.608770e-03 0 0 0 3 2.124151e-15 0.000000e+00
113 149 1.646023e-03 3.284247e-03 0 0 0 3 6.694781e-16 0.000000e+00
113 150 1.646023e-03 4.134622e-03 0 0 0 3 2.100827e-16 0.000000e+00
113 151 1.646023e-03 5.205181e-03 0 0 0 3 6.605199e-17 0.000000e+00
113 152 1.646023e-03 6.552935e-03 0 0 0 3 2.099926e-17 0.000000e+00
113 153 1.646023e-03 8.249656e-03 0 0 0 3 6.783128e-18 0.000000e+00
114 143 2.072220e-03 8.249656e-04 0 0 0 3 3.563204e-16 0.000000e+00
114 144 2.072220e-03 1.038570e-03 0 0 0 3 9.222598e-16 0.000000e+00
114 145 2.072220e-03 1.307482e-03 0 0 0 3 2.434463e-15 0.000000e+00
114 146 2.072220e-03 1.646023e-03 0 0 0 3 6.646751e-15 0.000000e+00
114 147 2.072220e-03 2.072220e-03 0 0 0 3 0.000000e+00 0.000000e+00
114 148 2.072220e-03 2.608770e-03 0 0 0 3 5.959841e-15 0.000000e+00
114 149 2.072220e-03 3.284247e-03 0 0 0 3 1.811852e-15 0.000000e+00
114 150 2.072220e-03 4.134622e-03 0 0 0 3 5.536239e-16 0.000000e+00
114 151 2.072220e-03 5.205181e-03 0 0 0 3 1.709589e-16 0.000000e+00
114 152 2.072220e-03 6.552935e-03 0 0 0 3 5.369661e-17 0.000000e+00
114 153 2.072220e-03 8.249656e-03 0 0 0 3 1.725358e-17 0.000000e+00
115 143 2.608770e-03 8.249656e-04 0 0 0 3 1.188293e-16 0.000000e+00
115 144 2.608770e-03 1.038570e-03 0 0 0 3 3.051008e-16 0.000000e+00
115 145 2.608770e-03 1.307482e-03 0 0 0 3 7.946869e-16 0.000000e+00
115 146 2.608770e-03 1.646023e-03 0 0 0 3 2.124151e-15 0.000000e+00
115 147 2.608770e-03 2.072220e-03 0 0 0 3 5.959841e-15 0.000000e+00
115 148 2.608770e-03 2.608770e-03 0 0 0 3 0.000000e+00 0.000000e+00
115 149 2.608770e-03 3.284247e-03 0 0 0 3 5.233173e-15 0.000000e+00
115 150 2.608770e-03 4.134622e-03 0 0 0 3 1.515166e-15 0.000000e+00
115 151 2.608770e-03 5.205181e-03 0 0 0 3 4.521963e-16 0.000000e+00
115 152 2.608770e-03 6.552935e-03 0 0 0 3 1.389941e-16 0.000000e+00
115 153 2.608770e-03 8.249656e-03 0 0 0 3 4.407320e-17 0.000000e+00
116 143 3.284247e-03 8.249656e-04 0 0 0 3 3.886153e-17 0.000000e+00
116 144 3.284247e-03 1.038570e-03 0 0 0 3 9.912027e-17 0.000000e+00
116 145 3.284247e-03 1.307482e-03 0 0 0 3 2.554017e-16 0.000000e+00
116 146 3.284247e-03 1.646023e-03 0 0 0 3 6.694781e-16 0.000000e+00
116 147 3.284247e-03 2.072220e-03 0 0 0 3 1.811852e-15 0.000000e+00
116 148 3.284247e-03 2.608770e-03 0 0 0 3 5.233173e-15 0.000000e+00
116 149 3.284247e-03 3.284247e-03 0 0 0 3 0.000000e+00 0.000000e+00
116 150 3.284247e-03 4.134622e-03 0 0 0 3 4.506498e-15 0.000000e+00
116 151 3.284247e-03 5.205181e-03 0 0 0 3 1.248411e-15 0.000000e+00
116 152 3.284247e-03 6.552935e-03 0 0 0 3 3.679728e-16 0.000000e+00
116 153 3.284247e-03 8.249656e-03 0 0 0 3 1.139524e-16 0.000000e+00
117 143 4.134622e-03 8.249656e-04 0 0 0 3 1.255180e-17 0.000000e+00
117 144 4.134622e-03 1.038570e-03 0 0 0 3 3.183055e-17 0.000000e+00
117 145 4.134622e-03 1.307482e-03 0 0 0 3 8.130993e-17 0.000000e+00
117 146 4.134622e-03 1.646023e-03 0 0 0 3 2.100827e-16 0.000000e+00
117 147 4.134622e-03 2.072220e-03 0 0 0 3 5.536239e-16 0.000000e+00
117 148 4.134622e-03 2.608770e-03 0 0 0 3 1.515166e-15 0.000000e+00
117 149 4.134622e-03 3.284247e-03 0 0 0 3 4.506498e-15 0.000000e+00
117 150 4.134622e-03 4.134622e-03 0 0 0 3 0.000000e+00 0.000000e+00
117 151 4.134622e-03 5.205181e-03 0 0 0 3 3.816405e-15 0.000000e+00
117 152 4.134622e-03 6.552935e-03 0 0 0 3 1.020533e-15 0.000000e+00
117 153 4.134622e-03 8.249656e-03 0 0 0 3 3.012073e-16 0.000000e+00
118 143 5.205181e-03 8.249656e-04 0 0 0 3 4.001777e-18 0.000000e+00
118 144 5.205181e-03 1.038570e-03 0 0 0 3 1.017259e-17 0.000000e+00
118 145 5.205181e-03 1.307482e-03 0 0 0 3 2.582028e-17 0.000000e+00
118 146 5.205181e-03 1.646023e-03 0 0 0 3 6.605199e-17 0.000000e+00
118 147 5.205181e-03 2.072220e-03 0 0 0 3 1.709589e-16 0.000000e+00
118 148 5.205181e-03 2.608770e-03 0 0 0 3 4.521963e-16 0.000000e+00
118 149 5.205181e-03 3.284247e-03 0 0 0 3 1.248411e-15 0.000000e+00
118 150 5.205181e-03 4.134622e-03 0 0 0 3 3.816405e-15 0.000000e+00
118 151 5.205181e-03 5.205181e-03 0 0 0 3 0.000000e+00 0.000000e+00
118 152 5.205181e-03 6.552935e-03 0 0 0 3 3.191384e-15 0.000000e+00
118 153 5.205181e-03 8.249656e-03 0 0 0 3 8.349572e-16 0.000000e+00
119 143 6.552935e-03 8.249656e-04 0 0 0 3 1.302271e-18 0.000000e+00
119 144 6.552935e-03 1.038570e-03 0 0 0 3 3.264729e-18 0.000000e+00
119 145 6.552935e-03 1.307482e-03 0 0 0 3 8.278909e-18 0.000000e+00
119 146 6.552935e-03 1.646023e-03 0 0 0 3 2.099926e-17 0.000000e+00
119 147 6.552935e-03 2.072220e-03 0 0 0 3 5.369661e-17 0.000000e+00
119 148 6.552935e-03 2.608770e-03 0 0 0 3 1.389941e-16 0.000000e+00
119 149 6.552935e-03 3.284247e-03 0 0 0 3 3.679728e-16 0.000000e+00
119 150 6.552935e-03 4.134622e-03 0 0 0 3 1.020533e-15 0.000000e+00
119 151 6.552935e-03 5.205181e-03 0 0 0 3 3.191384e-15 0.000000e+00
119 152 6.552935e-03 6.552935e-03 0 0 0 3 0.000000e+00 0.000000e+00
119 153 6.552935e-03 8.249656e-03 0 0 0 3 2.649710e-15 0.000000e+00
120 143 8.249656e-03 8.249656e-04 0 0 0 3 4.148939e-19 0.000000e+00
120 144 8.249656e-03 1.038570e-03 0 0 0 3 1.058452e-18 0.000000e+00
120 145 8.249656e-03 1.307482e-03 0 0 0 3 2.697916e-18 0.000000e+00
120 146 8.249656e-03 1.646023e-03 0 0 0 3 6.783128e-18 0.000000e+00
120 147 8.249656e-03 2.072220e-03 0 0 0 3 1.725358e-17 0.000000e+00
120 148 8.249656e-03 2.608770e-03 0 0 0 3 4.407320e-17 0.000000e+00
120 149 8.249656e-03 3.284247e-03 0 0 0 3 1.139524e-16 0.000000e+00
120 150 8.249656e-03 4.134622e-03 0 0 0 3 3.012073e-16 0.000000e+00
120 151 8.249656e-03 5.205181e-03 0 0 0 3 8.349572e-16 0.000000e+00
120 152 8.249656e-03 6.552935e-03 0 0 0 3 2.649710e-15 0.000000e+00
120 153 8.249656e-03 8.249656e-03 0 0 0 3 0.000000e+00 0.000000e+00
