# Please cite the following papers in research using this covariance:
# arXiv: 1601.05779, https://arxiv.org/abs/1601.05779
# arXiv: 1911.11947, https://arxiv.org/abs/1911.11947
# arXiv: 2004.04833, https://arxiv.org/abs/2004.04833
# arXiv: 1804.10663, https://arxiv.org/abs/1804.10663
########################################################
165 198 8.249656e-04 8.249656e-04 1 2 2 3 0.000000e+00 0.000000e+00
165 199 8.249656e-04 1.038570e-03 1 2 2 3 7.327475e-15 0.000000e+00
165 200 8.249656e-04 1.307482e-03 1 2 2 3 2.749778e-15 0.000000e+00
165 201 8.249656e-04 1.646023e-03 1 2 2 3 9.806737e-16 0.000000e+00
165 202 8.249656e-04 2.072220e-03 1 2 2 3 3.395882e-16 0.000000e+00
165 203 8.249656e-04 2.608770e-03 1 2 2 3 1.152187e-16 0.000000e+00
165 204 8.249656e-04 3.284247e-03 1 2 2 3 3.859296e-17 0.000000e+00
165 205 8.249656e-04 4.134622e-03 1 2 2 3 1.288223e-17 0.000000e+00
165 206 8.249656e-04 5.205181e-03 1 2 2 3 4.315016e-18 0.000000e+00
165 207 8.249656e-04 6.552935e-03 1 2 2 3 1.488063e-18 0.000000e+00
165 208 8.249656e-04 8.249656e-03 1 2 2 3 5.220439e-19 0.000000e+00
166 198 1.038570e-03 8.249656e-04 1 2 2 3 7.327475e-15 0.000000e+00
166 199 1.038570e-03 1.038570e-03 1 2 2 3 0.000000e+00 0.000000e+00
166 200 1.038570e-03 1.307482e-03 1 2 2 3 7.075626e-15 0.000000e+00
166 201 1.038570e-03 1.646023e-03 1 2 2 3 2.544693e-15 0.000000e+00
166 202 1.038570e-03 2.072220e-03 1 2 2 3 8.763203e-16 0.000000e+00
166 203 1.038570e-03 2.608770e-03 1 2 2 3 2.951783e-16 0.000000e+00
166 204 1.038570e-03 3.284247e-03 1 2 2 3 9.823795e-17 0.000000e+00
166 205 1.038570e-03 4.134622e-03 1 2 2 3 3.262030e-17 0.000000e+00
166 206 1.038570e-03 5.205181e-03 1 2 2 3 1.093779e-17 0.000000e+00
166 207 1.038570e-03 6.552935e-03 1 2 2 3 3.732550e-18 0.000000e+00
166 208 1.038570e-03 8.249656e-03 1 2 2 3 1.325000e-18 0.000000e+00
167 198 1.307482e-03 8.249656e-04 1 2 2 3 2.749778e-15 0.000000e+00
167 199 1.307482e-03 1.038570e-03 1 2 2 3 7.075626e-15 0.000000e+00
167 200 1.307482e-03 1.307482e-03 1 2 2 3 0.000000e+00 0.000000e+00
167 201 1.307482e-03 1.646023e-03 1 2 2 3 6.693732e-15 0.000000e+00
167 202 1.307482e-03 2.072220e-03 1 2 2 3 2.300643e-15 0.000000e+00
167 203 1.307482e-03 2.608770e-03 1 2 2 3 7.660096e-16 0.000000e+00
167 204 1.307482e-03 3.284247e-03 1 2 2 3 2.523110e-16 0.000000e+00
167 205 1.307482e-03 4.134622e-03 1 2 2 3 8.309848e-17 0.000000e+00
167 206 1.307482e-03 5.205181e-03 1 2 2 3 2.769059e-17 0.000000e+00
167 207 1.307482e-03 6.552935e-03 1 2 2 3 9.442244e-18 0.000000e+00
167 208 1.307482e-03 8.249656e-03 1 2 2 3 3.360091e-18 0.000000e+00
168 198 1.646023e-03 8.249656e-04 1 2 2 3 9.806737e-16 0.000000e+00
168 199 1.646023e-03 1.038570e-03 1 2 2 3 2.544693e-15 0.000000e+00
168 200 1.646023e-03 1.307482e-03 1 2 2 3 6.693732e-15 0.000000e+00
168 201 1.646023e-03 1.646023e-03 1 2 2 3 0.000000e+00 0.000000e+00
168 202 1.646023e-03 2.072220e-03 1 2 2 3 6.200591e-15 0.000000e+00
168 203 1.646023e-03 2.608770e-03 1 2 2 3 2.034334e-15 0.000000e+00
168 204 1.646023e-03 3.284247e-03 1 2 2 3 6.579565e-16 0.000000e+00
168 205 1.646023e-03 4.134622e-03 1 2 2 3 2.137352e-16 0.000000e+00
168 206 1.646023e-03 5.205181e-03 1 2 2 3 7.053582e-17 0.000000e+00
168 207 1.646023e-03 6.552935e-03 1 2 2 3 2.388526e-17 0.000000e+00
168 208 1.646023e-03 8.249656e-03 1 2 2 3 8.432455e-18 0.000000e+00
169 198 2.072220e-03 8.249656e-04 1 2 2 3 3.395882e-16 0.000000e+00
169 199 2.072220e-03 1.038570e-03 1 2 2 3 8.763203e-16 0.000000e+00
169 200 2.072220e-03 1.307482e-03 1 2 2 3 2.300643e-15 0.000000e+00
169 201 2.072220e-03 1.646023e-03 1 2 2 3 6.200591e-15 0.000000e+00
169 202 2.072220e-03 2.072220e-03 1 2 2 3 0.000000e+00 0.000000e+00
169 203 2.072220e-03 2.608770e-03 1 2 2 3 5.627144e-15 0.000000e+00
169 204 2.072220e-03 3.284247e-03 1 2 2 3 1.765327e-15 0.000000e+00
169 205 2.072220e-03 4.134622e-03 1 2 2 3 5.591029e-16 0.000000e+00
169 206 2.072220e-03 5.205181e-03 1 2 2 3 1.813495e-16 0.000000e+00
169 207 2.072220e-03 6.552935e-03 1 2 2 3 6.077528e-17 0.000000e+00
169 208 2.072220e-03 8.249656e-03 1 2 2 3 2.132758e-17 0.000000e+00
170 198 2.608770e-03 8.249656e-04 1 2 2 3 1.152187e-16 0.000000e+00
170 199 2.608770e-03 1.038570e-03 1 2 2 3 2.951783e-16 0.000000e+00
170 200 2.608770e-03 1.307482e-03 1 2 2 3 7.660096e-16 0.000000e+00
170 201 2.608770e-03 1.646023e-03 1 2 2 3 2.034334e-15 0.000000e+00
170 202 2.608770e-03 2.072220e-03 1 2 2 3 5.627144e-15 0.000000e+00
170 203 2.608770e-03 2.608770e-03 1 2 2 3 0.000000e+00 0.000000e+00
170 204 2.608770e-03 3.284247e-03 1 2 2 3 5.011707e-15 0.000000e+00
170 205 2.608770e-03 4.134622e-03 1 2 2 3 1.511526e-15 0.000000e+00
170 206 2.608770e-03 5.205181e-03 1 2 2 3 4.745662e-16 0.000000e+00
170 207 2.608770e-03 6.552935e-03 1 2 2 3 1.560006e-16 0.000000e+00
170 208 2.608770e-03 8.249656e-03 1 2 2 3 5.406356e-17 0.000000e+00
171 198 3.284247e-03 8.249656e-04 1 2 2 3 3.859296e-17 0.000000e+00
171 199 3.284247e-03 1.038570e-03 1 2 2 3 9.823795e-17 0.000000e+00
171 200 3.284247e-03 1.307482e-03 1 2 2 3 2.523110e-16 0.000000e+00
171 201 3.284247e-03 1.646023e-03 1 2 2 3 6.579565e-16 0.000000e+00
171 202 3.284247e-03 2.072220e-03 1 2 2 3 1.765327e-15 0.000000e+00
171 203 3.284247e-03 2.608770e-03 1 2 2 3 5.011707e-15 0.000000e+00
171 204 3.284247e-03 3.284247e-03 1 2 2 3 0.000000e+00 0.000000e+00
171 205 3.284247e-03 4.134622e-03 1 2 2 3 4.394579e-15 0.000000e+00
171 206 3.284247e-03 5.205181e-03 1 2 2 3 1.287263e-15 0.000000e+00
171 207 3.284247e-03 6.552935e-03 1 2 2 3 4.071557e-16 0.000000e+00
171 208 3.284247e-03 8.249656e-03 1 2 2 3 1.381107e-16 0.000000e+00
172 198 4.134622e-03 8.249656e-04 1 2 2 3 1.288223e-17 0.000000e+00
172 199 4.134622e-03 1.038570e-03 1 2 2 3 3.262030e-17 0.000000e+00
172 200 4.134622e-03 1.307482e-03 1 2 2 3 8.309848e-17 0.000000e+00
172 201 4.134622e-03 1.646023e-03 1 2 2 3 2.137352e-16 0.000000e+00
172 202 4.134622e-03 2.072220e-03 1 2 2 3 5.591029e-16 0.000000e+00
172 203 4.134622e-03 2.608770e-03 1 2 2 3 1.511526e-15 0.000000e+00
172 204 4.134622e-03 3.284247e-03 1 2 2 3 4.394579e-15 0.000000e+00
172 205 4.134622e-03 4.134622e-03 1 2 2 3 0.000000e+00 0.000000e+00
172 206 4.134622e-03 5.205181e-03 1 2 2 3 3.812606e-15 0.000000e+00
172 207 4.134622e-03 6.552935e-03 1 2 2 3 1.101959e-15 0.000000e+00
172 208 4.134622e-03 8.249656e-03 1 2 2 3 3.580767e-16 0.000000e+00
173 198 5.205181e-03 8.249656e-04 1 2 2 3 4.315016e-18 0.000000e+00
173 199 5.205181e-03 1.038570e-03 1 2 2 3 1.093779e-17 0.000000e+00
173 200 5.205181e-03 1.307482e-03 1 2 2 3 2.769059e-17 0.000000e+00
173 201 5.205181e-03 1.646023e-03 1 2 2 3 7.053582e-17 0.000000e+00
173 202 5.205181e-03 2.072220e-03 1 2 2 3 1.813495e-16 0.000000e+00
173 203 5.205181e-03 2.608770e-03 1 2 2 3 4.745662e-16 0.000000e+00
173 204 5.205181e-03 3.284247e-03 1 2 2 3 1.287263e-15 0.000000e+00
173 205 5.205181e-03 4.134622e-03 1 2 2 3 3.812606e-15 0.000000e+00
173 206 5.205181e-03 5.205181e-03 1 2 2 3 0.000000e+00 0.000000e+00
173 207 5.205181e-03 6.552935e-03 1 2 2 3 3.295677e-15 0.000000e+00
173 208 5.205181e-03 8.249656e-03 1 2 2 3 9.604292e-16 0.000000e+00
174 198 6.552935e-03 8.249656e-04 1 2 2 3 1.488063e-18 0.000000e+00
174 199 6.552935e-03 1.038570e-03 1 2 2 3 3.732550e-18 0.000000e+00
174 200 6.552935e-03 1.307482e-03 1 2 2 3 9.442244e-18 0.000000e+00
174 201 6.552935e-03 1.646023e-03 1 2 2 3 2.388526e-17 0.000000e+00
174 202 6.552935e-03 2.072220e-03 1 2 2 3 6.077528e-17 0.000000e+00
174 203 6.552935e-03 2.608770e-03 1 2 2 3 1.560006e-16 0.000000e+00
174 204 6.552935e-03 3.284247e-03 1 2 2 3 4.071557e-16 0.000000e+00
174 205 6.552935e-03 4.134622e-03 1 2 2 3 1.101959e-15 0.000000e+00
174 206 6.552935e-03 5.205181e-03 1 2 2 3 3.295677e-15 0.000000e+00
174 207 6.552935e-03 6.552935e-03 1 2 2 3 0.000000e+00 0.000000e+00
174 208 6.552935e-03 8.249656e-03 1 2 2 3 2.864480e-15 0.000000e+00
175 198 8.249656e-03 8.249656e-04 1 2 2 3 5.220439e-19 0.000000e+00
175 199 8.249656e-03 1.038570e-03 1 2 2 3 1.325000e-18 0.000000e+00
175 200 8.249656e-03 1.307482e-03 1 2 2 3 3.360091e-18 0.000000e+00
175 201 8.249656e-03 1.646023e-03 1 2 2 3 8.432455e-18 0.000000e+00
175 202 8.249656e-03 2.072220e-03 1 2 2 3 2.132758e-17 0.000000e+00
175 203 8.249656e-03 2.608770e-03 1 2 2 3 5.406356e-17 0.000000e+00
175 204 8.249656e-03 3.284247e-03 1 2 2 3 1.381107e-16 0.000000e+00
175 205 8.249656e-03 4.134622e-03 1 2 2 3 3.580767e-16 0.000000e+00
175 206 8.249656e-03 5.205181e-03 1 2 2 3 9.604292e-16 0.000000e+00
175 207 8.249656e-03 6.552935e-03 1 2 2 3 2.864480e-15 0.000000e+00
175 208 8.249656e-03 8.249656e-03 1 2 2 3 0.000000e+00 0.000000e+00
