# Please cite the following papers in research using this covariance:
# arXiv: 1601.05779, https://arxiv.org/abs/1601.05779
# arXiv: 1911.11947, https://arxiv.org/abs/1911.11947
# arXiv: 2004.04833, https://arxiv.org/abs/2004.04833
# arXiv: 1804.10663, https://arxiv.org/abs/1804.10663
########################################################
0 66 8.249656e-04 8.249656e-04 0 0 1 3 0.000000e+00 0.000000e+00
0 67 8.249656e-04 1.038570e-03 0 0 1 3 2.554283e-14 0.000000e+00
0 68 8.249656e-04 1.307482e-03 0 0 1 3 2.522690e-14 0.000000e+00
0 69 8.249656e-04 1.646023e-03 0 0 1 3 2.481502e-14 0.000000e+00
0 70 8.249656e-04 2.072220e-03 0 0 1 3 2.431499e-14 0.000000e+00
0 71 8.249656e-04 2.608770e-03 0 0 1 3 2.373671e-14 0.000000e+00
0 72 8.249656e-04 3.284247e-03 0 0 1 3 2.308860e-14 0.000000e+00
0 73 8.249656e-04 4.134622e-03 0 0 1 3 2.237465e-14 0.000000e+00
0 74 8.249656e-04 5.205181e-03 0 0 1 3 2.159227e-14 0.000000e+00
0 75 8.249656e-04 6.552935e-03 0 0 1 3 2.073170e-14 0.000000e+00
0 76 8.249656e-04 8.249656e-03 0 0 1 3 1.977703e-14 0.000000e+00
1 66 1.038570e-03 8.249656e-04 0 0 1 3 2.554283e-14 0.000000e+00
1 67 1.038570e-03 1.038570e-03 0 0 1 3 0.000000e+00 0.000000e+00
1 68 1.038570e-03 1.307482e-03 0 0 1 3 2.512972e-14 0.000000e+00
1 69 1.038570e-03 1.646023e-03 0 0 1 3 2.475781e-14 0.000000e+00
1 70 1.038570e-03 2.072220e-03 0 0 1 3 2.428236e-14 0.000000e+00
1 71 1.038570e-03 2.608770e-03 0 0 1 3 2.371801e-14 0.000000e+00
1 72 1.038570e-03 3.284247e-03 0 0 1 3 2.307728e-14 0.000000e+00
1 73 1.038570e-03 4.134622e-03 0 0 1 3 2.236712e-14 0.000000e+00
1 74 1.038570e-03 5.205181e-03 0 0 1 3 2.158678e-14 0.000000e+00
1 75 1.038570e-03 6.552935e-03 0 0 1 3 2.072749e-14 0.000000e+00
1 76 1.038570e-03 8.249656e-03 0 0 1 3 1.977378e-14 0.000000e+00
2 66 1.307482e-03 8.249656e-04 0 0 1 3 2.522690e-14 0.000000e+00
2 67 1.307482e-03 1.038570e-03 0 0 1 3 2.512972e-14 0.000000e+00
2 68 1.307482e-03 1.307482e-03 0 0 1 3 0.000000e+00 0.000000e+00
2 69 1.307482e-03 1.646023e-03 0 0 1 3 2.465617e-14 0.000000e+00
2 70 1.307482e-03 2.072220e-03 0 0 1 3 2.422593e-14 0.000000e+00
2 71 1.307482e-03 2.608770e-03 0 0 1 3 2.368663e-14 0.000000e+00
2 72 1.307482e-03 3.284247e-03 0 0 1 3 2.305884e-14 0.000000e+00
2 73 1.307482e-03 4.134622e-03 0 0 1 3 2.235513e-14 0.000000e+00
2 74 1.307482e-03 5.205181e-03 0 0 1 3 2.157816e-14 0.000000e+00
2 75 1.307482e-03 6.552935e-03 0 0 1 3 2.072094e-14 0.000000e+00
2 76 1.307482e-03 8.249656e-03 0 0 1 3 1.976876e-14 0.000000e+00
3 66 1.646023e-03 8.249656e-04 0 0 1 3 2.481502e-14 0.000000e+00
3 67 1.646023e-03 1.038570e-03 0 0 1 3 2.475781e-14 0.000000e+00
3 68 1.646023e-03 1.307482e-03 0 0 1 3 2.465617e-14 0.000000e+00
3 69 1.646023e-03 1.646023e-03 0 0 1 3 0.000000e+00 0.000000e+00
3 70 1.646023e-03 2.072220e-03 0 0 1 3 2.412213e-14 0.000000e+00
3 71 1.646023e-03 2.608770e-03 0 0 1 3 2.363146e-14 0.000000e+00
3 72 1.646023e-03 3.284247e-03 0 0 1 3 2.302777e-14 0.000000e+00
3 73 1.646023e-03 4.134622e-03 0 0 1 3 2.233558e-14 0.000000e+00
3 74 1.646023e-03 5.205181e-03 0 0 1 3 2.156435e-14 0.000000e+00
3 75 1.646023e-03 6.552935e-03 0 0 1 3 2.071051e-14 0.000000e+00
3 76 1.646023e-03 8.249656e-03 0 0 1 3 1.976080e-14 0.000000e+00
4 66 2.072220e-03 8.249656e-04 0 0 1 3 2.431499e-14 0.000000e+00
4 67 2.072220e-03 1.038570e-03 0 0 1 3 2.428236e-14 0.000000e+00
4 68 2.072220e-03 1.307482e-03 0 0 1 3 2.422593e-14 0.000000e+00
4 69 2.072220e-03 1.646023e-03 0 0 1 3 2.412213e-14 0.000000e+00
4 70 2.072220e-03 2.072220e-03 0 0 1 3 0.000000e+00 0.000000e+00
4 71 2.072220e-03 2.608770e-03 0 0 1 3 2.352678e-14 0.000000e+00
4 72 2.072220e-03 3.284247e-03 0 0 1 3 2.297295e-14 0.000000e+00
4 73 2.072220e-03 4.134622e-03 0 0 1 3 2.230296e-14 0.000000e+00
4 74 2.072220e-03 5.205181e-03 0 0 1 3 2.154203e-14 0.000000e+00
4 75 2.072220e-03 6.552935e-03 0 0 1 3 2.069386e-14 0.000000e+00
4 76 2.072220e-03 8.249656e-03 0 0 1 3 1.974813e-14 0.000000e+00
5 66 2.608770e-03 8.249656e-04 0 0 1 3 2.373671e-14 0.000000e+00
5 67 2.608770e-03 1.038570e-03 0 0 1 3 2.371801e-14 0.000000e+00
5 68 2.608770e-03 1.307482e-03 0 0 1 3 2.368663e-14 0.000000e+00
5 69 2.608770e-03 1.646023e-03 0 0 1 3 2.363146e-14 0.000000e+00
5 70 2.608770e-03 2.072220e-03 0 0 1 3 2.352678e-14 0.000000e+00
5 71 2.608770e-03 2.608770e-03 0 0 1 3 0.000000e+00 0.000000e+00
5 72 2.608770e-03 3.284247e-03 0 0 1 3 2.286706e-14 0.000000e+00
5 73 2.608770e-03 4.134622e-03 0 0 1 3 2.224615e-14 0.000000e+00
5 74 2.608770e-03 5.205181e-03 0 0 1 3 2.150542e-14 0.000000e+00
5 75 2.608770e-03 6.552935e-03 0 0 1 3 2.066720e-14 0.000000e+00
5 76 2.608770e-03 8.249656e-03 0 0 1 3 1.972797e-14 0.000000e+00
6 66 3.284247e-03 8.249656e-04 0 0 1 3 2.308860e-14 0.000000e+00
6 67 3.284247e-03 1.038570e-03 0 0 1 3 2.307728e-14 0.000000e+00
6 68 3.284247e-03 1.307482e-03 0 0 1 3 2.305884e-14 0.000000e+00
6 69 3.284247e-03 1.646023e-03 0 0 1 3 2.302777e-14 0.000000e+00
6 70 3.284247e-03 2.072220e-03 0 0 1 3 2.297295e-14 0.000000e+00
6 71 3.284247e-03 2.608770e-03 0 0 1 3 2.286706e-14 0.000000e+00
6 72 3.284247e-03 3.284247e-03 0 0 1 3 0.000000e+00 0.000000e+00
6 73 3.284247e-03 4.134622e-03 0 0 1 3 2.213671e-14 0.000000e+00
6 74 3.284247e-03 5.205181e-03 0 0 1 3 2.144311e-14 0.000000e+00
6 75 3.284247e-03 6.552935e-03 0 0 1 3 2.062404e-14 0.000000e+00
6 76 3.284247e-03 8.249656e-03 0 0 1 3 1.969581e-14 0.000000e+00
7 66 4.134622e-03 8.249656e-04 0 0 1 3 2.237465e-14 0.000000e+00
7 67 4.134622e-03 1.038570e-03 0 0 1 3 2.236712e-14 0.000000e+00
7 68 4.134622e-03 1.307482e-03 0 0 1 3 2.235513e-14 0.000000e+00
7 69 4.134622e-03 1.646023e-03 0 0 1 3 2.233558e-14 0.000000e+00
7 70 4.134622e-03 2.072220e-03 0 0 1 3 2.230296e-14 0.000000e+00
7 71 4.134622e-03 2.608770e-03 0 0 1 3 2.224615e-14 0.000000e+00
7 72 4.134622e-03 3.284247e-03 0 0 1 3 2.213671e-14 0.000000e+00
7 73 4.134622e-03 4.134622e-03 0 0 1 3 0.000000e+00 0.000000e+00
7 74 4.134622e-03 5.205181e-03 0 0 1 3 2.132606e-14 0.000000e+00
7 75 4.134622e-03 6.552935e-03 0 0 1 3 2.055234e-14 0.000000e+00
7 76 4.134622e-03 8.249656e-03 0 0 1 3 1.964415e-14 0.000000e+00
8 66 5.205181e-03 8.249656e-04 0 0 1 3 2.159227e-14 0.000000e+00
8 67 5.205181e-03 1.038570e-03 0 0 1 3 2.158678e-14 0.000000e+00
8 68 5.205181e-03 1.307482e-03 0 0 1 3 2.157816e-14 0.000000e+00
8 69 5.205181e-03 1.646023e-03 0 0 1 3 2.156435e-14 0.000000e+00
8 70 5.205181e-03 2.072220e-03 0 0 1 3 2.154203e-14 0.000000e+00
8 71 5.205181e-03 2.608770e-03 0 0 1 3 2.150542e-14 0.000000e+00
8 72 5.205181e-03 3.284247e-03 0 0 1 3 2.144311e-14 0.000000e+00
8 73 5.205181e-03 4.134622e-03 0 0 1 3 2.132606e-14 0.000000e+00
8 74 5.205181e-03 5.205181e-03 0 0 1 3 0.000000e+00 0.000000e+00
8 75 5.205181e-03 6.552935e-03 0 0 1 3 2.042259e-14 0.000000e+00
8 76 5.205181e-03 8.249656e-03 0 0 1 3 1.955977e-14 0.000000e+00
9 66 6.552935e-03 8.249656e-04 0 0 1 3 2.073170e-14 0.000000e+00
9 67 6.552935e-03 1.038570e-03 0 0 1 3 2.072749e-14 0.000000e+00
9 68 6.552935e-03 1.307482e-03 0 0 1 3 2.072094e-14 0.000000e+00
9 69 6.552935e-03 1.646023e-03 0 0 1 3 2.071051e-14 0.000000e+00
9 70 6.552935e-03 2.072220e-03 0 0 1 3 2.069386e-14 0.000000e+00
9 71 6.552935e-03 2.608770e-03 0 0 1 3 2.066720e-14 0.000000e+00
9 72 6.552935e-03 3.284247e-03 0 0 1 3 2.062404e-14 0.000000e+00
9 73 6.552935e-03 4.134622e-03 0 0 1 3 2.055234e-14 0.000000e+00
9 74 6.552935e-03 5.205181e-03 0 0 1 3 2.042259e-14 0.000000e+00
9 75 6.552935e-03 6.552935e-03 0 0 1 3 0.000000e+00 0.000000e+00
9 76 6.552935e-03 8.249656e-03 0 0 1 3 1.941246e-14 0.000000e+00
10 66 8.249656e-03 8.249656e-04 0 0 1 3 1.977703e-14 0.000000e+00
10 67 8.249656e-03 1.038570e-03 0 0 1 3 1.977378e-14 0.000000e+00
10 68 8.249656e-03 1.307482e-03 0 0 1 3 1.976876e-14 0.000000e+00
10 69 8.249656e-03 1.646023e-03 0 0 1 3 1.976080e-14 0.000000e+00
10 70 8.249656e-03 2.072220e-03 0 0 1 3 1.974813e-14 0.000000e+00
10 71 8.249656e-03 2.608770e-03 0 0 1 3 1.972797e-14 0.000000e+00
10 72 8.249656e-03 3.284247e-03 0 0 1 3 1.969581e-14 0.000000e+00
10 73 8.249656e-03 4.134622e-03 0 0 1 3 1.964415e-14 0.000000e+00
10 74 8.249656e-03 5.205181e-03 0 0 1 3 1.955977e-14 0.000000e+00
10 75 8.249656e-03 6.552935e-03 0 0 1 3 1.941246e-14 0.000000e+00
10 76 8.249656e-03 8.249656e-03 0 0 1 3 0.000000e+00 0.000000e+00
