# Please cite the following papers in research using this covariance:
# arXiv: 1601.05779, https://arxiv.org/abs/1601.05779
# arXiv: 1911.11947, https://arxiv.org/abs/1911.11947
# arXiv: 2004.04833, https://arxiv.org/abs/2004.04833
# arXiv: 1804.10663, https://arxiv.org/abs/1804.10663
########################################################
55 154 8.249656e-04 8.249656e-04 1 2 1 1 0.000000e+00 0.000000e+00
55 155 8.249656e-04 1.038570e-03 1 2 1 1 -1.820814e-14 0.000000e+00
55 156 8.249656e-04 1.307482e-03 1 2 1 1 -8.276080e-15 0.000000e+00
55 157 8.249656e-04 1.646023e-03 1 2 1 1 7.910823e-15 0.000000e+00
55 158 8.249656e-04 2.072220e-03 1 2 1 1 2.003354e-14 0.000000e+00
55 159 8.249656e-04 2.608770e-03 1 2 1 1 2.640896e-14 0.000000e+00
55 160 8.249656e-04 3.284247e-03 1 2 1 1 2.822071e-14 0.000000e+00
55 161 8.249656e-04 4.134622e-03 1 2 1 1 2.714945e-14 0.000000e+00
55 162 8.249656e-04 5.205181e-03 1 2 1 1 2.459326e-14 0.000000e+00
55 163 8.249656e-04 6.552935e-03 1 2 1 1 2.151319e-14 0.000000e+00
55 164 8.249656e-04 8.249656e-03 1 2 1 1 1.848821e-14 0.000000e+00
56 154 1.038570e-03 8.249656e-04 1 2 1 1 1.388502e-16 0.000000e+00
56 155 1.038570e-03 1.038570e-03 1 2 1 1 0.000000e+00 0.000000e+00
56 156 1.038570e-03 1.307482e-03 1 2 1 1 -1.805718e-14 0.000000e+00
56 157 1.038570e-03 1.646023e-03 1 2 1 1 -8.255229e-15 0.000000e+00
56 158 1.038570e-03 2.072220e-03 1 2 1 1 7.047451e-15 0.000000e+00
56 159 1.038570e-03 2.608770e-03 1 2 1 1 1.789498e-14 0.000000e+00
56 160 1.038570e-03 3.284247e-03 1 2 1 1 2.315876e-14 0.000000e+00
56 161 1.038570e-03 4.134622e-03 1 2 1 1 2.430487e-14 0.000000e+00
56 162 1.038570e-03 5.205181e-03 1 2 1 1 2.304829e-14 0.000000e+00
56 163 1.038570e-03 6.552935e-03 1 2 1 1 2.068986e-14 0.000000e+00
56 164 1.038570e-03 8.249656e-03 1 2 1 1 1.805233e-14 0.000000e+00
57 154 1.307482e-03 8.249656e-04 1 2 1 1 1.881629e-16 0.000000e+00
57 155 1.307482e-03 1.038570e-03 1 2 1 1 3.858417e-16 0.000000e+00
57 156 1.307482e-03 1.307482e-03 1 2 1 1 0.000000e+00 0.000000e+00
57 157 1.307482e-03 1.646023e-03 1 2 1 1 -1.754306e-14 0.000000e+00
57 158 1.307482e-03 2.072220e-03 1 2 1 1 -7.993354e-15 0.000000e+00
57 159 1.307482e-03 2.608770e-03 1 2 1 1 6.195255e-15 0.000000e+00
57 160 1.307482e-03 3.284247e-03 1 2 1 1 1.570412e-14 0.000000e+00
57 161 1.307482e-03 4.134622e-03 1 2 1 1 1.997438e-14 0.000000e+00
57 162 1.307482e-03 5.205181e-03 1 2 1 1 2.065537e-14 0.000000e+00
57 163 1.307482e-03 6.552935e-03 1 2 1 1 1.940267e-14 0.000000e+00
57 164 1.307482e-03 8.249656e-03 1 2 1 1 1.736734e-14 0.000000e+00
58 154 1.646023e-03 8.249656e-04 1 2 1 1 9.476696e-17 0.000000e+00
58 155 1.646023e-03 1.038570e-03 1 2 1 1 2.522042e-16 0.000000e+00
58 156 1.646023e-03 1.307482e-03 1 2 1 1 6.301209e-16 0.000000e+00
58 157 1.646023e-03 1.646023e-03 1 2 1 1 0.000000e+00 0.000000e+00
58 158 1.646023e-03 2.072220e-03 1 2 1 1 -1.667609e-14 0.000000e+00
58 159 1.646023e-03 2.608770e-03 1 2 1 1 -7.506151e-15 0.000000e+00
58 160 1.646023e-03 3.284247e-03 1 2 1 1 5.390606e-15 0.000000e+00
58 161 1.646023e-03 4.134622e-03 1 2 1 1 1.357324e-14 0.000000e+00
58 162 1.646023e-03 5.205181e-03 1 2 1 1 1.700586e-14 0.000000e+00
58 163 1.646023e-03 6.552935e-03 1 2 1 1 1.740744e-14 0.000000e+00
58 164 1.646023e-03 8.249656e-03 1 2 1 1 1.629616e-14 0.000000e+00
59 154 2.072220e-03 8.249656e-04 1 2 1 1 3.999658e-17 0.000000e+00
59 155 2.072220e-03 1.038570e-03 1 2 1 1 1.070928e-16 0.000000e+00
59 156 2.072220e-03 1.307482e-03 1 2 1 1 2.994138e-16 0.000000e+00
59 157 2.072220e-03 1.646023e-03 1 2 1 1 8.422074e-16 0.000000e+00
59 158 2.072220e-03 2.072220e-03 1 2 1 1 0.000000e+00 0.000000e+00
59 159 2.072220e-03 2.608770e-03 1 2 1 1 -1.550229e-14 0.000000e+00
59 160 2.072220e-03 3.284247e-03 1 2 1 1 -6.836595e-15 0.000000e+00
59 161 2.072220e-03 4.134622e-03 1 2 1 1 4.658209e-15 0.000000e+00
59 162 2.072220e-03 5.205181e-03 1 2 1 1 1.159401e-14 0.000000e+00
59 163 2.072220e-03 6.552935e-03 1 2 1 1 1.436048e-14 0.000000e+00
59 164 2.072220e-03 8.249656e-03 1 2 1 1 1.463544e-14 0.000000e+00
60 154 2.608770e-03 8.249656e-04 1 2 1 1 1.555167e-17 0.000000e+00
60 155 2.608770e-03 1.038570e-03 1 2 1 1 4.013494e-17 0.000000e+00
60 156 2.608770e-03 1.307482e-03 1 2 1 1 1.105142e-16 0.000000e+00
60 157 2.608770e-03 1.646023e-03 1 2 1 1 3.215593e-16 0.000000e+00
60 158 2.608770e-03 2.072220e-03 1 2 1 1 9.966749e-16 0.000000e+00
60 159 2.608770e-03 2.608770e-03 1 2 1 1 0.000000e+00 0.000000e+00
60 160 2.608770e-03 3.284247e-03 1 2 1 1 -1.409750e-14 0.000000e+00
60 161 2.608770e-03 4.134622e-03 1 2 1 1 -6.047372e-15 0.000000e+00
60 162 2.608770e-03 5.205181e-03 1 2 1 1 4.011563e-15 0.000000e+00
60 163 2.608770e-03 6.552935e-03 1 2 1 1 9.831386e-15 0.000000e+00
60 164 2.608770e-03 8.249656e-03 1 2 1 1 1.209780e-14 0.000000e+00
61 154 3.284247e-03 8.249656e-04 1 2 1 1 5.739043e-18 0.000000e+00
61 155 3.284247e-03 1.038570e-03 1 2 1 1 1.385267e-17 0.000000e+00
61 156 3.284247e-03 1.307482e-03 1 2 1 1 3.743732e-17 0.000000e+00
61 157 3.284247e-03 1.646023e-03 1 2 1 1 1.052361e-16 0.000000e+00
61 158 3.284247e-03 2.072220e-03 1 2 1 1 3.178574e-16 0.000000e+00
61 159 3.284247e-03 2.608770e-03 1 2 1 1 1.078295e-15 0.000000e+00
61 160 3.284247e-03 3.284247e-03 1 2 1 1 0.000000e+00 0.000000e+00
61 161 3.284247e-03 4.134622e-03 1 2 1 1 -1.255536e-14 0.000000e+00
61 162 3.284247e-03 5.205181e-03 1 2 1 1 -5.207624e-15 0.000000e+00
61 163 3.284247e-03 6.552935e-03 1 2 1 1 3.455513e-15 0.000000e+00
61 164 3.284247e-03 8.249656e-03 1 2 1 1 8.321145e-15 0.000000e+00
62 154 4.134622e-03 8.249656e-04 1 2 1 1 2.194882e-18 0.000000e+00
62 155 4.134622e-03 1.038570e-03 1 2 1 1 4.490387e-18 0.000000e+00
62 156 4.134622e-03 1.307482e-03 1 2 1 1 1.195487e-17 0.000000e+00
62 157 4.134622e-03 1.646023e-03 1 2 1 1 3.265497e-17 0.000000e+00
62 158 4.134622e-03 2.072220e-03 1 2 1 1 9.322337e-17 0.000000e+00
62 159 4.134622e-03 2.608770e-03 1 2 1 1 2.923005e-16 0.000000e+00
62 160 4.134622e-03 3.284247e-03 1 2 1 1 1.084142e-15 0.000000e+00
62 161 4.134622e-03 4.134622e-03 1 2 1 1 0.000000e+00 0.000000e+00
62 162 4.134622e-03 5.205181e-03 1 2 1 1 -1.097255e-14 0.000000e+00
62 163 4.134622e-03 6.552935e-03 1 2 1 1 -4.381868e-15 0.000000e+00
62 164 4.134622e-03 8.249656e-03 1 2 1 1 2.988840e-15 0.000000e+00
63 154 5.205181e-03 8.249656e-04 1 2 1 1 9.346364e-19 0.000000e+00
63 155 5.205181e-03 1.038570e-03 1 2 1 1 1.333060e-18 0.000000e+00
63 156 5.205181e-03 1.307482e-03 1 2 1 1 3.603731e-18 0.000000e+00
63 157 5.205181e-03 1.646023e-03 1 2 1 1 9.772194e-18 0.000000e+00
63 158 5.205181e-03 2.072220e-03 1 2 1 1 2.666738e-17 0.000000e+00
63 159 5.205181e-03 2.608770e-03 1 2 1 1 7.762095e-17 0.000000e+00
63 160 5.205181e-03 3.284247e-03 1 2 1 1 2.521722e-16 0.000000e+00
63 161 5.205181e-03 4.134622e-03 1 2 1 1 1.023519e-15 0.000000e+00
63 162 5.205181e-03 5.205181e-03 1 2 1 1 0.000000e+00 0.000000e+00
63 163 5.205181e-03 6.552935e-03 1 2 1 1 -9.436592e-15 0.000000e+00
63 164 5.205181e-03 8.249656e-03 1 2 1 1 -3.620318e-15 0.000000e+00
64 154 6.552935e-03 8.249656e-04 1 2 1 1 5.779462e-19 0.000000e+00
64 155 6.552935e-03 1.038570e-03 1 2 1 1 3.108650e-19 0.000000e+00
64 156 6.552935e-03 1.307482e-03 1 2 1 1 1.005917e-18 0.000000e+00
64 157 6.552935e-03 1.646023e-03 1 2 1 1 2.791311e-18 0.000000e+00
64 158 6.552935e-03 2.072220e-03 1 2 1 1 7.378231e-18 0.000000e+00
64 159 6.552935e-03 2.608770e-03 1 2 1 1 2.052451e-17 0.000000e+00
64 160 6.552935e-03 3.284247e-03 1 2 1 1 6.087860e-17 0.000000e+00
64 161 6.552935e-03 4.134622e-03 1 2 1 1 2.050636e-16 0.000000e+00
64 162 6.552935e-03 5.205181e-03 1 2 1 1 9.138730e-16 0.000000e+00
64 163 6.552935e-03 6.552935e-03 1 2 1 1 0.000000e+00 0.000000e+00
64 164 6.552935e-03 8.249656e-03 1 2 1 1 -8.016863e-15 0.000000e+00
65 154 8.249656e-03 8.249656e-04 1 2 1 1 4.398284e-19 0.000000e+00
65 155 8.249656e-03 1.038570e-03 1 2 1 1 2.118318e-20 0.000000e+00
65 156 8.249656e-03 1.307482e-03 1 2 1 1 2.589122e-19 0.000000e+00
65 157 8.249656e-03 1.646023e-03 1 2 1 1 7.963308e-19 0.000000e+00
65 158 8.249656e-03 2.072220e-03 1 2 1 1 2.029381e-18 0.000000e+00
65 159 8.249656e-03 2.608770e-03 1 2 1 1 5.393257e-18 0.000000e+00
65 160 8.249656e-03 3.284247e-03 1 2 1 1 1.503200e-17 0.000000e+00
65 161 8.249656e-03 4.134622e-03 1 2 1 1 4.528148e-17 0.000000e+00
65 162 8.249656e-03 5.205181e-03 1 2 1 1 1.579155e-16 0.000000e+00
65 163 8.249656e-03 6.552935e-03 1 2 1 1 7.756304e-16 0.000000e+00
65 164 8.249656e-03 8.249656e-03 1 2 1 1 0.000000e+00 0.000000e+00
