# Please cite the following papers in research using this covariance:
# arXiv: 1601.05779, https://arxiv.org/abs/1601.05779
# arXiv: 1911.11947, https://arxiv.org/abs/1911.11947
# arXiv: 2004.04833, https://arxiv.org/abs/2004.04833
# arXiv: 1804.10663, https://arxiv.org/abs/1804.10663
########################################################
165 187 8.249656e-04 8.249656e-04 1 2 2 2 0.000000e+00 0.000000e+00
165 188 8.249656e-04 1.038570e-03 1 2 2 2 1.265192e-14 0.000000e+00
165 189 8.249656e-04 1.307482e-03 1 2 2 2 4.775265e-15 0.000000e+00
165 190 8.249656e-04 1.646023e-03 1 2 2 2 1.702854e-15 0.000000e+00
165 191 8.249656e-04 2.072220e-03 1 2 2 2 5.858981e-16 0.000000e+00
165 192 8.249656e-04 2.608770e-03 1 2 2 2 1.961872e-16 0.000000e+00
165 193 8.249656e-04 3.284247e-03 1 2 2 2 6.437313e-17 0.000000e+00
165 194 8.249656e-04 4.134622e-03 1 2 2 2 2.089014e-17 0.000000e+00
165 195 8.249656e-04 5.205181e-03 1 2 2 2 6.748897e-18 0.000000e+00
165 196 8.249656e-04 6.552935e-03 1 2 2 2 2.229868e-18 0.000000e+00
165 197 8.249656e-04 8.249656e-03 1 2 2 2 7.422387e-19 0.000000e+00
166 187 1.038570e-03 8.249656e-04 1 2 2 2 1.265192e-14 0.000000e+00
166 188 1.038570e-03 1.038570e-03 1 2 2 2 0.000000e+00 0.000000e+00
166 189 1.038570e-03 1.307482e-03 1 2 2 2 1.224704e-14 0.000000e+00
166 190 1.038570e-03 1.646023e-03 1 2 2 2 4.417882e-15 0.000000e+00
166 191 1.038570e-03 2.072220e-03 1 2 2 2 1.513838e-15 0.000000e+00
166 192 1.038570e-03 2.608770e-03 1 2 2 2 5.034576e-16 0.000000e+00
166 193 1.038570e-03 3.284247e-03 1 2 2 2 1.641477e-16 0.000000e+00
166 194 1.038570e-03 4.134622e-03 1 2 2 2 5.297857e-17 0.000000e+00
166 195 1.038570e-03 5.205181e-03 1 2 2 2 1.713521e-17 0.000000e+00
166 196 1.038570e-03 6.552935e-03 1 2 2 2 5.594935e-18 0.000000e+00
166 197 1.038570e-03 8.249656e-03 1 2 2 2 1.889061e-18 0.000000e+00
167 187 1.307482e-03 8.249656e-04 1 2 2 2 4.775265e-15 0.000000e+00
167 188 1.307482e-03 1.038570e-03 1 2 2 2 1.224704e-14 0.000000e+00
167 189 1.307482e-03 1.307482e-03 1 2 2 2 0.000000e+00 0.000000e+00
167 190 1.307482e-03 1.646023e-03 1 2 2 2 1.159633e-14 0.000000e+00
167 191 1.307482e-03 2.072220e-03 1 2 2 2 3.980068e-15 0.000000e+00
167 192 1.307482e-03 2.608770e-03 1 2 2 2 1.309963e-15 0.000000e+00
167 193 1.307482e-03 3.284247e-03 1 2 2 2 4.227635e-16 0.000000e+00
167 194 1.307482e-03 4.134622e-03 1 2 2 2 1.352900e-16 0.000000e+00
167 195 1.307482e-03 5.205181e-03 1 2 2 2 4.346138e-17 0.000000e+00
167 196 1.307482e-03 6.552935e-03 1 2 2 2 1.417923e-17 0.000000e+00
167 197 1.307482e-03 8.249656e-03 1 2 2 2 4.803250e-18 0.000000e+00
168 187 1.646023e-03 8.249656e-04 1 2 2 2 1.702854e-15 0.000000e+00
168 188 1.646023e-03 1.038570e-03 1 2 2 2 4.417882e-15 0.000000e+00
168 189 1.646023e-03 1.307482e-03 1 2 2 2 1.159633e-14 0.000000e+00
168 190 1.646023e-03 1.646023e-03 1 2 2 2 0.000000e+00 0.000000e+00
168 191 1.646023e-03 2.072220e-03 1 2 2 2 1.072752e-14 0.000000e+00
168 192 1.646023e-03 2.608770e-03 1 2 2 2 3.491998e-15 0.000000e+00
168 193 1.646023e-03 3.284247e-03 1 2 2 2 1.107277e-15 0.000000e+00
168 194 1.646023e-03 4.134622e-03 1 2 2 2 3.493438e-16 0.000000e+00
168 195 1.646023e-03 5.205181e-03 1 2 2 2 1.110542e-16 0.000000e+00
168 196 1.646023e-03 6.552935e-03 1 2 2 2 3.594944e-17 0.000000e+00
168 197 1.646023e-03 8.249656e-03 1 2 2 2 1.206135e-17 0.000000e+00
169 187 2.072220e-03 8.249656e-04 1 2 2 2 5.858981e-16 0.000000e+00
169 188 2.072220e-03 1.038570e-03 1 2 2 2 1.513838e-15 0.000000e+00
169 189 2.072220e-03 1.307482e-03 1 2 2 2 3.980068e-15 0.000000e+00
169 190 2.072220e-03 1.646023e-03 1 2 2 2 1.072752e-14 0.000000e+00
169 191 2.072220e-03 2.072220e-03 1 2 2 2 0.000000e+00 0.000000e+00
169 192 2.072220e-03 2.608770e-03 1 2 2 2 9.693517e-15 0.000000e+00
169 193 2.072220e-03 3.284247e-03 1 2 2 2 2.990912e-15 0.000000e+00
169 194 2.072220e-03 4.134622e-03 1 2 2 2 9.196696e-16 0.000000e+00
169 195 2.072220e-03 5.205181e-03 1 2 2 2 2.869776e-16 0.000000e+00
169 196 2.072220e-03 6.552935e-03 1 2 2 2 9.182206e-17 0.000000e+00
169 197 2.072220e-03 8.249656e-03 1 2 2 2 3.059232e-17 0.000000e+00
170 187 2.608770e-03 8.249656e-04 1 2 2 2 1.961872e-16 0.000000e+00
170 188 2.608770e-03 1.038570e-03 1 2 2 2 5.034576e-16 0.000000e+00
170 189 2.608770e-03 1.307482e-03 1 2 2 2 1.309963e-15 0.000000e+00
170 190 2.608770e-03 1.646023e-03 1 2 2 2 3.491998e-15 0.000000e+00
170 191 2.608770e-03 2.072220e-03 1 2 2 2 9.693517e-15 0.000000e+00
170 192 2.608770e-03 2.608770e-03 1 2 2 2 0.000000e+00 0.000000e+00
170 193 2.608770e-03 3.284247e-03 1 2 2 2 8.564286e-15 0.000000e+00
170 194 2.608770e-03 4.134622e-03 1 2 2 2 2.512063e-15 0.000000e+00
170 195 2.608770e-03 5.205181e-03 1 2 2 2 7.573398e-16 0.000000e+00
170 196 2.608770e-03 6.552935e-03 1 2 2 2 2.371690e-16 0.000000e+00
170 197 2.608770e-03 8.249656e-03 1 2 2 2 7.786526e-17 0.000000e+00
171 187 3.284247e-03 8.249656e-04 1 2 2 2 6.437313e-17 0.000000e+00
171 188 3.284247e-03 1.038570e-03 1 2 2 2 1.641477e-16 0.000000e+00
171 189 3.284247e-03 1.307482e-03 1 2 2 2 4.227635e-16 0.000000e+00
171 190 3.284247e-03 1.646023e-03 1 2 2 2 1.107277e-15 0.000000e+00
171 191 3.284247e-03 2.072220e-03 1 2 2 2 2.990912e-15 0.000000e+00
171 192 3.284247e-03 2.608770e-03 1 2 2 2 8.564286e-15 0.000000e+00
171 193 3.284247e-03 3.284247e-03 1 2 2 2 0.000000e+00 0.000000e+00
171 194 3.284247e-03 4.134622e-03 1 2 2 2 7.416085e-15 0.000000e+00
171 195 3.284247e-03 5.205181e-03 1 2 2 2 2.083818e-15 0.000000e+00
171 196 3.284247e-03 6.552935e-03 1 2 2 2 6.255059e-16 0.000000e+00
171 197 3.284247e-03 8.249656e-03 1 2 2 2 2.003056e-16 0.000000e+00
172 187 4.134622e-03 8.249656e-04 1 2 2 2 2.089014e-17 0.000000e+00
172 188 4.134622e-03 1.038570e-03 1 2 2 2 5.297857e-17 0.000000e+00
172 189 4.134622e-03 1.307482e-03 1 2 2 2 1.352900e-16 0.000000e+00
172 190 4.134622e-03 1.646023e-03 1 2 2 2 3.493438e-16 0.000000e+00
172 191 4.134622e-03 2.072220e-03 1 2 2 2 9.196696e-16 0.000000e+00
172 192 4.134622e-03 2.608770e-03 1 2 2 2 2.512063e-15 0.000000e+00
172 193 4.134622e-03 3.284247e-03 1 2 2 2 7.416085e-15 0.000000e+00
172 194 4.134622e-03 4.134622e-03 1 2 2 2 0.000000e+00 0.000000e+00
172 195 4.134622e-03 5.205181e-03 1 2 2 2 6.319671e-15 0.000000e+00
172 196 4.134622e-03 6.552935e-03 1 2 2 2 1.724200e-15 0.000000e+00
172 197 4.134622e-03 8.249656e-03 1 2 2 2 5.256158e-16 0.000000e+00
173 187 5.205181e-03 8.249656e-04 1 2 2 2 6.748897e-18 0.000000e+00
173 188 5.205181e-03 1.038570e-03 1 2 2 2 1.713521e-17 0.000000e+00
173 189 5.205181e-03 1.307482e-03 1 2 2 2 4.346138e-17 0.000000e+00
173 190 5.205181e-03 1.646023e-03 1 2 2 2 1.110542e-16 0.000000e+00
173 191 5.205181e-03 2.072220e-03 1 2 2 2 2.869776e-16 0.000000e+00
173 192 5.205181e-03 2.608770e-03 1 2 2 2 7.573398e-16 0.000000e+00
173 193 5.205181e-03 3.284247e-03 1 2 2 2 2.083818e-15 0.000000e+00
173 194 5.205181e-03 4.134622e-03 1 2 2 2 6.319671e-15 0.000000e+00
173 195 5.205181e-03 5.205181e-03 1 2 2 2 0.000000e+00 0.000000e+00
173 196 5.205181e-03 6.552935e-03 1 2 2 2 5.331898e-15 0.000000e+00
173 197 5.205181e-03 8.249656e-03 1 2 2 2 1.440985e-15 0.000000e+00
174 187 6.552935e-03 8.249656e-04 1 2 2 2 2.229868e-18 0.000000e+00
174 188 6.552935e-03 1.038570e-03 1 2 2 2 5.594935e-18 0.000000e+00
174 189 6.552935e-03 1.307482e-03 1 2 2 2 1.417923e-17 0.000000e+00
174 190 6.552935e-03 1.646023e-03 1 2 2 2 3.594944e-17 0.000000e+00
174 191 6.552935e-03 2.072220e-03 1 2 2 2 9.182206e-17 0.000000e+00
174 192 6.552935e-03 2.608770e-03 1 2 2 2 2.371690e-16 0.000000e+00
174 193 6.552935e-03 3.284247e-03 1 2 2 2 6.255059e-16 0.000000e+00
174 194 6.552935e-03 4.134622e-03 1 2 2 2 1.724200e-15 0.000000e+00
174 195 6.552935e-03 5.205181e-03 1 2 2 2 5.331898e-15 0.000000e+00
174 196 6.552935e-03 6.552935e-03 1 2 2 2 0.000000e+00 0.000000e+00
174 197 6.552935e-03 8.249656e-03 1 2 2 2 4.490235e-15 0.000000e+00
175 187 8.249656e-03 8.249656e-04 1 2 2 2 7.422387e-19 0.000000e+00
175 188 8.249656e-03 1.038570e-03 1 2 2 2 1.889061e-18 0.000000e+00
175 189 8.249656e-03 1.307482e-03 1 2 2 2 4.803250e-18 0.000000e+00
175 190 8.249656e-03 1.646023e-03 1 2 2 2 1.206135e-17 0.000000e+00
175 191 8.249656e-03 2.072220e-03 1 2 2 2 3.059232e-17 0.000000e+00
175 192 8.249656e-03 2.608770e-03 1 2 2 2 7.786526e-17 0.000000e+00
175 193 8.249656e-03 3.284247e-03 1 2 2 2 2.003056e-16 0.000000e+00
175 194 8.249656e-03 4.134622e-03 1 2 2 2 5.256158e-16 0.000000e+00
175 195 8.249656e-03 5.205181e-03 1 2 2 2 1.440985e-15 0.000000e+00
175 196 8.249656e-03 6.552935e-03 1 2 2 2 4.490235e-15 0.000000e+00
175 197 8.249656e-03 8.249656e-03 1 2 2 2 0.000000e+00 0.000000e+00
