# Please cite the following papers in research using this covariance:
# arXiv: 1601.05779, https://arxiv.org/abs/1601.05779
# arXiv: 1911.11947, https://arxiv.org/abs/1911.11947
# arXiv: 2004.04833, https://arxiv.org/abs/2004.04833
# arXiv: 1804.10663, https://arxiv.org/abs/1804.10663
########################################################
132 132 8.249656e-04 8.249656e-04 0 2 0 2 1.651135e-11 0.000000e+00
132 133 8.249656e-04 1.038570e-03 0 2 0 2 1.260995e-14 0.000000e+00
132 134 8.249656e-04 1.307482e-03 0 2 0 2 4.558120e-15 0.000000e+00
132 135 8.249656e-04 1.646023e-03 0 2 0 2 1.561671e-15 0.000000e+00
132 136 8.249656e-04 2.072220e-03 0 2 0 2 5.187044e-16 0.000000e+00
132 137 8.249656e-04 2.608770e-03 0 2 0 2 1.686366e-16 0.000000e+00
132 138 8.249656e-04 3.284247e-03 0 2 0 2 5.401964e-17 0.000000e+00
132 139 8.249656e-04 4.134622e-03 0 2 0 2 1.722782e-17 0.000000e+00
132 140 8.249656e-04 5.205181e-03 0 2 0 2 5.470975e-18 0.000000e+00
132 141 8.249656e-04 6.552935e-03 0 2 0 2 1.791047e-18 0.000000e+00
132 142 8.249656e-04 8.249656e-03 0 2 0 2 5.825123e-19 0.000000e+00
133 132 1.038570e-03 8.249656e-04 0 2 0 2 1.260995e-14 0.000000e+00
133 133 1.038570e-03 1.038570e-03 0 2 0 2 1.047259e-11 0.000000e+00
133 134 1.038570e-03 1.307482e-03 0 2 0 2 1.194895e-14 0.000000e+00
133 135 1.038570e-03 1.646023e-03 0 2 0 2 4.105542e-15 0.000000e+00
133 136 1.038570e-03 2.072220e-03 0 2 0 2 1.350423e-15 0.000000e+00
133 137 1.038570e-03 2.608770e-03 0 2 0 2 4.345115e-16 0.000000e+00
133 138 1.038570e-03 3.284247e-03 0 2 0 2 1.380359e-16 0.000000e+00
133 139 1.038570e-03 4.134622e-03 0 2 0 2 4.371561e-17 0.000000e+00
133 140 1.038570e-03 5.205181e-03 0 2 0 2 1.391760e-17 0.000000e+00
133 141 1.038570e-03 6.552935e-03 0 2 0 2 4.487213e-18 0.000000e+00
133 142 1.038570e-03 8.249656e-03 0 2 0 2 1.487228e-18 0.000000e+00
134 132 1.307482e-03 8.249656e-04 0 2 0 2 4.558120e-15 0.000000e+00
134 133 1.307482e-03 1.038570e-03 0 2 0 2 1.194895e-14 0.000000e+00
134 134 1.307482e-03 1.307482e-03 0 2 0 2 6.637138e-12 0.000000e+00
134 135 1.307482e-03 1.646023e-03 0 2 0 2 1.105846e-14 0.000000e+00
134 136 1.307482e-03 2.072220e-03 0 2 0 2 3.600393e-15 0.000000e+00
134 137 1.307482e-03 2.608770e-03 0 2 0 2 1.138731e-15 0.000000e+00
134 138 1.307482e-03 3.284247e-03 0 2 0 2 3.568096e-16 0.000000e+00
134 139 1.307482e-03 4.134622e-03 0 2 0 2 1.117997e-16 0.000000e+00
134 140 1.307482e-03 5.205181e-03 0 2 0 2 3.533049e-17 0.000000e+00
134 141 1.307482e-03 6.552935e-03 0 2 0 2 1.138488e-17 0.000000e+00
134 142 1.307482e-03 8.249656e-03 0 2 0 2 3.792399e-18 0.000000e+00
135 132 1.646023e-03 8.249656e-04 0 2 0 2 1.561671e-15 0.000000e+00
135 133 1.646023e-03 1.038570e-03 0 2 0 2 4.105542e-15 0.000000e+00
135 134 1.646023e-03 1.307482e-03 0 2 0 2 1.105846e-14 0.000000e+00
135 135 1.646023e-03 1.646023e-03 0 2 0 2 4.209211e-12 0.000000e+00
135 136 1.646023e-03 2.072220e-03 0 2 0 2 9.991639e-15 0.000000e+00
135 137 1.646023e-03 2.608770e-03 0 2 0 2 3.078162e-15 0.000000e+00
135 138 1.646023e-03 3.284247e-03 0 2 0 2 9.406665e-16 0.000000e+00
135 139 1.646023e-03 4.134622e-03 0 2 0 2 2.895049e-16 0.000000e+00
135 140 1.646023e-03 5.205181e-03 0 2 0 2 9.042098e-17 0.000000e+00
135 141 1.646023e-03 6.552935e-03 0 2 0 2 2.887389e-17 0.000000e+00
135 142 1.646023e-03 8.249656e-03 0 2 0 2 9.517708e-18 0.000000e+00
136 132 2.072220e-03 8.249656e-04 0 2 0 2 5.187044e-16 0.000000e+00
136 133 2.072220e-03 1.038570e-03 0 2 0 2 1.350423e-15 0.000000e+00
136 134 2.072220e-03 1.307482e-03 0 2 0 2 3.600393e-15 0.000000e+00
136 135 2.072220e-03 1.646023e-03 0 2 0 2 9.991639e-15 0.000000e+00
136 136 2.072220e-03 2.072220e-03 0 2 0 2 2.668774e-12 0.000000e+00
136 137 2.072220e-03 2.608770e-03 0 2 0 2 8.819271e-15 0.000000e+00
136 138 2.072220e-03 3.284247e-03 0 2 0 2 2.574571e-15 0.000000e+00
136 139 2.072220e-03 4.134622e-03 0 2 0 2 7.662988e-16 0.000000e+00
136 140 2.072220e-03 5.205181e-03 0 2 0 2 2.342376e-16 0.000000e+00
136 141 2.072220e-03 6.552935e-03 0 2 0 2 7.382518e-17 0.000000e+00
136 142 2.072220e-03 8.249656e-03 0 2 0 2 2.417522e-17 0.000000e+00
137 132 2.608770e-03 8.249656e-04 0 2 0 2 1.686366e-16 0.000000e+00
137 133 2.608770e-03 1.038570e-03 0 2 0 2 4.345115e-16 0.000000e+00
137 134 2.608770e-03 1.307482e-03 0 2 0 2 1.138731e-15 0.000000e+00
137 135 2.608770e-03 1.646023e-03 0 2 0 2 3.078162e-15 0.000000e+00
137 136 2.608770e-03 2.072220e-03 0 2 0 2 8.819271e-15 0.000000e+00
137 137 2.608770e-03 2.608770e-03 0 2 0 2 1.691019e-12 0.000000e+00
137 138 2.608770e-03 3.284247e-03 0 2 0 2 7.618079e-15 0.000000e+00
137 139 2.608770e-03 4.134622e-03 0 2 0 2 2.117684e-15 0.000000e+00
137 140 2.608770e-03 5.205181e-03 0 2 0 2 6.209652e-16 0.000000e+00
137 141 2.608770e-03 6.552935e-03 0 2 0 2 1.910455e-16 0.000000e+00
137 142 2.608770e-03 8.249656e-03 0 2 0 2 6.161923e-17 0.000000e+00
138 132 3.284247e-03 8.249656e-04 0 2 0 2 5.401964e-17 0.000000e+00
138 133 3.284247e-03 1.038570e-03 0 2 0 2 1.380359e-16 0.000000e+00
138 134 3.284247e-03 1.307482e-03 0 2 0 2 3.568096e-16 0.000000e+00
138 135 3.284247e-03 1.646023e-03 0 2 0 2 9.406665e-16 0.000000e+00
138 136 3.284247e-03 2.072220e-03 0 2 0 2 2.574571e-15 0.000000e+00
138 137 3.284247e-03 2.608770e-03 0 2 0 2 7.618079e-15 0.000000e+00
138 138 3.284247e-03 3.284247e-03 0 2 0 2 1.070879e-12 0.000000e+00
138 139 3.284247e-03 4.134622e-03 0 2 0 2 6.458974e-15 0.000000e+00
138 140 3.284247e-03 5.205181e-03 0 2 0 2 1.725561e-15 0.000000e+00
138 141 3.284247e-03 6.552935e-03 0 2 0 2 5.057162e-16 0.000000e+00
138 142 3.284247e-03 8.249656e-03 0 2 0 2 1.588823e-16 0.000000e+00
139 132 4.134622e-03 8.249656e-04 0 2 0 2 1.722782e-17 0.000000e+00
139 133 4.134622e-03 1.038570e-03 0 2 0 2 4.371561e-17 0.000000e+00
139 134 4.134622e-03 1.307482e-03 0 2 0 2 1.117997e-16 0.000000e+00
139 135 4.134622e-03 1.646023e-03 0 2 0 2 2.895049e-16 0.000000e+00
139 136 4.134622e-03 2.072220e-03 0 2 0 2 7.662988e-16 0.000000e+00
139 137 4.134622e-03 2.608770e-03 0 2 0 2 2.117684e-15 0.000000e+00
139 138 4.134622e-03 3.284247e-03 0 2 0 2 6.458974e-15 0.000000e+00
139 139 4.134622e-03 4.134622e-03 0 2 0 2 6.786820e-13 0.000000e+00
139 140 4.134622e-03 5.205181e-03 0 2 0 2 5.398447e-15 0.000000e+00
139 141 4.134622e-03 6.552935e-03 0 2 0 2 1.405587e-15 0.000000e+00
139 142 4.134622e-03 8.249656e-03 0 2 0 2 4.185359e-16 0.000000e+00
140 132 5.205181e-03 8.249656e-04 0 2 0 2 5.470975e-18 0.000000e+00
140 133 5.205181e-03 1.038570e-03 0 2 0 2 1.391760e-17 0.000000e+00
140 134 5.205181e-03 1.307482e-03 0 2 0 2 3.533049e-17 0.000000e+00
140 135 5.205181e-03 1.646023e-03 0 2 0 2 9.042098e-17 0.000000e+00
140 136 5.205181e-03 2.072220e-03 0 2 0 2 2.342376e-16 0.000000e+00
140 137 5.205181e-03 2.608770e-03 0 2 0 2 6.209652e-16 0.000000e+00
140 138 5.205181e-03 3.284247e-03 0 2 0 2 1.725561e-15 0.000000e+00
140 139 5.205181e-03 4.134622e-03 0 2 0 2 5.398447e-15 0.000000e+00
140 140 5.205181e-03 5.205181e-03 0 2 0 2 4.300873e-13 0.000000e+00
140 141 5.205181e-03 6.552935e-03 0 2 0 2 4.473750e-15 0.000000e+00
140 142 5.205181e-03 8.249656e-03 0 2 0 2 1.156374e-15 0.000000e+00
141 132 6.552935e-03 8.249656e-04 0 2 0 2 1.791047e-18 0.000000e+00
141 133 6.552935e-03 1.038570e-03 0 2 0 2 4.487213e-18 0.000000e+00
141 134 6.552935e-03 1.307482e-03 0 2 0 2 1.138488e-17 0.000000e+00
141 135 6.552935e-03 1.646023e-03 0 2 0 2 2.887389e-17 0.000000e+00
141 136 6.552935e-03 2.072220e-03 0 2 0 2 7.382518e-17 0.000000e+00
141 137 6.552935e-03 2.608770e-03 0 2 0 2 1.910455e-16 0.000000e+00
141 138 6.552935e-03 3.284247e-03 0 2 0 2 5.057162e-16 0.000000e+00
141 139 6.552935e-03 4.134622e-03 0 2 0 2 1.405587e-15 0.000000e+00
141 140 6.552935e-03 5.205181e-03 0 2 0 2 4.473750e-15 0.000000e+00
141 141 6.552935e-03 6.552935e-03 0 2 0 2 2.724642e-13 0.000000e+00
141 142 6.552935e-03 8.249656e-03 0 2 0 2 3.701820e-15 0.000000e+00
142 132 8.249656e-03 8.249656e-04 0 2 0 2 5.825123e-19 0.000000e+00
142 133 8.249656e-03 1.038570e-03 0 2 0 2 1.487228e-18 0.000000e+00
142 134 8.249656e-03 1.307482e-03 0 2 0 2 3.792399e-18 0.000000e+00
142 135 8.249656e-03 1.646023e-03 0 2 0 2 9.517708e-18 0.000000e+00
142 136 8.249656e-03 2.072220e-03 0 2 0 2 2.417522e-17 0.000000e+00
142 137 8.249656e-03 2.608770e-03 0 2 0 2 6.161923e-17 0.000000e+00
142 138 8.249656e-03 3.284247e-03 0 2 0 2 1.588823e-16 0.000000e+00
142 139 8.249656e-03 4.134622e-03 0 2 0 2 4.185359e-16 0.000000e+00
142 140 8.249656e-03 5.205181e-03 0 2 0 2 1.156374e-15 0.000000e+00
142 141 8.249656e-03 6.552935e-03 0 2 0 2 3.701820e-15 0.000000e+00
142 142 8.249656e-03 8.249656e-03 0 2 0 2 1.727021e-13 0.000000e+00
