# Please cite the following papers in research using this covariance:
# arXiv: 1601.05779, https://arxiv.org/abs/1601.05779
# arXiv: 1911.11947, https://arxiv.org/abs/1911.11947
# arXiv: 2004.04833, https://arxiv.org/abs/2004.04833
# arXiv: 1804.10663, https://arxiv.org/abs/1804.10663
########################################################
99 154 8.249656e-04 8.249656e-04 3 3 1 1 0.000000e+00 0.000000e+00
99 155 8.249656e-04 1.038570e-03 3 3 1 1 -3.986421e-17 0.000000e+00
99 156 8.249656e-04 1.307482e-03 3 3 1 1 3.553128e-17 0.000000e+00
99 157 8.249656e-04 1.646023e-03 3 3 1 1 2.274947e-16 0.000000e+00
99 158 8.249656e-04 2.072220e-03 3 3 1 1 5.135803e-16 0.000000e+00
99 159 8.249656e-04 2.608770e-03 3 3 1 1 8.500492e-16 0.000000e+00
99 160 8.249656e-04 3.284247e-03 3 3 1 1 1.193501e-15 0.000000e+00
99 161 8.249656e-04 4.134622e-03 3 3 1 1 1.513125e-15 0.000000e+00
99 162 8.249656e-04 5.205181e-03 3 3 1 1 1.795654e-15 0.000000e+00
99 163 8.249656e-04 6.552935e-03 3 3 1 1 2.045507e-15 0.000000e+00
99 164 8.249656e-04 8.249656e-03 3 3 1 1 2.281687e-15 0.000000e+00
100 154 1.038570e-03 8.249656e-04 3 3 1 1 -2.013739e-17 0.000000e+00
100 155 1.038570e-03 1.038570e-03 3 3 1 1 0.000000e+00 0.000000e+00
100 156 1.038570e-03 1.307482e-03 3 3 1 1 -7.232196e-17 0.000000e+00
100 157 1.038570e-03 1.646023e-03 3 3 1 1 2.267062e-17 0.000000e+00
100 158 1.038570e-03 2.072220e-03 3 3 1 1 2.665612e-16 0.000000e+00
100 159 1.038570e-03 2.608770e-03 3 3 1 1 6.117537e-16 0.000000e+00
100 160 1.038570e-03 3.284247e-03 3 3 1 1 9.924750e-16 0.000000e+00
100 161 1.038570e-03 4.134622e-03 3 3 1 1 1.357931e-15 0.000000e+00
100 162 1.038570e-03 5.205181e-03 3 3 1 1 1.682788e-15 0.000000e+00
100 163 1.038570e-03 6.552935e-03 3 3 1 1 1.966450e-15 0.000000e+00
100 164 1.038570e-03 8.249656e-03 3 3 1 1 2.227314e-15 0.000000e+00
101 154 1.307482e-03 8.249656e-04 3 3 1 1 -1.002881e-17 0.000000e+00
101 155 1.307482e-03 1.038570e-03 3 3 1 1 -2.900358e-17 0.000000e+00
101 156 1.307482e-03 1.307482e-03 3 3 1 1 0.000000e+00 0.000000e+00
101 157 1.307482e-03 1.646023e-03 3 3 1 1 -1.167904e-16 0.000000e+00
101 158 1.307482e-03 2.072220e-03 3 3 1 1 6.303580e-19 0.000000e+00
101 159 1.307482e-03 2.608770e-03 3 3 1 1 3.029321e-16 0.000000e+00
101 160 1.307482e-03 3.284247e-03 3 3 1 1 7.073652e-16 0.000000e+00
101 161 1.307482e-03 4.134622e-03 3 3 1 1 1.127058e-15 0.000000e+00
101 162 1.307482e-03 5.205181e-03 3 3 1 1 1.510393e-15 0.000000e+00
101 163 1.307482e-03 6.552935e-03 3 3 1 1 1.843874e-15 0.000000e+00
101 164 1.307482e-03 8.249656e-03 3 3 1 1 2.142281e-15 0.000000e+00
102 154 1.646023e-03 8.249656e-04 3 3 1 1 -4.208226e-18 0.000000e+00
102 155 1.646023e-03 1.038570e-03 3 3 1 1 -1.293152e-17 0.000000e+00
102 156 1.646023e-03 1.307482e-03 3 3 1 1 -3.726977e-17 0.000000e+00
102 157 1.646023e-03 1.646023e-03 3 3 1 1 0.000000e+00 0.000000e+00
102 158 1.646023e-03 2.072220e-03 3 3 1 1 -1.726871e-16 0.000000e+00
102 159 1.646023e-03 2.608770e-03 3 3 1 1 -2.902321e-17 0.000000e+00
102 160 1.646023e-03 3.284247e-03 3 3 1 1 3.365008e-16 0.000000e+00
102 161 1.646023e-03 4.134622e-03 3 3 1 1 7.984974e-16 0.000000e+00
102 162 1.646023e-03 5.205181e-03 3 3 1 1 1.253358e-15 0.000000e+00
102 163 1.646023e-03 6.552935e-03 3 3 1 1 1.656422e-15 0.000000e+00
102 164 1.646023e-03 8.249656e-03 3 3 1 1 2.010376e-15 0.000000e+00
103 154 2.072220e-03 8.249656e-04 3 3 1 1 -1.372136e-18 0.000000e+00
103 155 2.072220e-03 1.038570e-03 3 3 1 1 -5.063126e-18 0.000000e+00
103 156 2.072220e-03 1.307482e-03 3 3 1 1 -1.425821e-17 0.000000e+00
103 157 2.072220e-03 1.646023e-03 3 3 1 1 -4.383178e-17 0.000000e+00
103 158 2.072220e-03 2.072220e-03 3 3 1 1 0.000000e+00 0.000000e+00
103 159 2.072220e-03 2.608770e-03 3 3 1 1 -2.368558e-16 0.000000e+00
103 160 2.072220e-03 3.284247e-03 3 3 1 1 -6.286498e-17 0.000000e+00
103 161 2.072220e-03 4.134622e-03 3 3 1 1 3.689767e-16 0.000000e+00
103 162 2.072220e-03 5.205181e-03 3 3 1 1 8.862495e-16 0.000000e+00
103 163 2.072220e-03 6.552935e-03 3 3 1 1 1.376387e-15 0.000000e+00
103 164 2.072220e-03 8.249656e-03 3 3 1 1 1.808496e-15 0.000000e+00
104 154 2.608770e-03 8.249656e-04 3 3 1 1 -1.721928e-19 0.000000e+00
104 155 2.608770e-03 1.038570e-03 3 3 1 1 -1.775202e-18 0.000000e+00
104 156 2.608770e-03 1.307482e-03 3 3 1 1 -4.761546e-18 0.000000e+00
104 157 2.608770e-03 1.646023e-03 3 3 1 1 -1.404537e-17 0.000000e+00
104 158 2.608770e-03 2.072220e-03 3 3 1 1 -4.735640e-17 0.000000e+00
104 159 2.608770e-03 2.608770e-03 3 3 1 1 0.000000e+00 0.000000e+00
104 160 2.608770e-03 3.284247e-03 3 3 1 1 -3.047253e-16 0.000000e+00
104 161 2.608770e-03 4.134622e-03 3 3 1 1 -9.591290e-17 0.000000e+00
104 162 2.608770e-03 5.205181e-03 3 3 1 1 4.035919e-16 0.000000e+00
104 163 2.608770e-03 6.552935e-03 3 3 1 1 9.751057e-16 0.000000e+00
104 164 2.608770e-03 8.249656e-03 3 3 1 1 1.506490e-15 0.000000e+00
105 154 3.284247e-03 8.249656e-04 3 3 1 1 2.673934e-19 0.000000e+00
105 155 3.284247e-03 1.038570e-03 3 3 1 1 -5.869754e-19 0.000000e+00
105 156 3.284247e-03 1.307482e-03 3 3 1 1 -1.405036e-18 0.000000e+00
105 157 3.284247e-03 1.646023e-03 3 3 1 1 -3.849602e-18 0.000000e+00
105 158 3.284247e-03 2.072220e-03 3 3 1 1 -1.245683e-17 0.000000e+00
105 159 3.284247e-03 2.608770e-03 3 3 1 1 -4.669590e-17 0.000000e+00
105 160 3.284247e-03 3.284247e-03 3 3 1 1 0.000000e+00 0.000000e+00
105 161 3.284247e-03 4.134622e-03 3 3 1 1 -3.710185e-16 0.000000e+00
105 162 3.284247e-03 5.205181e-03 3 3 1 1 -1.229002e-16 0.000000e+00
105 163 3.284247e-03 6.552935e-03 3 3 1 1 4.445277e-16 0.000000e+00
105 164 3.284247e-03 8.249656e-03 3 3 1 1 1.072647e-15 0.000000e+00
106 154 4.134622e-03 8.249656e-04 3 3 1 1 4.047882e-19 0.000000e+00
106 155 4.134622e-03 1.038570e-03 3 3 1 1 -2.200892e-19 0.000000e+00
106 156 4.134622e-03 1.307482e-03 3 3 1 1 -3.900474e-19 0.000000e+00
106 157 4.134622e-03 1.646023e-03 3 3 1 1 -8.691477e-19 0.000000e+00
106 158 4.134622e-03 2.072220e-03 3 3 1 1 -2.798801e-18 0.000000e+00
106 159 4.134622e-03 2.608770e-03 3 3 1 1 -9.715003e-18 0.000000e+00
106 160 4.134622e-03 3.284247e-03 3 3 1 1 -4.210176e-17 0.000000e+00
106 161 4.134622e-03 4.134622e-03 3 3 1 1 0.000000e+00 0.000000e+00
106 162 4.134622e-03 5.205181e-03 3 3 1 1 -4.311984e-16 0.000000e+00
106 163 4.134622e-03 6.552935e-03 3 3 1 1 -1.396953e-16 0.000000e+00
106 164 4.134622e-03 8.249656e-03 3 3 1 1 4.963058e-16 0.000000e+00
107 154 5.205181e-03 8.249656e-04 3 3 1 1 4.398945e-19 0.000000e+00
107 155 5.205181e-03 1.038570e-03 3 3 1 1 -1.267571e-19 0.000000e+00
107 156 5.205181e-03 1.307482e-03 3 3 1 1 -1.356401e-19 0.000000e+00
107 157 5.205181e-03 1.646023e-03 3 3 1 1 -1.404781e-19 0.000000e+00
107 158 5.205181e-03 2.072220e-03 3 3 1 1 -5.406182e-19 0.000000e+00
107 159 5.205181e-03 2.608770e-03 3 3 1 1 -1.737622e-18 0.000000e+00
107 160 5.205181e-03 3.284247e-03 3 3 1 1 -6.722107e-18 0.000000e+00
107 161 5.205181e-03 4.134622e-03 3 3 1 1 -3.497109e-17 0.000000e+00
107 162 5.205181e-03 5.205181e-03 3 3 1 1 0.000000e+00 0.000000e+00
107 163 5.205181e-03 6.552935e-03 3 3 1 1 -4.827718e-16 0.000000e+00
107 164 5.205181e-03 8.249656e-03 3 3 1 1 -1.443347e-16 0.000000e+00
108 154 6.552935e-03 8.249656e-04 3 3 1 1 4.463503e-19 0.000000e+00
108 155 6.552935e-03 1.038570e-03 3 3 1 1 -1.090231e-19 0.000000e+00
108 156 6.552935e-03 1.307482e-03 3 3 1 1 -8.754499e-20 0.000000e+00
108 157 6.552935e-03 1.646023e-03 3 3 1 1 -3.945091e-21 0.000000e+00
108 158 6.552935e-03 2.072220e-03 3 3 1 1 -1.256381e-19 0.000000e+00
108 159 6.552935e-03 2.608770e-03 3 3 1 1 -3.358331e-19 0.000000e+00
108 160 6.552935e-03 3.284247e-03 3 3 1 1 -1.096851e-18 0.000000e+00
108 161 6.552935e-03 4.134622e-03 3 3 1 1 -4.468779e-18 0.000000e+00
108 162 6.552935e-03 5.205181e-03 3 3 1 1 -2.759410e-17 0.000000e+00
108 163 6.552935e-03 6.552935e-03 3 3 1 1 0.000000e+00 0.000000e+00
108 164 6.552935e-03 8.249656e-03 3 3 1 1 -5.261569e-16 0.000000e+00
109 154 8.249656e-03 8.249656e-04 3 3 1 1 4.470234e-19 0.000000e+00
109 155 8.249656e-03 1.038570e-03 3 3 1 1 -1.062152e-19 0.000000e+00
109 156 8.249656e-03 1.307482e-03 3 3 1 1 -8.042881e-20 0.000000e+00
109 157 8.249656e-03 1.646023e-03 3 3 1 1 1.535798e-20 0.000000e+00
109 158 8.249656e-03 2.072220e-03 3 3 1 1 -6.889545e-20 0.000000e+00
109 159 8.249656e-03 2.608770e-03 3 3 1 1 -1.518950e-19 0.000000e+00
109 160 8.249656e-03 3.284247e-03 3 3 1 1 -3.990674e-19 0.000000e+00
109 161 8.249656e-03 4.134622e-03 3 3 1 1 -1.124538e-18 0.000000e+00
109 162 8.249656e-03 5.205181e-03 3 3 1 1 -3.804965e-18 0.000000e+00
109 163 8.249656e-03 6.552935e-03 3 3 1 1 -2.262661e-17 0.000000e+00
109 164 8.249656e-03 8.249656e-03 3 3 1 1 0.000000e+00 0.000000e+00
