# Please cite the following papers in research using this covariance:
# arXiv: 1601.05779, https://arxiv.org/abs/1601.05779
# arXiv: 1911.11947, https://arxiv.org/abs/1911.11947
# arXiv: 2004.04833, https://arxiv.org/abs/2004.04833
# arXiv: 1804.10663, https://arxiv.org/abs/1804.10663
########################################################
88 165 8.249656e-04 8.249656e-04 2 3 1 2 0.000000e+00 0.000000e+00
88 166 8.249656e-04 1.038570e-03 2 3 1 2 -1.008745e-14 0.000000e+00
88 167 8.249656e-04 1.307482e-03 2 3 1 2 -4.524067e-15 0.000000e+00
88 168 8.249656e-04 1.646023e-03 2 3 1 2 4.519675e-15 0.000000e+00
88 169 8.249656e-04 2.072220e-03 2 3 1 2 1.137495e-14 0.000000e+00
88 170 8.249656e-04 2.608770e-03 2 3 1 2 1.514177e-14 0.000000e+00
88 171 8.249656e-04 3.284247e-03 2 3 1 2 1.646177e-14 0.000000e+00
88 172 8.249656e-04 4.134622e-03 2 3 1 2 1.623271e-14 0.000000e+00
88 173 8.249656e-04 5.205181e-03 2 3 1 2 1.520156e-14 0.000000e+00
88 174 8.249656e-04 6.552935e-03 2 3 1 2 1.389064e-14 0.000000e+00
88 175 8.249656e-04 8.249656e-03 2 3 1 2 1.262942e-14 0.000000e+00
89 165 1.038570e-03 8.249656e-04 2 3 1 2 9.011547e-17 0.000000e+00
89 166 1.038570e-03 1.038570e-03 2 3 1 2 0.000000e+00 0.000000e+00
89 167 1.038570e-03 1.307482e-03 2 3 1 2 -9.988250e-15 0.000000e+00
89 168 1.038570e-03 1.646023e-03 2 3 1 2 -4.493138e-15 0.000000e+00
89 169 1.038570e-03 2.072220e-03 2 3 1 2 4.090998e-15 0.000000e+00
89 170 1.038570e-03 2.608770e-03 2 3 1 2 1.030507e-14 0.000000e+00
89 171 1.038570e-03 3.284247e-03 2 3 1 2 1.352946e-14 0.000000e+00
89 172 1.038570e-03 4.134622e-03 2 3 1 2 1.454008e-14 0.000000e+00
89 173 1.038570e-03 5.205181e-03 2 3 1 2 1.424937e-14 0.000000e+00
89 174 1.038570e-03 6.552935e-03 2 3 1 2 1.335985e-14 0.000000e+00
89 175 1.038570e-03 8.249656e-03 2 3 1 2 1.233192e-14 0.000000e+00
90 165 1.307482e-03 8.249656e-04 2 3 1 2 1.007329e-16 0.000000e+00
90 166 1.307482e-03 1.038570e-03 2 3 1 2 2.140125e-16 0.000000e+00
90 167 1.307482e-03 1.307482e-03 2 3 1 2 0.000000e+00 0.000000e+00
90 168 1.307482e-03 1.646023e-03 2 3 1 2 -9.705684e-15 0.000000e+00
90 169 1.307482e-03 2.072220e-03 2 3 1 2 -4.342814e-15 0.000000e+00
90 170 1.307482e-03 2.608770e-03 2 3 1 2 3.671252e-15 0.000000e+00
90 171 1.307482e-03 3.284247e-03 2 3 1 2 9.220825e-15 0.000000e+00
90 172 1.307482e-03 4.134622e-03 2 3 1 2 1.196872e-14 0.000000e+00
90 173 1.307482e-03 5.205181e-03 2 3 1 2 1.277725e-14 0.000000e+00
90 174 1.307482e-03 6.552935e-03 2 3 1 2 1.253123e-14 0.000000e+00
90 175 1.307482e-03 8.249656e-03 2 3 1 2 1.186493e-14 0.000000e+00
91 165 1.646023e-03 8.249656e-04 2 3 1 2 4.872520e-17 0.000000e+00
91 166 1.646023e-03 1.038570e-03 2 3 1 2 1.299881e-16 0.000000e+00
91 167 1.646023e-03 1.307482e-03 2 3 1 2 3.333328e-16 0.000000e+00
91 168 1.646023e-03 1.646023e-03 2 3 1 2 0.000000e+00 0.000000e+00
91 169 1.646023e-03 2.072220e-03 2 3 1 2 -9.249103e-15 0.000000e+00
91 170 1.646023e-03 2.608770e-03 2 3 1 2 -4.082867e-15 0.000000e+00
91 171 1.646023e-03 3.284247e-03 2 3 1 2 3.279737e-15 0.000000e+00
91 172 1.646023e-03 4.134622e-03 2 3 1 2 8.180506e-15 0.000000e+00
91 173 1.646023e-03 5.205181e-03 2 3 1 2 1.053853e-14 0.000000e+00
91 174 1.646023e-03 6.552935e-03 2 3 1 2 1.124983e-14 0.000000e+00
91 175 1.646023e-03 8.249656e-03 2 3 1 2 1.113600e-14 0.000000e+00
92 165 2.072220e-03 8.249656e-04 2 3 1 2 2.032503e-17 0.000000e+00
92 166 2.072220e-03 1.038570e-03 2 3 1 2 5.354799e-17 0.000000e+00
92 167 2.072220e-03 1.307482e-03 2 3 1 2 1.511920e-16 0.000000e+00
92 168 2.072220e-03 1.646023e-03 2 3 1 2 4.341700e-16 0.000000e+00
92 169 2.072220e-03 2.072220e-03 2 3 1 2 0.000000e+00 0.000000e+00
92 170 2.072220e-03 2.608770e-03 2 3 1 2 -8.643560e-15 0.000000e+00
92 171 2.072220e-03 3.284247e-03 2 3 1 2 -3.734612e-15 0.000000e+00
92 172 2.072220e-03 4.134622e-03 2 3 1 2 2.931543e-15 0.000000e+00
92 173 2.072220e-03 5.205181e-03 2 3 1 2 7.233952e-15 0.000000e+00
92 174 2.072220e-03 6.552935e-03 2 3 1 2 9.300342e-15 0.000000e+00
92 175 2.072220e-03 8.249656e-03 2 3 1 2 1.000925e-14 0.000000e+00
93 165 2.608770e-03 8.249656e-04 2 3 1 2 8.069991e-18 0.000000e+00
93 166 2.608770e-03 1.038570e-03 2 3 1 2 1.977303e-17 0.000000e+00
93 167 2.608770e-03 1.307482e-03 2 3 1 2 5.477370e-17 0.000000e+00
93 168 2.608770e-03 1.646023e-03 2 3 1 2 1.604725e-16 0.000000e+00
93 169 2.608770e-03 2.072220e-03 2 3 1 2 5.054735e-16 0.000000e+00
93 170 2.608770e-03 2.608770e-03 2 3 1 2 0.000000e+00 0.000000e+00
93 171 2.608770e-03 3.284247e-03 2 3 1 2 -7.927424e-15 0.000000e+00
93 172 2.608770e-03 4.134622e-03 2 3 1 2 -3.327156e-15 0.000000e+00
93 173 2.608770e-03 5.205181e-03 2 3 1 2 2.637371e-15 0.000000e+00
93 174 2.608770e-03 6.552935e-03 2 3 1 2 6.419997e-15 0.000000e+00
93 175 2.608770e-03 8.249656e-03 2 3 1 2 8.295700e-15 0.000000e+00
94 165 3.284247e-03 8.249656e-04 2 3 1 2 3.222845e-18 0.000000e+00
94 166 3.284247e-03 1.038570e-03 2 3 1 2 6.751633e-18 0.000000e+00
94 167 3.284247e-03 1.307482e-03 2 3 1 2 1.844731e-17 0.000000e+00
94 168 3.284247e-03 1.646023e-03 2 3 1 2 5.210178e-17 0.000000e+00
94 169 3.284247e-03 2.072220e-03 2 3 1 2 1.576617e-16 0.000000e+00
94 170 3.284247e-03 2.608770e-03 2 3 1 2 5.414512e-16 0.000000e+00
94 171 3.284247e-03 3.284247e-03 2 3 1 2 0.000000e+00 0.000000e+00
94 172 3.284247e-03 4.134622e-03 2 3 1 2 -7.146721e-15 0.000000e+00
94 173 3.284247e-03 5.205181e-03 2 3 1 2 -2.891953e-15 0.000000e+00
94 174 3.284247e-03 6.552935e-03 2 3 1 2 2.404241e-15 0.000000e+00
94 175 3.284247e-03 8.249656e-03 2 3 1 2 5.765004e-15 0.000000e+00
95 165 4.134622e-03 8.249656e-04 2 3 1 2 1.474926e-18 0.000000e+00
95 166 4.134622e-03 1.038570e-03 2 3 1 2 2.133153e-18 0.000000e+00
95 167 4.134622e-03 1.307482e-03 2 3 1 2 5.866445e-18 0.000000e+00
95 168 4.134622e-03 1.646023e-03 2 3 1 2 1.621949e-17 0.000000e+00
95 169 4.134622e-03 2.072220e-03 2 3 1 2 4.615039e-17 0.000000e+00
95 170 4.134622e-03 2.608770e-03 2 3 1 2 1.447598e-16 0.000000e+00
95 171 4.134622e-03 3.284247e-03 2 3 1 2 5.411630e-16 0.000000e+00
95 172 4.134622e-03 4.134622e-03 2 3 1 2 0.000000e+00 0.000000e+00
95 173 4.134622e-03 5.205181e-03 2 3 1 2 -6.348979e-15 0.000000e+00
95 174 4.134622e-03 6.552935e-03 2 3 1 2 -2.458759e-15 0.000000e+00
95 175 4.134622e-03 8.249656e-03 2 3 1 2 2.236132e-15 0.000000e+00
96 165 5.205181e-03 8.249656e-04 2 3 1 2 8.451527e-19 0.000000e+00
96 166 5.205181e-03 1.038570e-03 2 3 1 2 5.640273e-19 0.000000e+00
96 167 5.205181e-03 1.307482e-03 2 3 1 2 1.720604e-18 0.000000e+00
96 168 5.205181e-03 1.646023e-03 2 3 1 2 4.872172e-18 0.000000e+00
96 169 5.205181e-03 2.072220e-03 2 3 1 2 1.317858e-17 0.000000e+00
96 170 5.205181e-03 2.608770e-03 2 3 1 2 3.838346e-17 0.000000e+00
96 171 5.205181e-03 3.284247e-03 2 3 1 2 1.246623e-16 0.000000e+00
96 172 5.205181e-03 4.134622e-03 2 3 1 2 5.085873e-16 0.000000e+00
96 173 5.205181e-03 5.205181e-03 2 3 1 2 0.000000e+00 0.000000e+00
96 174 5.205181e-03 6.552935e-03 2 3 1 2 -5.578419e-15 0.000000e+00
96 175 5.205181e-03 8.249656e-03 2 3 1 2 -2.051925e-15 0.000000e+00
97 165 6.552935e-03 8.249656e-04 2 3 1 2 6.680620e-19 0.000000e+00
97 166 6.552935e-03 1.038570e-03 2 3 1 2 5.151585e-20 0.000000e+00
97 167 6.552935e-03 1.307482e-03 2 3 1 2 4.216247e-19 0.000000e+00
97 168 6.552935e-03 1.646023e-03 2 3 1 2 1.380555e-18 0.000000e+00
97 169 6.552935e-03 2.072220e-03 2 3 1 2 3.547389e-18 0.000000e+00
97 170 6.552935e-03 2.608770e-03 2 3 1 2 9.936581e-18 0.000000e+00
97 171 6.552935e-03 3.284247e-03 2 3 1 2 2.960899e-17 0.000000e+00
97 172 6.552935e-03 4.134622e-03 2 3 1 2 1.002613e-16 0.000000e+00
97 173 6.552935e-03 5.205181e-03 2 3 1 2 4.507254e-16 0.000000e+00
97 174 6.552935e-03 6.552935e-03 2 3 1 2 0.000000e+00 0.000000e+00
97 175 6.552935e-03 8.249656e-03 2 3 1 2 -4.872358e-15 0.000000e+00
98 165 8.249656e-03 8.249656e-04 2 3 1 2 5.976368e-19 0.000000e+00
98 166 8.249656e-03 1.038570e-03 2 3 1 2 -9.226886e-20 0.000000e+00
98 167 8.249656e-03 1.307482e-03 2 3 1 2 5.002963e-20 0.000000e+00
98 168 8.249656e-03 1.646023e-03 2 3 1 2 3.866578e-19 0.000000e+00
98 169 8.249656e-03 2.072220e-03 2 3 1 2 8.820274e-19 0.000000e+00
98 170 8.249656e-03 2.608770e-03 2 3 1 2 2.390532e-18 0.000000e+00
98 171 8.249656e-03 3.284247e-03 2 3 1 2 6.752297e-18 0.000000e+00
98 172 8.249656e-03 4.134622e-03 2 3 1 2 2.074720e-17 0.000000e+00
98 173 8.249656e-03 5.205181e-03 2 3 1 2 7.424058e-17 0.000000e+00
98 174 8.249656e-03 6.552935e-03 2 3 1 2 3.755598e-16 0.000000e+00
98 175 8.249656e-03 8.249656e-03 2 3 1 2 0.000000e+00 0.000000e+00
