# Please cite the following papers in research using this covariance:
# arXiv: 1601.05779, https://arxiv.org/abs/1601.05779
# arXiv: 1911.11947, https://arxiv.org/abs/1911.11947
# arXiv: 2004.04833, https://arxiv.org/abs/2004.04833
# arXiv: 1804.10663, https://arxiv.org/abs/1804.10663
########################################################
121 187 8.249656e-04 8.249656e-04 0 1 2 2 0.000000e+00 0.000000e+00
121 188 8.249656e-04 1.038570e-03 0 1 2 2 3.322178e-17 0.000000e+00
121 189 8.249656e-04 1.307482e-03 0 1 2 2 2.447260e-17 0.000000e+00
121 190 8.249656e-04 1.646023e-03 0 1 2 2 1.522184e-17 0.000000e+00
121 191 8.249656e-04 2.072220e-03 0 1 2 2 8.473109e-18 0.000000e+00
121 192 8.249656e-04 2.608770e-03 0 1 2 2 4.334540e-18 0.000000e+00
121 193 8.249656e-04 3.284247e-03 0 1 2 2 2.070359e-18 0.000000e+00
121 194 8.249656e-04 4.134622e-03 0 1 2 2 9.352616e-19 0.000000e+00
121 195 8.249656e-04 5.205181e-03 0 1 2 2 4.052288e-19 0.000000e+00
121 196 8.249656e-04 6.552935e-03 0 1 2 2 1.709301e-19 0.000000e+00
121 197 8.249656e-04 8.249656e-03 0 1 2 2 7.158444e-20 0.000000e+00
122 187 1.038570e-03 8.249656e-04 0 1 2 2 3.322178e-17 0.000000e+00
122 188 1.038570e-03 1.038570e-03 0 1 2 2 0.000000e+00 0.000000e+00
122 189 1.038570e-03 1.307482e-03 0 1 2 2 4.903564e-17 0.000000e+00
122 190 1.038570e-03 1.646023e-03 0 1 2 2 3.434537e-17 0.000000e+00
122 191 1.038570e-03 2.072220e-03 0 1 2 2 2.019112e-17 0.000000e+00
122 192 1.038570e-03 2.608770e-03 0 1 2 2 1.061152e-17 0.000000e+00
122 193 1.038570e-03 3.284247e-03 0 1 2 2 5.137896e-18 0.000000e+00
122 194 1.038570e-03 4.134622e-03 0 1 2 2 2.336655e-18 0.000000e+00
122 195 1.038570e-03 5.205181e-03 0 1 2 2 1.015562e-18 0.000000e+00
122 196 1.038570e-03 6.552935e-03 0 1 2 2 4.289550e-19 0.000000e+00
122 197 1.038570e-03 8.249656e-03 0 1 2 2 1.797217e-19 0.000000e+00
123 187 1.307482e-03 8.249656e-04 0 1 2 2 2.447260e-17 0.000000e+00
123 188 1.307482e-03 1.038570e-03 0 1 2 2 4.903564e-17 0.000000e+00
123 189 1.307482e-03 1.307482e-03 0 1 2 2 0.000000e+00 0.000000e+00
123 190 1.307482e-03 1.646023e-03 0 1 2 2 6.945224e-17 0.000000e+00
123 191 1.307482e-03 2.072220e-03 0 1 2 2 4.599884e-17 0.000000e+00
123 192 1.307482e-03 2.608770e-03 0 1 2 2 2.547399e-17 0.000000e+00
123 193 1.307482e-03 3.284247e-03 0 1 2 2 1.264142e-17 0.000000e+00
123 194 1.307482e-03 4.134622e-03 0 1 2 2 5.816651e-18 0.000000e+00
123 195 1.307482e-03 5.205181e-03 0 1 2 2 2.541330e-18 0.000000e+00
123 196 1.307482e-03 6.552935e-03 0 1 2 2 1.075874e-18 0.000000e+00
123 197 1.307482e-03 8.249656e-03 0 1 2 2 4.511058e-19 0.000000e+00
124 187 1.646023e-03 8.249656e-04 0 1 2 2 1.522184e-17 0.000000e+00
124 188 1.646023e-03 1.038570e-03 0 1 2 2 3.434537e-17 0.000000e+00
124 189 1.646023e-03 1.307482e-03 0 1 2 2 6.945224e-17 0.000000e+00
124 190 1.646023e-03 1.646023e-03 0 1 2 2 0.000000e+00 0.000000e+00
124 191 1.646023e-03 2.072220e-03 0 1 2 2 9.418043e-17 0.000000e+00
124 192 1.646023e-03 2.608770e-03 0 1 2 2 5.871262e-17 0.000000e+00
124 193 1.646023e-03 3.284247e-03 0 1 2 2 3.059578e-17 0.000000e+00
124 194 1.646023e-03 4.134622e-03 0 1 2 2 1.438398e-17 0.000000e+00
124 195 1.646023e-03 5.205181e-03 0 1 2 2 6.343079e-18 0.000000e+00
124 196 1.646023e-03 6.552935e-03 0 1 2 2 2.695665e-18 0.000000e+00
124 197 1.646023e-03 8.249656e-03 0 1 2 2 1.131514e-18 0.000000e+00
125 187 2.072220e-03 8.249656e-04 0 1 2 2 8.473109e-18 0.000000e+00
125 188 2.072220e-03 1.038570e-03 0 1 2 2 2.019112e-17 0.000000e+00
125 189 2.072220e-03 1.307482e-03 0 1 2 2 4.599884e-17 0.000000e+00
125 190 2.072220e-03 1.646023e-03 0 1 2 2 9.418043e-17 0.000000e+00
125 191 2.072220e-03 2.072220e-03 0 1 2 2 0.000000e+00 0.000000e+00
125 192 2.072220e-03 2.608770e-03 0 1 2 2 1.221522e-16 0.000000e+00
125 193 2.072220e-03 3.284247e-03 0 1 2 2 7.146089e-17 0.000000e+00
125 194 2.072220e-03 4.134622e-03 0 1 2 2 3.510818e-17 0.000000e+00
125 195 2.072220e-03 5.205181e-03 0 1 2 2 1.575663e-17 0.000000e+00
125 196 2.072220e-03 6.552935e-03 0 1 2 2 6.742173e-18 0.000000e+00
125 197 2.072220e-03 8.249656e-03 0 1 2 2 2.836138e-18 0.000000e+00
126 187 2.608770e-03 8.249656e-04 0 1 2 2 4.334540e-18 0.000000e+00
126 188 2.608770e-03 1.038570e-03 0 1 2 2 1.061152e-17 0.000000e+00
126 189 2.608770e-03 1.307482e-03 0 1 2 2 2.547399e-17 0.000000e+00
126 190 2.608770e-03 1.646023e-03 0 1 2 2 5.871262e-17 0.000000e+00
126 191 2.608770e-03 2.072220e-03 0 1 2 2 1.221522e-16 0.000000e+00
126 192 2.608770e-03 2.608770e-03 0 1 2 2 0.000000e+00 0.000000e+00
126 193 2.608770e-03 3.284247e-03 0 1 2 2 1.516167e-16 0.000000e+00
126 194 2.608770e-03 4.134622e-03 0 1 2 2 8.317995e-17 0.000000e+00
126 195 2.608770e-03 5.205181e-03 0 1 2 2 3.876014e-17 0.000000e+00
126 196 2.608770e-03 6.552935e-03 0 1 2 2 1.680665e-17 0.000000e+00
126 197 2.608770e-03 8.249656e-03 0 1 2 2 7.098739e-18 0.000000e+00
127 187 3.284247e-03 8.249656e-04 0 1 2 2 2.070359e-18 0.000000e+00
127 188 3.284247e-03 1.038570e-03 0 1 2 2 5.137896e-18 0.000000e+00
127 189 3.284247e-03 1.307482e-03 0 1 2 2 1.264142e-17 0.000000e+00
127 190 3.284247e-03 1.646023e-03 0 1 2 2 3.059578e-17 0.000000e+00
127 191 3.284247e-03 2.072220e-03 0 1 2 2 7.146089e-17 0.000000e+00
127 192 3.284247e-03 2.608770e-03 0 1 2 2 1.516167e-16 0.000000e+00
127 193 3.284247e-03 3.284247e-03 0 1 2 2 0.000000e+00 0.000000e+00
127 194 3.284247e-03 4.134622e-03 0 1 2 2 1.805256e-16 0.000000e+00
127 195 3.284247e-03 5.205181e-03 0 1 2 2 9.312752e-17 0.000000e+00
127 196 3.284247e-03 6.552935e-03 0 1 2 2 4.160352e-17 0.000000e+00
127 197 3.284247e-03 8.249656e-03 0 1 2 2 1.772377e-17 0.000000e+00
128 187 4.134622e-03 8.249656e-04 0 1 2 2 9.352616e-19 0.000000e+00
128 188 4.134622e-03 1.038570e-03 0 1 2 2 2.336655e-18 0.000000e+00
128 189 4.134622e-03 1.307482e-03 0 1 2 2 5.816651e-18 0.000000e+00
128 190 4.134622e-03 1.646023e-03 0 1 2 2 1.438398e-17 0.000000e+00
128 191 4.134622e-03 2.072220e-03 0 1 2 2 3.510818e-17 0.000000e+00
128 192 4.134622e-03 2.608770e-03 0 1 2 2 8.317995e-17 0.000000e+00
128 193 4.134622e-03 3.284247e-03 0 1 2 2 1.805256e-16 0.000000e+00
128 194 4.134622e-03 4.134622e-03 0 1 2 2 0.000000e+00 0.000000e+00
128 195 4.134622e-03 5.205181e-03 0 1 2 2 2.071120e-16 0.000000e+00
128 196 4.134622e-03 6.552935e-03 0 1 2 2 1.011806e-16 0.000000e+00
128 197 4.134622e-03 8.249656e-03 0 1 2 2 4.402842e-17 0.000000e+00
129 187 5.205181e-03 8.249656e-04 0 1 2 2 4.052288e-19 0.000000e+00
129 188 5.205181e-03 1.038570e-03 0 1 2 2 1.015562e-18 0.000000e+00
129 189 5.205181e-03 1.307482e-03 0 1 2 2 2.541330e-18 0.000000e+00
129 190 5.205181e-03 1.646023e-03 0 1 2 2 6.343079e-18 0.000000e+00
129 191 5.205181e-03 2.072220e-03 0 1 2 2 1.575663e-17 0.000000e+00
129 192 5.205181e-03 2.608770e-03 0 1 2 2 3.876014e-17 0.000000e+00
129 193 5.205181e-03 3.284247e-03 0 1 2 2 9.312752e-17 0.000000e+00
129 194 5.205181e-03 4.134622e-03 0 1 2 2 2.071120e-16 0.000000e+00
129 195 5.205181e-03 5.205181e-03 0 1 2 2 0.000000e+00 0.000000e+00
129 196 5.205181e-03 6.552935e-03 0 1 2 2 2.305027e-16 0.000000e+00
129 197 5.205181e-03 8.249656e-03 0 1 2 2 1.079708e-16 0.000000e+00
130 187 6.552935e-03 8.249656e-04 0 1 2 2 1.709301e-19 0.000000e+00
130 188 6.552935e-03 1.038570e-03 0 1 2 2 4.289550e-19 0.000000e+00
130 189 6.552935e-03 1.307482e-03 0 1 2 2 1.075874e-18 0.000000e+00
130 190 6.552935e-03 1.646023e-03 0 1 2 2 2.695665e-18 0.000000e+00
130 191 6.552935e-03 2.072220e-03 0 1 2 2 6.742173e-18 0.000000e+00
130 192 6.552935e-03 2.608770e-03 0 1 2 2 1.680665e-17 0.000000e+00
130 193 6.552935e-03 3.284247e-03 0 1 2 2 4.160352e-17 0.000000e+00
130 194 6.552935e-03 4.134622e-03 0 1 2 2 1.011806e-16 0.000000e+00
130 195 6.552935e-03 5.205181e-03 0 1 2 2 2.305027e-16 0.000000e+00
130 196 6.552935e-03 6.552935e-03 0 1 2 2 0.000000e+00 0.000000e+00
130 197 6.552935e-03 8.249656e-03 0 1 2 2 2.511187e-16 0.000000e+00
131 187 8.249656e-03 8.249656e-04 0 1 2 2 7.158444e-20 0.000000e+00
131 188 8.249656e-03 1.038570e-03 0 1 2 2 1.797217e-19 0.000000e+00
131 189 8.249656e-03 1.307482e-03 0 1 2 2 4.511058e-19 0.000000e+00
131 190 8.249656e-03 1.646023e-03 0 1 2 2 1.131514e-18 0.000000e+00
131 191 8.249656e-03 2.072220e-03 0 1 2 2 2.836138e-18 0.000000e+00
131 192 8.249656e-03 2.608770e-03 0 1 2 2 7.098739e-18 0.000000e+00
131 193 8.249656e-03 3.284247e-03 0 1 2 2 1.772377e-17 0.000000e+00
131 194 8.249656e-03 4.134622e-03 0 1 2 2 4.402842e-17 0.000000e+00
131 195 8.249656e-03 5.205181e-03 0 1 2 2 1.079708e-16 0.000000e+00
131 196 8.249656e-03 6.552935e-03 0 1 2 2 2.511187e-16 0.000000e+00
131 197 8.249656e-03 8.249656e-03 0 1 2 2 0.000000e+00 0.000000e+00
