# Please cite the following papers in research using this covariance:
# arXiv: 1601.05779, https://arxiv.org/abs/1601.05779
# arXiv: 1911.11947, https://arxiv.org/abs/1911.11947
# arXiv: 2004.04833, https://arxiv.org/abs/2004.04833
# arXiv: 1804.10663, https://arxiv.org/abs/1804.10663
########################################################
165 165 8.249656e-04 8.249656e-04 1 2 1 2 1.873074e-11 0.000000e+00
165 166 8.249656e-04 1.038570e-03 1 2 1 2 1.656453e-14 0.000000e+00
165 167 8.249656e-04 1.307482e-03 1 2 1 2 6.043467e-15 0.000000e+00
165 168 8.249656e-04 1.646023e-03 1 2 1 2 2.088136e-15 0.000000e+00
165 169 8.249656e-04 2.072220e-03 1 2 1 2 6.986523e-16 0.000000e+00
165 170 8.249656e-04 2.608770e-03 1 2 1 2 2.284716e-16 0.000000e+00
165 171 8.249656e-04 3.284247e-03 1 2 1 2 7.352456e-17 0.000000e+00
165 172 8.249656e-04 4.134622e-03 1 2 1 2 2.352498e-17 0.000000e+00
165 173 8.249656e-04 5.205181e-03 1 2 1 2 7.502142e-18 0.000000e+00
165 174 8.249656e-04 6.552935e-03 1 2 1 2 2.463511e-18 0.000000e+00
165 175 8.249656e-04 8.249656e-03 1 2 1 2 8.085364e-19 0.000000e+00
166 165 1.038570e-03 8.249656e-04 1 2 1 2 1.656453e-14 0.000000e+00
166 166 1.038570e-03 1.038570e-03 1 2 1 2 1.188027e-11 0.000000e+00
166 167 1.038570e-03 1.307482e-03 1 2 1 2 1.576722e-14 0.000000e+00
166 168 1.038570e-03 1.646023e-03 1 2 1 2 5.474071e-15 0.000000e+00
166 169 1.038570e-03 2.072220e-03 1 2 1 2 1.816016e-15 0.000000e+00
166 170 1.038570e-03 2.608770e-03 1 2 1 2 5.882068e-16 0.000000e+00
166 171 1.038570e-03 3.284247e-03 1 2 1 2 1.878003e-16 0.000000e+00
166 172 1.038570e-03 4.134622e-03 1 2 1 2 5.969170e-17 0.000000e+00
166 173 1.038570e-03 5.205181e-03 1 2 1 2 1.907549e-17 0.000000e+00
166 174 1.038570e-03 6.552935e-03 1 2 1 2 6.174030e-18 0.000000e+00
166 175 1.038570e-03 8.249656e-03 1 2 1 2 2.062360e-18 0.000000e+00
167 165 1.307482e-03 8.249656e-04 1 2 1 2 6.043467e-15 0.000000e+00
167 166 1.307482e-03 1.038570e-03 1 2 1 2 1.576722e-14 0.000000e+00
167 167 1.307482e-03 1.307482e-03 1 2 1 2 7.529275e-12 0.000000e+00
167 168 1.307482e-03 1.646023e-03 1 2 1 2 1.466235e-14 0.000000e+00
167 169 1.307482e-03 2.072220e-03 1 2 1 2 4.827416e-15 0.000000e+00
167 170 1.307482e-03 2.608770e-03 1 2 1 2 1.539281e-15 0.000000e+00
167 171 1.307482e-03 3.284247e-03 1 2 1 2 4.851044e-16 0.000000e+00
167 172 1.307482e-03 4.134622e-03 1 2 1 2 1.526198e-16 0.000000e+00
167 173 1.307482e-03 5.205181e-03 1 2 1 2 4.841308e-17 0.000000e+00
167 174 1.307482e-03 6.552935e-03 1 2 1 2 1.566018e-17 0.000000e+00
167 175 1.307482e-03 8.249656e-03 1 2 1 2 5.254387e-18 0.000000e+00
168 165 1.646023e-03 8.249656e-04 1 2 1 2 2.088136e-15 0.000000e+00
168 166 1.646023e-03 1.038570e-03 1 2 1 2 5.474071e-15 0.000000e+00
168 167 1.646023e-03 1.307482e-03 1 2 1 2 1.466235e-14 0.000000e+00
168 168 1.646023e-03 1.646023e-03 1 2 1 2 4.774997e-12 0.000000e+00
168 169 1.646023e-03 2.072220e-03 1 2 1 2 1.331294e-14 0.000000e+00
168 170 1.646023e-03 2.608770e-03 1 2 1 2 4.148955e-15 0.000000e+00
168 171 1.646023e-03 3.284247e-03 1 2 1 2 1.277263e-15 0.000000e+00
168 172 1.646023e-03 4.134622e-03 1 2 1 2 3.949992e-16 0.000000e+00
168 173 1.646023e-03 5.205181e-03 1 2 1 2 1.238557e-16 0.000000e+00
168 174 1.646023e-03 6.552935e-03 1 2 1 2 3.971331e-17 0.000000e+00
168 175 1.646023e-03 8.249656e-03 1 2 1 2 1.318640e-17 0.000000e+00
169 165 2.072220e-03 8.249656e-04 1 2 1 2 6.986523e-16 0.000000e+00
169 166 2.072220e-03 1.038570e-03 1 2 1 2 1.816016e-15 0.000000e+00
169 167 2.072220e-03 1.307482e-03 1 2 1 2 4.827416e-15 0.000000e+00
169 168 2.072220e-03 1.646023e-03 1 2 1 2 1.331294e-14 0.000000e+00
169 169 2.072220e-03 2.072220e-03 1 2 1 2 3.027500e-12 0.000000e+00
169 170 2.072220e-03 2.608770e-03 1 2 1 2 1.180762e-14 0.000000e+00
169 171 2.072220e-03 3.284247e-03 1 2 1 2 3.486618e-15 0.000000e+00
169 172 2.072220e-03 4.134622e-03 1 2 1 2 1.044440e-15 0.000000e+00
169 173 2.072220e-03 5.205181e-03 1 2 1 2 3.206734e-16 0.000000e+00
169 174 2.072220e-03 6.552935e-03 1 2 1 2 1.015116e-16 0.000000e+00
169 175 2.072220e-03 8.249656e-03 1 2 1 2 3.347534e-17 0.000000e+00
170 165 2.608770e-03 8.249656e-04 1 2 1 2 2.284716e-16 0.000000e+00
170 166 2.608770e-03 1.038570e-03 1 2 1 2 5.882068e-16 0.000000e+00
170 167 2.608770e-03 1.307482e-03 1 2 1 2 1.539281e-15 0.000000e+00
170 168 2.608770e-03 1.646023e-03 1 2 1 2 4.148955e-15 0.000000e+00
170 169 2.608770e-03 2.072220e-03 1 2 1 2 1.180762e-14 0.000000e+00
170 170 2.608770e-03 2.608770e-03 1 2 1 2 1.918319e-12 0.000000e+00
170 171 2.608770e-03 3.284247e-03 1 2 1 2 1.024624e-14 0.000000e+00
170 172 2.608770e-03 4.134622e-03 1 2 1 2 2.879743e-15 0.000000e+00
170 173 2.608770e-03 5.205181e-03 1 2 1 2 8.492912e-16 0.000000e+00
170 174 2.608770e-03 6.552935e-03 1 2 1 2 2.625529e-16 0.000000e+00
170 175 2.608770e-03 8.249656e-03 1 2 1 2 8.527141e-17 0.000000e+00
171 165 3.284247e-03 8.249656e-04 1 2 1 2 7.352456e-17 0.000000e+00
171 166 3.284247e-03 1.038570e-03 1 2 1 2 1.878003e-16 0.000000e+00
171 167 3.284247e-03 1.307482e-03 1 2 1 2 4.851044e-16 0.000000e+00
171 168 3.284247e-03 1.646023e-03 1 2 1 2 1.277263e-15 0.000000e+00
171 169 3.284247e-03 2.072220e-03 1 2 1 2 3.486618e-15 0.000000e+00
171 170 3.284247e-03 2.608770e-03 1 2 1 2 1.024624e-14 0.000000e+00
171 171 3.284247e-03 3.284247e-03 1 2 1 2 1.214823e-12 0.000000e+00
171 172 3.284247e-03 4.134622e-03 1 2 1 2 8.724473e-15 0.000000e+00
171 173 3.284247e-03 5.205181e-03 1 2 1 2 2.355279e-15 0.000000e+00
171 174 3.284247e-03 6.552935e-03 1 2 1 2 6.943197e-16 0.000000e+00
171 175 3.284247e-03 8.249656e-03 1 2 1 2 2.196617e-16 0.000000e+00
172 165 4.134622e-03 8.249656e-04 1 2 1 2 2.352498e-17 0.000000e+00
172 166 4.134622e-03 1.038570e-03 1 2 1 2 5.969170e-17 0.000000e+00
172 167 4.134622e-03 1.307482e-03 1 2 1 2 1.526198e-16 0.000000e+00
172 168 4.134622e-03 1.646023e-03 1 2 1 2 3.949992e-16 0.000000e+00
172 169 4.134622e-03 2.072220e-03 1 2 1 2 1.044440e-15 0.000000e+00
172 170 4.134622e-03 2.608770e-03 1 2 1 2 2.879743e-15 0.000000e+00
172 171 4.134622e-03 3.284247e-03 1 2 1 2 8.724473e-15 0.000000e+00
172 172 4.134622e-03 4.134622e-03 1 2 1 2 7.699077e-13 0.000000e+00
172 173 4.134622e-03 5.205181e-03 1 2 1 2 7.321320e-15 0.000000e+00
172 174 4.134622e-03 6.552935e-03 1 2 1 2 1.925963e-15 0.000000e+00
172 175 4.134622e-03 8.249656e-03 1 2 1 2 5.778093e-16 0.000000e+00
173 165 5.205181e-03 8.249656e-04 1 2 1 2 7.502142e-18 0.000000e+00
173 166 5.205181e-03 1.038570e-03 1 2 1 2 1.907549e-17 0.000000e+00
173 167 5.205181e-03 1.307482e-03 1 2 1 2 4.841308e-17 0.000000e+00
173 168 5.205181e-03 1.646023e-03 1 2 1 2 1.238557e-16 0.000000e+00
173 169 5.205181e-03 2.072220e-03 1 2 1 2 3.206734e-16 0.000000e+00
173 170 5.205181e-03 2.608770e-03 1 2 1 2 8.492912e-16 0.000000e+00
173 171 5.205181e-03 3.284247e-03 1 2 1 2 2.355279e-15 0.000000e+00
173 172 5.205181e-03 4.134622e-03 1 2 1 2 7.321320e-15 0.000000e+00
173 173 5.205181e-03 5.205181e-03 1 2 1 2 4.878979e-13 0.000000e+00
173 174 5.205181e-03 6.552935e-03 1 2 1 2 6.091737e-15 0.000000e+00
173 175 5.205181e-03 8.249656e-03 1 2 1 2 1.592453e-15 0.000000e+00
174 165 6.552935e-03 8.249656e-04 1 2 1 2 2.463511e-18 0.000000e+00
174 166 6.552935e-03 1.038570e-03 1 2 1 2 6.174030e-18 0.000000e+00
174 167 6.552935e-03 1.307482e-03 1 2 1 2 1.566018e-17 0.000000e+00
174 168 6.552935e-03 1.646023e-03 1 2 1 2 3.971331e-17 0.000000e+00
174 169 6.552935e-03 2.072220e-03 1 2 1 2 1.015116e-16 0.000000e+00
174 170 6.552935e-03 2.608770e-03 1 2 1 2 2.625529e-16 0.000000e+00
174 171 6.552935e-03 3.284247e-03 1 2 1 2 6.943197e-16 0.000000e+00
174 172 6.552935e-03 4.134622e-03 1 2 1 2 1.925963e-15 0.000000e+00
174 173 6.552935e-03 5.205181e-03 1 2 1 2 6.091737e-15 0.000000e+00
174 174 6.552935e-03 6.552935e-03 1 2 1 2 3.090877e-13 0.000000e+00
174 175 6.552935e-03 8.249656e-03 1 2 1 2 5.063828e-15 0.000000e+00
175 165 8.249656e-03 8.249656e-04 1 2 1 2 8.085364e-19 0.000000e+00
175 166 8.249656e-03 1.038570e-03 1 2 1 2 2.062360e-18 0.000000e+00
175 167 8.249656e-03 1.307482e-03 1 2 1 2 5.254387e-18 0.000000e+00
175 168 8.249656e-03 1.646023e-03 1 2 1 2 1.318640e-17 0.000000e+00
175 169 8.249656e-03 2.072220e-03 1 2 1 2 3.347534e-17 0.000000e+00
175 170 8.249656e-03 2.608770e-03 1 2 1 2 8.527141e-17 0.000000e+00
175 171 8.249656e-03 3.284247e-03 1 2 1 2 2.196617e-16 0.000000e+00
175 172 8.249656e-03 4.134622e-03 1 2 1 2 5.778093e-16 0.000000e+00
175 173 8.249656e-03 5.205181e-03 1 2 1 2 1.592453e-15 0.000000e+00
175 174 8.249656e-03 6.552935e-03 1 2 1 2 5.063828e-15 0.000000e+00
175 175 8.249656e-03 8.249656e-03 1 2 1 2 1.959160e-13 0.000000e+00
