# Please cite the following papers in research using this covariance:
# arXiv: 1601.05779, https://arxiv.org/abs/1601.05779
# arXiv: 1911.11947, https://arxiv.org/abs/1911.11947
# arXiv: 2004.04833, https://arxiv.org/abs/2004.04833
# arXiv: 1804.10663, https://arxiv.org/abs/1804.10663
########################################################
88 176 8.249656e-04 8.249656e-04 2 3 1 3 0.000000e+00 0.000000e+00
88 177 8.249656e-04 1.038570e-03 2 3 1 3 -1.219944e-14 0.000000e+00
88 178 8.249656e-04 1.307482e-03 2 3 1 3 -5.466428e-15 0.000000e+00
88 179 8.249656e-04 1.646023e-03 2 3 1 3 5.629978e-15 0.000000e+00
88 180 8.249656e-04 2.072220e-03 2 3 1 3 1.416778e-14 0.000000e+00
88 181 8.249656e-04 2.608770e-03 2 3 1 3 1.894094e-14 0.000000e+00
88 182 8.249656e-04 3.284247e-03 2 3 1 3 2.066837e-14 0.000000e+00
88 183 8.249656e-04 4.134622e-03 2 3 1 3 2.043358e-14 0.000000e+00
88 184 8.249656e-04 5.205181e-03 2 3 1 3 1.916575e-14 0.000000e+00
88 185 8.249656e-04 6.552935e-03 2 3 1 3 1.752947e-14 0.000000e+00
88 186 8.249656e-04 8.249656e-03 2 3 1 3 1.595162e-14 0.000000e+00
89 176 1.038570e-03 8.249656e-04 2 3 1 3 5.340917e-17 0.000000e+00
89 177 1.038570e-03 1.038570e-03 2 3 1 3 0.000000e+00 0.000000e+00
89 178 1.038570e-03 1.307482e-03 2 3 1 3 -1.215948e-14 0.000000e+00
89 179 1.038570e-03 1.646023e-03 2 3 1 3 -5.480915e-15 0.000000e+00
89 180 1.038570e-03 2.072220e-03 2 3 1 3 5.110047e-15 0.000000e+00
89 181 1.038570e-03 2.608770e-03 2 3 1 3 1.288628e-14 0.000000e+00
89 182 1.038570e-03 3.284247e-03 2 3 1 3 1.698110e-14 0.000000e+00
89 183 1.038570e-03 4.134622e-03 2 3 1 3 1.829969e-14 0.000000e+00
89 184 1.038570e-03 5.205181e-03 2 3 1 3 1.796404e-14 0.000000e+00
89 185 1.038570e-03 6.552935e-03 2 3 1 3 1.685944e-14 0.000000e+00
89 186 1.038570e-03 8.249656e-03 2 3 1 3 1.557602e-14 0.000000e+00
90 176 1.307482e-03 8.249656e-04 2 3 1 3 1.079022e-16 0.000000e+00
90 177 1.307482e-03 1.038570e-03 2 3 1 3 2.056303e-16 0.000000e+00
90 178 1.307482e-03 1.307482e-03 2 3 1 3 0.000000e+00 0.000000e+00
90 179 1.307482e-03 1.646023e-03 2 3 1 3 -1.189374e-14 0.000000e+00
90 180 1.307482e-03 2.072220e-03 2 3 1 3 -5.345675e-15 0.000000e+00
90 181 1.307482e-03 2.608770e-03 2 3 1 3 4.595156e-15 0.000000e+00
90 182 1.307482e-03 3.284247e-03 2 3 1 3 1.156707e-14 0.000000e+00
90 183 1.307482e-03 4.134622e-03 2 3 1 3 1.505888e-14 0.000000e+00
90 184 1.307482e-03 5.205181e-03 2 3 1 3 1.610629e-14 0.000000e+00
90 185 1.307482e-03 6.552935e-03 2 3 1 3 1.581347e-14 0.000000e+00
90 186 1.307482e-03 8.249656e-03 2 3 1 3 1.498642e-14 0.000000e+00
91 176 1.646023e-03 8.249656e-04 2 3 1 3 5.650019e-17 0.000000e+00
91 177 1.646023e-03 1.038570e-03 2 3 1 3 1.479859e-16 0.000000e+00
91 178 1.646023e-03 1.307482e-03 2 3 1 3 3.585554e-16 0.000000e+00
91 179 1.646023e-03 1.646023e-03 2 3 1 3 0.000000e+00 0.000000e+00
91 180 1.646023e-03 2.072220e-03 2 3 1 3 -1.140556e-14 0.000000e+00
91 181 1.646023e-03 2.608770e-03 2 3 1 3 -5.066341e-15 0.000000e+00
91 182 1.646023e-03 3.284247e-03 2 3 1 3 4.111905e-15 0.000000e+00
91 183 1.646023e-03 4.134622e-03 2 3 1 3 1.028680e-14 0.000000e+00
91 184 1.646023e-03 5.205181e-03 2 3 1 3 1.328152e-14 0.000000e+00
91 185 1.646023e-03 6.552935e-03 2 3 1 3 1.419597e-14 0.000000e+00
91 186 1.646023e-03 8.249656e-03 2 3 1 3 1.406613e-14 0.000000e+00
92 176 2.072220e-03 8.249656e-04 2 3 1 3 2.459451e-17 0.000000e+00
92 177 2.072220e-03 1.038570e-03 2 3 1 3 6.450058e-17 0.000000e+00
92 178 2.072220e-03 1.307482e-03 2 3 1 3 1.792899e-16 0.000000e+00
92 179 2.072220e-03 1.646023e-03 2 3 1 3 4.942558e-16 0.000000e+00
92 180 2.072220e-03 2.072220e-03 2 3 1 3 0.000000e+00 0.000000e+00
92 181 2.072220e-03 2.608770e-03 2 3 1 3 -1.071932e-14 0.000000e+00
92 182 2.072220e-03 3.284247e-03 2 3 1 3 -4.664928e-15 0.000000e+00
92 183 2.072220e-03 4.134622e-03 2 3 1 3 3.681325e-15 0.000000e+00
92 184 2.072220e-03 5.205181e-03 2 3 1 3 9.113007e-15 0.000000e+00
92 185 2.072220e-03 6.552935e-03 2 3 1 3 1.173521e-14 0.000000e+00
92 186 2.072220e-03 8.249656e-03 2 3 1 3 1.264354e-14 0.000000e+00
93 176 2.608770e-03 8.249656e-04 2 3 1 3 9.996859e-18 0.000000e+00
93 177 2.608770e-03 1.038570e-03 2 3 1 3 2.464186e-17 0.000000e+00
93 178 2.608770e-03 1.307482e-03 2 3 1 3 6.778523e-17 0.000000e+00
93 179 2.608770e-03 1.646023e-03 2 3 1 3 1.960149e-16 0.000000e+00
93 180 2.608770e-03 2.072220e-03 2 3 1 3 5.968807e-16 0.000000e+00
93 181 2.608770e-03 2.608770e-03 2 3 1 3 0.000000e+00 0.000000e+00
93 182 2.608770e-03 3.284247e-03 2 3 1 3 -9.878665e-15 0.000000e+00
93 183 2.608770e-03 4.134622e-03 2 3 1 3 -4.176068e-15 0.000000e+00
93 184 2.608770e-03 5.205181e-03 2 3 1 3 3.318346e-15 0.000000e+00
93 185 2.608770e-03 6.552935e-03 2 3 1 3 8.099764e-15 0.000000e+00
93 186 2.608770e-03 8.249656e-03 2 3 1 3 1.048004e-14 0.000000e+00
94 176 3.284247e-03 8.249656e-04 2 3 1 3 3.996007e-18 0.000000e+00
94 177 3.284247e-03 1.038570e-03 2 3 1 3 8.611844e-18 0.000000e+00
94 178 3.284247e-03 1.307482e-03 2 3 1 3 2.341782e-17 0.000000e+00
94 179 3.284247e-03 1.646023e-03 2 3 1 3 6.574605e-17 0.000000e+00
94 180 3.284247e-03 2.072220e-03 2 3 1 3 1.968593e-16 0.000000e+00
94 181 3.284247e-03 2.608770e-03 2 3 1 3 6.563013e-16 0.000000e+00
94 182 3.284247e-03 3.284247e-03 2 3 1 3 0.000000e+00 0.000000e+00
94 183 3.284247e-03 4.134622e-03 2 3 1 3 -8.939952e-15 0.000000e+00
94 184 3.284247e-03 5.205181e-03 2 3 1 3 -3.640146e-15 0.000000e+00
94 185 3.284247e-03 6.552935e-03 2 3 1 3 3.032599e-15 0.000000e+00
94 186 3.284247e-03 8.249656e-03 2 3 1 3 7.284765e-15 0.000000e+00
95 176 4.134622e-03 8.249656e-04 2 3 1 3 1.780316e-18 0.000000e+00
95 177 4.134622e-03 1.038570e-03 2 3 1 3 2.768770e-18 0.000000e+00
95 178 4.134622e-03 1.307482e-03 2 3 1 3 7.557235e-18 0.000000e+00
95 179 4.134622e-03 1.646023e-03 2 3 1 3 2.079851e-17 0.000000e+00
95 180 4.134622e-03 2.072220e-03 2 3 1 3 5.899816e-17 0.000000e+00
95 181 4.134622e-03 2.608770e-03 2 3 1 3 1.835510e-16 0.000000e+00
95 182 4.134622e-03 3.284247e-03 2 3 1 3 6.686163e-16 0.000000e+00
95 183 4.134622e-03 4.134622e-03 2 3 1 3 0.000000e+00 0.000000e+00
95 184 4.134622e-03 5.205181e-03 2 3 1 3 -7.964319e-15 0.000000e+00
95 185 4.134622e-03 6.552935e-03 2 3 1 3 -3.097465e-15 0.000000e+00
95 186 4.134622e-03 8.249656e-03 2 3 1 3 2.829301e-15 0.000000e+00
96 176 5.205181e-03 8.249656e-04 2 3 1 3 9.735732e-19 0.000000e+00
96 177 5.205181e-03 1.038570e-03 2 3 1 3 7.537063e-19 0.000000e+00
96 178 5.205181e-03 1.307482e-03 2 3 1 3 2.238236e-18 0.000000e+00
96 179 5.205181e-03 1.646023e-03 2 3 1 3 6.272495e-18 0.000000e+00
96 180 5.205181e-03 2.072220e-03 2 3 1 3 1.698121e-17 0.000000e+00
96 181 5.205181e-03 2.608770e-03 2 3 1 3 4.936660e-17 0.000000e+00
96 182 5.205181e-03 3.284247e-03 2 3 1 3 1.595152e-16 0.000000e+00
96 183 5.205181e-03 4.134622e-03 2 3 1 3 6.369044e-16 0.000000e+00
96 184 5.205181e-03 5.205181e-03 2 3 1 3 0.000000e+00 0.000000e+00
96 185 5.205181e-03 6.552935e-03 2 3 1 3 -7.010801e-15 0.000000e+00
96 186 5.205181e-03 8.249656e-03 2 3 1 3 -2.582572e-15 0.000000e+00
97 176 6.552935e-03 8.249656e-04 2 3 1 3 7.425667e-19 0.000000e+00
97 177 6.552935e-03 1.038570e-03 2 3 1 3 9.136345e-20 0.000000e+00
97 178 6.552935e-03 1.307482e-03 2 3 1 3 5.574838e-19 0.000000e+00
97 179 6.552935e-03 1.646023e-03 2 3 1 3 1.761803e-18 0.000000e+00
97 180 6.552935e-03 2.072220e-03 2 3 1 3 4.551822e-18 0.000000e+00
97 181 6.552935e-03 2.608770e-03 2 3 1 3 1.275450e-17 0.000000e+00
97 182 6.552935e-03 3.284247e-03 2 3 1 3 3.802833e-17 0.000000e+00
97 183 6.552935e-03 4.134622e-03 2 3 1 3 1.286154e-16 0.000000e+00
97 184 6.552935e-03 5.205181e-03 2 3 1 3 5.691689e-16 0.000000e+00
97 185 6.552935e-03 6.552935e-03 2 3 1 3 0.000000e+00 0.000000e+00
97 186 6.552935e-03 8.249656e-03 2 3 1 3 -6.130835e-15 0.000000e+00
98 176 8.249656e-03 8.249656e-04 2 3 1 3 6.527368e-19 0.000000e+00
98 177 8.249656e-03 1.038570e-03 2 3 1 3 -9.438877e-20 0.000000e+00
98 178 8.249656e-03 1.307482e-03 2 3 1 3 7.774159e-20 0.000000e+00
98 179 8.249656e-03 1.646023e-03 2 3 1 3 4.784693e-19 0.000000e+00
98 180 8.249656e-03 2.072220e-03 2 3 1 3 1.109281e-18 0.000000e+00
98 181 8.249656e-03 2.608770e-03 2 3 1 3 3.009565e-18 0.000000e+00
98 182 8.249656e-03 3.284247e-03 2 3 1 3 8.528366e-18 0.000000e+00
98 183 8.249656e-03 4.134622e-03 2 3 1 3 2.632811e-17 0.000000e+00
98 184 8.249656e-03 5.205181e-03 2 3 1 3 9.467657e-17 0.000000e+00
98 185 8.249656e-03 6.552935e-03 2 3 1 3 4.756437e-16 0.000000e+00
98 186 8.249656e-03 8.249656e-03 2 3 1 3 0.000000e+00 0.000000e+00
