# Please cite the following papers in research using this covariance:
# arXiv: 1601.05779, https://arxiv.org/abs/1601.05779
# arXiv: 1911.11947, https://arxiv.org/abs/1911.11947
# arXiv: 2004.04833, https://arxiv.org/abs/2004.04833
# arXiv: 1804.10663, https://arxiv.org/abs/1804.10663
########################################################
110 165 8.249656e-04 8.249656e-04 0 0 1 2 0.000000e+00 0.000000e+00
110 166 8.249656e-04 1.038570e-03 0 0 1 2 1.232498e-17 0.000000e+00
110 167 8.249656e-04 1.307482e-03 0 0 1 2 9.302695e-18 0.000000e+00
110 168 8.249656e-04 1.646023e-03 0 0 1 2 5.963053e-18 0.000000e+00
110 169 8.249656e-04 2.072220e-03 0 0 1 2 3.432990e-18 0.000000e+00
110 170 8.249656e-04 2.608770e-03 0 0 1 2 1.819257e-18 0.000000e+00
110 171 8.249656e-04 3.284247e-03 0 0 1 2 8.994089e-19 0.000000e+00
110 172 8.249656e-04 4.134622e-03 0 0 1 2 4.191148e-19 0.000000e+00
110 173 8.249656e-04 5.205181e-03 0 0 1 2 1.860874e-19 0.000000e+00
110 174 8.249656e-04 6.552935e-03 0 0 1 2 7.975903e-20 0.000000e+00
110 175 8.249656e-04 8.249656e-03 0 0 1 2 3.350018e-20 0.000000e+00
111 165 1.038570e-03 8.249656e-04 0 0 1 2 1.232498e-17 0.000000e+00
111 166 1.038570e-03 1.038570e-03 0 0 1 2 0.000000e+00 0.000000e+00
111 167 1.038570e-03 1.307482e-03 0 0 1 2 1.857825e-17 0.000000e+00
111 168 1.038570e-03 1.646023e-03 0 0 1 2 1.339531e-17 0.000000e+00
111 169 1.038570e-03 2.072220e-03 0 0 1 2 8.149078e-18 0.000000e+00
111 170 1.038570e-03 2.608770e-03 0 0 1 2 4.440671e-18 0.000000e+00
111 171 1.038570e-03 3.284247e-03 0 0 1 2 2.227527e-18 0.000000e+00
111 172 1.038570e-03 4.134622e-03 0 0 1 2 1.045803e-18 0.000000e+00
111 173 1.038570e-03 5.205181e-03 0 0 1 2 4.660618e-19 0.000000e+00
111 174 1.038570e-03 6.552935e-03 0 0 1 2 2.000919e-19 0.000000e+00
111 175 1.038570e-03 8.249656e-03 0 0 1 2 8.410240e-20 0.000000e+00
112 165 1.307482e-03 8.249656e-04 0 0 1 2 9.302695e-18 0.000000e+00
112 166 1.307482e-03 1.038570e-03 0 0 1 2 1.857825e-17 0.000000e+00
112 167 1.307482e-03 1.307482e-03 0 0 1 2 0.000000e+00 0.000000e+00
112 168 1.307482e-03 1.646023e-03 0 0 1 2 2.694930e-17 0.000000e+00
112 169 1.307482e-03 2.072220e-03 0 0 1 2 1.845664e-17 0.000000e+00
112 170 1.307482e-03 2.608770e-03 0 0 1 2 1.061031e-17 0.000000e+00
112 171 1.307482e-03 3.284247e-03 0 0 1 2 5.462855e-18 0.000000e+00
112 172 1.307482e-03 4.134622e-03 0 0 1 2 2.598054e-18 0.000000e+00
112 173 1.307482e-03 5.205181e-03 0 0 1 2 1.165050e-18 0.000000e+00
112 174 1.307482e-03 6.552935e-03 0 0 1 2 5.015928e-19 0.000000e+00
112 175 1.307482e-03 8.249656e-03 0 0 1 2 2.110863e-19 0.000000e+00
113 165 1.646023e-03 8.249656e-04 0 0 1 2 5.963053e-18 0.000000e+00
113 166 1.646023e-03 1.038570e-03 0 0 1 2 1.339531e-17 0.000000e+00
113 167 1.646023e-03 1.307482e-03 0 0 1 2 2.694930e-17 0.000000e+00
113 168 1.646023e-03 1.646023e-03 0 0 1 2 0.000000e+00 0.000000e+00
113 169 1.646023e-03 2.072220e-03 0 0 1 2 3.751189e-17 0.000000e+00
113 170 1.646023e-03 2.608770e-03 0 0 1 2 2.427608e-17 0.000000e+00
113 171 1.646023e-03 3.284247e-03 0 0 1 2 1.315173e-17 0.000000e+00
113 172 1.646023e-03 4.134622e-03 0 0 1 2 6.403434e-18 0.000000e+00
113 173 1.646023e-03 5.205181e-03 0 0 1 2 2.902873e-18 0.000000e+00
113 174 1.646023e-03 6.552935e-03 0 0 1 2 1.255726e-18 0.000000e+00
113 175 1.646023e-03 8.249656e-03 0 0 1 2 5.294347e-19 0.000000e+00
114 165 2.072220e-03 8.249656e-04 0 0 1 2 3.432990e-18 0.000000e+00
114 166 2.072220e-03 1.038570e-03 0 0 1 2 8.149078e-18 0.000000e+00
114 167 2.072220e-03 1.307482e-03 0 0 1 2 1.845664e-17 0.000000e+00
114 168 2.072220e-03 1.646023e-03 0 0 1 2 3.751189e-17 0.000000e+00
114 169 2.072220e-03 2.072220e-03 0 0 1 2 0.000000e+00 0.000000e+00
114 170 2.072220e-03 2.608770e-03 0 0 1 2 5.000855e-17 0.000000e+00
114 171 2.072220e-03 3.284247e-03 0 0 1 2 3.045513e-17 0.000000e+00
114 172 2.072220e-03 4.134622e-03 0 0 1 2 1.554323e-17 0.000000e+00
114 173 2.072220e-03 5.205181e-03 0 0 1 2 7.189721e-18 0.000000e+00
114 174 2.072220e-03 6.552935e-03 0 0 1 2 3.136466e-18 0.000000e+00
114 175 2.072220e-03 8.249656e-03 0 0 1 2 1.326771e-18 0.000000e+00
115 165 2.608770e-03 8.249656e-04 0 0 1 2 1.819257e-18 0.000000e+00
115 166 2.608770e-03 1.038570e-03 0 0 1 2 4.440671e-18 0.000000e+00
115 167 2.608770e-03 1.307482e-03 0 0 1 2 1.061031e-17 0.000000e+00
115 168 2.608770e-03 1.646023e-03 0 0 1 2 2.427608e-17 0.000000e+00
115 169 2.608770e-03 2.072220e-03 0 0 1 2 5.000855e-17 0.000000e+00
115 170 2.608770e-03 2.608770e-03 0 0 1 2 0.000000e+00 0.000000e+00
115 171 2.608770e-03 3.284247e-03 0 0 1 2 6.381391e-17 0.000000e+00
115 172 2.608770e-03 4.134622e-03 0 0 1 2 3.648351e-17 0.000000e+00
115 173 2.608770e-03 5.205181e-03 0 0 1 2 1.759578e-17 0.000000e+00
115 174 2.608770e-03 6.552935e-03 0 0 1 2 7.800625e-18 0.000000e+00
115 175 2.608770e-03 8.249656e-03 0 0 1 2 3.319464e-18 0.000000e+00
116 165 3.284247e-03 8.249656e-04 0 0 1 2 8.994089e-19 0.000000e+00
116 166 3.284247e-03 1.038570e-03 0 0 1 2 2.227527e-18 0.000000e+00
116 167 3.284247e-03 1.307482e-03 0 0 1 2 5.462855e-18 0.000000e+00
116 168 3.284247e-03 1.646023e-03 0 0 1 2 1.315173e-17 0.000000e+00
116 169 3.284247e-03 2.072220e-03 0 0 1 2 3.045513e-17 0.000000e+00
116 170 3.284247e-03 2.608770e-03 0 0 1 2 6.381391e-17 0.000000e+00
116 171 3.284247e-03 3.284247e-03 0 0 1 2 0.000000e+00 0.000000e+00
116 172 3.284247e-03 4.134622e-03 0 0 1 2 7.802491e-17 0.000000e+00
116 173 3.284247e-03 5.205181e-03 0 0 1 2 4.188928e-17 0.000000e+00
116 174 3.284247e-03 6.552935e-03 0 0 1 2 1.923083e-17 0.000000e+00
116 175 3.284247e-03 8.249656e-03 0 0 1 2 8.280049e-18 0.000000e+00
117 165 4.134622e-03 8.249656e-04 0 0 1 2 4.191148e-19 0.000000e+00
117 166 4.134622e-03 1.038570e-03 0 0 1 2 1.045803e-18 0.000000e+00
117 167 4.134622e-03 1.307482e-03 0 0 1 2 2.598054e-18 0.000000e+00
117 168 4.134622e-03 1.646023e-03 0 0 1 2 6.403434e-18 0.000000e+00
117 169 4.134622e-03 2.072220e-03 0 0 1 2 1.554323e-17 0.000000e+00
117 170 4.134622e-03 2.608770e-03 0 0 1 2 3.648351e-17 0.000000e+00
117 171 4.134622e-03 3.284247e-03 0 0 1 2 7.802491e-17 0.000000e+00
117 172 4.134622e-03 4.134622e-03 0 0 1 2 0.000000e+00 0.000000e+00
117 173 4.134622e-03 5.205181e-03 0 0 1 2 9.168021e-17 0.000000e+00
117 174 4.134622e-03 6.552935e-03 0 0 1 2 4.639941e-17 0.000000e+00
117 175 4.134622e-03 8.249656e-03 0 0 1 2 2.052433e-17 0.000000e+00
118 165 5.205181e-03 8.249656e-04 0 0 1 2 1.860874e-19 0.000000e+00
118 166 5.205181e-03 1.038570e-03 0 0 1 2 4.660618e-19 0.000000e+00
118 167 5.205181e-03 1.307482e-03 0 0 1 2 1.165050e-18 0.000000e+00
118 168 5.205181e-03 1.646023e-03 0 0 1 2 2.902873e-18 0.000000e+00
118 169 5.205181e-03 2.072220e-03 0 0 1 2 7.189721e-18 0.000000e+00
118 170 5.205181e-03 2.608770e-03 0 0 1 2 1.759578e-17 0.000000e+00
118 171 5.205181e-03 3.284247e-03 0 0 1 2 4.188928e-17 0.000000e+00
118 172 5.205181e-03 4.134622e-03 0 0 1 2 9.168021e-17 0.000000e+00
118 173 5.205181e-03 5.205181e-03 0 0 1 2 0.000000e+00 0.000000e+00
118 174 5.205181e-03 6.552935e-03 0 0 1 2 1.040460e-16 0.000000e+00
118 175 5.205181e-03 8.249656e-03 0 0 1 2 5.006638e-17 0.000000e+00
119 165 6.552935e-03 8.249656e-04 0 0 1 2 7.975903e-20 0.000000e+00
119 166 6.552935e-03 1.038570e-03 0 0 1 2 2.000919e-19 0.000000e+00
119 167 6.552935e-03 1.307482e-03 0 0 1 2 5.015928e-19 0.000000e+00
119 168 6.552935e-03 1.646023e-03 0 0 1 2 1.255726e-18 0.000000e+00
119 169 6.552935e-03 2.072220e-03 0 0 1 2 3.136466e-18 0.000000e+00
119 170 6.552935e-03 2.608770e-03 0 0 1 2 7.800625e-18 0.000000e+00
119 171 6.552935e-03 3.284247e-03 0 0 1 2 1.923083e-17 0.000000e+00
119 172 6.552935e-03 4.134622e-03 0 0 1 2 4.639941e-17 0.000000e+00
119 173 6.552935e-03 5.205181e-03 0 0 1 2 1.040460e-16 0.000000e+00
119 174 6.552935e-03 6.552935e-03 0 0 1 2 0.000000e+00 0.000000e+00
119 175 6.552935e-03 8.249656e-03 0 0 1 2 1.148843e-16 0.000000e+00
120 165 8.249656e-03 8.249656e-04 0 0 1 2 3.350018e-20 0.000000e+00
120 166 8.249656e-03 1.038570e-03 0 0 1 2 8.410240e-20 0.000000e+00
120 167 8.249656e-03 1.307482e-03 0 0 1 2 2.110863e-19 0.000000e+00
120 168 8.249656e-03 1.646023e-03 0 0 1 2 5.294347e-19 0.000000e+00
120 169 8.249656e-03 2.072220e-03 0 0 1 2 1.326771e-18 0.000000e+00
120 170 8.249656e-03 2.608770e-03 0 0 1 2 3.319464e-18 0.000000e+00
120 171 8.249656e-03 3.284247e-03 0 0 1 2 8.280049e-18 0.000000e+00
120 172 8.249656e-03 4.134622e-03 0 0 1 2 2.052433e-17 0.000000e+00
120 173 8.249656e-03 5.205181e-03 0 0 1 2 5.006638e-17 0.000000e+00
120 174 8.249656e-03 6.552935e-03 0 0 1 2 1.148843e-16 0.000000e+00
120 175 8.249656e-03 8.249656e-03 0 0 1 2 0.000000e+00 0.000000e+00
