# Please cite the following papers in research using this covariance:
# arXiv: 1601.05779, https://arxiv.org/abs/1601.05779
# arXiv: 1911.11947, https://arxiv.org/abs/1911.11947
# arXiv: 2004.04833, https://arxiv.org/abs/2004.04833
# arXiv: 1804.10663, https://arxiv.org/abs/1804.10663
########################################################
154 165 8.249656e-04 8.249656e-04 1 1 1 2 0.000000e+00 0.000000e+00
154 166 8.249656e-04 1.038570e-03 1 1 1 2 1.322500e-14 0.000000e+00
154 167 8.249656e-04 1.307482e-03 1 1 1 2 4.966136e-15 0.000000e+00
154 168 8.249656e-04 1.646023e-03 1 1 1 2 1.758325e-15 0.000000e+00
154 169 8.249656e-04 2.072220e-03 1 1 1 2 5.992963e-16 0.000000e+00
154 170 8.249656e-04 2.608770e-03 1 1 1 2 1.982761e-16 0.000000e+00
154 171 8.249656e-04 3.284247e-03 1 1 1 2 6.409699e-17 0.000000e+00
154 172 8.249656e-04 4.134622e-03 1 1 1 2 2.042637e-17 0.000000e+00
154 173 8.249656e-04 5.205181e-03 1 1 1 2 6.451736e-18 0.000000e+00
154 174 8.249656e-04 6.552935e-03 1 1 1 2 2.075287e-18 0.000000e+00
154 175 8.249656e-04 8.249656e-03 1 1 1 2 6.656533e-19 0.000000e+00
155 165 1.038570e-03 8.249656e-04 1 1 1 2 1.322500e-14 0.000000e+00
155 166 1.038570e-03 1.038570e-03 1 1 1 2 0.000000e+00 0.000000e+00
155 167 1.038570e-03 1.307482e-03 1 1 1 2 1.276659e-14 0.000000e+00
155 168 1.038570e-03 1.646023e-03 1 1 1 2 4.571960e-15 0.000000e+00
155 169 1.038570e-03 2.072220e-03 1 1 1 2 1.551484e-15 0.000000e+00
155 170 1.038570e-03 2.608770e-03 1 1 1 2 5.096421e-16 0.000000e+00
155 171 1.038570e-03 3.284247e-03 1 1 1 2 1.636527e-16 0.000000e+00
155 172 1.038570e-03 4.134622e-03 1 1 1 2 5.185177e-17 0.000000e+00
155 173 1.038570e-03 5.205181e-03 1 1 1 2 1.640026e-17 0.000000e+00
155 174 1.038570e-03 6.552935e-03 1 1 1 2 5.206803e-18 0.000000e+00
155 175 1.038570e-03 8.249656e-03 1 1 1 2 1.698129e-18 0.000000e+00
156 165 1.307482e-03 8.249656e-04 1 1 1 2 4.966136e-15 0.000000e+00
156 166 1.307482e-03 1.038570e-03 1 1 1 2 1.276659e-14 0.000000e+00
156 167 1.307482e-03 1.307482e-03 1 1 1 2 0.000000e+00 0.000000e+00
156 168 1.307482e-03 1.646023e-03 1 1 1 2 1.204323e-14 0.000000e+00
156 169 1.307482e-03 2.072220e-03 1 1 1 2 4.091984e-15 0.000000e+00
156 170 1.307482e-03 2.608770e-03 1 1 1 2 1.329552e-15 0.000000e+00
156 171 1.307482e-03 3.284247e-03 1 1 1 2 4.223728e-16 0.000000e+00
156 172 1.307482e-03 4.134622e-03 1 1 1 2 1.326254e-16 0.000000e+00
156 173 1.307482e-03 5.205181e-03 1 1 1 2 4.164565e-17 0.000000e+00
156 174 1.307482e-03 6.552935e-03 1 1 1 2 1.321265e-17 0.000000e+00
156 175 1.307482e-03 8.249656e-03 1 1 1 2 4.327322e-18 0.000000e+00
157 165 1.646023e-03 8.249656e-04 1 1 1 2 1.758325e-15 0.000000e+00
157 166 1.646023e-03 1.038570e-03 1 1 1 2 4.571960e-15 0.000000e+00
157 167 1.646023e-03 1.307482e-03 1 1 1 2 1.204323e-14 0.000000e+00
157 168 1.646023e-03 1.646023e-03 1 1 1 2 0.000000e+00 0.000000e+00
157 169 1.646023e-03 2.072220e-03 1 1 1 2 1.108618e-14 0.000000e+00
157 170 1.646023e-03 2.608770e-03 1 1 1 2 3.559717e-15 0.000000e+00
157 171 1.646023e-03 3.284247e-03 1 1 1 2 1.110074e-15 0.000000e+00
157 172 1.646023e-03 4.134622e-03 1 1 1 2 3.433695e-16 0.000000e+00
157 173 1.646023e-03 5.205181e-03 1 1 1 2 1.066271e-16 0.000000e+00
157 174 1.646023e-03 6.552935e-03 1 1 1 2 3.354668e-17 0.000000e+00
157 175 1.646023e-03 8.249656e-03 1 1 1 2 1.086901e-17 0.000000e+00
158 165 2.072220e-03 8.249656e-04 1 1 1 2 5.992963e-16 0.000000e+00
158 166 2.072220e-03 1.038570e-03 1 1 1 2 1.551484e-15 0.000000e+00
158 167 2.072220e-03 1.307482e-03 1 1 1 2 4.091984e-15 0.000000e+00
158 168 2.072220e-03 1.646023e-03 1 1 1 2 1.108618e-14 0.000000e+00
158 169 2.072220e-03 2.072220e-03 1 1 1 2 0.000000e+00 0.000000e+00
158 170 2.072220e-03 2.608770e-03 1 1 1 2 9.954161e-15 0.000000e+00
158 171 2.072220e-03 3.284247e-03 1 1 1 2 3.015975e-15 0.000000e+00
158 172 2.072220e-03 4.134622e-03 1 1 1 2 9.079200e-16 0.000000e+00
158 173 2.072220e-03 5.205181e-03 1 1 1 2 2.764333e-16 0.000000e+00
158 174 2.072220e-03 6.552935e-03 1 1 1 2 8.589838e-17 0.000000e+00
158 175 2.072220e-03 8.249656e-03 1 1 1 2 2.762469e-17 0.000000e+00
159 165 2.608770e-03 8.249656e-04 1 1 1 2 1.982761e-16 0.000000e+00
159 166 2.608770e-03 1.038570e-03 1 1 1 2 5.096421e-16 0.000000e+00
159 167 2.608770e-03 1.307482e-03 1 1 1 2 1.329552e-15 0.000000e+00
159 168 2.608770e-03 1.646023e-03 1 1 1 2 3.559717e-15 0.000000e+00
159 169 2.608770e-03 2.072220e-03 1 1 1 2 9.954161e-15 0.000000e+00
159 170 2.608770e-03 2.608770e-03 1 1 1 2 0.000000e+00 0.000000e+00
159 171 2.608770e-03 3.284247e-03 1 1 1 2 8.724069e-15 0.000000e+00
159 172 2.608770e-03 4.134622e-03 1 1 1 2 2.498765e-15 0.000000e+00
159 173 2.608770e-03 5.205181e-03 1 1 1 2 7.335136e-16 0.000000e+00
159 174 2.608770e-03 6.552935e-03 1 1 1 2 2.227687e-16 0.000000e+00
159 175 2.608770e-03 8.249656e-03 1 1 1 2 7.051235e-17 0.000000e+00
160 165 3.284247e-03 8.249656e-04 1 1 1 2 6.409699e-17 0.000000e+00
160 166 3.284247e-03 1.038570e-03 1 1 1 2 1.636527e-16 0.000000e+00
160 167 3.284247e-03 1.307482e-03 1 1 1 2 4.223728e-16 0.000000e+00
160 168 3.284247e-03 1.646023e-03 1 1 1 2 1.110074e-15 0.000000e+00
160 169 3.284247e-03 2.072220e-03 1 1 1 2 3.015975e-15 0.000000e+00
160 170 3.284247e-03 2.608770e-03 1 1 1 2 8.724069e-15 0.000000e+00
160 171 3.284247e-03 3.284247e-03 1 1 1 2 0.000000e+00 0.000000e+00
160 172 3.284247e-03 4.134622e-03 1 1 1 2 7.478600e-15 0.000000e+00
160 173 3.284247e-03 5.205181e-03 1 1 1 2 2.037676e-15 0.000000e+00
160 174 3.284247e-03 6.552935e-03 1 1 1 2 5.915188e-16 0.000000e+00
160 175 3.284247e-03 8.249656e-03 1 1 1 2 1.822732e-16 0.000000e+00
161 165 4.134622e-03 8.249656e-04 1 1 1 2 2.042637e-17 0.000000e+00
161 166 4.134622e-03 1.038570e-03 1 1 1 2 5.185177e-17 0.000000e+00
161 167 4.134622e-03 1.307482e-03 1 1 1 2 1.326254e-16 0.000000e+00
161 168 4.134622e-03 1.646023e-03 1 1 1 2 3.433695e-16 0.000000e+00
161 169 4.134622e-03 2.072220e-03 1 1 1 2 9.079200e-16 0.000000e+00
161 170 4.134622e-03 2.608770e-03 1 1 1 2 2.498765e-15 0.000000e+00
161 171 4.134622e-03 3.284247e-03 1 1 1 2 7.478600e-15 0.000000e+00
161 172 4.134622e-03 4.134622e-03 1 1 1 2 0.000000e+00 0.000000e+00
161 173 4.134622e-03 5.205181e-03 1 1 1 2 6.292889e-15 0.000000e+00
161 174 4.134622e-03 6.552935e-03 1 1 1 2 1.650166e-15 0.000000e+00
161 175 4.134622e-03 8.249656e-03 1 1 1 2 4.822739e-16 0.000000e+00
162 165 5.205181e-03 8.249656e-04 1 1 1 2 6.451736e-18 0.000000e+00
162 166 5.205181e-03 1.038570e-03 1 1 1 2 1.640026e-17 0.000000e+00
162 167 5.205181e-03 1.307482e-03 1 1 1 2 4.164565e-17 0.000000e+00
162 168 5.205181e-03 1.646023e-03 1 1 1 2 1.066271e-16 0.000000e+00
162 169 5.205181e-03 2.072220e-03 1 1 1 2 2.764333e-16 0.000000e+00
162 170 5.205181e-03 2.608770e-03 1 1 1 2 7.335136e-16 0.000000e+00
162 171 5.205181e-03 3.284247e-03 1 1 1 2 2.037676e-15 0.000000e+00
162 172 5.205181e-03 4.134622e-03 1 1 1 2 6.292889e-15 0.000000e+00
162 173 5.205181e-03 5.205181e-03 1 1 1 2 0.000000e+00 0.000000e+00
162 174 5.205181e-03 6.552935e-03 1 1 1 2 5.225151e-15 0.000000e+00
162 175 5.205181e-03 8.249656e-03 1 1 1 2 1.341922e-15 0.000000e+00
163 165 6.552935e-03 8.249656e-04 1 1 1 2 2.075287e-18 0.000000e+00
163 166 6.552935e-03 1.038570e-03 1 1 1 2 5.206803e-18 0.000000e+00
163 167 6.552935e-03 1.307482e-03 1 1 1 2 1.321265e-17 0.000000e+00
163 168 6.552935e-03 1.646023e-03 1 1 1 2 3.354668e-17 0.000000e+00
163 169 6.552935e-03 2.072220e-03 1 1 1 2 8.589838e-17 0.000000e+00
163 170 6.552935e-03 2.608770e-03 1 1 1 2 2.227687e-16 0.000000e+00
163 171 6.552935e-03 3.284247e-03 1 1 1 2 5.915188e-16 0.000000e+00
163 172 6.552935e-03 4.134622e-03 1 1 1 2 1.650166e-15 0.000000e+00
163 173 6.552935e-03 5.205181e-03 1 1 1 2 5.225151e-15 0.000000e+00
163 174 6.552935e-03 6.552935e-03 1 1 1 2 0.000000e+00 0.000000e+00
163 175 6.552935e-03 8.249656e-03 1 1 1 2 4.311006e-15 0.000000e+00
164 165 8.249656e-03 8.249656e-04 1 1 1 2 6.656533e-19 0.000000e+00
164 166 8.249656e-03 1.038570e-03 1 1 1 2 1.698129e-18 0.000000e+00
164 167 8.249656e-03 1.307482e-03 1 1 1 2 4.327322e-18 0.000000e+00
164 168 8.249656e-03 1.646023e-03 1 1 1 2 1.086901e-17 0.000000e+00
164 169 8.249656e-03 2.072220e-03 1 1 1 2 2.762469e-17 0.000000e+00
164 170 8.249656e-03 2.608770e-03 1 1 1 2 7.051235e-17 0.000000e+00
164 171 8.249656e-03 3.284247e-03 1 1 1 2 1.822732e-16 0.000000e+00
164 172 8.249656e-03 4.134622e-03 1 1 1 2 4.822739e-16 0.000000e+00
164 173 8.249656e-03 5.205181e-03 1 1 1 2 1.341922e-15 0.000000e+00
164 174 8.249656e-03 6.552935e-03 1 1 1 2 4.311006e-15 0.000000e+00
164 175 8.249656e-03 8.249656e-03 1 1 1 2 0.000000e+00 0.000000e+00
