# Please cite the following papers in research using this covariance:
# arXiv: 1601.05779, https://arxiv.org/abs/1601.05779
# arXiv: 1911.11947, https://arxiv.org/abs/1911.11947
# arXiv: 2004.04833, https://arxiv.org/abs/2004.04833
# arXiv: 1804.10663, https://arxiv.org/abs/1804.10663
########################################################
11 121 8.249656e-04 8.249656e-04 0 1 0 1 0.000000e+00 0.000000e+00
11 122 8.249656e-04 1.038570e-03 0 1 0 1 -6.957717e-15 0.000000e+00
11 123 8.249656e-04 1.307482e-03 0 1 0 1 -3.110290e-15 0.000000e+00
11 124 8.249656e-04 1.646023e-03 0 1 0 1 3.346136e-15 0.000000e+00
11 125 8.249656e-04 2.072220e-03 0 1 0 1 8.416926e-15 0.000000e+00
11 126 8.249656e-04 2.608770e-03 0 1 0 1 1.129517e-14 0.000000e+00
11 127 8.249656e-04 3.284247e-03 0 1 0 1 1.231207e-14 0.000000e+00
11 128 8.249656e-04 4.134622e-03 0 1 0 1 1.206053e-14 0.000000e+00
11 129 8.249656e-04 5.205181e-03 0 1 0 1 1.108114e-14 0.000000e+00
11 130 8.249656e-04 6.552935e-03 0 1 0 1 9.777563e-15 0.000000e+00
11 131 8.249656e-04 8.249656e-03 0 1 0 1 8.416442e-15 0.000000e+00
12 121 1.038570e-03 8.249656e-04 0 1 0 1 -1.958541e-17 0.000000e+00
12 122 1.038570e-03 1.038570e-03 0 1 0 1 0.000000e+00 0.000000e+00
12 123 1.038570e-03 1.307482e-03 0 1 0 1 -7.008663e-15 0.000000e+00
12 124 1.038570e-03 1.646023e-03 0 1 0 1 -3.176633e-15 0.000000e+00
12 125 1.038570e-03 2.072220e-03 0 1 0 1 3.028436e-15 0.000000e+00
12 126 1.038570e-03 2.608770e-03 0 1 0 1 7.660814e-15 0.000000e+00
12 127 1.038570e-03 3.284247e-03 0 1 0 1 1.009447e-14 0.000000e+00
12 128 1.038570e-03 4.134622e-03 0 1 0 1 1.078685e-14 0.000000e+00
12 129 1.038570e-03 5.205181e-03 0 1 0 1 1.037811e-14 0.000000e+00
12 130 1.038570e-03 6.552935e-03 0 1 0 1 9.399492e-15 0.000000e+00
12 131 1.038570e-03 8.249656e-03 0 1 0 1 8.216178e-15 0.000000e+00
13 121 1.307482e-03 8.249656e-04 0 1 0 1 4.540035e-17 0.000000e+00
13 122 1.307482e-03 1.038570e-03 0 1 0 1 6.404452e-17 0.000000e+00
13 123 1.307482e-03 1.307482e-03 0 1 0 1 0.000000e+00 0.000000e+00
13 124 1.307482e-03 1.646023e-03 0 1 0 1 -6.933606e-15 0.000000e+00
13 125 1.307482e-03 2.072220e-03 0 1 0 1 -3.160054e-15 0.000000e+00
13 126 1.307482e-03 2.608770e-03 0 1 0 1 2.697405e-15 0.000000e+00
13 127 1.307482e-03 3.284247e-03 0 1 0 1 6.841296e-15 0.000000e+00
13 128 1.307482e-03 4.134622e-03 0 1 0 1 8.852113e-15 0.000000e+00
13 129 1.307482e-03 5.205181e-03 0 1 0 1 9.290417e-15 0.000000e+00
13 130 1.307482e-03 6.552935e-03 0 1 0 1 8.808688e-15 0.000000e+00
13 131 1.307482e-03 8.249656e-03 0 1 0 1 7.901481e-15 0.000000e+00
14 121 1.646023e-03 8.249656e-04 0 1 0 1 2.855967e-17 0.000000e+00
14 122 1.646023e-03 1.038570e-03 0 1 0 1 7.224637e-17 0.000000e+00
14 123 1.646023e-03 1.307482e-03 0 1 0 1 1.555518e-16 0.000000e+00
14 124 1.646023e-03 1.646023e-03 0 1 0 1 0.000000e+00 0.000000e+00
14 125 1.646023e-03 2.072220e-03 0 1 0 1 -6.724084e-15 0.000000e+00
14 126 1.646023e-03 2.608770e-03 0 1 0 1 -3.055214e-15 0.000000e+00
14 127 1.646023e-03 3.284247e-03 0 1 0 1 2.370444e-15 0.000000e+00
14 128 1.646023e-03 4.134622e-03 0 1 0 1 6.002987e-15 0.000000e+00
14 129 1.646023e-03 5.205181e-03 0 1 0 1 7.634659e-15 0.000000e+00
14 130 1.646023e-03 6.552935e-03 0 1 0 1 7.893612e-15 0.000000e+00
14 131 1.646023e-03 8.249656e-03 0 1 0 1 7.409442e-15 0.000000e+00
15 121 2.072220e-03 8.249656e-04 0 1 0 1 1.375213e-17 0.000000e+00
15 122 2.072220e-03 1.038570e-03 0 1 0 1 3.587805e-17 0.000000e+00
15 123 2.072220e-03 1.307482e-03 0 1 0 1 9.641673e-17 0.000000e+00
15 124 2.072220e-03 1.646023e-03 0 1 0 1 2.454553e-16 0.000000e+00
15 125 2.072220e-03 2.072220e-03 0 1 0 1 0.000000e+00 0.000000e+00
15 126 2.072220e-03 2.608770e-03 0 1 0 1 -6.383964e-15 0.000000e+00
15 127 2.072220e-03 3.284247e-03 0 1 0 1 -2.867368e-15 0.000000e+00
15 128 2.072220e-03 4.134622e-03 0 1 0 1 2.061362e-15 0.000000e+00
15 129 2.072220e-03 5.205181e-03 0 1 0 1 5.187396e-15 0.000000e+00
15 130 2.072220e-03 6.552935e-03 0 1 0 1 6.498051e-15 0.000000e+00
15 131 2.072220e-03 8.249656e-03 0 1 0 1 6.646823e-15 0.000000e+00
16 121 2.608770e-03 8.249656e-04 0 1 0 1 5.943744e-18 0.000000e+00
16 122 2.608770e-03 1.038570e-03 0 1 0 1 1.502821e-17 0.000000e+00
16 123 2.608770e-03 1.307482e-03 0 1 0 1 4.056626e-17 0.000000e+00
16 124 2.608770e-03 1.646023e-03 0 1 0 1 1.137131e-16 0.000000e+00
16 125 2.608770e-03 2.072220e-03 0 1 0 1 3.233929e-16 0.000000e+00
16 126 2.608770e-03 2.608770e-03 0 1 0 1 0.000000e+00 0.000000e+00
16 127 2.608770e-03 3.284247e-03 0 1 0 1 -5.930440e-15 0.000000e+00
16 128 2.608770e-03 4.134622e-03 0 1 0 1 -2.612183e-15 0.000000e+00
16 129 2.608770e-03 5.205181e-03 0 1 0 1 1.779468e-15 0.000000e+00
16 130 2.608770e-03 6.552935e-03 0 1 0 1 4.428727e-15 0.000000e+00
16 131 2.608770e-03 8.249656e-03 0 1 0 1 5.482200e-15 0.000000e+00
17 121 3.284247e-03 8.249656e-04 0 1 0 1 2.416774e-18 0.000000e+00
17 122 3.284247e-03 1.038570e-03 0 1 0 1 5.696592e-18 0.000000e+00
17 123 3.284247e-03 1.307482e-03 0 1 0 1 1.520538e-17 0.000000e+00
17 124 3.284247e-03 1.646023e-03 0 1 0 1 4.190170e-17 0.000000e+00
17 125 3.284247e-03 2.072220e-03 0 1 0 1 1.218996e-16 0.000000e+00
17 126 3.284247e-03 2.608770e-03 0 1 0 1 3.803208e-16 0.000000e+00
17 127 3.284247e-03 3.284247e-03 0 1 0 1 0.000000e+00 0.000000e+00
17 128 3.284247e-03 4.134622e-03 0 1 0 1 -5.391598e-15 0.000000e+00
17 129 3.284247e-03 5.205181e-03 0 1 0 1 -2.312465e-15 0.000000e+00
17 130 3.284247e-03 6.552935e-03 0 1 0 1 1.529833e-15 0.000000e+00
17 131 3.284247e-03 8.249656e-03 0 1 0 1 3.751119e-15 0.000000e+00
18 121 4.134622e-03 8.249656e-04 0 1 0 1 1.004312e-18 0.000000e+00
18 122 4.134622e-03 1.038570e-03 0 1 0 1 1.997650e-18 0.000000e+00
18 123 4.134622e-03 1.307482e-03 0 1 0 1 5.276714e-18 0.000000e+00
18 124 4.134622e-03 1.646023e-03 0 1 0 1 1.426805e-17 0.000000e+00
18 125 4.134622e-03 2.072220e-03 0 1 0 1 3.994312e-17 0.000000e+00
18 126 4.134622e-03 2.608770e-03 0 1 0 1 1.206176e-16 0.000000e+00
18 127 4.134622e-03 3.284247e-03 0 1 0 1 4.104535e-16 0.000000e+00
18 128 4.134622e-03 4.134622e-03 0 1 0 1 0.000000e+00 0.000000e+00
18 129 4.134622e-03 5.205181e-03 0 1 0 1 -4.801964e-15 0.000000e+00
18 130 4.134622e-03 6.552935e-03 0 1 0 1 -1.993932e-15 0.000000e+00
18 131 4.134622e-03 8.249656e-03 0 1 0 1 1.314345e-15 0.000000e+00
19 121 5.205181e-03 8.249656e-04 0 1 0 1 4.617561e-19 0.000000e+00
19 122 5.205181e-03 1.038570e-03 0 1 0 1 6.390502e-19 0.000000e+00
19 123 5.205181e-03 1.307482e-03 0 1 0 1 1.709725e-18 0.000000e+00
19 124 5.205181e-03 1.646023e-03 0 1 0 1 4.612176e-18 0.000000e+00
19 125 5.205181e-03 2.072220e-03 0 1 0 1 1.245543e-17 0.000000e+00
19 126 5.205181e-03 2.608770e-03 0 1 0 1 3.555639e-17 0.000000e+00
19 127 5.205181e-03 3.284247e-03 0 1 0 1 1.112645e-16 0.000000e+00
19 128 5.205181e-03 4.134622e-03 0 1 0 1 4.126328e-16 0.000000e+00
19 129 5.205181e-03 5.205181e-03 0 1 0 1 0.000000e+00 0.000000e+00
19 130 5.205181e-03 6.552935e-03 0 1 0 1 -4.197419e-15 0.000000e+00
19 131 5.205181e-03 8.249656e-03 0 1 0 1 -1.680325e-15 0.000000e+00
20 121 6.552935e-03 8.249656e-04 0 1 0 1 2.932987e-19 0.000000e+00
20 122 6.552935e-03 1.038570e-03 0 1 0 1 1.677199e-19 0.000000e+00
20 123 6.552935e-03 1.307482e-03 0 1 0 1 5.107147e-19 0.000000e+00
20 124 6.552935e-03 1.646023e-03 0 1 0 1 1.413787e-18 0.000000e+00
20 125 6.552935e-03 2.072220e-03 0 1 0 1 3.713244e-18 0.000000e+00
20 126 6.552935e-03 2.608770e-03 0 1 0 1 1.020748e-17 0.000000e+00
20 127 6.552935e-03 3.284247e-03 0 1 0 1 2.969763e-17 0.000000e+00
20 128 6.552935e-03 4.134622e-03 0 1 0 1 9.632363e-17 0.000000e+00
20 129 6.552935e-03 5.205181e-03 0 1 0 1 3.901552e-16 0.000000e+00
20 130 6.552935e-03 6.552935e-03 0 1 0 1 0.000000e+00 0.000000e+00
20 131 6.552935e-03 8.249656e-03 0 1 0 1 -3.610493e-15 0.000000e+00
21 121 8.249656e-03 8.249656e-04 0 1 0 1 2.268035e-19 0.000000e+00
21 122 8.249656e-03 1.038570e-03 0 1 0 1 2.213323e-20 0.000000e+00
21 123 8.249656e-03 1.307482e-03 0 1 0 1 1.373936e-19 0.000000e+00
21 124 8.249656e-03 1.646023e-03 0 1 0 1 4.267327e-19 0.000000e+00
21 125 8.249656e-03 2.072220e-03 0 1 0 1 1.088054e-18 0.000000e+00
21 126 8.249656e-03 2.608770e-03 0 1 0 1 2.880998e-18 0.000000e+00
21 127 8.249656e-03 3.284247e-03 0 1 0 1 7.952691e-18 0.000000e+00
21 128 8.249656e-03 4.134622e-03 0 1 0 1 2.348979e-17 0.000000e+00
21 129 8.249656e-03 5.205181e-03 0 1 0 1 7.879049e-17 0.000000e+00
21 130 8.249656e-03 6.552935e-03 0 1 0 1 3.493211e-16 0.000000e+00
21 131 8.249656e-03 8.249656e-03 0 1 0 1 0.000000e+00 0.000000e+00
