# Please cite the following papers in research using this covariance:
# arXiv: 1601.05779, https://arxiv.org/abs/1601.05779
# arXiv: 1911.11947, https://arxiv.org/abs/1911.11947
# arXiv: 2004.04833, https://arxiv.org/abs/2004.04833
# arXiv: 1804.10663, https://arxiv.org/abs/1804.10663
########################################################
143 209 8.249656e-04 8.249656e-04 0 3 3 3 0.000000e+00 0.000000e+00
143 210 8.249656e-04 1.038570e-03 0 3 3 3 1.236691e-14 0.000000e+00
143 211 8.249656e-04 1.307482e-03 0 3 3 3 4.567904e-15 0.000000e+00
143 212 8.249656e-04 1.646023e-03 0 3 3 3 1.619399e-15 0.000000e+00
143 213 8.249656e-04 2.072220e-03 0 3 3 3 5.601198e-16 0.000000e+00
143 214 8.249656e-04 2.608770e-03 0 3 3 3 1.899993e-16 0.000000e+00
143 215 8.249656e-04 3.284247e-03 0 3 3 3 6.346783e-17 0.000000e+00
143 216 8.249656e-04 4.134622e-03 0 3 3 3 2.104780e-17 0.000000e+00
143 217 8.249656e-04 5.205181e-03 0 3 3 3 6.945690e-18 0.000000e+00
143 218 8.249656e-04 6.552935e-03 0 3 3 3 2.357253e-18 0.000000e+00
143 219 8.249656e-04 8.249656e-03 0 3 3 3 7.988616e-19 0.000000e+00
144 209 1.038570e-03 8.249656e-04 0 3 3 3 1.236691e-14 0.000000e+00
144 210 1.038570e-03 1.038570e-03 0 3 3 3 0.000000e+00 0.000000e+00
144 211 1.038570e-03 1.307482e-03 0 3 3 3 1.185558e-14 0.000000e+00
144 212 1.038570e-03 1.646023e-03 0 3 3 3 4.210248e-15 0.000000e+00
144 213 1.038570e-03 2.072220e-03 0 3 3 3 1.445716e-15 0.000000e+00
144 214 1.038570e-03 2.608770e-03 0 3 3 3 4.867342e-16 0.000000e+00
144 215 1.038570e-03 3.284247e-03 0 3 3 3 1.615924e-16 0.000000e+00
144 216 1.038570e-03 4.134622e-03 0 3 3 3 5.330488e-17 0.000000e+00
144 217 1.038570e-03 5.205181e-03 0 3 3 3 1.762418e-17 0.000000e+00
144 218 1.038570e-03 6.552935e-03 0 3 3 3 5.910186e-18 0.000000e+00
144 219 1.038570e-03 8.249656e-03 0 3 3 3 2.030816e-18 0.000000e+00
145 209 1.307482e-03 8.249656e-04 0 3 3 3 4.567904e-15 0.000000e+00
145 210 1.307482e-03 1.038570e-03 0 3 3 3 1.185558e-14 0.000000e+00
145 211 1.307482e-03 1.307482e-03 0 3 3 3 0.000000e+00 0.000000e+00
145 212 1.307482e-03 1.646023e-03 0 3 3 3 1.115391e-14 0.000000e+00
145 213 1.307482e-03 2.072220e-03 0 3 3 3 3.798771e-15 0.000000e+00
145 214 1.307482e-03 2.608770e-03 0 3 3 3 1.263114e-15 0.000000e+00
145 215 1.307482e-03 3.284247e-03 0 3 3 3 4.151564e-16 0.000000e+00
145 216 1.307482e-03 4.134622e-03 0 3 3 3 1.358557e-16 0.000000e+00
145 217 1.307482e-03 5.205181e-03 0 3 3 3 4.465558e-17 0.000000e+00
145 218 1.307482e-03 6.552935e-03 0 3 3 3 1.495876e-17 0.000000e+00
145 219 1.307482e-03 8.249656e-03 0 3 3 3 5.158748e-18 0.000000e+00
146 209 1.646023e-03 8.249656e-04 0 3 3 3 1.619399e-15 0.000000e+00
146 210 1.646023e-03 1.038570e-03 0 3 3 3 4.210248e-15 0.000000e+00
146 211 1.646023e-03 1.307482e-03 0 3 3 3 1.115391e-14 0.000000e+00
146 212 1.646023e-03 1.646023e-03 0 3 3 3 0.000000e+00 0.000000e+00
146 213 1.646023e-03 2.072220e-03 0 3 3 3 1.029198e-14 0.000000e+00
146 214 1.646023e-03 2.608770e-03 0 3 3 3 3.355445e-15 0.000000e+00
146 215 1.646023e-03 3.284247e-03 0 3 3 3 1.083015e-15 0.000000e+00
146 216 1.646023e-03 4.134622e-03 0 3 3 3 3.497024e-16 0.000000e+00
146 217 1.646023e-03 5.205181e-03 0 3 3 3 1.138954e-16 0.000000e+00
146 218 1.646023e-03 6.552935e-03 0 3 3 3 3.786115e-17 0.000000e+00
146 219 1.646023e-03 8.249656e-03 0 3 3 3 1.296041e-17 0.000000e+00
147 209 2.072220e-03 8.249656e-04 0 3 3 3 5.601198e-16 0.000000e+00
147 210 2.072220e-03 1.038570e-03 0 3 3 3 1.445716e-15 0.000000e+00
147 211 2.072220e-03 1.307482e-03 0 3 3 3 3.798771e-15 0.000000e+00
147 212 2.072220e-03 1.646023e-03 0 3 3 3 1.029198e-14 0.000000e+00
147 213 2.072220e-03 2.072220e-03 0 3 3 3 0.000000e+00 0.000000e+00
147 214 2.072220e-03 2.608770e-03 0 3 3 3 9.314383e-15 0.000000e+00
147 215 2.072220e-03 3.284247e-03 0 3 3 3 2.907206e-15 0.000000e+00
147 216 2.072220e-03 4.134622e-03 0 3 3 3 9.158579e-16 0.000000e+00
147 217 2.072220e-03 5.205181e-03 0 3 3 3 2.933775e-16 0.000000e+00
147 218 2.072220e-03 6.552935e-03 0 3 3 3 9.645029e-17 0.000000e+00
147 219 2.072220e-03 8.249656e-03 0 3 3 3 3.285207e-17 0.000000e+00
148 209 2.608770e-03 8.249656e-04 0 3 3 3 1.899993e-16 0.000000e+00
148 210 2.608770e-03 1.038570e-03 0 3 3 3 4.867342e-16 0.000000e+00
148 211 2.608770e-03 1.307482e-03 0 3 3 3 1.263114e-15 0.000000e+00
148 212 2.608770e-03 1.646023e-03 0 3 3 3 3.355445e-15 0.000000e+00
148 213 2.608770e-03 2.072220e-03 0 3 3 3 9.314383e-15 0.000000e+00
148 214 2.608770e-03 2.608770e-03 0 3 3 3 0.000000e+00 0.000000e+00
148 215 2.608770e-03 3.284247e-03 0 3 3 3 8.275536e-15 0.000000e+00
148 216 2.608770e-03 4.134622e-03 0 3 3 3 2.479999e-15 0.000000e+00
148 217 2.608770e-03 5.205181e-03 0 3 3 3 7.698220e-16 0.000000e+00
148 218 2.608770e-03 6.552935e-03 0 3 3 3 2.481310e-16 0.000000e+00
148 219 2.608770e-03 8.249656e-03 0 3 3 3 8.351651e-17 0.000000e+00
149 209 3.284247e-03 8.249656e-04 0 3 3 3 6.346783e-17 0.000000e+00
149 210 3.284247e-03 1.038570e-03 0 3 3 3 1.615924e-16 0.000000e+00
149 211 3.284247e-03 1.307482e-03 0 3 3 3 4.151564e-16 0.000000e+00
149 212 3.284247e-03 1.646023e-03 0 3 3 3 1.083015e-15 0.000000e+00
149 213 3.284247e-03 2.072220e-03 0 3 3 3 2.907206e-15 0.000000e+00
149 214 3.284247e-03 2.608770e-03 0 3 3 3 8.275536e-15 0.000000e+00
149 215 3.284247e-03 3.284247e-03 0 3 3 3 0.000000e+00 0.000000e+00
149 216 3.284247e-03 4.134622e-03 0 3 3 3 7.233401e-15 0.000000e+00
149 217 3.284247e-03 5.205181e-03 0 3 3 3 2.096163e-15 0.000000e+00
149 218 3.284247e-03 6.552935e-03 0 3 3 3 6.501963e-16 0.000000e+00
149 219 3.284247e-03 8.249656e-03 0 3 3 3 2.142283e-16 0.000000e+00
150 209 4.134622e-03 8.249656e-04 0 3 3 3 2.104780e-17 0.000000e+00
150 210 4.134622e-03 1.038570e-03 0 3 3 3 5.330488e-17 0.000000e+00
150 211 4.134622e-03 1.307482e-03 0 3 3 3 1.358557e-16 0.000000e+00
150 212 4.134622e-03 1.646023e-03 0 3 3 3 3.497024e-16 0.000000e+00
150 213 4.134622e-03 2.072220e-03 0 3 3 3 9.158579e-16 0.000000e+00
150 214 4.134622e-03 2.608770e-03 0 3 3 3 2.479999e-15 0.000000e+00
150 215 4.134622e-03 3.284247e-03 0 3 3 3 7.233401e-15 0.000000e+00
150 216 4.134622e-03 4.134622e-03 0 3 3 3 0.000000e+00 0.000000e+00
150 217 4.134622e-03 5.205181e-03 0 3 3 3 6.243333e-15 0.000000e+00
150 218 4.134622e-03 6.552935e-03 0 3 3 3 1.771310e-15 0.000000e+00
150 219 4.134622e-03 8.249656e-03 0 3 3 3 5.588397e-16 0.000000e+00
151 209 5.205181e-03 8.249656e-04 0 3 3 3 6.945690e-18 0.000000e+00
151 210 5.205181e-03 1.038570e-03 0 3 3 3 1.762418e-17 0.000000e+00
151 211 5.205181e-03 1.307482e-03 0 3 3 3 4.465558e-17 0.000000e+00
151 212 5.205181e-03 1.646023e-03 0 3 3 3 1.138954e-16 0.000000e+00
151 213 5.205181e-03 2.072220e-03 0 3 3 3 2.933775e-16 0.000000e+00
151 214 5.205181e-03 2.608770e-03 0 3 3 3 7.698220e-16 0.000000e+00
151 215 5.205181e-03 3.284247e-03 0 3 3 3 2.096163e-15 0.000000e+00
151 216 5.205181e-03 4.134622e-03 0 3 3 3 6.243333e-15 0.000000e+00
151 217 5.205181e-03 5.205181e-03 0 3 3 3 0.000000e+00 0.000000e+00
151 218 5.205181e-03 6.552935e-03 0 3 3 3 5.351083e-15 0.000000e+00
151 219 5.205181e-03 8.249656e-03 0 3 3 3 1.513809e-15 0.000000e+00
152 209 6.552935e-03 8.249656e-04 0 3 3 3 2.357253e-18 0.000000e+00
152 210 6.552935e-03 1.038570e-03 0 3 3 3 5.910186e-18 0.000000e+00
152 211 6.552935e-03 1.307482e-03 0 3 3 3 1.495876e-17 0.000000e+00
152 212 6.552935e-03 1.646023e-03 0 3 3 3 3.786115e-17 0.000000e+00
152 213 6.552935e-03 2.072220e-03 0 3 3 3 9.645029e-17 0.000000e+00
152 214 6.552935e-03 2.608770e-03 0 3 3 3 2.481310e-16 0.000000e+00
152 215 6.552935e-03 3.284247e-03 0 3 3 3 6.501963e-16 0.000000e+00
152 216 6.552935e-03 4.134622e-03 0 3 3 3 1.771310e-15 0.000000e+00
152 217 6.552935e-03 5.205181e-03 0 3 3 3 5.351083e-15 0.000000e+00
152 218 6.552935e-03 6.552935e-03 0 3 3 3 0.000000e+00 0.000000e+00
152 219 6.552935e-03 8.249656e-03 0 3 3 3 4.589485e-15 0.000000e+00
153 209 8.249656e-03 8.249656e-04 0 3 3 3 7.988616e-19 0.000000e+00
153 210 8.249656e-03 1.038570e-03 0 3 3 3 2.030816e-18 0.000000e+00
153 211 8.249656e-03 1.307482e-03 0 3 3 3 5.158748e-18 0.000000e+00
153 212 8.249656e-03 1.646023e-03 0 3 3 3 1.296041e-17 0.000000e+00
153 213 8.249656e-03 2.072220e-03 0 3 3 3 3.285207e-17 0.000000e+00
153 214 8.249656e-03 2.608770e-03 0 3 3 3 8.351651e-17 0.000000e+00
153 215 8.249656e-03 3.284247e-03 0 3 3 3 2.142283e-16 0.000000e+00
153 216 8.249656e-03 4.134622e-03 0 3 3 3 5.588397e-16 0.000000e+00
153 217 8.249656e-03 5.205181e-03 0 3 3 3 1.513809e-15 0.000000e+00
153 218 8.249656e-03 6.552935e-03 0 3 3 3 4.589485e-15 0.000000e+00
153 219 8.249656e-03 8.249656e-03 0 3 3 3 0.000000e+00 0.000000e+00
