# Please cite the following papers in research using this covariance:
# arXiv: 1601.05779, https://arxiv.org/abs/1601.05779
# arXiv: 1911.11947, https://arxiv.org/abs/1911.11947
# arXiv: 2004.04833, https://arxiv.org/abs/2004.04833
# arXiv: 1804.10663, https://arxiv.org/abs/1804.10663
########################################################
22 154 8.249656e-04 8.249656e-04 0 2 1 1 0.000000e+00 0.000000e+00
22 155 8.249656e-04 1.038570e-03 0 2 1 1 -8.429772e-18 0.000000e+00
22 156 8.249656e-04 1.307482e-03 0 2 1 1 1.590631e-17 0.000000e+00
22 157 8.249656e-04 1.646023e-03 0 2 1 1 7.710599e-17 0.000000e+00
22 158 8.249656e-04 2.072220e-03 0 2 1 1 1.720408e-16 0.000000e+00
22 159 8.249656e-04 2.608770e-03 0 2 1 1 2.899241e-16 0.000000e+00
22 160 8.249656e-04 3.284247e-03 0 2 1 1 4.173465e-16 0.000000e+00
22 161 8.249656e-04 4.134622e-03 0 2 1 1 5.422185e-16 0.000000e+00
22 162 8.249656e-04 5.205181e-03 0 2 1 1 6.563899e-16 0.000000e+00
22 163 8.249656e-04 6.552935e-03 0 2 1 1 7.571097e-16 0.000000e+00
22 164 8.249656e-04 8.249656e-03 0 2 1 1 8.472575e-16 0.000000e+00
23 154 1.038570e-03 8.249656e-04 0 2 1 1 -5.468461e-18 0.000000e+00
23 155 1.038570e-03 1.038570e-03 0 2 1 1 0.000000e+00 0.000000e+00
23 156 1.038570e-03 1.307482e-03 0 2 1 1 -1.755938e-17 0.000000e+00
23 157 1.038570e-03 1.646023e-03 0 2 1 1 1.370403e-17 0.000000e+00
23 158 1.038570e-03 2.072220e-03 0 2 1 1 9.321211e-17 0.000000e+00
23 159 1.038570e-03 2.608770e-03 0 2 1 1 2.109307e-16 0.000000e+00
23 160 1.038570e-03 3.284247e-03 0 2 1 1 3.481034e-16 0.000000e+00
23 161 1.038570e-03 4.134622e-03 0 2 1 1 4.868801e-16 0.000000e+00
23 162 1.038570e-03 5.205181e-03 0 2 1 1 6.150125e-16 0.000000e+00
23 163 1.038570e-03 6.552935e-03 0 2 1 1 7.275921e-16 0.000000e+00
23 164 1.038570e-03 8.249656e-03 0 2 1 1 8.268188e-16 0.000000e+00
24 154 1.307482e-03 8.249656e-04 0 2 1 1 -2.985088e-18 0.000000e+00
24 155 1.307482e-03 1.038570e-03 0 2 1 1 -8.717064e-18 0.000000e+00
24 156 1.307482e-03 1.307482e-03 0 2 1 1 0.000000e+00 0.000000e+00
24 157 1.307482e-03 1.646023e-03 0 2 1 1 -3.113184e-17 0.000000e+00
24 158 1.307482e-03 2.072220e-03 0 2 1 1 8.019292e-18 0.000000e+00
24 159 1.307482e-03 2.608770e-03 0 2 1 1 1.087497e-16 0.000000e+00
24 160 1.307482e-03 3.284247e-03 0 2 1 1 2.501405e-16 0.000000e+00
24 161 1.307482e-03 4.134622e-03 0 2 1 1 4.047138e-16 0.000000e+00
24 162 1.307482e-03 5.205181e-03 0 2 1 1 5.518866e-16 0.000000e+00
24 163 1.307482e-03 6.552935e-03 0 2 1 1 6.818547e-16 0.000000e+00
24 164 1.307482e-03 8.249656e-03 0 2 1 1 7.948627e-16 0.000000e+00
25 154 1.646023e-03 8.249656e-04 0 2 1 1 -1.347806e-18 0.000000e+00
25 155 1.646023e-03 1.038570e-03 0 2 1 1 -4.378192e-18 0.000000e+00
25 156 1.646023e-03 1.307482e-03 0 2 1 1 -1.205302e-17 0.000000e+00
25 157 1.646023e-03 1.646023e-03 0 2 1 1 0.000000e+00 0.000000e+00
25 158 1.646023e-03 2.072220e-03 0 2 1 1 -4.962386e-17 0.000000e+00
25 159 1.646023e-03 2.608770e-03 0 2 1 1 -1.227063e-18 0.000000e+00
25 160 1.646023e-03 3.284247e-03 0 2 1 1 1.231248e-16 0.000000e+00
25 161 1.646023e-03 4.134622e-03 0 2 1 1 2.881282e-16 0.000000e+00
25 162 1.646023e-03 5.205181e-03 0 2 1 1 4.579506e-16 0.000000e+00
25 163 1.646023e-03 6.552935e-03 0 2 1 1 6.119820e-16 0.000000e+00
25 164 1.646023e-03 8.249656e-03 0 2 1 1 7.453118e-16 0.000000e+00
26 154 2.072220e-03 8.249656e-04 0 2 1 1 -4.447045e-19 0.000000e+00
26 155 2.072220e-03 1.038570e-03 0 2 1 1 -1.942750e-18 0.000000e+00
26 156 2.072220e-03 1.307482e-03 0 2 1 1 -5.269325e-18 0.000000e+00
26 157 2.072220e-03 1.646023e-03 0 2 1 1 -1.526008e-17 0.000000e+00
26 158 2.072220e-03 2.072220e-03 0 2 1 1 0.000000e+00 0.000000e+00
26 159 2.072220e-03 2.608770e-03 0 2 1 1 -7.249605e-17 0.000000e+00
26 160 2.072220e-03 3.284247e-03 0 2 1 1 -1.342859e-17 0.000000e+00
26 161 2.072220e-03 4.134622e-03 0 2 1 1 1.363810e-16 0.000000e+00
26 162 2.072220e-03 5.205181e-03 0 2 1 1 3.242065e-16 0.000000e+00
26 163 2.072220e-03 6.552935e-03 0 2 1 1 5.077771e-16 0.000000e+00
26 164 2.072220e-03 8.249656e-03 0 2 1 1 6.695260e-16 0.000000e+00
27 154 2.608770e-03 8.249656e-04 0 2 1 1 -1.115291e-20 0.000000e+00
27 155 2.608770e-03 1.038570e-03 0 2 1 1 -7.798841e-19 0.000000e+00
27 156 2.608770e-03 1.307482e-03 0 2 1 1 -2.027129e-18 0.000000e+00
27 157 2.608770e-03 1.646023e-03 0 2 1 1 -5.688482e-18 0.000000e+00
27 158 2.608770e-03 2.072220e-03 0 2 1 1 -1.782502e-17 0.000000e+00
27 159 2.608770e-03 2.608770e-03 0 2 1 1 0.000000e+00 0.000000e+00
27 160 2.608770e-03 3.284247e-03 0 2 1 1 -9.851401e-17 0.000000e+00
27 161 2.608770e-03 4.134622e-03 0 2 1 1 -2.712150e-17 0.000000e+00
27 162 2.608770e-03 5.205181e-03 0 2 1 1 1.492409e-16 0.000000e+00
27 163 2.608770e-03 6.552935e-03 0 2 1 1 3.588820e-16 0.000000e+00
27 164 2.608770e-03 8.249656e-03 0 2 1 1 5.562870e-16 0.000000e+00
28 154 3.284247e-03 8.249656e-04 0 2 1 1 1.704668e-19 0.000000e+00
28 155 3.284247e-03 1.038570e-03 0 2 1 1 -2.970169e-19 0.000000e+00
28 156 3.284247e-03 1.307482e-03 0 2 1 1 -6.993552e-19 0.000000e+00
28 157 3.284247e-03 1.646023e-03 0 2 1 1 -1.831148e-18 0.000000e+00
28 158 3.284247e-03 2.072220e-03 0 2 1 1 -5.597831e-18 0.000000e+00
28 159 3.284247e-03 2.608770e-03 0 2 1 1 -1.902772e-17 0.000000e+00
28 160 3.284247e-03 3.284247e-03 0 2 1 1 0.000000e+00 0.000000e+00
28 161 3.284247e-03 4.134622e-03 0 2 1 1 -1.257847e-16 0.000000e+00
28 162 3.284247e-03 5.205181e-03 0 2 1 1 -4.030087e-17 0.000000e+00
28 163 3.284247e-03 6.552935e-03 0 2 1 1 1.629810e-16 0.000000e+00
28 164 3.284247e-03 8.249656e-03 0 2 1 1 3.939617e-16 0.000000e+00
29 154 4.134622e-03 8.249656e-04 0 2 1 1 2.364512e-19 0.000000e+00
29 155 4.134622e-03 1.038570e-03 0 2 1 1 -1.232127e-19 0.000000e+00
29 156 4.134622e-03 1.307482e-03 0 2 1 1 -2.287783e-19 0.000000e+00
29 157 4.134622e-03 1.646023e-03 0 2 1 1 -4.969134e-19 0.000000e+00
29 158 4.134622e-03 2.072220e-03 0 2 1 1 -1.517214e-18 0.000000e+00
29 159 4.134622e-03 2.608770e-03 0 2 1 1 -4.881614e-18 0.000000e+00
29 160 4.134622e-03 3.284247e-03 0 2 1 1 -1.857766e-17 0.000000e+00
29 161 4.134622e-03 4.134622e-03 0 2 1 1 0.000000e+00 0.000000e+00
29 162 4.134622e-03 5.205181e-03 0 2 1 1 -1.522176e-16 0.000000e+00
29 163 4.134622e-03 6.552935e-03 0 2 1 1 -5.094061e-17 0.000000e+00
29 164 4.134622e-03 8.249656e-03 0 2 1 1 1.792009e-16 0.000000e+00
30 154 5.205181e-03 8.249656e-04 0 2 1 1 2.566957e-19 0.000000e+00
30 155 5.205181e-03 1.038570e-03 0 2 1 1 -7.013021e-20 0.000000e+00
30 156 5.205181e-03 1.307482e-03 0 2 1 1 -8.678476e-20 0.000000e+00
30 157 5.205181e-03 1.646023e-03 0 2 1 1 -1.023562e-19 0.000000e+00
30 158 5.205181e-03 2.072220e-03 0 2 1 1 -3.518450e-19 0.000000e+00
30 159 5.205181e-03 2.608770e-03 0 2 1 1 -1.072246e-18 0.000000e+00
30 160 5.205181e-03 3.284247e-03 0 2 1 1 -3.765421e-18 0.000000e+00
30 161 5.205181e-03 4.134622e-03 0 2 1 1 -1.660680e-17 0.000000e+00
30 162 5.205181e-03 5.205181e-03 0 2 1 1 0.000000e+00 0.000000e+00
30 163 5.205181e-03 6.552935e-03 0 2 1 1 -1.760981e-16 0.000000e+00
30 164 5.205181e-03 8.249656e-03 0 2 1 1 -5.752749e-17 0.000000e+00
31 154 6.552935e-03 8.249656e-04 0 2 1 1 2.617874e-19 0.000000e+00
31 155 6.552935e-03 1.038570e-03 0 2 1 1 -5.667886e-20 0.000000e+00
31 156 6.552935e-03 1.307482e-03 0 2 1 1 -5.125313e-20 0.000000e+00
31 157 6.552935e-03 1.646023e-03 0 2 1 1 -5.397873e-21 0.000000e+00
31 158 6.552935e-03 2.072220e-03 0 2 1 1 -7.345210e-20 0.000000e+00
31 159 6.552935e-03 2.608770e-03 0 2 1 1 -2.046477e-19 0.000000e+00
31 160 6.552935e-03 3.284247e-03 0 2 1 1 -6.673200e-19 0.000000e+00
31 161 6.552935e-03 4.134622e-03 0 2 1 1 -2.596920e-18 0.000000e+00
31 162 6.552935e-03 5.205181e-03 0 2 1 1 -1.371878e-17 0.000000e+00
31 163 6.552935e-03 6.552935e-03 0 2 1 1 0.000000e+00 0.000000e+00
31 164 6.552935e-03 8.249656e-03 0 2 1 1 -1.965686e-16 0.000000e+00
32 154 8.249656e-03 8.249656e-04 0 2 1 1 2.626163e-19 0.000000e+00
32 155 8.249656e-03 1.038570e-03 0 2 1 1 -5.414075e-20 0.000000e+00
32 156 8.249656e-03 1.307482e-03 0 2 1 1 -4.464368e-20 0.000000e+00
32 157 8.249656e-03 1.646023e-03 0 2 1 1 1.254734e-20 0.000000e+00
32 158 8.249656e-03 2.072220e-03 0 2 1 1 -2.223123e-20 0.000000e+00
32 159 8.249656e-03 2.608770e-03 0 2 1 1 -4.845088e-20 0.000000e+00
32 160 8.249656e-03 3.284247e-03 0 2 1 1 -1.362918e-19 0.000000e+00
32 161 8.249656e-03 4.134622e-03 0 2 1 1 -4.415279e-19 0.000000e+00
32 162 8.249656e-03 5.205181e-03 0 2 1 1 -1.761386e-18 0.000000e+00
32 163 8.249656e-03 6.552935e-03 0 2 1 1 -1.085735e-17 0.000000e+00
32 164 8.249656e-03 8.249656e-03 0 2 1 1 0.000000e+00 0.000000e+00
