# Please cite the following papers in research using this covariance:
# arXiv: 1601.05779, https://arxiv.org/abs/1601.05779
# arXiv: 1911.11947, https://arxiv.org/abs/1911.11947
# arXiv: 2004.04833, https://arxiv.org/abs/2004.04833
# arXiv: 1804.10663, https://arxiv.org/abs/1804.10663
########################################################
154 154 8.249656e-04 8.249656e-04 1 1 1 1 3.939128e-11 0.000000e+00
154 155 8.249656e-04 1.038570e-03 1 1 1 1 1.637750e-14 0.000000e+00
154 156 8.249656e-04 1.307482e-03 1 1 1 1 6.334144e-15 0.000000e+00
154 157 8.249656e-04 1.646023e-03 1 1 1 1 2.307251e-15 0.000000e+00
154 158 8.249656e-04 2.072220e-03 1 1 1 1 8.066193e-16 0.000000e+00
154 159 8.249656e-04 2.608770e-03 1 1 1 1 2.723455e-16 0.000000e+00
154 160 8.249656e-04 3.284247e-03 1 1 1 1 8.922640e-17 0.000000e+00
154 161 8.249656e-04 4.134622e-03 1 1 1 1 2.855890e-17 0.000000e+00
154 162 8.249656e-04 5.205181e-03 1 1 1 1 8.974075e-18 0.000000e+00
154 163 8.249656e-04 6.552935e-03 1 1 1 1 2.833658e-18 0.000000e+00
154 164 8.249656e-04 8.249656e-03 1 1 1 1 8.852833e-19 0.000000e+00
155 154 1.038570e-03 8.249656e-04 1 1 1 1 1.637750e-14 0.000000e+00
155 155 1.038570e-03 1.038570e-03 1 1 1 1 2.498455e-11 0.000000e+00
155 156 1.038570e-03 1.307482e-03 1 1 1 1 1.604866e-14 0.000000e+00
155 157 1.038570e-03 1.646023e-03 1 1 1 1 5.944306e-15 0.000000e+00
155 158 1.038570e-03 2.072220e-03 1 1 1 1 2.076923e-15 0.000000e+00
155 159 1.038570e-03 2.608770e-03 1 1 1 1 6.980685e-16 0.000000e+00
155 160 1.038570e-03 3.284247e-03 1 1 1 1 2.275476e-16 0.000000e+00
155 161 1.038570e-03 4.134622e-03 1 1 1 1 7.248764e-17 0.000000e+00
155 162 1.038570e-03 5.205181e-03 1 1 1 1 2.280179e-17 0.000000e+00
155 163 1.038570e-03 6.552935e-03 1 1 1 1 7.118559e-18 0.000000e+00
155 164 1.038570e-03 8.249656e-03 1 1 1 1 2.257573e-18 0.000000e+00
156 154 1.307482e-03 8.249656e-04 1 1 1 1 6.334144e-15 0.000000e+00
156 155 1.307482e-03 1.038570e-03 1 1 1 1 1.604866e-14 0.000000e+00
156 156 1.307482e-03 1.307482e-03 1 1 1 1 1.583428e-11 0.000000e+00
156 157 1.307482e-03 1.646023e-03 1 1 1 1 1.538767e-14 0.000000e+00
156 158 1.307482e-03 2.072220e-03 1 1 1 1 5.424016e-15 0.000000e+00
156 159 1.307482e-03 2.608770e-03 1 1 1 1 1.811998e-15 0.000000e+00
156 160 1.307482e-03 3.284247e-03 1 1 1 1 5.860321e-16 0.000000e+00
156 161 1.307482e-03 4.134622e-03 1 1 1 1 1.853228e-16 0.000000e+00
156 162 1.307482e-03 5.205181e-03 1 1 1 1 5.792407e-17 0.000000e+00
156 163 1.307482e-03 6.552935e-03 1 1 1 1 1.806897e-17 0.000000e+00
156 164 1.307482e-03 8.249656e-03 1 1 1 1 5.752341e-18 0.000000e+00
157 154 1.646023e-03 8.249656e-04 1 1 1 1 2.307251e-15 0.000000e+00
157 155 1.646023e-03 1.038570e-03 1 1 1 1 5.944306e-15 0.000000e+00
157 156 1.646023e-03 1.307482e-03 1 1 1 1 1.538767e-14 0.000000e+00
157 157 1.646023e-03 1.646023e-03 1 1 1 1 1.004195e-11 0.000000e+00
157 158 1.646023e-03 2.072220e-03 1 1 1 1 1.440470e-14 0.000000e+00
157 159 1.646023e-03 2.608770e-03 1 1 1 1 4.804346e-15 0.000000e+00
157 160 1.646023e-03 3.284247e-03 1 1 1 1 1.534013e-15 0.000000e+00
157 161 1.646023e-03 4.134622e-03 1 1 1 1 4.793192e-16 0.000000e+00
157 162 1.646023e-03 5.205181e-03 1 1 1 1 1.483659e-16 0.000000e+00
157 163 1.646023e-03 6.552935e-03 1 1 1 1 4.592575e-17 0.000000e+00
157 164 1.646023e-03 8.249656e-03 1 1 1 1 1.446776e-17 0.000000e+00
158 154 2.072220e-03 8.249656e-04 1 1 1 1 8.066193e-16 0.000000e+00
158 155 2.072220e-03 1.038570e-03 1 1 1 1 2.076923e-15 0.000000e+00
158 156 2.072220e-03 1.307482e-03 1 1 1 1 5.424016e-15 0.000000e+00
158 157 2.072220e-03 1.646023e-03 1 1 1 1 1.440470e-14 0.000000e+00
158 158 2.072220e-03 2.072220e-03 1 1 1 1 6.366919e-12 0.000000e+00
158 159 2.072220e-03 2.608770e-03 1 1 1 1 1.314719e-14 0.000000e+00
158 160 2.072220e-03 3.284247e-03 1 1 1 1 4.132270e-15 0.000000e+00
158 161 2.072220e-03 4.134622e-03 1 1 1 1 1.264463e-15 0.000000e+00
158 162 2.072220e-03 5.205181e-03 1 1 1 1 3.848287e-16 0.000000e+00
158 163 2.072220e-03 6.552935e-03 1 1 1 1 1.177672e-16 0.000000e+00
158 164 2.072220e-03 8.249656e-03 1 1 1 1 3.682479e-17 0.000000e+00
159 154 2.608770e-03 8.249656e-04 1 1 1 1 2.723455e-16 0.000000e+00
159 155 2.608770e-03 1.038570e-03 1 1 1 1 6.980685e-16 0.000000e+00
159 156 2.608770e-03 1.307482e-03 1 1 1 1 1.811998e-15 0.000000e+00
159 157 2.608770e-03 1.646023e-03 1 1 1 1 4.804346e-15 0.000000e+00
159 158 2.608770e-03 2.072220e-03 1 1 1 1 1.314719e-14 0.000000e+00
159 159 2.608770e-03 2.608770e-03 1 1 1 1 4.034280e-12 0.000000e+00
159 160 2.608770e-03 3.284247e-03 1 1 1 1 1.169478e-14 0.000000e+00
159 161 2.608770e-03 4.134622e-03 1 1 1 1 3.458949e-15 0.000000e+00
159 162 2.608770e-03 5.205181e-03 1 1 1 1 1.021242e-15 0.000000e+00
159 163 2.608770e-03 6.552935e-03 1 1 1 1 3.060917e-16 0.000000e+00
159 164 2.608770e-03 8.249656e-03 1 1 1 1 9.423223e-17 0.000000e+00
160 154 3.284247e-03 8.249656e-04 1 1 1 1 8.922640e-17 0.000000e+00
160 155 3.284247e-03 1.038570e-03 1 1 1 1 2.275476e-16 0.000000e+00
160 156 3.284247e-03 1.307482e-03 1 1 1 1 5.860321e-16 0.000000e+00
160 157 3.284247e-03 1.646023e-03 1 1 1 1 1.534013e-15 0.000000e+00
160 158 3.284247e-03 2.072220e-03 1 1 1 1 4.132270e-15 0.000000e+00
160 159 3.284247e-03 2.608770e-03 1 1 1 1 1.169478e-14 0.000000e+00
160 160 3.284247e-03 3.284247e-03 1 1 1 1 2.554807e-12 0.000000e+00
160 161 3.284247e-03 4.134622e-03 1 1 1 1 1.014745e-14 0.000000e+00
160 162 3.284247e-03 5.205181e-03 1 1 1 1 2.830706e-15 0.000000e+00
160 163 3.284247e-03 6.552935e-03 1 1 1 1 8.152602e-16 0.000000e+00
160 164 3.284247e-03 8.249656e-03 1 1 1 1 2.445500e-16 0.000000e+00
161 154 4.134622e-03 8.249656e-04 1 1 1 1 2.855890e-17 0.000000e+00
161 155 4.134622e-03 1.038570e-03 1 1 1 1 7.248764e-17 0.000000e+00
161 156 4.134622e-03 1.307482e-03 1 1 1 1 1.853228e-16 0.000000e+00
161 157 4.134622e-03 1.646023e-03 1 1 1 1 4.793192e-16 0.000000e+00
161 158 4.134622e-03 2.072220e-03 1 1 1 1 1.264463e-15 0.000000e+00
161 159 4.134622e-03 2.608770e-03 1 1 1 1 3.458949e-15 0.000000e+00
161 160 4.134622e-03 3.284247e-03 1 1 1 1 1.014745e-14 0.000000e+00
161 161 4.134622e-03 4.134622e-03 1 1 1 1 1.619138e-12 0.000000e+00
161 162 4.134622e-03 5.205181e-03 1 1 1 1 8.608163e-15 0.000000e+00
161 163 4.134622e-03 6.552935e-03 1 1 1 1 2.280997e-15 0.000000e+00
161 164 4.134622e-03 8.249656e-03 1 1 1 1 6.510386e-16 0.000000e+00
162 154 5.205181e-03 8.249656e-04 1 1 1 1 8.974075e-18 0.000000e+00
162 155 5.205181e-03 1.038570e-03 1 1 1 1 2.280179e-17 0.000000e+00
162 156 5.205181e-03 1.307482e-03 1 1 1 1 5.792407e-17 0.000000e+00
162 157 5.205181e-03 1.646023e-03 1 1 1 1 1.483659e-16 0.000000e+00
162 158 5.205181e-03 2.072220e-03 1 1 1 1 3.848287e-16 0.000000e+00
162 159 5.205181e-03 2.608770e-03 1 1 1 1 1.021242e-15 0.000000e+00
162 160 5.205181e-03 3.284247e-03 1 1 1 1 2.830706e-15 0.000000e+00
162 161 5.205181e-03 4.134622e-03 1 1 1 1 8.608163e-15 0.000000e+00
162 162 5.205181e-03 5.205181e-03 1 1 1 1 1.026063e-12 0.000000e+00
162 163 5.205181e-03 6.552935e-03 1 1 1 1 7.167346e-15 0.000000e+00
162 164 5.205181e-03 8.249656e-03 1 1 1 1 1.827498e-15 0.000000e+00
163 154 6.552935e-03 8.249656e-04 1 1 1 1 2.833658e-18 0.000000e+00
163 155 6.552935e-03 1.038570e-03 1 1 1 1 7.118559e-18 0.000000e+00
163 156 6.552935e-03 1.307482e-03 1 1 1 1 1.806897e-17 0.000000e+00
163 157 6.552935e-03 1.646023e-03 1 1 1 1 4.592575e-17 0.000000e+00
163 158 6.552935e-03 2.072220e-03 1 1 1 1 1.177672e-16 0.000000e+00
163 159 6.552935e-03 2.608770e-03 1 1 1 1 3.060917e-16 0.000000e+00
163 160 6.552935e-03 3.284247e-03 1 1 1 1 8.152602e-16 0.000000e+00
163 161 6.552935e-03 4.134622e-03 1 1 1 1 2.280997e-15 0.000000e+00
163 162 6.552935e-03 5.205181e-03 1 1 1 1 7.167346e-15 0.000000e+00
163 163 6.552935e-03 6.552935e-03 1 1 1 1 6.500203e-13 0.000000e+00
163 164 6.552935e-03 8.249656e-03 1 1 1 1 5.890063e-15 0.000000e+00
164 154 8.249656e-03 8.249656e-04 1 1 1 1 8.852833e-19 0.000000e+00
164 155 8.249656e-03 1.038570e-03 1 1 1 1 2.257573e-18 0.000000e+00
164 156 8.249656e-03 1.307482e-03 1 1 1 1 5.752341e-18 0.000000e+00
164 157 8.249656e-03 1.646023e-03 1 1 1 1 1.446776e-17 0.000000e+00
164 158 8.249656e-03 2.072220e-03 1 1 1 1 3.682479e-17 0.000000e+00
164 159 8.249656e-03 2.608770e-03 1 1 1 1 9.423223e-17 0.000000e+00
164 160 8.249656e-03 3.284247e-03 1 1 1 1 2.445500e-16 0.000000e+00
164 161 8.249656e-03 4.134622e-03 1 1 1 1 6.510386e-16 0.000000e+00
164 162 8.249656e-03 5.205181e-03 1 1 1 1 1.827498e-15 0.000000e+00
164 163 8.249656e-03 6.552935e-03 1 1 1 1 5.890063e-15 0.000000e+00
164 164 8.249656e-03 8.249656e-03 1 1 1 1 4.120170e-13 0.000000e+00
