# Please cite the following papers in research using this covariance:
# arXiv: 1601.05779, https://arxiv.org/abs/1601.05779
# arXiv: 1911.11947, https://arxiv.org/abs/1911.11947
# arXiv: 2004.04833, https://arxiv.org/abs/2004.04833
# arXiv: 1804.10663, https://arxiv.org/abs/1804.10663
########################################################
77 154 8.249656e-04 8.249656e-04 2 2 1 1 0.000000e+00 0.000000e+00
77 155 8.249656e-04 1.038570e-03 2 2 1 1 -2.797576e-17 0.000000e+00
77 156 8.249656e-04 1.307482e-03 2 2 1 1 3.164913e-17 0.000000e+00
77 157 8.249656e-04 1.646023e-03 2 2 1 1 1.830299e-16 0.000000e+00
77 158 8.249656e-04 2.072220e-03 2 2 1 1 4.115721e-16 0.000000e+00
77 159 8.249656e-04 2.608770e-03 2 2 1 1 6.844516e-16 0.000000e+00
77 160 8.249656e-04 3.284247e-03 2 2 1 1 9.667230e-16 0.000000e+00
77 161 8.249656e-04 4.134622e-03 2 2 1 1 1.231621e-15 0.000000e+00
77 162 8.249656e-04 5.205181e-03 2 2 1 1 1.465608e-15 0.000000e+00
77 163 8.249656e-04 6.552935e-03 2 2 1 1 1.669564e-15 0.000000e+00
77 164 8.249656e-04 8.249656e-03 2 2 1 1 1.857005e-15 0.000000e+00
78 154 1.038570e-03 8.249656e-04 2 2 1 1 -1.534570e-17 0.000000e+00
78 155 1.038570e-03 1.038570e-03 2 2 1 1 0.000000e+00 0.000000e+00
78 156 1.038570e-03 1.307482e-03 2 2 1 1 -5.299039e-17 0.000000e+00
78 157 1.038570e-03 1.646023e-03 2 2 1 1 2.246116e-17 0.000000e+00
78 158 1.038570e-03 2.072220e-03 2 2 1 1 2.160118e-16 0.000000e+00
78 159 1.038570e-03 2.608770e-03 2 2 1 1 4.936916e-16 0.000000e+00
78 160 1.038570e-03 3.284247e-03 2 2 1 1 8.041913e-16 0.000000e+00
78 161 1.038570e-03 4.134622e-03 2 2 1 1 1.105181e-15 0.000000e+00
78 162 1.038570e-03 5.205181e-03 2 2 1 1 1.373227e-15 0.000000e+00
78 163 1.038570e-03 6.552935e-03 2 2 1 1 1.604784e-15 0.000000e+00
78 164 1.038570e-03 8.249656e-03 2 2 1 1 1.812565e-15 0.000000e+00
79 154 1.307482e-03 8.249656e-04 2 2 1 1 -7.908750e-18 0.000000e+00
79 155 1.307482e-03 1.038570e-03 2 2 1 1 -2.276712e-17 0.000000e+00
79 156 1.307482e-03 1.307482e-03 2 2 1 1 0.000000e+00 0.000000e+00
79 157 1.307482e-03 1.646023e-03 2 2 1 1 -8.813443e-17 0.000000e+00
79 158 1.307482e-03 2.072220e-03 2 2 1 1 5.371962e-18 0.000000e+00
79 159 1.307482e-03 2.608770e-03 2 2 1 1 2.466939e-16 0.000000e+00
79 160 1.307482e-03 3.284247e-03 2 2 1 1 5.738653e-16 0.000000e+00
79 161 1.307482e-03 4.134622e-03 2 2 1 1 9.171825e-16 0.000000e+00
79 162 1.307482e-03 5.205181e-03 2 2 1 1 1.232159e-15 0.000000e+00
79 163 1.307482e-03 6.552935e-03 2 2 1 1 1.504353e-15 0.000000e+00
79 164 1.307482e-03 8.249656e-03 2 2 1 1 1.743067e-15 0.000000e+00
80 154 1.646023e-03 8.249656e-04 2 2 1 1 -3.410451e-18 0.000000e+00
80 155 1.646023e-03 1.038570e-03 2 2 1 1 -1.054430e-17 0.000000e+00
80 156 1.646023e-03 1.307482e-03 2 2 1 1 -2.992107e-17 0.000000e+00
80 157 1.646023e-03 1.646023e-03 2 2 1 1 0.000000e+00 0.000000e+00
80 158 1.646023e-03 2.072220e-03 2 2 1 1 -1.333280e-16 0.000000e+00
80 159 1.646023e-03 2.608770e-03 2 2 1 1 -1.870757e-17 0.000000e+00
80 160 1.646023e-03 3.284247e-03 2 2 1 1 2.746209e-16 0.000000e+00
80 161 1.646023e-03 4.134622e-03 2 2 1 1 6.498655e-16 0.000000e+00
80 162 1.646023e-03 5.205181e-03 2 2 1 1 1.021926e-15 0.000000e+00
80 163 1.646023e-03 6.552935e-03 2 2 1 1 1.350793e-15 0.000000e+00
80 164 1.646023e-03 8.249656e-03 2 2 1 1 1.635261e-15 0.000000e+00
81 154 2.072220e-03 8.249656e-04 2 2 1 1 -1.128521e-18 0.000000e+00
81 155 2.072220e-03 1.038570e-03 2 2 1 1 -4.274985e-18 0.000000e+00
81 156 2.072220e-03 1.307482e-03 2 2 1 1 -1.190803e-17 0.000000e+00
81 157 2.072220e-03 1.646023e-03 2 2 1 1 -3.593634e-17 0.000000e+00
81 158 2.072220e-03 2.072220e-03 2 2 1 1 0.000000e+00 0.000000e+00
81 159 2.072220e-03 2.608770e-03 2 2 1 1 -1.862458e-16 0.000000e+00
81 160 2.072220e-03 3.284247e-03 2 2 1 1 -4.722888e-17 0.000000e+00
81 161 2.072220e-03 4.134622e-03 2 2 1 1 3.008838e-16 0.000000e+00
81 162 2.072220e-03 5.205181e-03 2 2 1 1 7.218927e-16 0.000000e+00
81 163 2.072220e-03 6.552935e-03 2 2 1 1 1.121458e-15 0.000000e+00
81 164 2.072220e-03 8.249656e-03 2 2 1 1 1.470270e-15 0.000000e+00
82 154 2.608770e-03 8.249656e-04 2 2 1 1 -1.273140e-19 0.000000e+00
82 155 2.608770e-03 1.038570e-03 2 2 1 1 -1.549270e-18 0.000000e+00
82 156 2.608770e-03 1.307482e-03 2 2 1 1 -4.121521e-18 0.000000e+00
82 157 2.608770e-03 1.646023e-03 2 2 1 1 -1.200206e-17 0.000000e+00
82 158 2.608770e-03 2.072220e-03 2 2 1 1 -3.961312e-17 0.000000e+00
82 159 2.608770e-03 2.608770e-03 2 2 1 1 0.000000e+00 0.000000e+00
82 160 2.608770e-03 3.284247e-03 2 2 1 1 -2.432056e-16 0.000000e+00
82 161 2.608770e-03 4.134622e-03 2 2 1 1 -7.611631e-17 0.000000e+00
82 162 2.608770e-03 5.205181e-03 2 2 1 1 3.279485e-16 0.000000e+00
82 163 2.608770e-03 6.552935e-03 2 2 1 1 7.930077e-16 0.000000e+00
82 164 2.608770e-03 8.249656e-03 2 2 1 1 1.223470e-15 0.000000e+00
83 154 3.284247e-03 8.249656e-04 2 2 1 1 2.523765e-19 0.000000e+00
83 155 3.284247e-03 1.038570e-03 2 2 1 1 -5.274819e-19 0.000000e+00
83 156 3.284247e-03 1.307482e-03 2 2 1 1 -1.256504e-18 0.000000e+00
83 157 3.284247e-03 1.646023e-03 2 2 1 1 -3.409282e-18 0.000000e+00
83 158 3.284247e-03 2.072220e-03 2 2 1 1 -1.088443e-17 0.000000e+00
83 159 3.284247e-03 2.608770e-03 2 2 1 1 -3.977361e-17 0.000000e+00
83 160 3.284247e-03 3.284247e-03 2 2 1 1 0.000000e+00 0.000000e+00
83 161 3.284247e-03 4.134622e-03 2 2 1 1 -2.996658e-16 0.000000e+00
83 162 3.284247e-03 5.205181e-03 2 2 1 1 -1.007835e-16 0.000000e+00
83 163 3.284247e-03 6.552935e-03 2 2 1 1 3.591971e-16 0.000000e+00
83 164 3.284247e-03 8.249656e-03 2 2 1 1 8.690095e-16 0.000000e+00
84 154 4.134622e-03 8.249656e-04 2 2 1 1 3.751998e-19 0.000000e+00
84 155 4.134622e-03 1.038570e-03 2 2 1 1 -2.005929e-19 0.000000e+00
84 156 4.134622e-03 1.307482e-03 2 2 1 1 -3.568568e-19 0.000000e+00
84 157 4.134622e-03 1.646023e-03 2 2 1 1 -7.903385e-19 0.000000e+00
84 158 4.134622e-03 2.072220e-03 2 2 1 1 -2.523647e-18 0.000000e+00
84 159 4.134622e-03 2.608770e-03 2 2 1 1 -8.640405e-18 0.000000e+00
84 160 4.134622e-03 3.284247e-03 2 2 1 1 -3.638898e-17 0.000000e+00
84 161 4.134622e-03 4.134622e-03 2 2 1 1 0.000000e+00 0.000000e+00
84 162 4.134622e-03 5.205181e-03 2 2 1 1 -3.514395e-16 0.000000e+00
84 163 4.134622e-03 6.552935e-03 2 2 1 1 -1.173678e-16 0.000000e+00
84 164 4.134622e-03 8.249656e-03 2 2 1 1 3.984144e-16 0.000000e+00
85 154 5.205181e-03 8.249656e-04 2 2 1 1 4.077247e-19 0.000000e+00
85 155 5.205181e-03 1.038570e-03 2 2 1 1 -1.144006e-19 0.000000e+00
85 156 5.205181e-03 1.307482e-03 2 2 1 1 -1.228472e-19 0.000000e+00
85 157 5.205181e-03 1.646023e-03 2 2 1 1 -1.244407e-19 0.000000e+00
85 158 5.205181e-03 2.072220e-03 2 2 1 1 -4.815447e-19 0.000000e+00
85 159 5.205181e-03 2.608770e-03 2 2 1 1 -1.553267e-18 0.000000e+00
85 160 5.205181e-03 3.284247e-03 2 2 1 1 -5.986946e-18 0.000000e+00
85 161 5.205181e-03 4.134622e-03 2 2 1 1 -3.043486e-17 0.000000e+00
85 162 5.205181e-03 5.205181e-03 2 2 1 1 0.000000e+00 0.000000e+00
85 163 5.205181e-03 6.552935e-03 2 2 1 1 -3.958630e-16 0.000000e+00
85 164 5.205181e-03 8.249656e-03 2 2 1 1 -1.236921e-16 0.000000e+00
86 154 6.552935e-03 8.249656e-04 2 2 1 1 4.139148e-19 0.000000e+00
86 155 6.552935e-03 1.038570e-03 2 2 1 1 -9.753740e-20 0.000000e+00
86 156 6.552935e-03 1.307482e-03 2 2 1 1 -7.723802e-20 0.000000e+00
86 157 6.552935e-03 1.646023e-03 2 2 1 1 4.459986e-21 0.000000e+00
86 158 6.552935e-03 2.072220e-03 2 2 1 1 -9.257601e-20 0.000000e+00
86 159 6.552935e-03 2.608770e-03 2 2 1 1 -2.543831e-19 0.000000e+00
86 160 6.552935e-03 3.284247e-03 2 2 1 1 -8.765535e-19 0.000000e+00
86 161 6.552935e-03 4.134622e-03 2 2 1 1 -3.770083e-18 0.000000e+00
86 162 6.552935e-03 5.205181e-03 2 2 1 1 -2.373906e-17 0.000000e+00
86 163 6.552935e-03 6.552935e-03 2 2 1 1 0.000000e+00 0.000000e+00
86 164 6.552935e-03 8.249656e-03 2 2 1 1 -4.326231e-16 0.000000e+00
87 154 8.249656e-03 8.249656e-04 2 2 1 1 4.144899e-19 0.000000e+00
87 155 8.249656e-03 1.038570e-03 2 2 1 1 -9.518195e-20 0.000000e+00
87 156 8.249656e-03 1.307482e-03 2 2 1 1 -7.119714e-20 0.000000e+00
87 157 8.249656e-03 1.646023e-03 2 2 1 1 2.110633e-20 0.000000e+00
87 158 8.249656e-03 2.072220e-03 2 2 1 1 -4.272041e-20 0.000000e+00
87 159 8.249656e-03 2.608770e-03 2 2 1 1 -8.949604e-20 0.000000e+00
87 160 8.249656e-03 3.284247e-03 2 2 1 1 -2.417126e-19 0.000000e+00
87 161 8.249656e-03 4.134622e-03 2 2 1 1 -7.268798e-19 0.000000e+00
87 162 8.249656e-03 5.205181e-03 2 2 1 1 -2.754307e-18 0.000000e+00
87 163 8.249656e-03 6.552935e-03 2 2 1 1 -1.855005e-17 0.000000e+00
87 164 8.249656e-03 8.249656e-03 2 2 1 1 0.000000e+00 0.000000e+00
