# Please cite the following papers in research using this covariance:
# arXiv: 1601.05779, https://arxiv.org/abs/1601.05779
# arXiv: 1911.11947, https://arxiv.org/abs/1911.11947
# arXiv: 2004.04833, https://arxiv.org/abs/2004.04833
# arXiv: 1804.10663, https://arxiv.org/abs/1804.10663
########################################################
11 77 8.249656e-04 8.249656e-04 0 1 2 2 0.000000e+00 0.000000e+00
11 78 8.249656e-04 1.038570e-03 0 1 2 2 4.922282e-14 0.000000e+00
11 79 8.249656e-04 1.307482e-03 0 1 2 2 4.858007e-14 0.000000e+00
11 80 8.249656e-04 1.646023e-03 0 1 2 2 4.775050e-14 0.000000e+00
11 81 8.249656e-04 2.072220e-03 0 1 2 2 4.675680e-14 0.000000e+00
11 82 8.249656e-04 2.608770e-03 0 1 2 2 4.562252e-14 0.000000e+00
11 83 8.249656e-04 3.284247e-03 0 1 2 2 4.436390e-14 0.000000e+00
11 84 8.249656e-04 4.134622e-03 0 1 2 2 4.298415e-14 0.000000e+00
11 85 8.249656e-04 5.205181e-03 0 1 2 2 4.147050e-14 0.000000e+00
11 86 8.249656e-04 6.552935e-03 0 1 2 2 3.979480e-14 0.000000e+00
11 87 8.249656e-04 8.249656e-03 0 1 2 2 3.791714e-14 0.000000e+00
12 77 1.038570e-03 8.249656e-04 0 1 2 2 4.922282e-14 0.000000e+00
12 78 1.038570e-03 1.038570e-03 0 1 2 2 0.000000e+00 0.000000e+00
12 79 1.038570e-03 1.307482e-03 0 1 2 2 4.839405e-14 0.000000e+00
12 80 1.038570e-03 1.646023e-03 0 1 2 2 4.764555e-14 0.000000e+00
12 81 1.038570e-03 2.072220e-03 0 1 2 2 4.669885e-14 0.000000e+00
12 82 1.038570e-03 2.608770e-03 0 1 2 2 4.558946e-14 0.000000e+00
12 83 1.038570e-03 3.284247e-03 0 1 2 2 4.434316e-14 0.000000e+00
12 84 1.038570e-03 4.134622e-03 0 1 2 2 4.296946e-14 0.000000e+00
12 85 1.038570e-03 5.205181e-03 0 1 2 2 4.145916e-14 0.000000e+00
12 86 1.038570e-03 6.552935e-03 0 1 2 2 3.978581e-14 0.000000e+00
12 87 1.038570e-03 8.249656e-03 0 1 2 2 3.791012e-14 0.000000e+00
13 77 1.307482e-03 8.249656e-04 0 1 2 2 4.858007e-14 0.000000e+00
13 78 1.307482e-03 1.038570e-03 0 1 2 2 4.839405e-14 0.000000e+00
13 79 1.307482e-03 1.307482e-03 0 1 2 2 0.000000e+00 0.000000e+00
13 80 1.307482e-03 1.646023e-03 0 1 2 2 4.745493e-14 0.000000e+00
13 81 1.307482e-03 2.072220e-03 0 1 2 2 4.659720e-14 0.000000e+00
13 82 1.307482e-03 2.608770e-03 0 1 2 2 4.553370e-14 0.000000e+00
13 83 1.307482e-03 3.284247e-03 0 1 2 2 4.430938e-14 0.000000e+00
13 84 1.307482e-03 4.134622e-03 0 1 2 2 4.294608e-14 0.000000e+00
13 85 1.307482e-03 5.205181e-03 0 1 2 2 4.144132e-14 0.000000e+00
13 86 1.307482e-03 6.552935e-03 0 1 2 2 3.977174e-14 0.000000e+00
13 87 1.307482e-03 8.249656e-03 0 1 2 2 3.789921e-14 0.000000e+00
14 77 1.646023e-03 8.249656e-04 0 1 2 2 4.775050e-14 0.000000e+00
14 78 1.646023e-03 1.038570e-03 0 1 2 2 4.764555e-14 0.000000e+00
14 79 1.646023e-03 1.307482e-03 0 1 2 2 4.745493e-14 0.000000e+00
14 80 1.646023e-03 1.646023e-03 0 1 2 2 0.000000e+00 0.000000e+00
14 81 1.646023e-03 2.072220e-03 0 1 2 2 4.640559e-14 0.000000e+00
14 82 1.646023e-03 2.608770e-03 0 1 2 2 4.543468e-14 0.000000e+00
14 83 1.646023e-03 3.284247e-03 0 1 2 2 4.425261e-14 0.000000e+00
14 84 1.646023e-03 4.134622e-03 0 1 2 2 4.290818e-14 0.000000e+00
14 85 1.646023e-03 5.205181e-03 0 1 2 2 4.141286e-14 0.000000e+00
14 86 1.646023e-03 6.552935e-03 0 1 2 2 3.974939e-14 0.000000e+00
14 87 1.646023e-03 8.249656e-03 0 1 2 2 3.788189e-14 0.000000e+00
15 77 2.072220e-03 8.249656e-04 0 1 2 2 4.675680e-14 0.000000e+00
15 78 2.072220e-03 1.038570e-03 0 1 2 2 4.669885e-14 0.000000e+00
15 79 2.072220e-03 1.307482e-03 0 1 2 2 4.659720e-14 0.000000e+00
15 80 2.072220e-03 1.646023e-03 0 1 2 2 4.640559e-14 0.000000e+00
15 81 2.072220e-03 2.072220e-03 0 1 2 2 0.000000e+00 0.000000e+00
15 82 2.072220e-03 2.608770e-03 0 1 2 2 4.524270e-14 0.000000e+00
15 83 2.072220e-03 3.284247e-03 0 1 2 2 4.415240e-14 0.000000e+00
15 84 2.072220e-03 4.134622e-03 0 1 2 2 4.284550e-14 0.000000e+00
15 85 2.072220e-03 5.205181e-03 0 1 2 2 4.136713e-14 0.000000e+00
15 86 2.072220e-03 6.552935e-03 0 1 2 2 3.971382e-14 0.000000e+00
15 87 2.072220e-03 8.249656e-03 0 1 2 2 3.785434e-14 0.000000e+00
16 77 2.608770e-03 8.249656e-04 0 1 2 2 4.562252e-14 0.000000e+00
16 78 2.608770e-03 1.038570e-03 0 1 2 2 4.558946e-14 0.000000e+00
16 79 2.608770e-03 1.307482e-03 0 1 2 2 4.553370e-14 0.000000e+00
16 80 2.608770e-03 1.646023e-03 0 1 2 2 4.543468e-14 0.000000e+00
16 81 2.608770e-03 2.072220e-03 0 1 2 2 4.524270e-14 0.000000e+00
16 82 2.608770e-03 2.608770e-03 0 1 2 2 0.000000e+00 0.000000e+00
16 83 2.608770e-03 3.284247e-03 0 1 2 2 4.395679e-14 0.000000e+00
16 84 2.608770e-03 4.134622e-03 0 1 2 2 4.273751e-14 0.000000e+00
16 85 2.608770e-03 5.205181e-03 0 1 2 2 4.129291e-14 0.000000e+00
16 86 2.608770e-03 6.552935e-03 0 1 2 2 3.965712e-14 0.000000e+00
16 87 2.608770e-03 8.249656e-03 0 1 2 2 3.781062e-14 0.000000e+00
17 77 3.284247e-03 8.249656e-04 0 1 2 2 4.436390e-14 0.000000e+00
17 78 3.284247e-03 1.038570e-03 0 1 2 2 4.434316e-14 0.000000e+00
17 79 3.284247e-03 1.307482e-03 0 1 2 2 4.430938e-14 0.000000e+00
17 80 3.284247e-03 1.646023e-03 0 1 2 2 4.425261e-14 0.000000e+00
17 81 3.284247e-03 2.072220e-03 0 1 2 2 4.415240e-14 0.000000e+00
17 82 3.284247e-03 2.608770e-03 0 1 2 2 4.395679e-14 0.000000e+00
17 83 3.284247e-03 3.284247e-03 0 1 2 2 0.000000e+00 0.000000e+00
17 84 3.284247e-03 4.134622e-03 0 1 2 2 4.253077e-14 0.000000e+00
17 85 3.284247e-03 5.205181e-03 0 1 2 2 4.116868e-14 0.000000e+00
17 86 3.284247e-03 6.552935e-03 0 1 2 2 3.956611e-14 0.000000e+00
17 87 3.284247e-03 8.249656e-03 0 1 2 2 3.774103e-14 0.000000e+00
18 77 4.134622e-03 8.249656e-04 0 1 2 2 4.298415e-14 0.000000e+00
18 78 4.134622e-03 1.038570e-03 0 1 2 2 4.296946e-14 0.000000e+00
18 79 4.134622e-03 1.307482e-03 0 1 2 2 4.294608e-14 0.000000e+00
18 80 4.134622e-03 1.646023e-03 0 1 2 2 4.290818e-14 0.000000e+00
18 81 4.134622e-03 2.072220e-03 0 1 2 2 4.284550e-14 0.000000e+00
18 82 4.134622e-03 2.608770e-03 0 1 2 2 4.273751e-14 0.000000e+00
18 83 4.134622e-03 3.284247e-03 0 1 2 2 4.253077e-14 0.000000e+00
18 84 4.134622e-03 4.134622e-03 0 1 2 2 0.000000e+00 0.000000e+00
18 85 4.134622e-03 5.205181e-03 0 1 2 2 4.094023e-14 0.000000e+00
18 86 4.134622e-03 6.552935e-03 0 1 2 2 3.941728e-14 0.000000e+00
18 87 4.134622e-03 8.249656e-03 0 1 2 2 3.762986e-14 0.000000e+00
19 77 5.205181e-03 8.249656e-04 0 1 2 2 4.147050e-14 0.000000e+00
19 78 5.205181e-03 1.038570e-03 0 1 2 2 4.145916e-14 0.000000e+00
19 79 5.205181e-03 1.307482e-03 0 1 2 2 4.144132e-14 0.000000e+00
19 80 5.205181e-03 1.646023e-03 0 1 2 2 4.141286e-14 0.000000e+00
19 81 5.205181e-03 2.072220e-03 0 1 2 2 4.136713e-14 0.000000e+00
19 82 5.205181e-03 2.608770e-03 0 1 2 2 4.129291e-14 0.000000e+00
19 83 5.205181e-03 3.284247e-03 0 1 2 2 4.116868e-14 0.000000e+00
19 84 5.205181e-03 4.134622e-03 0 1 2 2 4.094023e-14 0.000000e+00
19 85 5.205181e-03 5.205181e-03 0 1 2 2 0.000000e+00 0.000000e+00
19 86 5.205181e-03 6.552935e-03 0 1 2 2 3.915538e-14 0.000000e+00
19 87 5.205181e-03 8.249656e-03 0 1 2 2 3.745031e-14 0.000000e+00
20 77 6.552935e-03 8.249656e-04 0 1 2 2 3.979480e-14 0.000000e+00
20 78 6.552935e-03 1.038570e-03 0 1 2 2 3.978581e-14 0.000000e+00
20 79 6.552935e-03 1.307482e-03 0 1 2 2 3.977174e-14 0.000000e+00
20 80 6.552935e-03 1.646023e-03 0 1 2 2 3.974939e-14 0.000000e+00
20 81 6.552935e-03 2.072220e-03 0 1 2 2 3.971382e-14 0.000000e+00
20 82 6.552935e-03 2.608770e-03 0 1 2 2 3.965712e-14 0.000000e+00
20 83 6.552935e-03 3.284247e-03 0 1 2 2 3.956611e-14 0.000000e+00
20 84 6.552935e-03 4.134622e-03 0 1 2 2 3.941728e-14 0.000000e+00
20 85 6.552935e-03 5.205181e-03 0 1 2 2 3.915538e-14 0.000000e+00
20 86 6.552935e-03 6.552935e-03 0 1 2 2 0.000000e+00 0.000000e+00
20 87 6.552935e-03 8.249656e-03 0 1 2 2 3.714490e-14 0.000000e+00
21 77 8.249656e-03 8.249656e-04 0 1 2 2 3.791714e-14 0.000000e+00
21 78 8.249656e-03 1.038570e-03 0 1 2 2 3.791012e-14 0.000000e+00
21 79 8.249656e-03 1.307482e-03 0 1 2 2 3.789921e-14 0.000000e+00
21 80 8.249656e-03 1.646023e-03 0 1 2 2 3.788189e-14 0.000000e+00
21 81 8.249656e-03 2.072220e-03 0 1 2 2 3.785434e-14 0.000000e+00
21 82 8.249656e-03 2.608770e-03 0 1 2 2 3.781062e-14 0.000000e+00
21 83 8.249656e-03 3.284247e-03 0 1 2 2 3.774103e-14 0.000000e+00
21 84 8.249656e-03 4.134622e-03 0 1 2 2 3.762986e-14 0.000000e+00
21 85 8.249656e-03 5.205181e-03 0 1 2 2 3.745031e-14 0.000000e+00
21 86 8.249656e-03 6.552935e-03 0 1 2 2 3.714490e-14 0.000000e+00
21 87 8.249656e-03 8.249656e-03 0 1 2 2 0.000000e+00 0.000000e+00
