# Please cite the following papers in research using this covariance:
# arXiv: 1601.05779, https://arxiv.org/abs/1601.05779
# arXiv: 1911.11947, https://arxiv.org/abs/1911.11947
# arXiv: 2004.04833, https://arxiv.org/abs/2004.04833
# arXiv: 1804.10663, https://arxiv.org/abs/1804.10663
########################################################
154 187 8.249656e-04 8.249656e-04 1 1 2 2 0.000000e+00 0.000000e+00
154 188 8.249656e-04 1.038570e-03 1 1 2 2 5.668533e-17 0.000000e+00
154 189 8.249656e-04 1.307482e-03 1 1 2 2 4.161767e-17 0.000000e+00
154 190 8.249656e-04 1.646023e-03 1 1 2 2 2.571224e-17 0.000000e+00
154 191 8.249656e-04 2.072220e-03 1 1 2 2 1.416694e-17 0.000000e+00
154 192 8.249656e-04 2.608770e-03 1 1 2 2 7.152518e-18 0.000000e+00
154 193 8.249656e-04 3.284247e-03 1 1 2 2 3.365448e-18 0.000000e+00
154 194 8.249656e-04 4.134622e-03 1 1 2 2 1.497104e-18 0.000000e+00
154 195 8.249656e-04 5.205181e-03 1 1 2 2 6.396611e-19 0.000000e+00
154 196 8.249656e-04 6.552935e-03 1 1 2 2 2.669145e-19 0.000000e+00
154 197 8.249656e-04 8.249656e-03 1 1 2 2 1.111764e-19 0.000000e+00
155 187 1.038570e-03 8.249656e-04 1 1 2 2 5.668533e-17 0.000000e+00
155 188 1.038570e-03 1.038570e-03 1 1 2 2 0.000000e+00 0.000000e+00
155 189 1.038570e-03 1.307482e-03 1 1 2 2 8.338753e-17 0.000000e+00
155 190 1.038570e-03 1.646023e-03 1 1 2 2 5.806023e-17 0.000000e+00
155 191 1.038570e-03 2.072220e-03 1 1 2 2 3.379680e-17 0.000000e+00
155 192 1.038570e-03 2.608770e-03 1 1 2 2 1.752942e-17 0.000000e+00
155 193 1.038570e-03 3.284247e-03 1 1 2 2 8.359249e-18 0.000000e+00
155 194 1.038570e-03 4.134622e-03 1 1 2 2 3.742699e-18 0.000000e+00
155 195 1.038570e-03 5.205181e-03 1 1 2 2 1.603687e-18 0.000000e+00
155 196 1.038570e-03 6.552935e-03 1 1 2 2 6.699658e-19 0.000000e+00
155 197 1.038570e-03 8.249656e-03 1 1 2 2 2.791410e-19 0.000000e+00
156 187 1.307482e-03 8.249656e-04 1 1 2 2 4.161767e-17 0.000000e+00
156 188 1.307482e-03 1.038570e-03 1 1 2 2 8.338753e-17 0.000000e+00
156 189 1.307482e-03 1.307482e-03 1 1 2 2 0.000000e+00 0.000000e+00
156 190 1.307482e-03 1.646023e-03 1 1 2 2 1.174768e-16 0.000000e+00
156 191 1.307482e-03 2.072220e-03 1 1 2 2 7.711310e-17 0.000000e+00
156 192 1.307482e-03 2.608770e-03 1 1 2 2 4.215196e-17 0.000000e+00
156 193 1.307482e-03 3.284247e-03 1 1 2 2 2.059637e-17 0.000000e+00
156 194 1.307482e-03 4.134622e-03 1 1 2 2 9.326070e-18 0.000000e+00
156 195 1.307482e-03 5.205181e-03 1 1 2 2 4.015481e-18 0.000000e+00
156 196 1.307482e-03 6.552935e-03 1 1 2 2 1.680901e-18 0.000000e+00
156 197 1.307482e-03 8.249656e-03 1 1 2 2 7.007200e-19 0.000000e+00
157 187 1.646023e-03 8.249656e-04 1 1 2 2 2.571224e-17 0.000000e+00
157 188 1.646023e-03 1.038570e-03 1 1 2 2 5.806023e-17 0.000000e+00
157 189 1.646023e-03 1.307482e-03 1 1 2 2 1.174768e-16 0.000000e+00
157 190 1.646023e-03 1.646023e-03 1 1 2 2 0.000000e+00 0.000000e+00
157 191 1.646023e-03 2.072220e-03 1 1 2 2 1.581318e-16 0.000000e+00
157 192 1.646023e-03 2.608770e-03 1 1 2 2 9.739178e-17 0.000000e+00
157 193 1.646023e-03 3.284247e-03 1 1 2 2 4.996050e-17 0.000000e+00
157 194 1.646023e-03 4.134622e-03 1 1 2 2 2.309984e-17 0.000000e+00
157 195 1.646023e-03 5.205181e-03 1 1 2 2 1.003245e-17 0.000000e+00
157 196 1.646023e-03 6.552935e-03 1 1 2 2 4.213786e-18 0.000000e+00
157 197 1.646023e-03 8.249656e-03 1 1 2 2 1.757877e-18 0.000000e+00
158 187 2.072220e-03 8.249656e-04 1 1 2 2 1.416694e-17 0.000000e+00
158 188 2.072220e-03 1.038570e-03 1 1 2 2 3.379680e-17 0.000000e+00
158 189 2.072220e-03 1.307482e-03 1 1 2 2 7.711310e-17 0.000000e+00
158 190 2.072220e-03 1.646023e-03 1 1 2 2 1.581318e-16 0.000000e+00
158 191 2.072220e-03 2.072220e-03 1 1 2 2 0.000000e+00 0.000000e+00
158 192 2.072220e-03 2.608770e-03 1 1 2 2 2.032116e-16 0.000000e+00
158 193 2.072220e-03 3.284247e-03 1 1 2 2 1.170921e-16 0.000000e+00
158 194 2.072220e-03 4.134622e-03 1 1 2 2 5.653087e-17 0.000000e+00
158 195 2.072220e-03 5.205181e-03 1 1 2 2 2.496220e-17 0.000000e+00
158 196 2.072220e-03 6.552935e-03 1 1 2 2 1.054817e-17 0.000000e+00
158 197 2.072220e-03 8.249656e-03 1 1 2 2 4.407287e-18 0.000000e+00
159 187 2.608770e-03 8.249656e-04 1 1 2 2 7.152518e-18 0.000000e+00
159 188 2.608770e-03 1.038570e-03 1 1 2 2 1.752942e-17 0.000000e+00
159 189 2.608770e-03 1.307482e-03 1 1 2 2 4.215196e-17 0.000000e+00
159 190 2.608770e-03 1.646023e-03 1 1 2 2 9.739178e-17 0.000000e+00
159 191 2.608770e-03 2.072220e-03 1 1 2 2 2.032116e-16 0.000000e+00
159 192 2.608770e-03 2.608770e-03 1 1 2 2 0.000000e+00 0.000000e+00
159 193 2.608770e-03 3.284247e-03 1 1 2 2 2.495484e-16 0.000000e+00
159 194 2.608770e-03 4.134622e-03 1 1 2 2 1.345094e-16 0.000000e+00
159 195 2.608770e-03 5.205181e-03 1 1 2 2 6.157542e-17 0.000000e+00
159 196 2.608770e-03 6.552935e-03 1 1 2 2 2.633191e-17 0.000000e+00
159 197 2.608770e-03 8.249656e-03 1 1 2 2 1.103649e-17 0.000000e+00
160 187 3.284247e-03 8.249656e-04 1 1 2 2 3.365448e-18 0.000000e+00
160 188 3.284247e-03 1.038570e-03 1 1 2 2 8.359249e-18 0.000000e+00
160 189 3.284247e-03 1.307482e-03 1 1 2 2 2.059637e-17 0.000000e+00
160 190 3.284247e-03 1.646023e-03 1 1 2 2 4.996050e-17 0.000000e+00
160 191 3.284247e-03 2.072220e-03 1 1 2 2 1.170921e-16 0.000000e+00
160 192 3.284247e-03 2.608770e-03 1 1 2 2 2.495484e-16 0.000000e+00
160 193 3.284247e-03 3.284247e-03 1 1 2 2 0.000000e+00 0.000000e+00
160 194 3.284247e-03 4.134622e-03 1 1 2 2 2.937238e-16 0.000000e+00
160 195 3.284247e-03 5.205181e-03 1 1 2 2 1.486487e-16 0.000000e+00
160 196 3.284247e-03 6.552935e-03 1 1 2 2 6.534657e-17 0.000000e+00
160 197 3.284247e-03 8.249656e-03 1 1 2 2 2.757985e-17 0.000000e+00
161 187 4.134622e-03 8.249656e-04 1 1 2 2 1.497104e-18 0.000000e+00
161 188 4.134622e-03 1.038570e-03 1 1 2 2 3.742699e-18 0.000000e+00
161 189 4.134622e-03 1.307482e-03 1 1 2 2 9.326070e-18 0.000000e+00
161 190 4.134622e-03 1.646023e-03 1 1 2 2 2.309984e-17 0.000000e+00
161 191 4.134622e-03 2.072220e-03 1 1 2 2 5.653087e-17 0.000000e+00
161 192 4.134622e-03 2.608770e-03 1 1 2 2 1.345094e-16 0.000000e+00
161 193 4.134622e-03 3.284247e-03 1 1 2 2 2.937238e-16 0.000000e+00
161 194 4.134622e-03 4.134622e-03 1 1 2 2 0.000000e+00 0.000000e+00
161 195 4.134622e-03 5.205181e-03 1 1 2 2 3.330943e-16 0.000000e+00
161 196 4.134622e-03 6.552935e-03 1 1 2 2 1.596595e-16 0.000000e+00
161 197 4.134622e-03 8.249656e-03 1 1 2 2 6.863251e-17 0.000000e+00
162 187 5.205181e-03 8.249656e-04 1 1 2 2 6.396611e-19 0.000000e+00
162 188 5.205181e-03 1.038570e-03 1 1 2 2 1.603687e-18 0.000000e+00
162 189 5.205181e-03 1.307482e-03 1 1 2 2 4.015481e-18 0.000000e+00
162 190 5.205181e-03 1.646023e-03 1 1 2 2 1.003245e-17 0.000000e+00
162 191 5.205181e-03 2.072220e-03 1 1 2 2 2.496220e-17 0.000000e+00
162 192 5.205181e-03 2.608770e-03 1 1 2 2 6.157542e-17 0.000000e+00
162 193 5.205181e-03 3.284247e-03 1 1 2 2 1.486487e-16 0.000000e+00
162 194 5.205181e-03 4.134622e-03 1 1 2 2 3.330943e-16 0.000000e+00
162 195 5.205181e-03 5.205181e-03 1 1 2 2 0.000000e+00 0.000000e+00
162 196 5.205181e-03 6.552935e-03 1 1 2 2 3.667604e-16 0.000000e+00
162 197 5.205181e-03 8.249656e-03 1 1 2 2 1.689315e-16 0.000000e+00
163 187 6.552935e-03 8.249656e-04 1 1 2 2 2.669145e-19 0.000000e+00
163 188 6.552935e-03 1.038570e-03 1 1 2 2 6.699658e-19 0.000000e+00
163 189 6.552935e-03 1.307482e-03 1 1 2 2 1.680901e-18 0.000000e+00
163 190 6.552935e-03 1.646023e-03 1 1 2 2 4.213786e-18 0.000000e+00
163 191 6.552935e-03 2.072220e-03 1 1 2 2 1.054817e-17 0.000000e+00
163 192 6.552935e-03 2.608770e-03 1 1 2 2 2.633191e-17 0.000000e+00
163 193 6.552935e-03 3.284247e-03 1 1 2 2 6.534657e-17 0.000000e+00
163 194 6.552935e-03 4.134622e-03 1 1 2 2 1.596595e-16 0.000000e+00
163 195 6.552935e-03 5.205181e-03 1 1 2 2 3.667604e-16 0.000000e+00
163 196 6.552935e-03 6.552935e-03 1 1 2 2 0.000000e+00 0.000000e+00
163 197 6.552935e-03 8.249656e-03 1 1 2 2 3.960625e-16 0.000000e+00
164 187 8.249656e-03 8.249656e-04 1 1 2 2 1.111764e-19 0.000000e+00
164 188 8.249656e-03 1.038570e-03 1 1 2 2 2.791410e-19 0.000000e+00
164 189 8.249656e-03 1.307482e-03 1 1 2 2 7.007200e-19 0.000000e+00
164 190 8.249656e-03 1.646023e-03 1 1 2 2 1.757877e-18 0.000000e+00
164 191 8.249656e-03 2.072220e-03 1 1 2 2 4.407287e-18 0.000000e+00
164 192 8.249656e-03 2.608770e-03 1 1 2 2 1.103649e-17 0.000000e+00
164 193 8.249656e-03 3.284247e-03 1 1 2 2 2.757985e-17 0.000000e+00
164 194 8.249656e-03 4.134622e-03 1 1 2 2 6.863251e-17 0.000000e+00
164 195 8.249656e-03 5.205181e-03 1 1 2 2 1.689315e-16 0.000000e+00
164 196 8.249656e-03 6.552935e-03 1 1 2 2 3.960625e-16 0.000000e+00
164 197 8.249656e-03 8.249656e-03 1 1 2 2 0.000000e+00 0.000000e+00
