# Please cite the following papers in research using this covariance:
# arXiv: 1601.05779, https://arxiv.org/abs/1601.05779
# arXiv: 1911.11947, https://arxiv.org/abs/1911.11947
# arXiv: 2004.04833, https://arxiv.org/abs/2004.04833
# arXiv: 1804.10663, https://arxiv.org/abs/1804.10663
########################################################
88 198 8.249656e-04 8.249656e-04 2 3 2 3 0.000000e+00 0.000000e+00
88 199 8.249656e-04 1.038570e-03 2 3 2 3 -5.440726e-14 0.000000e+00
88 200 8.249656e-04 1.307482e-03 2 3 2 3 -2.464049e-14 0.000000e+00
88 201 8.249656e-04 1.646023e-03 2 3 2 3 2.034669e-14 0.000000e+00
88 202 8.249656e-04 2.072220e-03 2 3 2 3 5.140166e-14 0.000000e+00
88 203 8.249656e-04 2.608770e-03 2 3 2 3 6.622738e-14 0.000000e+00
88 204 8.249656e-04 3.284247e-03 2 3 2 3 6.957897e-14 0.000000e+00
88 205 8.249656e-04 4.134622e-03 2 3 2 3 6.648313e-14 0.000000e+00
88 206 8.249656e-04 5.205181e-03 2 3 2 3 6.057295e-14 0.000000e+00
88 207 8.249656e-04 6.552935e-03 2 3 2 3 5.407324e-14 0.000000e+00
88 208 8.249656e-04 8.249656e-03 2 3 2 3 4.817625e-14 0.000000e+00
89 198 1.038570e-03 8.249656e-04 2 3 2 3 1.703398e-15 0.000000e+00
89 199 1.038570e-03 1.038570e-03 2 3 2 3 0.000000e+00 0.000000e+00
89 200 1.038570e-03 1.307482e-03 2 3 2 3 -5.211423e-14 0.000000e+00
89 201 1.038570e-03 1.646023e-03 2 3 2 3 -2.337654e-14 0.000000e+00
89 202 1.038570e-03 2.072220e-03 2 3 2 3 1.792191e-14 0.000000e+00
89 203 1.038570e-03 2.608770e-03 2 3 2 3 4.505125e-14 0.000000e+00
89 204 1.038570e-03 3.284247e-03 2 3 2 3 5.726880e-14 0.000000e+00
89 205 1.038570e-03 4.134622e-03 2 3 2 3 5.962243e-14 0.000000e+00
89 206 1.038570e-03 5.205181e-03 2 3 2 3 5.682052e-14 0.000000e+00
89 207 1.038570e-03 6.552935e-03 2 3 2 3 5.202587e-14 0.000000e+00
89 208 1.038570e-03 8.249656e-03 2 3 2 3 4.704748e-14 0.000000e+00
90 198 1.307482e-03 8.249656e-04 2 3 2 3 8.502164e-16 0.000000e+00
90 199 1.307482e-03 1.038570e-03 2 3 2 3 2.335878e-15 0.000000e+00
90 200 1.307482e-03 1.307482e-03 2 3 2 3 0.000000e+00 0.000000e+00
90 201 1.307482e-03 1.646023e-03 2 3 2 3 -4.888854e-14 0.000000e+00
90 202 1.307482e-03 2.072220e-03 2 3 2 3 -2.155365e-14 0.000000e+00
90 203 1.307482e-03 2.608770e-03 2 3 2 3 1.568367e-14 0.000000e+00
90 204 1.307482e-03 3.284247e-03 2 3 2 3 3.906662e-14 0.000000e+00
90 205 1.307482e-03 4.134622e-03 2 3 2 3 4.916450e-14 0.000000e+00
90 206 1.307482e-03 5.205181e-03 2 3 2 3 5.100891e-14 0.000000e+00
90 207 1.307482e-03 6.552935e-03 2 3 2 3 4.882717e-14 0.000000e+00
90 208 1.307482e-03 8.249656e-03 2 3 2 3 4.527503e-14 0.000000e+00
91 198 1.646023e-03 8.249656e-04 2 3 2 3 3.206990e-16 0.000000e+00
91 199 1.646023e-03 1.038570e-03 2 3 2 3 9.235486e-16 0.000000e+00
91 200 1.646023e-03 1.307482e-03 2 3 2 3 2.819732e-15 0.000000e+00
91 201 1.646023e-03 1.646023e-03 2 3 2 3 0.000000e+00 0.000000e+00
91 202 1.646023e-03 2.072220e-03 2 3 2 3 -4.493031e-14 0.000000e+00
91 203 1.646023e-03 2.608770e-03 2 3 2 3 -1.933603e-14 0.000000e+00
91 204 1.646023e-03 3.284247e-03 2 3 2 3 1.368778e-14 0.000000e+00
91 205 1.646023e-03 4.134622e-03 2 3 2 3 3.366714e-14 0.000000e+00
91 206 1.646023e-03 5.205181e-03 2 3 2 3 4.214503e-14 0.000000e+00
91 207 1.646023e-03 6.552935e-03 2 3 2 3 4.387384e-14 0.000000e+00
91 208 1.646023e-03 8.249656e-03 2 3 2 3 4.250674e-14 0.000000e+00
92 198 2.072220e-03 8.249656e-04 2 3 2 3 1.121394e-16 0.000000e+00
92 199 2.072220e-03 1.038570e-03 2 3 2 3 3.120516e-16 0.000000e+00
92 200 2.072220e-03 1.307482e-03 2 3 2 3 9.335388e-16 0.000000e+00
92 201 2.072220e-03 1.646023e-03 2 3 2 3 3.108198e-15 0.000000e+00
92 202 2.072220e-03 2.072220e-03 2 3 2 3 0.000000e+00 0.000000e+00
92 203 2.072220e-03 2.608770e-03 2 3 2 3 -4.049264e-14 0.000000e+00
92 204 2.072220e-03 3.284247e-03 2 3 2 3 -1.690984e-14 0.000000e+00
92 205 2.072220e-03 4.134622e-03 2 3 2 3 1.196572e-14 0.000000e+00
92 206 2.072220e-03 5.205181e-03 2 3 2 3 2.899401e-14 0.000000e+00
92 207 2.072220e-03 6.552935e-03 2 3 2 3 3.632048e-14 0.000000e+00
92 208 2.072220e-03 8.249656e-03 2 3 2 3 3.822331e-14 0.000000e+00
93 198 2.608770e-03 8.249656e-04 2 3 2 3 3.803822e-17 0.000000e+00
93 199 2.608770e-03 1.038570e-03 2 3 2 3 1.002593e-16 0.000000e+00
93 200 2.608770e-03 1.307482e-03 2 3 2 3 2.847748e-16 0.000000e+00
93 201 2.608770e-03 1.646023e-03 2 3 2 3 8.807359e-16 0.000000e+00
93 202 2.608770e-03 2.072220e-03 2 3 2 3 3.186758e-15 0.000000e+00
93 203 2.608770e-03 2.608770e-03 2 3 2 3 0.000000e+00 0.000000e+00
93 204 2.608770e-03 3.284247e-03 2 3 2 3 -3.584858e-14 0.000000e+00
93 205 2.608770e-03 4.134622e-03 2 3 2 3 -1.445612e-14 0.000000e+00
93 206 2.608770e-03 5.205181e-03 2 3 2 3 1.052732e-14 0.000000e+00
93 207 2.608770e-03 6.552935e-03 2 3 2 3 2.511450e-14 0.000000e+00
93 208 2.608770e-03 8.249656e-03 2 3 2 3 3.169805e-14 0.000000e+00
94 198 3.284247e-03 8.249656e-04 2 3 2 3 1.259087e-17 0.000000e+00
94 199 3.284247e-03 1.038570e-03 2 3 2 3 3.072976e-17 0.000000e+00
94 200 3.284247e-03 1.307482e-03 2 3 2 3 8.450885e-17 0.000000e+00
94 201 3.284247e-03 1.646023e-03 2 3 2 3 2.444039e-16 0.000000e+00
94 202 3.284247e-03 2.072220e-03 2 3 2 3 7.810543e-16 0.000000e+00
94 203 3.284247e-03 2.608770e-03 2 3 2 3 3.072545e-15 0.000000e+00
94 204 3.284247e-03 3.284247e-03 2 3 2 3 0.000000e+00 0.000000e+00
94 205 3.284247e-03 4.134622e-03 2 3 2 3 -3.125717e-14 0.000000e+00
94 206 3.284247e-03 5.205181e-03 2 3 2 3 -1.212698e-14 0.000000e+00
94 207 3.284247e-03 6.552935e-03 2 3 2 3 9.367645e-15 0.000000e+00
94 208 3.284247e-03 8.249656e-03 2 3 2 3 2.203148e-14 0.000000e+00
95 198 4.134622e-03 8.249656e-04 2 3 2 3 4.512749e-18 0.000000e+00
95 199 4.134622e-03 1.038570e-03 2 3 2 3 9.085881e-18 0.000000e+00
95 200 4.134622e-03 1.307482e-03 2 3 2 3 2.441278e-17 0.000000e+00
95 201 4.134622e-03 1.646023e-03 2 3 2 3 6.762765e-17 0.000000e+00
95 202 4.134622e-03 2.072220e-03 2 3 2 3 1.979634e-16 0.000000e+00
95 203 4.134622e-03 2.608770e-03 2 3 2 3 6.541048e-16 0.000000e+00
95 204 4.134622e-03 3.284247e-03 2 3 2 3 2.804055e-15 0.000000e+00
95 205 4.134622e-03 4.134622e-03 2 3 2 3 0.000000e+00 0.000000e+00
95 206 4.134622e-03 5.205181e-03 2 3 2 3 -2.693536e-14 0.000000e+00
95 207 4.134622e-03 6.552935e-03 2 3 2 3 -1.003333e-14 0.000000e+00
95 208 4.134622e-03 8.249656e-03 2 3 2 3 8.470579e-15 0.000000e+00
96 198 5.205181e-03 8.249656e-04 2 3 2 3 1.791961e-18 0.000000e+00
96 199 5.205181e-03 1.038570e-03 2 3 2 3 2.402407e-18 0.000000e+00
96 200 5.205181e-03 1.307482e-03 2 3 2 3 6.653013e-18 0.000000e+00
96 201 5.205181e-03 1.646023e-03 2 3 2 3 1.833759e-17 0.000000e+00
96 202 5.205181e-03 2.072220e-03 2 3 2 3 5.071613e-17 0.000000e+00
96 203 5.205181e-03 2.608770e-03 2 3 2 3 1.515857e-16 0.000000e+00
96 204 5.205181e-03 3.284247e-03 2 3 2 3 5.183673e-16 0.000000e+00
96 205 5.205181e-03 4.134622e-03 2 3 2 3 2.432659e-15 0.000000e+00
96 206 5.205181e-03 5.205181e-03 2 3 2 3 0.000000e+00 0.000000e+00
96 207 5.205181e-03 6.552935e-03 2 3 2 3 -2.304431e-14 0.000000e+00
96 208 5.205181e-03 8.249656e-03 2 3 2 3 -8.239949e-15 0.000000e+00
97 198 6.552935e-03 8.249656e-04 2 3 2 3 1.166472e-18 0.000000e+00
97 199 6.552935e-03 1.038570e-03 2 3 2 3 4.404804e-19 0.000000e+00
97 200 6.552935e-03 1.307482e-03 2 3 2 3 1.688280e-18 0.000000e+00
97 201 6.552935e-03 1.646023e-03 2 3 2 3 4.767962e-18 0.000000e+00
97 202 6.552935e-03 2.072220e-03 2 3 2 3 1.261539e-17 0.000000e+00
97 203 6.552935e-03 2.608770e-03 2 3 2 3 3.571001e-17 0.000000e+00
97 204 6.552935e-03 3.284247e-03 2 3 2 3 1.089481e-16 0.000000e+00
97 205 6.552935e-03 4.134622e-03 2 3 2 3 3.875738e-16 0.000000e+00
97 206 6.552935e-03 5.205181e-03 2 3 2 3 2.010144e-15 0.000000e+00
97 207 6.552935e-03 6.552935e-03 2 3 2 3 0.000000e+00 0.000000e+00
97 208 6.552935e-03 8.249656e-03 2 3 2 3 -1.968407e-14 0.000000e+00
98 198 8.249656e-03 8.249656e-04 2 3 2 3 8.889512e-19 0.000000e+00
98 199 8.249656e-03 1.038570e-03 2 3 2 3 -7.189583e-20 0.000000e+00
98 200 8.249656e-03 1.307482e-03 2 3 2 3 3.557579e-19 0.000000e+00
98 201 8.249656e-03 1.646023e-03 2 3 2 3 1.187086e-18 0.000000e+00
98 202 8.249656e-03 2.072220e-03 2 3 2 3 2.995635e-18 0.000000e+00
98 203 8.249656e-03 2.608770e-03 2 3 2 3 8.095516e-18 0.000000e+00
98 204 8.249656e-03 3.284247e-03 2 3 2 3 2.314555e-17 0.000000e+00
98 205 8.249656e-03 4.134622e-03 2 3 2 3 7.260805e-17 0.000000e+00
98 206 8.249656e-03 5.205181e-03 2 3 2 3 2.712773e-16 0.000000e+00
98 207 8.249656e-03 6.552935e-03 2 3 2 3 1.581034e-15 0.000000e+00
98 208 8.249656e-03 8.249656e-03 2 3 2 3 0.000000e+00 0.000000e+00
