# Please cite the following papers in research using this covariance:
# arXiv: 1601.05779, https://arxiv.org/abs/1601.05779
# arXiv: 1911.11947, https://arxiv.org/abs/1911.11947
# arXiv: 2004.04833, https://arxiv.org/abs/2004.04833
# arXiv: 1804.10663, https://arxiv.org/abs/1804.10663
########################################################
0 198 8.249656e-04 8.249656e-04 0 0 2 3 0.000000e+00 0.000000e+00
0 199 8.249656e-04 1.038570e-03 0 0 2 3 -1.118565e-17 0.000000e+00
0 200 8.249656e-04 1.307482e-03 0 0 2 3 1.385544e-17 0.000000e+00
0 201 8.249656e-04 1.646023e-03 0 0 2 3 7.702824e-17 0.000000e+00
0 202 8.249656e-04 2.072220e-03 0 0 2 3 1.729425e-16 0.000000e+00
0 203 8.249656e-04 2.608770e-03 0 0 2 3 2.896563e-16 0.000000e+00
0 204 8.249656e-04 3.284247e-03 0 0 2 3 4.142795e-16 0.000000e+00
0 205 8.249656e-04 4.134622e-03 0 0 2 3 5.363478e-16 0.000000e+00
0 206 8.249656e-04 5.205181e-03 0 0 2 3 6.496100e-16 0.000000e+00
0 207 8.249656e-04 6.552935e-03 0 0 2 3 7.528026e-16 0.000000e+00
0 208 8.249656e-04 8.249656e-03 0 0 2 3 8.495080e-16 0.000000e+00
1 198 1.038570e-03 8.249656e-04 0 0 2 3 -5.923833e-18 0.000000e+00
1 199 1.038570e-03 1.038570e-03 0 0 2 3 0.000000e+00 0.000000e+00
1 200 1.038570e-03 1.307482e-03 0 0 2 3 -2.084632e-17 0.000000e+00
1 201 1.038570e-03 1.646023e-03 0 0 2 3 1.114809e-17 0.000000e+00
1 202 1.038570e-03 2.072220e-03 0 0 2 3 9.241982e-17 0.000000e+00
1 203 1.038570e-03 2.608770e-03 0 0 2 3 2.103167e-16 0.000000e+00
1 204 1.038570e-03 3.284247e-03 0 0 2 3 3.456000e-16 0.000000e+00
1 205 1.038570e-03 4.134622e-03 0 0 2 3 4.818447e-16 0.000000e+00
1 206 1.038570e-03 5.205181e-03 0 0 2 3 6.089099e-16 0.000000e+00
1 207 1.038570e-03 6.552935e-03 0 0 2 3 7.236456e-16 0.000000e+00
1 208 1.038570e-03 8.249656e-03 0 0 2 3 8.291352e-16 0.000000e+00
2 198 1.307482e-03 8.249656e-04 0 0 2 3 -3.013916e-18 0.000000e+00
2 199 1.307482e-03 1.038570e-03 0 0 2 3 -8.928597e-18 0.000000e+00
2 200 1.307482e-03 1.307482e-03 0 0 2 3 0.000000e+00 0.000000e+00
2 201 1.307482e-03 1.646023e-03 0 0 2 3 -3.456332e-17 0.000000e+00
2 202 1.307482e-03 2.072220e-03 0 0 2 3 5.400222e-18 0.000000e+00
2 203 1.307482e-03 2.608770e-03 0 0 2 3 1.075116e-16 0.000000e+00
2 204 1.307482e-03 3.284247e-03 0 0 2 3 2.483138e-16 0.000000e+00
2 205 1.307482e-03 4.134622e-03 0 0 2 3 4.008670e-16 0.000000e+00
2 206 1.307482e-03 5.205181e-03 0 0 2 3 5.468029e-16 0.000000e+00
2 207 1.307482e-03 6.552935e-03 0 0 2 3 6.784663e-16 0.000000e+00
2 208 1.307482e-03 8.249656e-03 0 0 2 3 7.972847e-16 0.000000e+00
3 198 1.646023e-03 8.249656e-04 0 0 2 3 -1.297368e-18 0.000000e+00
3 199 1.646023e-03 1.038570e-03 0 0 2 3 -4.214587e-18 0.000000e+00
3 200 1.646023e-03 1.307482e-03 0 0 2 3 -1.189650e-17 0.000000e+00
3 201 1.646023e-03 1.646023e-03 0 0 2 3 0.000000e+00 0.000000e+00
3 202 1.646023e-03 2.072220e-03 0 0 2 3 -5.261978e-17 0.000000e+00
3 203 1.646023e-03 2.608770e-03 0 0 2 3 -3.298060e-18 0.000000e+00
3 204 1.646023e-03 3.284247e-03 0 0 2 3 1.219280e-16 0.000000e+00
3 205 1.646023e-03 4.134622e-03 0 0 2 3 2.858429e-16 0.000000e+00
3 206 1.646023e-03 5.205181e-03 0 0 2 3 4.543455e-16 0.000000e+00
3 207 1.646023e-03 6.552935e-03 0 0 2 3 6.094437e-16 0.000000e+00
3 208 1.646023e-03 8.249656e-03 0 0 2 3 7.479035e-16 0.000000e+00
4 198 2.072220e-03 8.249656e-04 0 0 2 3 -4.160714e-19 0.000000e+00
4 199 2.072220e-03 1.038570e-03 0 0 2 3 -1.797921e-18 0.000000e+00
4 200 2.072220e-03 1.307482e-03 0 0 2 3 -4.935352e-18 0.000000e+00
4 201 2.072220e-03 1.646023e-03 0 0 2 3 -1.463989e-17 0.000000e+00
4 202 2.072220e-03 2.072220e-03 0 0 2 3 0.000000e+00 0.000000e+00
4 203 2.072220e-03 2.608770e-03 0 0 2 3 -7.442808e-17 0.000000e+00
4 204 2.072220e-03 3.284247e-03 0 0 2 3 -1.430239e-17 0.000000e+00
4 205 2.072220e-03 4.134622e-03 0 0 2 3 1.358441e-16 0.000000e+00
4 206 2.072220e-03 5.205181e-03 0 0 2 3 3.226063e-16 0.000000e+00
4 207 2.072220e-03 6.552935e-03 0 0 2 3 5.064958e-16 0.000000e+00
4 208 2.072220e-03 8.249656e-03 0 0 2 3 6.723903e-16 0.000000e+00
5 198 2.608770e-03 8.249656e-04 0 0 2 3 -1.270957e-20 0.000000e+00
5 199 2.608770e-03 1.038570e-03 0 0 2 3 -7.073628e-19 0.000000e+00
5 200 2.608770e-03 1.307482e-03 0 0 2 3 -1.849032e-18 0.000000e+00
5 201 2.608770e-03 1.646023e-03 0 0 2 3 -5.235562e-18 0.000000e+00
5 202 2.608770e-03 2.072220e-03 0 0 2 3 -1.675838e-17 0.000000e+00
5 203 2.608770e-03 2.608770e-03 0 0 2 3 0.000000e+00 0.000000e+00
5 204 2.608770e-03 3.284247e-03 0 0 2 3 -9.886851e-17 0.000000e+00
5 205 2.608770e-03 4.134622e-03 0 0 2 3 -2.630071e-17 0.000000e+00
5 206 2.608770e-03 5.205181e-03 0 0 2 3 1.500014e-16 0.000000e+00
5 207 2.608770e-03 6.552935e-03 0 0 2 3 3.593532e-16 0.000000e+00
5 208 2.608770e-03 8.249656e-03 0 0 2 3 5.595849e-16 0.000000e+00
6 198 3.284247e-03 8.249656e-04 0 0 2 3 1.515298e-19 0.000000e+00
6 199 3.284247e-03 1.038570e-03 0 0 2 3 -2.692029e-19 0.000000e+00
6 200 3.284247e-03 1.307482e-03 0 0 2 3 -6.366833e-19 0.000000e+00
6 201 3.284247e-03 1.646023e-03 0 0 2 3 -1.669660e-18 0.000000e+00
6 202 3.284247e-03 2.072220e-03 0 0 2 3 -5.123509e-18 0.000000e+00
6 203 3.284247e-03 2.608770e-03 0 0 2 3 -1.769832e-17 0.000000e+00
6 204 3.284247e-03 3.284247e-03 0 0 2 3 0.000000e+00 0.000000e+00
6 205 3.284247e-03 4.134622e-03 0 0 2 3 -1.243415e-16 0.000000e+00
6 206 3.284247e-03 5.205181e-03 0 0 2 3 -3.760211e-17 0.000000e+00
6 207 3.284247e-03 6.552935e-03 0 0 2 3 1.655900e-16 0.000000e+00
6 208 3.284247e-03 8.249656e-03 0 0 2 3 3.979217e-16 0.000000e+00
7 198 4.134622e-03 8.249656e-04 0 0 2 3 2.106634e-19 0.000000e+00
7 199 4.134622e-03 1.038570e-03 0 0 2 3 -1.133252e-19 0.000000e+00
7 200 4.134622e-03 1.307482e-03 0 0 2 3 -2.140327e-19 0.000000e+00
7 201 4.134622e-03 1.646023e-03 0 0 2 3 -4.672531e-19 0.000000e+00
7 202 4.134622e-03 2.072220e-03 0 0 2 3 -1.415067e-18 0.000000e+00
7 203 4.134622e-03 2.608770e-03 0 0 2 3 -4.524794e-18 0.000000e+00
7 204 4.134622e-03 3.284247e-03 0 0 2 3 -1.729528e-17 0.000000e+00
7 205 4.134622e-03 4.134622e-03 0 0 2 3 0.000000e+00 0.000000e+00
7 206 4.134622e-03 5.205181e-03 0 0 2 3 -1.491700e-16 0.000000e+00
7 207 4.134622e-03 6.552935e-03 0 0 2 3 -4.658050e-17 0.000000e+00
7 208 4.134622e-03 8.249656e-03 0 0 2 3 1.840338e-16 0.000000e+00
8 198 5.205181e-03 8.249656e-04 0 0 2 3 2.290988e-19 0.000000e+00
8 199 5.205181e-03 1.038570e-03 0 0 2 3 -6.501688e-20 0.000000e+00
8 200 5.205181e-03 1.307482e-03 0 0 2 3 -8.500659e-20 0.000000e+00
8 201 5.205181e-03 1.646023e-03 0 0 2 3 -1.093969e-19 0.000000e+00
8 202 5.205181e-03 2.072220e-03 0 0 2 3 -3.598703e-19 0.000000e+00
8 203 5.205181e-03 2.608770e-03 0 0 2 3 -1.071384e-18 0.000000e+00
8 204 5.205181e-03 3.284247e-03 0 0 2 3 -3.650058e-18 0.000000e+00
8 205 5.205181e-03 4.134622e-03 0 0 2 3 -1.573453e-17 0.000000e+00
8 206 5.205181e-03 5.205181e-03 0 0 2 3 0.000000e+00 0.000000e+00
8 207 5.205181e-03 6.552935e-03 0 0 2 3 -1.720851e-16 0.000000e+00
8 208 5.205181e-03 8.249656e-03 0 0 2 3 -5.211819e-17 0.000000e+00
9 198 6.552935e-03 8.249656e-04 0 0 2 3 2.340409e-19 0.000000e+00
9 199 6.552935e-03 1.038570e-03 0 0 2 3 -5.197920e-20 0.000000e+00
9 200 6.552935e-03 1.307482e-03 0 0 2 3 -5.069669e-20 0.000000e+00
9 201 6.552935e-03 1.646023e-03 0 0 2 3 -1.635446e-20 0.000000e+00
9 202 6.552935e-03 2.072220e-03 0 0 2 3 -9.525439e-20 0.000000e+00
9 203 6.552935e-03 2.608770e-03 0 0 2 3 -2.575312e-19 0.000000e+00
9 204 6.552935e-03 3.284247e-03 0 0 2 3 -7.855325e-19 0.000000e+00
9 205 6.552935e-03 4.134622e-03 0 0 2 3 -2.800809e-18 0.000000e+00
9 206 6.552935e-03 5.205181e-03 0 0 2 3 -1.358309e-17 0.000000e+00
9 207 6.552935e-03 6.552935e-03 0 0 2 3 0.000000e+00 0.000000e+00
9 208 6.552935e-03 8.249656e-03 0 0 2 3 -1.926126e-16 0.000000e+00
10 198 8.249656e-03 8.249656e-04 0 0 2 3 2.350844e-19 0.000000e+00
10 199 8.249656e-03 1.038570e-03 0 0 2 3 -4.890152e-20 0.000000e+00
10 200 8.249656e-03 1.307482e-03 0 0 2 3 -4.277730e-20 0.000000e+00
10 201 8.249656e-03 1.646023e-03 0 0 2 3 4.709208e-21 0.000000e+00
10 202 8.249656e-03 2.072220e-03 0 0 2 3 -3.685938e-20 0.000000e+00
10 203 8.249656e-03 2.608770e-03 0 0 2 3 -8.616928e-20 0.000000e+00
10 204 8.249656e-03 3.284247e-03 0 0 2 3 -2.309574e-19 0.000000e+00
10 205 8.249656e-03 4.134622e-03 0 0 2 3 -6.748196e-19 0.000000e+00
10 206 8.249656e-03 5.205181e-03 0 0 2 3 -2.301394e-18 0.000000e+00
10 207 8.249656e-03 6.552935e-03 0 0 2 3 -1.166762e-17 0.000000e+00
10 208 8.249656e-03 8.249656e-03 0 0 2 3 0.000000e+00 0.000000e+00
