# Please cite the following papers in research using this covariance:
# arXiv: 1601.05779, https://arxiv.org/abs/1601.05779
# arXiv: 1911.11947, https://arxiv.org/abs/1911.11947
# arXiv: 2004.04833, https://arxiv.org/abs/2004.04833
# arXiv: 1804.10663, https://arxiv.org/abs/1804.10663
########################################################
77 198 8.249656e-04 8.249656e-04 2 2 2 3 0.000000e+00 0.000000e+00
77 199 8.249656e-04 1.038570e-03 2 2 2 3 -4.335113e-14 0.000000e+00
77 200 8.249656e-04 1.307482e-03 2 2 2 3 -1.971357e-14 0.000000e+00
77 201 8.249656e-04 1.646023e-03 2 2 2 3 1.645090e-14 0.000000e+00
77 202 8.249656e-04 2.072220e-03 2 2 2 3 4.163755e-14 0.000000e+00
77 203 8.249656e-04 2.608770e-03 2 2 2 3 5.374216e-14 0.000000e+00
77 204 8.249656e-04 3.284247e-03 2 2 2 3 5.649421e-14 0.000000e+00
77 205 8.249656e-04 4.134622e-03 2 2 2 3 5.394334e-14 0.000000e+00
77 206 8.249656e-04 5.205181e-03 2 2 2 3 4.905112e-14 0.000000e+00
77 207 8.249656e-04 6.552935e-03 2 2 2 3 4.364665e-14 0.000000e+00
77 208 8.249656e-04 8.249656e-03 2 2 2 3 3.871840e-14 0.000000e+00
78 198 1.038570e-03 8.249656e-04 2 2 2 3 1.218408e-15 0.000000e+00
78 199 1.038570e-03 1.038570e-03 2 2 2 3 0.000000e+00 0.000000e+00
78 200 1.038570e-03 1.307482e-03 2 2 2 3 -4.172287e-14 0.000000e+00
78 201 1.038570e-03 1.646023e-03 2 2 2 3 -1.881554e-14 0.000000e+00
78 202 1.038570e-03 2.072220e-03 2 2 2 3 1.449856e-14 0.000000e+00
78 203 1.038570e-03 2.608770e-03 2 2 2 3 3.653413e-14 0.000000e+00
78 204 1.038570e-03 3.284247e-03 2 2 2 3 4.648446e-14 0.000000e+00
78 205 1.038570e-03 4.134622e-03 2 2 2 3 4.836985e-14 0.000000e+00
78 206 1.038570e-03 5.205181e-03 2 2 2 3 4.600993e-14 0.000000e+00
78 207 1.038570e-03 6.552935e-03 2 2 2 3 4.199353e-14 0.000000e+00
78 208 1.038570e-03 8.249656e-03 2 2 2 3 3.781147e-14 0.000000e+00
79 198 1.307482e-03 8.249656e-04 2 2 2 3 6.635149e-16 0.000000e+00
79 199 1.307482e-03 1.038570e-03 2 2 2 3 1.759929e-15 0.000000e+00
79 200 1.307482e-03 1.307482e-03 2 2 2 3 0.000000e+00 0.000000e+00
79 201 1.307482e-03 1.646023e-03 2 2 2 3 -3.930628e-14 0.000000e+00
79 202 1.307482e-03 2.072220e-03 2 2 2 3 -1.743527e-14 0.000000e+00
79 203 1.307482e-03 2.608770e-03 2 2 2 3 1.268635e-14 0.000000e+00
79 204 1.307482e-03 3.284247e-03 2 2 2 3 3.168630e-14 0.000000e+00
79 205 1.307482e-03 4.134622e-03 2 2 2 3 3.987372e-14 0.000000e+00
79 206 1.307482e-03 5.205181e-03 2 2 2 3 4.129935e-14 0.000000e+00
79 207 1.307482e-03 6.552935e-03 2 2 2 3 3.941048e-14 0.000000e+00
79 208 1.307482e-03 8.249656e-03 2 2 2 3 3.638721e-14 0.000000e+00
80 198 1.646023e-03 8.249656e-04 2 2 2 3 2.579552e-16 0.000000e+00
80 199 1.646023e-03 1.038570e-03 2 2 2 3 7.360487e-16 0.000000e+00
80 200 1.646023e-03 1.307482e-03 2 2 2 3 2.189004e-15 0.000000e+00
80 201 1.646023e-03 1.646023e-03 2 2 2 3 0.000000e+00 0.000000e+00
80 202 1.646023e-03 2.072220e-03 2 2 2 3 -3.625340e-14 0.000000e+00
80 203 1.646023e-03 2.608770e-03 2 2 2 3 -1.570317e-14 0.000000e+00
80 204 1.646023e-03 3.284247e-03 2 2 2 3 1.106217e-14 0.000000e+00
80 205 1.646023e-03 4.134622e-03 2 2 2 3 2.728318e-14 0.000000e+00
80 206 1.646023e-03 5.205181e-03 2 2 2 3 3.411355e-14 0.000000e+00
80 207 1.646023e-03 6.552935e-03 2 2 2 3 3.540975e-14 0.000000e+00
80 208 1.646023e-03 8.249656e-03 2 2 2 3 3.416237e-14 0.000000e+00
81 198 2.072220e-03 8.249656e-04 2 2 2 3 9.159946e-17 0.000000e+00
81 199 2.072220e-03 1.038570e-03 2 2 2 3 2.538212e-16 0.000000e+00
81 200 2.072220e-03 1.307482e-03 2 2 2 3 7.545637e-16 0.000000e+00
81 201 2.072220e-03 1.646023e-03 2 2 2 3 2.460527e-15 0.000000e+00
81 202 2.072220e-03 2.072220e-03 2 2 2 3 0.000000e+00 0.000000e+00
81 203 2.072220e-03 2.608770e-03 2 2 2 3 -3.276602e-14 0.000000e+00
81 204 2.072220e-03 3.284247e-03 2 2 2 3 -1.377269e-14 0.000000e+00
81 205 2.072220e-03 4.134622e-03 2 2 2 3 9.653788e-15 0.000000e+00
81 206 2.072220e-03 5.205181e-03 2 2 2 3 2.344972e-14 0.000000e+00
81 207 2.072220e-03 6.552935e-03 2 2 2 3 2.930719e-14 0.000000e+00
81 208 2.072220e-03 8.249656e-03 2 2 2 3 3.071894e-14 0.000000e+00
82 198 2.608770e-03 8.249656e-04 2 2 2 3 3.138319e-17 0.000000e+00
82 199 2.608770e-03 1.038570e-03 2 2 2 3 8.238195e-17 0.000000e+00
82 200 2.608770e-03 1.307482e-03 2 2 2 3 2.335428e-16 0.000000e+00
82 201 2.608770e-03 1.646023e-03 2 2 2 3 7.189339e-16 0.000000e+00
82 202 2.608770e-03 2.072220e-03 2 2 2 3 2.557398e-15 0.000000e+00
82 203 2.608770e-03 2.608770e-03 2 2 2 3 0.000000e+00 0.000000e+00
82 204 2.608770e-03 3.284247e-03 2 2 2 3 -2.906798e-14 0.000000e+00
82 205 2.608770e-03 4.134622e-03 2 2 2 3 -1.179630e-14 0.000000e+00
82 206 2.608770e-03 5.205181e-03 2 2 2 3 8.471327e-15 0.000000e+00
82 207 2.608770e-03 6.552935e-03 2 2 2 3 2.024943e-14 0.000000e+00
82 208 2.608770e-03 8.249656e-03 2 2 2 3 2.547109e-14 0.000000e+00
83 198 3.284247e-03 8.249656e-04 2 2 2 3 1.051318e-17 0.000000e+00
83 199 3.284247e-03 1.038570e-03 2 2 2 3 2.543426e-17 0.000000e+00
83 200 3.284247e-03 1.307482e-03 2 2 2 3 6.989473e-17 0.000000e+00
83 201 3.284247e-03 1.646023e-03 2 2 2 3 2.017829e-16 0.000000e+00
83 202 3.284247e-03 2.072220e-03 2 2 2 3 6.422749e-16 0.000000e+00
83 203 3.284247e-03 2.608770e-03 2 2 2 3 2.490604e-15 0.000000e+00
83 204 3.284247e-03 3.284247e-03 2 2 2 3 0.000000e+00 0.000000e+00
83 205 3.284247e-03 4.134622e-03 2 2 2 3 -2.537554e-14 0.000000e+00
83 206 3.284247e-03 5.205181e-03 2 2 2 3 -9.903773e-15 0.000000e+00
83 207 3.284247e-03 6.552935e-03 2 2 2 3 7.512780e-15 0.000000e+00
83 208 3.284247e-03 8.249656e-03 2 2 2 3 1.769172e-14 0.000000e+00
84 198 4.134622e-03 8.249656e-04 2 2 2 3 3.822180e-18 0.000000e+00
84 199 4.134622e-03 1.038570e-03 2 2 2 3 7.537290e-18 0.000000e+00
84 200 4.134622e-03 1.307482e-03 2 2 2 3 2.029036e-17 0.000000e+00
84 201 4.134622e-03 1.646023e-03 2 2 2 3 5.621770e-17 0.000000e+00
84 202 4.134622e-03 2.072220e-03 2 2 2 3 1.643165e-16 0.000000e+00
84 203 4.134622e-03 2.608770e-03 2 2 2 3 5.411085e-16 0.000000e+00
84 204 4.134622e-03 3.284247e-03 2 2 2 3 2.290677e-15 0.000000e+00
84 205 4.134622e-03 4.134622e-03 2 2 2 3 0.000000e+00 0.000000e+00
84 206 4.134622e-03 5.205181e-03 2 2 2 3 -2.187262e-14 0.000000e+00
84 207 4.134622e-03 6.552935e-03 2 2 2 3 -8.190953e-15 0.000000e+00
84 208 4.134622e-03 8.249656e-03 2 2 2 3 6.766887e-15 0.000000e+00
85 198 5.205181e-03 8.249656e-04 2 2 2 3 1.579739e-18 0.000000e+00
85 199 5.205181e-03 1.038570e-03 2 2 2 3 2.002507e-18 0.000000e+00
85 200 5.205181e-03 1.307482e-03 2 2 2 3 5.570587e-18 0.000000e+00
85 201 5.205181e-03 1.646023e-03 2 2 2 3 1.536440e-17 0.000000e+00
85 202 5.205181e-03 2.072220e-03 2 2 2 3 4.241820e-17 0.000000e+00
85 203 5.205181e-03 2.608770e-03 2 2 2 3 1.265434e-16 0.000000e+00
85 204 5.205181e-03 3.284247e-03 2 2 2 3 4.312443e-16 0.000000e+00
85 205 5.205181e-03 4.134622e-03 2 2 2 3 2.000122e-15 0.000000e+00
85 206 5.205181e-03 5.205181e-03 2 2 2 3 0.000000e+00 0.000000e+00
85 207 5.205181e-03 6.552935e-03 2 2 2 3 -1.869815e-14 0.000000e+00
85 208 5.205181e-03 8.249656e-03 2 2 2 3 -6.715201e-15 0.000000e+00
86 198 6.552935e-03 8.249656e-04 2 2 2 3 1.048421e-18 0.000000e+00
86 199 6.552935e-03 1.038570e-03 2 2 2 3 3.611704e-19 0.000000e+00
86 200 6.552935e-03 1.307482e-03 2 2 2 3 1.417073e-18 0.000000e+00
86 201 6.552935e-03 1.646023e-03 2 2 2 3 4.036532e-18 0.000000e+00
86 202 6.552935e-03 2.072220e-03 2 2 2 3 1.065759e-17 0.000000e+00
86 203 6.552935e-03 2.608770e-03 2 2 2 3 3.011751e-17 0.000000e+00
86 204 6.552935e-03 3.284247e-03 2 2 2 3 9.163944e-17 0.000000e+00
86 205 6.552935e-03 4.134622e-03 2 2 2 3 3.245206e-16 0.000000e+00
86 206 6.552935e-03 5.205181e-03 2 2 2 3 1.662482e-15 0.000000e+00
86 207 6.552935e-03 6.552935e-03 2 2 2 3 0.000000e+00 0.000000e+00
86 208 6.552935e-03 8.249656e-03 2 2 2 3 -1.594074e-14 0.000000e+00
87 198 8.249656e-03 8.249656e-04 2 2 2 3 8.181124e-19 0.000000e+00
87 199 8.249656e-03 1.038570e-03 2 2 2 3 -7.144600e-20 0.000000e+00
87 200 8.249656e-03 1.307482e-03 2 2 2 3 2.945187e-19 0.000000e+00
87 201 8.249656e-03 1.646023e-03 2 2 2 3 1.022851e-18 0.000000e+00
87 202 8.249656e-03 2.072220e-03 2 2 2 3 2.566432e-18 0.000000e+00
87 203 8.249656e-03 2.608770e-03 2 2 2 3 6.929886e-18 0.000000e+00
87 204 8.249656e-03 3.284247e-03 2 2 2 3 1.976137e-17 0.000000e+00
87 205 8.249656e-03 4.134622e-03 2 2 2 3 6.172870e-17 0.000000e+00
87 206 8.249656e-03 5.205181e-03 2 2 2 3 2.290804e-16 0.000000e+00
87 207 8.249656e-03 6.552935e-03 2 2 2 3 1.315480e-15 0.000000e+00
87 208 8.249656e-03 8.249656e-03 2 2 2 3 0.000000e+00 0.000000e+00
