# Please cite the following papers in research using this covariance:
# arXiv: 1601.05779, https://arxiv.org/abs/1601.05779
# arXiv: 1911.11947, https://arxiv.org/abs/1911.11947
# arXiv: 2004.04833, https://arxiv.org/abs/2004.04833
# arXiv: 1804.10663, https://arxiv.org/abs/1804.10663
########################################################
110 110 8.249656e-04 8.249656e-04 0 0 0 0 3.060945e-11 0.000000e+00
110 111 8.249656e-04 1.038570e-03 0 0 0 0 5.446472e-15 0.000000e+00
110 112 8.249656e-04 1.307482e-03 0 0 0 0 2.145891e-15 0.000000e+00
110 113 8.249656e-04 1.646023e-03 0 0 0 0 8.041775e-16 0.000000e+00
110 114 8.249656e-04 2.072220e-03 0 0 0 0 2.911109e-16 0.000000e+00
110 115 8.249656e-04 2.608770e-03 0 0 0 0 1.021561e-16 0.000000e+00
110 116 8.249656e-04 3.284247e-03 0 0 0 0 3.476891e-17 0.000000e+00
110 117 8.249656e-04 4.134622e-03 0 0 0 0 1.152180e-17 0.000000e+00
110 118 8.249656e-04 5.205181e-03 0 0 0 0 3.709981e-18 0.000000e+00
110 119 8.249656e-04 6.552935e-03 0 0 0 0 1.188202e-18 0.000000e+00
110 120 8.249656e-04 8.249656e-03 0 0 0 0 3.696027e-19 0.000000e+00
111 110 1.038570e-03 8.249656e-04 0 0 0 0 5.446472e-15 0.000000e+00
111 111 1.038570e-03 1.038570e-03 0 0 0 0 1.941453e-11 0.000000e+00
111 112 1.038570e-03 1.307482e-03 0 0 0 0 5.393423e-15 0.000000e+00
111 113 1.038570e-03 1.646023e-03 0 0 0 0 2.053906e-15 0.000000e+00
111 114 1.038570e-03 2.072220e-03 0 0 0 0 7.442684e-16 0.000000e+00
111 115 1.038570e-03 2.608770e-03 0 0 0 0 2.605046e-16 0.000000e+00
111 116 1.038570e-03 3.284247e-03 0 0 0 0 8.838323e-17 0.000000e+00
111 117 1.038570e-03 4.134622e-03 0 0 0 0 2.918194e-17 0.000000e+00
111 118 1.038570e-03 5.205181e-03 0 0 0 0 9.412842e-18 0.000000e+00
111 119 1.038570e-03 6.552935e-03 0 0 0 0 2.987357e-18 0.000000e+00
111 120 1.038570e-03 8.249656e-03 0 0 0 0 9.409730e-19 0.000000e+00
112 110 1.307482e-03 8.249656e-04 0 0 0 0 2.145891e-15 0.000000e+00
112 111 1.307482e-03 1.038570e-03 0 0 0 0 5.393423e-15 0.000000e+00
112 112 1.307482e-03 1.307482e-03 0 0 0 0 1.230421e-11 0.000000e+00
112 113 1.307482e-03 1.646023e-03 0 0 0 0 5.247833e-15 0.000000e+00
112 114 1.307482e-03 2.072220e-03 0 0 0 0 1.921075e-15 0.000000e+00
112 115 1.307482e-03 2.608770e-03 0 0 0 0 6.704316e-16 0.000000e+00
112 116 1.307482e-03 3.284247e-03 0 0 0 0 2.263772e-16 0.000000e+00
112 117 1.307482e-03 4.134622e-03 0 0 0 0 7.435745e-17 0.000000e+00
112 118 1.307482e-03 5.205181e-03 0 0 0 0 2.388611e-17 0.000000e+00
112 119 1.307482e-03 6.552935e-03 0 0 0 0 7.573602e-18 0.000000e+00
112 120 1.307482e-03 8.249656e-03 0 0 0 0 2.394741e-18 0.000000e+00
113 110 1.646023e-03 8.249656e-04 0 0 0 0 8.041775e-16 0.000000e+00
113 111 1.646023e-03 1.038570e-03 0 0 0 0 2.053906e-15 0.000000e+00
113 112 1.646023e-03 1.307482e-03 0 0 0 0 5.247833e-15 0.000000e+00
113 113 1.646023e-03 1.646023e-03 0 0 0 0 7.803216e-12 0.000000e+00
113 114 1.646023e-03 2.072220e-03 0 0 0 0 5.006024e-15 0.000000e+00
113 115 1.646023e-03 2.608770e-03 0 0 0 0 1.751655e-15 0.000000e+00
113 116 1.646023e-03 3.284247e-03 0 0 0 0 5.870078e-16 0.000000e+00
113 117 1.646023e-03 4.134622e-03 0 0 0 0 1.912760e-16 0.000000e+00
113 118 1.646023e-03 5.205181e-03 0 0 0 0 6.104249e-17 0.000000e+00
113 119 1.646023e-03 6.552935e-03 0 0 0 0 1.922981e-17 0.000000e+00
113 120 1.646023e-03 8.249656e-03 0 0 0 0 6.035086e-18 0.000000e+00
114 110 2.072220e-03 8.249656e-04 0 0 0 0 2.911109e-16 0.000000e+00
114 111 2.072220e-03 1.038570e-03 0 0 0 0 7.442684e-16 0.000000e+00
114 112 2.072220e-03 1.307482e-03 0 0 0 0 1.921075e-15 0.000000e+00
114 113 2.072220e-03 1.646023e-03 0 0 0 0 5.006024e-15 0.000000e+00
114 114 2.072220e-03 2.072220e-03 0 0 0 0 4.947487e-12 0.000000e+00
114 115 2.072220e-03 2.608770e-03 0 0 0 0 4.672822e-15 0.000000e+00
114 116 2.072220e-03 3.284247e-03 0 0 0 0 1.554745e-15 0.000000e+00
114 117 2.072220e-03 4.134622e-03 0 0 0 0 4.998541e-16 0.000000e+00
114 118 2.072220e-03 5.205181e-03 0 0 0 0 1.576615e-16 0.000000e+00
114 119 2.072220e-03 6.552935e-03 0 0 0 0 4.921555e-17 0.000000e+00
114 120 2.072220e-03 8.249656e-03 0 0 0 0 1.536573e-17 0.000000e+00
115 110 2.608770e-03 8.249656e-04 0 0 0 0 1.021561e-16 0.000000e+00
115 111 2.608770e-03 1.038570e-03 0 0 0 0 2.605046e-16 0.000000e+00
115 112 2.608770e-03 1.307482e-03 0 0 0 0 6.704316e-16 0.000000e+00
115 113 2.608770e-03 1.646023e-03 0 0 0 0 1.751655e-15 0.000000e+00
115 114 2.608770e-03 2.072220e-03 0 0 0 0 4.672822e-15 0.000000e+00
115 115 2.608770e-03 2.608770e-03 0 0 0 0 3.134884e-12 0.000000e+00
115 116 2.608770e-03 3.284247e-03 0 0 0 0 4.262246e-15 0.000000e+00
115 117 2.608770e-03 4.134622e-03 0 0 0 0 1.343163e-15 0.000000e+00
115 118 2.608770e-03 5.205181e-03 0 0 0 0 4.150043e-16 0.000000e+00
115 119 2.608770e-03 6.552935e-03 0 0 0 0 1.275270e-16 0.000000e+00
115 120 2.608770e-03 8.249656e-03 0 0 0 0 3.934441e-17 0.000000e+00
116 110 3.284247e-03 8.249656e-04 0 0 0 0 3.476891e-17 0.000000e+00
116 111 3.284247e-03 1.038570e-03 0 0 0 0 8.838323e-17 0.000000e+00
116 112 3.284247e-03 1.307482e-03 0 0 0 0 2.263772e-16 0.000000e+00
116 113 3.284247e-03 1.646023e-03 0 0 0 0 5.870078e-16 0.000000e+00
116 114 3.284247e-03 2.072220e-03 0 0 0 0 1.554745e-15 0.000000e+00
116 115 3.284247e-03 2.608770e-03 0 0 0 0 4.262246e-15 0.000000e+00
116 116 3.284247e-03 3.284247e-03 0 0 0 0 1.985242e-12 0.000000e+00
116 117 3.284247e-03 4.134622e-03 0 0 0 0 3.796843e-15 0.000000e+00
116 118 3.284247e-03 5.205181e-03 0 0 0 0 1.131177e-15 0.000000e+00
116 119 3.284247e-03 6.552935e-03 0 0 0 0 3.376894e-16 0.000000e+00
116 120 3.284247e-03 8.249656e-03 0 0 0 0 1.021056e-16 0.000000e+00
117 110 4.134622e-03 8.249656e-04 0 0 0 0 1.152180e-17 0.000000e+00
117 111 4.134622e-03 1.038570e-03 0 0 0 0 2.918194e-17 0.000000e+00
117 112 4.134622e-03 1.307482e-03 0 0 0 0 7.435745e-17 0.000000e+00
117 113 4.134622e-03 1.646023e-03 0 0 0 0 1.912760e-16 0.000000e+00
117 114 4.134622e-03 2.072220e-03 0 0 0 0 4.998541e-16 0.000000e+00
117 115 4.134622e-03 2.608770e-03 0 0 0 0 1.343163e-15 0.000000e+00
117 116 4.134622e-03 3.284247e-03 0 0 0 0 3.796843e-15 0.000000e+00
117 117 4.134622e-03 4.134622e-03 0 0 0 0 1.258170e-12 0.000000e+00
117 118 4.134622e-03 5.205181e-03 0 0 0 0 3.304836e-15 0.000000e+00
117 119 4.134622e-03 6.552935e-03 0 0 0 0 9.321464e-16 0.000000e+00
117 120 4.134622e-03 8.249656e-03 0 0 0 0 2.713531e-16 0.000000e+00
118 110 5.205181e-03 8.249656e-04 0 0 0 0 3.709981e-18 0.000000e+00
118 111 5.205181e-03 1.038570e-03 0 0 0 0 9.412842e-18 0.000000e+00
118 112 5.205181e-03 1.307482e-03 0 0 0 0 2.388611e-17 0.000000e+00
118 113 5.205181e-03 1.646023e-03 0 0 0 0 6.104249e-17 0.000000e+00
118 114 5.205181e-03 2.072220e-03 0 0 0 0 1.576615e-16 0.000000e+00
118 115 5.205181e-03 2.608770e-03 0 0 0 0 4.150043e-16 0.000000e+00
118 116 5.205181e-03 3.284247e-03 0 0 0 0 1.131177e-15 0.000000e+00
118 117 5.205181e-03 4.134622e-03 0 0 0 0 3.304836e-15 0.000000e+00
118 118 5.205181e-03 5.205181e-03 0 0 0 0 7.973142e-13 0.000000e+00
118 119 5.205181e-03 6.552935e-03 0 0 0 0 2.815766e-15 0.000000e+00
118 120 5.205181e-03 8.249656e-03 0 0 0 0 7.560537e-16 0.000000e+00
119 110 6.552935e-03 8.249656e-04 0 0 0 0 1.188202e-18 0.000000e+00
119 111 6.552935e-03 1.038570e-03 0 0 0 0 2.987357e-18 0.000000e+00
119 112 6.552935e-03 1.307482e-03 0 0 0 0 7.573602e-18 0.000000e+00
119 113 6.552935e-03 1.646023e-03 0 0 0 0 1.922981e-17 0.000000e+00
119 114 6.552935e-03 2.072220e-03 0 0 0 0 4.921555e-17 0.000000e+00
119 115 6.552935e-03 2.608770e-03 0 0 0 0 1.275270e-16 0.000000e+00
119 116 6.552935e-03 3.284247e-03 0 0 0 0 3.376894e-16 0.000000e+00
119 117 6.552935e-03 4.134622e-03 0 0 0 0 9.321464e-16 0.000000e+00
119 118 6.552935e-03 5.205181e-03 0 0 0 0 2.815766e-15 0.000000e+00
119 119 6.552935e-03 6.552935e-03 0 0 0 0 5.051057e-13 0.000000e+00
119 120 6.552935e-03 8.249656e-03 0 0 0 0 2.355801e-15 0.000000e+00
120 110 8.249656e-03 8.249656e-04 0 0 0 0 3.696027e-19 0.000000e+00
120 111 8.249656e-03 1.038570e-03 0 0 0 0 9.409730e-19 0.000000e+00
120 112 8.249656e-03 1.307482e-03 0 0 0 0 2.394741e-18 0.000000e+00
120 113 8.249656e-03 1.646023e-03 0 0 0 0 6.035086e-18 0.000000e+00
120 114 8.249656e-03 2.072220e-03 0 0 0 0 1.536573e-17 0.000000e+00
120 115 8.249656e-03 2.608770e-03 0 0 0 0 3.934441e-17 0.000000e+00
120 116 8.249656e-03 3.284247e-03 0 0 0 0 1.021056e-16 0.000000e+00
120 117 8.249656e-03 4.134622e-03 0 0 0 0 2.713531e-16 0.000000e+00
120 118 8.249656e-03 5.205181e-03 0 0 0 0 7.560537e-16 0.000000e+00
120 119 8.249656e-03 6.552935e-03 0 0 0 0 2.355801e-15 0.000000e+00
120 120 8.249656e-03 8.249656e-03 0 0 0 0 3.201625e-13 0.000000e+00
