# Please cite the following papers in research using this covariance:
# arXiv: 1601.05779, https://arxiv.org/abs/1601.05779
# arXiv: 1911.11947, https://arxiv.org/abs/1911.11947
# arXiv: 2004.04833, https://arxiv.org/abs/2004.04833
# arXiv: 1804.10663, https://arxiv.org/abs/1804.10663
########################################################
55 77 8.249656e-04 8.249656e-04 1 2 2 2 0.000000e+00 0.000000e+00
55 78 8.249656e-04 1.038570e-03 1 2 2 2 3.033251e-13 0.000000e+00
55 79 8.249656e-04 1.307482e-03 1 2 2 2 2.659803e-13 0.000000e+00
55 80 8.249656e-04 1.646023e-03 1 2 2 2 2.350569e-13 0.000000e+00
55 81 8.249656e-04 2.072220e-03 1 2 2 2 2.100225e-13 0.000000e+00
55 82 8.249656e-04 2.608770e-03 1 2 2 2 1.897175e-13 0.000000e+00
55 83 8.249656e-04 3.284247e-03 1 2 2 2 1.729710e-13 0.000000e+00
55 84 8.249656e-04 4.134622e-03 1 2 2 2 1.587464e-13 0.000000e+00
55 85 8.249656e-04 5.205181e-03 1 2 2 2 1.461797e-13 0.000000e+00
55 86 8.249656e-04 6.552935e-03 1 2 2 2 1.345798e-13 0.000000e+00
55 87 8.249656e-04 8.249656e-03 1 2 2 2 1.234166e-13 0.000000e+00
56 77 1.038570e-03 8.249656e-04 1 2 2 2 3.033251e-13 0.000000e+00
56 78 1.038570e-03 1.038570e-03 1 2 2 2 0.000000e+00 0.000000e+00
56 79 1.038570e-03 1.307482e-03 1 2 2 2 2.725944e-13 0.000000e+00
56 80 1.038570e-03 1.646023e-03 1 2 2 2 2.388295e-13 0.000000e+00
56 81 1.038570e-03 2.072220e-03 1 2 2 2 2.119634e-13 0.000000e+00
56 82 1.038570e-03 2.608770e-03 1 2 2 2 1.906555e-13 0.000000e+00
56 83 1.038570e-03 3.284247e-03 1 2 2 2 1.733969e-13 0.000000e+00
56 84 1.038570e-03 4.134622e-03 1 2 2 2 1.589251e-13 0.000000e+00
56 85 1.038570e-03 5.205181e-03 1 2 2 2 1.462459e-13 0.000000e+00
56 86 1.038570e-03 6.552935e-03 1 2 2 2 1.345985e-13 0.000000e+00
56 87 1.038570e-03 8.249656e-03 1 2 2 2 1.234176e-13 0.000000e+00
57 77 1.307482e-03 8.249656e-04 1 2 2 2 2.659803e-13 0.000000e+00
57 78 1.307482e-03 1.038570e-03 1 2 2 2 2.725944e-13 0.000000e+00
57 79 1.307482e-03 1.307482e-03 1 2 2 2 0.000000e+00 0.000000e+00
57 80 1.307482e-03 1.646023e-03 1 2 2 2 2.455800e-13 0.000000e+00
57 81 1.307482e-03 2.072220e-03 1 2 2 2 2.154168e-13 0.000000e+00
57 82 1.307482e-03 2.608770e-03 1 2 2 2 1.922822e-13 0.000000e+00
57 83 1.307482e-03 3.284247e-03 1 2 2 2 1.741199e-13 0.000000e+00
57 84 1.307482e-03 4.134622e-03 1 2 2 2 1.592240e-13 0.000000e+00
57 85 1.307482e-03 5.205181e-03 1 2 2 2 1.463557e-13 0.000000e+00
57 86 1.307482e-03 6.552935e-03 1 2 2 2 1.346299e-13 0.000000e+00
57 87 1.307482e-03 8.249656e-03 1 2 2 2 1.234201e-13 0.000000e+00
58 77 1.646023e-03 8.249656e-04 1 2 2 2 2.350569e-13 0.000000e+00
58 78 1.646023e-03 1.038570e-03 1 2 2 2 2.388295e-13 0.000000e+00
58 79 1.646023e-03 1.307482e-03 1 2 2 2 2.455800e-13 0.000000e+00
58 80 1.646023e-03 1.646023e-03 1 2 2 2 0.000000e+00 0.000000e+00
58 81 1.646023e-03 2.072220e-03 1 2 2 2 2.219590e-13 0.000000e+00
58 82 1.646023e-03 2.608770e-03 1 2 2 2 1.952720e-13 0.000000e+00
58 83 1.646023e-03 3.284247e-03 1 2 2 2 1.754004e-13 0.000000e+00
58 84 1.646023e-03 4.134622e-03 1 2 2 2 1.597395e-13 0.000000e+00
58 85 1.646023e-03 5.205181e-03 1 2 2 2 1.465423e-13 0.000000e+00
58 86 1.646023e-03 6.552935e-03 1 2 2 2 1.346832e-13 0.000000e+00
58 87 1.646023e-03 8.249656e-03 1 2 2 2 1.234249e-13 0.000000e+00
59 77 2.072220e-03 8.249656e-04 1 2 2 2 2.100225e-13 0.000000e+00
59 78 2.072220e-03 1.038570e-03 1 2 2 2 2.119634e-13 0.000000e+00
59 79 2.072220e-03 1.307482e-03 1 2 2 2 2.154168e-13 0.000000e+00
59 80 2.072220e-03 1.646023e-03 1 2 2 2 2.219590e-13 0.000000e+00
59 81 2.072220e-03 2.072220e-03 1 2 2 2 0.000000e+00 0.000000e+00
59 82 2.072220e-03 2.608770e-03 1 2 2 2 2.013082e-13 0.000000e+00
59 83 2.072220e-03 3.284247e-03 1 2 2 2 1.778432e-13 0.000000e+00
59 84 2.072220e-03 4.134622e-03 1 2 2 2 1.606772e-13 0.000000e+00
59 85 2.072220e-03 5.205181e-03 1 2 2 2 1.468722e-13 0.000000e+00
59 86 2.072220e-03 6.552935e-03 1 2 2 2 1.347769e-13 0.000000e+00
59 87 2.072220e-03 8.249656e-03 1 2 2 2 1.234349e-13 0.000000e+00
60 77 2.608770e-03 8.249656e-04 1 2 2 2 1.897175e-13 0.000000e+00
60 78 2.608770e-03 1.038570e-03 1 2 2 2 1.906555e-13 0.000000e+00
60 79 2.608770e-03 1.307482e-03 1 2 2 2 1.922822e-13 0.000000e+00
60 80 2.608770e-03 1.646023e-03 1 2 2 2 1.952720e-13 0.000000e+00
60 81 2.608770e-03 2.072220e-03 1 2 2 2 2.013082e-13 0.000000e+00
60 82 2.608770e-03 2.608770e-03 1 2 2 2 0.000000e+00 0.000000e+00
60 83 2.608770e-03 3.284247e-03 1 2 2 2 1.831481e-13 0.000000e+00
60 84 2.608770e-03 4.134622e-03 1 2 2 2 1.625490e-13 0.000000e+00
60 85 2.608770e-03 5.205181e-03 1 2 2 2 1.474968e-13 0.000000e+00
60 86 2.608770e-03 6.552935e-03 1 2 2 2 1.349521e-13 0.000000e+00
60 87 2.608770e-03 8.249656e-03 1 2 2 2 1.234575e-13 0.000000e+00
61 77 3.284247e-03 8.249656e-04 1 2 2 2 1.729710e-13 0.000000e+00
61 78 3.284247e-03 1.038570e-03 1 2 2 2 1.733969e-13 0.000000e+00
61 79 3.284247e-03 1.307482e-03 1 2 2 2 1.741199e-13 0.000000e+00
61 80 3.284247e-03 1.646023e-03 1 2 2 2 1.754004e-13 0.000000e+00
61 81 3.284247e-03 2.072220e-03 1 2 2 2 1.778432e-13 0.000000e+00
61 82 3.284247e-03 2.608770e-03 1 2 2 2 1.831481e-13 0.000000e+00
61 83 3.284247e-03 3.284247e-03 1 2 2 2 0.000000e+00 0.000000e+00
61 84 3.284247e-03 4.134622e-03 1 2 2 2 1.669818e-13 0.000000e+00
61 85 3.284247e-03 5.205181e-03 1 2 2 2 1.488235e-13 0.000000e+00
61 86 3.284247e-03 6.552935e-03 1 2 2 2 1.353096e-13 0.000000e+00
61 87 3.284247e-03 8.249656e-03 1 2 2 2 1.235123e-13 0.000000e+00
62 77 4.134622e-03 8.249656e-04 1 2 2 2 1.587464e-13 0.000000e+00
62 78 4.134622e-03 1.038570e-03 1 2 2 2 1.589251e-13 0.000000e+00
62 79 4.134622e-03 1.307482e-03 1 2 2 2 1.592240e-13 0.000000e+00
62 80 4.134622e-03 1.646023e-03 1 2 2 2 1.597395e-13 0.000000e+00
62 81 4.134622e-03 2.072220e-03 1 2 2 2 1.606772e-13 0.000000e+00
62 82 4.134622e-03 2.608770e-03 1 2 2 2 1.625490e-13 0.000000e+00
62 83 4.134622e-03 3.284247e-03 1 2 2 2 1.669818e-13 0.000000e+00
62 84 4.134622e-03 4.134622e-03 1 2 2 2 0.000000e+00 0.000000e+00
62 85 4.134622e-03 5.205181e-03 1 2 2 2 1.523295e-13 0.000000e+00
62 86 4.134622e-03 6.552935e-03 1 2 2 2 1.361524e-13 0.000000e+00
62 87 4.134622e-03 8.249656e-03 1 2 2 2 1.236579e-13 0.000000e+00
63 77 5.205181e-03 8.249656e-04 1 2 2 2 1.461797e-13 0.000000e+00
63 78 5.205181e-03 1.038570e-03 1 2 2 2 1.462459e-13 0.000000e+00
63 79 5.205181e-03 1.307482e-03 1 2 2 2 1.463557e-13 0.000000e+00
63 80 5.205181e-03 1.646023e-03 1 2 2 2 1.465423e-13 0.000000e+00
63 81 5.205181e-03 2.072220e-03 1 2 2 2 1.468722e-13 0.000000e+00
63 82 5.205181e-03 2.608770e-03 1 2 2 2 1.474968e-13 0.000000e+00
63 83 5.205181e-03 3.284247e-03 1 2 2 2 1.488235e-13 0.000000e+00
63 84 5.205181e-03 4.134622e-03 1 2 2 2 1.523295e-13 0.000000e+00
63 85 5.205181e-03 5.205181e-03 1 2 2 2 0.000000e+00 0.000000e+00
63 86 5.205181e-03 6.552935e-03 1 2 2 2 1.387535e-13 0.000000e+00
63 87 5.205181e-03 8.249656e-03 1 2 2 2 1.241006e-13 0.000000e+00
64 77 6.552935e-03 8.249656e-04 1 2 2 2 1.345798e-13 0.000000e+00
64 78 6.552935e-03 1.038570e-03 1 2 2 2 1.345985e-13 0.000000e+00
64 79 6.552935e-03 1.307482e-03 1 2 2 2 1.346299e-13 0.000000e+00
64 80 6.552935e-03 1.646023e-03 1 2 2 2 1.346832e-13 0.000000e+00
64 81 6.552935e-03 2.072220e-03 1 2 2 2 1.347769e-13 0.000000e+00
64 82 6.552935e-03 2.608770e-03 1 2 2 2 1.349521e-13 0.000000e+00
64 83 6.552935e-03 3.284247e-03 1 2 2 2 1.353096e-13 0.000000e+00
64 84 6.552935e-03 4.134622e-03 1 2 2 2 1.361524e-13 0.000000e+00
64 85 6.552935e-03 5.205181e-03 1 2 2 2 1.387535e-13 0.000000e+00
64 86 6.552935e-03 6.552935e-03 1 2 2 2 0.000000e+00 0.000000e+00
64 87 6.552935e-03 8.249656e-03 1 2 2 2 1.258797e-13 0.000000e+00
65 77 8.249656e-03 8.249656e-04 1 2 2 2 1.234166e-13 0.000000e+00
65 78 8.249656e-03 1.038570e-03 1 2 2 2 1.234176e-13 0.000000e+00
65 79 8.249656e-03 1.307482e-03 1 2 2 2 1.234201e-13 0.000000e+00
65 80 8.249656e-03 1.646023e-03 1 2 2 2 1.234249e-13 0.000000e+00
65 81 8.249656e-03 2.072220e-03 1 2 2 2 1.234349e-13 0.000000e+00
65 82 8.249656e-03 2.608770e-03 1 2 2 2 1.234575e-13 0.000000e+00
65 83 8.249656e-03 3.284247e-03 1 2 2 2 1.235123e-13 0.000000e+00
65 84 8.249656e-03 4.134622e-03 1 2 2 2 1.236579e-13 0.000000e+00
65 85 8.249656e-03 5.205181e-03 1 2 2 2 1.241006e-13 0.000000e+00
65 86 8.249656e-03 6.552935e-03 1 2 2 2 1.258797e-13 0.000000e+00
65 87 8.249656e-03 8.249656e-03 1 2 2 2 0.000000e+00 0.000000e+00
