# Please cite the following papers in research using this covariance:
# arXiv: 1601.05779, https://arxiv.org/abs/1601.05779
# arXiv: 1911.11947, https://arxiv.org/abs/1911.11947
# arXiv: 2004.04833, https://arxiv.org/abs/2004.04833
# arXiv: 1804.10663, https://arxiv.org/abs/1804.10663
########################################################
44 176 8.249656e-04 8.249656e-04 1 1 1 3 0.000000e+00 0.000000e+00
44 177 8.249656e-04 1.038570e-03 1 1 1 3 -2.107116e-14 0.000000e+00
44 178 8.249656e-04 1.307482e-03 1 1 1 3 -9.587042e-15 0.000000e+00
44 179 8.249656e-04 1.646023e-03 1 1 1 3 8.878712e-15 0.000000e+00
44 180 8.249656e-04 2.072220e-03 1 1 1 3 2.249452e-14 0.000000e+00
44 181 8.249656e-04 2.608770e-03 1 1 1 3 2.950794e-14 0.000000e+00
44 182 8.249656e-04 3.284247e-03 1 1 1 3 3.138796e-14 0.000000e+00
44 183 8.249656e-04 4.134622e-03 1 1 1 3 3.009137e-14 0.000000e+00
44 184 8.249656e-04 5.205181e-03 1 1 1 3 2.720226e-14 0.000000e+00
44 185 8.249656e-04 6.552935e-03 1 1 1 3 2.378502e-14 0.000000e+00
44 186 8.249656e-04 8.249656e-03 1 1 1 3 2.046550e-14 0.000000e+00
45 176 1.038570e-03 8.249656e-04 1 1 1 3 2.521352e-16 0.000000e+00
45 177 1.038570e-03 1.038570e-03 1 1 1 3 0.000000e+00 0.000000e+00
45 178 1.038570e-03 1.307482e-03 1 1 1 3 -2.076391e-14 0.000000e+00
45 179 1.038570e-03 1.646023e-03 1 1 1 3 -9.476830e-15 0.000000e+00
45 180 1.038570e-03 2.072220e-03 1 1 1 3 7.882561e-15 0.000000e+00
45 181 1.038570e-03 2.608770e-03 1 1 1 3 2.000031e-14 0.000000e+00
45 182 1.038570e-03 3.284247e-03 1 1 1 3 2.576812e-14 0.000000e+00
45 183 1.038570e-03 4.134622e-03 1 1 1 3 2.694589e-14 0.000000e+00
45 184 1.038570e-03 5.205181e-03 1 1 1 3 2.549736e-14 0.000000e+00
45 185 1.038570e-03 6.552935e-03 1 1 1 3 2.287647e-14 0.000000e+00
45 186 1.038570e-03 8.249656e-03 1 1 1 3 1.998356e-14 0.000000e+00
46 176 1.307482e-03 8.249656e-04 1 1 1 3 2.408149e-16 0.000000e+00
46 177 1.307482e-03 1.038570e-03 1 1 1 3 5.347863e-16 0.000000e+00
46 178 1.307482e-03 1.307482e-03 1 1 1 3 0.000000e+00 0.000000e+00
46 179 1.307482e-03 1.646023e-03 1 1 1 3 -2.004180e-14 0.000000e+00
46 180 1.307482e-03 2.072220e-03 1 1 1 3 -9.094474e-15 0.000000e+00
46 181 1.307482e-03 2.608770e-03 1 1 1 3 6.911628e-15 0.000000e+00
46 182 1.307482e-03 3.284247e-03 1 1 1 3 1.748416e-14 0.000000e+00
46 183 1.307482e-03 4.134622e-03 1 1 1 3 2.215521e-14 0.000000e+00
46 184 1.307482e-03 5.205181e-03 1 1 1 3 2.285629e-14 0.000000e+00
46 185 1.307482e-03 6.552935e-03 1 1 1 3 2.145603e-14 0.000000e+00
46 186 1.307482e-03 8.249656e-03 1 1 1 3 1.922621e-14 0.000000e+00
47 176 1.646023e-03 8.249656e-04 1 1 1 3 1.138410e-16 0.000000e+00
47 177 1.646023e-03 1.038570e-03 1 1 1 3 3.078605e-16 0.000000e+00
47 178 1.646023e-03 1.307482e-03 1 1 1 3 8.043171e-16 0.000000e+00
47 179 1.646023e-03 1.646023e-03 1 1 1 3 0.000000e+00 0.000000e+00
47 180 1.646023e-03 2.072220e-03 1 1 1 3 -1.892932e-14 0.000000e+00
47 181 1.646023e-03 2.608770e-03 1 1 1 3 -8.467729e-15 0.000000e+00
47 182 1.646023e-03 3.284247e-03 1 1 1 3 6.003808e-15 0.000000e+00
47 183 1.646023e-03 4.134622e-03 1 1 1 3 1.506837e-14 0.000000e+00
47 184 1.646023e-03 5.205181e-03 1 1 1 3 1.882716e-14 0.000000e+00
47 185 1.646023e-03 6.552935e-03 1 1 1 3 1.925412e-14 0.000000e+00
47 186 1.646023e-03 8.249656e-03 1 1 1 3 1.804192e-14 0.000000e+00
48 176 2.072220e-03 8.249656e-04 1 1 1 3 4.629778e-17 0.000000e+00
48 177 2.072220e-03 1.038570e-03 1 1 1 3 1.248974e-16 0.000000e+00
48 178 2.072220e-03 1.307482e-03 1 1 1 3 3.536391e-16 0.000000e+00
48 179 2.072220e-03 1.646023e-03 1 1 1 3 1.028338e-15 0.000000e+00
48 180 2.072220e-03 2.072220e-03 1 1 1 3 0.000000e+00 0.000000e+00
48 181 2.072220e-03 2.608770e-03 1 1 1 3 -1.748961e-14 0.000000e+00
48 182 2.072220e-03 3.284247e-03 1 1 1 3 -7.652545e-15 0.000000e+00
48 183 2.072220e-03 4.134622e-03 1 1 1 3 5.183826e-15 0.000000e+00
48 184 2.072220e-03 5.205181e-03 1 1 1 3 1.284914e-14 0.000000e+00
48 185 2.072220e-03 6.552935e-03 1 1 1 3 1.589119e-14 0.000000e+00
48 186 2.072220e-03 8.249656e-03 1 1 1 3 1.620599e-14 0.000000e+00
49 176 2.608770e-03 8.249656e-04 1 1 1 3 1.751602e-17 0.000000e+00
49 177 2.608770e-03 1.038570e-03 1 1 1 3 4.547633e-17 0.000000e+00
49 178 2.608770e-03 1.307482e-03 1 1 1 3 1.259070e-16 0.000000e+00
49 179 2.608770e-03 1.646023e-03 1 1 1 3 3.703643e-16 0.000000e+00
49 180 2.608770e-03 2.072220e-03 1 1 1 3 1.181018e-15 0.000000e+00
49 181 2.608770e-03 2.608770e-03 1 1 1 3 0.000000e+00 0.000000e+00
49 182 2.608770e-03 3.284247e-03 1 1 1 3 -1.581595e-14 0.000000e+00
49 183 2.608770e-03 4.134622e-03 1 1 1 3 -6.723316e-15 0.000000e+00
49 184 2.608770e-03 5.205181e-03 1 1 1 3 4.464161e-15 0.000000e+00
49 185 2.608770e-03 6.552935e-03 1 1 1 3 1.089124e-14 0.000000e+00
49 186 2.608770e-03 8.249656e-03 1 1 1 3 1.340091e-14 0.000000e+00
50 176 3.284247e-03 8.249656e-04 1 1 1 3 6.327145e-18 0.000000e+00
50 177 3.284247e-03 1.038570e-03 1 1 1 3 1.536331e-17 0.000000e+00
50 178 3.284247e-03 1.307482e-03 1 1 1 3 4.162677e-17 0.000000e+00
50 179 3.284247e-03 1.646023e-03 1 1 1 3 1.175928e-16 0.000000e+00
50 180 3.284247e-03 2.072220e-03 1 1 1 3 3.587453e-16 0.000000e+00
50 181 3.284247e-03 2.608770e-03 1 1 1 3 1.249099e-15 0.000000e+00
50 182 3.284247e-03 3.284247e-03 1 1 1 3 0.000000e+00 0.000000e+00
50 183 3.284247e-03 4.134622e-03 1 1 1 3 -1.401730e-14 0.000000e+00
50 184 3.284247e-03 5.205181e-03 1 1 1 3 -5.757889e-15 0.000000e+00
50 185 3.284247e-03 6.552935e-03 1 1 1 3 3.848120e-15 0.000000e+00
50 186 3.284247e-03 8.249656e-03 1 1 1 3 9.226639e-15 0.000000e+00
51 176 4.134622e-03 8.249656e-04 1 1 1 3 2.373413e-18 0.000000e+00
51 177 4.134622e-03 1.038570e-03 1 1 1 3 4.900257e-18 0.000000e+00
51 178 4.134622e-03 1.307482e-03 1 1 1 3 1.305589e-17 0.000000e+00
51 179 4.134622e-03 1.646023e-03 1 1 1 3 3.574186e-17 0.000000e+00
51 180 4.134622e-03 2.072220e-03 1 1 1 3 1.024994e-16 0.000000e+00
51 181 4.134622e-03 2.608770e-03 1 1 1 3 3.243384e-16 0.000000e+00
51 182 4.134622e-03 3.284247e-03 1 1 1 3 1.233169e-15 0.000000e+00
51 183 4.134622e-03 4.134622e-03 1 1 1 3 0.000000e+00 0.000000e+00
51 184 4.134622e-03 5.205181e-03 1 1 1 3 -1.220178e-14 0.000000e+00
51 185 4.134622e-03 6.552935e-03 1 1 1 3 -4.825906e-15 0.000000e+00
51 186 4.134622e-03 8.249656e-03 1 1 1 3 3.332691e-15 0.000000e+00
52 176 5.205181e-03 8.249656e-04 1 1 1 3 9.878432e-19 0.000000e+00
52 177 5.205181e-03 1.038570e-03 1 1 1 3 1.435319e-18 0.000000e+00
52 178 5.205181e-03 1.307482e-03 1 1 1 3 3.879014e-18 0.000000e+00
52 179 5.205181e-03 1.646023e-03 1 1 1 3 1.052903e-17 0.000000e+00
52 180 5.205181e-03 2.072220e-03 1 1 1 3 2.879781e-17 0.000000e+00
52 181 5.205181e-03 2.608770e-03 1 1 1 3 8.417240e-17 0.000000e+00
52 182 5.205181e-03 3.284247e-03 1 1 1 3 2.757786e-16 0.000000e+00
52 183 5.205181e-03 4.134622e-03 1 1 1 3 1.146629e-15 0.000000e+00
52 184 5.205181e-03 5.205181e-03 1 1 1 3 0.000000e+00 0.000000e+00
52 185 5.205181e-03 6.552935e-03 1 1 1 3 -1.046395e-14 0.000000e+00
52 186 5.205181e-03 8.249656e-03 1 1 1 3 -3.979216e-15 0.000000e+00
53 176 6.552935e-03 8.249656e-04 1 1 1 3 6.058999e-19 0.000000e+00
53 177 6.552935e-03 1.038570e-03 1 1 1 3 3.302638e-19 0.000000e+00
53 178 6.552935e-03 1.307482e-03 1 1 1 3 1.072449e-18 0.000000e+00
53 179 6.552935e-03 1.646023e-03 1 1 1 3 2.969183e-18 0.000000e+00
53 180 6.552935e-03 2.072220e-03 1 1 1 3 7.860443e-18 0.000000e+00
53 181 6.552935e-03 2.608770e-03 1 1 1 3 2.191262e-17 0.000000e+00
53 182 6.552935e-03 3.284247e-03 1 1 1 3 6.524085e-17 0.000000e+00
53 183 6.552935e-03 4.134622e-03 1 1 1 3 2.214815e-16 0.000000e+00
53 184 6.552935e-03 5.205181e-03 1 1 1 3 1.010631e-15 0.000000e+00
53 185 6.552935e-03 6.552935e-03 1 1 1 3 0.000000e+00 0.000000e+00
53 186 6.552935e-03 8.249656e-03 1 1 1 3 -8.875917e-15 0.000000e+00
54 176 8.249656e-03 8.249656e-04 1 1 1 3 4.565202e-19 0.000000e+00
54 177 8.249656e-03 1.038570e-03 1 1 1 3 2.167101e-20 0.000000e+00
54 178 8.249656e-03 1.307482e-03 1 1 1 3 2.757224e-19 0.000000e+00
54 179 8.249656e-03 1.646023e-03 1 1 1 3 8.391286e-19 0.000000e+00
54 180 8.249656e-03 2.072220e-03 1 1 1 3 2.142807e-18 0.000000e+00
54 181 8.249656e-03 2.608770e-03 1 1 1 3 5.696764e-18 0.000000e+00
54 182 8.249656e-03 3.284247e-03 1 1 1 3 1.590303e-17 0.000000e+00
54 183 8.249656e-03 4.134622e-03 1 1 1 3 4.806059e-17 0.000000e+00
54 184 8.249656e-03 5.205181e-03 1 1 1 3 1.687840e-16 0.000000e+00
54 185 8.249656e-03 6.552935e-03 1 1 1 3 8.483596e-16 0.000000e+00
54 186 8.249656e-03 8.249656e-03 1 1 1 3 0.000000e+00 0.000000e+00
