# Please cite the following papers in research using this covariance:
# arXiv: 1601.05779, https://arxiv.org/abs/1601.05779
# arXiv: 1911.11947, https://arxiv.org/abs/1911.11947
# arXiv: 2004.04833, https://arxiv.org/abs/2004.04833
# arXiv: 1804.10663, https://arxiv.org/abs/1804.10663
########################################################
66 110 8.249656e-04 8.249656e-04 1 3 0 0 0.000000e+00 0.000000e+00
66 111 8.249656e-04 1.038570e-03 1 3 0 0 -6.083336e-18 0.000000e+00
66 112 8.249656e-04 1.307482e-03 1 3 0 0 1.084936e-17 0.000000e+00
66 113 8.249656e-04 1.646023e-03 1 3 0 0 5.334887e-17 0.000000e+00
66 114 8.249656e-04 2.072220e-03 1 3 0 0 1.191332e-16 0.000000e+00
66 115 8.249656e-04 2.608770e-03 1 3 0 0 2.011544e-16 0.000000e+00
66 116 8.249656e-04 3.284247e-03 1 3 0 0 2.908312e-16 0.000000e+00
66 117 8.249656e-04 4.134622e-03 1 3 0 0 3.803825e-16 0.000000e+00
66 118 8.249656e-04 5.205181e-03 1 3 0 0 4.643590e-16 0.000000e+00
66 119 8.249656e-04 6.552935e-03 1 3 0 0 5.405775e-16 0.000000e+00
66 120 8.249656e-04 8.249656e-03 1 3 0 0 6.103892e-16 0.000000e+00
67 110 1.038570e-03 8.249656e-04 1 3 0 0 -3.688154e-18 0.000000e+00
67 111 1.038570e-03 1.038570e-03 1 3 0 0 0.000000e+00 0.000000e+00
67 112 1.038570e-03 1.307482e-03 1 3 0 0 -1.221488e-17 0.000000e+00
67 113 1.038570e-03 1.646023e-03 1 3 0 0 9.615523e-18 0.000000e+00
67 114 1.038570e-03 2.072220e-03 1 3 0 0 6.487690e-17 0.000000e+00
67 115 1.038570e-03 2.608770e-03 1 3 0 0 1.467392e-16 0.000000e+00
67 116 1.038570e-03 3.284247e-03 1 3 0 0 2.429185e-16 0.000000e+00
67 117 1.038570e-03 4.134622e-03 1 3 0 0 3.417981e-16 0.000000e+00
67 118 1.038570e-03 5.205181e-03 1 3 0 0 4.352217e-16 0.000000e+00
67 119 1.038570e-03 6.552935e-03 1 3 0 0 5.195589e-16 0.000000e+00
67 120 1.038570e-03 8.249656e-03 1 3 0 0 5.956737e-16 0.000000e+00
68 110 1.307482e-03 8.249656e-04 1 3 0 0 -1.966966e-18 0.000000e+00
68 111 1.307482e-03 1.038570e-03 1 3 0 0 -5.861919e-18 0.000000e+00
68 112 1.307482e-03 1.307482e-03 1 3 0 0 0.000000e+00 0.000000e+00
68 113 1.307482e-03 1.646023e-03 1 3 0 0 -2.128241e-17 0.000000e+00
68 114 1.307482e-03 2.072220e-03 1 3 0 0 6.149685e-18 0.000000e+00
68 115 1.307482e-03 2.608770e-03 1 3 0 0 7.629629e-17 0.000000e+00
68 116 1.307482e-03 3.284247e-03 1 3 0 0 1.751237e-16 0.000000e+00
68 117 1.307482e-03 4.134622e-03 1 3 0 0 2.845177e-16 0.000000e+00
68 118 1.307482e-03 5.205181e-03 1 3 0 0 3.907807e-16 0.000000e+00
68 119 1.307482e-03 6.552935e-03 1 3 0 0 4.869983e-16 0.000000e+00
68 120 1.307482e-03 8.249656e-03 1 3 0 0 5.726699e-16 0.000000e+00
69 110 1.646023e-03 8.249656e-04 1 3 0 0 -8.746405e-19 0.000000e+00
69 111 1.646023e-03 1.038570e-03 1 3 0 0 -2.929356e-18 0.000000e+00
69 112 1.646023e-03 1.307482e-03 1 3 0 0 -8.090694e-18 0.000000e+00
69 113 1.646023e-03 1.646023e-03 1 3 0 0 0.000000e+00 0.000000e+00
69 114 1.646023e-03 2.072220e-03 1 3 0 0 -3.368214e-17 0.000000e+00
69 115 1.646023e-03 2.608770e-03 1 3 0 0 3.393130e-19 0.000000e+00
69 116 1.646023e-03 3.284247e-03 1 3 0 0 8.718018e-17 0.000000e+00
69 117 1.646023e-03 4.134622e-03 1 3 0 0 2.032565e-16 0.000000e+00
69 118 1.646023e-03 5.205181e-03 1 3 0 0 3.246737e-16 0.000000e+00
69 119 1.646023e-03 6.552935e-03 1 3 0 0 4.372740e-16 0.000000e+00
69 120 1.646023e-03 8.249656e-03 1 3 0 0 5.370098e-16 0.000000e+00
70 110 2.072220e-03 8.249656e-04 1 3 0 0 -2.784665e-19 0.000000e+00
70 111 2.072220e-03 1.038570e-03 1 3 0 0 -1.316954e-18 0.000000e+00
70 112 2.072220e-03 1.307482e-03 1 3 0 0 -3.560778e-18 0.000000e+00
70 113 2.072220e-03 1.646023e-03 1 3 0 0 -1.029045e-17 0.000000e+00
70 114 2.072220e-03 2.072220e-03 1 3 0 0 0.000000e+00 0.000000e+00
70 115 2.072220e-03 2.608770e-03 1 3 0 0 -4.915865e-17 0.000000e+00
70 116 2.072220e-03 3.284247e-03 1 3 0 0 -7.531052e-18 0.000000e+00
70 117 2.072220e-03 4.134622e-03 1 3 0 0 9.748431e-17 0.000000e+00
70 118 2.072220e-03 5.205181e-03 1 3 0 0 2.305999e-16 0.000000e+00
70 119 2.072220e-03 6.552935e-03 1 3 0 0 3.631592e-16 0.000000e+00
70 120 2.072220e-03 8.249656e-03 1 3 0 0 4.824926e-16 0.000000e+00
71 110 2.608770e-03 8.249656e-04 1 3 0 0 9.976512e-21 0.000000e+00
71 111 2.608770e-03 1.038570e-03 1 3 0 0 -5.441073e-19 0.000000e+00
71 112 2.608770e-03 1.307482e-03 1 3 0 0 -1.407211e-18 0.000000e+00
71 113 2.608770e-03 1.646023e-03 1 3 0 0 -3.911703e-18 0.000000e+00
71 114 2.608770e-03 2.072220e-03 1 3 0 0 -1.216804e-17 0.000000e+00
71 115 2.608770e-03 2.608770e-03 1 3 0 0 0.000000e+00 0.000000e+00
71 116 2.608770e-03 3.284247e-03 1 3 0 0 -6.702802e-17 0.000000e+00
71 117 2.608770e-03 4.134622e-03 1 3 0 0 -1.662194e-17 0.000000e+00
71 118 2.608770e-03 5.205181e-03 1 3 0 0 1.075966e-16 0.000000e+00
71 119 2.608770e-03 6.552935e-03 1 3 0 0 2.573472e-16 0.000000e+00
71 120 2.608770e-03 8.249656e-03 1 3 0 0 4.010883e-16 0.000000e+00
72 110 3.284247e-03 8.249656e-04 1 3 0 0 1.336178e-19 0.000000e+00
72 111 3.284247e-03 1.038570e-03 1 3 0 0 -2.162246e-19 0.000000e+00
72 112 3.284247e-03 1.307482e-03 1 3 0 0 -5.089881e-19 0.000000e+00
72 113 3.284247e-03 1.646023e-03 1 3 0 0 -1.315066e-18 0.000000e+00
72 114 3.284247e-03 2.072220e-03 1 3 0 0 -3.965877e-18 0.000000e+00
72 115 3.284247e-03 2.608770e-03 1 3 0 0 -1.324312e-17 0.000000e+00
72 116 3.284247e-03 3.284247e-03 1 3 0 0 0.000000e+00 0.000000e+00
72 117 3.284247e-03 4.134622e-03 1 3 0 0 -8.615358e-17 0.000000e+00
72 118 3.284247e-03 5.205181e-03 1 3 0 0 -2.570566e-17 0.000000e+00
72 119 3.284247e-03 6.552935e-03 1 3 0 0 1.182834e-16 0.000000e+00
72 120 3.284247e-03 8.249656e-03 1 3 0 0 2.845214e-16 0.000000e+00
73 110 4.134622e-03 8.249656e-04 1 3 0 0 1.803913e-19 0.000000e+00
73 111 4.134622e-03 1.038570e-03 1 3 0 0 -9.343726e-20 0.000000e+00
73 112 4.134622e-03 1.307482e-03 1 3 0 0 -1.782699e-19 0.000000e+00
73 113 4.134622e-03 1.646023e-03 1 3 0 0 -3.847042e-19 0.000000e+00
73 114 4.134622e-03 2.072220e-03 1 3 0 0 -1.152219e-18 0.000000e+00
73 115 4.134622e-03 2.608770e-03 1 3 0 0 -3.615409e-18 0.000000e+00
73 116 4.134622e-03 3.284247e-03 1 3 0 0 -1.329484e-17 0.000000e+00
73 117 4.134622e-03 4.134622e-03 1 3 0 0 0.000000e+00 0.000000e+00
73 118 4.134622e-03 5.205181e-03 1 3 0 0 -1.052106e-16 0.000000e+00
73 119 4.134622e-03 6.552935e-03 1 3 0 0 -3.347424e-17 0.000000e+00
73 120 4.134622e-03 8.249656e-03 1 3 0 0 1.305429e-16 0.000000e+00
74 110 5.205181e-03 8.249656e-04 1 3 0 0 1.956529e-19 0.000000e+00
74 111 5.205181e-03 1.038570e-03 1 3 0 0 -5.356655e-20 0.000000e+00
74 112 5.205181e-03 1.307482e-03 1 3 0 0 -7.221885e-20 0.000000e+00
74 113 5.205181e-03 1.646023e-03 1 3 0 0 -9.263502e-20 0.000000e+00
74 114 5.205181e-03 2.072220e-03 1 3 0 0 -3.013413e-19 0.000000e+00
74 115 5.205181e-03 2.608770e-03 1 3 0 0 -8.904519e-19 0.000000e+00
74 116 5.205181e-03 3.284247e-03 1 3 0 0 -2.981922e-18 0.000000e+00
74 117 5.205181e-03 4.134622e-03 1 3 0 0 -1.234976e-17 0.000000e+00
74 118 5.205181e-03 5.205181e-03 1 3 0 0 0.000000e+00 0.000000e+00
74 119 5.205181e-03 6.552935e-03 1 3 0 0 -1.230536e-16 0.000000e+00
74 120 5.205181e-03 8.249656e-03 1 3 0 0 -3.889376e-17 0.000000e+00
75 110 6.552935e-03 8.249656e-04 1 3 0 0 1.999945e-19 0.000000e+00
75 111 6.552935e-03 1.038570e-03 1 3 0 0 -4.219200e-20 0.000000e+00
75 112 6.552935e-03 1.307482e-03 1 3 0 0 -4.243255e-20 0.000000e+00
75 113 6.552935e-03 1.646023e-03 1 3 0 0 -1.243579e-20 0.000000e+00
75 114 6.552935e-03 2.072220e-03 1 3 0 0 -7.558870e-20 0.000000e+00
75 115 6.552935e-03 2.608770e-03 1 3 0 0 -2.066946e-19 0.000000e+00
75 116 6.552935e-03 3.284247e-03 1 3 0 0 -6.355927e-19 0.000000e+00
75 117 6.552935e-03 4.134622e-03 1 3 0 0 -2.272033e-18 0.000000e+00
75 118 6.552935e-03 5.205181e-03 1 3 0 0 -1.074105e-17 0.000000e+00
75 119 6.552935e-03 6.552935e-03 1 3 0 0 0.000000e+00 0.000000e+00
75 120 6.552935e-03 8.249656e-03 1 3 0 0 -1.390367e-16 0.000000e+00
76 110 8.249656e-03 8.249656e-04 1 3 0 0 2.009005e-19 0.000000e+00
76 111 8.249656e-03 1.038570e-03 1 3 0 0 -3.957185e-20 0.000000e+00
76 112 8.249656e-03 1.307482e-03 1 3 0 0 -3.564173e-20 0.000000e+00
76 113 8.249656e-03 1.646023e-03 1 3 0 0 5.736289e-21 0.000000e+00
76 114 8.249656e-03 2.072220e-03 1 3 0 0 -2.502731e-20 0.000000e+00
76 115 8.249656e-03 2.608770e-03 1 3 0 0 -5.834363e-20 0.000000e+00
76 116 8.249656e-03 3.284247e-03 1 3 0 0 -1.592160e-19 0.000000e+00
76 117 8.249656e-03 4.134622e-03 1 3 0 0 -4.837981e-19 0.000000e+00
76 118 8.249656e-03 5.205181e-03 1 3 0 0 -1.734042e-18 0.000000e+00
76 119 8.249656e-03 6.552935e-03 1 3 0 0 -9.043438e-18 0.000000e+00
76 120 8.249656e-03 8.249656e-03 1 3 0 0 0.000000e+00 0.000000e+00
