# Please cite the following papers in research using this covariance:
# arXiv: 1601.05779, https://arxiv.org/abs/1601.05779
# arXiv: 1911.11947, https://arxiv.org/abs/1911.11947
# arXiv: 2004.04833, https://arxiv.org/abs/2004.04833
# arXiv: 1804.10663, https://arxiv.org/abs/1804.10663
########################################################
11 66 8.249656e-04 8.249656e-04 0 1 1 3 0.000000e+00 0.000000e+00
11 67 8.249656e-04 1.038570e-03 0 1 1 3 1.052947e-13 0.000000e+00
11 68 8.249656e-04 1.307482e-03 0 1 1 3 9.181089e-14 0.000000e+00
11 69 8.249656e-04 1.646023e-03 0 1 1 3 8.072309e-14 0.000000e+00
11 70 8.249656e-04 2.072220e-03 0 1 1 3 7.169515e-14 0.000000e+00
11 71 8.249656e-04 2.608770e-03 0 1 1 3 6.430871e-14 0.000000e+00
11 72 8.249656e-04 3.284247e-03 0 1 1 3 5.818484e-14 0.000000e+00
11 73 8.249656e-04 4.134622e-03 0 1 1 3 5.299866e-14 0.000000e+00
11 74 8.249656e-04 5.205181e-03 0 1 1 3 4.848027e-14 0.000000e+00
11 75 8.249656e-04 6.552935e-03 0 1 1 3 4.441185e-14 0.000000e+00
11 76 8.249656e-04 8.249656e-03 0 1 1 3 4.062265e-14 0.000000e+00
12 66 1.038570e-03 8.249656e-04 0 1 1 3 1.052947e-13 0.000000e+00
12 67 1.038570e-03 1.038570e-03 0 1 1 3 0.000000e+00 0.000000e+00
12 68 1.038570e-03 1.307482e-03 0 1 1 3 9.420002e-14 0.000000e+00
12 69 1.038570e-03 1.646023e-03 0 1 1 3 8.203060e-14 0.000000e+00
12 70 1.038570e-03 2.072220e-03 0 1 1 3 7.236851e-14 0.000000e+00
12 71 1.038570e-03 2.608770e-03 0 1 1 3 6.464252e-14 0.000000e+00
12 72 1.038570e-03 3.284247e-03 0 1 1 3 5.834389e-14 0.000000e+00
12 73 1.038570e-03 4.134622e-03 0 1 1 3 5.307099e-14 0.000000e+00
12 74 1.038570e-03 5.205181e-03 0 1 1 3 4.851127e-14 0.000000e+00
12 75 1.038570e-03 6.552935e-03 0 1 1 3 4.442397e-14 0.000000e+00
12 76 1.038570e-03 8.249656e-03 0 1 1 3 4.062671e-14 0.000000e+00
13 66 1.307482e-03 8.249656e-04 0 1 1 3 9.181089e-14 0.000000e+00
13 67 1.307482e-03 1.038570e-03 0 1 1 3 9.420002e-14 0.000000e+00
13 68 1.307482e-03 1.307482e-03 0 1 1 3 0.000000e+00 0.000000e+00
13 69 1.307482e-03 1.646023e-03 0 1 1 3 8.442949e-14 0.000000e+00
13 70 1.307482e-03 2.072220e-03 0 1 1 3 7.356794e-14 0.000000e+00
13 71 1.307482e-03 2.608770e-03 0 1 1 3 6.521844e-14 0.000000e+00
13 72 1.307482e-03 3.284247e-03 0 1 1 3 5.861197e-14 0.000000e+00
13 73 1.307482e-03 4.134622e-03 0 1 1 3 5.319099e-14 0.000000e+00
13 74 1.307482e-03 5.205181e-03 0 1 1 3 4.856219e-14 0.000000e+00
13 75 1.307482e-03 6.552935e-03 0 1 1 3 4.444390e-14 0.000000e+00
13 76 1.307482e-03 8.249656e-03 0 1 1 3 4.063351e-14 0.000000e+00
14 66 1.646023e-03 8.249656e-04 0 1 1 3 8.072309e-14 0.000000e+00
14 67 1.646023e-03 1.038570e-03 0 1 1 3 8.203060e-14 0.000000e+00
14 68 1.646023e-03 1.307482e-03 0 1 1 3 8.442949e-14 0.000000e+00
14 69 1.646023e-03 1.646023e-03 0 1 1 3 0.000000e+00 0.000000e+00
14 70 1.646023e-03 2.072220e-03 0 1 1 3 7.587639e-14 0.000000e+00
14 71 1.646023e-03 2.608770e-03 0 1 1 3 6.627068e-14 0.000000e+00
14 72 1.646023e-03 3.284247e-03 0 1 1 3 5.908161e-14 0.000000e+00
14 73 1.646023e-03 4.134622e-03 0 1 1 3 5.339524e-14 0.000000e+00
14 74 1.646023e-03 5.205181e-03 0 1 1 3 4.864718e-14 0.000000e+00
14 75 1.646023e-03 6.552935e-03 0 1 1 3 4.447674e-14 0.000000e+00
14 76 1.646023e-03 8.249656e-03 0 1 1 3 4.064462e-14 0.000000e+00
15 66 2.072220e-03 8.249656e-04 0 1 1 3 7.169515e-14 0.000000e+00
15 67 2.072220e-03 1.038570e-03 0 1 1 3 7.236851e-14 0.000000e+00
15 68 2.072220e-03 1.307482e-03 0 1 1 3 7.356794e-14 0.000000e+00
15 69 2.072220e-03 1.646023e-03 0 1 1 3 7.587639e-14 0.000000e+00
15 70 2.072220e-03 2.072220e-03 0 1 1 3 0.000000e+00 0.000000e+00
15 71 2.072220e-03 2.608770e-03 0 1 1 3 6.840435e-14 0.000000e+00
15 72 2.072220e-03 3.284247e-03 0 1 1 3 5.996407e-14 0.000000e+00
15 73 2.072220e-03 4.134622e-03 0 1 1 3 5.375943e-14 0.000000e+00
15 74 2.072220e-03 5.205181e-03 0 1 1 3 4.879366e-14 0.000000e+00
15 75 2.072220e-03 6.552935e-03 0 1 1 3 4.453216e-14 0.000000e+00
15 76 2.072220e-03 8.249656e-03 0 1 1 3 4.066314e-14 0.000000e+00
16 66 2.608770e-03 8.249656e-04 0 1 1 3 6.430871e-14 0.000000e+00
16 67 2.608770e-03 1.038570e-03 0 1 1 3 6.464252e-14 0.000000e+00
16 68 2.608770e-03 1.307482e-03 0 1 1 3 6.521844e-14 0.000000e+00
16 69 2.608770e-03 1.646023e-03 0 1 1 3 6.627068e-14 0.000000e+00
16 70 2.608770e-03 2.072220e-03 0 1 1 3 6.840435e-14 0.000000e+00
16 71 2.608770e-03 2.608770e-03 0 1 1 3 0.000000e+00 0.000000e+00
16 72 2.608770e-03 3.284247e-03 0 1 1 3 6.186011e-14 0.000000e+00
16 73 2.608770e-03 4.134622e-03 0 1 1 3 5.446569e-14 0.000000e+00
16 74 2.608770e-03 5.205181e-03 0 1 1 3 4.906056e-14 0.000000e+00
16 75 2.608770e-03 6.552935e-03 0 1 1 3 4.462951e-14 0.000000e+00
16 76 2.608770e-03 8.249656e-03 0 1 1 3 4.069503e-14 0.000000e+00
17 66 3.284247e-03 8.249656e-04 0 1 1 3 5.818484e-14 0.000000e+00
17 67 3.284247e-03 1.038570e-03 0 1 1 3 5.834389e-14 0.000000e+00
17 68 3.284247e-03 1.307482e-03 0 1 1 3 5.861197e-14 0.000000e+00
17 69 3.284247e-03 1.646023e-03 0 1 1 3 5.908161e-14 0.000000e+00
17 70 3.284247e-03 2.072220e-03 0 1 1 3 5.996407e-14 0.000000e+00
17 71 3.284247e-03 2.608770e-03 0 1 1 3 6.186011e-14 0.000000e+00
17 72 3.284247e-03 3.284247e-03 0 1 1 3 0.000000e+00 0.000000e+00
17 73 3.284247e-03 4.134622e-03 0 1 1 3 5.608528e-14 0.000000e+00
17 74 3.284247e-03 5.205181e-03 0 1 1 3 4.959769e-14 0.000000e+00
17 75 3.284247e-03 6.552935e-03 0 1 1 3 4.481200e-14 0.000000e+00
17 76 3.284247e-03 8.249656e-03 0 1 1 3 4.075274e-14 0.000000e+00
18 66 4.134622e-03 8.249656e-04 0 1 1 3 5.299866e-14 0.000000e+00
18 67 4.134622e-03 1.038570e-03 0 1 1 3 5.307099e-14 0.000000e+00
18 68 4.134622e-03 1.307482e-03 0 1 1 3 5.319099e-14 0.000000e+00
18 69 4.134622e-03 1.646023e-03 0 1 1 3 5.339524e-14 0.000000e+00
18 70 4.134622e-03 2.072220e-03 0 1 1 3 5.375943e-14 0.000000e+00
18 71 4.134622e-03 2.608770e-03 0 1 1 3 5.446569e-14 0.000000e+00
18 72 4.134622e-03 3.284247e-03 0 1 1 3 5.608528e-14 0.000000e+00
18 73 4.134622e-03 4.134622e-03 0 1 1 3 0.000000e+00 0.000000e+00
18 74 4.134622e-03 5.205181e-03 0 1 1 3 5.092598e-14 0.000000e+00
18 75 4.134622e-03 6.552935e-03 0 1 1 3 4.519702e-14 0.000000e+00
18 76 4.134622e-03 8.249656e-03 0 1 1 3 4.086598e-14 0.000000e+00
19 66 5.205181e-03 8.249656e-04 0 1 1 3 4.848027e-14 0.000000e+00
19 67 5.205181e-03 1.038570e-03 0 1 1 3 4.851127e-14 0.000000e+00
19 68 5.205181e-03 1.307482e-03 0 1 1 3 4.856219e-14 0.000000e+00
19 69 5.205181e-03 1.646023e-03 0 1 1 3 4.864718e-14 0.000000e+00
19 70 5.205181e-03 2.072220e-03 0 1 1 3 4.879366e-14 0.000000e+00
19 71 5.205181e-03 2.608770e-03 0 1 1 3 4.906056e-14 0.000000e+00
19 72 5.205181e-03 3.284247e-03 0 1 1 3 4.959769e-14 0.000000e+00
19 73 5.205181e-03 4.134622e-03 0 1 1 3 5.092598e-14 0.000000e+00
19 74 5.205181e-03 5.205181e-03 0 1 1 3 0.000000e+00 0.000000e+00
19 75 5.205181e-03 6.552935e-03 0 1 1 3 4.624007e-14 0.000000e+00
19 76 5.205181e-03 8.249656e-03 0 1 1 3 4.112187e-14 0.000000e+00
20 66 6.552935e-03 8.249656e-04 0 1 1 3 4.441185e-14 0.000000e+00
20 67 6.552935e-03 1.038570e-03 0 1 1 3 4.442397e-14 0.000000e+00
20 68 6.552935e-03 1.307482e-03 0 1 1 3 4.444390e-14 0.000000e+00
20 69 6.552935e-03 1.646023e-03 0 1 1 3 4.447674e-14 0.000000e+00
20 70 6.552935e-03 2.072220e-03 0 1 1 3 4.453216e-14 0.000000e+00
20 71 6.552935e-03 2.608770e-03 0 1 1 3 4.462951e-14 0.000000e+00
20 72 6.552935e-03 3.284247e-03 0 1 1 3 4.481200e-14 0.000000e+00
20 73 6.552935e-03 4.134622e-03 0 1 1 3 4.519702e-14 0.000000e+00
20 74 6.552935e-03 5.205181e-03 0 1 1 3 4.624007e-14 0.000000e+00
20 75 6.552935e-03 6.552935e-03 0 1 1 3 0.000000e+00 0.000000e+00
20 76 6.552935e-03 8.249656e-03 0 1 1 3 4.190225e-14 0.000000e+00
21 66 8.249656e-03 8.249656e-04 0 1 1 3 4.062265e-14 0.000000e+00
21 67 8.249656e-03 1.038570e-03 0 1 1 3 4.062671e-14 0.000000e+00
21 68 8.249656e-03 1.307482e-03 0 1 1 3 4.063351e-14 0.000000e+00
21 69 8.249656e-03 1.646023e-03 0 1 1 3 4.064462e-14 0.000000e+00
21 70 8.249656e-03 2.072220e-03 0 1 1 3 4.066314e-14 0.000000e+00
21 71 8.249656e-03 2.608770e-03 0 1 1 3 4.069503e-14 0.000000e+00
21 72 8.249656e-03 3.284247e-03 0 1 1 3 4.075274e-14 0.000000e+00
21 73 8.249656e-03 4.134622e-03 0 1 1 3 4.086598e-14 0.000000e+00
21 74 8.249656e-03 5.205181e-03 0 1 1 3 4.112187e-14 0.000000e+00
21 75 8.249656e-03 6.552935e-03 0 1 1 3 4.190225e-14 0.000000e+00
21 76 8.249656e-03 8.249656e-03 0 1 1 3 0.000000e+00 0.000000e+00
