# Please cite the following papers in research using this covariance:
# arXiv: 1601.05779, https://arxiv.org/abs/1601.05779
# arXiv: 1911.11947, https://arxiv.org/abs/1911.11947
# arXiv: 2004.04833, https://arxiv.org/abs/2004.04833
# arXiv: 1804.10663, https://arxiv.org/abs/1804.10663
########################################################
11 11 8.249656e-04 8.249656e-04 0 1 0 1 1.736192e-11 0.000000e+00
11 12 8.249656e-04 1.038570e-03 0 1 0 1 1.016751e-13 0.000000e+00
11 13 8.249656e-04 1.307482e-03 0 1 0 1 8.566057e-14 0.000000e+00
11 14 8.249656e-04 1.646023e-03 0 1 0 1 7.205430e-14 0.000000e+00
11 15 8.249656e-04 2.072220e-03 0 1 0 1 6.091737e-14 0.000000e+00
11 16 8.249656e-04 2.608770e-03 0 1 0 1 5.195532e-14 0.000000e+00
11 17 8.249656e-04 3.284247e-03 0 1 0 1 4.478378e-14 0.000000e+00
11 18 8.249656e-04 4.134622e-03 0 1 0 1 3.901636e-14 0.000000e+00
11 19 8.249656e-04 5.205181e-03 0 1 0 1 3.430552e-14 0.000000e+00
11 20 8.249656e-04 6.552935e-03 0 1 0 1 3.036112e-14 0.000000e+00
11 21 8.249656e-04 8.249656e-03 0 1 0 1 2.695512e-14 0.000000e+00
12 11 1.038570e-03 8.249656e-04 0 1 0 1 1.016751e-13 0.000000e+00
12 12 1.038570e-03 1.038570e-03 0 1 0 1 1.101208e-11 0.000000e+00
12 13 1.038570e-03 1.307482e-03 0 1 0 1 8.824905e-14 0.000000e+00
12 14 1.038570e-03 1.646023e-03 0 1 0 1 7.367818e-14 0.000000e+00
12 15 1.038570e-03 2.072220e-03 0 1 0 1 6.182667e-14 0.000000e+00
12 16 1.038570e-03 2.608770e-03 0 1 0 1 5.243385e-14 0.000000e+00
12 17 1.038570e-03 3.284247e-03 0 1 0 1 4.502351e-14 0.000000e+00
12 18 1.038570e-03 4.134622e-03 0 1 0 1 3.913135e-14 0.000000e+00
12 19 1.038570e-03 5.205181e-03 0 1 0 1 3.435853e-14 0.000000e+00
12 20 1.038570e-03 6.552935e-03 0 1 0 1 3.038470e-14 0.000000e+00
12 21 1.038570e-03 8.249656e-03 0 1 0 1 2.696528e-14 0.000000e+00
13 11 1.307482e-03 8.249656e-04 0 1 0 1 8.566057e-14 0.000000e+00
13 12 1.307482e-03 1.038570e-03 0 1 0 1 8.824905e-14 0.000000e+00
13 13 1.307482e-03 1.307482e-03 0 1 0 1 6.979046e-12 0.000000e+00
13 14 1.307482e-03 1.646023e-03 0 1 0 1 7.645639e-14 0.000000e+00
13 15 1.307482e-03 2.072220e-03 0 1 0 1 6.339939e-14 0.000000e+00
13 16 1.307482e-03 2.608770e-03 0 1 0 1 5.324775e-14 0.000000e+00
13 17 1.307482e-03 3.284247e-03 0 1 0 1 4.542430e-14 0.000000e+00
13 18 1.307482e-03 4.134622e-03 0 1 0 1 3.932092e-14 0.000000e+00
13 19 1.307482e-03 5.205181e-03 0 1 0 1 3.444504e-14 0.000000e+00
13 20 1.307482e-03 6.552935e-03 0 1 0 1 3.042297e-14 0.000000e+00
13 21 1.307482e-03 8.249656e-03 0 1 0 1 2.698178e-14 0.000000e+00
14 11 1.646023e-03 8.249656e-04 0 1 0 1 7.205430e-14 0.000000e+00
14 12 1.646023e-03 1.038570e-03 0 1 0 1 7.367818e-14 0.000000e+00
14 13 1.646023e-03 1.307482e-03 0 1 0 1 7.645639e-14 0.000000e+00
14 14 1.646023e-03 1.646023e-03 0 1 0 1 4.426046e-12 0.000000e+00
14 15 1.646023e-03 2.072220e-03 0 1 0 1 6.622808e-14 0.000000e+00
14 16 1.646023e-03 2.608770e-03 0 1 0 1 5.469448e-14 0.000000e+00
14 17 1.646023e-03 3.284247e-03 0 1 0 1 4.611693e-14 0.000000e+00
14 18 1.646023e-03 4.134622e-03 0 1 0 1 3.964080e-14 0.000000e+00
14 19 1.646023e-03 5.205181e-03 0 1 0 1 3.458837e-14 0.000000e+00
14 20 1.646023e-03 6.552935e-03 0 1 0 1 3.048549e-14 0.000000e+00
14 21 1.646023e-03 8.249656e-03 0 1 0 1 2.700846e-14 0.000000e+00
15 11 2.072220e-03 8.249656e-04 0 1 0 1 6.091737e-14 0.000000e+00
15 12 2.072220e-03 1.038570e-03 0 1 0 1 6.182667e-14 0.000000e+00
15 13 2.072220e-03 1.307482e-03 0 1 0 1 6.339939e-14 0.000000e+00
15 14 2.072220e-03 1.646023e-03 0 1 0 1 6.622808e-14 0.000000e+00
15 15 2.072220e-03 2.072220e-03 0 1 0 1 2.806254e-12 0.000000e+00
15 16 2.072220e-03 2.608770e-03 0 1 0 1 5.744076e-14 0.000000e+00
15 17 2.072220e-03 3.284247e-03 0 1 0 1 4.738440e-14 0.000000e+00
15 18 2.072220e-03 4.134622e-03 0 1 0 1 4.020278e-14 0.000000e+00
15 19 2.072220e-03 5.205181e-03 0 1 0 1 3.483249e-14 0.000000e+00
15 20 2.072220e-03 6.552935e-03 0 1 0 1 3.058960e-14 0.000000e+00
15 21 2.072220e-03 8.249656e-03 0 1 0 1 2.705220e-14 0.000000e+00
16 11 2.608770e-03 8.249656e-04 0 1 0 1 5.195532e-14 0.000000e+00
16 12 2.608770e-03 1.038570e-03 0 1 0 1 5.243385e-14 0.000000e+00
16 13 2.608770e-03 1.307482e-03 0 1 0 1 5.324775e-14 0.000000e+00
16 14 2.608770e-03 1.646023e-03 0 1 0 1 5.469448e-14 0.000000e+00
16 15 2.608770e-03 2.072220e-03 0 1 0 1 5.744076e-14 0.000000e+00
16 16 2.608770e-03 2.608770e-03 0 1 0 1 1.778131e-12 0.000000e+00
16 17 2.608770e-03 3.284247e-03 0 1 0 1 4.993557e-14 0.000000e+00
16 18 2.608770e-03 4.134622e-03 0 1 0 1 4.126289e-14 0.000000e+00
16 19 2.608770e-03 5.205181e-03 0 1 0 1 3.526866e-14 0.000000e+00
16 20 2.608770e-03 6.552935e-03 0 1 0 1 3.076862e-14 0.000000e+00
16 21 2.608770e-03 8.249656e-03 0 1 0 1 2.712542e-14 0.000000e+00
17 11 3.284247e-03 8.249656e-04 0 1 0 1 4.478378e-14 0.000000e+00
17 12 3.284247e-03 1.038570e-03 0 1 0 1 4.502351e-14 0.000000e+00
17 13 3.284247e-03 1.307482e-03 0 1 0 1 4.542430e-14 0.000000e+00
17 14 3.284247e-03 1.646023e-03 0 1 0 1 4.611693e-14 0.000000e+00
17 15 3.284247e-03 2.072220e-03 0 1 0 1 4.738440e-14 0.000000e+00
17 16 3.284247e-03 2.608770e-03 0 1 0 1 4.993557e-14 0.000000e+00
17 17 3.284247e-03 3.284247e-03 0 1 0 1 1.126045e-12 0.000000e+00
17 18 3.284247e-03 4.134622e-03 0 1 0 1 4.353643e-14 0.000000e+00
17 19 3.284247e-03 5.205181e-03 0 1 0 1 3.611742e-14 0.000000e+00
17 20 3.284247e-03 6.552935e-03 0 1 0 1 3.109367e-14 0.000000e+00
17 21 3.284247e-03 8.249656e-03 0 1 0 1 2.725239e-14 0.000000e+00
18 11 4.134622e-03 8.249656e-04 0 1 0 1 3.901636e-14 0.000000e+00
18 12 4.134622e-03 1.038570e-03 0 1 0 1 3.913135e-14 0.000000e+00
18 13 4.134622e-03 1.307482e-03 0 1 0 1 3.932092e-14 0.000000e+00
18 14 4.134622e-03 1.646023e-03 0 1 0 1 3.964080e-14 0.000000e+00
18 15 4.134622e-03 2.072220e-03 0 1 0 1 4.020278e-14 0.000000e+00
18 16 4.134622e-03 2.608770e-03 0 1 0 1 4.126289e-14 0.000000e+00
18 17 4.134622e-03 3.284247e-03 0 1 0 1 4.353643e-14 0.000000e+00
18 18 4.134622e-03 4.134622e-03 0 1 0 1 7.136438e-13 0.000000e+00
18 19 4.134622e-03 5.205181e-03 0 1 0 1 3.806576e-14 0.000000e+00
18 20 4.134622e-03 6.552935e-03 0 1 0 1 3.174613e-14 0.000000e+00
18 21 4.134622e-03 8.249656e-03 0 1 0 1 2.748644e-14 0.000000e+00
19 11 5.205181e-03 8.249656e-04 0 1 0 1 3.430552e-14 0.000000e+00
19 12 5.205181e-03 1.038570e-03 0 1 0 1 3.435853e-14 0.000000e+00
19 13 5.205181e-03 1.307482e-03 0 1 0 1 3.444504e-14 0.000000e+00
19 14 5.205181e-03 1.646023e-03 0 1 0 1 3.458837e-14 0.000000e+00
19 15 5.205181e-03 2.072220e-03 0 1 0 1 3.483249e-14 0.000000e+00
19 16 5.205181e-03 2.608770e-03 0 1 0 1 3.526866e-14 0.000000e+00
19 17 5.205181e-03 3.284247e-03 0 1 0 1 3.611742e-14 0.000000e+00
19 18 5.205181e-03 4.134622e-03 0 1 0 1 3.806576e-14 0.000000e+00
19 19 5.205181e-03 5.205181e-03 0 1 0 1 4.522430e-13 0.000000e+00
19 20 5.205181e-03 6.552935e-03 0 1 0 1 3.335560e-14 0.000000e+00
19 21 5.205181e-03 8.249656e-03 0 1 0 1 2.797036e-14 0.000000e+00
20 11 6.552935e-03 8.249656e-04 0 1 0 1 3.036112e-14 0.000000e+00
20 12 6.552935e-03 1.038570e-03 0 1 0 1 3.038470e-14 0.000000e+00
20 13 6.552935e-03 1.307482e-03 0 1 0 1 3.042297e-14 0.000000e+00
20 14 6.552935e-03 1.646023e-03 0 1 0 1 3.048549e-14 0.000000e+00
20 15 6.552935e-03 2.072220e-03 0 1 0 1 3.058960e-14 0.000000e+00
20 16 6.552935e-03 2.608770e-03 0 1 0 1 3.076862e-14 0.000000e+00
20 17 6.552935e-03 3.284247e-03 0 1 0 1 3.109367e-14 0.000000e+00
20 18 6.552935e-03 4.134622e-03 0 1 0 1 3.174613e-14 0.000000e+00
20 19 6.552935e-03 5.205181e-03 0 1 0 1 3.335560e-14 0.000000e+00
20 20 6.552935e-03 6.552935e-03 0 1 0 1 2.865000e-13 0.000000e+00
20 21 6.552935e-03 8.249656e-03 0 1 0 1 2.925585e-14 0.000000e+00
21 11 8.249656e-03 8.249656e-04 0 1 0 1 2.695512e-14 0.000000e+00
21 12 8.249656e-03 1.038570e-03 0 1 0 1 2.696528e-14 0.000000e+00
21 13 8.249656e-03 1.307482e-03 0 1 0 1 2.698178e-14 0.000000e+00
21 14 8.249656e-03 1.646023e-03 0 1 0 1 2.700846e-14 0.000000e+00
21 15 8.249656e-03 2.072220e-03 0 1 0 1 2.705220e-14 0.000000e+00
21 16 8.249656e-03 2.608770e-03 0 1 0 1 2.712542e-14 0.000000e+00
21 17 8.249656e-03 3.284247e-03 0 1 0 1 2.725239e-14 0.000000e+00
21 18 8.249656e-03 4.134622e-03 0 1 0 1 2.748644e-14 0.000000e+00
21 19 8.249656e-03 5.205181e-03 0 1 0 1 2.797036e-14 0.000000e+00
21 20 8.249656e-03 6.552935e-03 0 1 0 1 2.925585e-14 0.000000e+00
21 21 8.249656e-03 8.249656e-03 0 1 0 1 1.815987e-13 0.000000e+00
