# Please cite the following papers in research using this covariance:
# arXiv: 1601.05779, https://arxiv.org/abs/1601.05779
# arXiv: 1911.11947, https://arxiv.org/abs/1911.11947
# arXiv: 2004.04833, https://arxiv.org/abs/2004.04833
# arXiv: 1804.10663, https://arxiv.org/abs/1804.10663
########################################################
176 198 8.249656e-04 8.249656e-04 1 3 2 3 0.000000e+00 0.000000e+00
176 199 8.249656e-04 1.038570e-03 1 3 2 3 8.938269e-15 0.000000e+00
176 200 8.249656e-04 1.307482e-03 1 3 2 3 3.402480e-15 0.000000e+00
176 201 8.249656e-04 1.646023e-03 1 3 2 3 1.227133e-15 0.000000e+00
176 202 8.249656e-04 2.072220e-03 1 3 2 3 4.283661e-16 0.000000e+00
176 203 8.249656e-04 2.608770e-03 1 3 2 3 1.460472e-16 0.000000e+00
176 204 8.249656e-04 3.284247e-03 1 3 2 3 4.899713e-17 0.000000e+00
176 205 8.249656e-04 4.134622e-03 1 3 2 3 1.633857e-17 0.000000e+00
176 206 8.249656e-04 5.205181e-03 1 3 2 3 5.460954e-18 0.000000e+00
176 207 8.249656e-04 6.552935e-03 1 3 2 3 1.878184e-18 0.000000e+00
176 208 8.249656e-04 8.249656e-03 1 3 2 3 6.588666e-19 0.000000e+00
177 198 1.038570e-03 8.249656e-04 1 3 2 3 8.938269e-15 0.000000e+00
177 199 1.038570e-03 1.038570e-03 1 3 2 3 0.000000e+00 0.000000e+00
177 200 1.038570e-03 1.307482e-03 1 3 2 3 8.691911e-15 0.000000e+00
177 201 1.038570e-03 1.646023e-03 1 3 2 3 3.172510e-15 0.000000e+00
177 202 1.038570e-03 2.072220e-03 1 3 2 3 1.103544e-15 0.000000e+00
177 203 1.038570e-03 2.608770e-03 1 3 2 3 3.738952e-16 0.000000e+00
177 204 1.038570e-03 3.284247e-03 1 3 2 3 1.247069e-16 0.000000e+00
177 205 1.038570e-03 4.134622e-03 1 3 2 3 4.137792e-17 0.000000e+00
177 206 1.038570e-03 5.205181e-03 1 3 2 3 1.384155e-17 0.000000e+00
177 207 1.038570e-03 6.552935e-03 1 3 2 3 4.712472e-18 0.000000e+00
177 208 1.038570e-03 8.249656e-03 1 3 2 3 1.671910e-18 0.000000e+00
178 198 1.307482e-03 8.249656e-04 1 3 2 3 3.402480e-15 0.000000e+00
178 199 1.307482e-03 1.038570e-03 1 3 2 3 8.691911e-15 0.000000e+00
178 200 1.307482e-03 1.307482e-03 1 3 2 3 0.000000e+00 0.000000e+00
178 201 1.307482e-03 1.646023e-03 1 3 2 3 8.279948e-15 0.000000e+00
178 202 1.307482e-03 2.072220e-03 1 3 2 3 2.887331e-15 0.000000e+00
178 203 1.307482e-03 2.608770e-03 1 3 2 3 9.690648e-16 0.000000e+00
178 204 1.307482e-03 3.284247e-03 1 3 2 3 3.202018e-16 0.000000e+00
178 205 1.307482e-03 4.134622e-03 1 3 2 3 1.054184e-16 0.000000e+00
178 206 1.307482e-03 5.205181e-03 1 3 2 3 3.504738e-17 0.000000e+00
178 207 1.307482e-03 6.552935e-03 1 3 2 3 1.192108e-17 0.000000e+00
178 208 1.307482e-03 8.249656e-03 1 3 2 3 4.239054e-18 0.000000e+00
179 198 1.646023e-03 8.249656e-04 1 3 2 3 1.227133e-15 0.000000e+00
179 199 1.646023e-03 1.038570e-03 1 3 2 3 3.172510e-15 0.000000e+00
179 200 1.646023e-03 1.307482e-03 1 3 2 3 8.279948e-15 0.000000e+00
179 201 1.646023e-03 1.646023e-03 1 3 2 3 0.000000e+00 0.000000e+00
179 202 1.646023e-03 2.072220e-03 1 3 2 3 7.719626e-15 0.000000e+00
179 203 1.646023e-03 2.608770e-03 1 3 2 3 2.566475e-15 0.000000e+00
179 204 1.646023e-03 3.284247e-03 1 3 2 3 8.344330e-16 0.000000e+00
179 205 1.646023e-03 4.134622e-03 1 3 2 3 2.711625e-16 0.000000e+00
179 206 1.646023e-03 5.205181e-03 1 3 2 3 8.929307e-17 0.000000e+00
179 207 1.646023e-03 6.552935e-03 1 3 2 3 3.016148e-17 0.000000e+00
179 208 1.646023e-03 8.249656e-03 1 3 2 3 1.063959e-17 0.000000e+00
180 198 2.072220e-03 8.249656e-04 1 3 2 3 4.283661e-16 0.000000e+00
180 199 2.072220e-03 1.038570e-03 1 3 2 3 1.103544e-15 0.000000e+00
180 200 2.072220e-03 1.307482e-03 1 3 2 3 2.887331e-15 0.000000e+00
180 201 2.072220e-03 1.646023e-03 1 3 2 3 7.719626e-15 0.000000e+00
180 202 2.072220e-03 2.072220e-03 1 3 2 3 0.000000e+00 0.000000e+00
180 203 2.072220e-03 2.608770e-03 1 3 2 3 7.045075e-15 0.000000e+00
180 204 2.072220e-03 3.284247e-03 1 3 2 3 2.234695e-15 0.000000e+00
180 205 2.072220e-03 4.134622e-03 1 3 2 3 7.092936e-16 0.000000e+00
180 206 2.072220e-03 5.205181e-03 1 3 2 3 2.296508e-16 0.000000e+00
180 207 2.072220e-03 6.552935e-03 1 3 2 3 7.676199e-17 0.000000e+00
180 208 2.072220e-03 8.249656e-03 1 3 2 3 2.691050e-17 0.000000e+00
181 198 2.608770e-03 8.249656e-04 1 3 2 3 1.460472e-16 0.000000e+00
181 199 2.608770e-03 1.038570e-03 1 3 2 3 3.738952e-16 0.000000e+00
181 200 2.608770e-03 1.307482e-03 1 3 2 3 9.690648e-16 0.000000e+00
181 201 2.608770e-03 1.646023e-03 1 3 2 3 2.566475e-15 0.000000e+00
181 202 2.608770e-03 2.072220e-03 1 3 2 3 7.045075e-15 0.000000e+00
181 203 2.608770e-03 2.608770e-03 1 3 2 3 0.000000e+00 0.000000e+00
181 204 2.608770e-03 3.284247e-03 1 3 2 3 6.302470e-15 0.000000e+00
181 205 2.608770e-03 4.134622e-03 1 3 2 3 1.916160e-15 0.000000e+00
181 206 2.608770e-03 5.205181e-03 1 3 2 3 6.012314e-16 0.000000e+00
181 207 2.608770e-03 6.552935e-03 1 3 2 3 1.971120e-16 0.000000e+00
181 208 2.608770e-03 8.249656e-03 1 3 2 3 6.822285e-17 0.000000e+00
182 198 3.284247e-03 8.249656e-04 1 3 2 3 4.899713e-17 0.000000e+00
182 199 3.284247e-03 1.038570e-03 1 3 2 3 1.247069e-16 0.000000e+00
182 200 3.284247e-03 1.307482e-03 1 3 2 3 3.202018e-16 0.000000e+00
182 201 3.284247e-03 1.646023e-03 1 3 2 3 8.344330e-16 0.000000e+00
182 202 3.284247e-03 2.072220e-03 1 3 2 3 2.234695e-15 0.000000e+00
182 203 3.284247e-03 2.608770e-03 1 3 2 3 6.302470e-15 0.000000e+00
182 204 3.284247e-03 3.284247e-03 1 3 2 3 0.000000e+00 0.000000e+00
182 205 3.284247e-03 4.134622e-03 1 3 2 3 5.543431e-15 0.000000e+00
182 206 3.284247e-03 5.205181e-03 1 3 2 3 1.631340e-15 0.000000e+00
182 207 3.284247e-03 6.552935e-03 1 3 2 3 5.147845e-16 0.000000e+00
182 208 3.284247e-03 8.249656e-03 1 3 2 3 1.743169e-16 0.000000e+00
183 198 4.134622e-03 8.249656e-04 1 3 2 3 1.633857e-17 0.000000e+00
183 199 4.134622e-03 1.038570e-03 1 3 2 3 4.137792e-17 0.000000e+00
183 200 4.134622e-03 1.307482e-03 1 3 2 3 1.054184e-16 0.000000e+00
183 201 4.134622e-03 1.646023e-03 1 3 2 3 2.711625e-16 0.000000e+00
183 202 4.134622e-03 2.072220e-03 1 3 2 3 7.092936e-16 0.000000e+00
183 203 4.134622e-03 2.608770e-03 1 3 2 3 1.916160e-15 0.000000e+00
183 204 4.134622e-03 3.284247e-03 1 3 2 3 5.543431e-15 0.000000e+00
183 205 4.134622e-03 4.134622e-03 1 3 2 3 0.000000e+00 0.000000e+00
183 206 4.134622e-03 5.205181e-03 1 3 2 3 4.817533e-15 0.000000e+00
183 207 4.134622e-03 6.552935e-03 1 3 2 3 1.394574e-15 0.000000e+00
183 208 4.134622e-03 8.249656e-03 1 3 2 3 4.521417e-16 0.000000e+00
184 198 5.205181e-03 8.249656e-04 1 3 2 3 5.460954e-18 0.000000e+00
184 199 5.205181e-03 1.038570e-03 1 3 2 3 1.384155e-17 0.000000e+00
184 200 5.205181e-03 1.307482e-03 1 3 2 3 3.504738e-17 0.000000e+00
184 201 5.205181e-03 1.646023e-03 1 3 2 3 8.929307e-17 0.000000e+00
184 202 5.205181e-03 2.072220e-03 1 3 2 3 2.296508e-16 0.000000e+00
184 203 5.205181e-03 2.608770e-03 1 3 2 3 6.012314e-16 0.000000e+00
184 204 5.205181e-03 3.284247e-03 1 3 2 3 1.631340e-15 0.000000e+00
184 205 5.205181e-03 4.134622e-03 1 3 2 3 4.817533e-15 0.000000e+00
184 206 5.205181e-03 5.205181e-03 1 3 2 3 0.000000e+00 0.000000e+00
184 207 5.205181e-03 6.552935e-03 1 3 2 3 4.166777e-15 0.000000e+00
184 208 5.205181e-03 8.249656e-03 1 3 2 3 1.213853e-15 0.000000e+00
185 198 6.552935e-03 8.249656e-04 1 3 2 3 1.878184e-18 0.000000e+00
185 199 6.552935e-03 1.038570e-03 1 3 2 3 4.712472e-18 0.000000e+00
185 200 6.552935e-03 1.307482e-03 1 3 2 3 1.192108e-17 0.000000e+00
185 201 6.552935e-03 1.646023e-03 1 3 2 3 3.016148e-17 0.000000e+00
185 202 6.552935e-03 2.072220e-03 1 3 2 3 7.676199e-17 0.000000e+00
185 203 6.552935e-03 2.608770e-03 1 3 2 3 1.971120e-16 0.000000e+00
185 204 6.552935e-03 3.284247e-03 1 3 2 3 5.147845e-16 0.000000e+00
185 205 6.552935e-03 4.134622e-03 1 3 2 3 1.394574e-15 0.000000e+00
185 206 6.552935e-03 5.205181e-03 1 3 2 3 4.166777e-15 0.000000e+00
185 207 6.552935e-03 6.552935e-03 1 3 2 3 0.000000e+00 0.000000e+00
185 208 6.552935e-03 8.249656e-03 1 3 2 3 3.621576e-15 0.000000e+00
186 198 8.249656e-03 8.249656e-04 1 3 2 3 6.588666e-19 0.000000e+00
186 199 8.249656e-03 1.038570e-03 1 3 2 3 1.671910e-18 0.000000e+00
186 200 8.249656e-03 1.307482e-03 1 3 2 3 4.239054e-18 0.000000e+00
186 201 8.249656e-03 1.646023e-03 1 3 2 3 1.063959e-17 0.000000e+00
186 202 8.249656e-03 2.072220e-03 1 3 2 3 2.691050e-17 0.000000e+00
186 203 8.249656e-03 2.608770e-03 1 3 2 3 6.822285e-17 0.000000e+00
186 204 8.249656e-03 3.284247e-03 1 3 2 3 1.743169e-16 0.000000e+00
186 205 8.249656e-03 4.134622e-03 1 3 2 3 4.521417e-16 0.000000e+00
186 206 8.249656e-03 5.205181e-03 1 3 2 3 1.213853e-15 0.000000e+00
186 207 8.249656e-03 6.552935e-03 1 3 2 3 3.621576e-15 0.000000e+00
186 208 8.249656e-03 8.249656e-03 1 3 2 3 0.000000e+00 0.000000e+00
