# Please cite the following papers in research using this covariance:
# arXiv: 1601.05779, https://arxiv.org/abs/1601.05779
# arXiv: 1911.11947, https://arxiv.org/abs/1911.11947
# arXiv: 2004.04833, https://arxiv.org/abs/2004.04833
# arXiv: 1804.10663, https://arxiv.org/abs/1804.10663
########################################################
44 198 8.249656e-04 8.249656e-04 1 1 2 3 0.000000e+00 0.000000e+00
44 199 8.249656e-04 1.038570e-03 1 1 2 3 -3.343622e-17 0.000000e+00
44 200 8.249656e-04 1.307482e-03 1 1 2 3 3.360222e-17 0.000000e+00
44 201 8.249656e-04 1.646023e-03 1 1 2 3 2.040525e-16 0.000000e+00
44 202 8.249656e-04 2.072220e-03 1 1 2 3 4.597414e-16 0.000000e+00
44 203 8.249656e-04 2.608770e-03 1 1 2 3 7.627558e-16 0.000000e+00
44 204 8.249656e-04 3.284247e-03 1 1 2 3 1.074136e-15 0.000000e+00
44 205 8.249656e-04 4.134622e-03 1 1 2 3 1.365134e-15 0.000000e+00
44 206 8.249656e-04 5.205181e-03 1 1 2 3 1.622257e-15 0.000000e+00
44 207 8.249656e-04 6.552935e-03 1 1 2 3 1.847991e-15 0.000000e+00
44 208 8.249656e-04 8.249656e-03 1 1 2 3 2.058401e-15 0.000000e+00
45 198 1.038570e-03 8.249656e-04 1 1 2 3 -1.758577e-17 0.000000e+00
45 199 1.038570e-03 1.038570e-03 1 1 2 3 0.000000e+00 0.000000e+00
45 200 1.038570e-03 1.307482e-03 1 1 2 3 -6.193820e-17 0.000000e+00
45 201 1.038570e-03 1.646023e-03 1 1 2 3 2.270883e-17 0.000000e+00
45 202 1.038570e-03 2.072220e-03 1 1 2 3 2.399569e-16 0.000000e+00
45 203 1.038570e-03 2.608770e-03 1 1 2 3 5.495493e-16 0.000000e+00
45 204 1.038570e-03 3.284247e-03 1 1 2 3 8.933779e-16 0.000000e+00
45 205 1.038570e-03 4.134622e-03 1 1 2 3 1.225052e-15 0.000000e+00
45 206 1.038570e-03 5.205181e-03 1 1 2 3 1.520146e-15 0.000000e+00
45 207 1.038570e-03 6.552935e-03 1 1 2 3 1.776427e-15 0.000000e+00
45 208 1.038570e-03 8.249656e-03 1 1 2 3 2.009245e-15 0.000000e+00
46 198 1.307482e-03 8.249656e-04 1 1 2 3 -8.910017e-18 0.000000e+00
46 199 1.307482e-03 1.038570e-03 1 1 2 3 -2.570234e-17 0.000000e+00
46 200 1.307482e-03 1.307482e-03 1 1 2 3 0.000000e+00 0.000000e+00
46 201 1.307482e-03 1.646023e-03 1 1 2 3 -1.014789e-16 0.000000e+00
46 202 1.307482e-03 2.072220e-03 1 1 2 3 3.289392e-18 0.000000e+00
46 203 1.307482e-03 2.608770e-03 1 1 2 3 2.733674e-16 0.000000e+00
46 204 1.307482e-03 3.284247e-03 1 1 2 3 6.371191e-16 0.000000e+00
46 205 1.307482e-03 4.134622e-03 1 1 2 3 1.016714e-15 0.000000e+00
46 206 1.307482e-03 5.205181e-03 1 1 2 3 1.364197e-15 0.000000e+00
46 207 1.307482e-03 6.552935e-03 1 1 2 3 1.665475e-15 0.000000e+00
46 208 1.307482e-03 8.249656e-03 1 1 2 3 1.932371e-15 0.000000e+00
47 198 1.646023e-03 8.249656e-04 1 1 2 3 -3.790957e-18 0.000000e+00
47 199 1.646023e-03 1.038570e-03 1 1 2 3 -1.168090e-17 0.000000e+00
47 200 1.646023e-03 1.307482e-03 1 1 2 3 -3.340145e-17 0.000000e+00
47 201 1.646023e-03 1.646023e-03 1 1 2 3 0.000000e+00 0.000000e+00
47 202 1.646023e-03 2.072220e-03 1 1 2 3 -1.517498e-16 0.000000e+00
47 203 1.646023e-03 2.608770e-03 1 1 2 3 -2.344278e-17 0.000000e+00
47 204 1.646023e-03 3.284247e-03 1 1 2 3 3.039854e-16 0.000000e+00
47 205 1.646023e-03 4.134622e-03 1 1 2 3 7.203517e-16 0.000000e+00
47 206 1.646023e-03 5.205181e-03 1 1 2 3 1.131737e-15 0.000000e+00
47 207 1.646023e-03 6.552935e-03 1 1 2 3 1.495813e-15 0.000000e+00
47 208 1.646023e-03 8.249656e-03 1 1 2 3 1.813123e-15 0.000000e+00
48 198 2.072220e-03 8.249656e-04 1 1 2 3 -1.245885e-18 0.000000e+00
48 199 2.072220e-03 1.038570e-03 1 1 2 3 -4.654685e-18 0.000000e+00
48 200 2.072220e-03 1.307482e-03 1 1 2 3 -1.303571e-17 0.000000e+00
48 201 2.072220e-03 1.646023e-03 1 1 2 3 -3.969919e-17 0.000000e+00
48 202 2.072220e-03 2.072220e-03 1 1 2 3 0.000000e+00 0.000000e+00
48 203 2.072220e-03 2.608770e-03 1 1 2 3 -2.100357e-16 0.000000e+00
48 204 2.072220e-03 3.284247e-03 1 1 2 3 -5.452615e-17 0.000000e+00
48 205 2.072220e-03 4.134622e-03 1 1 2 3 3.331889e-16 0.000000e+00
48 206 2.072220e-03 5.205181e-03 1 1 2 3 7.998549e-16 0.000000e+00
48 207 2.072220e-03 6.552935e-03 1 1 2 3 1.242393e-15 0.000000e+00
48 208 2.072220e-03 8.249656e-03 1 1 2 3 1.630618e-15 0.000000e+00
49 198 2.608770e-03 8.249656e-04 1 1 2 3 -1.492123e-19 0.000000e+00
49 199 2.608770e-03 1.038570e-03 1 1 2 3 -1.659549e-18 0.000000e+00
49 200 2.608770e-03 1.307482e-03 1 1 2 3 -4.432885e-18 0.000000e+00
49 201 2.608770e-03 1.646023e-03 1 1 2 3 -1.299085e-17 0.000000e+00
49 202 2.608770e-03 2.072220e-03 1 1 2 3 -4.332708e-17 0.000000e+00
49 203 2.608770e-03 2.608770e-03 1 1 2 3 0.000000e+00 0.000000e+00
49 204 2.608770e-03 3.284247e-03 1 1 2 3 -2.722299e-16 0.000000e+00
49 205 2.608770e-03 4.134622e-03 1 1 2 3 -8.545098e-17 0.000000e+00
49 206 2.608770e-03 5.205181e-03 1 1 2 3 3.638030e-16 0.000000e+00
49 207 2.608770e-03 6.552935e-03 1 1 2 3 8.793479e-16 0.000000e+00
49 208 2.608770e-03 8.249656e-03 1 1 2 3 1.357609e-15 0.000000e+00
50 198 3.284247e-03 8.249656e-04 1 1 2 3 2.596269e-19 0.000000e+00
50 199 3.284247e-03 1.038570e-03 1 1 2 3 -5.569198e-19 0.000000e+00
50 200 3.284247e-03 1.307482e-03 1 1 2 3 -1.329906e-18 0.000000e+00
50 201 3.284247e-03 1.646023e-03 1 1 2 3 -3.625972e-18 0.000000e+00
50 202 3.284247e-03 2.072220e-03 1 1 2 3 -1.165251e-17 0.000000e+00
50 203 3.284247e-03 2.608770e-03 1 1 2 3 -4.311495e-17 0.000000e+00
50 204 3.284247e-03 3.284247e-03 1 1 2 3 0.000000e+00 0.000000e+00
50 205 3.284247e-03 4.134622e-03 1 1 2 3 -3.334329e-16 0.000000e+00
50 206 3.284247e-03 5.205181e-03 1 1 2 3 -1.112989e-16 0.000000e+00
50 207 3.284247e-03 6.552935e-03 1 1 2 3 3.995865e-16 0.000000e+00
50 208 3.284247e-03 8.249656e-03 1 1 2 3 9.654622e-16 0.000000e+00
51 198 4.134622e-03 8.249656e-04 1 1 2 3 3.896661e-19 0.000000e+00
51 199 4.134622e-03 1.038570e-03 1 1 2 3 -2.102659e-19 0.000000e+00
51 200 4.134622e-03 1.307482e-03 1 1 2 3 -3.734376e-19 0.000000e+00
51 201 4.134622e-03 1.646023e-03 1 1 2 3 -8.297848e-19 0.000000e+00
51 202 4.134622e-03 2.072220e-03 1 1 2 3 -2.660400e-18 0.000000e+00
51 203 4.134622e-03 2.608770e-03 1 1 2 3 -9.169928e-18 0.000000e+00
51 204 4.134622e-03 3.284247e-03 1 1 2 3 -3.916218e-17 0.000000e+00
51 205 4.134622e-03 4.134622e-03 1 1 2 3 0.000000e+00 0.000000e+00
51 206 4.134622e-03 5.205181e-03 1 1 2 3 -3.892780e-16 0.000000e+00
51 207 4.134622e-03 6.552935e-03 1 1 2 3 -1.280681e-16 0.000000e+00
51 208 4.134622e-03 8.249656e-03 1 1 2 3 4.446727e-16 0.000000e+00
52 198 5.205181e-03 8.249656e-04 1 1 2 3 4.235097e-19 0.000000e+00
52 199 5.205181e-03 1.038570e-03 1 1 2 3 -1.204408e-19 0.000000e+00
52 200 5.205181e-03 1.307482e-03 1 1 2 3 -1.290953e-19 0.000000e+00
52 201 5.205181e-03 1.646023e-03 1 1 2 3 -1.322933e-19 0.000000e+00
52 202 5.205181e-03 2.072220e-03 1 1 2 3 -5.104993e-19 0.000000e+00
52 203 5.205181e-03 2.608770e-03 1 1 2 3 -1.643983e-18 0.000000e+00
52 204 5.205181e-03 3.284247e-03 1 1 2 3 -6.348687e-18 0.000000e+00
52 205 5.205181e-03 4.134622e-03 1 1 2 3 -3.264246e-17 0.000000e+00
52 206 5.205181e-03 5.205181e-03 1 1 2 3 0.000000e+00 0.000000e+00
52 207 5.205181e-03 6.552935e-03 1 1 2 3 -4.371667e-16 0.000000e+00
52 208 5.205181e-03 8.249656e-03 1 1 2 3 -1.336704e-16 0.000000e+00
53 198 6.552935e-03 8.249656e-04 1 1 2 3 4.298461e-19 0.000000e+00
53 199 6.552935e-03 1.038570e-03 1 1 2 3 -1.031119e-19 0.000000e+00
53 200 6.552935e-03 1.307482e-03 1 1 2 3 -8.216555e-20 0.000000e+00
53 201 6.552935e-03 1.646023e-03 1 1 2 3 6.221378e-22 0.000000e+00
53 202 6.552935e-03 2.072220e-03 1 1 2 3 -1.080305e-19 0.000000e+00
53 203 6.552935e-03 2.608770e-03 1 1 2 3 -2.925632e-19 0.000000e+00
53 204 6.552935e-03 3.284247e-03 1 1 2 3 -9.806402e-19 0.000000e+00
53 205 6.552935e-03 4.134622e-03 1 1 2 3 -4.104781e-18 0.000000e+00
53 206 6.552935e-03 5.205181e-03 1 1 2 3 -2.560362e-17 0.000000e+00
53 207 6.552935e-03 6.552935e-03 1 1 2 3 0.000000e+00 0.000000e+00
53 208 6.552935e-03 8.249656e-03 1 1 2 3 -4.771161e-16 0.000000e+00
54 198 8.249656e-03 8.249656e-04 1 1 2 3 4.304689e-19 0.000000e+00
54 199 8.249656e-03 1.038570e-03 1 1 2 3 -1.005394e-19 0.000000e+00
54 200 8.249656e-03 1.307482e-03 1 1 2 3 -7.560678e-20 0.000000e+00
54 201 8.249656e-03 1.646023e-03 1 1 2 3 1.855490e-20 0.000000e+00
54 202 8.249656e-03 2.072220e-03 1 1 2 3 -5.481423e-20 0.000000e+00
54 203 8.249656e-03 2.608770e-03 1 1 2 3 -1.182738e-19 0.000000e+00
54 204 8.249656e-03 3.284247e-03 1 1 2 3 -3.143620e-19 0.000000e+00
54 205 8.249656e-03 4.134622e-03 1 1 2 3 -9.109362e-19 0.000000e+00
54 206 8.249656e-03 5.205181e-03 1 1 2 3 -3.244186e-18 0.000000e+00
54 207 8.249656e-03 6.552935e-03 1 1 2 3 -2.048901e-17 0.000000e+00
54 208 8.249656e-03 8.249656e-03 1 1 2 3 0.000000e+00 0.000000e+00
