# Please cite the following papers in research using this covariance:
# arXiv: 1601.05779, https://arxiv.org/abs/1601.05779
# arXiv: 1911.11947, https://arxiv.org/abs/1911.11947
# arXiv: 2004.04833, https://arxiv.org/abs/2004.04833
# arXiv: 1804.10663, https://arxiv.org/abs/1804.10663
########################################################
55 132 8.249656e-04 8.249656e-04 1 2 0 2 0.000000e+00 0.000000e+00
55 133 8.249656e-04 1.038570e-03 1 2 0 2 -3.138354e-15 0.000000e+00
55 134 8.249656e-04 1.307482e-03 1 2 0 2 -1.371329e-15 0.000000e+00
55 135 8.249656e-04 1.646023e-03 1 2 0 2 1.640095e-15 0.000000e+00
55 136 8.249656e-04 2.072220e-03 1 2 0 2 4.090691e-15 0.000000e+00
55 137 8.249656e-04 2.608770e-03 1 2 0 2 5.586233e-15 0.000000e+00
55 138 8.249656e-04 3.284247e-03 1 2 0 2 6.244394e-15 0.000000e+00
55 139 8.249656e-04 4.134622e-03 1 2 0 2 6.310220e-15 0.000000e+00
55 140 8.249656e-04 5.205181e-03 1 2 0 2 6.017965e-15 0.000000e+00
55 141 8.249656e-04 6.552935e-03 1 2 0 2 5.551824e-15 0.000000e+00
55 142 8.249656e-04 8.249656e-03 1 2 0 2 5.043096e-15 0.000000e+00
56 132 1.038570e-03 8.249656e-04 1 2 0 2 -2.362000e-17 0.000000e+00
56 133 1.038570e-03 1.038570e-03 1 2 0 2 0.000000e+00 0.000000e+00
56 134 1.038570e-03 1.307482e-03 1 2 0 2 -3.184827e-15 0.000000e+00
56 135 1.038570e-03 1.646023e-03 1 2 0 2 -1.412091e-15 0.000000e+00
56 136 1.038570e-03 2.072220e-03 1 2 0 2 1.519364e-15 0.000000e+00
56 137 1.038570e-03 2.608770e-03 1 2 0 2 3.807872e-15 0.000000e+00
56 138 1.038570e-03 3.284247e-03 1 2 0 2 5.126347e-15 0.000000e+00
56 139 1.038570e-03 4.134622e-03 1 2 0 2 5.645421e-15 0.000000e+00
56 140 1.038570e-03 5.205181e-03 1 2 0 2 5.636086e-15 0.000000e+00
56 141 1.038570e-03 6.552935e-03 1 2 0 2 5.336734e-15 0.000000e+00
56 142 1.038570e-03 8.249656e-03 1 2 0 2 4.922812e-15 0.000000e+00
57 132 1.307482e-03 8.249656e-04 1 2 0 2 1.351793e-17 0.000000e+00
57 133 1.307482e-03 1.038570e-03 1 2 0 2 8.499770e-18 0.000000e+00
57 134 1.307482e-03 1.307482e-03 1 2 0 2 0.000000e+00 0.000000e+00
57 135 1.307482e-03 1.646023e-03 1 2 0 2 -3.182175e-15 0.000000e+00
57 136 1.307482e-03 2.072220e-03 1 2 0 2 -1.421484e-15 0.000000e+00
57 137 1.307482e-03 2.608770e-03 1 2 0 2 1.389770e-15 0.000000e+00
57 138 1.307482e-03 3.284247e-03 1 2 0 2 3.492138e-15 0.000000e+00
57 139 1.307482e-03 4.134622e-03 1 2 0 2 4.638421e-15 0.000000e+00
57 140 1.307482e-03 5.205181e-03 1 2 0 2 5.046509e-15 0.000000e+00
57 141 1.307482e-03 6.552935e-03 1 2 0 2 5.001143e-15 0.000000e+00
57 142 1.307482e-03 8.249656e-03 1 2 0 2 4.734004e-15 0.000000e+00
58 132 1.646023e-03 8.249656e-04 1 2 0 2 1.005808e-17 0.000000e+00
58 133 1.646023e-03 1.038570e-03 1 2 0 2 2.398353e-17 0.000000e+00
58 134 1.646023e-03 1.307482e-03 1 2 0 2 4.476614e-17 0.000000e+00
58 135 1.646023e-03 1.646023e-03 1 2 0 2 0.000000e+00 0.000000e+00
58 136 1.646023e-03 2.072220e-03 1 2 0 2 -3.125683e-15 0.000000e+00
58 137 1.646023e-03 2.608770e-03 1 2 0 2 -1.395723e-15 0.000000e+00
58 138 1.646023e-03 3.284247e-03 1 2 0 2 1.259140e-15 0.000000e+00
58 139 1.646023e-03 4.134622e-03 1 2 0 2 3.162203e-15 0.000000e+00
58 140 1.646023e-03 5.205181e-03 1 2 0 2 4.152036e-15 0.000000e+00
58 141 1.646023e-03 6.552935e-03 1 2 0 2 4.482671e-15 0.000000e+00
58 142 1.646023e-03 8.249656e-03 1 2 0 2 4.439333e-15 0.000000e+00
59 132 2.072220e-03 8.249656e-04 1 2 0 2 5.297916e-18 0.000000e+00
59 133 2.072220e-03 1.038570e-03 1 2 0 2 1.297336e-17 0.000000e+00
59 134 2.072220e-03 1.307482e-03 1 2 0 2 3.431928e-17 0.000000e+00
59 135 2.072220e-03 1.646023e-03 1 2 0 2 8.176775e-17 0.000000e+00
59 136 2.072220e-03 2.072220e-03 1 2 0 2 0.000000e+00 0.000000e+00
59 137 2.072220e-03 2.608770e-03 1 2 0 2 -3.014595e-15 0.000000e+00
59 138 2.072220e-03 3.284247e-03 1 2 0 2 -1.334661e-15 0.000000e+00
59 139 2.072220e-03 4.134622e-03 1 2 0 2 1.134783e-15 0.000000e+00
59 140 2.072220e-03 5.205181e-03 1 2 0 2 2.837212e-15 0.000000e+00
59 141 2.072220e-03 6.552935e-03 1 2 0 2 3.695147e-15 0.000000e+00
59 142 2.072220e-03 8.249656e-03 1 2 0 2 3.983939e-15 0.000000e+00
60 132 2.608770e-03 8.249656e-04 1 2 0 2 2.567638e-18 0.000000e+00
60 133 2.608770e-03 1.038570e-03 1 2 0 2 5.739516e-18 0.000000e+00
60 134 2.608770e-03 1.307482e-03 1 2 0 2 1.544519e-17 0.000000e+00
60 135 2.608770e-03 1.646023e-03 1 2 0 2 4.265788e-17 0.000000e+00
60 136 2.608770e-03 2.072220e-03 1 2 0 2 1.156858e-16 0.000000e+00
60 137 2.608770e-03 2.608770e-03 1 2 0 2 0.000000e+00 0.000000e+00
60 138 2.608770e-03 3.284247e-03 1 2 0 2 -2.853345e-15 0.000000e+00
60 139 2.608770e-03 4.134622e-03 1 2 0 2 -1.242023e-15 0.000000e+00
60 140 2.608770e-03 5.205181e-03 1 2 0 2 1.022621e-15 0.000000e+00
60 141 2.608770e-03 6.552935e-03 1 2 0 2 2.535045e-15 0.000000e+00
60 142 2.608770e-03 8.249656e-03 1 2 0 2 3.291767e-15 0.000000e+00
61 132 3.284247e-03 8.249656e-04 1 2 0 2 1.239645e-18 0.000000e+00
61 133 3.284247e-03 1.038570e-03 1 2 0 2 2.255166e-18 0.000000e+00
61 134 3.284247e-03 1.307482e-03 1 2 0 2 6.096414e-18 0.000000e+00
61 135 3.284247e-03 1.646023e-03 1 2 0 2 1.676269e-17 0.000000e+00
61 136 3.284247e-03 2.072220e-03 1 2 0 2 4.780024e-17 0.000000e+00
61 137 3.284247e-03 2.608770e-03 1 2 0 2 1.430260e-16 0.000000e+00
61 138 3.284247e-03 3.284247e-03 1 2 0 2 0.000000e+00 0.000000e+00
61 139 3.284247e-03 4.134622e-03 1 2 0 2 -2.651117e-15 0.000000e+00
61 140 3.284247e-03 5.205181e-03 1 2 0 2 -1.124932e-15 0.000000e+00
61 141 3.284247e-03 6.552935e-03 1 2 0 2 9.273163e-16 0.000000e+00
61 142 3.284247e-03 8.249656e-03 1 2 0 2 2.270842e-15 0.000000e+00
62 132 4.134622e-03 8.249656e-04 1 2 0 2 6.814091e-19 0.000000e+00
62 133 4.134622e-03 1.038570e-03 1 2 0 2 7.975404e-19 0.000000e+00
62 134 4.134622e-03 1.307482e-03 1 2 0 2 2.204189e-18 0.000000e+00
62 135 4.134622e-03 1.646023e-03 1 2 0 2 6.045922e-18 0.000000e+00
62 136 4.134622e-03 2.072220e-03 1 2 0 2 1.666557e-17 0.000000e+00
62 137 4.134622e-03 2.608770e-03 1 2 0 2 4.931888e-17 0.000000e+00
62 138 4.134622e-03 3.284247e-03 1 2 0 2 1.607657e-16 0.000000e+00
62 139 4.134622e-03 4.134622e-03 1 2 0 2 0.000000e+00 0.000000e+00
62 140 4.134622e-03 5.205181e-03 1 2 0 2 -2.420527e-15 0.000000e+00
62 141 4.134622e-03 6.552935e-03 1 2 0 2 -9.925105e-16 0.000000e+00
62 142 4.134622e-03 8.249656e-03 1 2 0 2 8.520280e-16 0.000000e+00
63 132 5.205181e-03 8.249656e-04 1 2 0 2 4.513330e-19 0.000000e+00
63 133 5.205181e-03 1.038570e-03 1 2 0 2 2.247488e-19 0.000000e+00
63 134 5.205181e-03 1.307482e-03 1 2 0 2 7.099961e-19 0.000000e+00
63 135 5.205181e-03 1.646023e-03 1 2 0 2 2.041276e-18 0.000000e+00
63 136 5.205181e-03 2.072220e-03 1 2 0 2 5.434151e-18 0.000000e+00
63 137 5.205181e-03 2.608770e-03 1 2 0 2 1.539204e-17 0.000000e+00
63 138 5.205181e-03 3.284247e-03 1 2 0 2 4.723846e-17 0.000000e+00
63 139 5.205181e-03 4.134622e-03 1 2 0 2 1.674398e-16 0.000000e+00
63 140 5.205181e-03 5.205181e-03 1 2 0 2 0.000000e+00 0.000000e+00
63 141 5.205181e-03 6.552935e-03 1 2 0 2 -2.176246e-15 0.000000e+00
63 142 5.205181e-03 8.249656e-03 1 2 0 2 -8.546227e-16 0.000000e+00
64 132 6.552935e-03 8.249656e-04 1 2 0 2 3.804093e-19 0.000000e+00
64 133 6.552935e-03 1.038570e-03 1 2 0 2 2.473086e-20 0.000000e+00
64 134 6.552935e-03 1.307482e-03 1 2 0 2 1.991296e-19 0.000000e+00
64 135 6.552935e-03 1.646023e-03 1 2 0 2 6.723318e-19 0.000000e+00
64 136 6.552935e-03 2.072220e-03 1 2 0 2 1.690047e-18 0.000000e+00
64 137 6.552935e-03 2.608770e-03 1 2 0 2 4.610403e-18 0.000000e+00
64 138 6.552935e-03 3.284247e-03 1 2 0 2 1.325481e-17 0.000000e+00
64 139 6.552935e-03 4.134622e-03 1 2 0 2 4.215785e-17 0.000000e+00
64 140 6.552935e-03 5.205181e-03 1 2 0 2 1.630055e-16 0.000000e+00
64 141 6.552935e-03 6.552935e-03 1 2 0 2 0.000000e+00 0.000000e+00
64 142 6.552935e-03 8.249656e-03 1 2 0 2 -1.933222e-15 0.000000e+00
65 132 8.249656e-03 8.249656e-04 1 2 0 2 3.478426e-19 0.000000e+00
65 133 8.249656e-03 1.038570e-03 1 2 0 2 -4.630412e-20 0.000000e+00
65 134 8.249656e-03 1.307482e-03 1 2 0 2 1.940304e-20 0.000000e+00
65 135 8.249656e-03 1.646023e-03 1 2 0 2 2.055328e-19 0.000000e+00
65 136 8.249656e-03 2.072220e-03 1 2 0 2 4.724638e-19 0.000000e+00
65 137 8.249656e-03 2.608770e-03 1 2 0 2 1.277877e-18 0.000000e+00
65 138 8.249656e-03 3.284247e-03 1 2 0 2 3.552778e-18 0.000000e+00
65 139 8.249656e-03 4.134622e-03 1 2 0 2 1.049836e-17 0.000000e+00
65 140 8.249656e-03 5.205181e-03 1 2 0 2 3.489833e-17 0.000000e+00
65 141 8.249656e-03 6.552935e-03 1 2 0 2 1.487498e-16 0.000000e+00
65 142 8.249656e-03 8.249656e-03 1 2 0 2 0.000000e+00 0.000000e+00
