# Please cite the following papers in research using this covariance:
# arXiv: 1601.05779, https://arxiv.org/abs/1601.05779
# arXiv: 1911.11947, https://arxiv.org/abs/1911.11947
# arXiv: 2004.04833, https://arxiv.org/abs/2004.04833
# arXiv: 1804.10663, https://arxiv.org/abs/1804.10663
########################################################
77 187 8.249656e-04 8.249656e-04 2 2 2 2 0.000000e+00 0.000000e+00
77 188 8.249656e-04 1.038570e-03 2 2 2 2 -6.810834e-14 0.000000e+00
77 189 8.249656e-04 1.307482e-03 2 2 2 2 -3.114763e-14 0.000000e+00
77 190 8.249656e-04 1.646023e-03 2 2 2 2 2.659083e-14 0.000000e+00
77 191 8.249656e-04 2.072220e-03 2 2 2 2 6.751000e-14 0.000000e+00
77 192 8.249656e-04 2.608770e-03 2 2 2 2 8.738809e-14 0.000000e+00
77 193 8.249656e-04 3.284247e-03 2 2 2 2 9.177971e-14 0.000000e+00
77 194 8.249656e-04 4.134622e-03 2 2 2 2 8.714890e-14 0.000000e+00
77 195 8.249656e-04 5.205181e-03 2 2 2 2 7.838497e-14 0.000000e+00
77 196 8.249656e-04 6.552935e-03 2 2 2 2 6.857944e-14 0.000000e+00
77 197 8.249656e-04 8.249656e-03 2 2 2 2 5.942904e-14 0.000000e+00
78 187 1.038570e-03 8.249656e-04 2 2 2 2 1.476079e-15 0.000000e+00
78 188 1.038570e-03 1.038570e-03 2 2 2 2 0.000000e+00 0.000000e+00
78 189 1.038570e-03 1.307482e-03 2 2 2 2 -6.616419e-14 0.000000e+00
78 190 1.038570e-03 1.646023e-03 2 2 2 2 -3.013923e-14 0.000000e+00
78 191 1.038570e-03 2.072220e-03 2 2 2 2 2.339605e-14 0.000000e+00
78 192 1.038570e-03 2.608770e-03 2 2 2 2 5.927605e-14 0.000000e+00
78 193 1.038570e-03 3.284247e-03 2 2 2 2 7.543558e-14 0.000000e+00
78 194 1.038570e-03 4.134622e-03 2 2 2 2 7.810428e-14 0.000000e+00
78 195 1.038570e-03 5.205181e-03 2 2 2 2 7.350919e-14 0.000000e+00
78 196 1.038570e-03 6.552935e-03 2 2 2 2 6.597736e-14 0.000000e+00
78 197 1.038570e-03 8.249656e-03 2 2 2 2 5.803642e-14 0.000000e+00
79 187 1.307482e-03 8.249656e-04 2 2 2 2 9.676084e-16 0.000000e+00
79 188 1.307482e-03 1.038570e-03 2 2 2 2 2.401526e-15 0.000000e+00
79 189 1.307482e-03 1.307482e-03 2 2 2 2 0.000000e+00 0.000000e+00
79 190 1.307482e-03 1.646023e-03 2 2 2 2 -6.288103e-14 0.000000e+00
79 191 1.307482e-03 2.072220e-03 2 2 2 2 -2.827820e-14 0.000000e+00
79 192 1.307482e-03 2.608770e-03 2 2 2 2 2.038130e-14 0.000000e+00
79 193 1.307482e-03 3.284247e-03 2 2 2 2 5.127854e-14 0.000000e+00
79 194 1.307482e-03 4.134622e-03 2 2 2 2 6.431162e-14 0.000000e+00
79 195 1.307482e-03 5.205181e-03 2 2 2 2 6.595248e-14 0.000000e+00
79 196 1.307482e-03 6.552935e-03 2 2 2 2 6.190907e-14 0.000000e+00
79 197 1.307482e-03 8.249656e-03 2 2 2 2 5.584833e-14 0.000000e+00
80 187 1.646023e-03 8.249656e-04 2 2 2 2 4.050719e-16 0.000000e+00
80 188 1.646023e-03 1.038570e-03 2 2 2 2 1.132856e-15 0.000000e+00
80 189 1.646023e-03 1.307482e-03 2 2 2 2 3.196621e-15 0.000000e+00
80 190 1.646023e-03 1.646023e-03 2 2 2 2 0.000000e+00 0.000000e+00
80 191 1.646023e-03 2.072220e-03 2 2 2 2 -5.844405e-14 0.000000e+00
80 192 1.646023e-03 2.608770e-03 2 2 2 2 -2.573908e-14 0.000000e+00
80 193 1.646023e-03 3.284247e-03 2 2 2 2 1.763759e-14 0.000000e+00
80 194 1.646023e-03 4.134622e-03 2 2 2 2 4.386232e-14 0.000000e+00
80 195 1.646023e-03 5.205181e-03 2 2 2 2 5.441459e-14 0.000000e+00
80 196 1.646023e-03 6.552935e-03 2 2 2 2 5.560197e-14 0.000000e+00
80 197 1.646023e-03 8.249656e-03 2 2 2 2 5.242750e-14 0.000000e+00
81 187 2.072220e-03 8.249656e-04 2 2 2 2 1.507828e-16 0.000000e+00
81 188 2.072220e-03 1.038570e-03 2 2 2 2 4.151035e-16 0.000000e+00
81 189 2.072220e-03 1.307482e-03 2 2 2 2 1.210760e-15 0.000000e+00
81 190 2.072220e-03 1.646023e-03 2 2 2 2 3.768040e-15 0.000000e+00
81 191 2.072220e-03 2.072220e-03 2 2 2 2 0.000000e+00 0.000000e+00
81 192 2.072220e-03 2.608770e-03 2 2 2 2 -5.314518e-14 0.000000e+00
81 193 2.072220e-03 3.284247e-03 2 2 2 2 -2.275998e-14 0.000000e+00
81 194 2.072220e-03 4.134622e-03 2 2 2 2 1.521828e-14 0.000000e+00
81 195 2.072220e-03 5.205181e-03 2 2 2 2 3.726914e-14 0.000000e+00
81 196 2.072220e-03 6.552935e-03 2 2 2 2 4.596707e-14 0.000000e+00
81 197 2.072220e-03 8.249656e-03 2 2 2 2 4.712617e-14 0.000000e+00
82 187 2.608770e-03 8.249656e-04 2 2 2 2 5.308298e-17 0.000000e+00
82 188 2.608770e-03 1.038570e-03 2 2 2 2 1.402222e-16 0.000000e+00
82 189 2.608770e-03 1.307482e-03 2 2 2 2 3.939353e-16 0.000000e+00
82 190 2.608770e-03 1.646023e-03 2 2 2 2 1.192391e-15 0.000000e+00
82 191 2.608770e-03 2.072220e-03 2 2 2 2 4.061854e-15 0.000000e+00
82 192 2.608770e-03 2.608770e-03 2 2 2 2 0.000000e+00 0.000000e+00
82 193 2.608770e-03 3.284247e-03 2 2 2 2 -4.733812e-14 0.000000e+00
82 194 2.608770e-03 4.134622e-03 2 2 2 2 -1.960002e-14 0.000000e+00
82 195 2.608770e-03 5.205181e-03 2 2 2 2 1.314301e-14 0.000000e+00
82 196 2.608770e-03 6.552935e-03 2 2 2 2 3.163328e-14 0.000000e+00
82 197 2.608770e-03 8.249656e-03 2 2 2 2 3.903014e-14 0.000000e+00
83 187 3.284247e-03 8.249656e-04 2 2 2 2 1.781352e-17 0.000000e+00
83 188 3.284247e-03 1.038570e-03 2 2 2 2 4.453662e-17 0.000000e+00
83 189 3.284247e-03 1.307482e-03 2 2 2 2 1.216561e-16 0.000000e+00
83 190 3.284247e-03 1.646023e-03 2 2 2 2 3.486186e-16 0.000000e+00
83 191 3.284247e-03 2.072220e-03 2 2 2 2 1.094185e-15 0.000000e+00
83 192 3.284247e-03 2.608770e-03 2 2 2 2 4.073340e-15 0.000000e+00
83 193 3.284247e-03 3.284247e-03 2 2 2 2 0.000000e+00 0.000000e+00
83 194 3.284247e-03 4.134622e-03 2 2 2 2 -4.138745e-14 0.000000e+00
83 195 3.284247e-03 5.205181e-03 2 2 2 2 -1.649667e-14 0.000000e+00
83 196 3.284247e-03 6.552935e-03 2 2 2 2 1.140778e-14 0.000000e+00
83 197 3.284247e-03 8.249656e-03 2 2 2 2 2.698906e-14 0.000000e+00
84 187 4.134622e-03 8.249656e-04 2 2 2 2 6.224025e-18 0.000000e+00
84 188 4.134622e-03 1.038570e-03 2 2 2 2 1.361700e-17 0.000000e+00
84 189 4.134622e-03 1.307482e-03 2 2 2 2 3.627503e-17 0.000000e+00
84 190 4.134622e-03 1.646023e-03 2 2 2 2 9.978046e-17 0.000000e+00
84 191 4.134622e-03 2.072220e-03 2 2 2 2 2.899642e-16 0.000000e+00
84 192 4.134622e-03 2.608770e-03 2 2 2 2 9.426423e-16 0.000000e+00
84 193 4.134622e-03 3.284247e-03 2 2 2 2 3.838415e-15 0.000000e+00
84 194 4.134622e-03 4.134622e-03 2 2 2 2 0.000000e+00 0.000000e+00
84 195 4.134622e-03 5.205181e-03 2 2 2 2 -3.562039e-14 0.000000e+00
84 196 4.134622e-03 6.552935e-03 2 2 2 2 -1.363754e-14 0.000000e+00
84 197 4.134622e-03 8.249656e-03 2 2 2 2 9.991428e-15 0.000000e+00
85 187 5.205181e-03 8.249656e-04 2 2 2 2 2.266998e-18 0.000000e+00
85 188 5.205181e-03 1.038570e-03 2 2 2 2 3.790873e-18 0.000000e+00
85 189 5.205181e-03 1.307482e-03 2 2 2 2 1.022014e-17 0.000000e+00
85 190 5.205181e-03 1.646023e-03 2 2 2 2 2.781210e-17 0.000000e+00
85 191 5.205181e-03 2.072220e-03 2 2 2 2 7.679232e-17 0.000000e+00
85 192 5.205181e-03 2.608770e-03 2 2 2 2 2.276718e-16 0.000000e+00
85 193 5.205181e-03 3.284247e-03 2 2 2 2 7.664132e-16 0.000000e+00
85 194 5.205181e-03 4.134622e-03 2 2 2 2 3.422346e-15 0.000000e+00
85 195 5.205181e-03 5.205181e-03 2 2 2 2 0.000000e+00 0.000000e+00
85 196 5.205181e-03 6.552935e-03 2 2 2 2 -3.029652e-14 0.000000e+00
85 197 5.205181e-03 8.249656e-03 2 2 2 2 -1.114359e-14 0.000000e+00
86 187 6.552935e-03 8.249656e-04 2 2 2 2 1.289127e-18 0.000000e+00
86 188 6.552935e-03 1.038570e-03 2 2 2 2 8.507436e-19 0.000000e+00
86 189 6.552935e-03 1.307482e-03 2 2 2 2 2.745337e-18 0.000000e+00
86 190 6.552935e-03 1.646023e-03 2 2 2 2 7.469036e-18 0.000000e+00
86 191 6.552935e-03 2.072220e-03 2 2 2 2 1.986946e-17 0.000000e+00
86 192 6.552935e-03 2.608770e-03 2 2 2 2 5.583135e-17 0.000000e+00
86 193 6.552935e-03 3.284247e-03 2 2 2 2 1.686400e-16 0.000000e+00
86 194 6.552935e-03 4.134622e-03 2 2 2 2 5.890825e-16 0.000000e+00
86 195 6.552935e-03 5.205181e-03 2 2 2 2 2.900676e-15 0.000000e+00
86 196 6.552935e-03 6.552935e-03 2 2 2 2 0.000000e+00 0.000000e+00
86 197 6.552935e-03 8.249656e-03 2 2 2 2 -2.558988e-14 0.000000e+00
87 187 8.249656e-03 8.249656e-04 2 2 2 2 8.842169e-19 0.000000e+00
87 188 8.249656e-03 1.038570e-03 2 2 2 2 5.582546e-20 0.000000e+00
87 189 8.249656e-03 1.307482e-03 2 2 2 2 6.880470e-19 0.000000e+00
87 190 8.249656e-03 1.646023e-03 2 2 2 2 1.954550e-18 0.000000e+00
87 191 8.249656e-03 2.072220e-03 2 2 2 2 5.069134e-18 0.000000e+00
87 192 8.249656e-03 2.608770e-03 2 2 2 2 1.357885e-17 0.000000e+00
87 193 8.249656e-03 3.284247e-03 2 2 2 2 3.838055e-17 0.000000e+00
87 194 8.249656e-03 4.134622e-03 2 2 2 2 1.181996e-16 0.000000e+00
87 195 8.249656e-03 5.205181e-03 2 2 2 2 4.289576e-16 0.000000e+00
87 196 8.249656e-03 6.552935e-03 2 2 2 2 2.345172e-15 0.000000e+00
87 197 8.249656e-03 8.249656e-03 2 2 2 2 0.000000e+00 0.000000e+00
