# Please cite the following papers in research using this covariance:
# arXiv: 1601.05779, https://arxiv.org/abs/1601.05779
# arXiv: 1911.11947, https://arxiv.org/abs/1911.11947
# arXiv: 2004.04833, https://arxiv.org/abs/2004.04833
# arXiv: 1804.10663, https://arxiv.org/abs/1804.10663
########################################################
22 55 8.249656e-04 8.249656e-04 0 2 1 2 0.000000e+00 0.000000e+00
22 56 8.249656e-04 1.038570e-03 0 2 1 2 9.283062e-14 0.000000e+00
22 57 8.249656e-04 1.307482e-03 0 2 1 2 8.488459e-14 0.000000e+00
22 58 8.249656e-04 1.646023e-03 0 2 1 2 7.781224e-14 0.000000e+00
22 59 8.249656e-04 2.072220e-03 0 2 1 2 7.168957e-14 0.000000e+00
22 60 8.249656e-04 2.608770e-03 0 2 1 2 6.642495e-14 0.000000e+00
22 61 8.249656e-04 3.284247e-03 0 2 1 2 6.186999e-14 0.000000e+00
22 62 8.249656e-04 4.134622e-03 0 2 1 2 5.785472e-14 0.000000e+00
22 63 8.249656e-04 5.205181e-03 0 2 1 2 5.420638e-14 0.000000e+00
22 64 8.249656e-04 6.552935e-03 0 2 1 2 5.076138e-14 0.000000e+00
22 65 8.249656e-04 8.249656e-03 0 2 1 2 4.737313e-14 0.000000e+00
23 55 1.038570e-03 8.249656e-04 0 2 1 2 9.283062e-14 0.000000e+00
23 56 1.038570e-03 1.038570e-03 0 2 1 2 0.000000e+00 0.000000e+00
23 57 1.038570e-03 1.307482e-03 0 2 1 2 8.584937e-14 0.000000e+00
23 58 1.038570e-03 1.646023e-03 0 2 1 2 7.844384e-14 0.000000e+00
23 59 1.038570e-03 2.072220e-03 0 2 1 2 7.205077e-14 0.000000e+00
23 60 1.038570e-03 2.608770e-03 0 2 1 2 6.661537e-14 0.000000e+00
23 61 1.038570e-03 3.284247e-03 0 2 1 2 6.196228e-14 0.000000e+00
23 62 1.038570e-03 4.134622e-03 0 2 1 2 5.789460e-14 0.000000e+00
23 63 1.038570e-03 5.205181e-03 0 2 1 2 5.422036e-14 0.000000e+00
23 64 1.038570e-03 6.552935e-03 0 2 1 2 5.076373e-14 0.000000e+00
23 65 1.038570e-03 8.249656e-03 0 2 1 2 4.737113e-14 0.000000e+00
24 55 1.307482e-03 8.249656e-04 0 2 1 2 8.488459e-14 0.000000e+00
24 56 1.307482e-03 1.038570e-03 0 2 1 2 8.584937e-14 0.000000e+00
24 57 1.307482e-03 1.307482e-03 0 2 1 2 0.000000e+00 0.000000e+00
24 58 1.307482e-03 1.646023e-03 0 2 1 2 7.950177e-14 0.000000e+00
24 59 1.307482e-03 2.072220e-03 0 2 1 2 7.267005e-14 0.000000e+00
24 60 1.307482e-03 2.608770e-03 0 2 1 2 6.693845e-14 0.000000e+00
24 61 1.307482e-03 3.284247e-03 0 2 1 2 6.211710e-14 0.000000e+00
24 62 1.307482e-03 4.134622e-03 0 2 1 2 5.796108e-14 0.000000e+00
24 63 1.307482e-03 5.205181e-03 0 2 1 2 5.424376e-14 0.000000e+00
24 64 1.307482e-03 6.552935e-03 0 2 1 2 5.076803e-14 0.000000e+00
24 65 1.307482e-03 8.249656e-03 0 2 1 2 4.736831e-14 0.000000e+00
25 55 1.646023e-03 8.249656e-04 0 2 1 2 7.781224e-14 0.000000e+00
25 56 1.646023e-03 1.038570e-03 0 2 1 2 7.844384e-14 0.000000e+00
25 57 1.646023e-03 1.307482e-03 0 2 1 2 7.950177e-14 0.000000e+00
25 58 1.646023e-03 1.646023e-03 0 2 1 2 0.000000e+00 0.000000e+00
25 59 1.646023e-03 2.072220e-03 0 2 1 2 7.376197e-14 0.000000e+00
25 60 1.646023e-03 2.608770e-03 0 2 1 2 6.750900e-14 0.000000e+00
25 61 1.646023e-03 3.284247e-03 0 2 1 2 6.238535e-14 0.000000e+00
25 62 1.646023e-03 4.134622e-03 0 2 1 2 5.807462e-14 0.000000e+00
25 63 1.646023e-03 5.205181e-03 0 2 1 2 5.428357e-14 0.000000e+00
25 64 1.646023e-03 6.552935e-03 0 2 1 2 5.077569e-14 0.000000e+00
25 65 1.646023e-03 8.249656e-03 0 2 1 2 4.736406e-14 0.000000e+00
26 55 2.072220e-03 8.249656e-04 0 2 1 2 7.168957e-14 0.000000e+00
26 56 2.072220e-03 1.038570e-03 0 2 1 2 7.205077e-14 0.000000e+00
26 57 2.072220e-03 1.307482e-03 0 2 1 2 7.267005e-14 0.000000e+00
26 58 2.072220e-03 1.646023e-03 0 2 1 2 7.376197e-14 0.000000e+00
26 59 2.072220e-03 2.072220e-03 0 2 1 2 0.000000e+00 0.000000e+00
26 60 2.072220e-03 2.608770e-03 0 2 1 2 6.857401e-14 0.000000e+00
26 61 2.072220e-03 3.284247e-03 0 2 1 2 6.287670e-14 0.000000e+00
26 62 2.072220e-03 4.134622e-03 0 2 1 2 5.827741e-14 0.000000e+00
26 63 2.072220e-03 5.205181e-03 0 2 1 2 5.435403e-14 0.000000e+00
26 64 2.072220e-03 6.552935e-03 0 2 1 2 5.079007e-14 0.000000e+00
26 65 2.072220e-03 8.249656e-03 0 2 1 2 4.735792e-14 0.000000e+00
27 55 2.608770e-03 8.249656e-04 0 2 1 2 6.642495e-14 0.000000e+00
27 56 2.608770e-03 1.038570e-03 0 2 1 2 6.661537e-14 0.000000e+00
27 57 2.608770e-03 1.307482e-03 0 2 1 2 6.693845e-14 0.000000e+00
27 58 2.608770e-03 1.646023e-03 0 2 1 2 6.750900e-14 0.000000e+00
27 59 2.608770e-03 2.072220e-03 0 2 1 2 6.857401e-14 0.000000e+00
27 60 2.608770e-03 2.608770e-03 0 2 1 2 0.000000e+00 0.000000e+00
27 61 2.608770e-03 3.284247e-03 0 2 1 2 6.385794e-14 0.000000e+00
27 62 2.608770e-03 4.134622e-03 0 2 1 2 5.866778e-14 0.000000e+00
27 63 2.608770e-03 5.205181e-03 0 2 1 2 5.448701e-14 0.000000e+00
27 64 2.608770e-03 6.552935e-03 0 2 1 2 5.081920e-14 0.000000e+00
27 65 2.608770e-03 8.249656e-03 0 2 1 2 4.734996e-14 0.000000e+00
28 55 3.284247e-03 8.249656e-04 0 2 1 2 6.186999e-14 0.000000e+00
28 56 3.284247e-03 1.038570e-03 0 2 1 2 6.196228e-14 0.000000e+00
28 57 3.284247e-03 1.307482e-03 0 2 1 2 6.211710e-14 0.000000e+00
28 58 3.284247e-03 1.646023e-03 0 2 1 2 6.238535e-14 0.000000e+00
28 59 3.284247e-03 2.072220e-03 0 2 1 2 6.287670e-14 0.000000e+00
28 60 3.284247e-03 2.608770e-03 0 2 1 2 6.385794e-14 0.000000e+00
28 61 3.284247e-03 3.284247e-03 0 2 1 2 0.000000e+00 0.000000e+00
28 62 3.284247e-03 4.134622e-03 0 2 1 2 5.951731e-14 0.000000e+00
28 63 3.284247e-03 5.205181e-03 0 2 1 2 5.476434e-14 0.000000e+00
28 64 3.284247e-03 6.552935e-03 0 2 1 2 5.088374e-14 0.000000e+00
28 65 3.284247e-03 8.249656e-03 0 2 1 2 4.734223e-14 0.000000e+00
29 55 4.134622e-03 8.249656e-04 0 2 1 2 5.785472e-14 0.000000e+00
29 56 4.134622e-03 1.038570e-03 0 2 1 2 5.789460e-14 0.000000e+00
29 57 4.134622e-03 1.307482e-03 0 2 1 2 5.796108e-14 0.000000e+00
29 58 4.134622e-03 1.646023e-03 0 2 1 2 5.807462e-14 0.000000e+00
29 59 4.134622e-03 2.072220e-03 0 2 1 2 5.827741e-14 0.000000e+00
29 60 4.134622e-03 2.608770e-03 0 2 1 2 5.866778e-14 0.000000e+00
29 61 4.134622e-03 3.284247e-03 0 2 1 2 5.951731e-14 0.000000e+00
29 62 4.134622e-03 4.134622e-03 0 2 1 2 0.000000e+00 0.000000e+00
29 63 4.134622e-03 5.205181e-03 0 2 1 2 5.544719e-14 0.000000e+00
29 64 4.134622e-03 6.552935e-03 0 2 1 2 5.104589e-14 0.000000e+00
29 65 4.134622e-03 8.249656e-03 0 2 1 2 4.734464e-14 0.000000e+00
30 55 5.205181e-03 8.249656e-04 0 2 1 2 5.420638e-14 0.000000e+00
30 56 5.205181e-03 1.038570e-03 0 2 1 2 5.422036e-14 0.000000e+00
30 57 5.205181e-03 1.307482e-03 0 2 1 2 5.424376e-14 0.000000e+00
30 58 5.205181e-03 1.646023e-03 0 2 1 2 5.428357e-14 0.000000e+00
30 59 5.205181e-03 2.072220e-03 0 2 1 2 5.435403e-14 0.000000e+00
30 60 5.205181e-03 2.608770e-03 0 2 1 2 5.448701e-14 0.000000e+00
30 61 5.205181e-03 3.284247e-03 0 2 1 2 5.476434e-14 0.000000e+00
30 62 5.205181e-03 4.134622e-03 0 2 1 2 5.544719e-14 0.000000e+00
30 63 5.205181e-03 5.205181e-03 0 2 1 2 0.000000e+00 0.000000e+00
30 64 5.205181e-03 6.552935e-03 0 2 1 2 5.154217e-14 0.000000e+00
30 65 5.205181e-03 8.249656e-03 0 2 1 2 4.739845e-14 0.000000e+00
31 55 6.552935e-03 8.249656e-04 0 2 1 2 5.076138e-14 0.000000e+00
31 56 6.552935e-03 1.038570e-03 0 2 1 2 5.076373e-14 0.000000e+00
31 57 6.552935e-03 1.307482e-03 0 2 1 2 5.076803e-14 0.000000e+00
31 58 6.552935e-03 1.646023e-03 0 2 1 2 5.077569e-14 0.000000e+00
31 59 6.552935e-03 2.072220e-03 0 2 1 2 5.079007e-14 0.000000e+00
31 60 6.552935e-03 2.608770e-03 0 2 1 2 5.081920e-14 0.000000e+00
31 61 6.552935e-03 3.284247e-03 0 2 1 2 5.088374e-14 0.000000e+00
31 62 6.552935e-03 4.134622e-03 0 2 1 2 5.104589e-14 0.000000e+00
31 63 6.552935e-03 5.205181e-03 0 2 1 2 5.154217e-14 0.000000e+00
31 64 6.552935e-03 6.552935e-03 0 2 1 2 0.000000e+00 0.000000e+00
31 65 6.552935e-03 8.249656e-03 0 2 1 2 4.770412e-14 0.000000e+00
32 55 8.249656e-03 8.249656e-04 0 2 1 2 4.737313e-14 0.000000e+00
32 56 8.249656e-03 1.038570e-03 0 2 1 2 4.737113e-14 0.000000e+00
32 57 8.249656e-03 1.307482e-03 0 2 1 2 4.736831e-14 0.000000e+00
32 58 8.249656e-03 1.646023e-03 0 2 1 2 4.736406e-14 0.000000e+00
32 59 8.249656e-03 2.072220e-03 0 2 1 2 4.735792e-14 0.000000e+00
32 60 8.249656e-03 2.608770e-03 0 2 1 2 4.734996e-14 0.000000e+00
32 61 8.249656e-03 3.284247e-03 0 2 1 2 4.734223e-14 0.000000e+00
32 62 8.249656e-03 4.134622e-03 0 2 1 2 4.734464e-14 0.000000e+00
32 63 8.249656e-03 5.205181e-03 0 2 1 2 4.739845e-14 0.000000e+00
32 64 8.249656e-03 6.552935e-03 0 2 1 2 4.770412e-14 0.000000e+00
32 65 8.249656e-03 8.249656e-03 0 2 1 2 0.000000e+00 0.000000e+00
