# Please cite the following papers in research using this covariance:
# arXiv: 1601.05779, https://arxiv.org/abs/1601.05779
# arXiv: 1911.11947, https://arxiv.org/abs/1911.11947
# arXiv: 2004.04833, https://arxiv.org/abs/2004.04833
# arXiv: 1804.10663, https://arxiv.org/abs/1804.10663
########################################################
110 209 8.249656e-04 8.249656e-04 0 0 3 3 0.000000e+00 0.000000e+00
110 210 8.249656e-04 1.038570e-03 0 0 3 3 2.774359e-17 0.000000e+00
110 211 8.249656e-04 1.307482e-03 0 0 3 3 1.988533e-17 0.000000e+00
110 212 8.249656e-04 1.646023e-03 0 0 3 3 1.209497e-17 0.000000e+00
110 213 8.249656e-04 2.072220e-03 0 0 3 3 6.634818e-18 0.000000e+00
110 214 8.249656e-04 2.608770e-03 0 0 3 3 3.371989e-18 0.000000e+00
110 215 8.249656e-04 3.284247e-03 0 0 3 3 1.612441e-18 0.000000e+00
110 216 8.249656e-04 4.134622e-03 0 0 3 3 7.343900e-19 0.000000e+00
110 217 8.249656e-04 5.205181e-03 0 0 3 3 3.225233e-19 0.000000e+00
110 218 8.249656e-04 6.552935e-03 0 0 3 3 1.386099e-19 0.000000e+00
110 219 8.249656e-04 8.249656e-03 0 0 3 3 5.913711e-20 0.000000e+00
111 209 1.038570e-03 8.249656e-04 0 0 3 3 2.774359e-17 0.000000e+00
111 210 1.038570e-03 1.038570e-03 0 0 3 3 0.000000e+00 0.000000e+00
111 211 1.038570e-03 1.307482e-03 0 0 3 3 4.009807e-17 0.000000e+00
111 212 1.038570e-03 1.646023e-03 0 0 3 3 2.741166e-17 0.000000e+00
111 213 1.038570e-03 2.072220e-03 0 0 3 3 1.584458e-17 0.000000e+00
111 214 1.038570e-03 2.608770e-03 0 0 3 3 8.261122e-18 0.000000e+00
111 215 1.038570e-03 3.284247e-03 0 0 3 3 4.001584e-18 0.000000e+00
111 216 1.038570e-03 4.134622e-03 0 0 3 3 1.834255e-18 0.000000e+00
111 217 1.038570e-03 5.205181e-03 0 0 3 3 8.080383e-19 0.000000e+00
111 218 1.038570e-03 6.552935e-03 0 0 3 3 3.477258e-19 0.000000e+00
111 219 1.038570e-03 8.249656e-03 0 0 3 3 1.484497e-19 0.000000e+00
112 209 1.307482e-03 8.249656e-04 0 0 3 3 1.988533e-17 0.000000e+00
112 210 1.307482e-03 1.038570e-03 0 0 3 3 4.009807e-17 0.000000e+00
112 211 1.307482e-03 1.307482e-03 0 0 3 3 0.000000e+00 0.000000e+00
112 212 1.307482e-03 1.646023e-03 0 0 3 3 5.580846e-17 0.000000e+00
112 213 1.307482e-03 2.072220e-03 0 0 3 3 3.623653e-17 0.000000e+00
112 214 1.307482e-03 2.608770e-03 0 0 3 3 1.985927e-17 0.000000e+00
112 215 1.307482e-03 3.284247e-03 0 0 3 3 9.846711e-18 0.000000e+00
112 216 1.307482e-03 4.134622e-03 0 0 3 3 4.564008e-18 0.000000e+00
112 217 1.307482e-03 5.205181e-03 0 0 3 3 2.021014e-18 0.000000e+00
112 218 1.307482e-03 6.552935e-03 0 0 3 3 8.716727e-19 0.000000e+00
112 219 1.307482e-03 8.249656e-03 0 0 3 3 3.725227e-19 0.000000e+00
113 209 1.646023e-03 8.249656e-04 0 0 3 3 1.209497e-17 0.000000e+00
113 210 1.646023e-03 1.038570e-03 0 0 3 3 2.741166e-17 0.000000e+00
113 211 1.646023e-03 1.307482e-03 0 0 3 3 5.580846e-17 0.000000e+00
113 212 1.646023e-03 1.646023e-03 0 0 3 3 0.000000e+00 0.000000e+00
113 213 1.646023e-03 2.072220e-03 0 0 3 3 7.468548e-17 0.000000e+00
113 214 1.646023e-03 2.608770e-03 0 0 3 3 4.590155e-17 0.000000e+00
113 215 1.646023e-03 3.284247e-03 0 0 3 3 2.384160e-17 0.000000e+00
113 216 1.646023e-03 4.134622e-03 0 0 3 3 1.127932e-17 0.000000e+00
113 217 1.646023e-03 5.205181e-03 0 0 3 3 5.040385e-18 0.000000e+00
113 218 1.646023e-03 6.552935e-03 0 0 3 3 2.182202e-18 0.000000e+00
113 219 1.646023e-03 8.249656e-03 0 0 3 3 9.340130e-19 0.000000e+00
114 209 2.072220e-03 8.249656e-04 0 0 3 3 6.634818e-18 0.000000e+00
114 210 2.072220e-03 1.038570e-03 0 0 3 3 1.584458e-17 0.000000e+00
114 211 2.072220e-03 1.307482e-03 0 0 3 3 3.623653e-17 0.000000e+00
114 212 2.072220e-03 1.646023e-03 0 0 3 3 7.468548e-17 0.000000e+00
114 213 2.072220e-03 2.072220e-03 0 0 3 3 0.000000e+00 0.000000e+00
114 214 2.072220e-03 2.608770e-03 0 0 3 3 9.604953e-17 0.000000e+00
114 215 2.072220e-03 3.284247e-03 0 0 3 3 5.576137e-17 0.000000e+00
114 216 2.072220e-03 4.134622e-03 0 0 3 3 2.750951e-17 0.000000e+00
114 217 2.072220e-03 5.205181e-03 0 0 3 3 1.250507e-17 0.000000e+00
114 218 2.072220e-03 6.552935e-03 0 0 3 3 5.450919e-18 0.000000e+00
114 219 2.072220e-03 8.249656e-03 0 0 3 3 2.339433e-18 0.000000e+00
115 209 2.608770e-03 8.249656e-04 0 0 3 3 3.371989e-18 0.000000e+00
115 210 2.608770e-03 1.038570e-03 0 0 3 3 8.261122e-18 0.000000e+00
115 211 2.608770e-03 1.307482e-03 0 0 3 3 1.985927e-17 0.000000e+00
115 212 2.608770e-03 1.646023e-03 0 0 3 3 4.590155e-17 0.000000e+00
115 213 2.608770e-03 2.072220e-03 0 0 3 3 9.604953e-17 0.000000e+00
115 214 2.608770e-03 2.608770e-03 0 0 3 3 0.000000e+00 0.000000e+00
115 215 2.608770e-03 3.284247e-03 0 0 3 3 1.187944e-16 0.000000e+00
115 216 2.608770e-03 4.134622e-03 0 0 3 3 6.514535e-17 0.000000e+00
115 217 2.608770e-03 5.205181e-03 0 0 3 3 3.070391e-17 0.000000e+00
115 218 2.608770e-03 6.552935e-03 0 0 3 3 1.356102e-17 0.000000e+00
115 219 2.608770e-03 8.249656e-03 0 0 3 3 5.848273e-18 0.000000e+00
116 209 3.284247e-03 8.249656e-04 0 0 3 3 1.612441e-18 0.000000e+00
116 210 3.284247e-03 1.038570e-03 0 0 3 3 4.001584e-18 0.000000e+00
116 211 3.284247e-03 1.307482e-03 0 0 3 3 9.846711e-18 0.000000e+00
116 212 3.284247e-03 1.646023e-03 0 0 3 3 2.384160e-17 0.000000e+00
116 213 3.284247e-03 2.072220e-03 0 0 3 3 5.576137e-17 0.000000e+00
116 214 3.284247e-03 2.608770e-03 0 0 3 3 1.187944e-16 0.000000e+00
116 215 3.284247e-03 3.284247e-03 0 0 3 3 0.000000e+00 0.000000e+00
116 216 3.284247e-03 4.134622e-03 0 0 3 3 1.416250e-16 0.000000e+00
116 217 3.284247e-03 5.205181e-03 0 0 3 3 7.358959e-17 0.000000e+00
116 218 3.284247e-03 6.552935e-03 0 0 3 3 3.346763e-17 0.000000e+00
116 219 3.284247e-03 8.249656e-03 0 0 3 3 1.457054e-17 0.000000e+00
117 209 4.134622e-03 8.249656e-04 0 0 3 3 7.343900e-19 0.000000e+00
117 210 4.134622e-03 1.038570e-03 0 0 3 3 1.834255e-18 0.000000e+00
117 211 4.134622e-03 1.307482e-03 0 0 3 3 4.564008e-18 0.000000e+00
117 212 4.134622e-03 1.646023e-03 0 0 3 3 1.127932e-17 0.000000e+00
117 213 4.134622e-03 2.072220e-03 0 0 3 3 2.750951e-17 0.000000e+00
117 214 4.134622e-03 2.608770e-03 0 0 3 3 6.514535e-17 0.000000e+00
117 215 4.134622e-03 3.284247e-03 0 0 3 3 1.416250e-16 0.000000e+00
117 216 4.134622e-03 4.134622e-03 0 0 3 3 0.000000e+00 0.000000e+00
117 217 4.134622e-03 5.205181e-03 0 0 3 3 1.634382e-16 0.000000e+00
117 218 4.134622e-03 6.552935e-03 0 0 3 3 8.103062e-17 0.000000e+00
117 219 4.134622e-03 8.249656e-03 0 0 3 3 3.606415e-17 0.000000e+00
118 209 5.205181e-03 8.249656e-04 0 0 3 3 3.225233e-19 0.000000e+00
118 210 5.205181e-03 1.038570e-03 0 0 3 3 8.080383e-19 0.000000e+00
118 211 5.205181e-03 1.307482e-03 0 0 3 3 2.021014e-18 0.000000e+00
118 212 5.205181e-03 1.646023e-03 0 0 3 3 5.040385e-18 0.000000e+00
118 213 5.205181e-03 2.072220e-03 0 0 3 3 1.250507e-17 0.000000e+00
118 214 5.205181e-03 2.608770e-03 0 0 3 3 3.070391e-17 0.000000e+00
118 215 5.205181e-03 3.284247e-03 0 0 3 3 7.358959e-17 0.000000e+00
118 216 5.205181e-03 4.134622e-03 0 0 3 3 1.634382e-16 0.000000e+00
118 217 5.205181e-03 5.205181e-03 0 0 3 3 0.000000e+00 0.000000e+00
118 218 5.205181e-03 6.552935e-03 0 0 3 3 1.837085e-16 0.000000e+00
118 219 5.205181e-03 8.249656e-03 0 0 3 3 8.791170e-17 0.000000e+00
119 209 6.552935e-03 8.249656e-04 0 0 3 3 1.386099e-19 0.000000e+00
119 210 6.552935e-03 1.038570e-03 0 0 3 3 3.477258e-19 0.000000e+00
119 211 6.552935e-03 1.307482e-03 0 0 3 3 8.716727e-19 0.000000e+00
119 212 6.552935e-03 1.646023e-03 0 0 3 3 2.182202e-18 0.000000e+00
119 213 6.552935e-03 2.072220e-03 0 0 3 3 5.450919e-18 0.000000e+00
119 214 6.552935e-03 2.608770e-03 0 0 3 3 1.356102e-17 0.000000e+00
119 215 6.552935e-03 3.284247e-03 0 0 3 3 3.346763e-17 0.000000e+00
119 216 6.552935e-03 4.134622e-03 0 0 3 3 8.103062e-17 0.000000e+00
119 217 6.552935e-03 5.205181e-03 0 0 3 3 1.837085e-16 0.000000e+00
119 218 6.552935e-03 6.552935e-03 0 0 3 3 0.000000e+00 0.000000e+00
119 219 6.552935e-03 8.249656e-03 0 0 3 3 2.027859e-16 0.000000e+00
120 209 8.249656e-03 8.249656e-04 0 0 3 3 5.913711e-20 0.000000e+00
120 210 8.249656e-03 1.038570e-03 0 0 3 3 1.484497e-19 0.000000e+00
120 211 8.249656e-03 1.307482e-03 0 0 3 3 3.725227e-19 0.000000e+00
120 212 8.249656e-03 1.646023e-03 0 0 3 3 9.340130e-19 0.000000e+00
120 213 8.249656e-03 2.072220e-03 0 0 3 3 2.339433e-18 0.000000e+00
120 214 8.249656e-03 2.608770e-03 0 0 3 3 5.848273e-18 0.000000e+00
120 215 8.249656e-03 3.284247e-03 0 0 3 3 1.457054e-17 0.000000e+00
120 216 8.249656e-03 4.134622e-03 0 0 3 3 3.606415e-17 0.000000e+00
120 217 8.249656e-03 5.205181e-03 0 0 3 3 8.791170e-17 0.000000e+00
120 218 8.249656e-03 6.552935e-03 0 0 3 3 2.027859e-16 0.000000e+00
120 219 8.249656e-03 8.249656e-03 0 0 3 3 0.000000e+00 0.000000e+00
