# Please cite the following papers in research using this covariance:
# arXiv: 1601.05779, https://arxiv.org/abs/1601.05779
# arXiv: 1911.11947, https://arxiv.org/abs/1911.11947
# arXiv: 2004.04833, https://arxiv.org/abs/2004.04833
# arXiv: 1804.10663, https://arxiv.org/abs/1804.10663
########################################################
0 110 8.249656e-04 8.249656e-04 0 0 0 0 0.000000e+00 0.000000e+00
0 111 8.249656e-04 1.038570e-03 0 0 0 0 -7.300356e-15 0.000000e+00
0 112 8.249656e-04 1.307482e-03 0 0 0 0 -3.209828e-15 0.000000e+00
0 113 8.249656e-04 1.646023e-03 0 0 0 0 3.704223e-15 0.000000e+00
0 114 8.249656e-04 2.072220e-03 0 0 0 0 9.260079e-15 0.000000e+00
0 115 8.249656e-04 2.608770e-03 0 0 0 0 1.255512e-14 0.000000e+00
0 116 8.249656e-04 3.284247e-03 0 0 0 0 1.386510e-14 0.000000e+00
0 117 8.249656e-04 4.134622e-03 0 0 0 0 1.375987e-14 0.000000e+00
0 118 8.249656e-04 5.205181e-03 0 0 0 0 1.278584e-14 0.000000e+00
0 119 8.249656e-04 6.552935e-03 0 0 0 0 1.137279e-14 0.000000e+00
0 120 8.249656e-04 8.249656e-03 0 0 0 0 9.822733e-15 0.000000e+00
1 110 1.038570e-03 8.249656e-04 0 0 0 0 -4.283455e-17 0.000000e+00
1 111 1.038570e-03 1.038570e-03 0 0 0 0 0.000000e+00 0.000000e+00
1 112 1.038570e-03 1.307482e-03 0 0 0 0 -7.390166e-15 0.000000e+00
1 113 1.038570e-03 1.646023e-03 0 0 0 0 -3.305177e-15 0.000000e+00
1 114 1.038570e-03 2.072220e-03 0 0 0 0 3.390157e-15 0.000000e+00
1 115 1.038570e-03 2.608770e-03 0 0 0 0 8.529155e-15 0.000000e+00
1 116 1.038570e-03 3.284247e-03 0 0 0 0 1.136537e-14 0.000000e+00
1 117 1.038570e-03 4.134622e-03 0 0 0 0 1.230064e-14 0.000000e+00
1 118 1.038570e-03 5.205181e-03 0 0 0 0 1.196950e-14 0.000000e+00
1 119 1.038570e-03 6.552935e-03 0 0 0 0 1.092973e-14 0.000000e+00
1 120 1.038570e-03 8.249656e-03 0 0 0 0 9.587251e-15 0.000000e+00
2 110 1.307482e-03 8.249656e-04 0 0 0 0 3.323268e-17 0.000000e+00
2 111 1.307482e-03 1.038570e-03 0 0 0 0 3.143890e-17 0.000000e+00
2 112 1.307482e-03 1.307482e-03 0 0 0 0 0.000000e+00 0.000000e+00
2 113 1.307482e-03 1.646023e-03 0 0 0 0 -7.365811e-15 0.000000e+00
2 114 1.307482e-03 2.072220e-03 0 0 0 0 -3.329160e-15 0.000000e+00
2 115 1.307482e-03 2.608770e-03 0 0 0 0 3.049194e-15 0.000000e+00
2 116 1.307482e-03 3.284247e-03 0 0 0 0 7.707253e-15 0.000000e+00
2 117 1.307482e-03 4.134622e-03 0 0 0 0 1.008749e-14 0.000000e+00
2 118 1.307482e-03 5.205181e-03 0 0 0 0 1.070762e-14 0.000000e+00
2 119 1.307482e-03 6.552935e-03 0 0 0 0 1.023768e-14 0.000000e+00
2 120 1.307482e-03 8.249656e-03 0 0 0 0 9.217257e-15 0.000000e+00
3 110 1.646023e-03 8.249656e-04 0 0 0 0 2.387316e-17 0.000000e+00
3 111 1.646023e-03 1.038570e-03 0 0 0 0 5.901620e-17 0.000000e+00
3 112 1.646023e-03 1.307482e-03 0 0 0 0 1.162589e-16 0.000000e+00
3 113 1.646023e-03 1.646023e-03 0 0 0 0 0.000000e+00 0.000000e+00
3 114 1.646023e-03 2.072220e-03 0 0 0 0 -7.213931e-15 0.000000e+00
3 115 1.646023e-03 2.608770e-03 0 0 0 0 -3.270929e-15 0.000000e+00
3 116 1.646023e-03 3.284247e-03 0 0 0 0 2.700128e-15 0.000000e+00
3 117 1.646023e-03 4.134622e-03 0 0 0 0 6.836854e-15 0.000000e+00
3 118 1.646023e-03 5.205181e-03 0 0 0 0 8.789505e-15 0.000000e+00
3 119 1.646023e-03 6.552935e-03 0 0 0 0 9.166551e-15 0.000000e+00
3 120 1.646023e-03 8.249656e-03 0 0 0 0 8.638895e-15 0.000000e+00
4 110 2.072220e-03 8.249656e-04 0 0 0 0 1.241378e-17 0.000000e+00
4 111 2.072220e-03 1.038570e-03 0 0 0 0 3.212569e-17 0.000000e+00
4 112 2.072220e-03 1.307482e-03 0 0 0 0 8.458253e-17 0.000000e+00
4 113 2.072220e-03 1.646023e-03 0 0 0 0 2.049358e-16 0.000000e+00
4 114 2.072220e-03 2.072220e-03 0 0 0 0 0.000000e+00 0.000000e+00
4 115 2.072220e-03 2.608770e-03 0 0 0 0 -6.930147e-15 0.000000e+00
4 116 2.072220e-03 3.284247e-03 0 0 0 0 -3.127816e-15 0.000000e+00
4 117 2.072220e-03 4.134622e-03 0 0 0 0 2.359787e-15 0.000000e+00
4 118 2.072220e-03 5.205181e-03 0 0 0 0 5.961558e-15 0.000000e+00
4 119 2.072220e-03 6.552935e-03 0 0 0 0 7.534950e-15 0.000000e+00
4 120 2.072220e-03 8.249656e-03 0 0 0 0 7.742836e-15 0.000000e+00
5 110 2.608770e-03 8.249656e-04 0 0 0 0 5.727159e-18 0.000000e+00
5 111 2.608770e-03 1.038570e-03 0 0 0 0 1.451173e-17 0.000000e+00
5 112 2.608770e-03 1.307482e-03 0 0 0 0 3.869128e-17 0.000000e+00
5 113 2.608770e-03 1.646023e-03 0 0 0 0 1.061307e-16 0.000000e+00
5 114 2.608770e-03 2.072220e-03 0 0 0 0 2.890947e-16 0.000000e+00
5 115 2.608770e-03 2.608770e-03 0 0 0 0 0.000000e+00 0.000000e+00
5 116 2.608770e-03 3.284247e-03 0 0 0 0 -6.522518e-15 0.000000e+00
5 117 2.608770e-03 4.134622e-03 0 0 0 0 -2.907298e-15 0.000000e+00
5 118 2.608770e-03 5.205181e-03 0 0 0 0 2.041092e-15 0.000000e+00
5 119 2.608770e-03 6.552935e-03 0 0 0 0 5.120744e-15 0.000000e+00
5 120 2.608770e-03 8.249656e-03 0 0 0 0 6.375431e-15 0.000000e+00
6 110 3.284247e-03 8.249656e-04 0 0 0 0 2.465742e-18 0.000000e+00
6 111 3.284247e-03 1.038570e-03 0 0 0 0 5.928118e-18 0.000000e+00
6 112 3.284247e-03 1.307482e-03 0 0 0 0 1.564795e-17 0.000000e+00
6 113 3.284247e-03 1.646023e-03 0 0 0 0 4.247073e-17 0.000000e+00
6 114 3.284247e-03 2.072220e-03 0 0 0 0 1.205919e-16 0.000000e+00
6 115 3.284247e-03 2.608770e-03 0 0 0 0 3.593724e-16 0.000000e+00
6 116 3.284247e-03 3.284247e-03 0 0 0 0 0.000000e+00 0.000000e+00
6 117 3.284247e-03 4.134622e-03 0 0 0 0 -6.011059e-15 0.000000e+00
6 118 3.284247e-03 5.205181e-03 0 0 0 0 -2.626385e-15 0.000000e+00
6 119 3.284247e-03 6.552935e-03 0 0 0 0 1.752190e-15 0.000000e+00
6 120 3.284247e-03 8.249656e-03 0 0 0 0 4.345793e-15 0.000000e+00
7 110 4.134622e-03 8.249656e-04 0 0 0 0 1.042063e-18 0.000000e+00
7 111 4.134622e-03 1.038570e-03 0 0 0 0 2.223648e-18 0.000000e+00
7 112 4.134622e-03 1.307482e-03 0 0 0 0 5.810071e-18 0.000000e+00
7 113 4.134622e-03 1.646023e-03 0 0 0 0 1.554576e-17 0.000000e+00
7 114 4.134622e-03 2.072220e-03 0 0 0 0 4.291746e-17 0.000000e+00
7 115 4.134622e-03 2.608770e-03 0 0 0 0 1.262027e-16 0.000000e+00
7 116 4.134622e-03 3.284247e-03 0 0 0 0 4.077252e-16 0.000000e+00
7 117 4.134622e-03 4.134622e-03 0 0 0 0 0.000000e+00 0.000000e+00
7 118 4.134622e-03 5.205181e-03 0 0 0 0 -5.425453e-15 0.000000e+00
7 119 4.134622e-03 6.552935e-03 0 0 0 0 -2.308415e-15 0.000000e+00
7 120 4.134622e-03 8.249656e-03 0 0 0 0 1.497190e-15 0.000000e+00
8 110 5.205181e-03 8.249656e-04 0 0 0 0 4.556619e-19 0.000000e+00
8 111 5.205181e-03 1.038570e-03 0 0 0 0 7.636523e-19 0.000000e+00
8 112 5.205181e-03 1.307482e-03 0 0 0 0 2.004172e-18 0.000000e+00
8 113 5.205181e-03 1.646023e-03 0 0 0 0 5.341643e-18 0.000000e+00
8 114 5.205181e-03 2.072220e-03 0 0 0 0 1.432653e-17 0.000000e+00
8 115 5.205181e-03 2.608770e-03 0 0 0 0 4.029975e-17 0.000000e+00
8 116 5.205181e-03 3.284247e-03 0 0 0 0 1.226971e-16 0.000000e+00
8 117 5.205181e-03 4.134622e-03 0 0 0 0 4.293740e-16 0.000000e+00
8 118 5.205181e-03 5.205181e-03 0 0 0 0 0.000000e+00 0.000000e+00
8 119 5.205181e-03 6.552935e-03 0 0 0 0 -4.800495e-15 0.000000e+00
8 120 5.205181e-03 8.249656e-03 0 0 0 0 -1.978537e-15 0.000000e+00
9 110 6.552935e-03 8.249656e-04 0 0 0 0 2.635666e-19 0.000000e+00
9 111 6.552935e-03 1.038570e-03 0 0 0 0 2.297988e-19 0.000000e+00
9 112 6.552935e-03 1.307482e-03 0 0 0 0 6.454214e-19 0.000000e+00
9 113 6.552935e-03 1.646023e-03 0 0 0 0 1.730686e-18 0.000000e+00
9 114 6.552935e-03 2.072220e-03 0 0 0 0 4.534896e-18 0.000000e+00
9 115 6.552935e-03 2.608770e-03 0 0 0 0 1.234973e-17 0.000000e+00
9 116 6.552935e-03 3.284247e-03 0 0 0 0 3.540290e-17 0.000000e+00
9 117 6.552935e-03 4.134622e-03 0 0 0 0 1.116356e-16 0.000000e+00
9 118 6.552935e-03 5.205181e-03 0 0 0 0 4.240741e-16 0.000000e+00
9 119 6.552935e-03 6.552935e-03 0 0 0 0 0.000000e+00 0.000000e+00
9 120 6.552935e-03 8.249656e-03 0 0 0 0 -4.171277e-15 0.000000e+00
10 110 8.249656e-03 8.249656e-04 0 0 0 0 1.833559e-19 0.000000e+00
10 111 8.249656e-03 1.038570e-03 0 0 0 0 5.113057e-20 0.000000e+00
10 112 8.249656e-03 1.307482e-03 0 0 0 0 1.899839e-19 0.000000e+00
10 113 8.249656e-03 1.646023e-03 0 0 0 0 5.384604e-19 0.000000e+00
10 114 8.249656e-03 2.072220e-03 0 0 0 0 1.390953e-18 0.000000e+00
10 115 8.249656e-03 2.608770e-03 0 0 0 0 3.673540e-18 0.000000e+00
10 116 8.249656e-03 3.284247e-03 0 0 0 0 1.007400e-17 0.000000e+00
10 117 8.249656e-03 4.134622e-03 0 0 0 0 2.934048e-17 0.000000e+00
10 118 8.249656e-03 5.205181e-03 0 0 0 0 9.567307e-17 0.000000e+00
10 119 8.249656e-03 6.552935e-03 0 0 0 0 3.956108e-16 0.000000e+00
10 120 8.249656e-03 8.249656e-03 0 0 0 0 0.000000e+00 0.000000e+00
