# Please cite the following papers in research using this covariance:
# arXiv: 1601.05779, https://arxiv.org/abs/1601.05779
# arXiv: 1911.11947, https://arxiv.org/abs/1911.11947
# arXiv: 2004.04833, https://arxiv.org/abs/2004.04833
# arXiv: 1804.10663, https://arxiv.org/abs/1804.10663
########################################################
0 22 8.249656e-04 8.249656e-04 0 0 0 2 0.000000e+00 0.000000e+00
0 23 8.249656e-04 1.038570e-03 0 0 0 2 1.187575e-13 0.000000e+00
0 24 8.249656e-04 1.307482e-03 0 0 0 2 9.871105e-14 0.000000e+00
0 25 8.249656e-04 1.646023e-03 0 0 0 2 8.217612e-14 0.000000e+00
0 26 8.249656e-04 2.072220e-03 0 0 0 2 6.890314e-14 0.000000e+00
0 27 8.249656e-04 2.608770e-03 0 0 0 2 5.833967e-14 0.000000e+00
0 28 8.249656e-04 3.284247e-03 0 0 0 2 4.992076e-14 0.000000e+00
0 29 8.249656e-04 4.134622e-03 0 0 0 2 4.313925e-14 0.000000e+00
0 30 8.249656e-04 5.205181e-03 0 0 0 2 3.757084e-14 0.000000e+00
0 31 8.249656e-04 6.552935e-03 0 0 0 2 3.287995e-14 0.000000e+00
0 32 8.249656e-04 8.249656e-03 0 0 0 2 2.881536e-14 0.000000e+00
1 22 1.038570e-03 8.249656e-04 0 0 0 2 1.187575e-13 0.000000e+00
1 23 1.038570e-03 1.038570e-03 0 0 0 2 0.000000e+00 0.000000e+00
1 24 1.038570e-03 1.307482e-03 0 0 0 2 1.023299e-13 0.000000e+00
1 25 1.038570e-03 1.646023e-03 0 0 0 2 8.427773e-14 0.000000e+00
1 26 1.038570e-03 2.072220e-03 0 0 0 2 7.002305e-14 0.000000e+00
1 27 1.038570e-03 2.608770e-03 0 0 0 2 5.890900e-14 0.000000e+00
1 28 1.038570e-03 3.284247e-03 0 0 0 2 5.019920e-14 0.000000e+00
1 29 1.038570e-03 4.134622e-03 0 0 0 2 4.327095e-14 0.000000e+00
1 30 1.038570e-03 5.205181e-03 0 0 0 2 3.763145e-14 0.000000e+00
1 31 1.038570e-03 6.552935e-03 0 0 0 2 3.290735e-14 0.000000e+00
1 32 1.038570e-03 8.249656e-03 0 0 0 2 2.882774e-14 0.000000e+00
2 22 1.307482e-03 8.249656e-04 0 0 0 2 9.871105e-14 0.000000e+00
2 23 1.307482e-03 1.038570e-03 0 0 0 2 1.023299e-13 0.000000e+00
2 24 1.307482e-03 1.307482e-03 0 0 0 2 0.000000e+00 0.000000e+00
2 25 1.307482e-03 1.646023e-03 0 0 0 2 8.801469e-14 0.000000e+00
2 26 1.307482e-03 2.072220e-03 0 0 0 2 7.199401e-14 0.000000e+00
2 27 1.307482e-03 2.608770e-03 0 0 0 2 5.988555e-14 0.000000e+00
2 28 1.307482e-03 3.284247e-03 0 0 0 2 5.066661e-14 0.000000e+00
2 29 1.307482e-03 4.134622e-03 0 0 0 2 4.348845e-14 0.000000e+00
2 30 1.307482e-03 5.205181e-03 0 0 0 2 3.773037e-14 0.000000e+00
2 31 1.307482e-03 6.552935e-03 0 0 0 2 3.295178e-14 0.000000e+00
2 32 1.307482e-03 8.249656e-03 0 0 0 2 2.884778e-14 0.000000e+00
3 22 1.646023e-03 8.249656e-04 0 0 0 2 8.217612e-14 0.000000e+00
3 23 1.646023e-03 1.038570e-03 0 0 0 2 8.427773e-14 0.000000e+00
3 24 1.646023e-03 1.307482e-03 0 0 0 2 8.801469e-14 0.000000e+00
3 25 1.646023e-03 1.646023e-03 0 0 0 2 0.000000e+00 0.000000e+00
3 26 1.646023e-03 2.072220e-03 0 0 0 2 7.567705e-14 0.000000e+00
3 27 1.646023e-03 2.608770e-03 0 0 0 2 6.165000e-14 0.000000e+00
3 28 1.646023e-03 3.284247e-03 0 0 0 2 5.148049e-14 0.000000e+00
3 29 1.646023e-03 4.134622e-03 0 0 0 2 4.385660e-14 0.000000e+00
3 30 1.646023e-03 5.205181e-03 0 0 0 2 3.789438e-14 0.000000e+00
3 31 1.646023e-03 6.552935e-03 0 0 0 2 3.302431e-14 0.000000e+00
3 32 1.646023e-03 8.249656e-03 0 0 0 2 2.888013e-14 0.000000e+00
4 22 2.072220e-03 8.249656e-04 0 0 0 2 6.890314e-14 0.000000e+00
4 23 2.072220e-03 1.038570e-03 0 0 0 2 7.002305e-14 0.000000e+00
4 24 2.072220e-03 1.307482e-03 0 0 0 2 7.199401e-14 0.000000e+00
4 25 2.072220e-03 1.646023e-03 0 0 0 2 7.567705e-14 0.000000e+00
4 26 2.072220e-03 2.072220e-03 0 0 0 2 0.000000e+00 0.000000e+00
4 27 2.072220e-03 2.608770e-03 0 0 0 2 6.512798e-14 0.000000e+00
4 28 2.072220e-03 3.284247e-03 0 0 0 2 5.299219e-14 0.000000e+00
4 29 2.072220e-03 4.134622e-03 0 0 0 2 4.450728e-14 0.000000e+00
4 30 2.072220e-03 5.205181e-03 0 0 0 2 3.817418e-14 0.000000e+00
4 31 2.072220e-03 6.552935e-03 0 0 0 2 3.314498e-14 0.000000e+00
4 32 2.072220e-03 8.249656e-03 0 0 0 2 2.893301e-14 0.000000e+00
5 22 2.608770e-03 8.249656e-04 0 0 0 2 5.833967e-14 0.000000e+00
5 23 2.608770e-03 1.038570e-03 0 0 0 2 5.890900e-14 0.000000e+00
5 24 2.608770e-03 1.307482e-03 0 0 0 2 5.988555e-14 0.000000e+00
5 25 2.608770e-03 1.646023e-03 0 0 0 2 6.165000e-14 0.000000e+00
5 26 2.608770e-03 2.072220e-03 0 0 0 2 6.512798e-14 0.000000e+00
5 27 2.608770e-03 2.608770e-03 0 0 0 2 0.000000e+00 0.000000e+00
5 28 2.608770e-03 3.284247e-03 0 0 0 2 5.614829e-14 0.000000e+00
5 29 2.608770e-03 4.134622e-03 0 0 0 2 4.575032e-14 0.000000e+00
5 30 2.608770e-03 5.205181e-03 0 0 0 2 3.867586e-14 0.000000e+00
5 31 2.608770e-03 6.552935e-03 0 0 0 2 3.335225e-14 0.000000e+00
5 32 2.608770e-03 8.249656e-03 0 0 0 2 2.902113e-14 0.000000e+00
6 22 3.284247e-03 8.249656e-04 0 0 0 2 4.992076e-14 0.000000e+00
6 23 3.284247e-03 1.038570e-03 0 0 0 2 5.019920e-14 0.000000e+00
6 24 3.284247e-03 1.307482e-03 0 0 0 2 5.066661e-14 0.000000e+00
6 25 3.284247e-03 1.646023e-03 0 0 0 2 5.148049e-14 0.000000e+00
6 26 3.284247e-03 2.072220e-03 0 0 0 2 5.299219e-14 0.000000e+00
6 27 3.284247e-03 2.608770e-03 0 0 0 2 5.614829e-14 0.000000e+00
6 28 3.284247e-03 3.284247e-03 0 0 0 2 0.000000e+00 0.000000e+00
6 29 3.284247e-03 4.134622e-03 0 0 0 2 4.850951e-14 0.000000e+00
6 30 3.284247e-03 5.205181e-03 0 0 0 2 3.966091e-14 0.000000e+00
6 31 3.284247e-03 6.552935e-03 0 0 0 2 3.372830e-14 0.000000e+00
6 32 3.284247e-03 8.249656e-03 0 0 0 2 2.917296e-14 0.000000e+00
7 22 4.134622e-03 8.249656e-04 0 0 0 2 4.313925e-14 0.000000e+00
7 23 4.134622e-03 1.038570e-03 0 0 0 2 4.327095e-14 0.000000e+00
7 24 4.134622e-03 1.307482e-03 0 0 0 2 4.348845e-14 0.000000e+00
7 25 4.134622e-03 1.646023e-03 0 0 0 2 4.385660e-14 0.000000e+00
7 26 4.134622e-03 2.072220e-03 0 0 0 2 4.450728e-14 0.000000e+00
7 27 4.134622e-03 2.608770e-03 0 0 0 2 4.575032e-14 0.000000e+00
7 28 4.134622e-03 3.284247e-03 0 0 0 2 4.850951e-14 0.000000e+00
7 29 4.134622e-03 4.134622e-03 0 0 0 2 0.000000e+00 0.000000e+00
7 30 4.134622e-03 5.205181e-03 0 0 0 2 4.199157e-14 0.000000e+00
7 31 4.134622e-03 6.552935e-03 0 0 0 2 3.448509e-14 0.000000e+00
7 32 4.134622e-03 8.249656e-03 0 0 0 2 2.945050e-14 0.000000e+00
8 22 5.205181e-03 8.249656e-04 0 0 0 2 3.757084e-14 0.000000e+00
8 23 5.205181e-03 1.038570e-03 0 0 0 2 3.763145e-14 0.000000e+00
8 24 5.205181e-03 1.307482e-03 0 0 0 2 3.773037e-14 0.000000e+00
8 25 5.205181e-03 1.646023e-03 0 0 0 2 3.789438e-14 0.000000e+00
8 26 5.205181e-03 2.072220e-03 0 0 0 2 3.817418e-14 0.000000e+00
8 27 5.205181e-03 2.608770e-03 0 0 0 2 3.867586e-14 0.000000e+00
8 28 5.205181e-03 3.284247e-03 0 0 0 2 3.966091e-14 0.000000e+00
8 29 5.205181e-03 4.134622e-03 0 0 0 2 4.199157e-14 0.000000e+00
8 30 5.205181e-03 5.205181e-03 0 0 0 2 0.000000e+00 0.000000e+00
8 31 5.205181e-03 6.552935e-03 0 0 0 2 3.639404e-14 0.000000e+00
8 32 5.205181e-03 8.249656e-03 0 0 0 2 3.001951e-14 0.000000e+00
9 22 6.552935e-03 8.249656e-04 0 0 0 2 3.287995e-14 0.000000e+00
9 23 6.552935e-03 1.038570e-03 0 0 0 2 3.290735e-14 0.000000e+00
9 24 6.552935e-03 1.307482e-03 0 0 0 2 3.295178e-14 0.000000e+00
9 25 6.552935e-03 1.646023e-03 0 0 0 2 3.302431e-14 0.000000e+00
9 26 6.552935e-03 2.072220e-03 0 0 0 2 3.314498e-14 0.000000e+00
9 27 6.552935e-03 2.608770e-03 0 0 0 2 3.335225e-14 0.000000e+00
9 28 6.552935e-03 3.284247e-03 0 0 0 2 3.372830e-14 0.000000e+00
9 29 6.552935e-03 4.134622e-03 0 0 0 2 3.448509e-14 0.000000e+00
9 30 6.552935e-03 5.205181e-03 0 0 0 2 3.639404e-14 0.000000e+00
9 31 6.552935e-03 6.552935e-03 0 0 0 2 0.000000e+00 0.000000e+00
9 32 6.552935e-03 8.249656e-03 0 0 0 2 3.154308e-14 0.000000e+00
10 22 8.249656e-03 8.249656e-04 0 0 0 2 2.881536e-14 0.000000e+00
10 23 8.249656e-03 1.038570e-03 0 0 0 2 2.882774e-14 0.000000e+00
10 24 8.249656e-03 1.307482e-03 0 0 0 2 2.884778e-14 0.000000e+00
10 25 8.249656e-03 1.646023e-03 0 0 0 2 2.888013e-14 0.000000e+00
10 26 8.249656e-03 2.072220e-03 0 0 0 2 2.893301e-14 0.000000e+00
10 27 8.249656e-03 2.608770e-03 0 0 0 2 2.902113e-14 0.000000e+00
10 28 8.249656e-03 3.284247e-03 0 0 0 2 2.917296e-14 0.000000e+00
10 29 8.249656e-03 4.134622e-03 0 0 0 2 2.945050e-14 0.000000e+00
10 30 8.249656e-03 5.205181e-03 0 0 0 2 3.001951e-14 0.000000e+00
10 31 8.249656e-03 6.552935e-03 0 0 0 2 3.154308e-14 0.000000e+00
10 32 8.249656e-03 8.249656e-03 0 0 0 2 0.000000e+00 0.000000e+00
