# Please cite the following papers in research using this covariance:
# arXiv: 1601.05779, https://arxiv.org/abs/1601.05779
# arXiv: 1911.11947, https://arxiv.org/abs/1911.11947
# arXiv: 2004.04833, https://arxiv.org/abs/2004.04833
# arXiv: 1804.10663, https://arxiv.org/abs/1804.10663
########################################################
0 121 8.249656e-04 8.249656e-04 0 0 0 1 0.000000e+00 0.000000e+00
0 122 8.249656e-04 1.038570e-03 0 0 0 1 -5.786898e-15 0.000000e+00
0 123 8.249656e-04 1.307482e-03 0 0 0 1 -2.577662e-15 0.000000e+00
0 124 8.249656e-04 1.646023e-03 0 0 0 1 2.836335e-15 0.000000e+00
0 125 8.249656e-04 2.072220e-03 0 0 0 1 7.124461e-15 0.000000e+00
0 126 8.249656e-04 2.608770e-03 0 0 0 1 9.591226e-15 0.000000e+00
0 127 8.249656e-04 3.284247e-03 0 0 0 1 1.049217e-14 0.000000e+00
0 128 8.249656e-04 4.134622e-03 0 0 0 1 1.031028e-14 0.000000e+00
0 129 8.249656e-04 5.205181e-03 0 0 0 1 9.494620e-15 0.000000e+00
0 130 8.249656e-04 6.552935e-03 0 0 0 1 8.386155e-15 0.000000e+00
0 131 8.249656e-04 8.249656e-03 0 0 0 1 7.214236e-15 0.000000e+00
1 121 1.038570e-03 8.249656e-04 0 0 0 1 -2.695710e-17 0.000000e+00
1 122 1.038570e-03 1.038570e-03 0 0 0 1 0.000000e+00 0.000000e+00
1 123 1.038570e-03 1.307482e-03 0 0 0 1 -5.845730e-15 0.000000e+00
1 124 1.038570e-03 1.646023e-03 0 0 0 1 -2.643789e-15 0.000000e+00
1 125 1.038570e-03 2.072220e-03 0 0 0 1 2.574629e-15 0.000000e+00
1 126 1.038570e-03 2.608770e-03 0 0 0 1 6.506506e-15 0.000000e+00
1 127 1.038570e-03 3.284247e-03 0 0 0 1 8.600879e-15 0.000000e+00
1 128 1.038570e-03 4.134622e-03 0 0 0 1 9.219749e-15 0.000000e+00
1 129 1.038570e-03 5.205181e-03 0 0 0 1 8.891079e-15 0.000000e+00
1 130 1.038570e-03 6.552935e-03 0 0 0 1 8.061202e-15 0.000000e+00
1 131 1.038570e-03 8.249656e-03 0 0 0 1 7.042286e-15 0.000000e+00
2 121 1.307482e-03 8.249656e-04 0 0 0 1 3.368830e-17 0.000000e+00
2 122 1.307482e-03 1.038570e-03 0 0 0 1 4.068686e-17 0.000000e+00
2 123 1.307482e-03 1.307482e-03 0 0 0 1 0.000000e+00 0.000000e+00
2 124 1.307482e-03 1.646023e-03 0 0 0 1 -5.802419e-15 0.000000e+00
2 125 1.307482e-03 2.072220e-03 0 0 0 1 -2.643292e-15 0.000000e+00
2 126 1.307482e-03 2.608770e-03 0 0 0 1 2.298419e-15 0.000000e+00
2 127 1.307482e-03 3.284247e-03 0 0 0 1 5.828367e-15 0.000000e+00
2 128 1.307482e-03 4.134622e-03 0 0 0 1 7.563886e-15 0.000000e+00
2 129 1.307482e-03 5.205181e-03 0 0 0 1 7.957490e-15 0.000000e+00
2 130 1.307482e-03 6.552935e-03 0 0 0 1 7.553451e-15 0.000000e+00
2 131 1.307482e-03 8.249656e-03 0 0 0 1 6.772076e-15 0.000000e+00
3 121 1.646023e-03 8.249656e-04 0 0 0 1 2.237496e-17 0.000000e+00
3 122 1.646023e-03 1.038570e-03 0 0 0 1 5.601580e-17 0.000000e+00
3 123 1.646023e-03 1.307482e-03 0 0 0 1 1.157899e-16 0.000000e+00
3 124 1.646023e-03 1.646023e-03 0 0 0 1 0.000000e+00 0.000000e+00
3 125 1.646023e-03 2.072220e-03 0 0 0 1 -5.648143e-15 0.000000e+00
3 126 1.646023e-03 2.608770e-03 0 0 0 1 -2.569996e-15 0.000000e+00
3 127 1.646023e-03 3.284247e-03 0 0 0 1 2.022750e-15 0.000000e+00
3 128 1.646023e-03 4.134622e-03 0 0 0 1 5.127110e-15 0.000000e+00
3 129 1.646023e-03 5.205181e-03 0 0 0 1 6.536755e-15 0.000000e+00
3 130 1.646023e-03 6.552935e-03 0 0 0 1 6.767129e-15 0.000000e+00
3 131 1.646023e-03 8.249656e-03 0 0 0 1 6.349581e-15 0.000000e+00
4 121 2.072220e-03 8.249656e-04 0 0 0 1 1.106920e-17 0.000000e+00
4 122 2.072220e-03 1.038570e-03 0 0 0 1 2.878319e-17 0.000000e+00
4 123 2.072220e-03 1.307482e-03 0 0 0 1 7.676828e-17 0.000000e+00
4 124 2.072220e-03 1.646023e-03 0 0 0 1 1.911634e-16 0.000000e+00
4 125 2.072220e-03 2.072220e-03 0 0 0 1 0.000000e+00 0.000000e+00
4 126 2.072220e-03 2.608770e-03 0 0 0 1 -5.383819e-15 0.000000e+00
4 127 2.072220e-03 3.284247e-03 0 0 0 1 -2.426204e-15 0.000000e+00
4 128 2.072220e-03 4.134622e-03 0 0 0 1 1.760051e-15 0.000000e+00
4 129 2.072220e-03 5.205181e-03 0 0 0 1 4.438056e-15 0.000000e+00
4 130 2.072220e-03 6.552935e-03 0 0 0 1 5.568203e-15 0.000000e+00
4 131 2.072220e-03 8.249656e-03 0 0 0 1 5.694732e-15 0.000000e+00
5 121 2.608770e-03 8.249656e-04 0 0 0 1 4.910285e-18 0.000000e+00
5 122 2.608770e-03 1.038570e-03 0 0 0 1 1.238924e-17 0.000000e+00
5 123 2.608770e-03 1.307482e-03 0 0 0 1 3.326830e-17 0.000000e+00
5 124 2.608770e-03 1.646023e-03 0 0 0 1 9.250464e-17 0.000000e+00
5 125 2.608770e-03 2.072220e-03 0 0 0 1 2.584658e-16 0.000000e+00
5 126 2.608770e-03 2.608770e-03 0 0 0 1 0.000000e+00 0.000000e+00
5 127 2.608770e-03 3.284247e-03 0 0 0 1 -5.021441e-15 0.000000e+00
5 128 2.608770e-03 4.134622e-03 0 0 0 1 -2.223067e-15 0.000000e+00
5 129 2.608770e-03 5.205181e-03 0 0 0 1 1.518698e-15 0.000000e+00
5 130 2.608770e-03 6.552935e-03 0 0 0 1 3.791162e-15 0.000000e+00
5 131 2.608770e-03 8.249656e-03 0 0 0 1 4.694697e-15 0.000000e+00
6 121 3.284247e-03 8.249656e-04 0 0 0 1 2.025427e-18 0.000000e+00
6 122 3.284247e-03 1.038570e-03 0 0 0 1 4.793804e-18 0.000000e+00
6 123 3.284247e-03 1.307482e-03 0 0 0 1 1.276150e-17 0.000000e+00
6 124 3.284247e-03 1.646023e-03 0 0 0 1 3.501503e-17 0.000000e+00
6 125 3.284247e-03 2.072220e-03 0 0 0 1 1.010459e-16 0.000000e+00
6 126 3.284247e-03 2.608770e-03 0 0 0 1 3.099143e-16 0.000000e+00
6 127 3.284247e-03 3.284247e-03 0 0 0 1 0.000000e+00 0.000000e+00
6 128 3.284247e-03 4.134622e-03 0 0 0 1 -4.582783e-15 0.000000e+00
6 129 3.284247e-03 5.205181e-03 0 0 0 1 -1.978643e-15 0.000000e+00
6 130 3.284247e-03 6.552935e-03 0 0 0 1 1.303740e-15 0.000000e+00
6 131 3.284247e-03 8.249656e-03 0 0 0 1 3.208417e-15 0.000000e+00
7 121 4.134622e-03 8.249656e-04 0 0 0 1 8.497507e-19 0.000000e+00
7 122 4.134622e-03 1.038570e-03 0 0 0 1 1.717898e-18 0.000000e+00
7 123 4.134622e-03 1.307482e-03 0 0 0 1 4.521693e-18 0.000000e+00
7 124 4.134622e-03 1.646023e-03 0 0 0 1 1.218442e-17 0.000000e+00
7 125 4.134622e-03 2.072220e-03 0 0 0 1 3.394903e-17 0.000000e+00
7 126 4.134622e-03 2.608770e-03 0 0 0 1 1.016480e-16 0.000000e+00
7 127 4.134622e-03 3.284247e-03 0 0 0 1 3.398158e-16 0.000000e+00
7 128 4.134622e-03 4.134622e-03 0 0 0 1 0.000000e+00 0.000000e+00
7 129 4.134622e-03 5.205181e-03 0 0 0 1 -4.095670e-15 0.000000e+00
7 130 4.134622e-03 6.552935e-03 0 0 0 1 -1.713974e-15 0.000000e+00
7 131 4.134622e-03 8.249656e-03 0 0 0 1 1.117050e-15 0.000000e+00
8 121 5.205181e-03 8.249656e-04 0 0 0 1 3.841850e-19 0.000000e+00
8 122 5.205181e-03 1.038570e-03 0 0 0 1 5.528720e-19 0.000000e+00
8 123 5.205181e-03 1.307482e-03 0 0 0 1 1.472850e-18 0.000000e+00
8 124 5.205181e-03 1.646023e-03 0 0 0 1 3.972619e-18 0.000000e+00
8 125 5.205181e-03 2.072220e-03 0 0 0 1 1.073857e-17 0.000000e+00
8 126 5.205181e-03 2.608770e-03 0 0 0 1 3.059662e-17 0.000000e+00
8 127 5.205181e-03 3.284247e-03 0 0 0 1 9.510864e-17 0.000000e+00
8 128 5.205181e-03 4.134622e-03 0 0 0 1 3.464319e-16 0.000000e+00
8 129 5.205181e-03 5.205181e-03 0 0 0 1 0.000000e+00 0.000000e+00
8 130 5.205181e-03 6.552935e-03 0 0 0 1 -3.590128e-15 0.000000e+00
8 131 5.205181e-03 8.249656e-03 0 0 0 1 -1.449659e-15 0.000000e+00
9 121 6.552935e-03 8.249656e-04 0 0 0 1 2.440061e-19 0.000000e+00
9 122 6.552935e-03 1.038570e-03 0 0 0 1 1.587612e-19 0.000000e+00
9 123 6.552935e-03 1.307482e-03 0 0 0 1 4.636687e-19 0.000000e+00
9 124 6.552935e-03 1.646023e-03 0 0 0 1 1.262870e-18 0.000000e+00
9 125 6.552935e-03 2.072220e-03 0 0 0 1 3.292617e-18 0.000000e+00
9 126 6.552935e-03 2.608770e-03 0 0 0 1 8.978761e-18 0.000000e+00
9 127 6.552935e-03 3.284247e-03 0 0 0 1 2.594699e-17 0.000000e+00
9 128 6.552935e-03 4.134622e-03 0 0 0 1 8.344909e-17 0.000000e+00
9 129 6.552935e-03 5.205181e-03 0 0 0 1 3.316230e-16 0.000000e+00
9 130 6.552935e-03 6.552935e-03 0 0 0 1 0.000000e+00 0.000000e+00
9 131 6.552935e-03 8.249656e-03 0 0 0 1 -3.094199e-15 0.000000e+00
10 121 8.249656e-03 8.249656e-04 0 0 0 1 1.823598e-19 0.000000e+00
10 122 8.249656e-03 1.038570e-03 0 0 0 1 2.278806e-20 0.000000e+00
10 123 8.249656e-03 1.307482e-03 0 0 0 1 1.194181e-19 0.000000e+00
10 124 8.249656e-03 1.646023e-03 0 0 0 1 3.674785e-19 0.000000e+00
10 125 8.249656e-03 2.072220e-03 0 0 0 1 9.490993e-19 0.000000e+00
10 126 8.249656e-03 2.608770e-03 0 0 0 1 2.533557e-18 0.000000e+00
10 127 8.249656e-03 3.284247e-03 0 0 0 1 7.023547e-18 0.000000e+00
10 128 8.249656e-03 4.134622e-03 0 0 0 1 2.072177e-17 0.000000e+00
10 129 8.249656e-03 5.205181e-03 0 0 0 1 6.903201e-17 0.000000e+00
10 130 8.249656e-03 6.552935e-03 0 0 0 1 3.001820e-16 0.000000e+00
10 131 8.249656e-03 8.249656e-03 0 0 0 1 0.000000e+00 0.000000e+00
