# Please cite the following papers in research using this covariance:
# arXiv: 1601.05779, https://arxiv.org/abs/1601.05779
# arXiv: 1911.11947, https://arxiv.org/abs/1911.11947
# arXiv: 2004.04833, https://arxiv.org/abs/2004.04833
# arXiv: 1804.10663, https://arxiv.org/abs/1804.10663
########################################################
11 44 8.249656e-04 8.249656e-04 0 1 1 1 0.000000e+00 0.000000e+00
11 45 8.249656e-04 1.038570e-03 0 1 1 1 1.078024e-13 0.000000e+00
11 46 8.249656e-04 1.307482e-03 0 1 1 1 9.226774e-14 0.000000e+00
11 47 8.249656e-04 1.646023e-03 0 1 1 1 7.890672e-14 0.000000e+00
11 48 8.249656e-04 2.072220e-03 0 1 1 1 6.783582e-14 0.000000e+00
11 49 8.249656e-04 2.608770e-03 0 1 1 1 5.882185e-14 0.000000e+00
11 50 8.249656e-04 3.284247e-03 0 1 1 1 5.152943e-14 0.000000e+00
11 51 8.249656e-04 4.134622e-03 0 1 1 1 4.560341e-14 0.000000e+00
11 52 8.249656e-04 5.205181e-03 0 1 1 1 4.071154e-14 0.000000e+00
11 53 8.249656e-04 6.552935e-03 0 1 1 1 3.656623e-14 0.000000e+00
11 54 8.249656e-04 8.249656e-03 0 1 1 1 3.293284e-14 0.000000e+00
12 44 1.038570e-03 8.249656e-04 0 1 1 1 1.078024e-13 0.000000e+00
12 45 1.038570e-03 1.038570e-03 0 1 1 1 0.000000e+00 0.000000e+00
12 46 1.038570e-03 1.307482e-03 0 1 1 1 9.462930e-14 0.000000e+00
12 47 1.038570e-03 1.646023e-03 0 1 1 1 8.042156e-14 0.000000e+00
12 48 1.038570e-03 2.072220e-03 0 1 1 1 6.869941e-14 0.000000e+00
12 49 1.038570e-03 2.608770e-03 0 1 1 1 5.928331e-14 0.000000e+00
12 50 1.038570e-03 3.284247e-03 0 1 1 1 5.176319e-14 0.000000e+00
12 51 1.038570e-03 4.134622e-03 0 1 1 1 4.571609e-14 0.000000e+00
12 52 1.038570e-03 5.205181e-03 0 1 1 1 4.076324e-14 0.000000e+00
12 53 1.038570e-03 6.552935e-03 0 1 1 1 3.658863e-14 0.000000e+00
12 54 1.038570e-03 8.249656e-03 0 1 1 1 3.294197e-14 0.000000e+00
13 44 1.307482e-03 8.249656e-04 0 1 1 1 9.226774e-14 0.000000e+00
13 45 1.307482e-03 1.038570e-03 0 1 1 1 9.462930e-14 0.000000e+00
13 46 1.307482e-03 1.307482e-03 0 1 1 1 0.000000e+00 0.000000e+00
13 47 1.307482e-03 1.646023e-03 0 1 1 1 8.298725e-14 0.000000e+00
13 48 1.307482e-03 2.072220e-03 0 1 1 1 7.018410e-14 0.000000e+00
13 49 1.307482e-03 2.608770e-03 0 1 1 1 6.006526e-14 0.000000e+00
13 50 1.307482e-03 3.284247e-03 0 1 1 1 5.215324e-14 0.000000e+00
13 51 1.307482e-03 4.134622e-03 0 1 1 1 4.590176e-14 0.000000e+00
13 52 1.307482e-03 5.205181e-03 0 1 1 1 4.084763e-14 0.000000e+00
13 53 1.307482e-03 6.552935e-03 0 1 1 1 3.662507e-14 0.000000e+00
13 54 1.307482e-03 8.249656e-03 0 1 1 1 3.295688e-14 0.000000e+00
14 44 1.646023e-03 8.249656e-04 0 1 1 1 7.890672e-14 0.000000e+00
14 45 1.646023e-03 1.038570e-03 0 1 1 1 8.042156e-14 0.000000e+00
14 46 1.646023e-03 1.307482e-03 0 1 1 1 8.298725e-14 0.000000e+00
14 47 1.646023e-03 1.646023e-03 0 1 1 1 0.000000e+00 0.000000e+00
14 48 1.646023e-03 2.072220e-03 0 1 1 1 7.282488e-14 0.000000e+00
14 49 1.646023e-03 2.608770e-03 0 1 1 1 6.144611e-14 0.000000e+00
14 50 1.646023e-03 3.284247e-03 0 1 1 1 5.282494e-14 0.000000e+00
14 51 1.646023e-03 4.134622e-03 0 1 1 1 4.621459e-14 0.000000e+00
14 52 1.646023e-03 5.205181e-03 0 1 1 1 4.098742e-14 0.000000e+00
14 53 1.646023e-03 6.552935e-03 0 1 1 1 3.668470e-14 0.000000e+00
14 54 1.646023e-03 8.249656e-03 0 1 1 1 3.298101e-14 0.000000e+00
15 44 2.072220e-03 8.249656e-04 0 1 1 1 6.783582e-14 0.000000e+00
15 45 2.072220e-03 1.038570e-03 0 1 1 1 6.869941e-14 0.000000e+00
15 46 2.072220e-03 1.307482e-03 0 1 1 1 7.018410e-14 0.000000e+00
15 47 2.072220e-03 1.646023e-03 0 1 1 1 7.282488e-14 0.000000e+00
15 48 2.072220e-03 2.072220e-03 0 1 1 1 0.000000e+00 0.000000e+00
15 49 2.072220e-03 2.608770e-03 0 1 1 1 6.403498e-14 0.000000e+00
15 50 2.072220e-03 3.284247e-03 0 1 1 1 5.404606e-14 0.000000e+00
15 51 2.072220e-03 4.134622e-03 0 1 1 1 4.676270e-14 0.000000e+00
15 52 2.072220e-03 5.205181e-03 0 1 1 1 4.122545e-14 0.000000e+00
15 53 2.072220e-03 6.552935e-03 0 1 1 1 3.678424e-14 0.000000e+00
15 54 2.072220e-03 8.249656e-03 0 1 1 1 3.302070e-14 0.000000e+00
16 44 2.608770e-03 8.249656e-04 0 1 1 1 5.882185e-14 0.000000e+00
16 45 2.608770e-03 1.038570e-03 0 1 1 1 5.928331e-14 0.000000e+00
16 46 2.608770e-03 1.307482e-03 0 1 1 1 6.006526e-14 0.000000e+00
16 47 2.608770e-03 1.646023e-03 0 1 1 1 6.144611e-14 0.000000e+00
16 48 2.608770e-03 2.072220e-03 0 1 1 1 6.403498e-14 0.000000e+00
16 49 2.608770e-03 2.608770e-03 0 1 1 1 0.000000e+00 0.000000e+00
16 50 2.608770e-03 3.284247e-03 0 1 1 1 5.647142e-14 0.000000e+00
16 51 2.608770e-03 4.134622e-03 0 1 1 1 4.779078e-14 0.000000e+00
16 52 2.608770e-03 5.205181e-03 0 1 1 1 4.165038e-14 0.000000e+00
16 53 2.608770e-03 6.552935e-03 0 1 1 1 3.695589e-14 0.000000e+00
16 54 2.608770e-03 8.249656e-03 0 1 1 1 3.308752e-14 0.000000e+00
17 44 3.284247e-03 8.249656e-04 0 1 1 1 5.152943e-14 0.000000e+00
17 45 3.284247e-03 1.038570e-03 0 1 1 1 5.176319e-14 0.000000e+00
17 46 3.284247e-03 1.307482e-03 0 1 1 1 5.215324e-14 0.000000e+00
17 47 3.284247e-03 1.646023e-03 0 1 1 1 5.282494e-14 0.000000e+00
17 48 3.284247e-03 2.072220e-03 0 1 1 1 5.404606e-14 0.000000e+00
17 49 3.284247e-03 2.608770e-03 0 1 1 1 5.647142e-14 0.000000e+00
17 50 3.284247e-03 3.284247e-03 0 1 1 1 0.000000e+00 0.000000e+00
17 51 3.284247e-03 4.134622e-03 0 1 1 1 4.996653e-14 0.000000e+00
17 52 3.284247e-03 5.205181e-03 0 1 1 1 4.247474e-14 0.000000e+00
17 53 3.284247e-03 6.552935e-03 0 1 1 1 3.726865e-14 0.000000e+00
17 54 3.284247e-03 8.249656e-03 0 1 1 1 3.320436e-14 0.000000e+00
18 44 4.134622e-03 8.249656e-04 0 1 1 1 4.560341e-14 0.000000e+00
18 45 4.134622e-03 1.038570e-03 0 1 1 1 4.571609e-14 0.000000e+00
18 46 4.134622e-03 1.307482e-03 0 1 1 1 4.590176e-14 0.000000e+00
18 47 4.134622e-03 1.646023e-03 0 1 1 1 4.621459e-14 0.000000e+00
18 48 4.134622e-03 2.072220e-03 0 1 1 1 4.676270e-14 0.000000e+00
18 49 4.134622e-03 2.608770e-03 0 1 1 1 4.779078e-14 0.000000e+00
18 50 4.134622e-03 3.284247e-03 0 1 1 1 4.996653e-14 0.000000e+00
18 51 4.134622e-03 4.134622e-03 0 1 1 1 0.000000e+00 0.000000e+00
18 52 4.134622e-03 5.205181e-03 0 1 1 1 4.434638e-14 0.000000e+00
18 53 4.134622e-03 6.552935e-03 0 1 1 1 3.789812e-14 0.000000e+00
18 54 4.134622e-03 8.249656e-03 0 1 1 1 3.342232e-14 0.000000e+00
19 44 5.205181e-03 8.249656e-04 0 1 1 1 4.071154e-14 0.000000e+00
19 45 5.205181e-03 1.038570e-03 0 1 1 1 4.076324e-14 0.000000e+00
19 46 5.205181e-03 1.307482e-03 0 1 1 1 4.084763e-14 0.000000e+00
19 47 5.205181e-03 1.646023e-03 0 1 1 1 4.098742e-14 0.000000e+00
19 48 5.205181e-03 2.072220e-03 0 1 1 1 4.122545e-14 0.000000e+00
19 49 5.205181e-03 2.608770e-03 0 1 1 1 4.165038e-14 0.000000e+00
19 50 5.205181e-03 3.284247e-03 0 1 1 1 4.247474e-14 0.000000e+00
19 51 5.205181e-03 4.134622e-03 0 1 1 1 4.434638e-14 0.000000e+00
19 52 5.205181e-03 5.205181e-03 0 1 1 1 0.000000e+00 0.000000e+00
19 53 5.205181e-03 6.552935e-03 0 1 1 1 3.944331e-14 0.000000e+00
19 54 5.205181e-03 8.249656e-03 0 1 1 1 3.387950e-14 0.000000e+00
20 44 6.552935e-03 8.249656e-04 0 1 1 1 3.656623e-14 0.000000e+00
20 45 6.552935e-03 1.038570e-03 0 1 1 1 3.658863e-14 0.000000e+00
20 46 6.552935e-03 1.307482e-03 0 1 1 1 3.662507e-14 0.000000e+00
20 47 6.552935e-03 1.646023e-03 0 1 1 1 3.668470e-14 0.000000e+00
20 48 6.552935e-03 2.072220e-03 0 1 1 1 3.678424e-14 0.000000e+00
20 49 6.552935e-03 2.608770e-03 0 1 1 1 3.695589e-14 0.000000e+00
20 50 6.552935e-03 3.284247e-03 0 1 1 1 3.726865e-14 0.000000e+00
20 51 6.552935e-03 4.134622e-03 0 1 1 1 3.789812e-14 0.000000e+00
20 52 6.552935e-03 5.205181e-03 0 1 1 1 3.944331e-14 0.000000e+00
20 53 6.552935e-03 6.552935e-03 0 1 1 1 0.000000e+00 0.000000e+00
20 54 6.552935e-03 8.249656e-03 0 1 1 1 3.510452e-14 0.000000e+00
21 44 8.249656e-03 8.249656e-04 0 1 1 1 3.293284e-14 0.000000e+00
21 45 8.249656e-03 1.038570e-03 0 1 1 1 3.294197e-14 0.000000e+00
21 46 8.249656e-03 1.307482e-03 0 1 1 1 3.295688e-14 0.000000e+00
21 47 8.249656e-03 1.646023e-03 0 1 1 1 3.298101e-14 0.000000e+00
21 48 8.249656e-03 2.072220e-03 0 1 1 1 3.302070e-14 0.000000e+00
21 49 8.249656e-03 2.608770e-03 0 1 1 1 3.308752e-14 0.000000e+00
21 50 8.249656e-03 3.284247e-03 0 1 1 1 3.320436e-14 0.000000e+00
21 51 8.249656e-03 4.134622e-03 0 1 1 1 3.342232e-14 0.000000e+00
21 52 8.249656e-03 5.205181e-03 0 1 1 1 3.387950e-14 0.000000e+00
21 53 8.249656e-03 6.552935e-03 0 1 1 1 3.510452e-14 0.000000e+00
21 54 8.249656e-03 8.249656e-03 0 1 1 1 0.000000e+00 0.000000e+00
