# Please cite the following papers in research using this covariance:
# arXiv: 1601.05779, https://arxiv.org/abs/1601.05779
# arXiv: 1911.11947, https://arxiv.org/abs/1911.11947
# arXiv: 2004.04833, https://arxiv.org/abs/2004.04833
# arXiv: 1804.10663, https://arxiv.org/abs/1804.10663
########################################################
132 209 8.249656e-04 8.249656e-04 0 2 3 3 0.000000e+00 0.000000e+00
132 210 8.249656e-04 1.038570e-03 0 2 3 3 9.495164e-17 0.000000e+00
132 211 8.249656e-04 1.307482e-03 0 2 3 3 6.616792e-17 0.000000e+00
132 212 8.249656e-04 1.646023e-03 0 2 3 3 3.883298e-17 0.000000e+00
132 213 8.249656e-04 2.072220e-03 0 2 3 3 2.047284e-17 0.000000e+00
132 214 8.249656e-04 2.608770e-03 0 2 3 3 9.993975e-18 0.000000e+00
132 215 8.249656e-04 3.284247e-03 0 2 3 3 4.603816e-18 0.000000e+00
132 216 8.249656e-04 4.134622e-03 0 2 3 3 2.033669e-18 0.000000e+00
132 217 8.249656e-04 5.205181e-03 0 2 3 3 8.755221e-19 0.000000e+00
132 218 8.249656e-04 6.552935e-03 0 2 3 3 3.737673e-19 0.000000e+00
132 219 8.249656e-04 8.249656e-03 0 2 3 3 1.608532e-19 0.000000e+00
133 209 1.038570e-03 8.249656e-04 0 2 3 3 9.495164e-17 0.000000e+00
133 210 1.038570e-03 1.038570e-03 0 2 3 3 0.000000e+00 0.000000e+00
133 211 1.038570e-03 1.307482e-03 0 2 3 3 1.340356e-16 0.000000e+00
133 212 1.038570e-03 1.646023e-03 0 2 3 3 8.853326e-17 0.000000e+00
133 213 1.038570e-03 2.072220e-03 0 2 3 3 4.913779e-17 0.000000e+00
133 214 1.038570e-03 2.608770e-03 0 2 3 3 2.457331e-17 0.000000e+00
133 215 1.038570e-03 3.284247e-03 0 2 3 3 1.145173e-17 0.000000e+00
133 216 1.038570e-03 4.134622e-03 0 2 3 3 5.085947e-18 0.000000e+00
133 217 1.038570e-03 5.205181e-03 0 2 3 3 2.194736e-18 0.000000e+00
133 218 1.038570e-03 6.552935e-03 0 2 3 3 9.378063e-19 0.000000e+00
133 219 1.038570e-03 8.249656e-03 0 2 3 3 4.037604e-19 0.000000e+00
134 209 1.307482e-03 8.249656e-04 0 2 3 3 6.616792e-17 0.000000e+00
134 210 1.307482e-03 1.038570e-03 0 2 3 3 1.340356e-16 0.000000e+00
134 211 1.307482e-03 1.307482e-03 0 2 3 3 0.000000e+00 0.000000e+00
134 212 1.307482e-03 1.646023e-03 0 2 3 3 1.815427e-16 0.000000e+00
134 213 1.307482e-03 2.072220e-03 0 2 3 3 1.132529e-16 0.000000e+00
134 214 1.307482e-03 2.608770e-03 0 2 3 3 5.941998e-17 0.000000e+00
134 215 1.307482e-03 3.284247e-03 0 2 3 3 2.828602e-17 0.000000e+00
134 216 1.307482e-03 4.134622e-03 0 2 3 3 1.268151e-17 0.000000e+00
134 217 1.307482e-03 5.205181e-03 0 2 3 3 5.494355e-18 0.000000e+00
134 218 1.307482e-03 6.552935e-03 0 2 3 3 2.351491e-18 0.000000e+00
134 219 1.307482e-03 8.249656e-03 0 2 3 3 1.013092e-18 0.000000e+00
135 209 1.646023e-03 8.249656e-04 0 2 3 3 3.883298e-17 0.000000e+00
135 210 1.646023e-03 1.038570e-03 0 2 3 3 8.853326e-17 0.000000e+00
135 211 1.646023e-03 1.307482e-03 0 2 3 3 1.815427e-16 0.000000e+00
135 212 1.646023e-03 1.646023e-03 0 2 3 3 0.000000e+00 0.000000e+00
135 213 1.646023e-03 2.072220e-03 0 2 3 3 2.358070e-16 0.000000e+00
135 214 1.646023e-03 2.608770e-03 0 2 3 3 1.386342e-16 0.000000e+00
135 215 1.646023e-03 3.284247e-03 0 2 3 3 6.891831e-17 0.000000e+00
135 216 1.646023e-03 4.134622e-03 0 2 3 3 3.145059e-17 0.000000e+00
135 217 1.646023e-03 5.205181e-03 0 2 3 3 1.372402e-17 0.000000e+00
135 218 1.646023e-03 6.552935e-03 0 2 3 3 5.889396e-18 0.000000e+00
135 219 1.646023e-03 8.249656e-03 0 2 3 3 2.539511e-18 0.000000e+00
136 209 2.072220e-03 8.249656e-04 0 2 3 3 2.047284e-17 0.000000e+00
136 210 2.072220e-03 1.038570e-03 0 2 3 3 4.913779e-17 0.000000e+00
136 211 2.072220e-03 1.307482e-03 0 2 3 3 1.132529e-16 0.000000e+00
136 212 2.072220e-03 1.646023e-03 0 2 3 3 2.358070e-16 0.000000e+00
136 213 2.072220e-03 2.072220e-03 0 2 3 3 0.000000e+00 0.000000e+00
136 214 2.072220e-03 2.608770e-03 0 2 3 3 2.939798e-16 0.000000e+00
136 215 2.072220e-03 3.284247e-03 0 2 3 3 1.628822e-16 0.000000e+00
136 216 2.072220e-03 4.134622e-03 0 2 3 3 7.716713e-17 0.000000e+00
136 217 2.072220e-03 5.205181e-03 0 2 3 3 3.414013e-17 0.000000e+00
136 218 2.072220e-03 6.552935e-03 0 2 3 3 1.472219e-17 0.000000e+00
136 219 2.072220e-03 8.249656e-03 0 2 3 3 6.358988e-18 0.000000e+00
137 209 2.608770e-03 8.249656e-04 0 2 3 3 9.993975e-18 0.000000e+00
137 210 2.608770e-03 1.038570e-03 0 2 3 3 2.457331e-17 0.000000e+00
137 211 2.608770e-03 1.307482e-03 0 2 3 3 5.941998e-17 0.000000e+00
137 212 2.608770e-03 1.646023e-03 0 2 3 3 1.386342e-16 0.000000e+00
137 213 2.608770e-03 2.072220e-03 0 2 3 3 2.939798e-16 0.000000e+00
137 214 2.608770e-03 2.608770e-03 0 2 3 3 0.000000e+00 0.000000e+00
137 215 2.608770e-03 3.284247e-03 0 2 3 3 3.526353e-16 0.000000e+00
137 216 2.608770e-03 4.134622e-03 0 2 3 3 1.846817e-16 0.000000e+00
137 217 2.608770e-03 5.205181e-03 0 2 3 3 8.423196e-17 0.000000e+00
137 218 2.608770e-03 6.552935e-03 0 2 3 3 3.667790e-17 0.000000e+00
137 219 2.608770e-03 8.249656e-03 0 2 3 3 1.589111e-17 0.000000e+00
138 209 3.284247e-03 8.249656e-04 0 2 3 3 4.603816e-18 0.000000e+00
138 210 3.284247e-03 1.038570e-03 0 2 3 3 1.145173e-17 0.000000e+00
138 211 3.284247e-03 1.307482e-03 0 2 3 3 2.828602e-17 0.000000e+00
138 212 3.284247e-03 1.646023e-03 0 2 3 3 6.891831e-17 0.000000e+00
138 213 3.284247e-03 2.072220e-03 0 2 3 3 1.628822e-16 0.000000e+00
138 214 3.284247e-03 2.608770e-03 0 2 3 3 3.526353e-16 0.000000e+00
138 215 3.284247e-03 3.284247e-03 0 2 3 3 0.000000e+00 0.000000e+00
138 216 3.284247e-03 4.134622e-03 0 2 3 3 4.087477e-16 0.000000e+00
138 217 3.284247e-03 5.205181e-03 0 2 3 3 2.037702e-16 0.000000e+00
138 218 3.284247e-03 6.552935e-03 0 2 3 3 9.077781e-17 0.000000e+00
138 219 3.284247e-03 8.249656e-03 0 2 3 3 3.957956e-17 0.000000e+00
139 209 4.134622e-03 8.249656e-04 0 2 3 3 2.033669e-18 0.000000e+00
139 210 4.134622e-03 1.038570e-03 0 2 3 3 5.085947e-18 0.000000e+00
139 211 4.134622e-03 1.307482e-03 0 2 3 3 1.268151e-17 0.000000e+00
139 212 4.134622e-03 1.646023e-03 0 2 3 3 3.145059e-17 0.000000e+00
139 213 4.134622e-03 2.072220e-03 0 2 3 3 7.716713e-17 0.000000e+00
139 214 4.134622e-03 2.608770e-03 0 2 3 3 1.846817e-16 0.000000e+00
139 215 4.134622e-03 3.284247e-03 0 2 3 3 4.087477e-16 0.000000e+00
139 216 4.134622e-03 4.134622e-03 0 2 3 3 0.000000e+00 0.000000e+00
139 217 4.134622e-03 5.205181e-03 0 2 3 3 4.607731e-16 0.000000e+00
139 218 4.134622e-03 6.552935e-03 0 2 3 3 2.212209e-16 0.000000e+00
139 219 4.134622e-03 8.249656e-03 0 2 3 3 9.798202e-17 0.000000e+00
140 209 5.205181e-03 8.249656e-04 0 2 3 3 8.755221e-19 0.000000e+00
140 210 5.205181e-03 1.038570e-03 0 2 3 3 2.194736e-18 0.000000e+00
140 211 5.205181e-03 1.307482e-03 0 2 3 3 5.494355e-18 0.000000e+00
140 212 5.205181e-03 1.646023e-03 0 2 3 3 1.372402e-17 0.000000e+00
140 213 5.205181e-03 2.072220e-03 0 2 3 3 3.414013e-17 0.000000e+00
140 214 5.205181e-03 2.608770e-03 0 2 3 3 8.423196e-17 0.000000e+00
140 215 5.205181e-03 3.284247e-03 0 2 3 3 2.037702e-16 0.000000e+00
140 216 5.205181e-03 4.134622e-03 0 2 3 3 4.607731e-16 0.000000e+00
140 217 5.205181e-03 5.205181e-03 0 2 3 3 0.000000e+00 0.000000e+00
140 218 5.205181e-03 6.552935e-03 0 2 3 3 5.094533e-16 0.000000e+00
140 219 5.205181e-03 8.249656e-03 0 2 3 3 2.393990e-16 0.000000e+00
141 209 6.552935e-03 8.249656e-04 0 2 3 3 3.737673e-19 0.000000e+00
141 210 6.552935e-03 1.038570e-03 0 2 3 3 9.378063e-19 0.000000e+00
141 211 6.552935e-03 1.307482e-03 0 2 3 3 2.351491e-18 0.000000e+00
141 212 6.552935e-03 1.646023e-03 0 2 3 3 5.889396e-18 0.000000e+00
141 213 6.552935e-03 2.072220e-03 0 2 3 3 1.472219e-17 0.000000e+00
141 214 6.552935e-03 2.608770e-03 0 2 3 3 3.667790e-17 0.000000e+00
141 215 6.552935e-03 3.284247e-03 0 2 3 3 9.077781e-17 0.000000e+00
141 216 6.552935e-03 4.134622e-03 0 2 3 3 2.212209e-16 0.000000e+00
141 217 6.552935e-03 5.205181e-03 0 2 3 3 5.094533e-16 0.000000e+00
141 218 6.552935e-03 6.552935e-03 0 2 3 3 0.000000e+00 0.000000e+00
141 219 6.552935e-03 8.249656e-03 0 2 3 3 5.581159e-16 0.000000e+00
142 209 8.249656e-03 8.249656e-04 0 2 3 3 1.608532e-19 0.000000e+00
142 210 8.249656e-03 1.038570e-03 0 2 3 3 4.037604e-19 0.000000e+00
142 211 8.249656e-03 1.307482e-03 0 2 3 3 1.013092e-18 0.000000e+00
142 212 8.249656e-03 1.646023e-03 0 2 3 3 2.539511e-18 0.000000e+00
142 213 8.249656e-03 2.072220e-03 0 2 3 3 6.358988e-18 0.000000e+00
142 214 8.249656e-03 2.608770e-03 0 2 3 3 1.589111e-17 0.000000e+00
142 215 8.249656e-03 3.284247e-03 0 2 3 3 3.957956e-17 0.000000e+00
142 216 8.249656e-03 4.134622e-03 0 2 3 3 9.798202e-17 0.000000e+00
142 217 8.249656e-03 5.205181e-03 0 2 3 3 2.393990e-16 0.000000e+00
142 218 8.249656e-03 6.552935e-03 0 2 3 3 5.581159e-16 0.000000e+00
142 219 8.249656e-03 8.249656e-03 0 2 3 3 0.000000e+00 0.000000e+00
