# Please cite the following papers in research using this covariance:
# arXiv: 1601.05779, https://arxiv.org/abs/1601.05779
# arXiv: 1911.11947, https://arxiv.org/abs/1911.11947
# arXiv: 2004.04833, https://arxiv.org/abs/2004.04833
# arXiv: 1804.10663, https://arxiv.org/abs/1804.10663
########################################################
143 165 8.249656e-04 8.249656e-04 0 3 1 2 0.000000e+00 0.000000e+00
143 166 8.249656e-04 1.038570e-03 0 3 1 2 4.421059e-17 0.000000e+00
143 167 8.249656e-04 1.307482e-03 0 3 1 2 3.212860e-17 0.000000e+00
143 168 8.249656e-04 1.646023e-03 0 3 1 2 1.970229e-17 0.000000e+00
143 169 8.249656e-04 2.072220e-03 0 3 1 2 1.082457e-17 0.000000e+00
143 170 8.249656e-04 2.608770e-03 0 3 1 2 5.477569e-18 0.000000e+00
143 171 8.249656e-04 3.284247e-03 0 3 1 2 2.595982e-18 0.000000e+00
143 172 8.249656e-04 4.134622e-03 0 3 1 2 1.168399e-18 0.000000e+00
143 173 8.249656e-04 5.205181e-03 0 3 1 2 5.067841e-19 0.000000e+00
143 174 8.249656e-04 6.552935e-03 0 3 1 2 2.152866e-19 0.000000e+00
143 175 8.249656e-04 8.249656e-03 0 3 1 2 9.117076e-20 0.000000e+00
144 165 1.038570e-03 8.249656e-04 0 3 1 2 4.421059e-17 0.000000e+00
144 166 1.038570e-03 1.038570e-03 0 3 1 2 0.000000e+00 0.000000e+00
144 167 1.038570e-03 1.307482e-03 0 3 1 2 6.453750e-17 0.000000e+00
144 168 1.038570e-03 1.646023e-03 0 3 1 2 4.456400e-17 0.000000e+00
144 169 1.038570e-03 2.072220e-03 0 3 1 2 2.583851e-17 0.000000e+00
144 170 1.038570e-03 2.608770e-03 0 3 1 2 1.342330e-17 0.000000e+00
144 171 1.038570e-03 3.284247e-03 0 3 1 2 6.445620e-18 0.000000e+00
144 172 1.038570e-03 4.134622e-03 0 3 1 2 2.919635e-18 0.000000e+00
144 173 1.038570e-03 5.205181e-03 0 3 1 2 1.270086e-18 0.000000e+00
144 174 1.038570e-03 6.552935e-03 0 3 1 2 5.401986e-19 0.000000e+00
144 175 1.038570e-03 8.249656e-03 0 3 1 2 2.288742e-19 0.000000e+00
145 165 1.307482e-03 8.249656e-04 0 3 1 2 3.212860e-17 0.000000e+00
145 166 1.307482e-03 1.038570e-03 0 3 1 2 6.453750e-17 0.000000e+00
145 167 1.307482e-03 1.307482e-03 0 3 1 2 0.000000e+00 0.000000e+00
145 168 1.307482e-03 1.646023e-03 0 3 1 2 9.040855e-17 0.000000e+00
145 169 1.307482e-03 2.072220e-03 0 3 1 2 5.902624e-17 0.000000e+00
145 170 1.307482e-03 2.608770e-03 0 3 1 2 3.227812e-17 0.000000e+00
145 171 1.307482e-03 3.284247e-03 0 3 1 2 1.587265e-17 0.000000e+00
145 172 1.307482e-03 4.134622e-03 0 3 1 2 7.270054e-18 0.000000e+00
145 173 1.307482e-03 5.205181e-03 0 3 1 2 3.178299e-18 0.000000e+00
145 174 1.307482e-03 6.552935e-03 0 3 1 2 1.354620e-18 0.000000e+00
145 175 1.307482e-03 8.249656e-03 0 3 1 2 5.743913e-19 0.000000e+00
146 165 1.646023e-03 8.249656e-04 0 3 1 2 1.970229e-17 0.000000e+00
146 166 1.646023e-03 1.038570e-03 0 3 1 2 4.456400e-17 0.000000e+00
146 167 1.646023e-03 1.307482e-03 0 3 1 2 9.040855e-17 0.000000e+00
146 168 1.646023e-03 1.646023e-03 0 3 1 2 0.000000e+00 0.000000e+00
146 169 1.646023e-03 2.072220e-03 0 3 1 2 1.213275e-16 0.000000e+00
146 170 1.646023e-03 2.608770e-03 0 3 1 2 7.460609e-17 0.000000e+00
146 171 1.646023e-03 3.284247e-03 0 3 1 2 3.847339e-17 0.000000e+00
146 172 1.646023e-03 4.134622e-03 0 3 1 2 1.798789e-17 0.000000e+00
146 173 1.646023e-03 5.205181e-03 0 3 1 2 7.933256e-18 0.000000e+00
146 174 1.646023e-03 6.552935e-03 0 3 1 2 3.393086e-18 0.000000e+00
146 175 1.646023e-03 8.249656e-03 0 3 1 2 1.440372e-18 0.000000e+00
147 165 2.072220e-03 8.249656e-04 0 3 1 2 1.082457e-17 0.000000e+00
147 166 2.072220e-03 1.038570e-03 0 3 1 2 2.583851e-17 0.000000e+00
147 167 2.072220e-03 1.307482e-03 0 3 1 2 5.902624e-17 0.000000e+00
147 168 2.072220e-03 1.646023e-03 0 3 1 2 1.213275e-16 0.000000e+00
147 169 2.072220e-03 2.072220e-03 0 3 1 2 0.000000e+00 0.000000e+00
147 170 2.072220e-03 2.608770e-03 0 3 1 2 1.559049e-16 0.000000e+00
147 171 2.072220e-03 3.284247e-03 0 3 1 2 9.009955e-17 0.000000e+00
147 172 2.072220e-03 4.134622e-03 0 3 1 2 4.395005e-17 0.000000e+00
147 173 2.072220e-03 5.205181e-03 0 3 1 2 1.970896e-17 0.000000e+00
147 174 2.072220e-03 6.552935e-03 0 3 1 2 8.482968e-18 0.000000e+00
147 175 2.072220e-03 8.249656e-03 0 3 1 2 3.608762e-18 0.000000e+00
148 165 2.608770e-03 8.249656e-04 0 3 1 2 5.477569e-18 0.000000e+00
148 166 2.608770e-03 1.038570e-03 0 3 1 2 1.342330e-17 0.000000e+00
148 167 2.608770e-03 1.307482e-03 0 3 1 2 3.227812e-17 0.000000e+00
148 168 2.608770e-03 1.646023e-03 0 3 1 2 7.460609e-17 0.000000e+00
148 169 2.608770e-03 2.072220e-03 0 3 1 2 1.559049e-16 0.000000e+00
148 170 2.608770e-03 2.608770e-03 0 3 1 2 0.000000e+00 0.000000e+00
148 171 2.608770e-03 3.284247e-03 0 3 1 2 1.920407e-16 0.000000e+00
148 172 2.608770e-03 4.134622e-03 0 3 1 2 1.043471e-16 0.000000e+00
148 173 2.608770e-03 5.205181e-03 0 3 1 2 4.849928e-17 0.000000e+00
148 174 2.608770e-03 6.552935e-03 0 3 1 2 2.113414e-17 0.000000e+00
148 175 2.608770e-03 8.249656e-03 0 3 1 2 9.026338e-18 0.000000e+00
149 165 3.284247e-03 8.249656e-04 0 3 1 2 2.595982e-18 0.000000e+00
149 166 3.284247e-03 1.038570e-03 0 3 1 2 6.445620e-18 0.000000e+00
149 167 3.284247e-03 1.307482e-03 0 3 1 2 1.587265e-17 0.000000e+00
149 168 3.284247e-03 1.646023e-03 0 3 1 2 3.847339e-17 0.000000e+00
149 169 3.284247e-03 2.072220e-03 0 3 1 2 9.009955e-17 0.000000e+00
149 170 3.284247e-03 2.608770e-03 0 3 1 2 1.920407e-16 0.000000e+00
149 171 3.284247e-03 3.284247e-03 0 3 1 2 0.000000e+00 0.000000e+00
149 172 3.284247e-03 4.134622e-03 0 3 1 2 2.274315e-16 0.000000e+00
149 173 3.284247e-03 5.205181e-03 0 3 1 2 1.166534e-16 0.000000e+00
149 174 3.284247e-03 6.552935e-03 0 3 1 2 5.228068e-17 0.000000e+00
149 175 3.284247e-03 8.249656e-03 0 3 1 2 2.251158e-17 0.000000e+00
150 165 4.134622e-03 8.249656e-04 0 3 1 2 1.168399e-18 0.000000e+00
150 166 4.134622e-03 1.038570e-03 0 3 1 2 2.919635e-18 0.000000e+00
150 167 4.134622e-03 1.307482e-03 0 3 1 2 7.270054e-18 0.000000e+00
150 168 4.134622e-03 1.646023e-03 0 3 1 2 1.798789e-17 0.000000e+00
150 169 4.134622e-03 2.072220e-03 0 3 1 2 4.395005e-17 0.000000e+00
150 170 4.134622e-03 2.608770e-03 0 3 1 2 1.043471e-16 0.000000e+00
150 171 4.134622e-03 3.284247e-03 0 3 1 2 2.274315e-16 0.000000e+00
150 172 4.134622e-03 4.134622e-03 0 3 1 2 0.000000e+00 0.000000e+00
150 173 4.134622e-03 5.205181e-03 0 3 1 2 2.602716e-16 0.000000e+00
150 174 4.134622e-03 6.552935e-03 0 3 1 2 1.270904e-16 0.000000e+00
150 175 4.134622e-03 8.249656e-03 0 3 1 2 5.582775e-17 0.000000e+00
151 165 5.205181e-03 8.249656e-04 0 3 1 2 5.067841e-19 0.000000e+00
151 166 5.205181e-03 1.038570e-03 0 3 1 2 1.270086e-18 0.000000e+00
151 167 5.205181e-03 1.307482e-03 0 3 1 2 3.178299e-18 0.000000e+00
151 168 5.205181e-03 1.646023e-03 0 3 1 2 7.933256e-18 0.000000e+00
151 169 5.205181e-03 2.072220e-03 0 3 1 2 1.970896e-17 0.000000e+00
151 170 5.205181e-03 2.608770e-03 0 3 1 2 4.849928e-17 0.000000e+00
151 171 5.205181e-03 3.284247e-03 0 3 1 2 1.166534e-16 0.000000e+00
151 172 5.205181e-03 4.134622e-03 0 3 1 2 2.602716e-16 0.000000e+00
151 173 5.205181e-03 5.205181e-03 0 3 1 2 0.000000e+00 0.000000e+00
151 174 5.205181e-03 6.552935e-03 0 3 1 2 2.899146e-16 0.000000e+00
151 175 5.205181e-03 8.249656e-03 0 3 1 2 1.365996e-16 0.000000e+00
152 165 6.552935e-03 8.249656e-04 0 3 1 2 2.152866e-19 0.000000e+00
152 166 6.552935e-03 1.038570e-03 0 3 1 2 5.401986e-19 0.000000e+00
152 167 6.552935e-03 1.307482e-03 0 3 1 2 1.354620e-18 0.000000e+00
152 168 6.552935e-03 1.646023e-03 0 3 1 2 3.393086e-18 0.000000e+00
152 169 6.552935e-03 2.072220e-03 0 3 1 2 8.482968e-18 0.000000e+00
152 170 6.552935e-03 2.608770e-03 0 3 1 2 2.113414e-17 0.000000e+00
152 171 6.552935e-03 3.284247e-03 0 3 1 2 5.228068e-17 0.000000e+00
152 172 6.552935e-03 4.134622e-03 0 3 1 2 1.270904e-16 0.000000e+00
152 173 6.552935e-03 5.205181e-03 0 3 1 2 2.899146e-16 0.000000e+00
152 174 6.552935e-03 6.552935e-03 0 3 1 2 0.000000e+00 0.000000e+00
152 175 6.552935e-03 8.249656e-03 0 3 1 2 3.172677e-16 0.000000e+00
153 165 8.249656e-03 8.249656e-04 0 3 1 2 9.117076e-20 0.000000e+00
153 166 8.249656e-03 1.038570e-03 0 3 1 2 2.288742e-19 0.000000e+00
153 167 8.249656e-03 1.307482e-03 0 3 1 2 5.743913e-19 0.000000e+00
153 168 8.249656e-03 1.646023e-03 0 3 1 2 1.440372e-18 0.000000e+00
153 169 8.249656e-03 2.072220e-03 0 3 1 2 3.608762e-18 0.000000e+00
153 170 8.249656e-03 2.608770e-03 0 3 1 2 9.026338e-18 0.000000e+00
153 171 8.249656e-03 3.284247e-03 0 3 1 2 2.251158e-17 0.000000e+00
153 172 8.249656e-03 4.134622e-03 0 3 1 2 5.582775e-17 0.000000e+00
153 173 8.249656e-03 5.205181e-03 0 3 1 2 1.365996e-16 0.000000e+00
153 174 8.249656e-03 6.552935e-03 0 3 1 2 3.172677e-16 0.000000e+00
153 175 8.249656e-03 8.249656e-03 0 3 1 2 0.000000e+00 0.000000e+00
