# Please cite the following papers in research using this covariance:
# arXiv: 1601.05779, https://arxiv.org/abs/1601.05779
# arXiv: 1911.11947, https://arxiv.org/abs/1911.11947
# arXiv: 2004.04833, https://arxiv.org/abs/2004.04833
# arXiv: 1804.10663, https://arxiv.org/abs/1804.10663
########################################################
22 132 8.249656e-04 8.249656e-04 0 2 0 2 0.000000e+00 0.000000e+00
22 133 8.249656e-04 1.038570e-03 0 2 0 2 -1.773126e-14 0.000000e+00
22 134 8.249656e-04 1.307482e-03 0 2 0 2 -8.082799e-15 0.000000e+00
22 135 8.249656e-04 1.646023e-03 0 2 0 2 7.110003e-15 0.000000e+00
22 136 8.249656e-04 2.072220e-03 0 2 0 2 1.802198e-14 0.000000e+00
22 137 8.249656e-04 2.608770e-03 0 2 0 2 2.344918e-14 0.000000e+00
22 138 8.249656e-04 3.284247e-03 0 2 0 2 2.476445e-14 0.000000e+00
22 139 8.249656e-04 4.134622e-03 0 2 0 2 2.362197e-14 0.000000e+00
22 140 8.249656e-04 5.205181e-03 0 2 0 2 2.129752e-14 0.000000e+00
22 141 8.249656e-04 6.552935e-03 0 2 0 2 1.861446e-14 0.000000e+00
22 142 8.249656e-04 8.249656e-03 0 2 0 2 1.603699e-14 0.000000e+00
23 132 1.038570e-03 8.249656e-04 0 2 0 2 3.377483e-16 0.000000e+00
23 133 1.038570e-03 1.038570e-03 0 2 0 2 0.000000e+00 0.000000e+00
23 134 1.038570e-03 1.307482e-03 0 2 0 2 -1.729399e-14 0.000000e+00
23 135 1.038570e-03 1.646023e-03 0 2 0 2 -7.867857e-15 0.000000e+00
23 136 1.038570e-03 2.072220e-03 0 2 0 2 6.281699e-15 0.000000e+00
23 137 1.038570e-03 2.608770e-03 0 2 0 2 1.590573e-14 0.000000e+00
23 138 1.038570e-03 3.284247e-03 0 2 0 2 2.034551e-14 0.000000e+00
23 139 1.038570e-03 4.134622e-03 0 2 0 2 2.116194e-14 0.000000e+00
23 140 1.038570e-03 5.205181e-03 0 2 0 2 1.996692e-14 0.000000e+00
23 141 1.038570e-03 6.552935e-03 0 2 0 2 1.790477e-14 0.000000e+00
23 142 1.038570e-03 8.249656e-03 0 2 0 2 1.565942e-14 0.000000e+00
24 132 1.307482e-03 8.249656e-04 0 2 0 2 2.360899e-16 0.000000e+00
24 133 1.307482e-03 1.038570e-03 0 2 0 2 5.735712e-16 0.000000e+00
24 134 1.307482e-03 1.307482e-03 0 2 0 2 0.000000e+00 0.000000e+00
24 135 1.307482e-03 1.646023e-03 0 2 0 2 -1.651403e-14 0.000000e+00
24 136 1.307482e-03 2.072220e-03 0 2 0 2 -7.435138e-15 0.000000e+00
24 137 1.307482e-03 2.608770e-03 0 2 0 2 5.488779e-15 0.000000e+00
24 138 1.307482e-03 3.284247e-03 0 2 0 2 1.382206e-14 0.000000e+00
24 139 1.307482e-03 4.134622e-03 0 2 0 2 1.741297e-14 0.000000e+00
24 140 1.307482e-03 5.205181e-03 0 2 0 2 1.790531e-14 0.000000e+00
24 141 1.307482e-03 6.552935e-03 0 2 0 2 1.679525e-14 0.000000e+00
24 142 1.307482e-03 8.249656e-03 0 2 0 2 1.506614e-14 0.000000e+00
25 132 1.646023e-03 8.249656e-04 0 2 0 2 1.012624e-16 0.000000e+00
25 133 1.646023e-03 1.038570e-03 0 2 0 2 2.811434e-16 0.000000e+00
25 134 1.646023e-03 1.307482e-03 0 2 0 2 7.812289e-16 0.000000e+00
25 135 1.646023e-03 1.646023e-03 0 2 0 2 0.000000e+00 0.000000e+00
25 136 1.646023e-03 2.072220e-03 0 2 0 2 -1.543208e-14 0.000000e+00
25 137 1.646023e-03 2.608770e-03 0 2 0 2 -6.823630e-15 0.000000e+00
25 138 1.646023e-03 3.284247e-03 0 2 0 2 4.756396e-15 0.000000e+00
25 139 1.646023e-03 4.134622e-03 0 2 0 2 1.186100e-14 0.000000e+00
25 140 1.646023e-03 5.205181e-03 0 2 0 2 1.475913e-14 0.000000e+00
25 141 1.646023e-03 6.552935e-03 0 2 0 2 1.507532e-14 0.000000e+00
25 142 1.646023e-03 8.249656e-03 0 2 0 2 1.413849e-14 0.000000e+00
26 132 2.072220e-03 8.249656e-04 0 2 0 2 3.854933e-17 0.000000e+00
26 133 2.072220e-03 1.038570e-03 0 2 0 2 1.054634e-16 0.000000e+00
26 134 2.072220e-03 1.307482e-03 0 2 0 2 3.054883e-16 0.000000e+00
26 135 2.072220e-03 1.646023e-03 0 2 0 2 9.368992e-16 0.000000e+00
26 136 2.072220e-03 2.072220e-03 0 2 0 2 0.000000e+00 0.000000e+00
26 137 2.072220e-03 2.608770e-03 0 2 0 2 -1.411618e-14 0.000000e+00
26 138 2.072220e-03 3.284247e-03 0 2 0 2 -6.089400e-15 0.000000e+00
26 139 2.072220e-03 4.134622e-03 0 2 0 2 4.100175e-15 0.000000e+00
26 140 2.072220e-03 5.205181e-03 0 2 0 2 1.008810e-14 0.000000e+00
26 141 2.072220e-03 6.552935e-03 0 2 0 2 1.244846e-14 0.000000e+00
26 142 2.072220e-03 8.249656e-03 0 2 0 2 1.270064e-14 0.000000e+00
27 132 2.608770e-03 8.249656e-04 0 2 0 2 1.391830e-17 0.000000e+00
27 133 2.608770e-03 1.038570e-03 0 2 0 2 3.644821e-17 0.000000e+00
27 134 2.608770e-03 1.307482e-03 0 2 0 2 1.019398e-16 0.000000e+00
27 135 2.608770e-03 1.646023e-03 0 2 0 2 3.060908e-16 0.000000e+00
27 136 2.608770e-03 2.072220e-03 0 2 0 2 1.025802e-15 0.000000e+00
27 137 2.608770e-03 2.608770e-03 0 2 0 2 0.000000e+00 0.000000e+00
27 138 2.608770e-03 3.284247e-03 0 2 0 2 -1.265182e-14 0.000000e+00
27 139 2.608770e-03 4.134622e-03 0 2 0 2 -5.295770e-15 0.000000e+00
27 140 2.608770e-03 5.205181e-03 0 2 0 2 3.526852e-15 0.000000e+00
27 141 2.608770e-03 6.552935e-03 0 2 0 2 8.542261e-15 0.000000e+00
27 142 2.608770e-03 8.249656e-03 0 2 0 2 1.050428e-14 0.000000e+00
28 132 3.284247e-03 8.249656e-04 0 2 0 2 4.839033e-18 0.000000e+00
28 133 3.284247e-03 1.038570e-03 0 2 0 2 1.187282e-17 0.000000e+00
28 134 3.284247e-03 1.307482e-03 0 2 0 2 3.231517e-17 0.000000e+00
28 135 3.284247e-03 1.646023e-03 0 2 0 2 9.209592e-17 0.000000e+00
28 136 3.284247e-03 2.072220e-03 0 2 0 2 2.861728e-16 0.000000e+00
28 137 3.284247e-03 2.608770e-03 0 2 0 2 1.044740e-15 0.000000e+00
28 138 3.284247e-03 3.284247e-03 0 2 0 2 0.000000e+00 0.000000e+00
28 139 3.284247e-03 4.134622e-03 0 2 0 2 -1.112961e-14 0.000000e+00
28 140 3.284247e-03 5.205181e-03 0 2 0 2 -4.502892e-15 0.000000e+00
28 141 3.284247e-03 6.552935e-03 0 2 0 2 3.036552e-15 0.000000e+00
28 142 3.284247e-03 8.249656e-03 0 2 0 2 7.236872e-15 0.000000e+00
29 132 4.134622e-03 8.249656e-04 0 2 0 2 1.775957e-18 0.000000e+00
29 133 4.134622e-03 1.038570e-03 0 2 0 2 3.722390e-18 0.000000e+00
29 134 4.134622e-03 1.307482e-03 0 2 0 2 9.897909e-18 0.000000e+00
29 135 4.134622e-03 1.646023e-03 0 2 0 2 2.715455e-17 0.000000e+00
29 136 4.134622e-03 2.072220e-03 0 2 0 2 7.838442e-17 0.000000e+00
29 137 4.134622e-03 2.608770e-03 0 2 0 2 2.517434e-16 0.000000e+00
29 138 4.134622e-03 3.284247e-03 0 2 0 2 1.000599e-15 0.000000e+00
29 139 4.134622e-03 4.134622e-03 0 2 0 2 0.000000e+00 0.000000e+00
29 140 4.134622e-03 5.205181e-03 0 2 0 2 -9.633208e-15 0.000000e+00
29 141 4.134622e-03 6.552935e-03 0 2 0 2 -3.760218e-15 0.000000e+00
29 142 4.134622e-03 8.249656e-03 0 2 0 2 2.624555e-15 0.000000e+00
30 132 5.205181e-03 8.249656e-04 0 2 0 2 7.079745e-19 0.000000e+00
30 133 5.205181e-03 1.038570e-03 0 2 0 2 1.069303e-18 0.000000e+00
30 134 5.205181e-03 1.307482e-03 0 2 0 2 2.877465e-18 0.000000e+00
30 135 5.205181e-03 1.646023e-03 0 2 0 2 7.830644e-18 0.000000e+00
30 136 5.205181e-03 2.072220e-03 0 2 0 2 2.150920e-17 0.000000e+00
30 137 5.205181e-03 2.608770e-03 0 2 0 2 6.321995e-17 0.000000e+00
30 138 5.205181e-03 3.284247e-03 0 2 0 2 2.096483e-16 0.000000e+00
30 139 5.205181e-03 4.134622e-03 0 2 0 2 9.080370e-16 0.000000e+00
30 140 5.205181e-03 5.205181e-03 0 2 0 2 0.000000e+00 0.000000e+00
30 141 5.205181e-03 6.552935e-03 0 2 0 2 -8.231040e-15 0.000000e+00
30 142 5.205181e-03 8.249656e-03 0 2 0 2 -3.101491e-15 0.000000e+00
31 132 6.552935e-03 8.249656e-04 0 2 0 2 4.326812e-19 0.000000e+00
31 133 6.552935e-03 1.038570e-03 0 2 0 2 2.518239e-19 0.000000e+00
31 134 6.552935e-03 1.307482e-03 0 2 0 2 7.989459e-19 0.000000e+00
31 135 6.552935e-03 1.646023e-03 0 2 0 2 2.194720e-18 0.000000e+00
31 136 6.552935e-03 2.072220e-03 0 2 0 2 5.813955e-18 0.000000e+00
31 137 6.552935e-03 2.608770e-03 0 2 0 2 1.621806e-17 0.000000e+00
31 138 6.552935e-03 3.284247e-03 0 2 0 2 4.844028e-17 0.000000e+00
31 139 6.552935e-03 4.134622e-03 0 2 0 2 1.659137e-16 0.000000e+00
31 140 6.552935e-03 5.205181e-03 0 2 0 2 7.851855e-16 0.000000e+00
31 141 6.552935e-03 6.552935e-03 0 2 0 2 0.000000e+00 0.000000e+00
31 142 6.552935e-03 8.249656e-03 0 2 0 2 -6.971025e-15 0.000000e+00
32 132 8.249656e-03 8.249656e-04 0 2 0 2 3.180553e-19 0.000000e+00
32 133 8.249656e-03 1.038570e-03 0 2 0 2 2.135965e-20 0.000000e+00
32 134 8.249656e-03 1.307482e-03 0 2 0 2 2.044683e-19 0.000000e+00
32 135 8.249656e-03 1.646023e-03 0 2 0 2 6.089001e-19 0.000000e+00
32 136 8.249656e-03 2.072220e-03 0 2 0 2 1.573423e-18 0.000000e+00
32 137 8.249656e-03 2.608770e-03 0 2 0 2 4.192029e-18 0.000000e+00
32 138 8.249656e-03 3.284247e-03 0 2 0 2 1.173622e-17 0.000000e+00
32 139 8.249656e-03 4.134622e-03 0 2 0 2 3.555010e-17 0.000000e+00
32 140 8.249656e-03 5.205181e-03 0 2 0 2 1.255000e-16 0.000000e+00
32 141 8.249656e-03 6.552935e-03 0 2 0 2 6.501126e-16 0.000000e+00
32 142 8.249656e-03 8.249656e-03 0 2 0 2 0.000000e+00 0.000000e+00
