# Please cite the following papers in research using this covariance:
# arXiv: 1601.05779, https://arxiv.org/abs/1601.05779
# arXiv: 1911.11947, https://arxiv.org/abs/1911.11947
# arXiv: 2004.04833, https://arxiv.org/abs/2004.04833
# arXiv: 1804.10663, https://arxiv.org/abs/1804.10663
########################################################
22 110 8.249656e-04 8.249656e-04 0 2 0 0 0.000000e+00 0.000000e+00
22 111 8.249656e-04 1.038570e-03 0 2 0 0 -9.365023e-15 0.000000e+00
22 112 8.249656e-04 1.307482e-03 0 2 0 0 -4.217681e-15 0.000000e+00
22 113 8.249656e-04 1.646023e-03 0 2 0 0 4.175150e-15 0.000000e+00
22 114 8.249656e-04 2.072220e-03 0 2 0 0 1.052876e-14 0.000000e+00
22 115 8.249656e-04 2.608770e-03 0 2 0 0 1.395932e-14 0.000000e+00
22 116 8.249656e-04 3.284247e-03 0 2 0 0 1.503095e-14 0.000000e+00
22 117 8.249656e-04 4.134622e-03 0 2 0 0 1.457024e-14 0.000000e+00
22 118 8.249656e-04 5.205181e-03 0 2 0 0 1.327963e-14 0.000000e+00
22 119 8.249656e-04 6.552935e-03 0 2 0 0 1.165556e-14 0.000000e+00
22 120 8.249656e-04 8.249656e-03 0 2 0 0 1.000876e-14 0.000000e+00
23 110 1.038570e-03 8.249656e-04 0 2 0 0 6.687180e-17 0.000000e+00
23 111 1.038570e-03 1.038570e-03 0 2 0 0 0.000000e+00 0.000000e+00
23 112 1.038570e-03 1.307482e-03 0 2 0 0 -9.298078e-15 0.000000e+00
23 113 1.038570e-03 1.646023e-03 0 2 0 0 -4.217164e-15 0.000000e+00
23 114 1.038570e-03 2.072220e-03 0 2 0 0 3.742239e-15 0.000000e+00
23 115 1.038570e-03 2.608770e-03 0 2 0 0 9.467168e-15 0.000000e+00
23 116 1.038570e-03 3.284247e-03 0 2 0 0 1.233202e-14 0.000000e+00
23 117 1.038570e-03 4.134622e-03 0 2 0 0 1.303869e-14 0.000000e+00
23 118 1.038570e-03 5.205181e-03 0 2 0 0 1.244142e-14 0.000000e+00
23 119 1.038570e-03 6.552935e-03 0 2 0 0 1.120701e-14 0.000000e+00
23 120 1.038570e-03 8.249656e-03 0 2 0 0 9.771496e-15 0.000000e+00
24 110 1.307482e-03 8.249656e-04 0 2 0 0 8.833312e-17 0.000000e+00
24 111 1.307482e-03 1.038570e-03 0 2 0 0 1.822545e-16 0.000000e+00
24 112 1.307482e-03 1.307482e-03 0 2 0 0 0.000000e+00 0.000000e+00
24 113 1.307482e-03 1.646023e-03 0 2 0 0 -9.059374e-15 0.000000e+00
24 114 1.307482e-03 2.072220e-03 0 2 0 0 -4.106052e-15 0.000000e+00
24 115 1.307482e-03 2.608770e-03 0 2 0 0 3.306389e-15 0.000000e+00
24 116 1.307482e-03 3.284247e-03 0 2 0 0 8.363505e-15 0.000000e+00
24 117 1.307482e-03 4.134622e-03 0 2 0 0 1.070940e-14 0.000000e+00
24 118 1.307482e-03 5.205181e-03 0 2 0 0 1.114386e-14 0.000000e+00
24 119 1.307482e-03 6.552935e-03 0 2 0 0 1.050591e-14 0.000000e+00
24 120 1.307482e-03 8.249656e-03 0 2 0 0 9.398631e-15 0.000000e+00
25 110 1.646023e-03 8.249656e-04 0 2 0 0 4.447942e-17 0.000000e+00
25 111 1.646023e-03 1.038570e-03 0 2 0 0 1.184743e-16 0.000000e+00
25 112 1.646023e-03 1.307482e-03 0 2 0 0 2.972274e-16 0.000000e+00
25 113 1.646023e-03 1.646023e-03 0 2 0 0 0.000000e+00 0.000000e+00
25 114 1.646023e-03 2.072220e-03 0 2 0 0 -8.651300e-15 0.000000e+00
25 115 1.646023e-03 2.608770e-03 0 2 0 0 -3.888364e-15 0.000000e+00
25 116 1.646023e-03 3.284247e-03 0 2 0 0 2.886978e-15 0.000000e+00
25 117 1.646023e-03 4.134622e-03 0 2 0 0 7.272054e-15 0.000000e+00
25 118 1.646023e-03 5.205181e-03 0 2 0 0 9.166675e-15 0.000000e+00
25 119 1.646023e-03 6.552935e-03 0 2 0 0 9.419584e-15 0.000000e+00
25 120 1.646023e-03 8.249656e-03 0 2 0 0 8.815578e-15 0.000000e+00
26 110 2.072220e-03 8.249656e-04 0 2 0 0 1.914406e-17 0.000000e+00
26 111 2.072220e-03 1.038570e-03 0 2 0 0 5.112249e-17 0.000000e+00
26 112 2.072220e-03 1.307482e-03 0 2 0 0 1.423652e-16 0.000000e+00
26 113 2.072220e-03 1.646023e-03 0 2 0 0 3.999298e-16 0.000000e+00
26 114 2.072220e-03 2.072220e-03 0 2 0 0 0.000000e+00 0.000000e+00
26 115 2.072220e-03 2.608770e-03 0 2 0 0 -8.091418e-15 0.000000e+00
26 116 2.072220e-03 3.284247e-03 0 2 0 0 -3.579675e-15 0.000000e+00
26 117 2.072220e-03 4.134622e-03 0 2 0 0 2.498386e-15 0.000000e+00
26 118 2.072220e-03 5.205181e-03 0 2 0 0 6.239270e-15 0.000000e+00
26 119 2.072220e-03 6.552935e-03 0 2 0 0 7.761730e-15 0.000000e+00
26 120 2.072220e-03 8.249656e-03 0 2 0 0 7.911730e-15 0.000000e+00
27 110 2.608770e-03 8.249656e-04 0 2 0 0 7.680293e-18 0.000000e+00
27 111 2.608770e-03 1.038570e-03 0 2 0 0 1.977489e-17 0.000000e+00
27 112 2.608770e-03 1.307482e-03 0 2 0 0 5.411009e-17 0.000000e+00
27 113 2.608770e-03 1.646023e-03 0 2 0 0 1.560721e-16 0.000000e+00
27 114 2.608770e-03 2.072220e-03 0 2 0 0 4.794358e-16 0.000000e+00
27 115 2.608770e-03 2.608770e-03 0 2 0 0 0.000000e+00 0.000000e+00
27 116 2.608770e-03 3.284247e-03 0 2 0 0 -7.411294e-15 0.000000e+00
27 117 2.608770e-03 4.134622e-03 0 2 0 0 -3.205531e-15 0.000000e+00
27 118 2.608770e-03 5.205181e-03 0 2 0 0 2.149279e-15 0.000000e+00
27 119 2.608770e-03 6.552935e-03 0 2 0 0 5.300410e-15 0.000000e+00
27 120 2.608770e-03 8.249656e-03 0 2 0 0 6.530953e-15 0.000000e+00
28 110 3.284247e-03 8.249656e-04 0 2 0 0 2.930294e-18 0.000000e+00
28 111 3.284247e-03 1.038570e-03 0 2 0 0 7.096464e-18 0.000000e+00
28 112 3.284247e-03 1.307482e-03 0 2 0 0 1.905816e-17 0.000000e+00
28 113 3.284247e-03 1.646023e-03 0 2 0 0 5.313327e-17 0.000000e+00
28 114 3.284247e-03 2.072220e-03 0 2 0 0 1.584135e-16 0.000000e+00
28 115 3.284247e-03 2.608770e-03 0 2 0 0 5.279374e-16 0.000000e+00
28 116 3.284247e-03 3.284247e-03 0 2 0 0 0.000000e+00 0.000000e+00
28 117 3.284247e-03 4.134622e-03 0 2 0 0 -6.652319e-15 0.000000e+00
28 118 3.284247e-03 5.205181e-03 0 2 0 0 -2.796530e-15 0.000000e+00
28 119 3.284247e-03 6.552935e-03 0 2 0 0 1.843635e-15 0.000000e+00
28 120 3.284247e-03 8.249656e-03 0 2 0 0 4.477163e-15 0.000000e+00
29 110 4.134622e-03 8.249656e-04 0 2 0 0 1.146272e-18 0.000000e+00
29 111 4.134622e-03 1.038570e-03 0 2 0 0 2.397724e-18 0.000000e+00
29 112 4.134622e-03 1.307482e-03 0 2 0 0 6.334920e-18 0.000000e+00
29 113 4.134622e-03 1.646023e-03 0 2 0 0 1.719818e-17 0.000000e+00
29 114 4.134622e-03 2.072220e-03 0 2 0 0 4.865580e-17 0.000000e+00
29 115 4.134622e-03 2.608770e-03 0 2 0 0 1.500942e-16 0.000000e+00
29 116 4.134622e-03 3.284247e-03 0 2 0 0 5.420667e-16 0.000000e+00
29 117 4.134622e-03 4.134622e-03 0 2 0 0 0.000000e+00 0.000000e+00
29 118 4.134622e-03 5.205181e-03 0 2 0 0 -5.859364e-15 0.000000e+00
29 119 4.134622e-03 6.552935e-03 0 2 0 0 -2.383517e-15 0.000000e+00
29 120 4.134622e-03 8.249656e-03 0 2 0 0 1.581547e-15 0.000000e+00
30 110 5.205181e-03 8.249656e-04 0 2 0 0 4.859811e-19 0.000000e+00
30 111 5.205181e-03 1.038570e-03 0 2 0 0 7.477195e-19 0.000000e+00
30 112 5.205181e-03 1.307482e-03 0 2 0 0 1.987184e-18 0.000000e+00
30 113 5.205181e-03 1.646023e-03 0 2 0 0 5.355459e-18 0.000000e+00
30 114 5.205181e-03 2.072220e-03 0 2 0 0 1.454839e-17 0.000000e+00
30 115 5.205181e-03 2.608770e-03 0 2 0 0 4.192593e-17 0.000000e+00
30 116 5.205181e-03 3.284247e-03 0 2 0 0 1.337127e-16 0.000000e+00
30 117 5.205181e-03 4.134622e-03 0 2 0 0 5.239077e-16 0.000000e+00
30 118 5.205181e-03 5.205181e-03 0 2 0 0 0.000000e+00 0.000000e+00
30 119 5.205181e-03 6.552935e-03 0 2 0 0 -5.075420e-15 0.000000e+00
30 120 5.205181e-03 8.249656e-03 0 2 0 0 -1.992806e-15 0.000000e+00
31 110 6.552935e-03 8.249656e-04 0 2 0 0 2.926842e-19 0.000000e+00
31 111 6.552935e-03 1.038570e-03 0 2 0 0 1.966472e-19 0.000000e+00
31 112 6.552935e-03 1.307482e-03 0 2 0 0 5.867172e-19 0.000000e+00
31 113 6.552935e-03 1.646023e-03 0 2 0 0 1.602118e-18 0.000000e+00
31 114 6.552935e-03 2.072220e-03 0 2 0 0 4.224855e-18 0.000000e+00
31 115 6.552935e-03 2.608770e-03 0 2 0 0 1.165108e-17 0.000000e+00
31 116 6.552935e-03 3.284247e-03 0 2 0 0 3.412931e-17 0.000000e+00
31 117 6.552935e-03 4.134622e-03 0 2 0 0 1.124904e-16 0.000000e+00
31 118 6.552935e-03 5.205181e-03 0 2 0 0 4.796742e-16 0.000000e+00
31 119 6.552935e-03 6.552935e-03 0 2 0 0 0.000000e+00 0.000000e+00
31 120 6.552935e-03 8.249656e-03 0 2 0 0 -4.336488e-15 0.000000e+00
32 110 8.249656e-03 8.249656e-04 0 2 0 0 2.145255e-19 0.000000e+00
32 111 8.249656e-03 1.038570e-03 0 2 0 0 2.980341e-20 0.000000e+00
32 112 8.249656e-03 1.307482e-03 0 2 0 0 1.579388e-19 0.000000e+00
32 113 8.249656e-03 1.646023e-03 0 2 0 0 4.655786e-19 0.000000e+00
32 114 8.249656e-03 2.072220e-03 0 2 0 0 1.199873e-18 0.000000e+00
32 115 8.249656e-03 2.608770e-03 0 2 0 0 3.185513e-18 0.000000e+00
32 116 8.249656e-03 3.284247e-03 0 2 0 0 8.845432e-18 0.000000e+00
32 117 8.249656e-03 4.134622e-03 0 2 0 0 2.636177e-17 0.000000e+00
32 118 8.249656e-03 5.205181e-03 0 2 0 0 8.981781e-17 0.000000e+00
32 119 8.249656e-03 6.552935e-03 0 2 0 0 4.181878e-16 0.000000e+00
32 120 8.249656e-03 8.249656e-03 0 2 0 0 0.000000e+00 0.000000e+00
