# Please cite the following papers in research using this covariance:
# arXiv: 1601.05779, https://arxiv.org/abs/1601.05779
# arXiv: 1911.11947, https://arxiv.org/abs/1911.11947
# arXiv: 2004.04833, https://arxiv.org/abs/2004.04833
# arXiv: 1804.10663, https://arxiv.org/abs/1804.10663
########################################################
11 165 8.249656e-04 8.249656e-04 0 1 1 2 0.000000e+00 0.000000e+00
11 166 8.249656e-04 1.038570e-03 0 1 1 2 -5.318852e-15 0.000000e+00
11 167 8.249656e-04 1.307482e-03 0 1 1 2 -2.380696e-15 0.000000e+00
11 168 8.249656e-04 1.646023e-03 0 1 1 2 2.426525e-15 0.000000e+00
11 169 8.249656e-04 2.072220e-03 0 1 1 2 6.102392e-15 0.000000e+00
11 170 8.249656e-04 2.608770e-03 0 1 1 2 8.136772e-15 0.000000e+00
11 171 8.249656e-04 3.284247e-03 0 1 1 2 8.839062e-15 0.000000e+00
11 172 8.249656e-04 4.134622e-03 0 1 1 2 8.668921e-15 0.000000e+00
11 173 8.249656e-04 5.205181e-03 0 1 1 2 8.018931e-15 0.000000e+00
11 174 8.249656e-04 6.552935e-03 0 1 1 2 7.169200e-15 0.000000e+00
11 175 8.249656e-04 8.249656e-03 0 1 1 2 6.298838e-15 0.000000e+00
12 165 1.038570e-03 8.249656e-04 0 1 1 2 3.358957e-17 0.000000e+00
12 166 1.038570e-03 1.038570e-03 0 1 1 2 0.000000e+00 0.000000e+00
12 167 1.038570e-03 1.307482e-03 0 1 1 2 -5.288081e-15 0.000000e+00
12 168 1.038570e-03 1.646023e-03 0 1 1 2 -2.382439e-15 0.000000e+00
12 169 1.038570e-03 2.072220e-03 0 1 1 2 2.192660e-15 0.000000e+00
12 170 1.038570e-03 2.608770e-03 0 1 1 2 5.528702e-15 0.000000e+00
12 171 1.038570e-03 3.284247e-03 0 1 1 2 7.255947e-15 0.000000e+00
12 172 1.038570e-03 4.134622e-03 0 1 1 2 7.758786e-15 0.000000e+00
12 173 1.038570e-03 5.205181e-03 0 1 1 2 7.512768e-15 0.000000e+00
12 174 1.038570e-03 6.552935e-03 0 1 1 2 6.893022e-15 0.000000e+00
12 175 1.038570e-03 8.249656e-03 0 1 1 2 6.149279e-15 0.000000e+00
13 165 1.307482e-03 8.249656e-04 0 1 1 2 4.775387e-17 0.000000e+00
13 166 1.307482e-03 1.038570e-03 0 1 1 2 9.658742e-17 0.000000e+00
13 167 1.307482e-03 1.307482e-03 0 1 1 2 0.000000e+00 0.000000e+00
13 168 1.307482e-03 1.646023e-03 0 1 1 2 -5.163259e-15 0.000000e+00
13 169 1.307482e-03 2.072220e-03 0 1 1 2 -2.324114e-15 0.000000e+00
13 170 1.307482e-03 2.608770e-03 0 1 1 2 1.956534e-15 0.000000e+00
13 171 1.307482e-03 3.284247e-03 0 1 1 2 4.931014e-15 0.000000e+00
13 172 1.307482e-03 4.134622e-03 0 1 1 2 6.376068e-15 0.000000e+00
13 173 1.307482e-03 5.205181e-03 0 1 1 2 6.729894e-15 0.000000e+00
13 174 1.307482e-03 6.552935e-03 0 1 1 2 6.461635e-15 0.000000e+00
13 175 1.307482e-03 8.249656e-03 0 1 1 2 5.914364e-15 0.000000e+00
14 165 1.646023e-03 8.249656e-04 0 1 1 2 2.417162e-17 0.000000e+00
14 166 1.646023e-03 1.038570e-03 0 1 1 2 6.384931e-17 0.000000e+00
14 167 1.646023e-03 1.307482e-03 0 1 1 2 1.593097e-16 0.000000e+00
14 168 1.646023e-03 1.646023e-03 0 1 1 2 0.000000e+00 0.000000e+00
14 169 1.646023e-03 2.072220e-03 0 1 1 2 -4.945997e-15 0.000000e+00
14 170 1.646023e-03 2.608770e-03 0 1 1 2 -2.207973e-15 0.000000e+00
14 171 1.646023e-03 3.284247e-03 0 1 1 2 1.728757e-15 0.000000e+00
14 172 1.646023e-03 4.134622e-03 0 1 1 2 4.339033e-15 0.000000e+00
14 173 1.646023e-03 5.205181e-03 0 1 1 2 5.538624e-15 0.000000e+00
14 174 1.646023e-03 6.552935e-03 0 1 1 2 5.793932e-15 0.000000e+00
14 175 1.646023e-03 8.249656e-03 0 1 1 2 5.547327e-15 0.000000e+00
15 165 2.072220e-03 8.249656e-04 0 1 1 2 1.050190e-17 0.000000e+00
15 166 2.072220e-03 1.038570e-03 0 1 1 2 2.754306e-17 0.000000e+00
15 167 2.072220e-03 1.307482e-03 0 1 1 2 7.678250e-17 0.000000e+00
15 168 2.072220e-03 1.646023e-03 0 1 1 2 2.152412e-16 0.000000e+00
15 169 2.072220e-03 2.072220e-03 0 1 1 2 0.000000e+00 0.000000e+00
15 170 2.072220e-03 2.608770e-03 0 1 1 2 -4.645742e-15 0.000000e+00
15 171 2.072220e-03 3.284247e-03 0 1 1 2 -2.042273e-15 0.000000e+00
15 172 2.072220e-03 4.134622e-03 0 1 1 2 1.517610e-15 0.000000e+00
15 173 2.072220e-03 5.205181e-03 0 1 1 2 3.778735e-15 0.000000e+00
15 174 2.072220e-03 6.552935e-03 0 1 1 2 4.776701e-15 0.000000e+00
15 175 2.072220e-03 8.249656e-03 0 1 1 2 4.979084e-15 0.000000e+00
16 165 2.608770e-03 8.249656e-04 0 1 1 2 4.329122e-18 0.000000e+00
16 166 2.608770e-03 1.038570e-03 0 1 1 2 1.064924e-17 0.000000e+00
16 167 2.608770e-03 1.307482e-03 0 1 1 2 2.920854e-17 0.000000e+00
16 168 2.608770e-03 1.646023e-03 0 1 1 2 8.431910e-17 0.000000e+00
16 169 2.608770e-03 2.072220e-03 0 1 1 2 2.585964e-16 0.000000e+00
16 170 2.608770e-03 2.608770e-03 0 1 1 2 0.000000e+00 0.000000e+00
16 171 2.608770e-03 3.284247e-03 0 1 1 2 -4.279355e-15 0.000000e+00
16 172 2.608770e-03 4.134622e-03 0 1 1 2 -1.840296e-15 0.000000e+00
16 173 2.608770e-03 5.205181e-03 0 1 1 2 1.328647e-15 0.000000e+00
16 174 2.608770e-03 6.552935e-03 0 1 1 2 3.270682e-15 0.000000e+00
16 175 2.608770e-03 8.249656e-03 0 1 1 2 4.112822e-15 0.000000e+00
17 165 3.284247e-03 8.249656e-04 0 1 1 2 1.769426e-18 0.000000e+00
17 166 3.284247e-03 1.038570e-03 0 1 1 2 3.816723e-18 0.000000e+00
17 167 3.284247e-03 1.307482e-03 0 1 1 2 1.031812e-17 0.000000e+00
17 168 3.284247e-03 1.646023e-03 0 1 1 2 2.883287e-17 0.000000e+00
17 169 3.284247e-03 2.072220e-03 0 1 1 2 8.581643e-17 0.000000e+00
17 170 3.284247e-03 2.608770e-03 0 1 1 2 2.854623e-16 0.000000e+00
17 171 3.284247e-03 3.284247e-03 0 1 1 2 0.000000e+00 0.000000e+00
17 172 3.284247e-03 4.134622e-03 0 1 1 2 -3.868820e-15 0.000000e+00
17 173 3.284247e-03 5.205181e-03 0 1 1 2 -1.617836e-15 0.000000e+00
17 174 3.284247e-03 6.552935e-03 0 1 1 2 1.165156e-15 0.000000e+00
17 175 3.284247e-03 8.249656e-03 0 1 1 2 2.828720e-15 0.000000e+00
18 165 4.134622e-03 8.249656e-04 0 1 1 2 8.047652e-19 0.000000e+00
18 166 4.134622e-03 1.038570e-03 0 1 1 2 1.276378e-18 0.000000e+00
18 167 4.134622e-03 1.307482e-03 0 1 1 2 3.440876e-18 0.000000e+00
18 168 4.134622e-03 1.646023e-03 0 1 1 2 9.419687e-18 0.000000e+00
18 169 4.134622e-03 2.072220e-03 0 1 1 2 2.655974e-17 0.000000e+00
18 170 4.134622e-03 2.608770e-03 0 1 1 2 8.172670e-17 0.000000e+00
18 171 4.134622e-03 3.284247e-03 0 1 1 2 2.940989e-16 0.000000e+00
18 172 4.134622e-03 4.134622e-03 0 1 1 2 0.000000e+00 0.000000e+00
18 173 4.134622e-03 5.205181e-03 0 1 1 2 -3.438016e-15 0.000000e+00
18 174 4.134622e-03 6.552935e-03 0 1 1 2 -1.390887e-15 0.000000e+00
18 175 4.134622e-03 8.249656e-03 0 1 1 2 1.028431e-15 0.000000e+00
19 165 5.205181e-03 8.249656e-04 0 1 1 2 4.440585e-19 0.000000e+00
19 166 5.205181e-03 1.038570e-03 0 1 1 2 3.768204e-19 0.000000e+00
19 167 5.205181e-03 1.307482e-03 0 1 1 2 1.072462e-18 0.000000e+00
19 168 5.205181e-03 1.646023e-03 0 1 1 2 2.975776e-18 0.000000e+00
19 169 5.205181e-03 2.072220e-03 0 1 1 2 8.030486e-18 0.000000e+00
19 170 5.205181e-03 2.608770e-03 0 1 1 2 2.308990e-17 0.000000e+00
19 171 5.205181e-03 3.284247e-03 0 1 1 2 7.332884e-17 0.000000e+00
19 172 5.205181e-03 4.134622e-03 0 1 1 2 2.855223e-16 0.000000e+00
19 173 5.205181e-03 5.205181e-03 0 1 1 2 0.000000e+00 0.000000e+00
19 174 5.205181e-03 6.552935e-03 0 1 1 2 -3.010113e-15 0.000000e+00
19 175 5.205181e-03 8.249656e-03 0 1 1 2 -1.173325e-15 0.000000e+00
20 165 6.552935e-03 8.249656e-04 0 1 1 2 3.375782e-19 0.000000e+00
20 166 6.552935e-03 1.038570e-03 0 1 1 2 7.266208e-20 0.000000e+00
20 167 6.552935e-03 1.307482e-03 0 1 1 2 3.005002e-19 0.000000e+00
20 168 6.552935e-03 1.646023e-03 0 1 1 2 9.086496e-19 0.000000e+00
20 169 6.552935e-03 2.072220e-03 0 1 1 2 2.355225e-18 0.000000e+00
20 170 6.552935e-03 2.608770e-03 0 1 1 2 6.492686e-18 0.000000e+00
20 171 6.552935e-03 3.284247e-03 0 1 1 2 1.896332e-17 0.000000e+00
20 172 6.552935e-03 4.134622e-03 0 1 1 2 6.217188e-17 0.000000e+00
20 173 6.552935e-03 5.205181e-03 0 1 1 2 2.627412e-16 0.000000e+00
20 174 6.552935e-03 6.552935e-03 0 1 1 2 0.000000e+00 0.000000e+00
20 175 6.552935e-03 8.249656e-03 0 1 1 2 -2.605022e-15 0.000000e+00
21 165 8.249656e-03 8.249656e-04 0 1 1 2 2.936551e-19 0.000000e+00
21 166 8.249656e-03 1.038570e-03 0 1 1 2 -2.062418e-20 0.000000e+00
21 167 8.249656e-03 1.307482e-03 0 1 1 2 6.081365e-20 0.000000e+00
21 168 8.249656e-03 1.646023e-03 0 1 1 2 2.736760e-19 0.000000e+00
21 169 8.249656e-03 2.072220e-03 0 1 1 2 6.677435e-19 0.000000e+00
21 170 8.249656e-03 2.608770e-03 0 1 1 2 1.780451e-18 0.000000e+00
21 171 8.249656e-03 3.284247e-03 0 1 1 2 4.942029e-18 0.000000e+00
21 172 8.249656e-03 4.134622e-03 0 1 1 2 1.470260e-17 0.000000e+00
21 173 8.249656e-03 5.205181e-03 0 1 1 2 4.989078e-17 0.000000e+00
21 174 8.249656e-03 6.552935e-03 0 1 1 2 2.300175e-16 0.000000e+00
21 175 8.249656e-03 8.249656e-03 0 1 1 2 0.000000e+00 0.000000e+00
