# Please cite the following papers in research using this covariance:
# arXiv: 1601.05779, https://arxiv.org/abs/1601.05779
# arXiv: 1911.11947, https://arxiv.org/abs/1911.11947
# arXiv: 2004.04833, https://arxiv.org/abs/2004.04833
# arXiv: 1804.10663, https://arxiv.org/abs/1804.10663
########################################################
88 187 8.249656e-04 8.249656e-04 2 3 2 2 0.000000e+00 0.000000e+00
88 188 8.249656e-04 1.038570e-03 2 3 2 2 -4.335113e-14 0.000000e+00
88 189 8.249656e-04 1.307482e-03 2 3 2 2 -1.971357e-14 0.000000e+00
88 190 8.249656e-04 1.646023e-03 2 3 2 2 1.645090e-14 0.000000e+00
88 191 8.249656e-04 2.072220e-03 2 3 2 2 4.163755e-14 0.000000e+00
88 192 8.249656e-04 2.608770e-03 2 3 2 2 5.374216e-14 0.000000e+00
88 193 8.249656e-04 3.284247e-03 2 3 2 2 5.649421e-14 0.000000e+00
88 194 8.249656e-04 4.134622e-03 2 3 2 2 5.394334e-14 0.000000e+00
88 195 8.249656e-04 5.205181e-03 2 3 2 2 4.905112e-14 0.000000e+00
88 196 8.249656e-04 6.552935e-03 2 3 2 2 4.364665e-14 0.000000e+00
88 197 8.249656e-04 8.249656e-03 2 3 2 2 3.871840e-14 0.000000e+00
89 187 1.038570e-03 8.249656e-04 2 3 2 2 1.218408e-15 0.000000e+00
89 188 1.038570e-03 1.038570e-03 2 3 2 2 0.000000e+00 0.000000e+00
89 189 1.038570e-03 1.307482e-03 2 3 2 2 -4.172287e-14 0.000000e+00
89 190 1.038570e-03 1.646023e-03 2 3 2 2 -1.881554e-14 0.000000e+00
89 191 1.038570e-03 2.072220e-03 2 3 2 2 1.449856e-14 0.000000e+00
89 192 1.038570e-03 2.608770e-03 2 3 2 2 3.653413e-14 0.000000e+00
89 193 1.038570e-03 3.284247e-03 2 3 2 2 4.648446e-14 0.000000e+00
89 194 1.038570e-03 4.134622e-03 2 3 2 2 4.836985e-14 0.000000e+00
89 195 1.038570e-03 5.205181e-03 2 3 2 2 4.600993e-14 0.000000e+00
89 196 1.038570e-03 6.552935e-03 2 3 2 2 4.199353e-14 0.000000e+00
89 197 1.038570e-03 8.249656e-03 2 3 2 2 3.781147e-14 0.000000e+00
90 187 1.307482e-03 8.249656e-04 2 3 2 2 6.635149e-16 0.000000e+00
90 188 1.307482e-03 1.038570e-03 2 3 2 2 1.759929e-15 0.000000e+00
90 189 1.307482e-03 1.307482e-03 2 3 2 2 0.000000e+00 0.000000e+00
90 190 1.307482e-03 1.646023e-03 2 3 2 2 -3.930628e-14 0.000000e+00
90 191 1.307482e-03 2.072220e-03 2 3 2 2 -1.743527e-14 0.000000e+00
90 192 1.307482e-03 2.608770e-03 2 3 2 2 1.268635e-14 0.000000e+00
90 193 1.307482e-03 3.284247e-03 2 3 2 2 3.168630e-14 0.000000e+00
90 194 1.307482e-03 4.134622e-03 2 3 2 2 3.987372e-14 0.000000e+00
90 195 1.307482e-03 5.205181e-03 2 3 2 2 4.129935e-14 0.000000e+00
90 196 1.307482e-03 6.552935e-03 2 3 2 2 3.941048e-14 0.000000e+00
90 197 1.307482e-03 8.249656e-03 2 3 2 2 3.638721e-14 0.000000e+00
91 187 1.646023e-03 8.249656e-04 2 3 2 2 2.579552e-16 0.000000e+00
91 188 1.646023e-03 1.038570e-03 2 3 2 2 7.360487e-16 0.000000e+00
91 189 1.646023e-03 1.307482e-03 2 3 2 2 2.189004e-15 0.000000e+00
91 190 1.646023e-03 1.646023e-03 2 3 2 2 0.000000e+00 0.000000e+00
91 191 1.646023e-03 2.072220e-03 2 3 2 2 -3.625340e-14 0.000000e+00
91 192 1.646023e-03 2.608770e-03 2 3 2 2 -1.570317e-14 0.000000e+00
91 193 1.646023e-03 3.284247e-03 2 3 2 2 1.106217e-14 0.000000e+00
91 194 1.646023e-03 4.134622e-03 2 3 2 2 2.728318e-14 0.000000e+00
91 195 1.646023e-03 5.205181e-03 2 3 2 2 3.411355e-14 0.000000e+00
91 196 1.646023e-03 6.552935e-03 2 3 2 2 3.540975e-14 0.000000e+00
91 197 1.646023e-03 8.249656e-03 2 3 2 2 3.416237e-14 0.000000e+00
92 187 2.072220e-03 8.249656e-04 2 3 2 2 9.159946e-17 0.000000e+00
92 188 2.072220e-03 1.038570e-03 2 3 2 2 2.538212e-16 0.000000e+00
92 189 2.072220e-03 1.307482e-03 2 3 2 2 7.545637e-16 0.000000e+00
92 190 2.072220e-03 1.646023e-03 2 3 2 2 2.460527e-15 0.000000e+00
92 191 2.072220e-03 2.072220e-03 2 3 2 2 0.000000e+00 0.000000e+00
92 192 2.072220e-03 2.608770e-03 2 3 2 2 -3.276602e-14 0.000000e+00
92 193 2.072220e-03 3.284247e-03 2 3 2 2 -1.377269e-14 0.000000e+00
92 194 2.072220e-03 4.134622e-03 2 3 2 2 9.653788e-15 0.000000e+00
92 195 2.072220e-03 5.205181e-03 2 3 2 2 2.344972e-14 0.000000e+00
92 196 2.072220e-03 6.552935e-03 2 3 2 2 2.930719e-14 0.000000e+00
92 197 2.072220e-03 8.249656e-03 2 3 2 2 3.071894e-14 0.000000e+00
93 187 2.608770e-03 8.249656e-04 2 3 2 2 3.138319e-17 0.000000e+00
93 188 2.608770e-03 1.038570e-03 2 3 2 2 8.238195e-17 0.000000e+00
93 189 2.608770e-03 1.307482e-03 2 3 2 2 2.335428e-16 0.000000e+00
93 190 2.608770e-03 1.646023e-03 2 3 2 2 7.189339e-16 0.000000e+00
93 191 2.608770e-03 2.072220e-03 2 3 2 2 2.557398e-15 0.000000e+00
93 192 2.608770e-03 2.608770e-03 2 3 2 2 0.000000e+00 0.000000e+00
93 193 2.608770e-03 3.284247e-03 2 3 2 2 -2.906798e-14 0.000000e+00
93 194 2.608770e-03 4.134622e-03 2 3 2 2 -1.179630e-14 0.000000e+00
93 195 2.608770e-03 5.205181e-03 2 3 2 2 8.471327e-15 0.000000e+00
93 196 2.608770e-03 6.552935e-03 2 3 2 2 2.024943e-14 0.000000e+00
93 197 2.608770e-03 8.249656e-03 2 3 2 2 2.547109e-14 0.000000e+00
94 187 3.284247e-03 8.249656e-04 2 3 2 2 1.051318e-17 0.000000e+00
94 188 3.284247e-03 1.038570e-03 2 3 2 2 2.543426e-17 0.000000e+00
94 189 3.284247e-03 1.307482e-03 2 3 2 2 6.989473e-17 0.000000e+00
94 190 3.284247e-03 1.646023e-03 2 3 2 2 2.017829e-16 0.000000e+00
94 191 3.284247e-03 2.072220e-03 2 3 2 2 6.422749e-16 0.000000e+00
94 192 3.284247e-03 2.608770e-03 2 3 2 2 2.490604e-15 0.000000e+00
94 193 3.284247e-03 3.284247e-03 2 3 2 2 0.000000e+00 0.000000e+00
94 194 3.284247e-03 4.134622e-03 2 3 2 2 -2.537554e-14 0.000000e+00
94 195 3.284247e-03 5.205181e-03 2 3 2 2 -9.903773e-15 0.000000e+00
94 196 3.284247e-03 6.552935e-03 2 3 2 2 7.512780e-15 0.000000e+00
94 197 3.284247e-03 8.249656e-03 2 3 2 2 1.769172e-14 0.000000e+00
95 187 4.134622e-03 8.249656e-04 2 3 2 2 3.822180e-18 0.000000e+00
95 188 4.134622e-03 1.038570e-03 2 3 2 2 7.537290e-18 0.000000e+00
95 189 4.134622e-03 1.307482e-03 2 3 2 2 2.029036e-17 0.000000e+00
95 190 4.134622e-03 1.646023e-03 2 3 2 2 5.621770e-17 0.000000e+00
95 191 4.134622e-03 2.072220e-03 2 3 2 2 1.643165e-16 0.000000e+00
95 192 4.134622e-03 2.608770e-03 2 3 2 2 5.411085e-16 0.000000e+00
95 193 4.134622e-03 3.284247e-03 2 3 2 2 2.290677e-15 0.000000e+00
95 194 4.134622e-03 4.134622e-03 2 3 2 2 0.000000e+00 0.000000e+00
95 195 4.134622e-03 5.205181e-03 2 3 2 2 -2.187262e-14 0.000000e+00
95 196 4.134622e-03 6.552935e-03 2 3 2 2 -8.190953e-15 0.000000e+00
95 197 4.134622e-03 8.249656e-03 2 3 2 2 6.766887e-15 0.000000e+00
96 187 5.205181e-03 8.249656e-04 2 3 2 2 1.579739e-18 0.000000e+00
96 188 5.205181e-03 1.038570e-03 2 3 2 2 2.002507e-18 0.000000e+00
96 189 5.205181e-03 1.307482e-03 2 3 2 2 5.570587e-18 0.000000e+00
96 190 5.205181e-03 1.646023e-03 2 3 2 2 1.536440e-17 0.000000e+00
96 191 5.205181e-03 2.072220e-03 2 3 2 2 4.241820e-17 0.000000e+00
96 192 5.205181e-03 2.608770e-03 2 3 2 2 1.265434e-16 0.000000e+00
96 193 5.205181e-03 3.284247e-03 2 3 2 2 4.312443e-16 0.000000e+00
96 194 5.205181e-03 4.134622e-03 2 3 2 2 2.000122e-15 0.000000e+00
96 195 5.205181e-03 5.205181e-03 2 3 2 2 0.000000e+00 0.000000e+00
96 196 5.205181e-03 6.552935e-03 2 3 2 2 -1.869815e-14 0.000000e+00
96 197 5.205181e-03 8.249656e-03 2 3 2 2 -6.715201e-15 0.000000e+00
97 187 6.552935e-03 8.249656e-04 2 3 2 2 1.048421e-18 0.000000e+00
97 188 6.552935e-03 1.038570e-03 2 3 2 2 3.611704e-19 0.000000e+00
97 189 6.552935e-03 1.307482e-03 2 3 2 2 1.417073e-18 0.000000e+00
97 190 6.552935e-03 1.646023e-03 2 3 2 2 4.036532e-18 0.000000e+00
97 191 6.552935e-03 2.072220e-03 2 3 2 2 1.065759e-17 0.000000e+00
97 192 6.552935e-03 2.608770e-03 2 3 2 2 3.011751e-17 0.000000e+00
97 193 6.552935e-03 3.284247e-03 2 3 2 2 9.163944e-17 0.000000e+00
97 194 6.552935e-03 4.134622e-03 2 3 2 2 3.245206e-16 0.000000e+00
97 195 6.552935e-03 5.205181e-03 2 3 2 2 1.662482e-15 0.000000e+00
97 196 6.552935e-03 6.552935e-03 2 3 2 2 0.000000e+00 0.000000e+00
97 197 6.552935e-03 8.249656e-03 2 3 2 2 -1.594074e-14 0.000000e+00
98 187 8.249656e-03 8.249656e-04 2 3 2 2 8.181124e-19 0.000000e+00
98 188 8.249656e-03 1.038570e-03 2 3 2 2 -7.144600e-20 0.000000e+00
98 189 8.249656e-03 1.307482e-03 2 3 2 2 2.945187e-19 0.000000e+00
98 190 8.249656e-03 1.646023e-03 2 3 2 2 1.022851e-18 0.000000e+00
98 191 8.249656e-03 2.072220e-03 2 3 2 2 2.566432e-18 0.000000e+00
98 192 8.249656e-03 2.608770e-03 2 3 2 2 6.929886e-18 0.000000e+00
98 193 8.249656e-03 3.284247e-03 2 3 2 2 1.976137e-17 0.000000e+00
98 194 8.249656e-03 4.134622e-03 2 3 2 2 6.172870e-17 0.000000e+00
98 195 8.249656e-03 5.205181e-03 2 3 2 2 2.290804e-16 0.000000e+00
98 196 8.249656e-03 6.552935e-03 2 3 2 2 1.315480e-15 0.000000e+00
98 197 8.249656e-03 8.249656e-03 2 3 2 2 0.000000e+00 0.000000e+00
