# Please cite the following papers in research using this covariance:
# arXiv: 1601.05779, https://arxiv.org/abs/1601.05779
# arXiv: 1911.11947, https://arxiv.org/abs/1911.11947
# arXiv: 2004.04833, https://arxiv.org/abs/2004.04833
# arXiv: 1804.10663, https://arxiv.org/abs/1804.10663
########################################################
143 198 8.249656e-04 8.249656e-04 0 3 2 3 0.000000e+00 0.000000e+00
143 199 8.249656e-04 1.038570e-03 0 3 2 3 5.232272e-15 0.000000e+00
143 200 8.249656e-04 1.307482e-03 0 3 2 3 2.002552e-15 0.000000e+00
143 201 8.249656e-04 1.646023e-03 0 3 2 3 7.310463e-16 0.000000e+00
143 202 8.249656e-04 2.072220e-03 0 3 2 3 2.595652e-16 0.000000e+00
143 203 8.249656e-04 2.608770e-03 0 3 2 3 9.024044e-17 0.000000e+00
143 204 8.249656e-04 3.284247e-03 0 3 2 3 3.087016e-17 0.000000e+00
143 205 8.249656e-04 4.134622e-03 0 3 2 3 1.047260e-17 0.000000e+00
143 206 8.249656e-04 5.205181e-03 0 3 2 3 3.546226e-18 0.000000e+00
143 207 8.249656e-04 6.552935e-03 0 3 2 3 1.228192e-18 0.000000e+00
143 208 8.249656e-04 8.249656e-03 0 3 2 3 4.309391e-19 0.000000e+00
144 198 1.038570e-03 8.249656e-04 0 3 2 3 5.232272e-15 0.000000e+00
144 199 1.038570e-03 1.038570e-03 0 3 2 3 0.000000e+00 0.000000e+00
144 200 1.038570e-03 1.307482e-03 0 3 2 3 5.105003e-15 0.000000e+00
144 201 1.038570e-03 1.646023e-03 0 3 2 3 1.882968e-15 0.000000e+00
144 202 1.038570e-03 2.072220e-03 0 3 2 3 6.663554e-16 0.000000e+00
144 203 1.038570e-03 2.608770e-03 0 3 2 3 2.304256e-16 0.000000e+00
144 204 1.038570e-03 3.284247e-03 0 3 2 3 7.844185e-17 0.000000e+00
144 205 1.038570e-03 4.134622e-03 0 3 2 3 2.649786e-17 0.000000e+00
144 206 1.038570e-03 5.205181e-03 0 3 2 3 8.981608e-18 0.000000e+00
144 207 1.038570e-03 6.552935e-03 0 3 2 3 3.082421e-18 0.000000e+00
144 208 1.038570e-03 8.249656e-03 0 3 2 3 1.092571e-18 0.000000e+00
145 198 1.307482e-03 8.249656e-04 0 3 2 3 2.002552e-15 0.000000e+00
145 199 1.307482e-03 1.038570e-03 0 3 2 3 5.105003e-15 0.000000e+00
145 200 1.307482e-03 1.307482e-03 0 3 2 3 0.000000e+00 0.000000e+00
145 201 1.307482e-03 1.646023e-03 0 3 2 3 4.890948e-15 0.000000e+00
145 202 1.307482e-03 2.072220e-03 0 3 2 3 1.733765e-15 0.000000e+00
145 203 1.307482e-03 2.608770e-03 0 3 2 3 5.946460e-16 0.000000e+00
145 204 1.307482e-03 3.284247e-03 0 3 2 3 2.008539e-16 0.000000e+00
145 205 1.307482e-03 4.134622e-03 0 3 2 3 6.740481e-17 0.000000e+00
145 206 1.307482e-03 5.205181e-03 0 3 2 3 2.272768e-17 0.000000e+00
145 207 1.307482e-03 6.552935e-03 0 3 2 3 7.793472e-18 0.000000e+00
145 208 1.307482e-03 8.249656e-03 0 3 2 3 2.768249e-18 0.000000e+00
146 198 1.646023e-03 8.249656e-04 0 3 2 3 7.310463e-16 0.000000e+00
146 199 1.646023e-03 1.038570e-03 0 3 2 3 1.882968e-15 0.000000e+00
146 200 1.646023e-03 1.307482e-03 0 3 2 3 4.890948e-15 0.000000e+00
146 201 1.646023e-03 1.646023e-03 0 3 2 3 0.000000e+00 0.000000e+00
146 202 1.646023e-03 2.072220e-03 0 3 2 3 4.597706e-15 0.000000e+00
146 203 1.646023e-03 2.608770e-03 0 3 2 3 1.563384e-15 0.000000e+00
146 204 1.646023e-03 3.284247e-03 0 3 2 3 5.209362e-16 0.000000e+00
146 205 1.646023e-03 4.134622e-03 0 3 2 3 1.729287e-16 0.000000e+00
146 206 1.646023e-03 5.205181e-03 0 3 2 3 5.783687e-17 0.000000e+00
146 207 1.646023e-03 6.552935e-03 0 3 2 3 1.970998e-17 0.000000e+00
146 208 1.646023e-03 8.249656e-03 0 3 2 3 6.952146e-18 0.000000e+00
147 198 2.072220e-03 8.249656e-04 0 3 2 3 2.595652e-16 0.000000e+00
147 199 2.072220e-03 1.038570e-03 0 3 2 3 6.663554e-16 0.000000e+00
147 200 2.072220e-03 1.307482e-03 0 3 2 3 1.733765e-15 0.000000e+00
147 201 2.072220e-03 1.646023e-03 0 3 2 3 4.597706e-15 0.000000e+00
147 202 2.072220e-03 2.072220e-03 0 3 2 3 0.000000e+00 0.000000e+00
147 203 2.072220e-03 2.608770e-03 0 3 2 3 4.240551e-15 0.000000e+00
147 204 2.072220e-03 3.284247e-03 0 3 2 3 1.383275e-15 0.000000e+00
147 205 2.072220e-03 4.134622e-03 0 3 2 3 4.502409e-16 0.000000e+00
147 206 2.072220e-03 5.205181e-03 0 3 2 3 1.484405e-16 0.000000e+00
147 207 2.072220e-03 6.552935e-03 0 3 2 3 5.012082e-17 0.000000e+00
147 208 2.072220e-03 8.249656e-03 0 3 2 3 1.758421e-17 0.000000e+00
148 198 2.608770e-03 8.249656e-04 0 3 2 3 9.024044e-17 0.000000e+00
148 199 2.608770e-03 1.038570e-03 0 3 2 3 2.304256e-16 0.000000e+00
148 200 2.608770e-03 1.307482e-03 0 3 2 3 5.946460e-16 0.000000e+00
148 201 2.608770e-03 1.646023e-03 0 3 2 3 1.563384e-15 0.000000e+00
148 202 2.608770e-03 2.072220e-03 0 3 2 3 4.240551e-15 0.000000e+00
148 203 2.608770e-03 2.608770e-03 0 3 2 3 0.000000e+00 0.000000e+00
148 204 2.608770e-03 3.284247e-03 0 3 2 3 3.840882e-15 0.000000e+00
148 205 2.608770e-03 4.134622e-03 0 3 2 3 1.205568e-15 0.000000e+00
148 206 2.608770e-03 5.205181e-03 0 3 2 3 3.870937e-16 0.000000e+00
148 207 2.608770e-03 6.552935e-03 0 3 2 3 1.285177e-16 0.000000e+00
148 208 2.608770e-03 8.249656e-03 0 3 2 3 4.458533e-17 0.000000e+00
149 198 3.284247e-03 8.249656e-04 0 3 2 3 3.087016e-17 0.000000e+00
149 199 3.284247e-03 1.038570e-03 0 3 2 3 7.844185e-17 0.000000e+00
149 200 3.284247e-03 1.307482e-03 0 3 2 3 2.008539e-16 0.000000e+00
149 201 3.284247e-03 1.646023e-03 0 3 2 3 5.209362e-16 0.000000e+00
149 202 3.284247e-03 2.072220e-03 0 3 2 3 1.383275e-15 0.000000e+00
149 203 3.284247e-03 2.608770e-03 0 3 2 3 3.840882e-15 0.000000e+00
149 204 3.284247e-03 3.284247e-03 0 3 2 3 0.000000e+00 0.000000e+00
149 205 3.284247e-03 4.134622e-03 0 3 2 3 3.424029e-15 0.000000e+00
149 206 3.284247e-03 5.205181e-03 0 3 2 3 1.041750e-15 0.000000e+00
149 207 3.284247e-03 6.552935e-03 0 3 2 3 3.347122e-16 0.000000e+00
149 208 3.284247e-03 8.249656e-03 0 3 2 3 1.139042e-16 0.000000e+00
150 198 4.134622e-03 8.249656e-04 0 3 2 3 1.047260e-17 0.000000e+00
150 199 4.134622e-03 1.038570e-03 0 3 2 3 2.649786e-17 0.000000e+00
150 200 4.134622e-03 1.307482e-03 0 3 2 3 6.740481e-17 0.000000e+00
150 201 4.134622e-03 1.646023e-03 0 3 2 3 1.729287e-16 0.000000e+00
150 202 4.134622e-03 2.072220e-03 0 3 2 3 4.502409e-16 0.000000e+00
150 203 4.134622e-03 2.608770e-03 0 3 2 3 1.205568e-15 0.000000e+00
150 204 4.134622e-03 3.284247e-03 0 3 2 3 3.424029e-15 0.000000e+00
150 205 4.134622e-03 4.134622e-03 0 3 2 3 0.000000e+00 0.000000e+00
150 206 4.134622e-03 5.205181e-03 0 3 2 3 3.016119e-15 0.000000e+00
150 207 4.134622e-03 6.552935e-03 0 3 2 3 9.009619e-16 0.000000e+00
150 208 4.134622e-03 8.249656e-03 0 3 2 3 2.951660e-16 0.000000e+00
151 198 5.205181e-03 8.249656e-04 0 3 2 3 3.546226e-18 0.000000e+00
151 199 5.205181e-03 1.038570e-03 0 3 2 3 8.981608e-18 0.000000e+00
151 200 5.205181e-03 1.307482e-03 0 3 2 3 2.272768e-17 0.000000e+00
151 201 5.205181e-03 1.646023e-03 0 3 2 3 5.783687e-17 0.000000e+00
151 202 5.205181e-03 2.072220e-03 0 3 2 3 1.484405e-16 0.000000e+00
151 203 5.205181e-03 2.608770e-03 0 3 2 3 3.870937e-16 0.000000e+00
151 204 5.205181e-03 3.284247e-03 0 3 2 3 1.041750e-15 0.000000e+00
151 205 5.205181e-03 4.134622e-03 0 3 2 3 3.016119e-15 0.000000e+00
151 206 5.205181e-03 5.205181e-03 0 3 2 3 0.000000e+00 0.000000e+00
151 207 5.205181e-03 6.552935e-03 0 3 2 3 2.641129e-15 0.000000e+00
151 208 5.205181e-03 8.249656e-03 0 3 2 3 7.895841e-16 0.000000e+00
152 198 6.552935e-03 8.249656e-04 0 3 2 3 1.228192e-18 0.000000e+00
152 199 6.552935e-03 1.038570e-03 0 3 2 3 3.082421e-18 0.000000e+00
152 200 6.552935e-03 1.307482e-03 0 3 2 3 7.793472e-18 0.000000e+00
152 201 6.552935e-03 1.646023e-03 0 3 2 3 1.970998e-17 0.000000e+00
152 202 6.552935e-03 2.072220e-03 0 3 2 3 5.012082e-17 0.000000e+00
152 203 6.552935e-03 2.608770e-03 0 3 2 3 1.285177e-16 0.000000e+00
152 204 6.552935e-03 3.284247e-03 0 3 2 3 3.347122e-16 0.000000e+00
152 205 6.552935e-03 4.134622e-03 0 3 2 3 9.009619e-16 0.000000e+00
152 206 6.552935e-03 5.205181e-03 0 3 2 3 2.641129e-15 0.000000e+00
152 207 6.552935e-03 6.552935e-03 0 3 2 3 0.000000e+00 0.000000e+00
152 208 6.552935e-03 8.249656e-03 0 3 2 3 2.318566e-15 0.000000e+00
153 198 8.249656e-03 8.249656e-04 0 3 2 3 4.309391e-19 0.000000e+00
153 199 8.249656e-03 1.038570e-03 0 3 2 3 1.092571e-18 0.000000e+00
153 200 8.249656e-03 1.307482e-03 0 3 2 3 2.768249e-18 0.000000e+00
153 201 8.249656e-03 1.646023e-03 0 3 2 3 6.952146e-18 0.000000e+00
153 202 8.249656e-03 2.072220e-03 0 3 2 3 1.758421e-17 0.000000e+00
153 203 8.249656e-03 2.608770e-03 0 3 2 3 4.458533e-17 0.000000e+00
153 204 8.249656e-03 3.284247e-03 0 3 2 3 1.139042e-16 0.000000e+00
153 205 8.249656e-03 4.134622e-03 0 3 2 3 2.951660e-16 0.000000e+00
153 206 8.249656e-03 5.205181e-03 0 3 2 3 7.895841e-16 0.000000e+00
153 207 8.249656e-03 6.552935e-03 0 3 2 3 2.318566e-15 0.000000e+00
153 208 8.249656e-03 8.249656e-03 0 3 2 3 0.000000e+00 0.000000e+00
