# Please cite the following papers in research using this covariance:
# arXiv: 1601.05779, https://arxiv.org/abs/1601.05779
# arXiv: 1911.11947, https://arxiv.org/abs/1911.11947
# arXiv: 2004.04833, https://arxiv.org/abs/2004.04833
# arXiv: 1804.10663, https://arxiv.org/abs/1804.10663
########################################################
33 99 8.249656e-04 8.249656e-04 0 3 3 3 0.000000e+00 0.000000e+00
33 100 8.249656e-04 1.038570e-03 0 3 3 3 3.104791e-13 0.000000e+00
33 101 8.249656e-04 1.307482e-03 0 3 3 3 2.739909e-13 0.000000e+00
33 102 8.249656e-04 1.646023e-03 0 3 3 3 2.437359e-13 0.000000e+00
33 103 8.249656e-04 2.072220e-03 0 3 3 3 2.188484e-13 0.000000e+00
33 104 8.249656e-04 2.608770e-03 0 3 3 3 1.982069e-13 0.000000e+00
33 105 8.249656e-04 3.284247e-03 0 3 3 3 1.807650e-13 0.000000e+00
33 106 8.249656e-04 4.134622e-03 0 3 3 3 1.656019e-13 0.000000e+00
33 107 8.249656e-04 5.205181e-03 0 3 3 3 1.519384e-13 0.000000e+00
33 108 8.249656e-04 6.552935e-03 0 3 3 3 1.391420e-13 0.000000e+00
33 109 8.249656e-04 8.249656e-03 0 3 3 3 1.267261e-13 0.000000e+00
34 99 1.038570e-03 8.249656e-04 0 3 3 3 3.104791e-13 0.000000e+00
34 100 1.038570e-03 1.038570e-03 0 3 3 3 0.000000e+00 0.000000e+00
34 101 1.038570e-03 1.307482e-03 0 3 3 3 2.802219e-13 0.000000e+00
34 102 1.038570e-03 1.646023e-03 0 3 3 3 2.471452e-13 0.000000e+00
34 103 1.038570e-03 2.072220e-03 0 3 3 3 2.205889e-13 0.000000e+00
34 104 1.038570e-03 2.608770e-03 0 3 3 3 1.990512e-13 0.000000e+00
34 105 1.038570e-03 3.284247e-03 0 3 3 3 1.811504e-13 0.000000e+00
34 106 1.038570e-03 4.134622e-03 0 3 3 3 1.657636e-13 0.000000e+00
34 107 1.038570e-03 5.205181e-03 0 3 3 3 1.519977e-13 0.000000e+00
34 108 1.038570e-03 6.552935e-03 0 3 3 3 1.391582e-13 0.000000e+00
34 109 1.038570e-03 8.249656e-03 0 3 3 3 1.267267e-13 0.000000e+00
35 99 1.307482e-03 8.249656e-04 0 3 3 3 2.739909e-13 0.000000e+00
35 100 1.307482e-03 1.038570e-03 0 3 3 3 2.802219e-13 0.000000e+00
35 101 1.307482e-03 1.307482e-03 0 3 3 3 0.000000e+00 0.000000e+00
35 102 1.307482e-03 1.646023e-03 0 3 3 3 2.533921e-13 0.000000e+00
35 103 1.307482e-03 2.072220e-03 0 3 3 3 2.236946e-13 0.000000e+00
35 104 1.307482e-03 2.608770e-03 0 3 3 3 2.005137e-13 0.000000e+00
35 105 1.307482e-03 3.284247e-03 0 3 3 3 1.818038e-13 0.000000e+00
35 106 1.307482e-03 4.134622e-03 0 3 3 3 1.660341e-13 0.000000e+00
35 107 1.307482e-03 5.205181e-03 0 3 3 3 1.520963e-13 0.000000e+00
35 108 1.307482e-03 6.552935e-03 0 3 3 3 1.391855e-13 0.000000e+00
35 109 1.307482e-03 8.249656e-03 0 3 3 3 1.267285e-13 0.000000e+00
36 99 1.646023e-03 8.249656e-04 0 3 3 3 2.437359e-13 0.000000e+00
36 100 1.646023e-03 1.038570e-03 0 3 3 3 2.471452e-13 0.000000e+00
36 101 1.646023e-03 1.307482e-03 0 3 3 3 2.533921e-13 0.000000e+00
36 102 1.646023e-03 1.646023e-03 0 3 3 3 0.000000e+00 0.000000e+00
36 103 1.646023e-03 2.072220e-03 0 3 3 3 2.296789e-13 0.000000e+00
36 104 1.646023e-03 2.608770e-03 0 3 3 3 2.032008e-13 0.000000e+00
36 105 1.646023e-03 3.284247e-03 0 3 3 3 1.829589e-13 0.000000e+00
36 106 1.646023e-03 4.134622e-03 0 3 3 3 1.665004e-13 0.000000e+00
36 107 1.646023e-03 5.205181e-03 0 3 3 3 1.522639e-13 0.000000e+00
36 108 1.646023e-03 6.552935e-03 0 3 3 3 1.392320e-13 0.000000e+00
36 109 1.646023e-03 8.249656e-03 0 3 3 3 1.267321e-13 0.000000e+00
37 99 2.072220e-03 8.249656e-04 0 3 3 3 2.188484e-13 0.000000e+00
37 100 2.072220e-03 1.038570e-03 0 3 3 3 2.205889e-13 0.000000e+00
37 101 2.072220e-03 1.307482e-03 0 3 3 3 2.236946e-13 0.000000e+00
37 102 2.072220e-03 1.646023e-03 0 3 3 3 2.296789e-13 0.000000e+00
37 103 2.072220e-03 2.072220e-03 0 3 3 3 0.000000e+00 0.000000e+00
37 104 2.072220e-03 2.608770e-03 0 3 3 3 2.086832e-13 0.000000e+00
37 105 2.072220e-03 3.284247e-03 0 3 3 3 1.851575e-13 0.000000e+00
37 106 2.072220e-03 4.134622e-03 0 3 3 3 1.673476e-13 0.000000e+00
37 107 2.072220e-03 5.205181e-03 0 3 3 3 1.525607e-13 0.000000e+00
37 108 2.072220e-03 6.552935e-03 0 3 3 3 1.393144e-13 0.000000e+00
37 109 2.072220e-03 8.249656e-03 0 3 3 3 1.267399e-13 0.000000e+00
38 99 2.608770e-03 8.249656e-04 0 3 3 3 1.982069e-13 0.000000e+00
38 100 2.608770e-03 1.038570e-03 0 3 3 3 1.990512e-13 0.000000e+00
38 101 2.608770e-03 1.307482e-03 0 3 3 3 2.005137e-13 0.000000e+00
38 102 2.608770e-03 1.646023e-03 0 3 3 3 2.032008e-13 0.000000e+00
38 103 2.608770e-03 2.072220e-03 0 3 3 3 2.086832e-13 0.000000e+00
38 104 2.608770e-03 2.608770e-03 0 3 3 3 0.000000e+00 0.000000e+00
38 105 2.608770e-03 3.284247e-03 0 3 3 3 1.899562e-13 0.000000e+00
38 106 2.608770e-03 4.134622e-03 0 3 3 3 1.690346e-13 0.000000e+00
38 107 2.608770e-03 5.205181e-03 0 3 3 3 1.531232e-13 0.000000e+00
38 108 2.608770e-03 6.552935e-03 0 3 3 3 1.394694e-13 0.000000e+00
38 109 2.608770e-03 8.249656e-03 0 3 3 3 1.267585e-13 0.000000e+00
39 99 3.284247e-03 8.249656e-04 0 3 3 3 1.807650e-13 0.000000e+00
39 100 3.284247e-03 1.038570e-03 0 3 3 3 1.811504e-13 0.000000e+00
39 101 3.284247e-03 1.307482e-03 0 3 3 3 1.818038e-13 0.000000e+00
39 102 3.284247e-03 1.646023e-03 0 3 3 3 1.829589e-13 0.000000e+00
39 103 3.284247e-03 2.072220e-03 0 3 3 3 1.851575e-13 0.000000e+00
39 104 3.284247e-03 2.608770e-03 0 3 3 3 1.899562e-13 0.000000e+00
39 105 3.284247e-03 3.284247e-03 0 3 3 3 0.000000e+00 0.000000e+00
39 106 3.284247e-03 4.134622e-03 0 3 3 3 1.730353e-13 0.000000e+00
39 107 3.284247e-03 5.205181e-03 0 3 3 3 1.543181e-13 0.000000e+00
39 108 3.284247e-03 6.552935e-03 0 3 3 3 1.397884e-13 0.000000e+00
39 109 3.284247e-03 8.249656e-03 0 3 3 3 1.268054e-13 0.000000e+00
40 99 4.134622e-03 8.249656e-04 0 3 3 3 1.656019e-13 0.000000e+00
40 100 4.134622e-03 1.038570e-03 0 3 3 3 1.657636e-13 0.000000e+00
40 101 4.134622e-03 1.307482e-03 0 3 3 3 1.660341e-13 0.000000e+00
40 102 4.134622e-03 1.646023e-03 0 3 3 3 1.665004e-13 0.000000e+00
40 103 4.134622e-03 2.072220e-03 0 3 3 3 1.673476e-13 0.000000e+00
40 104 4.134622e-03 2.608770e-03 0 3 3 3 1.690346e-13 0.000000e+00
40 105 4.134622e-03 3.284247e-03 0 3 3 3 1.730353e-13 0.000000e+00
40 106 4.134622e-03 4.134622e-03 0 3 3 3 0.000000e+00 0.000000e+00
40 107 4.134622e-03 5.205181e-03 0 3 3 3 1.574775e-13 0.000000e+00
40 108 4.134622e-03 6.552935e-03 0 3 3 3 1.405449e-13 0.000000e+00
40 109 4.134622e-03 8.249656e-03 0 3 3 3 1.269337e-13 0.000000e+00
41 99 5.205181e-03 8.249656e-04 0 3 3 3 1.519384e-13 0.000000e+00
41 100 5.205181e-03 1.038570e-03 0 3 3 3 1.519977e-13 0.000000e+00
41 101 5.205181e-03 1.307482e-03 0 3 3 3 1.520963e-13 0.000000e+00
41 102 5.205181e-03 1.646023e-03 0 3 3 3 1.522639e-13 0.000000e+00
41 103 5.205181e-03 2.072220e-03 0 3 3 3 1.525607e-13 0.000000e+00
41 104 5.205181e-03 2.608770e-03 0 3 3 3 1.531232e-13 0.000000e+00
41 105 5.205181e-03 3.284247e-03 0 3 3 3 1.543181e-13 0.000000e+00
41 106 5.205181e-03 4.134622e-03 0 3 3 3 1.574775e-13 0.000000e+00
41 107 5.205181e-03 5.205181e-03 0 3 3 3 0.000000e+00 0.000000e+00
41 108 5.205181e-03 6.552935e-03 0 3 3 3 1.428870e-13 0.000000e+00
41 109 5.205181e-03 8.249656e-03 0 3 3 3 1.273309e-13 0.000000e+00
42 99 6.552935e-03 8.249656e-04 0 3 3 3 1.391420e-13 0.000000e+00
42 100 6.552935e-03 1.038570e-03 0 3 3 3 1.391582e-13 0.000000e+00
42 101 6.552935e-03 1.307482e-03 0 3 3 3 1.391855e-13 0.000000e+00
42 102 6.552935e-03 1.646023e-03 0 3 3 3 1.392320e-13 0.000000e+00
42 103 6.552935e-03 2.072220e-03 0 3 3 3 1.393144e-13 0.000000e+00
42 104 6.552935e-03 2.608770e-03 0 3 3 3 1.394694e-13 0.000000e+00
42 105 6.552935e-03 3.284247e-03 0 3 3 3 1.397884e-13 0.000000e+00
42 106 6.552935e-03 4.134622e-03 0 3 3 3 1.405449e-13 0.000000e+00
42 107 6.552935e-03 5.205181e-03 0 3 3 3 1.428870e-13 0.000000e+00
42 108 6.552935e-03 6.552935e-03 0 3 3 3 0.000000e+00 0.000000e+00
42 109 6.552935e-03 8.249656e-03 0 3 3 3 1.289369e-13 0.000000e+00
43 99 8.249656e-03 8.249656e-04 0 3 3 3 1.267261e-13 0.000000e+00
43 100 8.249656e-03 1.038570e-03 0 3 3 3 1.267267e-13 0.000000e+00
43 101 8.249656e-03 1.307482e-03 0 3 3 3 1.267285e-13 0.000000e+00
43 102 8.249656e-03 1.646023e-03 0 3 3 3 1.267321e-13 0.000000e+00
43 103 8.249656e-03 2.072220e-03 0 3 3 3 1.267399e-13 0.000000e+00
43 104 8.249656e-03 2.608770e-03 0 3 3 3 1.267585e-13 0.000000e+00
43 105 8.249656e-03 3.284247e-03 0 3 3 3 1.268054e-13 0.000000e+00
43 106 8.249656e-03 4.134622e-03 0 3 3 3 1.269337e-13 0.000000e+00
43 107 8.249656e-03 5.205181e-03 0 3 3 3 1.273309e-13 0.000000e+00
43 108 8.249656e-03 6.552935e-03 0 3 3 3 1.289369e-13 0.000000e+00
43 109 8.249656e-03 8.249656e-03 0 3 3 3 0.000000e+00 0.000000e+00
