# Please cite the following papers in research using this covariance:
# arXiv: 1601.05779, https://arxiv.org/abs/1601.05779
# arXiv: 1911.11947, https://arxiv.org/abs/1911.11947
# arXiv: 2004.04833, https://arxiv.org/abs/2004.04833
# arXiv: 1804.10663, https://arxiv.org/abs/1804.10663
########################################################
33 176 8.249656e-04 8.249656e-04 0 3 1 3 0.000000e+00 0.000000e+00
33 177 8.249656e-04 1.038570e-03 0 3 1 3 -4.393744e-15 0.000000e+00
33 178 8.249656e-04 1.307482e-03 0 3 1 3 -1.921041e-15 0.000000e+00
33 179 8.249656e-04 1.646023e-03 0 3 1 3 2.295656e-15 0.000000e+00
33 180 8.249656e-04 2.072220e-03 0 3 1 3 5.727510e-15 0.000000e+00
33 181 8.249656e-04 2.608770e-03 0 3 1 3 7.820317e-15 0.000000e+00
33 182 8.249656e-04 3.284247e-03 0 3 1 3 8.739330e-15 0.000000e+00
33 183 8.249656e-04 4.134622e-03 0 3 1 3 8.830641e-15 0.000000e+00
33 184 8.249656e-04 5.205181e-03 0 3 1 3 8.426254e-15 0.000000e+00
33 185 8.249656e-04 6.552935e-03 0 3 1 3 7.787517e-15 0.000000e+00
33 186 8.249656e-04 8.249656e-03 0 3 1 3 7.100033e-15 0.000000e+00
34 176 1.038570e-03 8.249656e-04 0 3 1 3 -3.435095e-17 0.000000e+00
34 177 1.038570e-03 1.038570e-03 0 3 1 3 0.000000e+00 0.000000e+00
34 178 1.038570e-03 1.307482e-03 0 3 1 3 -4.460331e-15 0.000000e+00
34 179 1.038570e-03 1.646023e-03 0 3 1 3 -1.979296e-15 0.000000e+00
34 180 1.038570e-03 2.072220e-03 0 3 1 3 2.125923e-15 0.000000e+00
34 181 1.038570e-03 2.608770e-03 0 3 1 3 5.330339e-15 0.000000e+00
34 182 1.038570e-03 3.284247e-03 0 3 1 3 7.174917e-15 0.000000e+00
34 183 1.038570e-03 4.134622e-03 0 3 1 3 7.901001e-15 0.000000e+00
34 184 1.038570e-03 5.205181e-03 0 3 1 3 7.892253e-15 0.000000e+00
34 185 1.038570e-03 6.552935e-03 0 3 1 3 7.486338e-15 0.000000e+00
34 186 1.038570e-03 8.249656e-03 0 3 1 3 6.931005e-15 0.000000e+00
35 176 1.307482e-03 8.249656e-04 0 3 1 3 1.866560e-17 0.000000e+00
35 177 1.307482e-03 1.038570e-03 0 3 1 3 1.102663e-17 0.000000e+00
35 178 1.307482e-03 1.307482e-03 0 3 1 3 0.000000e+00 0.000000e+00
35 179 1.307482e-03 1.646023e-03 0 3 1 3 -4.457527e-15 0.000000e+00
35 180 1.307482e-03 2.072220e-03 0 3 1 3 -1.992770e-15 0.000000e+00
35 181 1.307482e-03 2.608770e-03 0 3 1 3 1.944484e-15 0.000000e+00
35 182 1.307482e-03 3.284247e-03 0 3 1 3 4.888058e-15 0.000000e+00
35 183 1.307482e-03 4.134622e-03 0 3 1 3 6.492719e-15 0.000000e+00
35 184 1.307482e-03 5.205181e-03 0 3 1 3 7.067783e-15 0.000000e+00
35 185 1.307482e-03 6.552935e-03 0 3 1 3 7.016437e-15 0.000000e+00
35 186 1.307482e-03 8.249656e-03 0 3 1 3 6.665699e-15 0.000000e+00
36 176 1.646023e-03 8.249656e-04 0 3 1 3 1.408489e-17 0.000000e+00
36 177 1.646023e-03 1.038570e-03 0 3 1 3 3.373358e-17 0.000000e+00
36 178 1.646023e-03 1.307482e-03 0 3 1 3 6.245457e-17 0.000000e+00
36 179 1.646023e-03 1.646023e-03 0 3 1 3 0.000000e+00 0.000000e+00
36 180 1.646023e-03 2.072220e-03 0 3 1 3 -4.378259e-15 0.000000e+00
36 181 1.646023e-03 2.608770e-03 0 3 1 3 -1.955740e-15 0.000000e+00
36 182 1.646023e-03 3.284247e-03 0 3 1 3 1.762855e-15 0.000000e+00
36 183 1.646023e-03 4.134622e-03 0 3 1 3 4.427966e-15 0.000000e+00
36 184 1.646023e-03 5.205181e-03 0 3 1 3 5.816863e-15 0.000000e+00
36 185 1.646023e-03 6.552935e-03 0 3 1 3 6.290470e-15 0.000000e+00
36 186 1.646023e-03 8.249656e-03 0 3 1 3 6.251671e-15 0.000000e+00
37 176 2.072220e-03 8.249656e-04 0 3 1 3 7.419139e-18 0.000000e+00
37 177 2.072220e-03 1.038570e-03 0 3 1 3 1.840439e-17 0.000000e+00
37 178 2.072220e-03 1.307482e-03 0 3 1 3 4.855753e-17 0.000000e+00
37 179 2.072220e-03 1.646023e-03 0 3 1 3 1.151489e-16 0.000000e+00
37 180 2.072220e-03 2.072220e-03 0 3 1 3 0.000000e+00 0.000000e+00
37 181 2.072220e-03 2.608770e-03 0 3 1 3 -4.221313e-15 0.000000e+00
37 182 2.072220e-03 3.284247e-03 0 3 1 3 -1.867829e-15 0.000000e+00
37 183 2.072220e-03 4.134622e-03 0 3 1 3 1.591654e-15 0.000000e+00
37 184 2.072220e-03 5.205181e-03 0 3 1 3 3.977858e-15 0.000000e+00
37 185 2.072220e-03 6.552935e-03 0 3 1 3 5.187788e-15 0.000000e+00
37 186 2.072220e-03 8.249656e-03 0 3 1 3 5.611892e-15 0.000000e+00
38 176 2.608770e-03 8.249656e-04 0 3 1 3 3.550015e-18 0.000000e+00
38 177 2.608770e-03 1.038570e-03 0 3 1 3 8.171930e-18 0.000000e+00
38 178 2.608770e-03 1.307482e-03 0 3 1 3 2.194561e-17 0.000000e+00
38 179 2.608770e-03 1.646023e-03 0 3 1 3 6.048961e-17 0.000000e+00
38 180 2.608770e-03 2.072220e-03 0 3 1 3 1.635520e-16 0.000000e+00
38 181 2.608770e-03 2.608770e-03 0 3 1 3 0.000000e+00 0.000000e+00
38 182 2.608770e-03 3.284247e-03 0 3 1 3 -3.993091e-15 0.000000e+00
38 183 2.608770e-03 4.134622e-03 0 3 1 3 -1.734517e-15 0.000000e+00
38 184 2.608770e-03 5.205181e-03 0 3 1 3 1.439270e-15 0.000000e+00
38 185 2.608770e-03 6.552935e-03 0 3 1 3 3.563406e-15 0.000000e+00
38 186 2.608770e-03 8.249656e-03 0 3 1 3 4.639627e-15 0.000000e+00
39 176 3.284247e-03 8.249656e-04 0 3 1 3 1.659180e-18 0.000000e+00
39 177 3.284247e-03 1.038570e-03 0 3 1 3 3.213544e-18 0.000000e+00
39 178 3.284247e-03 1.307482e-03 0 3 1 3 8.655251e-18 0.000000e+00
39 179 3.284247e-03 1.646023e-03 0 3 1 3 2.375542e-17 0.000000e+00
39 180 3.284247e-03 2.072220e-03 0 3 1 3 6.775332e-17 0.000000e+00
39 181 3.284247e-03 2.608770e-03 0 3 1 3 2.023847e-16 0.000000e+00
39 182 3.284247e-03 3.284247e-03 0 3 1 3 0.000000e+00 0.000000e+00
39 183 3.284247e-03 4.134622e-03 0 3 1 3 -3.707090e-15 0.000000e+00
39 184 3.284247e-03 5.205181e-03 0 3 1 3 -1.566482e-15 0.000000e+00
39 185 3.284247e-03 6.552935e-03 0 3 1 3 1.312030e-15 0.000000e+00
39 186 3.284247e-03 8.249656e-03 0 3 1 3 3.205902e-15 0.000000e+00
40 176 4.134622e-03 8.249656e-04 0 3 1 3 8.643143e-19 0.000000e+00
40 177 4.134622e-03 1.038570e-03 0 3 1 3 1.138186e-18 0.000000e+00
40 178 4.134622e-03 1.307482e-03 0 3 1 3 3.114317e-18 0.000000e+00
40 179 4.134622e-03 1.646023e-03 0 3 1 3 8.503650e-18 0.000000e+00
40 180 4.134622e-03 2.072220e-03 0 3 1 3 2.348807e-17 0.000000e+00
40 181 4.134622e-03 2.608770e-03 0 3 1 3 6.961888e-17 0.000000e+00
40 182 4.134622e-03 3.284247e-03 0 3 1 3 2.270835e-16 0.000000e+00
40 183 4.134622e-03 4.134622e-03 0 3 1 3 0.000000e+00 0.000000e+00
40 184 4.134622e-03 5.205181e-03 0 3 1 3 -3.381960e-15 0.000000e+00
40 185 4.134622e-03 6.552935e-03 0 3 1 3 -1.377480e-15 0.000000e+00
40 186 4.134622e-03 8.249656e-03 0 3 1 3 1.213877e-15 0.000000e+00
41 176 5.205181e-03 8.249656e-04 0 3 1 3 5.386952e-19 0.000000e+00
41 177 5.205181e-03 1.038570e-03 0 3 1 3 3.269848e-19 0.000000e+00
41 178 5.205181e-03 1.307482e-03 0 3 1 3 9.972610e-19 0.000000e+00
41 179 5.205181e-03 1.646023e-03 0 3 1 3 2.826196e-18 0.000000e+00
41 180 5.205181e-03 2.072220e-03 0 3 1 3 7.553135e-18 0.000000e+00
41 181 5.205181e-03 2.608770e-03 0 3 1 3 2.145471e-17 0.000000e+00
41 182 5.205181e-03 3.284247e-03 0 3 1 3 6.611957e-17 0.000000e+00
41 183 5.205181e-03 4.134622e-03 0 3 1 3 2.354075e-16 0.000000e+00
41 184 5.205181e-03 5.205181e-03 0 3 1 3 0.000000e+00 0.000000e+00
41 185 5.205181e-03 6.552935e-03 0 3 1 3 -3.039366e-15 0.000000e+00
41 186 5.205181e-03 8.249656e-03 0 3 1 3 -1.182384e-15 0.000000e+00
42 176 6.552935e-03 8.249656e-04 0 3 1 3 4.394758e-19 0.000000e+00
42 177 6.552935e-03 1.038570e-03 0 3 1 3 4.707991e-20 0.000000e+00
42 178 6.552935e-03 1.307482e-03 0 3 1 3 2.818388e-19 0.000000e+00
42 179 6.552935e-03 1.646023e-03 0 3 1 3 9.070987e-19 0.000000e+00
42 180 6.552935e-03 2.072220e-03 0 3 1 3 2.296013e-18 0.000000e+00
42 181 6.552935e-03 2.608770e-03 0 3 1 3 6.281523e-18 0.000000e+00
42 182 6.552935e-03 3.284247e-03 0 3 1 3 1.815047e-17 0.000000e+00
42 183 6.552935e-03 4.134622e-03 0 3 1 3 5.818788e-17 0.000000e+00
42 184 6.552935e-03 5.205181e-03 0 3 1 3 2.273237e-16 0.000000e+00
42 185 6.552935e-03 6.552935e-03 0 3 1 3 0.000000e+00 0.000000e+00
42 186 6.552935e-03 8.249656e-03 0 3 1 3 -2.701277e-15 0.000000e+00
43 176 8.249656e-03 8.249656e-04 0 3 1 3 3.945689e-19 0.000000e+00
43 177 8.249656e-03 1.038570e-03 0 3 1 3 -5.063523e-20 0.000000e+00
43 178 8.249656e-03 1.307482e-03 0 3 1 3 3.453699e-20 0.000000e+00
43 179 8.249656e-03 1.646023e-03 0 3 1 3 2.642342e-19 0.000000e+00
43 180 8.249656e-03 2.072220e-03 0 3 1 3 6.171145e-19 0.000000e+00
43 181 8.249656e-03 2.608770e-03 0 3 1 3 1.675048e-18 0.000000e+00
43 182 8.249656e-03 3.284247e-03 0 3 1 3 4.685134e-18 0.000000e+00
43 183 8.249656e-03 4.134622e-03 0 3 1 3 1.397549e-17 0.000000e+00
43 184 8.249656e-03 5.205181e-03 0 3 1 3 4.711720e-17 0.000000e+00
43 185 8.249656e-03 6.552935e-03 0 3 1 3 2.048724e-16 0.000000e+00
43 186 8.249656e-03 8.249656e-03 0 3 1 3 0.000000e+00 0.000000e+00
