# Please cite the following papers in research using this covariance:
# arXiv: 1601.05779, https://arxiv.org/abs/1601.05779
# arXiv: 1911.11947, https://arxiv.org/abs/1911.11947
# arXiv: 2004.04833, https://arxiv.org/abs/2004.04833
# arXiv: 1804.10663, https://arxiv.org/abs/1804.10663
########################################################
187 187 8.249656e-04 8.249656e-04 2 2 2 2 3.562622e-11 0.000000e+00
187 188 8.249656e-04 1.038570e-03 2 2 2 2 4.819103e-14 0.000000e+00
187 189 8.249656e-04 1.307482e-03 2 2 2 2 1.724773e-14 0.000000e+00
187 190 8.249656e-04 1.646023e-03 2 2 2 2 5.844219e-15 0.000000e+00
187 191 8.249656e-04 2.072220e-03 2 2 2 2 1.919129e-15 0.000000e+00
187 192 8.249656e-04 2.608770e-03 2 2 2 2 6.172692e-16 0.000000e+00
187 193 8.249656e-04 3.284247e-03 2 2 2 2 1.960330e-16 0.000000e+00
187 194 8.249656e-04 4.134622e-03 2 2 2 2 6.223684e-17 0.000000e+00
187 195 8.249656e-04 5.205181e-03 2 2 2 2 1.979136e-17 0.000000e+00
187 196 8.249656e-04 6.552935e-03 2 2 2 2 6.546809e-18 0.000000e+00
187 197 8.249656e-04 8.249656e-03 2 2 2 2 2.170972e-18 0.000000e+00
188 187 1.038570e-03 8.249656e-04 2 2 2 2 4.819103e-14 0.000000e+00
188 188 1.038570e-03 1.038570e-03 2 2 2 2 2.259650e-11 0.000000e+00
188 189 1.038570e-03 1.307482e-03 2 2 2 2 4.544046e-14 0.000000e+00
188 190 1.038570e-03 1.646023e-03 2 2 2 2 1.542108e-14 0.000000e+00
188 191 1.038570e-03 2.072220e-03 2 2 2 2 5.008883e-15 0.000000e+00
188 192 1.038570e-03 2.608770e-03 2 2 2 2 1.592875e-15 0.000000e+00
188 193 1.038570e-03 3.284247e-03 2 2 2 2 5.013072e-16 0.000000e+00
188 194 1.038570e-03 4.134622e-03 2 2 2 2 1.579622e-16 0.000000e+00
188 195 1.038570e-03 5.205181e-03 2 2 2 2 5.036194e-17 0.000000e+00
188 196 1.038570e-03 6.552935e-03 2 2 2 2 1.639128e-17 0.000000e+00
188 197 1.038570e-03 8.249656e-03 2 2 2 2 5.542138e-18 0.000000e+00
189 187 1.307482e-03 8.249656e-04 2 2 2 2 1.724773e-14 0.000000e+00
189 188 1.307482e-03 1.038570e-03 2 2 2 2 4.544046e-14 0.000000e+00
189 189 1.307482e-03 1.307482e-03 2 2 2 2 1.432082e-11 0.000000e+00
189 190 1.307482e-03 1.646023e-03 2 2 2 2 4.181032e-14 0.000000e+00
189 191 1.307482e-03 2.072220e-03 2 2 2 2 1.341290e-14 0.000000e+00
189 192 1.307482e-03 2.608770e-03 2 2 2 2 4.185463e-15 0.000000e+00
189 193 1.307482e-03 3.284247e-03 2 2 2 2 1.297596e-15 0.000000e+00
189 194 1.307482e-03 4.134622e-03 2 2 2 2 4.041687e-16 0.000000e+00
189 195 1.307482e-03 5.205181e-03 2 2 2 2 1.278296e-16 0.000000e+00
189 196 1.307482e-03 6.552935e-03 2 2 2 2 4.158215e-17 0.000000e+00
189 197 1.307482e-03 8.249656e-03 2 2 2 2 1.412887e-17 0.000000e+00
190 187 1.646023e-03 8.249656e-04 2 2 2 2 5.844219e-15 0.000000e+00
190 188 1.646023e-03 1.038570e-03 2 2 2 2 1.542108e-14 0.000000e+00
190 189 1.646023e-03 1.307482e-03 2 2 2 2 4.181032e-14 0.000000e+00
190 190 1.646023e-03 1.646023e-03 2 2 2 2 9.082133e-12 0.000000e+00
190 191 1.646023e-03 2.072220e-03 2 2 2 2 3.752962e-14 0.000000e+00
190 192 1.646023e-03 2.608770e-03 2 2 2 2 1.136886e-14 0.000000e+00
190 193 1.646023e-03 3.284247e-03 2 2 2 2 3.429287e-15 0.000000e+00
190 194 1.646023e-03 4.134622e-03 2 2 2 2 1.047509e-15 0.000000e+00
190 195 1.646023e-03 5.205181e-03 2 2 2 2 3.271340e-16 0.000000e+00
190 196 1.646023e-03 6.552935e-03 2 2 2 2 1.054041e-16 0.000000e+00
190 197 1.646023e-03 8.249656e-03 2 2 2 2 3.542778e-17 0.000000e+00
191 187 2.072220e-03 8.249656e-04 2 2 2 2 1.919129e-15 0.000000e+00
191 188 2.072220e-03 1.038570e-03 2 2 2 2 5.008883e-15 0.000000e+00
191 189 2.072220e-03 1.307482e-03 2 2 2 2 1.341290e-14 0.000000e+00
191 190 2.072220e-03 1.646023e-03 2 2 2 2 3.752962e-14 0.000000e+00
191 191 2.072220e-03 2.072220e-03 2 2 2 2 5.758362e-12 0.000000e+00
191 192 2.072220e-03 2.608770e-03 2 2 2 2 3.289324e-14 0.000000e+00
191 193 2.072220e-03 3.284247e-03 2 2 2 2 9.431227e-15 0.000000e+00
191 194 2.072220e-03 4.134622e-03 2 2 2 2 2.777568e-15 0.000000e+00
191 195 2.072220e-03 5.205181e-03 2 2 2 2 8.474792e-16 0.000000e+00
191 196 2.072220e-03 6.552935e-03 2 2 2 2 2.693067e-16 0.000000e+00
191 197 2.072220e-03 8.249656e-03 2 2 2 2 8.989555e-17 0.000000e+00
192 187 2.608770e-03 8.249656e-04 2 2 2 2 6.172692e-16 0.000000e+00
192 188 2.608770e-03 1.038570e-03 2 2 2 2 1.592875e-15 0.000000e+00
192 189 2.608770e-03 1.307482e-03 2 2 2 2 4.185463e-15 0.000000e+00
192 190 2.608770e-03 1.646023e-03 2 2 2 2 1.136886e-14 0.000000e+00
192 191 2.608770e-03 2.072220e-03 2 2 2 2 3.289324e-14 0.000000e+00
192 192 2.608770e-03 2.608770e-03 2 2 2 2 3.648679e-12 0.000000e+00
192 193 2.608770e-03 3.284247e-03 2 2 2 2 2.821235e-14 0.000000e+00
192 194 2.608770e-03 4.134622e-03 2 2 2 2 7.706771e-15 0.000000e+00
192 195 2.608770e-03 5.205181e-03 2 2 2 2 2.247746e-15 0.000000e+00
192 196 2.608770e-03 6.552935e-03 2 2 2 2 6.961529e-16 0.000000e+00
192 197 2.608770e-03 8.249656e-03 2 2 2 2 2.287545e-16 0.000000e+00
193 187 3.284247e-03 8.249656e-04 2 2 2 2 1.960330e-16 0.000000e+00
193 188 3.284247e-03 1.038570e-03 2 2 2 2 5.013072e-16 0.000000e+00
193 189 3.284247e-03 1.307482e-03 2 2 2 2 1.297596e-15 0.000000e+00
193 190 3.284247e-03 1.646023e-03 2 2 2 2 3.429287e-15 0.000000e+00
193 191 3.284247e-03 2.072220e-03 2 2 2 2 9.431227e-15 0.000000e+00
193 192 3.284247e-03 2.608770e-03 2 2 2 2 2.821235e-14 0.000000e+00
193 193 3.284247e-03 3.284247e-03 2 2 2 2 2.310616e-12 0.000000e+00
193 194 3.284247e-03 4.134622e-03 2 2 2 2 2.376604e-14 0.000000e+00
193 195 3.284247e-03 5.205181e-03 2 2 2 2 6.259461e-15 0.000000e+00
193 196 3.284247e-03 6.552935e-03 2 2 2 2 1.840164e-15 0.000000e+00
193 197 3.284247e-03 8.249656e-03 2 2 2 2 5.883535e-16 0.000000e+00
194 187 4.134622e-03 8.249656e-04 2 2 2 2 6.223684e-17 0.000000e+00
194 188 4.134622e-03 1.038570e-03 2 2 2 2 1.579622e-16 0.000000e+00
194 189 4.134622e-03 1.307482e-03 2 2 2 2 4.041687e-16 0.000000e+00
194 190 4.134622e-03 1.646023e-03 2 2 2 2 1.047509e-15 0.000000e+00
194 191 4.134622e-03 2.072220e-03 2 2 2 2 2.777568e-15 0.000000e+00
194 192 4.134622e-03 2.608770e-03 2 2 2 2 7.706771e-15 0.000000e+00
194 193 4.134622e-03 3.284247e-03 2 2 2 2 2.376604e-14 0.000000e+00
194 194 4.134622e-03 4.134622e-03 2 2 2 2 1.464379e-12 0.000000e+00
194 195 4.134622e-03 5.205181e-03 2 2 2 2 1.976823e-14 0.000000e+00
194 196 4.134622e-03 6.552935e-03 2 2 2 2 5.109673e-15 0.000000e+00
194 197 4.134622e-03 8.249656e-03 2 2 2 2 1.544040e-15 0.000000e+00
195 187 5.205181e-03 8.249656e-04 2 2 2 2 1.979136e-17 0.000000e+00
195 188 5.205181e-03 1.038570e-03 2 2 2 2 5.036194e-17 0.000000e+00
195 189 5.205181e-03 1.307482e-03 2 2 2 2 1.278296e-16 0.000000e+00
195 190 5.205181e-03 1.646023e-03 2 2 2 2 3.271340e-16 0.000000e+00
195 191 5.205181e-03 2.072220e-03 2 2 2 2 8.474792e-16 0.000000e+00
195 192 5.205181e-03 2.608770e-03 2 2 2 2 2.247746e-15 0.000000e+00
195 193 5.205181e-03 3.284247e-03 2 2 2 2 6.259461e-15 0.000000e+00
195 194 5.205181e-03 4.134622e-03 2 2 2 2 1.976823e-14 0.000000e+00
195 195 5.205181e-03 5.205181e-03 2 2 2 2 9.279910e-13 0.000000e+00
195 196 5.205181e-03 6.552935e-03 2 2 2 2 1.635159e-14 0.000000e+00
195 197 5.205181e-03 8.249656e-03 2 2 2 2 4.244342e-15 0.000000e+00
196 187 6.552935e-03 8.249656e-04 2 2 2 2 6.546809e-18 0.000000e+00
196 188 6.552935e-03 1.038570e-03 2 2 2 2 1.639128e-17 0.000000e+00
196 189 6.552935e-03 1.307482e-03 2 2 2 2 4.158215e-17 0.000000e+00
196 190 6.552935e-03 1.646023e-03 2 2 2 2 1.054041e-16 0.000000e+00
196 191 6.552935e-03 2.072220e-03 2 2 2 2 2.693067e-16 0.000000e+00
196 192 6.552935e-03 2.608770e-03 2 2 2 2 6.961529e-16 0.000000e+00
196 193 6.552935e-03 3.284247e-03 2 2 2 2 1.840164e-15 0.000000e+00
196 194 6.552935e-03 4.134622e-03 2 2 2 2 5.109673e-15 0.000000e+00
196 195 6.552935e-03 5.205181e-03 2 2 2 2 1.635159e-14 0.000000e+00
196 196 6.552935e-03 6.552935e-03 2 2 2 2 5.878906e-13 0.000000e+00
196 197 6.552935e-03 8.249656e-03 2 2 2 2 1.356718e-14 0.000000e+00
197 187 8.249656e-03 8.249656e-04 2 2 2 2 2.170972e-18 0.000000e+00
197 188 8.249656e-03 1.038570e-03 2 2 2 2 5.542138e-18 0.000000e+00
197 189 8.249656e-03 1.307482e-03 2 2 2 2 1.412887e-17 0.000000e+00
197 190 8.249656e-03 1.646023e-03 2 2 2 2 3.542778e-17 0.000000e+00
197 191 8.249656e-03 2.072220e-03 2 2 2 2 8.989555e-17 0.000000e+00
197 192 8.249656e-03 2.608770e-03 2 2 2 2 2.287545e-16 0.000000e+00
197 193 8.249656e-03 3.284247e-03 2 2 2 2 5.883535e-16 0.000000e+00
197 194 8.249656e-03 4.134622e-03 2 2 2 2 1.544040e-15 0.000000e+00
197 195 8.249656e-03 5.205181e-03 2 2 2 2 4.244342e-15 0.000000e+00
197 196 8.249656e-03 6.552935e-03 2 2 2 2 1.356718e-14 0.000000e+00
197 197 8.249656e-03 8.249656e-03 2 2 2 2 3.726360e-13 0.000000e+00
