# Please cite the following papers in research using this covariance:
# arXiv: 1601.05779, https://arxiv.org/abs/1601.05779
# arXiv: 1911.11947, https://arxiv.org/abs/1911.11947
# arXiv: 2004.04833, https://arxiv.org/abs/2004.04833
# arXiv: 1804.10663, https://arxiv.org/abs/1804.10663
########################################################
77 88 8.249656e-04 8.249656e-04 2 2 2 3 0.000000e+00 0.000000e+00
77 89 8.249656e-04 1.038570e-03 2 2 2 3 6.062475e-13 0.000000e+00
77 90 8.249656e-04 1.307482e-03 2 2 2 3 5.259412e-13 0.000000e+00
77 91 8.249656e-04 1.646023e-03 2 2 2 3 4.636850e-13 0.000000e+00
77 92 8.249656e-04 2.072220e-03 2 2 2 3 4.150134e-13 0.000000e+00
77 93 8.249656e-04 2.608770e-03 2 2 2 3 3.758366e-13 0.000000e+00
77 94 8.249656e-04 3.284247e-03 2 2 2 3 3.430652e-13 0.000000e+00
77 95 8.249656e-04 4.134622e-03 2 2 2 3 3.144285e-13 0.000000e+00
77 96 8.249656e-04 5.205181e-03 2 2 2 3 2.882751e-13 0.000000e+00
77 97 8.249656e-04 6.552935e-03 2 2 2 3 2.634229e-13 0.000000e+00
77 98 8.249656e-04 8.249656e-03 2 2 2 3 2.390541e-13 0.000000e+00
78 88 1.038570e-03 8.249656e-04 2 2 2 3 6.062475e-13 0.000000e+00
78 89 1.038570e-03 1.038570e-03 2 2 2 3 0.000000e+00 0.000000e+00
78 90 1.038570e-03 1.307482e-03 2 2 2 3 5.431066e-13 0.000000e+00
78 91 1.038570e-03 1.646023e-03 2 2 2 3 4.719837e-13 0.000000e+00
78 92 1.038570e-03 2.072220e-03 2 2 2 3 4.187917e-13 0.000000e+00
78 93 1.038570e-03 2.608770e-03 2 2 2 3 3.774904e-13 0.000000e+00
78 94 1.038570e-03 3.284247e-03 2 2 2 3 3.437532e-13 0.000000e+00
78 95 1.038570e-03 4.134622e-03 2 2 2 3 3.146929e-13 0.000000e+00
78 96 1.038570e-03 5.205181e-03 2 2 2 3 2.883630e-13 0.000000e+00
78 97 1.038570e-03 6.552935e-03 2 2 2 3 2.634430e-13 0.000000e+00
78 98 1.038570e-03 8.249656e-03 2 2 2 3 2.390522e-13 0.000000e+00
79 88 1.307482e-03 8.249656e-04 2 2 2 3 5.259412e-13 0.000000e+00
79 89 1.307482e-03 1.038570e-03 2 2 2 3 5.431066e-13 0.000000e+00
79 90 1.307482e-03 1.307482e-03 2 2 2 3 0.000000e+00 0.000000e+00
79 91 1.307482e-03 1.646023e-03 2 2 2 3 4.882350e-13 0.000000e+00
79 92 1.307482e-03 2.072220e-03 2 2 2 3 4.258356e-13 0.000000e+00
79 93 1.307482e-03 2.608770e-03 2 2 2 3 3.804348e-13 0.000000e+00
79 94 1.307482e-03 3.284247e-03 2 2 2 3 3.449400e-13 0.000000e+00
79 95 1.307482e-03 4.134622e-03 2 2 2 3 3.151402e-13 0.000000e+00
79 96 1.307482e-03 5.205181e-03 2 2 2 3 2.885105e-13 0.000000e+00
79 97 1.307482e-03 6.552935e-03 2 2 2 3 2.634776e-13 0.000000e+00
79 98 1.307482e-03 8.249656e-03 2 2 2 3 2.390503e-13 0.000000e+00
80 88 1.646023e-03 8.249656e-04 2 2 2 3 4.636850e-13 0.000000e+00
80 89 1.646023e-03 1.038570e-03 2 2 2 3 4.719837e-13 0.000000e+00
80 90 1.646023e-03 1.307482e-03 2 2 2 3 4.882350e-13 0.000000e+00
80 91 1.646023e-03 1.646023e-03 2 2 2 3 0.000000e+00 0.000000e+00
80 92 1.646023e-03 2.072220e-03 2 2 2 3 4.405366e-13 0.000000e+00
80 93 1.646023e-03 2.608770e-03 2 2 2 3 3.861146e-13 0.000000e+00
80 94 1.646023e-03 3.284247e-03 2 2 2 3 3.471008e-13 0.000000e+00
80 95 1.646023e-03 4.134622e-03 2 2 2 3 3.159262e-13 0.000000e+00
80 96 1.646023e-03 5.205181e-03 2 2 2 3 2.887650e-13 0.000000e+00
80 97 1.646023e-03 6.552935e-03 2 2 2 3 2.635376e-13 0.000000e+00
80 98 1.646023e-03 8.249656e-03 2 2 2 3 2.390484e-13 0.000000e+00
81 88 2.072220e-03 8.249656e-04 2 2 2 3 4.150134e-13 0.000000e+00
81 89 2.072220e-03 1.038570e-03 2 2 2 3 4.187917e-13 0.000000e+00
81 90 2.072220e-03 1.307482e-03 2 2 2 3 4.258356e-13 0.000000e+00
81 91 2.072220e-03 1.646023e-03 2 2 2 3 4.405366e-13 0.000000e+00
81 92 2.072220e-03 2.072220e-03 2 2 2 3 0.000000e+00 0.000000e+00
81 93 2.072220e-03 2.608770e-03 2 2 2 3 3.988379e-13 0.000000e+00
81 94 2.072220e-03 3.284247e-03 2 2 2 3 3.514376e-13 0.000000e+00
81 95 2.072220e-03 4.134622e-03 2 2 2 3 3.174007e-13 0.000000e+00
81 96 2.072220e-03 5.205181e-03 2 2 2 3 2.892266e-13 0.000000e+00
81 97 2.072220e-03 6.552935e-03 2 2 2 3 2.636473e-13 0.000000e+00
81 98 2.072220e-03 8.249656e-03 2 2 2 3 2.390489e-13 0.000000e+00
82 88 2.608770e-03 8.249656e-04 2 2 2 3 3.758366e-13 0.000000e+00
82 89 2.608770e-03 1.038570e-03 2 2 2 3 3.774904e-13 0.000000e+00
82 90 2.608770e-03 1.307482e-03 2 2 2 3 3.804348e-13 0.000000e+00
82 91 2.608770e-03 1.646023e-03 2 2 2 3 3.861146e-13 0.000000e+00
82 92 2.608770e-03 2.072220e-03 2 2 2 3 3.988379e-13 0.000000e+00
82 93 2.608770e-03 2.608770e-03 2 2 2 3 0.000000e+00 0.000000e+00
82 94 2.608770e-03 3.284247e-03 2 2 2 3 3.619693e-13 0.000000e+00
82 95 2.608770e-03 4.134622e-03 2 2 2 3 3.205110e-13 0.000000e+00
82 96 2.608770e-03 5.205181e-03 2 2 2 3 2.901354e-13 0.000000e+00
82 97 2.608770e-03 6.552935e-03 2 2 2 3 2.638627e-13 0.000000e+00
82 98 2.608770e-03 8.249656e-03 2 2 2 3 2.390592e-13 0.000000e+00
83 88 3.284247e-03 8.249656e-04 2 2 2 3 3.430652e-13 0.000000e+00
83 89 3.284247e-03 1.038570e-03 2 2 2 3 3.437532e-13 0.000000e+00
83 90 3.284247e-03 1.307482e-03 2 2 2 3 3.449400e-13 0.000000e+00
83 91 3.284247e-03 1.646023e-03 2 2 2 3 3.471008e-13 0.000000e+00
83 92 3.284247e-03 2.072220e-03 2 2 2 3 3.514376e-13 0.000000e+00
83 93 3.284247e-03 2.608770e-03 2 2 2 3 3.619693e-13 0.000000e+00
83 94 3.284247e-03 3.284247e-03 2 2 2 3 0.000000e+00 0.000000e+00
83 95 3.284247e-03 4.134622e-03 2 2 2 3 3.288300e-13 0.000000e+00
83 96 3.284247e-03 5.205181e-03 2 2 2 3 2.921958e-13 0.000000e+00
83 97 3.284247e-03 6.552935e-03 2 2 2 3 2.643330e-13 0.000000e+00
83 98 3.284247e-03 8.249656e-03 2 2 2 3 2.391028e-13 0.000000e+00
84 88 4.134622e-03 8.249656e-04 2 2 2 3 3.144285e-13 0.000000e+00
84 89 4.134622e-03 1.038570e-03 2 2 2 3 3.146929e-13 0.000000e+00
84 90 4.134622e-03 1.307482e-03 2 2 2 3 3.151402e-13 0.000000e+00
84 91 4.134622e-03 1.646023e-03 2 2 2 3 3.159262e-13 0.000000e+00
84 92 4.134622e-03 2.072220e-03 2 2 2 3 3.174007e-13 0.000000e+00
84 93 4.134622e-03 2.608770e-03 2 2 2 3 3.205110e-13 0.000000e+00
84 94 4.134622e-03 3.284247e-03 2 2 2 3 3.288300e-13 0.000000e+00
84 95 4.134622e-03 4.134622e-03 2 2 2 3 0.000000e+00 0.000000e+00
84 96 4.134622e-03 5.205181e-03 2 2 2 3 2.984368e-13 0.000000e+00
84 97 4.134622e-03 6.552935e-03 2 2 2 3 2.655480e-13 0.000000e+00
84 98 4.134622e-03 8.249656e-03 2 2 2 3 2.392593e-13 0.000000e+00
85 88 5.205181e-03 8.249656e-04 2 2 2 3 2.882751e-13 0.000000e+00
85 89 5.205181e-03 1.038570e-03 2 2 2 3 2.883630e-13 0.000000e+00
85 90 5.205181e-03 1.307482e-03 2 2 2 3 2.885105e-13 0.000000e+00
85 91 5.205181e-03 1.646023e-03 2 2 2 3 2.887650e-13 0.000000e+00
85 92 5.205181e-03 2.072220e-03 2 2 2 3 2.892266e-13 0.000000e+00
85 93 5.205181e-03 2.608770e-03 2 2 2 3 2.901354e-13 0.000000e+00
85 94 5.205181e-03 3.284247e-03 2 2 2 3 2.921958e-13 0.000000e+00
85 95 5.205181e-03 4.134622e-03 2 2 2 3 2.984368e-13 0.000000e+00
85 96 5.205181e-03 5.205181e-03 2 2 2 3 0.000000e+00 0.000000e+00
85 97 5.205181e-03 6.552935e-03 2 2 2 3 2.699565e-13 0.000000e+00
85 98 5.205181e-03 8.249656e-03 2 2 2 3 2.398413e-13 0.000000e+00
86 88 6.552935e-03 8.249656e-04 2 2 2 3 2.634229e-13 0.000000e+00
86 89 6.552935e-03 1.038570e-03 2 2 2 3 2.634430e-13 0.000000e+00
86 90 6.552935e-03 1.307482e-03 2 2 2 3 2.634776e-13 0.000000e+00
86 91 6.552935e-03 1.646023e-03 2 2 2 3 2.635376e-13 0.000000e+00
86 92 6.552935e-03 2.072220e-03 2 2 2 3 2.636473e-13 0.000000e+00
86 93 6.552935e-03 2.608770e-03 2 2 2 3 2.638627e-13 0.000000e+00
86 94 6.552935e-03 3.284247e-03 2 2 2 3 2.643330e-13 0.000000e+00
86 95 6.552935e-03 4.134622e-03 2 2 2 3 2.655480e-13 0.000000e+00
86 96 6.552935e-03 5.205181e-03 2 2 2 3 2.699565e-13 0.000000e+00
86 97 6.552935e-03 6.552935e-03 2 2 2 3 0.000000e+00 0.000000e+00
86 98 6.552935e-03 8.249656e-03 2 2 2 3 2.427336e-13 0.000000e+00
87 88 8.249656e-03 8.249656e-04 2 2 2 3 2.390541e-13 0.000000e+00
87 89 8.249656e-03 1.038570e-03 2 2 2 3 2.390522e-13 0.000000e+00
87 90 8.249656e-03 1.307482e-03 2 2 2 3 2.390503e-13 0.000000e+00
87 91 8.249656e-03 1.646023e-03 2 2 2 3 2.390484e-13 0.000000e+00
87 92 8.249656e-03 2.072220e-03 2 2 2 3 2.390489e-13 0.000000e+00
87 93 8.249656e-03 2.608770e-03 2 2 2 3 2.390592e-13 0.000000e+00
87 94 8.249656e-03 3.284247e-03 2 2 2 3 2.391028e-13 0.000000e+00
87 95 8.249656e-03 4.134622e-03 2 2 2 3 2.392593e-13 0.000000e+00
87 96 8.249656e-03 5.205181e-03 2 2 2 3 2.398413e-13 0.000000e+00
87 97 8.249656e-03 6.552935e-03 2 2 2 3 2.427336e-13 0.000000e+00
87 98 8.249656e-03 8.249656e-03 2 2 2 3 0.000000e+00 0.000000e+00
