# Please cite the following papers in research using this covariance:
# arXiv: 1601.05779, https://arxiv.org/abs/1601.05779
# arXiv: 1911.11947, https://arxiv.org/abs/1911.11947
# arXiv: 2004.04833, https://arxiv.org/abs/2004.04833
# arXiv: 1804.10663, https://arxiv.org/abs/1804.10663
########################################################
55 198 8.249656e-04 8.249656e-04 1 2 2 3 0.000000e+00 0.000000e+00
55 199 8.249656e-04 1.038570e-03 1 2 2 3 -1.008745e-14 0.000000e+00
55 200 8.249656e-04 1.307482e-03 1 2 2 3 -4.524067e-15 0.000000e+00
55 201 8.249656e-04 1.646023e-03 1 2 2 3 4.519675e-15 0.000000e+00
55 202 8.249656e-04 2.072220e-03 1 2 2 3 1.137495e-14 0.000000e+00
55 203 8.249656e-04 2.608770e-03 1 2 2 3 1.514177e-14 0.000000e+00
55 204 8.249656e-04 3.284247e-03 1 2 2 3 1.646177e-14 0.000000e+00
55 205 8.249656e-04 4.134622e-03 1 2 2 3 1.623271e-14 0.000000e+00
55 206 8.249656e-04 5.205181e-03 1 2 2 3 1.520156e-14 0.000000e+00
55 207 8.249656e-04 6.552935e-03 1 2 2 3 1.389064e-14 0.000000e+00
55 208 8.249656e-04 8.249656e-03 1 2 2 3 1.262942e-14 0.000000e+00
56 198 1.038570e-03 8.249656e-04 1 2 2 3 9.011547e-17 0.000000e+00
56 199 1.038570e-03 1.038570e-03 1 2 2 3 0.000000e+00 0.000000e+00
56 200 1.038570e-03 1.307482e-03 1 2 2 3 -9.988250e-15 0.000000e+00
56 201 1.038570e-03 1.646023e-03 1 2 2 3 -4.493138e-15 0.000000e+00
56 202 1.038570e-03 2.072220e-03 1 2 2 3 4.090998e-15 0.000000e+00
56 203 1.038570e-03 2.608770e-03 1 2 2 3 1.030507e-14 0.000000e+00
56 204 1.038570e-03 3.284247e-03 1 2 2 3 1.352946e-14 0.000000e+00
56 205 1.038570e-03 4.134622e-03 1 2 2 3 1.454008e-14 0.000000e+00
56 206 1.038570e-03 5.205181e-03 1 2 2 3 1.424937e-14 0.000000e+00
56 207 1.038570e-03 6.552935e-03 1 2 2 3 1.335985e-14 0.000000e+00
56 208 1.038570e-03 8.249656e-03 1 2 2 3 1.233192e-14 0.000000e+00
57 198 1.307482e-03 8.249656e-04 1 2 2 3 1.007329e-16 0.000000e+00
57 199 1.307482e-03 1.038570e-03 1 2 2 3 2.140125e-16 0.000000e+00
57 200 1.307482e-03 1.307482e-03 1 2 2 3 0.000000e+00 0.000000e+00
57 201 1.307482e-03 1.646023e-03 1 2 2 3 -9.705684e-15 0.000000e+00
57 202 1.307482e-03 2.072220e-03 1 2 2 3 -4.342814e-15 0.000000e+00
57 203 1.307482e-03 2.608770e-03 1 2 2 3 3.671252e-15 0.000000e+00
57 204 1.307482e-03 3.284247e-03 1 2 2 3 9.220825e-15 0.000000e+00
57 205 1.307482e-03 4.134622e-03 1 2 2 3 1.196872e-14 0.000000e+00
57 206 1.307482e-03 5.205181e-03 1 2 2 3 1.277725e-14 0.000000e+00
57 207 1.307482e-03 6.552935e-03 1 2 2 3 1.253123e-14 0.000000e+00
57 208 1.307482e-03 8.249656e-03 1 2 2 3 1.186493e-14 0.000000e+00
58 198 1.646023e-03 8.249656e-04 1 2 2 3 4.872520e-17 0.000000e+00
58 199 1.646023e-03 1.038570e-03 1 2 2 3 1.299881e-16 0.000000e+00
58 200 1.646023e-03 1.307482e-03 1 2 2 3 3.333328e-16 0.000000e+00
58 201 1.646023e-03 1.646023e-03 1 2 2 3 0.000000e+00 0.000000e+00
58 202 1.646023e-03 2.072220e-03 1 2 2 3 -9.249103e-15 0.000000e+00
58 203 1.646023e-03 2.608770e-03 1 2 2 3 -4.082867e-15 0.000000e+00
58 204 1.646023e-03 3.284247e-03 1 2 2 3 3.279737e-15 0.000000e+00
58 205 1.646023e-03 4.134622e-03 1 2 2 3 8.180506e-15 0.000000e+00
58 206 1.646023e-03 5.205181e-03 1 2 2 3 1.053853e-14 0.000000e+00
58 207 1.646023e-03 6.552935e-03 1 2 2 3 1.124983e-14 0.000000e+00
58 208 1.646023e-03 8.249656e-03 1 2 2 3 1.113600e-14 0.000000e+00
59 198 2.072220e-03 8.249656e-04 1 2 2 3 2.032503e-17 0.000000e+00
59 199 2.072220e-03 1.038570e-03 1 2 2 3 5.354799e-17 0.000000e+00
59 200 2.072220e-03 1.307482e-03 1 2 2 3 1.511920e-16 0.000000e+00
59 201 2.072220e-03 1.646023e-03 1 2 2 3 4.341700e-16 0.000000e+00
59 202 2.072220e-03 2.072220e-03 1 2 2 3 0.000000e+00 0.000000e+00
59 203 2.072220e-03 2.608770e-03 1 2 2 3 -8.643560e-15 0.000000e+00
59 204 2.072220e-03 3.284247e-03 1 2 2 3 -3.734612e-15 0.000000e+00
59 205 2.072220e-03 4.134622e-03 1 2 2 3 2.931543e-15 0.000000e+00
59 206 2.072220e-03 5.205181e-03 1 2 2 3 7.233952e-15 0.000000e+00
59 207 2.072220e-03 6.552935e-03 1 2 2 3 9.300342e-15 0.000000e+00
59 208 2.072220e-03 8.249656e-03 1 2 2 3 1.000925e-14 0.000000e+00
60 198 2.608770e-03 8.249656e-04 1 2 2 3 8.069991e-18 0.000000e+00
60 199 2.608770e-03 1.038570e-03 1 2 2 3 1.977303e-17 0.000000e+00
60 200 2.608770e-03 1.307482e-03 1 2 2 3 5.477370e-17 0.000000e+00
60 201 2.608770e-03 1.646023e-03 1 2 2 3 1.604725e-16 0.000000e+00
60 202 2.608770e-03 2.072220e-03 1 2 2 3 5.054735e-16 0.000000e+00
60 203 2.608770e-03 2.608770e-03 1 2 2 3 0.000000e+00 0.000000e+00
60 204 2.608770e-03 3.284247e-03 1 2 2 3 -7.927424e-15 0.000000e+00
60 205 2.608770e-03 4.134622e-03 1 2 2 3 -3.327156e-15 0.000000e+00
60 206 2.608770e-03 5.205181e-03 1 2 2 3 2.637371e-15 0.000000e+00
60 207 2.608770e-03 6.552935e-03 1 2 2 3 6.419997e-15 0.000000e+00
60 208 2.608770e-03 8.249656e-03 1 2 2 3 8.295700e-15 0.000000e+00
61 198 3.284247e-03 8.249656e-04 1 2 2 3 3.222845e-18 0.000000e+00
61 199 3.284247e-03 1.038570e-03 1 2 2 3 6.751633e-18 0.000000e+00
61 200 3.284247e-03 1.307482e-03 1 2 2 3 1.844731e-17 0.000000e+00
61 201 3.284247e-03 1.646023e-03 1 2 2 3 5.210178e-17 0.000000e+00
61 202 3.284247e-03 2.072220e-03 1 2 2 3 1.576617e-16 0.000000e+00
61 203 3.284247e-03 2.608770e-03 1 2 2 3 5.414512e-16 0.000000e+00
61 204 3.284247e-03 3.284247e-03 1 2 2 3 0.000000e+00 0.000000e+00
61 205 3.284247e-03 4.134622e-03 1 2 2 3 -7.146721e-15 0.000000e+00
61 206 3.284247e-03 5.205181e-03 1 2 2 3 -2.891953e-15 0.000000e+00
61 207 3.284247e-03 6.552935e-03 1 2 2 3 2.404241e-15 0.000000e+00
61 208 3.284247e-03 8.249656e-03 1 2 2 3 5.765004e-15 0.000000e+00
62 198 4.134622e-03 8.249656e-04 1 2 2 3 1.474926e-18 0.000000e+00
62 199 4.134622e-03 1.038570e-03 1 2 2 3 2.133153e-18 0.000000e+00
62 200 4.134622e-03 1.307482e-03 1 2 2 3 5.866445e-18 0.000000e+00
62 201 4.134622e-03 1.646023e-03 1 2 2 3 1.621949e-17 0.000000e+00
62 202 4.134622e-03 2.072220e-03 1 2 2 3 4.615039e-17 0.000000e+00
62 203 4.134622e-03 2.608770e-03 1 2 2 3 1.447598e-16 0.000000e+00
62 204 4.134622e-03 3.284247e-03 1 2 2 3 5.411630e-16 0.000000e+00
62 205 4.134622e-03 4.134622e-03 1 2 2 3 0.000000e+00 0.000000e+00
62 206 4.134622e-03 5.205181e-03 1 2 2 3 -6.348979e-15 0.000000e+00
62 207 4.134622e-03 6.552935e-03 1 2 2 3 -2.458759e-15 0.000000e+00
62 208 4.134622e-03 8.249656e-03 1 2 2 3 2.236132e-15 0.000000e+00
63 198 5.205181e-03 8.249656e-04 1 2 2 3 8.451527e-19 0.000000e+00
63 199 5.205181e-03 1.038570e-03 1 2 2 3 5.640273e-19 0.000000e+00
63 200 5.205181e-03 1.307482e-03 1 2 2 3 1.720604e-18 0.000000e+00
63 201 5.205181e-03 1.646023e-03 1 2 2 3 4.872172e-18 0.000000e+00
63 202 5.205181e-03 2.072220e-03 1 2 2 3 1.317858e-17 0.000000e+00
63 203 5.205181e-03 2.608770e-03 1 2 2 3 3.838346e-17 0.000000e+00
63 204 5.205181e-03 3.284247e-03 1 2 2 3 1.246623e-16 0.000000e+00
63 205 5.205181e-03 4.134622e-03 1 2 2 3 5.085873e-16 0.000000e+00
63 206 5.205181e-03 5.205181e-03 1 2 2 3 0.000000e+00 0.000000e+00
63 207 5.205181e-03 6.552935e-03 1 2 2 3 -5.578419e-15 0.000000e+00
63 208 5.205181e-03 8.249656e-03 1 2 2 3 -2.051925e-15 0.000000e+00
64 198 6.552935e-03 8.249656e-04 1 2 2 3 6.680620e-19 0.000000e+00
64 199 6.552935e-03 1.038570e-03 1 2 2 3 5.151585e-20 0.000000e+00
64 200 6.552935e-03 1.307482e-03 1 2 2 3 4.216247e-19 0.000000e+00
64 201 6.552935e-03 1.646023e-03 1 2 2 3 1.380555e-18 0.000000e+00
64 202 6.552935e-03 2.072220e-03 1 2 2 3 3.547389e-18 0.000000e+00
64 203 6.552935e-03 2.608770e-03 1 2 2 3 9.936581e-18 0.000000e+00
64 204 6.552935e-03 3.284247e-03 1 2 2 3 2.960899e-17 0.000000e+00
64 205 6.552935e-03 4.134622e-03 1 2 2 3 1.002613e-16 0.000000e+00
64 206 6.552935e-03 5.205181e-03 1 2 2 3 4.507254e-16 0.000000e+00
64 207 6.552935e-03 6.552935e-03 1 2 2 3 0.000000e+00 0.000000e+00
64 208 6.552935e-03 8.249656e-03 1 2 2 3 -4.872358e-15 0.000000e+00
65 198 8.249656e-03 8.249656e-04 1 2 2 3 5.976368e-19 0.000000e+00
65 199 8.249656e-03 1.038570e-03 1 2 2 3 -9.226886e-20 0.000000e+00
65 200 8.249656e-03 1.307482e-03 1 2 2 3 5.002963e-20 0.000000e+00
65 201 8.249656e-03 1.646023e-03 1 2 2 3 3.866578e-19 0.000000e+00
65 202 8.249656e-03 2.072220e-03 1 2 2 3 8.820274e-19 0.000000e+00
65 203 8.249656e-03 2.608770e-03 1 2 2 3 2.390532e-18 0.000000e+00
65 204 8.249656e-03 3.284247e-03 1 2 2 3 6.752297e-18 0.000000e+00
65 205 8.249656e-03 4.134622e-03 1 2 2 3 2.074720e-17 0.000000e+00
65 206 8.249656e-03 5.205181e-03 1 2 2 3 7.424058e-17 0.000000e+00
65 207 8.249656e-03 6.552935e-03 1 2 2 3 3.755598e-16 0.000000e+00
65 208 8.249656e-03 8.249656e-03 1 2 2 3 0.000000e+00 0.000000e+00
