# Please cite the following papers in research using this covariance:
# arXiv: 1601.05779, https://arxiv.org/abs/1601.05779
# arXiv: 1911.11947, https://arxiv.org/abs/1911.11947
# arXiv: 2004.04833, https://arxiv.org/abs/2004.04833
# arXiv: 1804.10663, https://arxiv.org/abs/1804.10663
########################################################
0 88 8.249656e-04 8.249656e-04 0 0 2 3 0.000000e+00 0.000000e+00
0 89 8.249656e-04 1.038570e-03 0 0 2 3 3.495663e-14 0.000000e+00
0 90 8.249656e-04 1.307482e-03 0 0 2 3 3.450519e-14 0.000000e+00
0 91 8.249656e-04 1.646023e-03 0 0 2 3 3.392098e-14 0.000000e+00
0 92 8.249656e-04 2.072220e-03 0 0 2 3 3.321732e-14 0.000000e+00
0 93 8.249656e-04 2.608770e-03 0 0 2 3 3.240812e-14 0.000000e+00
0 94 8.249656e-04 3.284247e-03 0 0 2 3 3.150309e-14 0.000000e+00
0 95 8.249656e-04 4.134622e-03 0 0 2 3 3.050425e-14 0.000000e+00
0 96 8.249656e-04 5.205181e-03 0 0 2 3 2.940390e-14 0.000000e+00
0 97 8.249656e-04 6.552935e-03 0 0 2 3 2.818475e-14 0.000000e+00
0 98 8.249656e-04 8.249656e-03 0 0 2 3 2.682215e-14 0.000000e+00
1 88 1.038570e-03 8.249656e-04 0 0 2 3 3.495663e-14 0.000000e+00
1 89 1.038570e-03 1.038570e-03 0 0 2 3 0.000000e+00 0.000000e+00
1 90 1.038570e-03 1.307482e-03 0 0 2 3 3.437219e-14 0.000000e+00
1 91 1.038570e-03 1.646023e-03 0 0 2 3 3.384400e-14 0.000000e+00
1 92 1.038570e-03 2.072220e-03 0 0 2 3 3.317346e-14 0.000000e+00
1 93 1.038570e-03 2.608770e-03 0 0 2 3 3.238247e-14 0.000000e+00
1 94 1.038570e-03 3.284247e-03 0 0 2 3 3.148696e-14 0.000000e+00
1 95 1.038570e-03 4.134622e-03 0 0 2 3 3.049309e-14 0.000000e+00
1 96 1.038570e-03 5.205181e-03 0 0 2 3 2.939557e-14 0.000000e+00
1 97 1.038570e-03 6.552935e-03 0 0 2 3 2.817834e-14 0.000000e+00
1 98 1.038570e-03 8.249656e-03 0 0 2 3 2.681727e-14 0.000000e+00
2 88 1.307482e-03 8.249656e-04 0 0 2 3 3.450519e-14 0.000000e+00
2 89 1.307482e-03 1.038570e-03 0 0 2 3 3.437219e-14 0.000000e+00
2 90 1.307482e-03 1.307482e-03 0 0 2 3 0.000000e+00 0.000000e+00
2 91 1.307482e-03 1.646023e-03 0 0 2 3 3.370573e-14 0.000000e+00
2 92 1.307482e-03 2.072220e-03 0 0 2 3 3.309737e-14 0.000000e+00
2 93 1.307482e-03 2.608770e-03 0 0 2 3 3.233951e-14 0.000000e+00
2 94 1.307482e-03 3.284247e-03 0 0 2 3 3.146075e-14 0.000000e+00
2 95 1.307482e-03 4.134622e-03 0 0 2 3 3.047531e-14 0.000000e+00
2 96 1.307482e-03 5.205181e-03 0 0 2 3 2.938246e-14 0.000000e+00
2 97 1.307482e-03 6.552935e-03 0 0 2 3 2.816834e-14 0.000000e+00
2 98 1.307482e-03 8.249656e-03 0 0 2 3 2.680970e-14 0.000000e+00
3 88 1.646023e-03 8.249656e-04 0 0 2 3 3.392098e-14 0.000000e+00
3 89 1.646023e-03 1.038570e-03 0 0 2 3 3.384400e-14 0.000000e+00
3 90 1.646023e-03 1.307482e-03 0 0 2 3 3.370573e-14 0.000000e+00
3 91 1.646023e-03 1.646023e-03 0 0 2 3 0.000000e+00 0.000000e+00
3 92 1.646023e-03 2.072220e-03 0 0 2 3 3.295621e-14 0.000000e+00
3 93 1.646023e-03 2.608770e-03 0 0 2 3 3.226411e-14 0.000000e+00
3 94 1.646023e-03 3.284247e-03 0 0 2 3 3.141686e-14 0.000000e+00
3 95 1.646023e-03 4.134622e-03 0 0 2 3 3.044647e-14 0.000000e+00
3 96 1.646023e-03 5.205181e-03 0 0 2 3 2.936151e-14 0.000000e+00
3 97 1.646023e-03 6.552935e-03 0 0 2 3 2.815243e-14 0.000000e+00
3 98 1.646023e-03 8.249656e-03 0 0 2 3 2.679769e-14 0.000000e+00
4 88 2.072220e-03 8.249656e-04 0 0 2 3 3.321732e-14 0.000000e+00
4 89 2.072220e-03 1.038570e-03 0 0 2 3 3.317346e-14 0.000000e+00
4 90 2.072220e-03 1.307482e-03 0 0 2 3 3.309737e-14 0.000000e+00
4 91 2.072220e-03 1.646023e-03 0 0 2 3 3.295621e-14 0.000000e+00
4 92 2.072220e-03 2.072220e-03 0 0 2 3 0.000000e+00 0.000000e+00
4 93 2.072220e-03 2.608770e-03 0 0 2 3 3.212074e-14 0.000000e+00
4 94 2.072220e-03 3.284247e-03 0 0 2 3 3.134007e-14 0.000000e+00
4 95 2.072220e-03 4.134622e-03 0 0 2 3 3.039876e-14 0.000000e+00
4 96 2.072220e-03 5.205181e-03 0 0 2 3 2.932778e-14 0.000000e+00
4 97 2.072220e-03 6.552935e-03 0 0 2 3 2.812705e-14 0.000000e+00
4 98 2.072220e-03 8.249656e-03 0 0 2 3 2.677856e-14 0.000000e+00
5 88 2.608770e-03 8.249656e-04 0 0 2 3 3.240812e-14 0.000000e+00
5 89 2.608770e-03 1.038570e-03 0 0 2 3 3.238247e-14 0.000000e+00
5 90 2.608770e-03 1.307482e-03 0 0 2 3 3.233951e-14 0.000000e+00
5 91 2.608770e-03 1.646023e-03 0 0 2 3 3.226411e-14 0.000000e+00
5 92 2.608770e-03 2.072220e-03 0 0 2 3 3.212074e-14 0.000000e+00
5 93 2.608770e-03 2.608770e-03 0 0 2 3 0.000000e+00 0.000000e+00
5 94 2.608770e-03 3.284247e-03 0 0 2 3 3.119282e-14 0.000000e+00
5 95 2.608770e-03 4.134622e-03 0 0 2 3 3.031673e-14 0.000000e+00
5 96 2.608770e-03 5.205181e-03 0 0 2 3 2.927284e-14 0.000000e+00
5 97 2.608770e-03 6.552935e-03 0 0 2 3 2.808649e-14 0.000000e+00
5 98 2.608770e-03 8.249656e-03 0 0 2 3 2.674814e-14 0.000000e+00
6 88 3.284247e-03 8.249656e-04 0 0 2 3 3.150309e-14 0.000000e+00
6 89 3.284247e-03 1.038570e-03 0 0 2 3 3.148696e-14 0.000000e+00
6 90 3.284247e-03 1.307482e-03 0 0 2 3 3.146075e-14 0.000000e+00
6 91 3.284247e-03 1.646023e-03 0 0 2 3 3.141686e-14 0.000000e+00
6 92 3.284247e-03 2.072220e-03 0 0 2 3 3.134007e-14 0.000000e+00
6 93 3.284247e-03 2.608770e-03 0 0 2 3 3.119282e-14 0.000000e+00
6 94 3.284247e-03 3.284247e-03 0 0 2 3 0.000000e+00 0.000000e+00
6 95 3.284247e-03 4.134622e-03 0 0 2 3 3.016133e-14 0.000000e+00
6 96 3.284247e-03 5.205181e-03 0 0 2 3 2.918050e-14 0.000000e+00
6 97 3.284247e-03 6.552935e-03 0 0 2 3 2.802111e-14 0.000000e+00
6 98 3.284247e-03 8.249656e-03 0 0 2 3 2.669962e-14 0.000000e+00
7 88 4.134622e-03 8.249656e-04 0 0 2 3 3.050425e-14 0.000000e+00
7 89 4.134622e-03 1.038570e-03 0 0 2 3 3.049309e-14 0.000000e+00
7 90 4.134622e-03 1.307482e-03 0 0 2 3 3.047531e-14 0.000000e+00
7 91 4.134622e-03 1.646023e-03 0 0 2 3 3.044647e-14 0.000000e+00
7 92 4.134622e-03 2.072220e-03 0 0 2 3 3.039876e-14 0.000000e+00
7 93 4.134622e-03 2.608770e-03 0 0 2 3 3.031673e-14 0.000000e+00
7 94 4.134622e-03 3.284247e-03 0 0 2 3 3.016133e-14 0.000000e+00
7 95 4.134622e-03 4.134622e-03 0 0 2 3 0.000000e+00 0.000000e+00
7 96 4.134622e-03 5.205181e-03 0 0 2 3 2.901074e-14 0.000000e+00
7 97 4.134622e-03 6.552935e-03 0 0 2 3 2.791341e-14 0.000000e+00
7 98 4.134622e-03 8.249656e-03 0 0 2 3 2.662178e-14 0.000000e+00
8 88 5.205181e-03 8.249656e-04 0 0 2 3 2.940390e-14 0.000000e+00
8 89 5.205181e-03 1.038570e-03 0 0 2 3 2.939557e-14 0.000000e+00
8 90 5.205181e-03 1.307482e-03 0 0 2 3 2.938246e-14 0.000000e+00
8 91 5.205181e-03 1.646023e-03 0 0 2 3 2.936151e-14 0.000000e+00
8 92 5.205181e-03 2.072220e-03 0 0 2 3 2.932778e-14 0.000000e+00
8 93 5.205181e-03 2.608770e-03 0 0 2 3 2.927284e-14 0.000000e+00
8 94 5.205181e-03 3.284247e-03 0 0 2 3 2.918050e-14 0.000000e+00
8 95 5.205181e-03 4.134622e-03 0 0 2 3 2.901074e-14 0.000000e+00
8 96 5.205181e-03 5.205181e-03 0 0 2 3 0.000000e+00 0.000000e+00
8 97 5.205181e-03 6.552935e-03 0 0 2 3 2.772236e-14 0.000000e+00
8 98 5.205181e-03 8.249656e-03 0 0 2 3 2.649511e-14 0.000000e+00
9 88 6.552935e-03 8.249656e-04 0 0 2 3 2.818475e-14 0.000000e+00
9 89 6.552935e-03 1.038570e-03 0 0 2 3 2.817834e-14 0.000000e+00
9 90 6.552935e-03 1.307482e-03 0 0 2 3 2.816834e-14 0.000000e+00
9 91 6.552935e-03 1.646023e-03 0 0 2 3 2.815243e-14 0.000000e+00
9 92 6.552935e-03 2.072220e-03 0 0 2 3 2.812705e-14 0.000000e+00
9 93 6.552935e-03 2.608770e-03 0 0 2 3 2.808649e-14 0.000000e+00
9 94 6.552935e-03 3.284247e-03 0 0 2 3 2.802111e-14 0.000000e+00
9 95 6.552935e-03 4.134622e-03 0 0 2 3 2.791341e-14 0.000000e+00
9 96 6.552935e-03 5.205181e-03 0 0 2 3 2.772236e-14 0.000000e+00
9 97 6.552935e-03 6.552935e-03 0 0 2 3 0.000000e+00 0.000000e+00
9 98 6.552935e-03 8.249656e-03 0 0 2 3 2.627695e-14 0.000000e+00
10 88 8.249656e-03 8.249656e-04 0 0 2 3 2.682215e-14 0.000000e+00
10 89 8.249656e-03 1.038570e-03 0 0 2 3 2.681727e-14 0.000000e+00
10 90 8.249656e-03 1.307482e-03 0 0 2 3 2.680970e-14 0.000000e+00
10 91 8.249656e-03 1.646023e-03 0 0 2 3 2.679769e-14 0.000000e+00
10 92 8.249656e-03 2.072220e-03 0 0 2 3 2.677856e-14 0.000000e+00
10 93 8.249656e-03 2.608770e-03 0 0 2 3 2.674814e-14 0.000000e+00
10 94 8.249656e-03 3.284247e-03 0 0 2 3 2.669962e-14 0.000000e+00
10 95 8.249656e-03 4.134622e-03 0 0 2 3 2.662178e-14 0.000000e+00
10 96 8.249656e-03 5.205181e-03 0 0 2 3 2.649511e-14 0.000000e+00
10 97 8.249656e-03 6.552935e-03 0 0 2 3 2.627695e-14 0.000000e+00
10 98 8.249656e-03 8.249656e-03 0 0 2 3 0.000000e+00 0.000000e+00
