# Please cite the following papers in research using this covariance:
# arXiv: 1601.05779, https://arxiv.org/abs/1601.05779
# arXiv: 1911.11947, https://arxiv.org/abs/1911.11947
# arXiv: 2004.04833, https://arxiv.org/abs/2004.04833
# arXiv: 1804.10663, https://arxiv.org/abs/1804.10663
########################################################
0 99 8.249656e-04 8.249656e-04 0 0 3 3 0.000000e+00 0.000000e+00
0 100 8.249656e-04 1.038570e-03 0 0 3 3 3.895945e-14 0.000000e+00
0 101 8.249656e-04 1.307482e-03 0 0 3 3 3.844559e-14 0.000000e+00
0 102 8.249656e-04 1.646023e-03 0 0 3 3 3.778241e-14 0.000000e+00
0 103 8.249656e-04 2.072220e-03 0 0 3 3 3.698508e-14 0.000000e+00
0 104 8.249656e-04 2.608770e-03 0 0 3 3 3.606800e-14 0.000000e+00
0 105 8.249656e-04 3.284247e-03 0 0 3 3 3.504003e-14 0.000000e+00
0 106 8.249656e-04 4.134622e-03 0 0 3 3 3.390109e-14 0.000000e+00
0 107 8.249656e-04 5.205181e-03 0 0 3 3 3.264061e-14 0.000000e+00
0 108 8.249656e-04 6.552935e-03 0 0 3 3 3.123817e-14 0.000000e+00
0 109 8.249656e-04 8.249656e-03 0 0 3 3 2.966632e-14 0.000000e+00
1 99 1.038570e-03 8.249656e-04 0 0 3 3 3.895945e-14 0.000000e+00
1 100 1.038570e-03 1.038570e-03 0 0 3 3 0.000000e+00 0.000000e+00
1 101 1.038570e-03 1.307482e-03 0 0 3 3 3.829653e-14 0.000000e+00
1 102 1.038570e-03 1.646023e-03 0 0 3 3 3.769601e-14 0.000000e+00
1 103 1.038570e-03 2.072220e-03 0 0 3 3 3.693526e-14 0.000000e+00
1 104 1.038570e-03 2.608770e-03 0 0 3 3 3.603827e-14 0.000000e+00
1 105 1.038570e-03 3.284247e-03 0 0 3 3 3.502092e-14 0.000000e+00
1 106 1.038570e-03 4.134622e-03 0 0 3 3 3.388771e-14 0.000000e+00
1 107 1.038570e-03 5.205181e-03 0 0 3 3 3.263066e-14 0.000000e+00
1 108 1.038570e-03 6.552935e-03 0 0 3 3 3.123061e-14 0.000000e+00
1 109 1.038570e-03 8.249656e-03 0 0 3 3 2.966067e-14 0.000000e+00
2 99 1.307482e-03 8.249656e-04 0 0 3 3 3.844559e-14 0.000000e+00
2 100 1.307482e-03 1.038570e-03 0 0 3 3 3.829653e-14 0.000000e+00
2 101 1.307482e-03 1.307482e-03 0 0 3 3 0.000000e+00 0.000000e+00
2 102 1.307482e-03 1.646023e-03 0 0 3 3 3.754060e-14 0.000000e+00
2 103 1.307482e-03 2.072220e-03 0 0 3 3 3.684903e-14 0.000000e+00
2 104 1.307482e-03 2.608770e-03 0 0 3 3 3.598862e-14 0.000000e+00
2 105 1.307482e-03 3.284247e-03 0 0 3 3 3.498992e-14 0.000000e+00
2 106 1.307482e-03 4.134622e-03 0 0 3 3 3.386641e-14 0.000000e+00
2 107 1.307482e-03 5.205181e-03 0 0 3 3 3.261497e-14 0.000000e+00
2 108 1.307482e-03 6.552935e-03 0 0 3 3 3.121877e-14 0.000000e+00
2 109 1.307482e-03 8.249656e-03 0 0 3 3 2.965187e-14 0.000000e+00
3 99 1.646023e-03 8.249656e-04 0 0 3 3 3.778241e-14 0.000000e+00
3 100 1.646023e-03 1.038570e-03 0 0 3 3 3.769601e-14 0.000000e+00
3 101 1.646023e-03 1.307482e-03 0 0 3 3 3.754060e-14 0.000000e+00
3 102 1.646023e-03 1.646023e-03 0 0 3 3 0.000000e+00 0.000000e+00
3 103 1.646023e-03 2.072220e-03 0 0 3 3 3.668937e-14 0.000000e+00
3 104 1.646023e-03 2.608770e-03 0 0 3 3 3.590195e-14 0.000000e+00
3 105 1.646023e-03 3.284247e-03 0 0 3 3 3.493829e-14 0.000000e+00
3 106 1.646023e-03 4.134622e-03 0 0 3 3 3.383194e-14 0.000000e+00
3 107 1.646023e-03 5.205181e-03 0 0 3 3 3.258991e-14 0.000000e+00
3 108 1.646023e-03 6.552935e-03 0 0 3 3 3.119995e-14 0.000000e+00
3 109 1.646023e-03 8.249656e-03 0 0 3 3 2.963790e-14 0.000000e+00
4 99 2.072220e-03 8.249656e-04 0 0 3 3 3.698508e-14 0.000000e+00
4 100 2.072220e-03 1.038570e-03 0 0 3 3 3.693526e-14 0.000000e+00
4 101 2.072220e-03 1.307482e-03 0 0 3 3 3.684903e-14 0.000000e+00
4 102 2.072220e-03 1.646023e-03 0 0 3 3 3.668937e-14 0.000000e+00
4 103 2.072220e-03 2.072220e-03 0 0 3 3 0.000000e+00 0.000000e+00
4 104 2.072220e-03 2.608770e-03 0 0 3 3 3.573823e-14 0.000000e+00
4 105 2.072220e-03 3.284247e-03 0 0 3 3 3.484862e-14 0.000000e+00
4 106 2.072220e-03 4.134622e-03 0 0 3 3 3.377513e-14 0.000000e+00
4 107 2.072220e-03 5.205181e-03 0 0 3 3 3.254960e-14 0.000000e+00
4 108 2.072220e-03 6.552935e-03 0 0 3 3 3.116993e-14 0.000000e+00
4 109 2.072220e-03 8.249656e-03 0 0 3 3 2.961565e-14 0.000000e+00
5 99 2.608770e-03 8.249656e-04 0 0 3 3 3.606800e-14 0.000000e+00
5 100 2.608770e-03 1.038570e-03 0 0 3 3 3.603827e-14 0.000000e+00
5 101 2.608770e-03 1.307482e-03 0 0 3 3 3.598862e-14 0.000000e+00
5 102 2.608770e-03 1.646023e-03 0 0 3 3 3.590195e-14 0.000000e+00
5 103 2.608770e-03 2.072220e-03 0 0 3 3 3.573823e-14 0.000000e+00
5 104 2.608770e-03 2.608770e-03 0 0 3 3 0.000000e+00 0.000000e+00
5 105 2.608770e-03 3.284247e-03 0 0 3 3 3.467853e-14 0.000000e+00
5 106 2.608770e-03 4.134622e-03 0 0 3 3 3.367815e-14 0.000000e+00
5 107 2.608770e-03 5.205181e-03 0 0 3 3 3.248408e-14 0.000000e+00
5 108 2.608770e-03 6.552935e-03 0 0 3 3 3.112194e-14 0.000000e+00
5 109 2.608770e-03 8.249656e-03 0 0 3 3 2.958025e-14 0.000000e+00
6 99 3.284247e-03 8.249656e-04 0 0 3 3 3.504003e-14 0.000000e+00
6 100 3.284247e-03 1.038570e-03 0 0 3 3 3.502092e-14 0.000000e+00
6 101 3.284247e-03 1.307482e-03 0 0 3 3 3.498992e-14 0.000000e+00
6 102 3.284247e-03 1.646023e-03 0 0 3 3 3.493829e-14 0.000000e+00
6 103 3.284247e-03 2.072220e-03 0 0 3 3 3.484862e-14 0.000000e+00
6 104 3.284247e-03 2.608770e-03 0 0 3 3 3.467853e-14 0.000000e+00
6 105 3.284247e-03 3.284247e-03 0 0 3 3 0.000000e+00 0.000000e+00
6 106 3.284247e-03 4.134622e-03 0 0 3 3 3.349678e-14 0.000000e+00
6 107 3.284247e-03 5.205181e-03 0 0 3 3 3.237446e-14 0.000000e+00
6 108 3.284247e-03 6.552935e-03 0 0 3 3 3.104458e-14 0.000000e+00
6 109 3.284247e-03 8.249656e-03 0 0 3 3 2.952372e-14 0.000000e+00
7 99 4.134622e-03 8.249656e-04 0 0 3 3 3.390109e-14 0.000000e+00
7 100 4.134622e-03 1.038570e-03 0 0 3 3 3.388771e-14 0.000000e+00
7 101 4.134622e-03 1.307482e-03 0 0 3 3 3.386641e-14 0.000000e+00
7 102 4.134622e-03 1.646023e-03 0 0 3 3 3.383194e-14 0.000000e+00
7 103 4.134622e-03 2.072220e-03 0 0 3 3 3.377513e-14 0.000000e+00
7 104 4.134622e-03 2.608770e-03 0 0 3 3 3.367815e-14 0.000000e+00
7 105 4.134622e-03 3.284247e-03 0 0 3 3 3.349678e-14 0.000000e+00
7 106 4.134622e-03 4.134622e-03 0 0 3 3 0.000000e+00 0.000000e+00
7 107 4.134622e-03 5.205181e-03 0 0 3 3 3.217513e-14 0.000000e+00
7 108 4.134622e-03 6.552935e-03 0 0 3 3 3.091733e-14 0.000000e+00
7 109 4.134622e-03 8.249656e-03 0 0 3 3 2.943292e-14 0.000000e+00
8 99 5.205181e-03 8.249656e-04 0 0 3 3 3.264061e-14 0.000000e+00
8 100 5.205181e-03 1.038570e-03 0 0 3 3 3.263066e-14 0.000000e+00
8 101 5.205181e-03 1.307482e-03 0 0 3 3 3.261497e-14 0.000000e+00
8 102 5.205181e-03 1.646023e-03 0 0 3 3 3.258991e-14 0.000000e+00
8 103 5.205181e-03 2.072220e-03 0 0 3 3 3.254960e-14 0.000000e+00
8 104 5.205181e-03 2.608770e-03 0 0 3 3 3.248408e-14 0.000000e+00
8 105 5.205181e-03 3.284247e-03 0 0 3 3 3.237446e-14 0.000000e+00
8 106 5.205181e-03 4.134622e-03 0 0 3 3 3.217513e-14 0.000000e+00
8 107 5.205181e-03 5.205181e-03 0 0 3 3 0.000000e+00 0.000000e+00
8 108 5.205181e-03 6.552935e-03 0 0 3 3 3.069305e-14 0.000000e+00
8 109 5.205181e-03 8.249656e-03 0 0 3 3 2.928496e-14 0.000000e+00
9 99 6.552935e-03 8.249656e-04 0 0 3 3 3.123817e-14 0.000000e+00
9 100 6.552935e-03 1.038570e-03 0 0 3 3 3.123061e-14 0.000000e+00
9 101 6.552935e-03 1.307482e-03 0 0 3 3 3.121877e-14 0.000000e+00
9 102 6.552935e-03 1.646023e-03 0 0 3 3 3.119995e-14 0.000000e+00
9 103 6.552935e-03 2.072220e-03 0 0 3 3 3.116993e-14 0.000000e+00
9 104 6.552935e-03 2.608770e-03 0 0 3 3 3.112194e-14 0.000000e+00
9 105 6.552935e-03 3.284247e-03 0 0 3 3 3.104458e-14 0.000000e+00
9 106 6.552935e-03 4.134622e-03 0 0 3 3 3.091733e-14 0.000000e+00
9 107 6.552935e-03 5.205181e-03 0 0 3 3 3.069305e-14 0.000000e+00
9 108 6.552935e-03 6.552935e-03 0 0 3 3 0.000000e+00 0.000000e+00
9 109 6.552935e-03 8.249656e-03 0 0 3 3 2.903050e-14 0.000000e+00
10 99 8.249656e-03 8.249656e-04 0 0 3 3 2.966632e-14 0.000000e+00
10 100 8.249656e-03 1.038570e-03 0 0 3 3 2.966067e-14 0.000000e+00
10 101 8.249656e-03 1.307482e-03 0 0 3 3 2.965187e-14 0.000000e+00
10 102 8.249656e-03 1.646023e-03 0 0 3 3 2.963790e-14 0.000000e+00
10 103 8.249656e-03 2.072220e-03 0 0 3 3 2.961565e-14 0.000000e+00
10 104 8.249656e-03 2.608770e-03 0 0 3 3 2.958025e-14 0.000000e+00
10 105 8.249656e-03 3.284247e-03 0 0 3 3 2.952372e-14 0.000000e+00
10 106 8.249656e-03 4.134622e-03 0 0 3 3 2.943292e-14 0.000000e+00
10 107 8.249656e-03 5.205181e-03 0 0 3 3 2.928496e-14 0.000000e+00
10 108 8.249656e-03 6.552935e-03 0 0 3 3 2.903050e-14 0.000000e+00
10 109 8.249656e-03 8.249656e-03 0 0 3 3 0.000000e+00 0.000000e+00
