# Please cite the following papers in research using this covariance:
# arXiv: 1601.05779, https://arxiv.org/abs/1601.05779
# arXiv: 1911.11947, https://arxiv.org/abs/1911.11947
# arXiv: 2004.04833, https://arxiv.org/abs/2004.04833
# arXiv: 1804.10663, https://arxiv.org/abs/1804.10663
########################################################
33 187 8.249656e-04 8.249656e-04 0 3 2 2 0.000000e+00 0.000000e+00
33 188 8.249656e-04 1.038570e-03 0 3 2 2 -4.570961e-17 0.000000e+00
33 189 8.249656e-04 1.307482e-03 0 3 2 2 3.164124e-17 0.000000e+00
33 190 8.249656e-04 1.646023e-03 0 3 2 2 2.287563e-16 0.000000e+00
33 191 8.249656e-04 2.072220e-03 0 3 2 2 5.186588e-16 0.000000e+00
33 192 8.249656e-04 2.608770e-03 0 3 2 2 8.562229e-16 0.000000e+00
33 193 8.249656e-04 3.284247e-03 0 3 2 2 1.200464e-15 0.000000e+00
33 194 8.249656e-04 4.134622e-03 0 3 2 2 1.524832e-15 0.000000e+00
33 195 8.249656e-04 5.205181e-03 0 3 2 2 1.820077e-15 0.000000e+00
33 196 8.249656e-04 6.552935e-03 0 3 2 2 2.093095e-15 0.000000e+00
33 197 8.249656e-04 8.249656e-03 0 3 2 2 2.363380e-15 0.000000e+00
34 187 1.038570e-03 8.249656e-04 0 3 2 2 -2.091057e-17 0.000000e+00
34 188 1.038570e-03 1.038570e-03 0 3 2 2 0.000000e+00 0.000000e+00
34 189 1.038570e-03 1.307482e-03 0 3 2 2 -7.888907e-17 0.000000e+00
34 190 1.038570e-03 1.646023e-03 0 3 2 2 1.848545e-17 0.000000e+00
34 191 1.038570e-03 2.072220e-03 0 3 2 2 2.677232e-16 0.000000e+00
34 192 1.038570e-03 2.608770e-03 0 3 2 2 6.164113e-16 0.000000e+00
34 193 1.038570e-03 3.284247e-03 0 3 2 2 9.992108e-16 0.000000e+00
34 194 1.038570e-03 4.134622e-03 0 3 2 2 1.369479e-15 0.000000e+00
34 195 1.038570e-03 5.205181e-03 0 3 2 2 1.706511e-15 0.000000e+00
34 196 1.038570e-03 6.552935e-03 0 3 2 2 2.012742e-15 0.000000e+00
34 197 1.038570e-03 8.249656e-03 0 3 2 2 2.307344e-15 0.000000e+00
35 187 1.307482e-03 8.249656e-04 0 3 2 2 -9.931799e-18 0.000000e+00
35 188 1.307482e-03 1.038570e-03 0 3 2 2 -2.915731e-17 0.000000e+00
35 189 1.307482e-03 1.307482e-03 0 3 2 2 0.000000e+00 0.000000e+00
35 190 1.307482e-03 1.646023e-03 0 3 2 2 -1.231132e-16 0.000000e+00
35 191 1.307482e-03 2.072220e-03 0 3 2 2 -2.649604e-18 0.000000e+00
35 192 1.307482e-03 2.608770e-03 0 3 2 2 3.051685e-16 0.000000e+00
35 193 1.307482e-03 3.284247e-03 0 3 2 2 7.135346e-16 0.000000e+00
35 194 1.307482e-03 4.134622e-03 0 3 2 2 1.138297e-15 0.000000e+00
35 195 1.307482e-03 5.205181e-03 0 3 2 2 1.533044e-15 0.000000e+00
35 196 1.307482e-03 6.552935e-03 0 3 2 2 1.888174e-15 0.000000e+00
35 197 1.307482e-03 8.249656e-03 0 3 2 2 2.219724e-15 0.000000e+00
36 187 1.646023e-03 8.249656e-04 0 3 2 2 -4.030492e-18 0.000000e+00
36 188 1.646023e-03 1.038570e-03 0 3 2 2 -1.245956e-17 0.000000e+00
36 189 1.646023e-03 1.307482e-03 0 3 2 2 -3.659521e-17 0.000000e+00
36 190 1.646023e-03 1.646023e-03 0 3 2 2 0.000000e+00 0.000000e+00
36 191 1.646023e-03 2.072220e-03 0 3 2 2 -1.775926e-16 0.000000e+00
36 192 1.646023e-03 2.608770e-03 0 3 2 2 -3.002802e-17 0.000000e+00
36 193 1.646023e-03 3.284247e-03 0 3 2 2 3.413762e-16 0.000000e+00
36 194 1.646023e-03 4.134622e-03 0 3 2 2 8.090984e-16 0.000000e+00
36 195 1.646023e-03 5.205181e-03 0 3 2 2 1.274400e-15 0.000000e+00
36 196 1.646023e-03 6.552935e-03 0 3 2 2 1.697713e-15 0.000000e+00
36 197 1.646023e-03 8.249656e-03 0 3 2 2 2.083840e-15 0.000000e+00
37 187 2.072220e-03 8.249656e-04 0 3 2 2 -1.290738e-18 0.000000e+00
37 188 2.072220e-03 1.038570e-03 0 3 2 2 -4.762117e-18 0.000000e+00
37 189 2.072220e-03 1.307482e-03 0 3 2 2 -1.352085e-17 0.000000e+00
37 190 2.072220e-03 1.646023e-03 0 3 2 2 -4.231059e-17 0.000000e+00
37 191 2.072220e-03 2.072220e-03 0 3 2 2 0.000000e+00 0.000000e+00
37 192 2.072220e-03 2.608770e-03 0 3 2 2 -2.393470e-16 0.000000e+00
37 193 2.072220e-03 3.284247e-03 0 3 2 2 -6.042857e-17 0.000000e+00
37 194 2.072220e-03 4.134622e-03 0 3 2 2 3.782116e-16 0.000000e+00
37 195 2.072220e-03 5.205181e-03 0 3 2 2 9.049215e-16 0.000000e+00
37 196 2.072220e-03 6.552935e-03 0 3 2 2 1.413266e-15 0.000000e+00
37 197 2.072220e-03 8.249656e-03 0 3 2 2 1.875954e-15 0.000000e+00
38 187 2.608770e-03 8.249656e-04 0 3 2 2 -1.661540e-19 0.000000e+00
38 188 2.608770e-03 1.038570e-03 0 3 2 2 -1.663455e-18 0.000000e+00
38 189 2.608770e-03 1.307482e-03 0 3 2 2 -4.472256e-18 0.000000e+00
38 190 2.608770e-03 1.646023e-03 0 3 2 2 -1.324594e-17 0.000000e+00
38 191 2.608770e-03 2.072220e-03 0 3 2 2 -4.528558e-17 0.000000e+00
38 192 2.608770e-03 2.608770e-03 0 3 2 2 0.000000e+00 0.000000e+00
38 193 2.608770e-03 3.284247e-03 0 3 2 2 -3.043613e-16 0.000000e+00
38 194 2.608770e-03 4.134622e-03 0 3 2 2 -8.946400e-17 0.000000e+00
38 195 2.608770e-03 5.205181e-03 0 3 2 2 4.188158e-16 0.000000e+00
38 196 2.608770e-03 6.552935e-03 0 3 2 2 1.005792e-15 0.000000e+00
38 197 2.608770e-03 8.249656e-03 0 3 2 2 1.565151e-15 0.000000e+00
39 187 3.284247e-03 8.249656e-04 0 3 2 2 2.403922e-19 0.000000e+00
39 188 3.284247e-03 1.038570e-03 0 3 2 2 -5.624438e-19 0.000000e+00
39 189 3.284247e-03 1.307482e-03 0 3 2 2 -1.351041e-18 0.000000e+00
39 190 3.284247e-03 1.646023e-03 0 3 2 2 -3.688770e-18 0.000000e+00
39 191 3.284247e-03 2.072220e-03 0 3 2 2 -1.187556e-17 0.000000e+00
39 192 3.284247e-03 2.608770e-03 0 3 2 2 -4.469976e-17 0.000000e+00
39 193 3.284247e-03 3.284247e-03 0 3 2 2 0.000000e+00 0.000000e+00
39 194 3.284247e-03 4.134622e-03 0 3 2 2 -3.682355e-16 0.000000e+00
39 195 3.284247e-03 5.205181e-03 0 3 2 2 -1.127175e-16 0.000000e+00
39 196 3.284247e-03 6.552935e-03 0 3 2 2 4.670797e-16 0.000000e+00
39 197 3.284247e-03 8.249656e-03 0 3 2 2 1.119054e-15 0.000000e+00
40 187 4.134622e-03 8.249656e-04 0 3 2 2 3.688207e-19 0.000000e+00
40 188 4.134622e-03 1.038570e-03 0 3 2 2 -2.198669e-19 0.000000e+00
40 189 4.134622e-03 1.307482e-03 0 3 2 2 -4.045303e-19 0.000000e+00
40 190 4.134622e-03 1.646023e-03 0 3 2 2 -9.114446e-19 0.000000e+00
40 191 4.134622e-03 2.072220e-03 0 3 2 2 -2.856374e-18 0.000000e+00
40 192 4.134622e-03 2.608770e-03 0 3 2 2 -9.652148e-18 0.000000e+00
40 193 4.134622e-03 3.284247e-03 0 3 2 2 -4.098346e-17 0.000000e+00
40 194 4.134622e-03 4.134622e-03 0 3 2 2 0.000000e+00 0.000000e+00
40 195 4.134622e-03 5.205181e-03 0 3 2 2 -4.274435e-16 0.000000e+00
40 196 4.134622e-03 6.552935e-03 0 3 2 2 -1.269667e-16 0.000000e+00
40 197 4.134622e-03 8.249656e-03 0 3 2 2 5.270272e-16 0.000000e+00
41 187 5.205181e-03 8.249656e-04 0 3 2 2 4.035018e-19 0.000000e+00
41 188 5.205181e-03 1.038570e-03 0 3 2 2 -1.279667e-19 0.000000e+00
41 189 5.205181e-03 1.307482e-03 0 3 2 2 -1.554363e-19 0.000000e+00
41 190 5.205181e-03 1.646023e-03 0 3 2 2 -2.038318e-19 0.000000e+00
41 191 5.205181e-03 2.072220e-03 0 3 2 2 -6.873061e-19 0.000000e+00
41 192 5.205181e-03 2.608770e-03 0 3 2 2 -2.077042e-18 0.000000e+00
41 193 5.205181e-03 3.284247e-03 0 3 2 2 -7.394563e-18 0.000000e+00
41 194 5.205181e-03 4.134622e-03 0 3 2 2 -3.551435e-17 0.000000e+00
41 195 5.205181e-03 5.205181e-03 0 3 2 2 0.000000e+00 0.000000e+00
41 196 5.205181e-03 6.552935e-03 0 3 2 2 -4.804680e-16 0.000000e+00
41 197 5.205181e-03 8.249656e-03 0 3 2 2 -1.310782e-16 0.000000e+00
42 187 6.552935e-03 8.249656e-04 0 3 2 2 4.115064e-19 0.000000e+00
42 188 6.552935e-03 1.038570e-03 0 3 2 2 -1.064028e-19 0.000000e+00
42 189 6.552935e-03 1.307482e-03 0 3 2 2 -9.808782e-20 0.000000e+00
42 190 6.552935e-03 1.646023e-03 0 3 2 2 -4.560026e-20 0.000000e+00
42 191 6.552935e-03 2.072220e-03 0 3 2 2 -2.245011e-19 0.000000e+00
42 192 6.552935e-03 2.608770e-03 0 3 2 2 -5.871330e-19 0.000000e+00
42 193 6.552935e-03 3.284247e-03 0 3 2 2 -1.726113e-18 0.000000e+00
42 194 6.552935e-03 4.134622e-03 0 3 2 2 -5.972668e-18 0.000000e+00
42 195 6.552935e-03 5.205181e-03 0 3 2 2 -3.040499e-17 0.000000e+00
42 196 6.552935e-03 6.552935e-03 0 3 2 2 0.000000e+00 0.000000e+00
42 197 6.552935e-03 8.249656e-03 0 3 2 2 -5.284862e-16 0.000000e+00
43 187 8.249656e-03 8.249656e-04 0 3 2 2 4.132519e-19 0.000000e+00
43 188 8.249656e-03 1.038570e-03 0 3 2 2 -1.008160e-19 0.000000e+00
43 189 8.249656e-03 1.307482e-03 0 3 2 2 -8.393032e-20 0.000000e+00
43 190 8.249656e-03 1.646023e-03 0 3 2 2 -8.406163e-21 0.000000e+00
43 191 8.249656e-03 2.072220e-03 0 3 2 2 -1.222649e-19 0.000000e+00
43 192 8.249656e-03 2.608770e-03 0 3 2 2 -2.884488e-19 0.000000e+00
43 193 8.249656e-03 3.284247e-03 0 3 2 2 -7.476411e-19 0.000000e+00
43 194 8.249656e-03 4.134622e-03 0 3 2 2 -2.022252e-18 0.000000e+00
43 195 8.249656e-03 5.205181e-03 0 3 2 2 -6.118957e-18 0.000000e+00
43 196 8.249656e-03 6.552935e-03 0 3 2 2 -2.801039e-17 0.000000e+00
43 197 8.249656e-03 8.249656e-03 0 3 2 2 0.000000e+00 0.000000e+00
