# Please cite the following papers in research using this covariance:
# arXiv: 1601.05779, https://arxiv.org/abs/1601.05779
# arXiv: 1911.11947, https://arxiv.org/abs/1911.11947
# arXiv: 2004.04833, https://arxiv.org/abs/2004.04833
# arXiv: 1804.10663, https://arxiv.org/abs/1804.10663
########################################################
88 143 8.249656e-04 8.249656e-04 2 3 0 3 0.000000e+00 0.000000e+00
88 144 8.249656e-04 1.038570e-03 2 3 0 3 -7.121897e-15 0.000000e+00
88 145 8.249656e-04 1.307482e-03 2 3 0 3 -3.151928e-15 0.000000e+00
88 146 8.249656e-04 1.646023e-03 2 3 0 3 3.403123e-15 0.000000e+00
88 147 8.249656e-04 2.072220e-03 2 3 0 3 8.520563e-15 0.000000e+00
88 148 8.249656e-04 2.608770e-03 2 3 0 3 1.147941e-14 0.000000e+00
88 149 8.249656e-04 3.284247e-03 2 3 0 3 1.266051e-14 0.000000e+00
88 150 8.249656e-04 4.134622e-03 2 3 0 3 1.266237e-14 0.000000e+00
88 151 8.249656e-04 5.205181e-03 2 3 0 3 1.201050e-14 0.000000e+00
88 152 8.249656e-04 6.552935e-03 2 3 0 3 1.109232e-14 0.000000e+00
88 153 8.249656e-04 8.249656e-03 2 3 0 3 1.016719e-14 0.000000e+00
89 143 1.038570e-03 8.249656e-04 2 3 0 3 2.549892e-17 0.000000e+00
89 144 1.038570e-03 1.038570e-03 2 3 0 3 0.000000e+00 0.000000e+00
89 145 1.038570e-03 1.307482e-03 2 3 0 3 -7.110314e-15 0.000000e+00
89 146 1.038570e-03 1.646023e-03 2 3 0 3 -3.168108e-15 0.000000e+00
89 147 1.038570e-03 2.072220e-03 2 3 0 3 3.117402e-15 0.000000e+00
89 148 1.038570e-03 2.608770e-03 2 3 0 3 7.823303e-15 0.000000e+00
89 149 1.038570e-03 3.284247e-03 2 3 0 3 1.040283e-14 0.000000e+00
89 150 1.038570e-03 4.134622e-03 2 3 0 3 1.133733e-14 0.000000e+00
89 151 1.038570e-03 5.205181e-03 2 3 0 3 1.125457e-14 0.000000e+00
89 152 1.038570e-03 6.552935e-03 2 3 0 3 1.066629e-14 0.000000e+00
89 153 1.038570e-03 8.249656e-03 2 3 0 3 9.926584e-15 0.000000e+00
90 143 1.307482e-03 8.249656e-04 2 3 0 3 5.534867e-17 0.000000e+00
90 144 1.307482e-03 1.038570e-03 2 3 0 3 1.041201e-16 0.000000e+00
90 145 1.307482e-03 1.307482e-03 2 3 0 3 0.000000e+00 0.000000e+00
90 146 1.307482e-03 1.646023e-03 2 3 0 3 -6.980368e-15 0.000000e+00
90 147 1.307482e-03 2.072220e-03 2 3 0 3 -3.108488e-15 0.000000e+00
90 148 1.307482e-03 2.608770e-03 2 3 0 3 2.828357e-15 0.000000e+00
90 149 1.307482e-03 3.284247e-03 2 3 0 3 7.094083e-15 0.000000e+00
90 150 1.307482e-03 4.134622e-03 2 3 0 3 9.327521e-15 0.000000e+00
90 151 1.307482e-03 5.205181e-03 2 3 0 3 1.008687e-14 0.000000e+00
90 152 1.307482e-03 6.552935e-03 2 3 0 3 1.000150e-14 0.000000e+00
90 153 1.307482e-03 8.249656e-03 2 3 0 3 9.548956e-15 0.000000e+00
91 143 1.646023e-03 8.249656e-04 2 3 0 3 2.913437e-17 0.000000e+00
91 144 1.646023e-03 1.038570e-03 2 3 0 3 7.591835e-17 0.000000e+00
91 145 1.646023e-03 1.307482e-03 2 3 0 3 1.836782e-16 0.000000e+00
91 146 1.646023e-03 1.646023e-03 2 3 0 3 0.000000e+00 0.000000e+00
91 147 1.646023e-03 2.072220e-03 2 3 0 3 -6.732287e-15 0.000000e+00
91 148 1.646023e-03 2.608770e-03 2 3 0 3 -2.973586e-15 0.000000e+00
91 149 1.646023e-03 3.284247e-03 2 3 0 3 2.551666e-15 0.000000e+00
91 150 1.646023e-03 4.134622e-03 2 3 0 3 6.374286e-15 0.000000e+00
91 151 1.646023e-03 5.205181e-03 2 3 0 3 8.313601e-15 0.000000e+00
91 152 1.646023e-03 6.552935e-03 2 3 0 3 8.974191e-15 0.000000e+00
91 153 1.646023e-03 8.249656e-03 2 3 0 3 8.959707e-15 0.000000e+00
92 143 2.072220e-03 8.249656e-04 2 3 0 3 1.303075e-17 0.000000e+00
92 144 2.072220e-03 1.038570e-03 2 3 0 3 3.369270e-17 0.000000e+00
92 145 2.072220e-03 1.307482e-03 2 3 0 3 9.331048e-17 0.000000e+00
92 146 2.072220e-03 1.646023e-03 2 3 0 3 2.562374e-16 0.000000e+00
92 147 2.072220e-03 2.072220e-03 2 3 0 3 0.000000e+00 0.000000e+00
92 148 2.072220e-03 2.608770e-03 2 3 0 3 -6.375735e-15 0.000000e+00
92 149 2.072220e-03 3.284247e-03 2 3 0 3 -2.771284e-15 0.000000e+00
92 150 2.072220e-03 4.134622e-03 2 3 0 3 2.300816e-15 0.000000e+00
92 151 2.072220e-03 5.205181e-03 2 3 0 3 5.702401e-15 0.000000e+00
92 152 2.072220e-03 6.552935e-03 2 3 0 3 7.413111e-15 0.000000e+00
92 153 2.072220e-03 8.249656e-03 2 3 0 3 8.049310e-15 0.000000e+00
93 143 2.608770e-03 8.249656e-04 2 3 0 3 5.552326e-18 0.000000e+00
93 144 2.608770e-03 1.038570e-03 2 3 0 3 1.330057e-17 0.000000e+00
93 145 2.608770e-03 1.307482e-03 2 3 0 3 3.640867e-17 0.000000e+00
93 146 2.608770e-03 1.646023e-03 2 3 0 3 1.043844e-16 0.000000e+00
93 147 2.608770e-03 2.072220e-03 2 3 0 3 3.144240e-16 0.000000e+00
93 148 2.608770e-03 2.608770e-03 2 3 0 3 0.000000e+00 0.000000e+00
93 149 2.608770e-03 3.284247e-03 2 3 0 3 -5.930221e-15 0.000000e+00
93 150 2.608770e-03 4.134622e-03 2 3 0 3 -2.516226e-15 0.000000e+00
93 151 2.608770e-03 5.205181e-03 2 3 0 3 2.086096e-15 0.000000e+00
93 152 2.608770e-03 6.552935e-03 2 3 0 3 5.111412e-15 0.000000e+00
93 153 2.608770e-03 8.249656e-03 2 3 0 3 6.666015e-15 0.000000e+00
94 143 3.284247e-03 8.249656e-04 2 3 0 3 2.369596e-18 0.000000e+00
94 144 3.284247e-03 1.038570e-03 2 3 0 3 4.829186e-18 0.000000e+00
94 145 3.284247e-03 1.307482e-03 2 3 0 3 1.310242e-17 0.000000e+00
94 146 3.284247e-03 1.646023e-03 2 3 0 3 3.653327e-17 0.000000e+00
94 147 3.284247e-03 2.072220e-03 2 3 0 3 1.078723e-16 0.000000e+00
94 148 3.284247e-03 2.608770e-03 2 3 0 3 3.527584e-16 0.000000e+00
94 149 3.284247e-03 3.284247e-03 2 3 0 3 0.000000e+00 0.000000e+00
94 150 3.284247e-03 4.134622e-03 2 3 0 3 -5.422813e-15 0.000000e+00
94 151 3.284247e-03 5.205181e-03 2 3 0 3 -2.227385e-15 0.000000e+00
94 152 3.284247e-03 6.552935e-03 2 3 0 3 1.914740e-15 0.000000e+00
94 153 3.284247e-03 8.249656e-03 2 3 0 3 4.626297e-15 0.000000e+00
95 143 4.134622e-03 8.249656e-04 2 3 0 3 1.144139e-18 0.000000e+00
95 144 4.134622e-03 1.038570e-03 2 3 0 3 1.607204e-18 0.000000e+00
95 145 4.134622e-03 1.307482e-03 2 3 0 3 4.402711e-18 0.000000e+00
95 146 4.134622e-03 1.646023e-03 2 3 0 3 1.209658e-17 0.000000e+00
95 147 4.134622e-03 2.072220e-03 2 3 0 3 3.395898e-17 0.000000e+00
95 148 4.134622e-03 2.608770e-03 2 3 0 3 1.038613e-16 0.000000e+00
95 149 4.134622e-03 3.284247e-03 2 3 0 3 3.677948e-16 0.000000e+00
95 150 4.134622e-03 4.134622e-03 2 3 0 3 0.000000e+00 0.000000e+00
95 151 4.134622e-03 5.205181e-03 2 3 0 3 -4.884648e-15 0.000000e+00
95 152 4.134622e-03 6.552935e-03 2 3 0 3 -1.925632e-15 0.000000e+00
95 153 4.134622e-03 8.249656e-03 2 3 0 3 1.790850e-15 0.000000e+00
96 143 5.205181e-03 8.249656e-04 2 3 0 3 6.772730e-19 0.000000e+00
96 144 5.205181e-03 1.038570e-03 2 3 0 3 4.456101e-19 0.000000e+00
96 145 5.205181e-03 1.307482e-03 2 3 0 3 1.349274e-18 0.000000e+00
96 146 5.205181e-03 1.646023e-03 2 3 0 3 3.810974e-18 0.000000e+00
96 147 5.205181e-03 2.072220e-03 2 3 0 3 1.024315e-17 0.000000e+00
96 148 5.205181e-03 2.608770e-03 2 3 0 3 2.947049e-17 0.000000e+00
96 149 5.205181e-03 3.284247e-03 2 3 0 3 9.338733e-17 0.000000e+00
96 150 5.205181e-03 4.134622e-03 2 3 0 3 3.593050e-16 0.000000e+00
96 151 5.205181e-03 5.205181e-03 2 3 0 3 0.000000e+00 0.000000e+00
96 152 5.205181e-03 6.552935e-03 2 3 0 3 -4.347922e-15 0.000000e+00
96 153 5.205181e-03 8.249656e-03 2 3 0 3 -1.630908e-15 0.000000e+00
97 143 6.552935e-03 8.249656e-04 2 3 0 3 5.391057e-19 0.000000e+00
97 144 6.552935e-03 1.038570e-03 2 3 0 3 5.056261e-20 0.000000e+00
97 145 6.552935e-03 1.307482e-03 2 3 0 3 3.474656e-19 0.000000e+00
97 146 6.552935e-03 1.646023e-03 2 3 0 3 1.129373e-18 0.000000e+00
97 147 6.552935e-03 2.072220e-03 2 3 0 3 2.890409e-18 0.000000e+00
97 148 6.552935e-03 2.608770e-03 2 3 0 3 8.026327e-18 0.000000e+00
97 149 6.552935e-03 3.284247e-03 2 3 0 3 2.360735e-17 0.000000e+00
97 150 6.552935e-03 4.134622e-03 2 3 0 3 7.800602e-17 0.000000e+00
97 151 6.552935e-03 5.205181e-03 2 3 0 3 3.296021e-16 0.000000e+00
97 152 6.552935e-03 6.552935e-03 2 3 0 3 0.000000e+00 0.000000e+00
97 153 6.552935e-03 8.249656e-03 2 3 0 3 -3.842549e-15 0.000000e+00
98 143 8.249656e-03 8.249656e-04 2 3 0 3 4.823398e-19 0.000000e+00
98 144 8.249656e-03 1.038570e-03 2 3 0 3 -6.845781e-20 0.000000e+00
98 145 8.249656e-03 1.307482e-03 2 3 0 3 4.124168e-20 0.000000e+00
98 146 8.249656e-03 1.646023e-03 2 3 0 3 3.166733e-19 0.000000e+00
98 147 8.249656e-03 2.072220e-03 2 3 0 3 7.283660e-19 0.000000e+00
98 148 8.249656e-03 2.608770e-03 2 3 0 3 1.977539e-18 0.000000e+00
98 149 8.249656e-03 3.284247e-03 2 3 0 3 5.580915e-18 0.000000e+00
98 150 8.249656e-03 4.134622e-03 2 3 0 3 1.701513e-17 0.000000e+00
98 151 8.249656e-03 5.205181e-03 2 3 0 3 5.961018e-17 0.000000e+00
98 152 8.249656e-03 6.552935e-03 2 3 0 3 2.829448e-16 0.000000e+00
98 153 8.249656e-03 8.249656e-03 2 3 0 3 0.000000e+00 0.000000e+00
