# Please cite the following papers in research using this covariance:
# arXiv: 1601.05779, https://arxiv.org/abs/1601.05779
# arXiv: 1911.11947, https://arxiv.org/abs/1911.11947
# arXiv: 2004.04833, https://arxiv.org/abs/2004.04833
# arXiv: 1804.10663, https://arxiv.org/abs/1804.10663
########################################################
352 440 8.249656e-04 8.249656e-04 3 0 5 0 0.000000e+00 0.000000e+00
352 441 8.249656e-04 1.038570e-03 3 0 5 0 6.674585e-12 0.000000e+00
352 442 8.249656e-04 1.307482e-03 3 0 5 0 2.814775e-12 0.000000e+00
352 443 8.249656e-04 1.646023e-03 3 0 5 0 1.318328e-12 0.000000e+00
352 444 8.249656e-04 2.072220e-03 3 0 5 0 6.778186e-13 0.000000e+00
352 445 8.249656e-04 2.608770e-03 3 0 5 0 3.739804e-13 0.000000e+00
352 446 8.249656e-04 3.284247e-03 3 0 5 0 2.163041e-13 0.000000e+00
352 447 8.249656e-04 4.134622e-03 3 0 5 0 1.283916e-13 0.000000e+00
352 448 8.249656e-04 5.205181e-03 3 0 5 0 7.681701e-14 0.000000e+00
352 449 8.249656e-04 6.552935e-03 3 0 5 0 4.573823e-14 0.000000e+00
352 450 8.249656e-04 8.249656e-03 3 0 5 0 2.679661e-14 0.000000e+00
353 440 1.038570e-03 8.249656e-04 3 0 5 0 6.674585e-12 0.000000e+00
353 441 1.038570e-03 1.038570e-03 3 0 5 0 0.000000e+00 0.000000e+00
353 442 1.038570e-03 1.307482e-03 3 0 5 0 5.478663e-12 0.000000e+00
353 443 1.038570e-03 1.646023e-03 3 0 5 0 2.292496e-12 0.000000e+00
353 444 1.038570e-03 2.072220e-03 3 0 5 0 1.116930e-12 0.000000e+00
353 445 1.038570e-03 2.608770e-03 3 0 5 0 6.019573e-13 0.000000e+00
353 446 1.038570e-03 3.284247e-03 3 0 5 0 3.448658e-13 0.000000e+00
353 447 1.038570e-03 4.134622e-03 3 0 5 0 2.039342e-13 0.000000e+00
353 448 1.038570e-03 5.205181e-03 3 0 5 0 1.218864e-13 0.000000e+00
353 449 1.038570e-03 6.552935e-03 3 0 5 0 7.253143e-14 0.000000e+00
353 450 1.038570e-03 8.249656e-03 3 0 5 0 4.250418e-14 0.000000e+00
354 440 1.307482e-03 8.249656e-04 3 0 5 0 2.814775e-12 0.000000e+00
354 441 1.307482e-03 1.038570e-03 3 0 5 0 5.478663e-12 0.000000e+00
354 442 1.307482e-03 1.307482e-03 3 0 5 0 0.000000e+00 0.000000e+00
354 443 1.307482e-03 1.646023e-03 3 0 5 0 4.502822e-12 0.000000e+00
354 444 1.307482e-03 2.072220e-03 3 0 5 0 1.917625e-12 0.000000e+00
354 445 1.307482e-03 2.608770e-03 3 0 5 0 9.823351e-13 0.000000e+00
354 446 1.307482e-03 3.284247e-03 3 0 5 0 5.523966e-13 0.000000e+00
354 447 1.307482e-03 4.134622e-03 3 0 5 0 3.245301e-13 0.000000e+00
354 448 1.307482e-03 5.205181e-03 3 0 5 0 1.935509e-13 0.000000e+00
354 449 1.307482e-03 6.552935e-03 3 0 5 0 1.150905e-13 0.000000e+00
354 450 1.307482e-03 8.249656e-03 3 0 5 0 6.742002e-14 0.000000e+00
355 440 1.646023e-03 8.249656e-04 3 0 5 0 1.318328e-12 0.000000e+00
355 441 1.646023e-03 1.038570e-03 3 0 5 0 2.292496e-12 0.000000e+00
355 442 1.646023e-03 1.307482e-03 3 0 5 0 4.502822e-12 0.000000e+00
355 443 1.646023e-03 1.646023e-03 3 0 5 0 0.000000e+00 0.000000e+00
355 444 1.646023e-03 2.072220e-03 3 0 5 0 3.741015e-12 0.000000e+00
355 445 1.646023e-03 2.608770e-03 3 0 5 0 1.658664e-12 0.000000e+00
355 446 1.646023e-03 3.284247e-03 3 0 5 0 8.936027e-13 0.000000e+00
355 447 1.646023e-03 4.134622e-03 3 0 5 0 5.180837e-13 0.000000e+00
355 448 1.646023e-03 5.205181e-03 3 0 5 0 3.077099e-13 0.000000e+00
355 449 1.646023e-03 6.552935e-03 3 0 5 0 1.827488e-13 0.000000e+00
355 450 1.646023e-03 8.249656e-03 3 0 5 0 1.070226e-13 0.000000e+00
356 440 2.072220e-03 8.249656e-04 3 0 5 0 6.778186e-13 0.000000e+00
356 441 2.072220e-03 1.038570e-03 3 0 5 0 1.116930e-12 0.000000e+00
356 442 2.072220e-03 1.307482e-03 3 0 5 0 1.917625e-12 0.000000e+00
356 443 2.072220e-03 1.646023e-03 3 0 5 0 3.741015e-12 0.000000e+00
356 444 2.072220e-03 2.072220e-03 3 0 5 0 0.000000e+00 0.000000e+00
356 445 2.072220e-03 2.608770e-03 3 0 5 0 3.168233e-12 0.000000e+00
356 446 2.072220e-03 3.284247e-03 3 0 5 0 1.483654e-12 0.000000e+00
356 447 2.072220e-03 4.134622e-03 3 0 5 0 8.327038e-13 0.000000e+00
356 448 2.072220e-03 5.205181e-03 3 0 5 0 4.903474e-13 0.000000e+00
356 449 2.072220e-03 6.552935e-03 3 0 5 0 2.905316e-13 0.000000e+00
356 450 2.072220e-03 8.249656e-03 3 0 5 0 1.700165e-13 0.000000e+00
357 440 2.608770e-03 8.249656e-04 3 0 5 0 3.739804e-13 0.000000e+00
357 441 2.608770e-03 1.038570e-03 3 0 5 0 6.019573e-13 0.000000e+00
357 442 2.608770e-03 1.307482e-03 3 0 5 0 9.823351e-13 0.000000e+00
357 443 2.608770e-03 1.646023e-03 3 0 5 0 1.658664e-12 0.000000e+00
357 444 2.608770e-03 2.072220e-03 3 0 5 0 3.168233e-12 0.000000e+00
357 445 2.608770e-03 2.608770e-03 3 0 5 0 0.000000e+00 0.000000e+00
357 446 2.608770e-03 3.284247e-03 3 0 5 0 2.748894e-12 0.000000e+00
357 447 2.608770e-03 4.134622e-03 3 0 5 0 1.363452e-12 0.000000e+00
357 448 2.608770e-03 5.205181e-03 3 0 5 0 7.851727e-13 0.000000e+00
357 449 2.608770e-03 6.552935e-03 3 0 5 0 4.628335e-13 0.000000e+00
357 450 2.608770e-03 8.249656e-03 3 0 5 0 2.704917e-13 0.000000e+00
358 440 3.284247e-03 8.249656e-04 3 0 5 0 2.163041e-13 0.000000e+00
358 441 3.284247e-03 1.038570e-03 3 0 5 0 3.448658e-13 0.000000e+00
358 442 3.284247e-03 1.307482e-03 3 0 5 0 5.523966e-13 0.000000e+00
358 443 3.284247e-03 1.646023e-03 3 0 5 0 8.936027e-13 0.000000e+00
358 444 3.284247e-03 2.072220e-03 3 0 5 0 1.483654e-12 0.000000e+00
358 445 3.284247e-03 2.608770e-03 3 0 5 0 2.748894e-12 0.000000e+00
358 446 3.284247e-03 3.284247e-03 3 0 5 0 0.000000e+00 0.000000e+00
358 447 3.284247e-03 4.134622e-03 3 0 5 0 2.444272e-12 0.000000e+00
358 448 3.284247e-03 5.205181e-03 3 0 5 0 1.273704e-12 0.000000e+00
358 449 3.284247e-03 6.552935e-03 3 0 5 0 7.402619e-13 0.000000e+00
358 450 3.284247e-03 8.249656e-03 3 0 5 0 4.313651e-13 0.000000e+00
359 440 4.134622e-03 8.249656e-04 3 0 5 0 1.283916e-13 0.000000e+00
359 441 4.134622e-03 1.038570e-03 3 0 5 0 2.039342e-13 0.000000e+00
359 442 4.134622e-03 1.307482e-03 3 0 5 0 3.245301e-13 0.000000e+00
359 443 4.134622e-03 1.646023e-03 3 0 5 0 5.180837e-13 0.000000e+00
359 444 4.134622e-03 2.072220e-03 3 0 5 0 8.327038e-13 0.000000e+00
359 445 4.134622e-03 2.608770e-03 3 0 5 0 1.363452e-12 0.000000e+00
359 446 4.134622e-03 3.284247e-03 3 0 5 0 2.444272e-12 0.000000e+00
359 447 4.134622e-03 4.134622e-03 3 0 5 0 0.000000e+00 0.000000e+00
359 448 4.134622e-03 5.205181e-03 3 0 5 0 2.217563e-12 0.000000e+00
359 449 4.134622e-03 6.552935e-03 3 0 5 0 1.195528e-12 0.000000e+00
359 450 4.134622e-03 8.249656e-03 3 0 5 0 6.907649e-13 0.000000e+00
360 440 5.205181e-03 8.249656e-04 3 0 5 0 7.681701e-14 0.000000e+00
360 441 5.205181e-03 1.038570e-03 3 0 5 0 1.218864e-13 0.000000e+00
360 442 5.205181e-03 1.307482e-03 3 0 5 0 1.935509e-13 0.000000e+00
360 443 5.205181e-03 1.646023e-03 3 0 5 0 3.077099e-13 0.000000e+00
360 444 5.205181e-03 2.072220e-03 3 0 5 0 4.903474e-13 0.000000e+00
360 445 5.205181e-03 2.608770e-03 3 0 5 0 7.851727e-13 0.000000e+00
360 446 5.205181e-03 3.284247e-03 3 0 5 0 1.273704e-12 0.000000e+00
360 447 5.205181e-03 4.134622e-03 3 0 5 0 2.217563e-12 0.000000e+00
360 448 5.205181e-03 5.205181e-03 3 0 5 0 0.000000e+00 0.000000e+00
360 449 5.205181e-03 6.552935e-03 3 0 5 0 2.037006e-12 0.000000e+00
360 450 5.205181e-03 8.249656e-03 3 0 5 0 1.115679e-12 0.000000e+00
361 440 6.552935e-03 8.249656e-04 3 0 5 0 4.573823e-14 0.000000e+00
361 441 6.552935e-03 1.038570e-03 3 0 5 0 7.253143e-14 0.000000e+00
361 442 6.552935e-03 1.307482e-03 3 0 5 0 1.150905e-13 0.000000e+00
361 443 6.552935e-03 1.646023e-03 3 0 5 0 1.827488e-13 0.000000e+00
361 444 6.552935e-03 2.072220e-03 3 0 5 0 2.905316e-13 0.000000e+00
361 445 6.552935e-03 2.608770e-03 3 0 5 0 4.628335e-13 0.000000e+00
361 446 6.552935e-03 3.284247e-03 3 0 5 0 7.402619e-13 0.000000e+00
361 447 6.552935e-03 4.134622e-03 3 0 5 0 1.195528e-12 0.000000e+00
361 448 6.552935e-03 5.205181e-03 3 0 5 0 2.037006e-12 0.000000e+00
361 449 6.552935e-03 6.552935e-03 3 0 5 0 0.000000e+00 0.000000e+00
361 450 6.552935e-03 8.249656e-03 3 0 5 0 1.877634e-12 0.000000e+00
362 440 8.249656e-03 8.249656e-04 3 0 5 0 2.679661e-14 0.000000e+00
362 441 8.249656e-03 1.038570e-03 3 0 5 0 4.250418e-14 0.000000e+00
362 442 8.249656e-03 1.307482e-03 3 0 5 0 6.742002e-14 0.000000e+00
362 443 8.249656e-03 1.646023e-03 3 0 5 0 1.070226e-13 0.000000e+00
362 444 8.249656e-03 2.072220e-03 3 0 5 0 1.700165e-13 0.000000e+00
362 445 8.249656e-03 2.608770e-03 3 0 5 0 2.704917e-13 0.000000e+00
362 446 8.249656e-03 3.284247e-03 3 0 5 0 4.313651e-13 0.000000e+00
362 447 8.249656e-03 4.134622e-03 3 0 5 0 6.907649e-13 0.000000e+00
362 448 8.249656e-03 5.205181e-03 3 0 5 0 1.115679e-12 0.000000e+00
362 449 8.249656e-03 6.552935e-03 3 0 5 0 1.877634e-12 0.000000e+00
362 450 8.249656e-03 8.249656e-03 3 0 5 0 0.000000e+00 0.000000e+00
