# Please cite the following papers in research using this covariance:
# arXiv: 1601.05779, https://arxiv.org/abs/1601.05779
# arXiv: 1911.11947, https://arxiv.org/abs/1911.11947
# arXiv: 2004.04833, https://arxiv.org/abs/2004.04833
# arXiv: 1804.10663, https://arxiv.org/abs/1804.10663
########################################################
286 352 8.249656e-04 8.249656e-04 1 2 3 0 0.000000e+00 0.000000e+00
286 353 8.249656e-04 1.038570e-03 1 2 3 0 7.906515e-14 0.000000e+00
286 354 8.249656e-04 1.307482e-03 1 2 3 0 6.583305e-14 0.000000e+00
286 355 8.249656e-04 1.646023e-03 1 2 3 0 4.948427e-14 0.000000e+00
286 356 8.249656e-04 2.072220e-03 1 2 3 0 3.511216e-14 0.000000e+00
286 357 8.249656e-04 2.608770e-03 1 2 3 0 2.423587e-14 0.000000e+00
286 358 8.249656e-04 3.284247e-03 1 2 3 0 1.666123e-14 0.000000e+00
286 359 8.249656e-04 4.134622e-03 1 2 3 0 1.161766e-14 0.000000e+00
286 360 8.249656e-04 5.205181e-03 1 2 3 0 8.310417e-15 0.000000e+00
286 361 8.249656e-04 6.552935e-03 1 2 3 0 6.114960e-15 0.000000e+00
286 362 8.249656e-04 8.249656e-03 1 2 3 0 4.604713e-15 0.000000e+00
287 352 1.038570e-03 8.249656e-04 1 2 3 0 7.906515e-14 0.000000e+00
287 353 1.038570e-03 1.038570e-03 1 2 3 0 0.000000e+00 0.000000e+00
287 354 1.038570e-03 1.307482e-03 1 2 3 0 9.408914e-14 0.000000e+00
287 355 1.038570e-03 1.646023e-03 1 2 3 0 7.521496e-14 0.000000e+00
287 356 1.038570e-03 2.072220e-03 1 2 3 0 5.470873e-14 0.000000e+00
287 357 1.038570e-03 2.608770e-03 1 2 3 0 3.813312e-14 0.000000e+00
287 358 1.038570e-03 3.284247e-03 1 2 3 0 2.630909e-14 0.000000e+00
287 359 1.038570e-03 4.134622e-03 1 2 3 0 1.836784e-14 0.000000e+00
287 360 1.038570e-03 5.205181e-03 1 2 3 0 1.314576e-14 0.000000e+00
287 361 1.038570e-03 6.552935e-03 1 2 3 0 9.676595e-15 0.000000e+00
287 362 1.038570e-03 8.249656e-03 1 2 3 0 7.289355e-15 0.000000e+00
288 352 1.307482e-03 8.249656e-04 1 2 3 0 6.583305e-14 0.000000e+00
288 353 1.307482e-03 1.038570e-03 1 2 3 0 9.408914e-14 0.000000e+00
288 354 1.307482e-03 1.307482e-03 1 2 3 0 0.000000e+00 0.000000e+00
288 355 1.307482e-03 1.646023e-03 1 2 3 0 1.087043e-13 0.000000e+00
288 356 1.307482e-03 2.072220e-03 1 2 3 0 8.383284e-14 0.000000e+00
288 357 1.307482e-03 2.608770e-03 1 2 3 0 5.964453e-14 0.000000e+00
288 358 1.307482e-03 3.284247e-03 1 2 3 0 4.143850e-14 0.000000e+00
288 359 1.307482e-03 4.134622e-03 1 2 3 0 2.899636e-14 0.000000e+00
288 360 1.307482e-03 5.205181e-03 1 2 3 0 2.077073e-14 0.000000e+00
288 361 1.307482e-03 6.552935e-03 1 2 3 0 1.529877e-14 0.000000e+00
288 362 1.307482e-03 8.249656e-03 1 2 3 0 1.153122e-14 0.000000e+00
289 352 1.646023e-03 8.249656e-04 1 2 3 0 4.948427e-14 0.000000e+00
289 353 1.646023e-03 1.038570e-03 1 2 3 0 7.521496e-14 0.000000e+00
289 354 1.646023e-03 1.307482e-03 1 2 3 0 1.087043e-13 0.000000e+00
289 355 1.646023e-03 1.646023e-03 1 2 3 0 0.000000e+00 0.000000e+00
289 356 1.646023e-03 2.072220e-03 1 2 3 0 1.227127e-13 0.000000e+00
289 357 1.646023e-03 2.608770e-03 1 2 3 0 9.204611e-14 0.000000e+00
289 358 1.646023e-03 3.284247e-03 1 2 3 0 6.495385e-14 0.000000e+00
289 359 1.646023e-03 4.134622e-03 1 2 3 0 4.565913e-14 0.000000e+00
289 360 1.646023e-03 5.205181e-03 1 2 3 0 3.275814e-14 0.000000e+00
289 361 1.646023e-03 6.552935e-03 1 2 3 0 2.415229e-14 0.000000e+00
289 362 1.646023e-03 8.249656e-03 1 2 3 0 1.822131e-14 0.000000e+00
290 352 2.072220e-03 8.249656e-04 1 2 3 0 3.511216e-14 0.000000e+00
290 353 2.072220e-03 1.038570e-03 1 2 3 0 5.470873e-14 0.000000e+00
290 354 2.072220e-03 1.307482e-03 1 2 3 0 8.383284e-14 0.000000e+00
290 355 2.072220e-03 1.646023e-03 1 2 3 0 1.227127e-13 0.000000e+00
290 356 2.072220e-03 2.072220e-03 1 2 3 0 0.000000e+00 0.000000e+00
290 357 2.072220e-03 2.608770e-03 1 2 3 0 1.364675e-13 0.000000e+00
290 358 2.072220e-03 3.284247e-03 1 2 3 0 1.007184e-13 0.000000e+00
290 359 2.072220e-03 4.134622e-03 1 2 3 0 7.157203e-14 0.000000e+00
290 360 2.072220e-03 5.205181e-03 1 2 3 0 5.150904e-14 0.000000e+00
290 361 2.072220e-03 6.552935e-03 1 2 3 0 3.804061e-14 0.000000e+00
290 362 2.072220e-03 8.249656e-03 1 2 3 0 2.874188e-14 0.000000e+00
291 352 2.608770e-03 8.249656e-04 1 2 3 0 2.423587e-14 0.000000e+00
291 353 2.608770e-03 1.038570e-03 1 2 3 0 3.813312e-14 0.000000e+00
291 354 2.608770e-03 1.307482e-03 1 2 3 0 5.964453e-14 0.000000e+00
291 355 2.608770e-03 1.646023e-03 1 2 3 0 9.204611e-14 0.000000e+00
291 356 2.608770e-03 2.072220e-03 1 2 3 0 1.364675e-13 0.000000e+00
291 357 2.608770e-03 2.608770e-03 1 2 3 0 0.000000e+00 0.000000e+00
291 358 2.608770e-03 3.284247e-03 1 2 3 0 1.509461e-13 0.000000e+00
291 359 2.608770e-03 4.134622e-03 1 2 3 0 1.111449e-13 0.000000e+00
291 360 2.608770e-03 5.205181e-03 1 2 3 0 8.058459e-14 0.000000e+00
291 361 2.608770e-03 6.552935e-03 1 2 3 0 5.968971e-14 0.000000e+00
291 362 2.608770e-03 8.249656e-03 1 2 3 0 4.520787e-14 0.000000e+00
292 352 3.284247e-03 8.249656e-04 1 2 3 0 1.666123e-14 0.000000e+00
292 353 3.284247e-03 1.038570e-03 1 2 3 0 2.630909e-14 0.000000e+00
292 354 3.284247e-03 1.307482e-03 1 2 3 0 4.143850e-14 0.000000e+00
292 355 3.284247e-03 1.646023e-03 1 2 3 0 6.495385e-14 0.000000e+00
292 356 3.284247e-03 2.072220e-03 1 2 3 0 1.007184e-13 0.000000e+00
292 357 3.284247e-03 2.608770e-03 1 2 3 0 1.509461e-13 0.000000e+00
292 358 3.284247e-03 3.284247e-03 1 2 3 0 0.000000e+00 0.000000e+00
292 359 3.284247e-03 4.134622e-03 1 2 3 0 1.677089e-13 0.000000e+00
292 360 3.284247e-03 5.205181e-03 1 2 3 0 1.248959e-13 0.000000e+00
292 361 3.284247e-03 6.552935e-03 1 2 3 0 9.308097e-14 0.000000e+00
292 362 3.284247e-03 8.249656e-03 1 2 3 0 7.077966e-14 0.000000e+00
293 352 4.134622e-03 8.249656e-04 1 2 3 0 1.161766e-14 0.000000e+00
293 353 4.134622e-03 1.038570e-03 1 2 3 0 1.836784e-14 0.000000e+00
293 354 4.134622e-03 1.307482e-03 1 2 3 0 2.899636e-14 0.000000e+00
293 355 4.134622e-03 1.646023e-03 1 2 3 0 4.565913e-14 0.000000e+00
293 356 4.134622e-03 2.072220e-03 1 2 3 0 7.157203e-14 0.000000e+00
293 357 4.134622e-03 2.608770e-03 1 2 3 0 1.111449e-13 0.000000e+00
293 358 4.134622e-03 3.284247e-03 1 2 3 0 1.677089e-13 0.000000e+00
293 359 4.134622e-03 4.134622e-03 1 2 3 0 0.000000e+00 0.000000e+00
293 360 4.134622e-03 5.205181e-03 1 2 3 0 1.887505e-13 0.000000e+00
293 361 4.134622e-03 6.552935e-03 1 2 3 0 1.436052e-13 0.000000e+00
293 362 4.134622e-03 8.249656e-03 1 2 3 0 1.099781e-13 0.000000e+00
294 352 5.205181e-03 8.249656e-04 1 2 3 0 8.310417e-15 0.000000e+00
294 353 5.205181e-03 1.038570e-03 1 2 3 0 1.314576e-14 0.000000e+00
294 354 5.205181e-03 1.307482e-03 1 2 3 0 2.077073e-14 0.000000e+00
294 355 5.205181e-03 1.646023e-03 1 2 3 0 3.275814e-14 0.000000e+00
294 356 5.205181e-03 2.072220e-03 1 2 3 0 5.150904e-14 0.000000e+00
294 357 5.205181e-03 2.608770e-03 1 2 3 0 8.058459e-14 0.000000e+00
294 358 5.205181e-03 3.284247e-03 1 2 3 0 1.248959e-13 0.000000e+00
294 359 5.205181e-03 4.134622e-03 1 2 3 0 1.887505e-13 0.000000e+00
294 360 5.205181e-03 5.205181e-03 1 2 3 0 0.000000e+00 0.000000e+00
294 361 5.205181e-03 6.552935e-03 1 2 3 0 2.162490e-13 0.000000e+00
294 362 5.205181e-03 8.249656e-03 1 2 3 0 1.686977e-13 0.000000e+00
295 352 6.552935e-03 8.249656e-04 1 2 3 0 6.114960e-15 0.000000e+00
295 353 6.552935e-03 1.038570e-03 1 2 3 0 9.676595e-15 0.000000e+00
295 354 6.552935e-03 1.307482e-03 1 2 3 0 1.529877e-14 0.000000e+00
295 355 6.552935e-03 1.646023e-03 1 2 3 0 2.415229e-14 0.000000e+00
295 356 6.552935e-03 2.072220e-03 1 2 3 0 3.804061e-14 0.000000e+00
295 357 6.552935e-03 2.608770e-03 1 2 3 0 5.968971e-14 0.000000e+00
295 358 6.552935e-03 3.284247e-03 1 2 3 0 9.308097e-14 0.000000e+00
295 359 6.552935e-03 4.134622e-03 1 2 3 0 1.436052e-13 0.000000e+00
295 360 6.552935e-03 5.205181e-03 1 2 3 0 2.162490e-13 0.000000e+00
295 361 6.552935e-03 6.552935e-03 1 2 3 0 0.000000e+00 0.000000e+00
295 362 6.552935e-03 8.249656e-03 1 2 3 0 2.521975e-13 0.000000e+00
296 352 8.249656e-03 8.249656e-04 1 2 3 0 4.604713e-15 0.000000e+00
296 353 8.249656e-03 1.038570e-03 1 2 3 0 7.289355e-15 0.000000e+00
296 354 8.249656e-03 1.307482e-03 1 2 3 0 1.153122e-14 0.000000e+00
296 355 8.249656e-03 1.646023e-03 1 2 3 0 1.822131e-14 0.000000e+00
296 356 8.249656e-03 2.072220e-03 1 2 3 0 2.874188e-14 0.000000e+00
296 357 8.249656e-03 2.608770e-03 1 2 3 0 4.520787e-14 0.000000e+00
296 358 8.249656e-03 3.284247e-03 1 2 3 0 7.077966e-14 0.000000e+00
296 359 8.249656e-03 4.134622e-03 1 2 3 0 1.099781e-13 0.000000e+00
296 360 8.249656e-03 5.205181e-03 1 2 3 0 1.686977e-13 0.000000e+00
296 361 8.249656e-03 6.552935e-03 1 2 3 0 2.521975e-13 0.000000e+00
296 362 8.249656e-03 8.249656e-03 1 2 3 0 0.000000e+00 0.000000e+00
