# Please cite the following papers in research using this covariance:
# arXiv: 1601.05779, https://arxiv.org/abs/1601.05779
# arXiv: 1911.11947, https://arxiv.org/abs/1911.11947
# arXiv: 2004.04833, https://arxiv.org/abs/2004.04833
# arXiv: 1804.10663, https://arxiv.org/abs/1804.10663
########################################################
253 264 8.249656e-04 8.249656e-04 0 3 1 0 0.000000e+00 0.000000e+00
253 265 8.249656e-04 1.038570e-03 0 3 1 0 8.858800e-13 0.000000e+00
253 266 8.249656e-04 1.307482e-03 0 3 1 0 7.747259e-13 0.000000e+00
253 267 8.249656e-04 1.646023e-03 0 3 1 0 6.038330e-13 0.000000e+00
253 268 8.249656e-04 2.072220e-03 0 3 1 0 4.338226e-13 0.000000e+00
253 269 8.249656e-04 2.608770e-03 0 3 1 0 2.950682e-13 0.000000e+00
253 270 8.249656e-04 3.284247e-03 0 3 1 0 1.950206e-13 0.000000e+00
253 271 8.249656e-04 4.134622e-03 0 3 1 0 1.285969e-13 0.000000e+00
253 272 8.249656e-04 5.205181e-03 0 3 1 0 8.658803e-14 0.000000e+00
253 273 8.249656e-04 6.552935e-03 0 3 1 0 6.042398e-14 0.000000e+00
253 274 8.249656e-04 8.249656e-03 0 3 1 0 4.384102e-14 0.000000e+00
254 264 1.038570e-03 8.249656e-04 0 3 1 0 8.858800e-13 0.000000e+00
254 265 1.038570e-03 1.038570e-03 0 3 1 0 0.000000e+00 0.000000e+00
254 266 1.038570e-03 1.307482e-03 0 3 1 0 1.092675e-12 0.000000e+00
254 267 1.038570e-03 1.646023e-03 0 3 1 0 9.086966e-13 0.000000e+00
254 268 1.038570e-03 2.072220e-03 0 3 1 0 6.730628e-13 0.000000e+00
254 269 1.038570e-03 2.608770e-03 0 3 1 0 4.640695e-13 0.000000e+00
254 270 1.038570e-03 3.284247e-03 0 3 1 0 3.083486e-13 0.000000e+00
254 271 1.038570e-03 4.134622e-03 0 3 1 0 2.036319e-13 0.000000e+00
254 272 1.038570e-03 5.205181e-03 0 3 1 0 1.371303e-13 0.000000e+00
254 273 1.038570e-03 6.552935e-03 0 3 1 0 9.568423e-14 0.000000e+00
254 274 1.038570e-03 8.249656e-03 0 3 1 0 6.942521e-14 0.000000e+00
255 264 1.307482e-03 8.249656e-04 0 3 1 0 7.747259e-13 0.000000e+00
255 265 1.307482e-03 1.038570e-03 0 3 1 0 1.092675e-12 0.000000e+00
255 266 1.307482e-03 1.307482e-03 0 3 1 0 0.000000e+00 0.000000e+00
255 267 1.307482e-03 1.646023e-03 0 3 1 0 1.293237e-12 0.000000e+00
255 268 1.307482e-03 2.072220e-03 0 3 1 0 1.022966e-12 0.000000e+00
255 269 1.307482e-03 2.608770e-03 0 3 1 0 7.248401e-13 0.000000e+00
255 270 1.307482e-03 3.284247e-03 0 3 1 0 4.865518e-13 0.000000e+00
255 271 1.307482e-03 4.134622e-03 0 3 1 0 3.222460e-13 0.000000e+00
255 272 1.307482e-03 5.205181e-03 0 3 1 0 2.170785e-13 0.000000e+00
255 273 1.307482e-03 6.552935e-03 0 3 1 0 1.514461e-13 0.000000e+00
255 274 1.307482e-03 8.249656e-03 0 3 1 0 1.098861e-13 0.000000e+00
256 264 1.646023e-03 8.249656e-04 0 3 1 0 6.038330e-13 0.000000e+00
256 265 1.646023e-03 1.038570e-03 0 3 1 0 9.086966e-13 0.000000e+00
256 266 1.646023e-03 1.307482e-03 0 3 1 0 1.293237e-12 0.000000e+00
256 267 1.646023e-03 1.646023e-03 0 3 1 0 0.000000e+00 0.000000e+00
256 268 1.646023e-03 2.072220e-03 0 3 1 0 1.474973e-12 0.000000e+00
256 269 1.646023e-03 2.608770e-03 0 3 1 0 1.113845e-12 0.000000e+00
256 270 1.646023e-03 3.284247e-03 0 3 1 0 7.643242e-13 0.000000e+00
256 271 1.646023e-03 4.134622e-03 0 3 1 0 5.093267e-13 0.000000e+00
256 272 1.646023e-03 5.205181e-03 0 3 1 0 3.433903e-13 0.000000e+00
256 273 1.646023e-03 6.552935e-03 0 3 1 0 2.395183e-13 0.000000e+00
256 274 1.646023e-03 8.249656e-03 0 3 1 0 1.737931e-13 0.000000e+00
257 264 2.072220e-03 8.249656e-04 0 3 1 0 4.338226e-13 0.000000e+00
257 265 2.072220e-03 1.038570e-03 0 3 1 0 6.730628e-13 0.000000e+00
257 266 2.072220e-03 1.307482e-03 0 3 1 0 1.022966e-12 0.000000e+00
257 267 2.072220e-03 1.646023e-03 0 3 1 0 1.474973e-12 0.000000e+00
257 268 2.072220e-03 2.072220e-03 0 3 1 0 0.000000e+00 0.000000e+00
257 269 2.072220e-03 2.608770e-03 0 3 1 0 1.632287e-12 0.000000e+00
257 270 2.072220e-03 3.284247e-03 0 3 1 0 1.186648e-12 0.000000e+00
257 271 2.072220e-03 4.134622e-03 0 3 1 0 8.027991e-13 0.000000e+00
257 272 2.072220e-03 5.205181e-03 0 3 1 0 5.425428e-13 0.000000e+00
257 273 2.072220e-03 6.552935e-03 0 3 1 0 3.783481e-13 0.000000e+00
257 274 2.072220e-03 8.249656e-03 0 3 1 0 2.745322e-13 0.000000e+00
258 264 2.608770e-03 8.249656e-04 0 3 1 0 2.950682e-13 0.000000e+00
258 265 2.608770e-03 1.038570e-03 0 3 1 0 4.640695e-13 0.000000e+00
258 266 2.608770e-03 1.307482e-03 0 3 1 0 7.248401e-13 0.000000e+00
258 267 2.608770e-03 1.646023e-03 0 3 1 0 1.113845e-12 0.000000e+00
258 268 2.608770e-03 2.072220e-03 0 3 1 0 1.632287e-12 0.000000e+00
258 269 2.608770e-03 2.608770e-03 0 3 1 0 0.000000e+00 0.000000e+00
258 270 2.608770e-03 3.284247e-03 0 3 1 0 1.769545e-12 0.000000e+00
258 271 2.608770e-03 4.134622e-03 0 3 1 0 1.255494e-12 0.000000e+00
258 272 2.608770e-03 5.205181e-03 0 3 1 0 8.552661e-13 0.000000e+00
258 273 2.608770e-03 6.552935e-03 0 3 1 0 5.965103e-13 0.000000e+00
258 274 2.608770e-03 8.249656e-03 0 3 1 0 4.328323e-13 0.000000e+00
259 264 3.284247e-03 8.249656e-04 0 3 1 0 1.950206e-13 0.000000e+00
259 265 3.284247e-03 1.038570e-03 0 3 1 0 3.083486e-13 0.000000e+00
259 266 3.284247e-03 1.307482e-03 0 3 1 0 4.865518e-13 0.000000e+00
259 267 3.284247e-03 1.646023e-03 0 3 1 0 7.643242e-13 0.000000e+00
259 268 3.284247e-03 2.072220e-03 0 3 1 0 1.186648e-12 0.000000e+00
259 269 3.284247e-03 2.608770e-03 0 3 1 0 1.769545e-12 0.000000e+00
259 270 3.284247e-03 3.284247e-03 0 3 1 0 0.000000e+00 0.000000e+00
259 271 3.284247e-03 4.134622e-03 0 3 1 0 1.901546e-12 0.000000e+00
259 272 3.284247e-03 5.205181e-03 0 3 1 0 1.340814e-12 0.000000e+00
259 273 3.284247e-03 6.552935e-03 0 3 1 0 9.376271e-13 0.000000e+00
259 274 3.284247e-03 8.249656e-03 0 3 1 0 6.803584e-13 0.000000e+00
260 264 4.134622e-03 8.249656e-04 0 3 1 0 1.285969e-13 0.000000e+00
260 265 4.134622e-03 1.038570e-03 0 3 1 0 2.036319e-13 0.000000e+00
260 266 4.134622e-03 1.307482e-03 0 3 1 0 3.222460e-13 0.000000e+00
260 267 4.134622e-03 1.646023e-03 0 3 1 0 5.093267e-13 0.000000e+00
260 268 4.134622e-03 2.072220e-03 0 3 1 0 8.027991e-13 0.000000e+00
260 269 4.134622e-03 2.608770e-03 0 3 1 0 1.255494e-12 0.000000e+00
260 270 4.134622e-03 3.284247e-03 0 3 1 0 1.901546e-12 0.000000e+00
260 271 4.134622e-03 4.134622e-03 0 3 1 0 0.000000e+00 0.000000e+00
260 272 4.134622e-03 5.205181e-03 0 3 1 0 2.051717e-12 0.000000e+00
260 273 4.134622e-03 6.552935e-03 0 3 1 0 1.465811e-12 0.000000e+00
260 274 4.134622e-03 8.249656e-03 0 3 1 0 1.064430e-12 0.000000e+00
261 264 5.205181e-03 8.249656e-04 0 3 1 0 8.658803e-14 0.000000e+00
261 265 5.205181e-03 1.038570e-03 0 3 1 0 1.371303e-13 0.000000e+00
261 266 5.205181e-03 1.307482e-03 0 3 1 0 2.170785e-13 0.000000e+00
261 267 5.205181e-03 1.646023e-03 0 3 1 0 3.433903e-13 0.000000e+00
261 268 5.205181e-03 2.072220e-03 0 3 1 0 5.425428e-13 0.000000e+00
261 269 5.205181e-03 2.608770e-03 0 3 1 0 8.552661e-13 0.000000e+00
261 270 5.205181e-03 3.284247e-03 0 3 1 0 1.340814e-12 0.000000e+00
261 271 5.205181e-03 4.134622e-03 0 3 1 0 2.051717e-12 0.000000e+00
261 272 5.205181e-03 5.205181e-03 0 3 1 0 0.000000e+00 0.000000e+00
261 273 5.205181e-03 6.552935e-03 0 3 1 0 2.248903e-12 0.000000e+00
261 274 5.205181e-03 8.249656e-03 0 3 1 0 1.653016e-12 0.000000e+00
262 264 6.552935e-03 8.249656e-04 0 3 1 0 6.042398e-14 0.000000e+00
262 265 6.552935e-03 1.038570e-03 0 3 1 0 9.568423e-14 0.000000e+00
262 266 6.552935e-03 1.307482e-03 0 3 1 0 1.514461e-13 0.000000e+00
262 267 6.552935e-03 1.646023e-03 0 3 1 0 2.395183e-13 0.000000e+00
262 268 6.552935e-03 2.072220e-03 0 3 1 0 3.783481e-13 0.000000e+00
262 269 6.552935e-03 2.608770e-03 0 3 1 0 5.965103e-13 0.000000e+00
262 270 6.552935e-03 3.284247e-03 0 3 1 0 9.376271e-13 0.000000e+00
262 271 6.552935e-03 4.134622e-03 0 3 1 0 1.465811e-12 0.000000e+00
262 272 6.552935e-03 5.205181e-03 0 3 1 0 2.248903e-12 0.000000e+00
262 273 6.552935e-03 6.552935e-03 0 3 1 0 0.000000e+00 0.000000e+00
262 274 6.552935e-03 8.249656e-03 0 3 1 0 2.523507e-12 0.000000e+00
263 264 8.249656e-03 8.249656e-04 0 3 1 0 4.384102e-14 0.000000e+00
263 265 8.249656e-03 1.038570e-03 0 3 1 0 6.942521e-14 0.000000e+00
263 266 8.249656e-03 1.307482e-03 0 3 1 0 1.098861e-13 0.000000e+00
263 267 8.249656e-03 1.646023e-03 0 3 1 0 1.737931e-13 0.000000e+00
263 268 8.249656e-03 2.072220e-03 0 3 1 0 2.745322e-13 0.000000e+00
263 269 8.249656e-03 2.608770e-03 0 3 1 0 4.328323e-13 0.000000e+00
263 270 8.249656e-03 3.284247e-03 0 3 1 0 6.803584e-13 0.000000e+00
263 271 8.249656e-03 4.134622e-03 0 3 1 0 1.064430e-12 0.000000e+00
263 272 8.249656e-03 5.205181e-03 0 3 1 0 1.653016e-12 0.000000e+00
263 273 8.249656e-03 6.552935e-03 0 3 1 0 2.523507e-12 0.000000e+00
263 274 8.249656e-03 8.249656e-03 0 3 1 0 0.000000e+00 0.000000e+00
