# Please cite the following papers in research using this covariance:
# arXiv: 1601.05779, https://arxiv.org/abs/1601.05779
# arXiv: 1911.11947, https://arxiv.org/abs/1911.11947
# arXiv: 2004.04833, https://arxiv.org/abs/2004.04833
# arXiv: 1804.10663, https://arxiv.org/abs/1804.10663
########################################################
231 308 8.249656e-04 8.249656e-04 0 1 2 0 0.000000e+00 0.000000e+00
231 309 8.249656e-04 1.038570e-03 0 1 2 0 7.967746e-14 0.000000e+00
231 310 8.249656e-04 1.307482e-03 0 1 2 0 7.107756e-14 0.000000e+00
231 311 8.249656e-04 1.646023e-03 0 1 2 0 5.695703e-14 0.000000e+00
231 312 8.249656e-04 2.072220e-03 0 1 2 0 4.225476e-14 0.000000e+00
231 313 8.249656e-04 2.608770e-03 0 1 2 0 2.963694e-14 0.000000e+00
231 314 8.249656e-04 3.284247e-03 0 1 2 0 2.004654e-14 0.000000e+00
231 315 8.249656e-04 4.134622e-03 0 1 2 0 1.335869e-14 0.000000e+00
231 316 8.249656e-04 5.205181e-03 0 1 2 0 8.957478e-15 0.000000e+00
231 317 8.249656e-04 6.552935e-03 0 1 2 0 6.147596e-15 0.000000e+00
231 318 8.249656e-04 8.249656e-03 0 1 2 0 4.357172e-15 0.000000e+00
232 308 1.038570e-03 8.249656e-04 0 1 2 0 7.967746e-14 0.000000e+00
232 309 1.038570e-03 1.038570e-03 0 1 2 0 0.000000e+00 0.000000e+00
232 310 1.038570e-03 1.307482e-03 0 1 2 0 1.002292e-13 0.000000e+00
232 311 1.038570e-03 1.646023e-03 0 1 2 0 8.545372e-14 0.000000e+00
232 312 1.038570e-03 2.072220e-03 0 1 2 0 6.531965e-14 0.000000e+00
232 313 1.038570e-03 2.608770e-03 0 1 2 0 4.647874e-14 0.000000e+00
232 314 1.038570e-03 3.284247e-03 0 1 2 0 3.164269e-14 0.000000e+00
232 315 1.038570e-03 4.134622e-03 0 1 2 0 2.113857e-14 0.000000e+00
232 316 1.038570e-03 5.205181e-03 0 1 2 0 1.418440e-14 0.000000e+00
232 317 1.038570e-03 6.552935e-03 0 1 2 0 9.736145e-15 0.000000e+00
232 318 1.038570e-03 8.249656e-03 0 1 2 0 6.900871e-15 0.000000e+00
233 308 1.307482e-03 8.249656e-04 0 1 2 0 7.107756e-14 0.000000e+00
233 309 1.307482e-03 1.038570e-03 0 1 2 0 1.002292e-13 0.000000e+00
233 310 1.307482e-03 1.307482e-03 0 1 2 0 0.000000e+00 0.000000e+00
233 311 1.307482e-03 1.646023e-03 0 1 2 0 1.213004e-13 0.000000e+00
233 312 1.307482e-03 2.072220e-03 0 1 2 0 9.876617e-14 0.000000e+00
233 313 1.307482e-03 2.608770e-03 0 1 2 0 7.226834e-14 0.000000e+00
233 314 1.307482e-03 3.284247e-03 0 1 2 0 4.979239e-14 0.000000e+00
233 315 1.307482e-03 4.134622e-03 0 1 2 0 3.341247e-14 0.000000e+00
233 316 1.307482e-03 5.205181e-03 0 1 2 0 2.244932e-14 0.000000e+00
233 317 1.307482e-03 6.552935e-03 0 1 2 0 1.541281e-14 0.000000e+00
233 318 1.307482e-03 8.249656e-03 0 1 2 0 1.092518e-14 0.000000e+00
234 308 1.646023e-03 8.249656e-04 0 1 2 0 5.695703e-14 0.000000e+00
234 309 1.646023e-03 1.038570e-03 0 1 2 0 8.545372e-14 0.000000e+00
234 310 1.646023e-03 1.307482e-03 0 1 2 0 1.213004e-13 0.000000e+00
234 311 1.646023e-03 1.646023e-03 0 1 2 0 0.000000e+00 0.000000e+00
234 312 1.646023e-03 2.072220e-03 0 1 2 0 1.415952e-13 0.000000e+00
234 313 1.646023e-03 2.608770e-03 0 1 2 0 1.102860e-13 0.000000e+00
234 314 1.646023e-03 3.284247e-03 0 1 2 0 7.786006e-14 0.000000e+00
234 315 1.646023e-03 4.134622e-03 0 1 2 0 5.270345e-14 0.000000e+00
234 316 1.646023e-03 5.205181e-03 0 1 2 0 3.549773e-14 0.000000e+00
234 317 1.646023e-03 6.552935e-03 0 1 2 0 2.438242e-14 0.000000e+00
234 318 1.646023e-03 8.249656e-03 0 1 2 0 1.728518e-14 0.000000e+00
235 308 2.072220e-03 8.249656e-04 0 1 2 0 4.225476e-14 0.000000e+00
235 309 2.072220e-03 1.038570e-03 0 1 2 0 6.531965e-14 0.000000e+00
235 310 2.072220e-03 1.307482e-03 0 1 2 0 9.876617e-14 0.000000e+00
235 311 2.072220e-03 1.646023e-03 0 1 2 0 1.415952e-13 0.000000e+00
235 312 2.072220e-03 2.072220e-03 0 1 2 0 0.000000e+00 0.000000e+00
235 313 2.072220e-03 2.608770e-03 0 1 2 0 1.601825e-13 0.000000e+00
235 314 2.072220e-03 3.284247e-03 0 1 2 0 1.199609e-13 0.000000e+00
235 315 2.072220e-03 4.134622e-03 0 1 2 0 8.276995e-14 0.000000e+00
235 316 2.072220e-03 5.205181e-03 0 1 2 0 5.603921e-14 0.000000e+00
235 317 2.072220e-03 6.552935e-03 0 1 2 0 3.852916e-14 0.000000e+00
235 318 2.072220e-03 8.249656e-03 0 1 2 0 2.731991e-14 0.000000e+00
236 308 2.608770e-03 8.249656e-04 0 1 2 0 2.963694e-14 0.000000e+00
236 309 2.608770e-03 1.038570e-03 0 1 2 0 4.647874e-14 0.000000e+00
236 310 2.608770e-03 1.307482e-03 0 1 2 0 7.226834e-14 0.000000e+00
236 311 2.608770e-03 1.646023e-03 0 1 2 0 1.102860e-13 0.000000e+00
236 312 2.608770e-03 2.072220e-03 0 1 2 0 1.601825e-13 0.000000e+00
236 313 2.608770e-03 2.608770e-03 0 1 2 0 0.000000e+00 0.000000e+00
236 314 2.608770e-03 3.284247e-03 0 1 2 0 1.768746e-13 0.000000e+00
236 315 2.608770e-03 4.134622e-03 0 1 2 0 1.285712e-13 0.000000e+00
236 316 2.608770e-03 5.205181e-03 0 1 2 0 8.818150e-14 0.000000e+00
236 317 2.608770e-03 6.552935e-03 0 1 2 0 6.077274e-14 0.000000e+00
236 318 2.608770e-03 8.249656e-03 0 1 2 0 4.311073e-14 0.000000e+00
237 308 3.284247e-03 8.249656e-04 0 1 2 0 2.004654e-14 0.000000e+00
237 309 3.284247e-03 1.038570e-03 0 1 2 0 3.164269e-14 0.000000e+00
237 310 3.284247e-03 1.307482e-03 0 1 2 0 4.979239e-14 0.000000e+00
237 311 3.284247e-03 1.646023e-03 0 1 2 0 7.786006e-14 0.000000e+00
237 312 3.284247e-03 2.072220e-03 0 1 2 0 1.199609e-13 0.000000e+00
237 313 3.284247e-03 2.608770e-03 0 1 2 0 1.768746e-13 0.000000e+00
237 314 3.284247e-03 3.284247e-03 0 1 2 0 0.000000e+00 0.000000e+00
237 315 3.284247e-03 4.134622e-03 0 1 2 0 1.924306e-13 0.000000e+00
237 316 3.284247e-03 5.205181e-03 0 1 2 0 1.376529e-13 0.000000e+00
237 317 3.284247e-03 6.552935e-03 0 1 2 0 9.555290e-14 0.000000e+00
237 318 3.284247e-03 8.249656e-03 0 1 2 0 6.785463e-14 0.000000e+00
238 308 4.134622e-03 8.249656e-04 0 1 2 0 1.335869e-14 0.000000e+00
238 309 4.134622e-03 1.038570e-03 0 1 2 0 2.113857e-14 0.000000e+00
238 310 4.134622e-03 1.307482e-03 0 1 2 0 3.341247e-14 0.000000e+00
238 311 4.134622e-03 1.646023e-03 0 1 2 0 5.270345e-14 0.000000e+00
238 312 4.134622e-03 2.072220e-03 0 1 2 0 8.276995e-14 0.000000e+00
238 313 4.134622e-03 2.608770e-03 0 1 2 0 1.285712e-13 0.000000e+00
238 314 4.134622e-03 3.284247e-03 0 1 2 0 1.924306e-13 0.000000e+00
238 315 4.134622e-03 4.134622e-03 0 1 2 0 0.000000e+00 0.000000e+00
238 316 4.134622e-03 5.205181e-03 0 1 2 0 2.085406e-13 0.000000e+00
238 317 4.134622e-03 6.552935e-03 0 1 2 0 1.492390e-13 0.000000e+00
238 318 4.134622e-03 8.249656e-03 0 1 2 0 1.063598e-13 0.000000e+00
239 308 5.205181e-03 8.249656e-04 0 1 2 0 8.957478e-15 0.000000e+00
239 309 5.205181e-03 1.038570e-03 0 1 2 0 1.418440e-14 0.000000e+00
239 310 5.205181e-03 1.307482e-03 0 1 2 0 2.244932e-14 0.000000e+00
239 311 5.205181e-03 1.646023e-03 0 1 2 0 3.549773e-14 0.000000e+00
239 312 5.205181e-03 2.072220e-03 0 1 2 0 5.603921e-14 0.000000e+00
239 313 5.205181e-03 2.608770e-03 0 1 2 0 8.818150e-14 0.000000e+00
239 314 5.205181e-03 3.284247e-03 0 1 2 0 1.376529e-13 0.000000e+00
239 315 5.205181e-03 4.134622e-03 0 1 2 0 2.085406e-13 0.000000e+00
239 316 5.205181e-03 5.205181e-03 0 1 2 0 0.000000e+00 0.000000e+00
239 317 5.205181e-03 6.552935e-03 0 1 2 0 2.276135e-13 0.000000e+00
239 318 5.205181e-03 8.249656e-03 0 1 2 0 1.655148e-13 0.000000e+00
240 308 6.552935e-03 8.249656e-04 0 1 2 0 6.147596e-15 0.000000e+00
240 309 6.552935e-03 1.038570e-03 0 1 2 0 9.736145e-15 0.000000e+00
240 310 6.552935e-03 1.307482e-03 0 1 2 0 1.541281e-14 0.000000e+00
240 311 6.552935e-03 1.646023e-03 0 1 2 0 2.438242e-14 0.000000e+00
240 312 6.552935e-03 2.072220e-03 0 1 2 0 3.852916e-14 0.000000e+00
240 313 6.552935e-03 2.608770e-03 0 1 2 0 6.077274e-14 0.000000e+00
240 314 6.552935e-03 3.284247e-03 0 1 2 0 9.555290e-14 0.000000e+00
240 315 6.552935e-03 4.134622e-03 0 1 2 0 1.492390e-13 0.000000e+00
240 316 6.552935e-03 5.205181e-03 0 1 2 0 2.276135e-13 0.000000e+00
240 317 6.552935e-03 6.552935e-03 0 1 2 0 0.000000e+00 0.000000e+00
240 318 6.552935e-03 8.249656e-03 0 1 2 0 2.524305e-13 0.000000e+00
241 308 8.249656e-03 8.249656e-04 0 1 2 0 4.357172e-15 0.000000e+00
241 309 8.249656e-03 1.038570e-03 0 1 2 0 6.900871e-15 0.000000e+00
241 310 8.249656e-03 1.307482e-03 0 1 2 0 1.092518e-14 0.000000e+00
241 311 8.249656e-03 1.646023e-03 0 1 2 0 1.728518e-14 0.000000e+00
241 312 8.249656e-03 2.072220e-03 0 1 2 0 2.731991e-14 0.000000e+00
241 313 8.249656e-03 2.608770e-03 0 1 2 0 4.311073e-14 0.000000e+00
241 314 8.249656e-03 3.284247e-03 0 1 2 0 6.785463e-14 0.000000e+00
241 315 8.249656e-03 4.134622e-03 0 1 2 0 1.063598e-13 0.000000e+00
241 316 8.249656e-03 5.205181e-03 0 1 2 0 1.655148e-13 0.000000e+00
241 317 8.249656e-03 6.552935e-03 0 1 2 0 2.524305e-13 0.000000e+00
241 318 8.249656e-03 8.249656e-03 0 1 2 0 0.000000e+00 0.000000e+00
