# Please cite the following papers in research using this covariance:
# arXiv: 1601.05779, https://arxiv.org/abs/1601.05779
# arXiv: 1911.11947, https://arxiv.org/abs/1911.11947
# arXiv: 2004.04833, https://arxiv.org/abs/2004.04833
# arXiv: 1804.10663, https://arxiv.org/abs/1804.10663
########################################################
220 253 8.249656e-04 8.249656e-04 0 0 0 3 0.000000e+00 0.000000e+00
220 254 8.249656e-04 1.038570e-03 0 0 0 3 3.692677e-12 0.000000e+00
220 255 8.249656e-04 1.307482e-03 0 0 0 3 2.486377e-12 0.000000e+00
220 256 8.249656e-04 1.646023e-03 0 0 0 3 1.644887e-12 0.000000e+00
220 257 8.249656e-04 2.072220e-03 0 0 0 3 1.064695e-12 0.000000e+00
220 258 8.249656e-04 2.608770e-03 0 0 0 3 6.730314e-13 0.000000e+00
220 259 8.249656e-04 3.284247e-03 0 0 0 3 4.181657e-13 0.000000e+00
220 260 8.249656e-04 4.134622e-03 0 0 0 3 2.591117e-13 0.000000e+00
220 261 8.249656e-04 5.205181e-03 0 0 0 3 1.632652e-13 0.000000e+00
220 262 8.249656e-04 6.552935e-03 0 0 0 3 1.065436e-13 0.000000e+00
220 263 8.249656e-04 8.249656e-03 0 0 0 3 7.278717e-14 0.000000e+00
221 253 1.038570e-03 8.249656e-04 0 0 0 3 3.692677e-12 0.000000e+00
221 254 1.038570e-03 1.038570e-03 0 0 0 3 0.000000e+00 0.000000e+00
221 255 1.038570e-03 1.307482e-03 0 0 0 3 3.838925e-12 0.000000e+00
221 256 1.038570e-03 1.646023e-03 0 0 0 3 2.571706e-12 0.000000e+00
221 257 1.038570e-03 2.072220e-03 0 0 0 3 1.677786e-12 0.000000e+00
221 258 1.038570e-03 2.608770e-03 0 0 0 3 1.065551e-12 0.000000e+00
221 259 1.038570e-03 3.284247e-03 0 0 0 3 6.633384e-13 0.000000e+00
221 260 1.038570e-03 4.134622e-03 0 0 0 3 4.111207e-13 0.000000e+00
221 261 1.038570e-03 5.205181e-03 0 0 0 3 2.589113e-13 0.000000e+00
221 262 1.038570e-03 6.552935e-03 0 0 0 3 1.688577e-13 0.000000e+00
221 263 1.038570e-03 8.249656e-03 0 0 0 3 1.153165e-13 0.000000e+00
222 253 1.307482e-03 8.249656e-04 0 0 0 3 2.486377e-12 0.000000e+00
222 254 1.307482e-03 1.038570e-03 0 0 0 3 3.838925e-12 0.000000e+00
222 255 1.307482e-03 1.307482e-03 0 0 0 3 0.000000e+00 0.000000e+00
222 256 1.307482e-03 1.646023e-03 0 0 0 3 3.968032e-12 0.000000e+00
222 257 1.307482e-03 2.072220e-03 0 0 0 3 2.629204e-12 0.000000e+00
222 258 1.307482e-03 2.608770e-03 0 0 0 3 1.684411e-12 0.000000e+00
222 259 1.307482e-03 3.284247e-03 0 0 0 3 1.052533e-12 0.000000e+00
222 260 1.307482e-03 4.134622e-03 0 0 0 3 6.527124e-13 0.000000e+00
222 261 1.307482e-03 5.205181e-03 0 0 0 3 4.107339e-13 0.000000e+00
222 262 1.307482e-03 6.552935e-03 0 0 0 3 2.676282e-13 0.000000e+00
222 263 1.307482e-03 8.249656e-03 0 0 0 3 1.826644e-13 0.000000e+00
223 253 1.646023e-03 8.249656e-04 0 0 0 3 1.644887e-12 0.000000e+00
223 254 1.646023e-03 1.038570e-03 0 0 0 3 2.571706e-12 0.000000e+00
223 255 1.646023e-03 1.307482e-03 0 0 0 3 3.968032e-12 0.000000e+00
223 256 1.646023e-03 1.646023e-03 0 0 0 3 0.000000e+00 0.000000e+00
223 257 1.646023e-03 2.072220e-03 0 0 0 3 4.064596e-12 0.000000e+00
223 258 1.646023e-03 2.608770e-03 0 0 0 3 2.651526e-12 0.000000e+00
223 259 1.646023e-03 3.284247e-03 0 0 0 3 1.669865e-12 0.000000e+00
223 260 1.646023e-03 4.134622e-03 0 0 0 3 1.037212e-12 0.000000e+00
223 261 1.646023e-03 5.205181e-03 0 0 0 3 6.519743e-13 0.000000e+00
223 262 1.646023e-03 6.552935e-03 0 0 0 3 4.241860e-13 0.000000e+00
223 263 1.646023e-03 8.249656e-03 0 0 0 3 2.892462e-13 0.000000e+00
224 253 2.072220e-03 8.249656e-04 0 0 0 3 1.064695e-12 0.000000e+00
224 254 2.072220e-03 1.038570e-03 0 0 0 3 1.677786e-12 0.000000e+00
224 255 2.072220e-03 1.307482e-03 0 0 0 3 2.629204e-12 0.000000e+00
224 256 2.072220e-03 1.646023e-03 0 0 0 3 4.064596e-12 0.000000e+00
224 257 2.072220e-03 2.072220e-03 0 0 0 3 0.000000e+00 0.000000e+00
224 258 2.072220e-03 2.608770e-03 0 0 0 3 4.120652e-12 0.000000e+00
224 259 2.072220e-03 3.284247e-03 0 0 0 3 2.643874e-12 0.000000e+00
224 260 2.072220e-03 4.134622e-03 0 0 0 3 1.650053e-12 0.000000e+00
224 261 2.072220e-03 5.205181e-03 0 0 0 3 1.035936e-12 0.000000e+00
224 262 2.072220e-03 6.552935e-03 0 0 0 3 6.724229e-13 0.000000e+00
224 263 2.072220e-03 8.249656e-03 0 0 0 3 4.578091e-13 0.000000e+00
225 253 2.608770e-03 8.249656e-04 0 0 0 3 6.730314e-13 0.000000e+00
225 254 2.608770e-03 1.038570e-03 0 0 0 3 1.065551e-12 0.000000e+00
225 255 2.608770e-03 1.307482e-03 0 0 0 3 1.684411e-12 0.000000e+00
225 256 2.608770e-03 1.646023e-03 0 0 0 3 2.651526e-12 0.000000e+00
225 257 2.608770e-03 2.072220e-03 0 0 0 3 4.120652e-12 0.000000e+00
225 258 2.608770e-03 2.608770e-03 0 0 0 3 0.000000e+00 0.000000e+00
225 259 2.608770e-03 3.284247e-03 0 0 0 3 4.141881e-12 0.000000e+00
225 260 2.608770e-03 4.134622e-03 0 0 0 3 2.625930e-12 0.000000e+00
225 261 2.608770e-03 5.205181e-03 0 0 0 3 1.648686e-12 0.000000e+00
225 262 2.608770e-03 6.552935e-03 0 0 0 3 1.066318e-12 0.000000e+00
225 263 2.608770e-03 8.249656e-03 0 0 0 3 7.241115e-13 0.000000e+00
226 253 3.284247e-03 8.249656e-04 0 0 0 3 4.181657e-13 0.000000e+00
226 254 3.284247e-03 1.038570e-03 0 0 0 3 6.633384e-13 0.000000e+00
226 255 3.284247e-03 1.307482e-03 0 0 0 3 1.052533e-12 0.000000e+00
226 256 3.284247e-03 1.646023e-03 0 0 0 3 1.669865e-12 0.000000e+00
226 257 3.284247e-03 2.072220e-03 0 0 0 3 2.643874e-12 0.000000e+00
226 258 3.284247e-03 2.608770e-03 0 0 0 3 4.141881e-12 0.000000e+00
226 259 3.284247e-03 3.284247e-03 0 0 0 3 0.000000e+00 0.000000e+00
226 260 3.284247e-03 4.134622e-03 0 0 0 3 4.150211e-12 0.000000e+00
226 261 3.284247e-03 5.205181e-03 0 0 0 3 2.629315e-12 0.000000e+00
226 262 3.284247e-03 6.552935e-03 0 0 0 3 1.692533e-12 0.000000e+00
226 263 3.284247e-03 8.249656e-03 0 0 0 3 1.144314e-12 0.000000e+00
227 253 4.134622e-03 8.249656e-04 0 0 0 3 2.591117e-13 0.000000e+00
227 254 4.134622e-03 1.038570e-03 0 0 0 3 4.111207e-13 0.000000e+00
227 255 4.134622e-03 1.307482e-03 0 0 0 3 6.527124e-13 0.000000e+00
227 256 4.134622e-03 1.646023e-03 0 0 0 3 1.037212e-12 0.000000e+00
227 257 4.134622e-03 2.072220e-03 0 0 0 3 1.650053e-12 0.000000e+00
227 258 4.134622e-03 2.608770e-03 0 0 0 3 2.625930e-12 0.000000e+00
227 259 4.134622e-03 3.284247e-03 0 0 0 3 4.150211e-12 0.000000e+00
227 260 4.134622e-03 4.134622e-03 0 0 0 3 0.000000e+00 0.000000e+00
227 261 4.134622e-03 5.205181e-03 0 0 0 3 4.182335e-12 0.000000e+00
227 262 4.134622e-03 6.552935e-03 0 0 0 3 2.692132e-12 0.000000e+00
227 263 4.134622e-03 8.249656e-03 0 0 0 3 1.806764e-12 0.000000e+00
228 253 5.205181e-03 8.249656e-04 0 0 0 3 1.632652e-13 0.000000e+00
228 254 5.205181e-03 1.038570e-03 0 0 0 3 2.589113e-13 0.000000e+00
228 255 5.205181e-03 1.307482e-03 0 0 0 3 4.107339e-13 0.000000e+00
228 256 5.205181e-03 1.646023e-03 0 0 0 3 6.519743e-13 0.000000e+00
228 257 5.205181e-03 2.072220e-03 0 0 0 3 1.035936e-12 0.000000e+00
228 258 5.205181e-03 2.608770e-03 0 0 0 3 1.648686e-12 0.000000e+00
228 259 5.205181e-03 3.284247e-03 0 0 0 3 2.629315e-12 0.000000e+00
228 260 5.205181e-03 4.134622e-03 0 0 0 3 4.182335e-12 0.000000e+00
228 261 5.205181e-03 5.205181e-03 0 0 0 3 0.000000e+00 0.000000e+00
228 262 5.205181e-03 6.552935e-03 0 0 0 3 4.284999e-12 0.000000e+00
228 263 5.205181e-03 8.249656e-03 0 0 0 3 2.852625e-12 0.000000e+00
229 253 6.552935e-03 8.249656e-04 0 0 0 3 1.065436e-13 0.000000e+00
229 254 6.552935e-03 1.038570e-03 0 0 0 3 1.688577e-13 0.000000e+00
229 255 6.552935e-03 1.307482e-03 0 0 0 3 2.676282e-13 0.000000e+00
229 256 6.552935e-03 1.646023e-03 0 0 0 3 4.241860e-13 0.000000e+00
229 257 6.552935e-03 2.072220e-03 0 0 0 3 6.724229e-13 0.000000e+00
229 258 6.552935e-03 2.608770e-03 0 0 0 3 1.066318e-12 0.000000e+00
229 259 6.552935e-03 3.284247e-03 0 0 0 3 1.692533e-12 0.000000e+00
229 260 6.552935e-03 4.134622e-03 0 0 0 3 2.692132e-12 0.000000e+00
229 261 6.552935e-03 5.205181e-03 0 0 0 3 4.284999e-12 0.000000e+00
229 262 6.552935e-03 6.552935e-03 0 0 0 3 0.000000e+00 0.000000e+00
229 263 6.552935e-03 8.249656e-03 0 0 0 3 4.508754e-12 0.000000e+00
230 253 8.249656e-03 8.249656e-04 0 0 0 3 7.278717e-14 0.000000e+00
230 254 8.249656e-03 1.038570e-03 0 0 0 3 1.153165e-13 0.000000e+00
230 255 8.249656e-03 1.307482e-03 0 0 0 3 1.826644e-13 0.000000e+00
230 256 8.249656e-03 1.646023e-03 0 0 0 3 2.892462e-13 0.000000e+00
230 257 8.249656e-03 2.072220e-03 0 0 0 3 4.578091e-13 0.000000e+00
230 258 8.249656e-03 2.608770e-03 0 0 0 3 7.241115e-13 0.000000e+00
230 259 8.249656e-03 3.284247e-03 0 0 0 3 1.144314e-12 0.000000e+00
230 260 8.249656e-03 4.134622e-03 0 0 0 3 1.806764e-12 0.000000e+00
230 261 8.249656e-03 5.205181e-03 0 0 0 3 2.852625e-12 0.000000e+00
230 262 8.249656e-03 6.552935e-03 0 0 0 3 4.508754e-12 0.000000e+00
230 263 8.249656e-03 8.249656e-03 0 0 0 3 0.000000e+00 0.000000e+00
