# Please cite the following papers in research using this covariance:
# arXiv: 1601.05779, https://arxiv.org/abs/1601.05779
# arXiv: 1911.11947, https://arxiv.org/abs/1911.11947
# arXiv: 2004.04833, https://arxiv.org/abs/2004.04833
# arXiv: 1804.10663, https://arxiv.org/abs/1804.10663
########################################################
231 440 8.249656e-04 8.249656e-04 0 1 5 0 0.000000e+00 0.000000e+00
231 441 8.249656e-04 1.038570e-03 0 1 5 0 4.537346e-14 0.000000e+00
231 442 8.249656e-04 1.307482e-03 0 1 5 0 4.144809e-14 0.000000e+00
231 443 8.249656e-04 1.646023e-03 0 1 5 0 3.405475e-14 0.000000e+00
231 444 8.249656e-04 2.072220e-03 0 1 5 0 2.582998e-14 0.000000e+00
231 445 8.249656e-04 2.608770e-03 0 1 5 0 1.842407e-14 0.000000e+00
231 446 8.249656e-04 3.284247e-03 0 1 5 0 1.258082e-14 0.000000e+00
231 447 8.249656e-04 4.134622e-03 0 1 5 0 8.387797e-15 0.000000e+00
231 448 8.249656e-04 5.205181e-03 0 1 5 0 5.575597e-15 0.000000e+00
231 449 8.249656e-04 6.552935e-03 0 1 5 0 3.766393e-15 0.000000e+00
231 450 8.249656e-04 8.249656e-03 0 1 5 0 2.619109e-15 0.000000e+00
232 440 1.038570e-03 8.249656e-04 0 1 5 0 4.537346e-14 0.000000e+00
232 441 1.038570e-03 1.038570e-03 0 1 5 0 0.000000e+00 0.000000e+00
232 442 1.038570e-03 1.307482e-03 0 1 5 0 5.829084e-14 0.000000e+00
232 443 1.038570e-03 1.646023e-03 0 1 5 0 5.090326e-14 0.000000e+00
232 444 1.038570e-03 2.072220e-03 0 1 5 0 3.981803e-14 0.000000e+00
232 445 1.038570e-03 2.608770e-03 0 1 5 0 2.884516e-14 0.000000e+00
232 446 1.038570e-03 3.284247e-03 0 1 5 0 1.984200e-14 0.000000e+00
232 447 1.038570e-03 4.134622e-03 0 1 5 0 1.326952e-14 0.000000e+00
232 448 1.038570e-03 5.205181e-03 0 1 5 0 8.829637e-15 0.000000e+00
232 449 1.038570e-03 6.552935e-03 0 1 5 0 5.965870e-15 0.000000e+00
232 450 1.038570e-03 8.249656e-03 0 1 5 0 4.148694e-15 0.000000e+00
233 440 1.307482e-03 8.249656e-04 0 1 5 0 4.144809e-14 0.000000e+00
233 441 1.307482e-03 1.038570e-03 0 1 5 0 5.829084e-14 0.000000e+00
233 442 1.307482e-03 1.307482e-03 0 1 5 0 0.000000e+00 0.000000e+00
233 443 1.307482e-03 1.646023e-03 0 1 5 0 7.193718e-14 0.000000e+00
233 444 1.307482e-03 2.072220e-03 0 1 5 0 5.994209e-14 0.000000e+00
233 445 1.307482e-03 2.608770e-03 0 1 5 0 4.472502e-14 0.000000e+00
233 446 1.307482e-03 3.284247e-03 0 1 5 0 3.117977e-14 0.000000e+00
233 447 1.307482e-03 4.134622e-03 0 1 5 0 2.096549e-14 0.000000e+00
233 448 1.307482e-03 5.205181e-03 0 1 5 0 1.397560e-14 0.000000e+00
233 449 1.307482e-03 6.552935e-03 0 1 5 0 9.446535e-15 0.000000e+00
233 450 1.307482e-03 8.249656e-03 0 1 5 0 6.569441e-15 0.000000e+00
234 440 1.646023e-03 8.249656e-04 0 1 5 0 3.405475e-14 0.000000e+00
234 441 1.646023e-03 1.038570e-03 0 1 5 0 5.090326e-14 0.000000e+00
234 442 1.646023e-03 1.307482e-03 0 1 5 0 7.193718e-14 0.000000e+00
234 443 1.646023e-03 1.646023e-03 0 1 5 0 0.000000e+00 0.000000e+00
234 444 1.646023e-03 2.072220e-03 0 1 5 0 8.542237e-14 0.000000e+00
234 445 1.646023e-03 2.608770e-03 0 1 5 0 6.793532e-14 0.000000e+00
234 446 1.646023e-03 3.284247e-03 0 1 5 0 4.863849e-14 0.000000e+00
234 447 1.646023e-03 4.134622e-03 0 1 5 0 3.304444e-14 0.000000e+00
234 448 1.646023e-03 5.205181e-03 0 1 5 0 2.210078e-14 0.000000e+00
234 449 1.646023e-03 6.552935e-03 0 1 5 0 1.494957e-14 0.000000e+00
234 450 1.646023e-03 8.249656e-03 0 1 5 0 1.039730e-14 0.000000e+00
235 440 2.072220e-03 8.249656e-04 0 1 5 0 2.582998e-14 0.000000e+00
235 441 2.072220e-03 1.038570e-03 0 1 5 0 3.981803e-14 0.000000e+00
235 442 2.072220e-03 1.307482e-03 0 1 5 0 5.994209e-14 0.000000e+00
235 443 2.072220e-03 1.646023e-03 0 1 5 0 8.542237e-14 0.000000e+00
235 444 2.072220e-03 2.072220e-03 0 1 5 0 0.000000e+00 0.000000e+00
235 445 2.072220e-03 2.608770e-03 0 1 5 0 9.797186e-14 0.000000e+00
235 446 2.072220e-03 3.284247e-03 0 1 5 0 7.461594e-14 0.000000e+00
235 447 2.072220e-03 4.134622e-03 0 1 5 0 5.181726e-14 0.000000e+00
235 448 2.072220e-03 5.205181e-03 0 1 5 0 3.489129e-14 0.000000e+00
235 449 2.072220e-03 6.552935e-03 0 1 5 0 2.363671e-14 0.000000e+00
235 450 2.072220e-03 8.249656e-03 0 1 5 0 1.644215e-14 0.000000e+00
236 440 2.608770e-03 8.249656e-04 0 1 5 0 1.842407e-14 0.000000e+00
236 441 2.608770e-03 1.038570e-03 0 1 5 0 2.884516e-14 0.000000e+00
236 442 2.608770e-03 1.307482e-03 0 1 5 0 4.472502e-14 0.000000e+00
236 443 2.608770e-03 1.646023e-03 0 1 5 0 6.793532e-14 0.000000e+00
236 444 2.608770e-03 2.072220e-03 0 1 5 0 9.797186e-14 0.000000e+00
236 445 2.608770e-03 2.608770e-03 0 1 5 0 0.000000e+00 0.000000e+00
236 446 2.608770e-03 3.284247e-03 0 1 5 0 1.091980e-13 0.000000e+00
236 447 2.608770e-03 4.134622e-03 0 1 5 0 8.023634e-14 0.000000e+00
236 448 2.608770e-03 5.205181e-03 0 1 5 0 5.489106e-14 0.000000e+00
236 449 2.608770e-03 6.552935e-03 0 1 5 0 3.731346e-14 0.000000e+00
236 450 2.608770e-03 8.249656e-03 0 1 5 0 2.596764e-14 0.000000e+00
237 440 3.284247e-03 8.249656e-04 0 1 5 0 1.258082e-14 0.000000e+00
237 441 3.284247e-03 1.038570e-03 0 1 5 0 1.984200e-14 0.000000e+00
237 442 3.284247e-03 1.307482e-03 0 1 5 0 3.117977e-14 0.000000e+00
237 443 3.284247e-03 1.646023e-03 0 1 5 0 4.863849e-14 0.000000e+00
237 444 3.284247e-03 2.072220e-03 0 1 5 0 7.461594e-14 0.000000e+00
237 445 3.284247e-03 2.608770e-03 0 1 5 0 1.091980e-13 0.000000e+00
237 446 3.284247e-03 3.284247e-03 0 1 5 0 0.000000e+00 0.000000e+00
237 447 3.284247e-03 4.134622e-03 0 1 5 0 1.192878e-13 0.000000e+00
237 448 3.284247e-03 5.205181e-03 0 1 5 0 8.557738e-14 0.000000e+00
237 449 3.284247e-03 6.552935e-03 0 1 5 0 5.873192e-14 0.000000e+00
237 450 3.284247e-03 8.249656e-03 0 1 5 0 4.092640e-14 0.000000e+00
238 440 4.134622e-03 8.249656e-04 0 1 5 0 8.387797e-15 0.000000e+00
238 441 4.134622e-03 1.038570e-03 0 1 5 0 1.326952e-14 0.000000e+00
238 442 4.134622e-03 1.307482e-03 0 1 5 0 2.096549e-14 0.000000e+00
238 443 4.134622e-03 1.646023e-03 0 1 5 0 3.304444e-14 0.000000e+00
238 444 4.134622e-03 2.072220e-03 0 1 5 0 5.181726e-14 0.000000e+00
238 445 4.134622e-03 2.608770e-03 0 1 5 0 8.023634e-14 0.000000e+00
238 446 4.134622e-03 3.284247e-03 0 1 5 0 1.192878e-13 0.000000e+00
238 447 4.134622e-03 4.134622e-03 0 1 5 0 0.000000e+00 0.000000e+00
238 448 4.134622e-03 5.205181e-03 0 1 5 0 1.290516e-13 0.000000e+00
238 449 4.134622e-03 6.552935e-03 0 1 5 0 9.181711e-14 0.000000e+00
238 450 4.134622e-03 8.249656e-03 0 1 5 0 6.428112e-14 0.000000e+00
239 440 5.205181e-03 8.249656e-04 0 1 5 0 5.575597e-15 0.000000e+00
239 441 5.205181e-03 1.038570e-03 0 1 5 0 8.829637e-15 0.000000e+00
239 442 5.205181e-03 1.307482e-03 0 1 5 0 1.397560e-14 0.000000e+00
239 443 5.205181e-03 1.646023e-03 0 1 5 0 2.210078e-14 0.000000e+00
239 444 5.205181e-03 2.072220e-03 0 1 5 0 3.489129e-14 0.000000e+00
239 445 5.205181e-03 2.608770e-03 0 1 5 0 5.489106e-14 0.000000e+00
239 446 5.205181e-03 3.284247e-03 0 1 5 0 8.557738e-14 0.000000e+00
239 447 5.205181e-03 4.134622e-03 0 1 5 0 1.290516e-13 0.000000e+00
239 448 5.205181e-03 5.205181e-03 0 1 5 0 0.000000e+00 0.000000e+00
239 449 5.205181e-03 6.552935e-03 0 1 5 0 1.398278e-13 0.000000e+00
239 450 5.205181e-03 8.249656e-03 0 1 5 0 1.003132e-13 0.000000e+00
240 440 6.552935e-03 8.249656e-04 0 1 5 0 3.766393e-15 0.000000e+00
240 441 6.552935e-03 1.038570e-03 0 1 5 0 5.965870e-15 0.000000e+00
240 442 6.552935e-03 1.307482e-03 0 1 5 0 9.446535e-15 0.000000e+00
240 443 6.552935e-03 1.646023e-03 0 1 5 0 1.494957e-14 0.000000e+00
240 444 6.552935e-03 2.072220e-03 0 1 5 0 2.363671e-14 0.000000e+00
240 445 6.552935e-03 2.608770e-03 0 1 5 0 3.731346e-14 0.000000e+00
240 446 6.552935e-03 3.284247e-03 0 1 5 0 5.873192e-14 0.000000e+00
240 447 6.552935e-03 4.134622e-03 0 1 5 0 9.181711e-14 0.000000e+00
240 448 6.552935e-03 5.205181e-03 0 1 5 0 1.398278e-13 0.000000e+00
240 449 6.552935e-03 6.552935e-03 0 1 5 0 0.000000e+00 0.000000e+00
240 450 6.552935e-03 8.249656e-03 0 1 5 0 1.532792e-13 0.000000e+00
241 440 8.249656e-03 8.249656e-04 0 1 5 0 2.619109e-15 0.000000e+00
241 441 8.249656e-03 1.038570e-03 0 1 5 0 4.148694e-15 0.000000e+00
241 442 8.249656e-03 1.307482e-03 0 1 5 0 6.569441e-15 0.000000e+00
241 443 8.249656e-03 1.646023e-03 0 1 5 0 1.039730e-14 0.000000e+00
241 444 8.249656e-03 2.072220e-03 0 1 5 0 1.644215e-14 0.000000e+00
241 445 8.249656e-03 2.608770e-03 0 1 5 0 2.596764e-14 0.000000e+00
241 446 8.249656e-03 3.284247e-03 0 1 5 0 4.092640e-14 0.000000e+00
241 447 8.249656e-03 4.134622e-03 0 1 5 0 6.428112e-14 0.000000e+00
241 448 8.249656e-03 5.205181e-03 0 1 5 0 1.003132e-13 0.000000e+00
241 449 8.249656e-03 6.552935e-03 0 1 5 0 1.532792e-13 0.000000e+00
241 450 8.249656e-03 8.249656e-03 0 1 5 0 0.000000e+00 0.000000e+00
