# Please cite the following papers in research using this covariance:
# arXiv: 1601.05779, https://arxiv.org/abs/1601.05779
# arXiv: 1911.11947, https://arxiv.org/abs/1911.11947
# arXiv: 2004.04833, https://arxiv.org/abs/2004.04833
# arXiv: 1804.10663, https://arxiv.org/abs/1804.10663
########################################################
275 341 8.249656e-04 8.249656e-04 1 1 2 3 0.000000e+00 0.000000e+00
275 342 8.249656e-04 1.038570e-03 1 1 2 3 3.444435e-13 0.000000e+00
275 343 8.249656e-04 1.307482e-03 1 1 2 3 2.870801e-13 0.000000e+00
275 344 8.249656e-04 1.646023e-03 1 1 2 3 2.144666e-13 0.000000e+00
275 345 8.249656e-04 2.072220e-03 1 1 2 3 1.503350e-13 0.000000e+00
275 346 8.249656e-04 2.608770e-03 1 1 2 3 1.021873e-13 0.000000e+00
275 347 8.249656e-04 3.284247e-03 1 1 2 3 6.920095e-14 0.000000e+00
275 348 8.249656e-04 4.134622e-03 1 1 2 3 4.770758e-14 0.000000e+00
275 349 8.249656e-04 5.205181e-03 1 1 2 3 3.392120e-14 0.000000e+00
275 350 8.249656e-04 6.552935e-03 1 1 2 3 2.493569e-14 0.000000e+00
275 351 8.249656e-04 8.249656e-03 1 1 2 3 1.882522e-14 0.000000e+00
276 341 1.038570e-03 8.249656e-04 1 1 2 3 3.444435e-13 0.000000e+00
276 342 1.038570e-03 1.038570e-03 1 1 2 3 0.000000e+00 0.000000e+00
276 343 1.038570e-03 1.307482e-03 1 1 2 3 4.092623e-13 0.000000e+00
276 344 1.038570e-03 1.646023e-03 1 1 2 3 3.259650e-13 0.000000e+00
276 345 1.038570e-03 2.072220e-03 1 1 2 3 2.344941e-13 0.000000e+00
276 346 1.038570e-03 2.608770e-03 1 1 2 3 1.609746e-13 0.000000e+00
276 347 1.038570e-03 3.284247e-03 1 1 2 3 1.093669e-13 0.000000e+00
276 348 1.038570e-03 4.134622e-03 1 1 2 3 7.546136e-14 0.000000e+00
276 349 1.038570e-03 5.205181e-03 1 1 2 3 5.366771e-14 0.000000e+00
276 350 1.038570e-03 6.552935e-03 1 1 2 3 3.946107e-14 0.000000e+00
276 351 1.038570e-03 8.249656e-03 1 1 2 3 2.980084e-14 0.000000e+00
277 341 1.307482e-03 8.249656e-04 1 1 2 3 2.870801e-13 0.000000e+00
277 342 1.307482e-03 1.038570e-03 1 1 2 3 4.092623e-13 0.000000e+00
277 343 1.307482e-03 1.307482e-03 1 1 2 3 0.000000e+00 0.000000e+00
277 344 1.307482e-03 1.646023e-03 1 1 2 3 4.704462e-13 0.000000e+00
277 345 1.307482e-03 2.072220e-03 1 1 2 3 3.597798e-13 0.000000e+00
277 346 1.307482e-03 2.608770e-03 1 1 2 3 2.522400e-13 0.000000e+00
277 347 1.307482e-03 3.284247e-03 1 1 2 3 1.724990e-13 0.000000e+00
277 348 1.307482e-03 4.134622e-03 1 1 2 3 1.192160e-13 0.000000e+00
277 349 1.307482e-03 5.205181e-03 1 1 2 3 8.482213e-14 0.000000e+00
277 350 1.307482e-03 6.552935e-03 1 1 2 3 6.239283e-14 0.000000e+00
277 351 1.307482e-03 8.249656e-03 1 1 2 3 4.714303e-14 0.000000e+00
278 341 1.646023e-03 8.249656e-04 1 1 2 3 2.144666e-13 0.000000e+00
278 342 1.646023e-03 1.038570e-03 1 1 2 3 3.259650e-13 0.000000e+00
278 343 1.646023e-03 1.307482e-03 1 1 2 3 4.704462e-13 0.000000e+00
278 344 1.646023e-03 1.646023e-03 1 1 2 3 0.000000e+00 0.000000e+00
278 345 1.646023e-03 2.072220e-03 1 1 2 3 5.268217e-13 0.000000e+00
278 346 1.646023e-03 2.608770e-03 1 1 2 3 3.902642e-13 0.000000e+00
278 347 1.646023e-03 3.284247e-03 1 1 2 3 2.709897e-13 0.000000e+00
278 348 1.646023e-03 4.134622e-03 1 1 2 3 1.879573e-13 0.000000e+00
278 349 1.646023e-03 5.205181e-03 1 1 2 3 1.338425e-13 0.000000e+00
278 350 1.646023e-03 6.552935e-03 1 1 2 3 9.851260e-14 0.000000e+00
278 351 1.646023e-03 8.249656e-03 1 1 2 3 7.449490e-14 0.000000e+00
279 341 2.072220e-03 8.249656e-04 1 1 2 3 1.503350e-13 0.000000e+00
279 342 2.072220e-03 1.038570e-03 1 1 2 3 2.344941e-13 0.000000e+00
279 343 2.072220e-03 1.307482e-03 1 1 2 3 3.597798e-13 0.000000e+00
279 344 2.072220e-03 1.646023e-03 1 1 2 3 5.268217e-13 0.000000e+00
279 345 2.072220e-03 2.072220e-03 1 1 2 3 0.000000e+00 0.000000e+00
279 346 2.072220e-03 2.608770e-03 1 1 2 3 5.800061e-13 0.000000e+00
279 347 2.072220e-03 3.284247e-03 1 1 2 3 4.216555e-13 0.000000e+00
279 348 2.072220e-03 4.134622e-03 1 1 2 3 2.952522e-13 0.000000e+00
279 349 2.072220e-03 5.205181e-03 1 1 2 3 2.106370e-13 0.000000e+00
279 350 2.072220e-03 6.552935e-03 1 1 2 3 1.551960e-13 0.000000e+00
279 351 2.072220e-03 8.249656e-03 1 1 2 3 1.175091e-13 0.000000e+00
280 341 2.608770e-03 8.249656e-04 1 1 2 3 1.021873e-13 0.000000e+00
280 342 2.608770e-03 1.038570e-03 1 1 2 3 1.609746e-13 0.000000e+00
280 343 2.608770e-03 1.307482e-03 1 1 2 3 2.522400e-13 0.000000e+00
280 344 2.608770e-03 1.646023e-03 1 1 2 3 3.902642e-13 0.000000e+00
280 345 2.608770e-03 2.072220e-03 1 1 2 3 5.800061e-13 0.000000e+00
280 346 2.608770e-03 2.608770e-03 1 1 2 3 0.000000e+00 0.000000e+00
280 347 2.608770e-03 3.284247e-03 1 1 2 3 6.346674e-13 0.000000e+00
280 348 2.608770e-03 4.134622e-03 1 1 2 3 4.601622e-13 0.000000e+00
280 349 2.608770e-03 5.205181e-03 1 1 2 3 3.300545e-13 0.000000e+00
280 350 2.608770e-03 6.552935e-03 1 1 2 3 2.436243e-13 0.000000e+00
280 351 2.608770e-03 8.249656e-03 1 1 2 3 1.848378e-13 0.000000e+00
281 341 3.284247e-03 8.249656e-04 1 1 2 3 6.920095e-14 0.000000e+00
281 342 3.284247e-03 1.038570e-03 1 1 2 3 1.093669e-13 0.000000e+00
281 343 3.284247e-03 1.307482e-03 1 1 2 3 1.724990e-13 0.000000e+00
281 344 3.284247e-03 1.646023e-03 1 1 2 3 2.709897e-13 0.000000e+00
281 345 3.284247e-03 2.072220e-03 1 1 2 3 4.216555e-13 0.000000e+00
281 346 3.284247e-03 2.608770e-03 1 1 2 3 6.346674e-13 0.000000e+00
281 347 3.284247e-03 3.284247e-03 1 1 2 3 0.000000e+00 0.000000e+00
281 348 3.284247e-03 4.134622e-03 1 1 2 3 6.981591e-13 0.000000e+00
281 349 3.284247e-03 5.205181e-03 1 1 2 3 5.130827e-13 0.000000e+00
281 350 3.284247e-03 6.552935e-03 1 1 2 3 3.802441e-13 0.000000e+00
281 351 3.284247e-03 8.249656e-03 1 1 2 3 2.894238e-13 0.000000e+00
282 341 4.134622e-03 8.249656e-04 1 1 2 3 4.770758e-14 0.000000e+00
282 342 4.134622e-03 1.038570e-03 1 1 2 3 7.546136e-14 0.000000e+00
282 343 4.134622e-03 1.307482e-03 1 1 2 3 1.192160e-13 0.000000e+00
282 344 4.134622e-03 1.646023e-03 1 1 2 3 1.879573e-13 0.000000e+00
282 345 4.134622e-03 2.072220e-03 1 1 2 3 2.952522e-13 0.000000e+00
282 346 4.134622e-03 2.608770e-03 1 1 2 3 4.601622e-13 0.000000e+00
282 347 4.134622e-03 3.284247e-03 1 1 2 3 6.981591e-13 0.000000e+00
282 348 4.134622e-03 4.134622e-03 1 1 2 3 0.000000e+00 0.000000e+00
282 349 4.134622e-03 5.205181e-03 1 1 2 3 7.796909e-13 0.000000e+00
282 350 4.134622e-03 6.552935e-03 1 1 2 3 5.877907e-13 0.000000e+00
282 351 4.134622e-03 8.249656e-03 1 1 2 3 4.498461e-13 0.000000e+00
283 341 5.205181e-03 8.249656e-04 1 1 2 3 3.392120e-14 0.000000e+00
283 342 5.205181e-03 1.038570e-03 1 1 2 3 5.366771e-14 0.000000e+00
283 343 5.205181e-03 1.307482e-03 1 1 2 3 8.482213e-14 0.000000e+00
283 344 5.205181e-03 1.646023e-03 1 1 2 3 1.338425e-13 0.000000e+00
283 345 5.205181e-03 2.072220e-03 1 1 2 3 2.106370e-13 0.000000e+00
283 346 5.205181e-03 2.608770e-03 1 1 2 3 3.300545e-13 0.000000e+00
283 347 5.205181e-03 3.284247e-03 1 1 2 3 5.130827e-13 0.000000e+00
283 348 5.205181e-03 4.134622e-03 1 1 2 3 7.796909e-13 0.000000e+00
283 349 5.205181e-03 5.205181e-03 1 1 2 3 0.000000e+00 0.000000e+00
283 350 5.205181e-03 6.552935e-03 1 1 2 3 8.891745e-13 0.000000e+00
283 351 5.205181e-03 8.249656e-03 1 1 2 3 6.906727e-13 0.000000e+00
284 341 6.552935e-03 8.249656e-04 1 1 2 3 2.493569e-14 0.000000e+00
284 342 6.552935e-03 1.038570e-03 1 1 2 3 3.946107e-14 0.000000e+00
284 343 6.552935e-03 1.307482e-03 1 1 2 3 6.239283e-14 0.000000e+00
284 344 6.552935e-03 1.646023e-03 1 1 2 3 9.851260e-14 0.000000e+00
284 345 6.552935e-03 2.072220e-03 1 1 2 3 1.551960e-13 0.000000e+00
284 346 6.552935e-03 2.608770e-03 1 1 2 3 2.436243e-13 0.000000e+00
284 347 6.552935e-03 3.284247e-03 1 1 2 3 3.802441e-13 0.000000e+00
284 348 6.552935e-03 4.134622e-03 1 1 2 3 5.877907e-13 0.000000e+00
284 349 6.552935e-03 5.205181e-03 1 1 2 3 8.891745e-13 0.000000e+00
284 350 6.552935e-03 6.552935e-03 1 1 2 3 0.000000e+00 0.000000e+00
284 351 6.552935e-03 8.249656e-03 1 1 2 3 1.035742e-12 0.000000e+00
285 341 8.249656e-03 8.249656e-04 1 1 2 3 1.882522e-14 0.000000e+00
285 342 8.249656e-03 1.038570e-03 1 1 2 3 2.980084e-14 0.000000e+00
285 343 8.249656e-03 1.307482e-03 1 1 2 3 4.714303e-14 0.000000e+00
285 344 8.249656e-03 1.646023e-03 1 1 2 3 7.449490e-14 0.000000e+00
285 345 8.249656e-03 2.072220e-03 1 1 2 3 1.175091e-13 0.000000e+00
285 346 8.249656e-03 2.608770e-03 1 1 2 3 1.848378e-13 0.000000e+00
285 347 8.249656e-03 3.284247e-03 1 1 2 3 2.894238e-13 0.000000e+00
285 348 8.249656e-03 4.134622e-03 1 1 2 3 4.498461e-13 0.000000e+00
285 349 8.249656e-03 5.205181e-03 1 1 2 3 6.906727e-13 0.000000e+00
285 350 8.249656e-03 6.552935e-03 1 1 2 3 1.035742e-12 0.000000e+00
285 351 8.249656e-03 8.249656e-03 1 1 2 3 0.000000e+00 0.000000e+00
