# Please cite the following papers in research using this covariance:
# arXiv: 1601.05779, https://arxiv.org/abs/1601.05779
# arXiv: 1911.11947, https://arxiv.org/abs/1911.11947
# arXiv: 2004.04833, https://arxiv.org/abs/2004.04833
# arXiv: 1804.10663, https://arxiv.org/abs/1804.10663
########################################################
429 440 8.249656e-04 8.249656e-04 4 3 5 0 0.000000e+00 0.000000e+00
429 441 8.249656e-04 1.038570e-03 4 3 5 0 2.404183e-13 0.000000e+00
429 442 8.249656e-04 1.307482e-03 4 3 5 0 1.988672e-13 0.000000e+00
429 443 8.249656e-04 1.646023e-03 4 3 5 0 1.535821e-13 0.000000e+00
429 444 8.249656e-04 2.072220e-03 4 3 5 0 1.158550e-13 0.000000e+00
429 445 8.249656e-04 2.608770e-03 4 3 5 0 8.714892e-14 0.000000e+00
429 446 8.249656e-04 3.284247e-03 4 3 5 0 6.591058e-14 0.000000e+00
429 447 8.249656e-04 4.134622e-03 4 3 5 0 5.014598e-14 0.000000e+00
429 448 8.249656e-04 5.205181e-03 4 3 5 0 3.823352e-14 0.000000e+00
429 449 8.249656e-04 6.552935e-03 4 3 5 0 2.904750e-14 0.000000e+00
429 450 8.249656e-04 8.249656e-03 4 3 5 0 2.185870e-14 0.000000e+00
430 440 1.038570e-03 8.249656e-04 4 3 5 0 2.404183e-13 0.000000e+00
430 441 1.038570e-03 1.038570e-03 4 3 5 0 0.000000e+00 0.000000e+00
430 442 1.038570e-03 1.307482e-03 4 3 5 0 2.877639e-13 0.000000e+00
430 443 1.038570e-03 1.646023e-03 4 3 5 0 2.339827e-13 0.000000e+00
430 444 1.038570e-03 2.072220e-03 4 3 5 0 1.798940e-13 0.000000e+00
430 445 1.038570e-03 2.608770e-03 4 3 5 0 1.364460e-13 0.000000e+00
430 446 1.038570e-03 3.284247e-03 4 3 5 0 1.036414e-13 0.000000e+00
430 447 1.038570e-03 4.134622e-03 4 3 5 0 7.906283e-14 0.000000e+00
430 448 1.038570e-03 5.205181e-03 4 3 5 0 6.038904e-14 0.000000e+00
430 449 1.038570e-03 6.552935e-03 4 3 5 0 4.593614e-14 0.000000e+00
430 450 1.038570e-03 8.249656e-03 4 3 5 0 3.459599e-14 0.000000e+00
431 440 1.307482e-03 8.249656e-04 4 3 5 0 1.988672e-13 0.000000e+00
431 441 1.307482e-03 1.038570e-03 4 3 5 0 2.877639e-13 0.000000e+00
431 442 1.307482e-03 1.307482e-03 4 3 5 0 0.000000e+00 0.000000e+00
431 443 1.307482e-03 1.646023e-03 4 3 5 0 3.410814e-13 0.000000e+00
431 444 1.307482e-03 2.072220e-03 4 3 5 0 2.747375e-13 0.000000e+00
431 445 1.307482e-03 2.608770e-03 4 3 5 0 2.118593e-13 0.000000e+00
431 446 1.307482e-03 3.284247e-03 4 3 5 0 1.621635e-13 0.000000e+00
431 447 1.307482e-03 4.134622e-03 4 3 5 0 1.242582e-13 0.000000e+00
431 448 1.307482e-03 5.205181e-03 4 3 5 0 9.518704e-14 0.000000e+00
431 449 1.307482e-03 6.552935e-03 4 3 5 0 7.254905e-14 0.000000e+00
431 450 1.307482e-03 8.249656e-03 4 3 5 0 5.471079e-14 0.000000e+00
432 440 1.646023e-03 8.249656e-04 4 3 5 0 1.535821e-13 0.000000e+00
432 441 1.646023e-03 1.038570e-03 4 3 5 0 2.339827e-13 0.000000e+00
432 442 1.646023e-03 1.307482e-03 4 3 5 0 3.410814e-13 0.000000e+00
432 443 1.646023e-03 1.646023e-03 4 3 5 0 0.000000e+00 0.000000e+00
432 444 1.646023e-03 2.072220e-03 4 3 5 0 4.027967e-13 0.000000e+00
432 445 1.646023e-03 2.608770e-03 4 3 5 0 3.237702e-13 0.000000e+00
432 446 1.646023e-03 3.284247e-03 4 3 5 0 2.515689e-13 0.000000e+00
432 447 1.646023e-03 4.134622e-03 4 3 5 0 1.942616e-13 0.000000e+00
432 448 1.646023e-03 5.205181e-03 4 3 5 0 1.495341e-13 0.000000e+00
432 449 1.646023e-03 6.552935e-03 4 3 5 0 1.143377e-13 0.000000e+00
432 450 1.646023e-03 8.249656e-03 4 3 5 0 8.640726e-14 0.000000e+00
433 440 2.072220e-03 8.249656e-04 4 3 5 0 1.158550e-13 0.000000e+00
433 441 2.072220e-03 1.038570e-03 4 3 5 0 1.798940e-13 0.000000e+00
433 442 2.072220e-03 1.307482e-03 4 3 5 0 2.747375e-13 0.000000e+00
433 443 2.072220e-03 1.646023e-03 4 3 5 0 4.027967e-13 0.000000e+00
433 444 2.072220e-03 2.072220e-03 4 3 5 0 0.000000e+00 0.000000e+00
433 445 2.072220e-03 2.608770e-03 4 3 5 0 4.762757e-13 0.000000e+00
433 446 2.072220e-03 3.284247e-03 4 3 5 0 3.841166e-13 0.000000e+00
433 447 2.072220e-03 4.134622e-03 4 3 5 0 3.009775e-13 0.000000e+00
433 448 2.072220e-03 5.205181e-03 4 3 5 0 2.336074e-13 0.000000e+00
433 449 2.072220e-03 6.552935e-03 4 3 5 0 1.795748e-13 0.000000e+00
433 450 2.072220e-03 8.249656e-03 4 3 5 0 1.361777e-13 0.000000e+00
434 440 2.608770e-03 8.249656e-04 4 3 5 0 8.714892e-14 0.000000e+00
434 441 2.608770e-03 1.038570e-03 4 3 5 0 1.364460e-13 0.000000e+00
434 442 2.608770e-03 1.307482e-03 4 3 5 0 2.118593e-13 0.000000e+00
434 443 2.608770e-03 1.646023e-03 4 3 5 0 3.237702e-13 0.000000e+00
434 444 2.608770e-03 2.072220e-03 4 3 5 0 4.762757e-13 0.000000e+00
434 445 2.608770e-03 2.608770e-03 4 3 5 0 0.000000e+00 0.000000e+00
434 446 2.608770e-03 3.284247e-03 4 3 5 0 5.654829e-13 0.000000e+00
434 447 2.608770e-03 4.134622e-03 4 3 5 0 4.587220e-13 0.000000e+00
434 448 2.608770e-03 5.205181e-03 4 3 5 0 3.614966e-13 0.000000e+00
434 449 2.608770e-03 6.552935e-03 4 3 5 0 2.804149e-13 0.000000e+00
434 450 2.608770e-03 8.249656e-03 4 3 5 0 2.138710e-13 0.000000e+00
435 440 3.284247e-03 8.249656e-04 4 3 5 0 6.591058e-14 0.000000e+00
435 441 3.284247e-03 1.038570e-03 4 3 5 0 1.036414e-13 0.000000e+00
435 442 3.284247e-03 1.307482e-03 4 3 5 0 1.621635e-13 0.000000e+00
435 443 3.284247e-03 1.646023e-03 4 3 5 0 2.515689e-13 0.000000e+00
435 444 3.284247e-03 2.072220e-03 4 3 5 0 3.841166e-13 0.000000e+00
435 445 3.284247e-03 2.608770e-03 4 3 5 0 5.654829e-13 0.000000e+00
435 446 3.284247e-03 3.284247e-03 4 3 5 0 0.000000e+00 0.000000e+00
435 447 3.284247e-03 4.134622e-03 4 3 5 0 6.744093e-13 0.000000e+00
435 448 3.284247e-03 5.205181e-03 4 3 5 0 5.498491e-13 0.000000e+00
435 449 3.284247e-03 6.552935e-03 4 3 5 0 4.335719e-13 0.000000e+00
435 450 3.284247e-03 8.249656e-03 4 3 5 0 3.339421e-13 0.000000e+00
436 440 4.134622e-03 8.249656e-04 4 3 5 0 5.014598e-14 0.000000e+00
436 441 4.134622e-03 1.038570e-03 4 3 5 0 7.906283e-14 0.000000e+00
436 442 4.134622e-03 1.307482e-03 4 3 5 0 1.242582e-13 0.000000e+00
436 443 4.134622e-03 1.646023e-03 4 3 5 0 1.942616e-13 0.000000e+00
436 444 4.134622e-03 2.072220e-03 4 3 5 0 3.009775e-13 0.000000e+00
436 445 4.134622e-03 2.608770e-03 4 3 5 0 4.587220e-13 0.000000e+00
436 446 4.134622e-03 3.284247e-03 4 3 5 0 6.744093e-13 0.000000e+00
436 447 4.134622e-03 4.134622e-03 4 3 5 0 0.000000e+00 0.000000e+00
436 448 4.134622e-03 5.205181e-03 4 3 5 0 8.063255e-13 0.000000e+00
436 449 4.134622e-03 6.552935e-03 4 3 5 0 6.584202e-13 0.000000e+00
436 450 4.134622e-03 8.249656e-03 4 3 5 0 5.161958e-13 0.000000e+00
437 440 5.205181e-03 8.249656e-04 4 3 5 0 3.823352e-14 0.000000e+00
437 441 5.205181e-03 1.038570e-03 4 3 5 0 6.038904e-14 0.000000e+00
437 442 5.205181e-03 1.307482e-03 4 3 5 0 9.518704e-14 0.000000e+00
437 443 5.205181e-03 1.646023e-03 4 3 5 0 1.495341e-13 0.000000e+00
437 444 5.205181e-03 2.072220e-03 4 3 5 0 2.336074e-13 0.000000e+00
437 445 5.205181e-03 2.608770e-03 4 3 5 0 3.614966e-13 0.000000e+00
437 446 5.205181e-03 3.284247e-03 4 3 5 0 5.498491e-13 0.000000e+00
437 447 5.205181e-03 4.134622e-03 4 3 5 0 8.063255e-13 0.000000e+00
437 448 5.205181e-03 5.205181e-03 4 3 5 0 0.000000e+00 0.000000e+00
437 449 5.205181e-03 6.552935e-03 4 3 5 0 9.628609e-13 0.000000e+00
437 450 5.205181e-03 8.249656e-03 4 3 5 0 7.832472e-13 0.000000e+00
438 440 6.552935e-03 8.249656e-04 4 3 5 0 2.904750e-14 0.000000e+00
438 441 6.552935e-03 1.038570e-03 4 3 5 0 4.593614e-14 0.000000e+00
438 442 6.552935e-03 1.307482e-03 4 3 5 0 7.254905e-14 0.000000e+00
438 443 6.552935e-03 1.646023e-03 4 3 5 0 1.143377e-13 0.000000e+00
438 444 6.552935e-03 2.072220e-03 4 3 5 0 1.795748e-13 0.000000e+00
438 445 6.552935e-03 2.608770e-03 4 3 5 0 2.804149e-13 0.000000e+00
438 446 6.552935e-03 3.284247e-03 4 3 5 0 4.335719e-13 0.000000e+00
438 447 6.552935e-03 4.134622e-03 4 3 5 0 6.584202e-13 0.000000e+00
438 448 6.552935e-03 5.205181e-03 4 3 5 0 9.628609e-13 0.000000e+00
438 449 6.552935e-03 6.552935e-03 4 3 5 0 0.000000e+00 0.000000e+00
438 450 6.552935e-03 8.249656e-03 4 3 5 0 1.142882e-12 0.000000e+00
439 440 8.249656e-03 8.249656e-04 4 3 5 0 2.185870e-14 0.000000e+00
439 441 8.249656e-03 1.038570e-03 4 3 5 0 3.459599e-14 0.000000e+00
439 442 8.249656e-03 1.307482e-03 4 3 5 0 5.471079e-14 0.000000e+00
439 443 8.249656e-03 1.646023e-03 4 3 5 0 8.640726e-14 0.000000e+00
439 444 8.249656e-03 2.072220e-03 4 3 5 0 1.361777e-13 0.000000e+00
439 445 8.249656e-03 2.608770e-03 4 3 5 0 2.138710e-13 0.000000e+00
439 446 8.249656e-03 3.284247e-03 4 3 5 0 3.339421e-13 0.000000e+00
439 447 8.249656e-03 4.134622e-03 4 3 5 0 5.161958e-13 0.000000e+00
439 448 8.249656e-03 5.205181e-03 4 3 5 0 7.832472e-13 0.000000e+00
439 449 8.249656e-03 6.552935e-03 4 3 5 0 1.142882e-12 0.000000e+00
439 450 8.249656e-03 8.249656e-03 4 3 5 0 0.000000e+00 0.000000e+00
