# Please cite the following papers in research using this covariance:
# arXiv: 1601.05779, https://arxiv.org/abs/1601.05779
# arXiv: 1911.11947, https://arxiv.org/abs/1911.11947
# arXiv: 2004.04833, https://arxiv.org/abs/2004.04833
# arXiv: 1804.10663, https://arxiv.org/abs/1804.10663
########################################################
297 440 8.249656e-04 8.249656e-04 1 3 5 0 0.000000e+00 0.000000e+00
297 441 8.249656e-04 1.038570e-03 1 3 5 0 1.116225e-13 0.000000e+00
297 442 8.249656e-04 1.307482e-03 1 3 5 0 9.264962e-14 0.000000e+00
297 443 8.249656e-04 1.646023e-03 1 3 5 0 6.991394e-14 0.000000e+00
297 444 8.249656e-04 2.072220e-03 1 3 5 0 5.013230e-14 0.000000e+00
297 445 8.249656e-04 2.608770e-03 1 3 5 0 3.514250e-14 0.000000e+00
297 446 8.249656e-04 3.284247e-03 1 3 5 0 2.459511e-14 0.000000e+00
297 447 8.249656e-04 4.134622e-03 1 3 5 0 1.744706e-14 0.000000e+00
297 448 8.249656e-04 5.205181e-03 1 3 5 0 1.264808e-14 0.000000e+00
297 449 8.249656e-04 6.552935e-03 1 3 5 0 9.377699e-15 0.000000e+00
297 450 8.249656e-04 8.249656e-03 1 3 5 0 7.071480e-15 0.000000e+00
298 440 1.038570e-03 8.249656e-04 1 3 5 0 1.116225e-13 0.000000e+00
298 441 1.038570e-03 1.038570e-03 1 3 5 0 0.000000e+00 0.000000e+00
298 442 1.038570e-03 1.307482e-03 1 3 5 0 1.328003e-13 0.000000e+00
298 443 1.038570e-03 1.646023e-03 1 3 5 0 1.063272e-13 0.000000e+00
298 444 1.038570e-03 2.072220e-03 1 3 5 0 7.806171e-14 0.000000e+00
298 445 1.038570e-03 2.608770e-03 1 3 5 0 5.524058e-14 0.000000e+00
298 446 1.038570e-03 3.284247e-03 1 3 5 0 3.880486e-14 0.000000e+00
298 447 1.038570e-03 4.134622e-03 1 3 5 0 2.756872e-14 0.000000e+00
298 448 1.038570e-03 5.205181e-03 1 3 5 0 2.000111e-14 0.000000e+00
298 449 1.038570e-03 6.552935e-03 1 3 5 0 1.483765e-14 0.000000e+00
298 450 1.038570e-03 8.249656e-03 1 3 5 0 1.119373e-14 0.000000e+00
299 440 1.307482e-03 8.249656e-04 1 3 5 0 9.264962e-14 0.000000e+00
299 441 1.307482e-03 1.038570e-03 1 3 5 0 1.328003e-13 0.000000e+00
299 442 1.307482e-03 1.307482e-03 1 3 5 0 0.000000e+00 0.000000e+00
299 443 1.307482e-03 1.646023e-03 1 3 5 0 1.539797e-13 0.000000e+00
299 444 1.307482e-03 2.072220e-03 1 3 5 0 1.195486e-13 0.000000e+00
299 445 1.307482e-03 2.608770e-03 1 3 5 0 8.627977e-14 0.000000e+00
299 446 1.307482e-03 3.284247e-03 1 3 5 0 6.103970e-14 0.000000e+00
299 447 1.307482e-03 4.134622e-03 1 3 5 0 4.348192e-14 0.000000e+00
299 448 1.307482e-03 5.205181e-03 1 3 5 0 3.158675e-14 0.000000e+00
299 449 1.307482e-03 6.552935e-03 1 3 5 0 2.345322e-14 0.000000e+00
299 450 1.307482e-03 8.249656e-03 1 3 5 0 1.770623e-14 0.000000e+00
300 440 1.646023e-03 8.249656e-04 1 3 5 0 6.991394e-14 0.000000e+00
300 441 1.646023e-03 1.038570e-03 1 3 5 0 1.063272e-13 0.000000e+00
300 442 1.646023e-03 1.307482e-03 1 3 5 0 1.539797e-13 0.000000e+00
300 443 1.646023e-03 1.646023e-03 1 3 5 0 0.000000e+00 0.000000e+00
300 444 1.646023e-03 2.072220e-03 1 3 5 0 1.750925e-13 0.000000e+00
300 445 1.646023e-03 2.608770e-03 1 3 5 0 1.329018e-13 0.000000e+00
300 446 1.646023e-03 3.284247e-03 1 3 5 0 9.548148e-14 0.000000e+00
300 447 1.646023e-03 4.134622e-03 1 3 5 0 6.836876e-14 0.000000e+00
300 448 1.646023e-03 5.205181e-03 1 3 5 0 4.977609e-14 0.000000e+00
300 449 1.646023e-03 6.552935e-03 1 3 5 0 3.701237e-14 0.000000e+00
300 450 1.646023e-03 8.249656e-03 1 3 5 0 2.797522e-14 0.000000e+00
301 440 2.072220e-03 8.249656e-04 1 3 5 0 5.013230e-14 0.000000e+00
301 441 2.072220e-03 1.038570e-03 1 3 5 0 7.806171e-14 0.000000e+00
301 442 2.072220e-03 1.307482e-03 1 3 5 0 1.195486e-13 0.000000e+00
301 443 2.072220e-03 1.646023e-03 1 3 5 0 1.750925e-13 0.000000e+00
301 444 2.072220e-03 2.072220e-03 1 3 5 0 0.000000e+00 0.000000e+00
301 445 2.072220e-03 2.608770e-03 1 3 5 0 1.967760e-13 0.000000e+00
301 446 2.072220e-03 3.284247e-03 1 3 5 0 1.476030e-13 0.000000e+00
301 447 2.072220e-03 4.134622e-03 1 3 5 0 1.069158e-13 0.000000e+00
301 448 2.072220e-03 5.205181e-03 1 3 5 0 7.816332e-14 0.000000e+00
301 449 2.072220e-03 6.552935e-03 1 3 5 0 5.826068e-14 0.000000e+00
301 450 2.072220e-03 8.249656e-03 1 3 5 0 4.411803e-14 0.000000e+00
302 440 2.608770e-03 8.249656e-04 1 3 5 0 3.514250e-14 0.000000e+00
302 441 2.608770e-03 1.038570e-03 1 3 5 0 5.524058e-14 0.000000e+00
302 442 2.608770e-03 1.307482e-03 1 3 5 0 8.627977e-14 0.000000e+00
302 443 2.608770e-03 1.646023e-03 1 3 5 0 1.329018e-13 0.000000e+00
302 444 2.608770e-03 2.072220e-03 1 3 5 0 1.967760e-13 0.000000e+00
302 445 2.608770e-03 2.608770e-03 1 3 5 0 0.000000e+00 0.000000e+00
302 446 2.608770e-03 3.284247e-03 1 3 5 0 2.204544e-13 0.000000e+00
302 447 2.608770e-03 4.134622e-03 1 3 5 0 1.653991e-13 0.000000e+00
302 448 2.608770e-03 5.205181e-03 1 3 5 0 1.220080e-13 0.000000e+00
302 449 2.608770e-03 6.552935e-03 1 3 5 0 9.132403e-14 0.000000e+00
302 450 2.608770e-03 8.249656e-03 1 3 5 0 6.936789e-14 0.000000e+00
303 440 3.284247e-03 8.249656e-04 1 3 5 0 2.459511e-14 0.000000e+00
303 441 3.284247e-03 1.038570e-03 1 3 5 0 3.880486e-14 0.000000e+00
303 442 3.284247e-03 1.307482e-03 1 3 5 0 6.103970e-14 0.000000e+00
303 443 3.284247e-03 1.646023e-03 1 3 5 0 9.548148e-14 0.000000e+00
303 444 3.284247e-03 2.072220e-03 1 3 5 0 1.476030e-13 0.000000e+00
303 445 3.284247e-03 2.608770e-03 1 3 5 0 2.204544e-13 0.000000e+00
303 446 3.284247e-03 3.284247e-03 1 3 5 0 0.000000e+00 0.000000e+00
303 447 3.284247e-03 4.134622e-03 1 3 5 0 2.482748e-13 0.000000e+00
303 448 3.284247e-03 5.205181e-03 1 3 5 0 1.883615e-13 0.000000e+00
303 449 3.284247e-03 6.552935e-03 1 3 5 0 1.421559e-13 0.000000e+00
303 450 3.284247e-03 8.249656e-03 1 3 5 0 1.085372e-13 0.000000e+00
304 440 4.134622e-03 8.249656e-04 1 3 5 0 1.744706e-14 0.000000e+00
304 441 4.134622e-03 1.038570e-03 1 3 5 0 2.756872e-14 0.000000e+00
304 442 4.134622e-03 1.307482e-03 1 3 5 0 4.348192e-14 0.000000e+00
304 443 4.134622e-03 1.646023e-03 1 3 5 0 6.836876e-14 0.000000e+00
304 444 4.134622e-03 2.072220e-03 1 3 5 0 1.069158e-13 0.000000e+00
304 445 4.134622e-03 2.608770e-03 1 3 5 0 1.653991e-13 0.000000e+00
304 446 4.134622e-03 3.284247e-03 1 3 5 0 2.482748e-13 0.000000e+00
304 447 4.134622e-03 4.134622e-03 1 3 5 0 0.000000e+00 0.000000e+00
304 448 4.134622e-03 5.205181e-03 1 3 5 0 2.828993e-13 0.000000e+00
304 449 4.134622e-03 6.552935e-03 1 3 5 0 2.185859e-13 0.000000e+00
304 450 4.134622e-03 8.249656e-03 1 3 5 0 1.684476e-13 0.000000e+00
305 440 5.205181e-03 8.249656e-04 1 3 5 0 1.264808e-14 0.000000e+00
305 441 5.205181e-03 1.038570e-03 1 3 5 0 2.000111e-14 0.000000e+00
305 442 5.205181e-03 1.307482e-03 1 3 5 0 3.158675e-14 0.000000e+00
305 443 5.205181e-03 1.646023e-03 1 3 5 0 4.977609e-14 0.000000e+00
305 444 5.205181e-03 2.072220e-03 1 3 5 0 7.816332e-14 0.000000e+00
305 445 5.205181e-03 2.608770e-03 1 3 5 0 1.220080e-13 0.000000e+00
305 446 5.205181e-03 3.284247e-03 1 3 5 0 1.883615e-13 0.000000e+00
305 447 5.205181e-03 4.134622e-03 1 3 5 0 2.828993e-13 0.000000e+00
305 448 5.205181e-03 5.205181e-03 1 3 5 0 0.000000e+00 0.000000e+00
305 449 5.205181e-03 6.552935e-03 1 3 5 0 3.271288e-13 0.000000e+00
305 450 5.205181e-03 8.249656e-03 1 3 5 0 2.577659e-13 0.000000e+00
306 440 6.552935e-03 8.249656e-04 1 3 5 0 9.377699e-15 0.000000e+00
306 441 6.552935e-03 1.038570e-03 1 3 5 0 1.483765e-14 0.000000e+00
306 442 6.552935e-03 1.307482e-03 1 3 5 0 2.345322e-14 0.000000e+00
306 443 6.552935e-03 1.646023e-03 1 3 5 0 3.701237e-14 0.000000e+00
306 444 6.552935e-03 2.072220e-03 1 3 5 0 5.826068e-14 0.000000e+00
306 445 6.552935e-03 2.608770e-03 1 3 5 0 9.132403e-14 0.000000e+00
306 446 6.552935e-03 3.284247e-03 1 3 5 0 1.421559e-13 0.000000e+00
306 447 6.552935e-03 4.134622e-03 1 3 5 0 2.185859e-13 0.000000e+00
306 448 6.552935e-03 5.205181e-03 1 3 5 0 3.271288e-13 0.000000e+00
306 449 6.552935e-03 6.552935e-03 1 3 5 0 0.000000e+00 0.000000e+00
306 450 6.552935e-03 8.249656e-03 1 3 5 0 3.833308e-13 0.000000e+00
307 440 8.249656e-03 8.249656e-04 1 3 5 0 7.071480e-15 0.000000e+00
307 441 8.249656e-03 1.038570e-03 1 3 5 0 1.119373e-14 0.000000e+00
307 442 8.249656e-03 1.307482e-03 1 3 5 0 1.770623e-14 0.000000e+00
307 443 8.249656e-03 1.646023e-03 1 3 5 0 2.797522e-14 0.000000e+00
307 444 8.249656e-03 2.072220e-03 1 3 5 0 4.411803e-14 0.000000e+00
307 445 8.249656e-03 2.608770e-03 1 3 5 0 6.936789e-14 0.000000e+00
307 446 8.249656e-03 3.284247e-03 1 3 5 0 1.085372e-13 0.000000e+00
307 447 8.249656e-03 4.134622e-03 1 3 5 0 1.684476e-13 0.000000e+00
307 448 8.249656e-03 5.205181e-03 1 3 5 0 2.577659e-13 0.000000e+00
307 449 8.249656e-03 6.552935e-03 1 3 5 0 3.833308e-13 0.000000e+00
307 450 8.249656e-03 8.249656e-03 1 3 5 0 0.000000e+00 0.000000e+00
