# Please cite the following papers in research using this covariance:
# arXiv: 1601.05779, https://arxiv.org/abs/1601.05779
# arXiv: 1911.11947, https://arxiv.org/abs/1911.11947
# arXiv: 2004.04833, https://arxiv.org/abs/2004.04833
# arXiv: 1804.10663, https://arxiv.org/abs/1804.10663
########################################################
341 385 8.249656e-04 8.249656e-04 2 3 3 3 0.000000e+00 0.000000e+00
341 386 8.249656e-04 1.038570e-03 2 3 3 3 2.587055e-11 0.000000e+00
341 387 8.249656e-04 1.307482e-03 2 3 3 3 1.137372e-11 0.000000e+00
341 388 8.249656e-04 1.646023e-03 2 3 3 3 5.306017e-12 0.000000e+00
341 389 8.249656e-04 2.072220e-03 2 3 3 3 2.685534e-12 0.000000e+00
341 390 8.249656e-04 2.608770e-03 2 3 3 3 1.469996e-12 0.000000e+00
341 391 8.249656e-04 3.284247e-03 2 3 3 3 8.616857e-13 0.000000e+00
341 392 8.249656e-04 4.134622e-03 2 3 3 3 5.328338e-13 0.000000e+00
341 393 8.249656e-04 5.205181e-03 2 3 3 3 3.424135e-13 0.000000e+00
341 394 8.249656e-04 6.552935e-03 2 3 3 3 2.258888e-13 0.000000e+00
341 395 8.249656e-04 8.249656e-03 2 3 3 3 1.513756e-13 0.000000e+00
342 385 1.038570e-03 8.249656e-04 2 3 3 3 2.587055e-11 0.000000e+00
342 386 1.038570e-03 1.038570e-03 2 3 3 3 0.000000e+00 0.000000e+00
342 387 1.038570e-03 1.307482e-03 2 3 3 3 2.152998e-11 0.000000e+00
342 388 1.038570e-03 1.646023e-03 2 3 3 3 9.238318e-12 0.000000e+00
342 389 1.038570e-03 2.072220e-03 2 3 3 3 4.442465e-12 0.000000e+00
342 390 1.038570e-03 2.608770e-03 2 3 3 3 2.370906e-12 0.000000e+00
342 391 1.038570e-03 3.284247e-03 2 3 3 3 1.373914e-12 0.000000e+00
342 392 1.038570e-03 4.134622e-03 2 3 3 3 8.456543e-13 0.000000e+00
342 393 1.038570e-03 5.205181e-03 2 3 3 3 5.426441e-13 0.000000e+00
342 394 1.038570e-03 6.552935e-03 2 3 3 3 3.577971e-13 0.000000e+00
342 395 1.038570e-03 8.249656e-03 2 3 3 3 2.398365e-13 0.000000e+00
343 385 1.307482e-03 8.249656e-04 2 3 3 3 1.137372e-11 0.000000e+00
343 386 1.307482e-03 1.038570e-03 2 3 3 3 2.152998e-11 0.000000e+00
343 387 1.307482e-03 1.307482e-03 2 3 3 3 0.000000e+00 0.000000e+00
343 388 1.307482e-03 1.646023e-03 2 3 3 3 1.783242e-11 0.000000e+00
343 389 1.307482e-03 2.072220e-03 2 3 3 3 7.667903e-12 0.000000e+00
343 390 1.307482e-03 2.608770e-03 2 3 3 3 3.882954e-12 0.000000e+00
343 391 1.307482e-03 3.284247e-03 2 3 3 3 2.201399e-12 0.000000e+00
343 392 1.307482e-03 4.134622e-03 2 3 3 3 1.343931e-12 0.000000e+00
343 393 1.307482e-03 5.205181e-03 2 3 3 3 8.600520e-13 0.000000e+00
343 394 1.307482e-03 6.552935e-03 2 3 3 3 5.666706e-13 0.000000e+00
343 395 1.307482e-03 8.249656e-03 2 3 3 3 3.798029e-13 0.000000e+00
344 385 1.646023e-03 8.249656e-04 2 3 3 3 5.306017e-12 0.000000e+00
344 386 1.646023e-03 1.038570e-03 2 3 3 3 9.238318e-12 0.000000e+00
344 387 1.646023e-03 1.307482e-03 2 3 3 3 1.783242e-11 0.000000e+00
344 388 1.646023e-03 1.646023e-03 2 3 3 3 0.000000e+00 0.000000e+00
344 389 1.646023e-03 2.072220e-03 2 3 3 3 1.486210e-11 0.000000e+00
344 390 1.646023e-03 2.608770e-03 2 3 3 3 6.597086e-12 0.000000e+00
344 391 1.646023e-03 3.284247e-03 2 3 3 3 3.565184e-12 0.000000e+00
344 392 1.646023e-03 4.134622e-03 2 3 3 3 2.141232e-12 0.000000e+00
344 393 1.646023e-03 5.205181e-03 2 3 3 3 1.363257e-12 0.000000e+00
344 394 1.646023e-03 6.552935e-03 2 3 3 3 8.971210e-13 0.000000e+00
344 395 1.646023e-03 8.249656e-03 2 3 3 3 6.012820e-13 0.000000e+00
345 385 2.072220e-03 8.249656e-04 2 3 3 3 2.685534e-12 0.000000e+00
345 386 2.072220e-03 1.038570e-03 2 3 3 3 4.442465e-12 0.000000e+00
345 387 2.072220e-03 1.307482e-03 2 3 3 3 7.667903e-12 0.000000e+00
345 388 2.072220e-03 1.646023e-03 2 3 3 3 1.486210e-11 0.000000e+00
345 389 2.072220e-03 2.072220e-03 2 3 3 3 0.000000e+00 0.000000e+00
345 390 2.072220e-03 2.608770e-03 2 3 3 3 1.261627e-11 0.000000e+00
345 391 2.072220e-03 3.284247e-03 2 3 3 3 5.938893e-12 0.000000e+00
345 392 2.072220e-03 4.134622e-03 2 3 3 3 3.432501e-12 0.000000e+00
345 393 2.072220e-03 5.205181e-03 2 3 3 3 2.162395e-12 0.000000e+00
345 394 2.072220e-03 6.552935e-03 2 3 3 3 1.419497e-12 0.000000e+00
345 395 2.072220e-03 8.249656e-03 2 3 3 3 9.511856e-13 0.000000e+00
346 385 2.608770e-03 8.249656e-04 2 3 3 3 1.469996e-12 0.000000e+00
346 386 2.608770e-03 1.038570e-03 2 3 3 3 2.370906e-12 0.000000e+00
346 387 2.608770e-03 1.307482e-03 2 3 3 3 3.882954e-12 0.000000e+00
346 388 2.608770e-03 1.646023e-03 2 3 3 3 6.597086e-12 0.000000e+00
346 389 2.608770e-03 2.072220e-03 2 3 3 3 1.261627e-11 0.000000e+00
346 390 2.608770e-03 2.608770e-03 2 3 3 3 0.000000e+00 0.000000e+00
346 391 2.608770e-03 3.284247e-03 2 3 3 3 1.103275e-11 0.000000e+00
346 392 2.608770e-03 4.134622e-03 2 3 3 3 5.605935e-12 0.000000e+00
346 393 2.608770e-03 5.205181e-03 2 3 3 3 3.438341e-12 0.000000e+00
346 394 2.608770e-03 6.552935e-03 2 3 3 3 2.244477e-12 0.000000e+00
346 395 2.608770e-03 8.249656e-03 2 3 3 3 1.503164e-12 0.000000e+00
347 385 3.284247e-03 8.249656e-04 2 3 3 3 8.616857e-13 0.000000e+00
347 386 3.284247e-03 1.038570e-03 2 3 3 3 1.373914e-12 0.000000e+00
347 387 3.284247e-03 1.307482e-03 2 3 3 3 2.201399e-12 0.000000e+00
347 388 3.284247e-03 1.646023e-03 2 3 3 3 3.565184e-12 0.000000e+00
347 389 3.284247e-03 2.072220e-03 2 3 3 3 5.938893e-12 0.000000e+00
347 390 3.284247e-03 2.608770e-03 2 3 3 3 1.103275e-11 0.000000e+00
347 391 3.284247e-03 3.284247e-03 2 3 3 3 0.000000e+00 0.000000e+00
347 392 3.284247e-03 4.134622e-03 2 3 3 3 1.001913e-11 0.000000e+00
347 393 3.284247e-03 5.205181e-03 2 3 3 3 5.521899e-12 0.000000e+00
347 394 3.284247e-03 6.552935e-03 2 3 3 3 3.547689e-12 0.000000e+00
347 395 3.284247e-03 8.249656e-03 2 3 3 3 2.371611e-12 0.000000e+00
348 385 4.134622e-03 8.249656e-04 2 3 3 3 5.328338e-13 0.000000e+00
348 386 4.134622e-03 1.038570e-03 2 3 3 3 8.456543e-13 0.000000e+00
348 387 4.134622e-03 1.307482e-03 2 3 3 3 1.343931e-12 0.000000e+00
348 388 4.134622e-03 1.646023e-03 2 3 3 3 2.141232e-12 0.000000e+00
348 389 4.134622e-03 2.072220e-03 2 3 3 3 3.432501e-12 0.000000e+00
348 390 4.134622e-03 2.608770e-03 2 3 3 3 5.605935e-12 0.000000e+00
348 391 4.134622e-03 3.284247e-03 2 3 3 3 1.001913e-11 0.000000e+00
348 392 4.134622e-03 4.134622e-03 2 3 3 3 0.000000e+00 0.000000e+00
348 393 4.134622e-03 5.205181e-03 2 3 3 3 9.475371e-12 0.000000e+00
348 394 4.134622e-03 6.552935e-03 2 3 3 3 5.625196e-12 0.000000e+00
348 395 4.134622e-03 8.249656e-03 2 3 3 3 3.733249e-12 0.000000e+00
349 385 5.205181e-03 8.249656e-04 2 3 3 3 3.424135e-13 0.000000e+00
349 386 5.205181e-03 1.038570e-03 2 3 3 3 5.426441e-13 0.000000e+00
349 387 5.205181e-03 1.307482e-03 2 3 3 3 8.600520e-13 0.000000e+00
349 388 5.205181e-03 1.646023e-03 2 3 3 3 1.363257e-12 0.000000e+00
349 389 5.205181e-03 2.072220e-03 2 3 3 3 2.162395e-12 0.000000e+00
349 390 5.205181e-03 2.608770e-03 2 3 3 3 3.438341e-12 0.000000e+00
349 391 5.205181e-03 3.284247e-03 2 3 3 3 5.521899e-12 0.000000e+00
349 392 5.205181e-03 4.134622e-03 2 3 3 3 9.475371e-12 0.000000e+00
349 393 5.205181e-03 5.205181e-03 2 3 3 3 0.000000e+00 0.000000e+00
349 394 5.205181e-03 6.552935e-03 2 3 3 3 9.306344e-12 0.000000e+00
349 395 5.205181e-03 8.249656e-03 2 3 3 3 5.866111e-12 0.000000e+00
350 385 6.552935e-03 8.249656e-04 2 3 3 3 2.258888e-13 0.000000e+00
350 386 6.552935e-03 1.038570e-03 2 3 3 3 3.577971e-13 0.000000e+00
350 387 6.552935e-03 1.307482e-03 2 3 3 3 5.666706e-13 0.000000e+00
350 388 6.552935e-03 1.646023e-03 2 3 3 3 8.971210e-13 0.000000e+00
350 389 6.552935e-03 2.072220e-03 2 3 3 3 1.419497e-12 0.000000e+00
350 390 6.552935e-03 2.608770e-03 2 3 3 3 2.244477e-12 0.000000e+00
350 391 6.552935e-03 3.284247e-03 2 3 3 3 3.547689e-12 0.000000e+00
350 392 6.552935e-03 4.134622e-03 2 3 3 3 5.625196e-12 0.000000e+00
350 393 6.552935e-03 5.205181e-03 2 3 3 3 9.306344e-12 0.000000e+00
350 394 6.552935e-03 6.552935e-03 2 3 3 3 0.000000e+00 0.000000e+00
350 395 6.552935e-03 8.249656e-03 2 3 3 3 9.424764e-12 0.000000e+00
351 385 8.249656e-03 8.249656e-04 2 3 3 3 1.513756e-13 0.000000e+00
351 386 8.249656e-03 1.038570e-03 2 3 3 3 2.398365e-13 0.000000e+00
351 387 8.249656e-03 1.307482e-03 2 3 3 3 3.798029e-13 0.000000e+00
351 388 8.249656e-03 1.646023e-03 2 3 3 3 6.012820e-13 0.000000e+00
351 389 8.249656e-03 2.072220e-03 2 3 3 3 9.511856e-13 0.000000e+00
351 390 8.249656e-03 2.608770e-03 2 3 3 3 1.503164e-12 0.000000e+00
351 391 8.249656e-03 3.284247e-03 2 3 3 3 2.371611e-12 0.000000e+00
351 392 8.249656e-03 4.134622e-03 2 3 3 3 3.733249e-12 0.000000e+00
351 393 8.249656e-03 5.205181e-03 2 3 3 3 5.866111e-12 0.000000e+00
351 394 8.249656e-03 6.552935e-03 2 3 3 3 9.424764e-12 0.000000e+00
351 395 8.249656e-03 8.249656e-03 2 3 3 3 0.000000e+00 0.000000e+00
