# Please cite the following papers in research using this covariance:
# arXiv: 1601.05779, https://arxiv.org/abs/1601.05779
# arXiv: 1911.11947, https://arxiv.org/abs/1911.11947
# arXiv: 2004.04833, https://arxiv.org/abs/2004.04833
# arXiv: 1804.10663, https://arxiv.org/abs/1804.10663
########################################################
242 319 8.249656e-04 8.249656e-04 0 2 2 1 0.000000e+00 0.000000e+00
242 320 8.249656e-04 1.038570e-03 0 2 2 1 4.535662e-13 0.000000e+00
242 321 8.249656e-04 1.307482e-03 0 2 2 1 3.858921e-13 0.000000e+00
242 322 8.249656e-04 1.646023e-03 0 2 2 1 2.942283e-13 0.000000e+00
242 323 8.249656e-04 2.072220e-03 0 2 2 1 2.092198e-13 0.000000e+00
242 324 8.249656e-04 2.608770e-03 0 2 2 1 1.428146e-13 0.000000e+00
242 325 8.249656e-04 3.284247e-03 0 2 2 1 9.601958e-14 0.000000e+00
242 326 8.249656e-04 4.134622e-03 0 2 2 1 6.506090e-14 0.000000e+00
242 327 8.249656e-04 5.205181e-03 0 2 2 1 4.517842e-14 0.000000e+00
242 328 8.249656e-04 6.552935e-03 0 2 2 1 3.239108e-14 0.000000e+00
242 329 8.249656e-04 8.249656e-03 0 2 2 1 2.393156e-14 0.000000e+00
243 319 1.038570e-03 8.249656e-04 0 2 2 1 4.535662e-13 0.000000e+00
243 320 1.038570e-03 1.038570e-03 0 2 2 1 0.000000e+00 0.000000e+00
243 321 1.038570e-03 1.307482e-03 0 2 2 1 5.479191e-13 0.000000e+00
243 322 1.038570e-03 1.646023e-03 0 2 2 1 4.452268e-13 0.000000e+00
243 323 1.038570e-03 2.072220e-03 0 2 2 1 3.254529e-13 0.000000e+00
243 324 1.038570e-03 2.608770e-03 0 2 2 1 2.247387e-13 0.000000e+00
243 325 1.038570e-03 3.284247e-03 0 2 2 1 1.517442e-13 0.000000e+00
243 326 1.038570e-03 4.134622e-03 0 2 2 1 1.029450e-13 0.000000e+00
243 327 1.038570e-03 5.205181e-03 0 2 2 1 7.150485e-14 0.000000e+00
243 328 1.038570e-03 6.552935e-03 0 2 2 1 5.127348e-14 0.000000e+00
243 329 1.038570e-03 8.249656e-03 0 2 2 1 3.789070e-14 0.000000e+00
244 319 1.307482e-03 8.249656e-04 0 2 2 1 3.858921e-13 0.000000e+00
244 320 1.307482e-03 1.038570e-03 0 2 2 1 5.479191e-13 0.000000e+00
244 321 1.307482e-03 1.307482e-03 0 2 2 1 0.000000e+00 0.000000e+00
244 322 1.307482e-03 1.646023e-03 0 2 2 1 6.388221e-13 0.000000e+00
244 323 1.307482e-03 2.072220e-03 0 2 2 1 4.970432e-13 0.000000e+00
244 324 1.307482e-03 2.608770e-03 0 2 2 1 3.514706e-13 0.000000e+00
244 325 1.307482e-03 3.284247e-03 0 2 2 1 2.392917e-13 0.000000e+00
244 326 1.307482e-03 4.134622e-03 0 2 2 1 1.627182e-13 0.000000e+00
244 327 1.307482e-03 5.205181e-03 0 2 2 1 1.130805e-13 0.000000e+00
244 328 1.307482e-03 6.552935e-03 0 2 2 1 8.110524e-14 0.000000e+00
244 329 1.307482e-03 8.249656e-03 0 2 2 1 5.995682e-14 0.000000e+00
245 319 1.646023e-03 8.249656e-04 0 2 2 1 2.942283e-13 0.000000e+00
245 320 1.646023e-03 1.038570e-03 0 2 2 1 4.452268e-13 0.000000e+00
245 321 1.646023e-03 1.307482e-03 0 2 2 1 6.388221e-13 0.000000e+00
245 322 1.646023e-03 1.646023e-03 0 2 2 1 0.000000e+00 0.000000e+00
245 323 1.646023e-03 2.072220e-03 0 2 2 1 7.227260e-13 0.000000e+00
245 324 1.646023e-03 2.608770e-03 0 2 2 1 5.417445e-13 0.000000e+00
245 325 1.646023e-03 3.284247e-03 0 2 2 1 3.756791e-13 0.000000e+00
245 326 1.646023e-03 4.134622e-03 0 2 2 1 2.567276e-13 0.000000e+00
245 327 1.646023e-03 5.205181e-03 0 2 2 1 1.785967e-13 0.000000e+00
245 328 1.646023e-03 6.552935e-03 0 2 2 1 1.281473e-13 0.000000e+00
245 329 1.646023e-03 8.249656e-03 0 2 2 1 9.478378e-14 0.000000e+00
246 319 2.072220e-03 8.249656e-04 0 2 2 1 2.092198e-13 0.000000e+00
246 320 2.072220e-03 1.038570e-03 0 2 2 1 3.254529e-13 0.000000e+00
246 321 2.072220e-03 1.307482e-03 0 2 2 1 4.970432e-13 0.000000e+00
246 322 2.072220e-03 1.646023e-03 0 2 2 1 7.227260e-13 0.000000e+00
246 323 2.072220e-03 2.072220e-03 0 2 2 1 0.000000e+00 0.000000e+00
246 324 2.072220e-03 2.608770e-03 0 2 2 1 7.995416e-13 0.000000e+00
246 325 2.072220e-03 3.284247e-03 0 2 2 1 5.834099e-13 0.000000e+00
246 326 2.072220e-03 4.134622e-03 0 2 2 1 4.036291e-13 0.000000e+00
246 327 2.072220e-03 5.205181e-03 0 2 2 1 2.814714e-13 0.000000e+00
246 328 2.072220e-03 6.552935e-03 0 2 2 1 2.021077e-13 0.000000e+00
246 329 2.072220e-03 8.249656e-03 0 2 2 1 1.496161e-13 0.000000e+00
247 319 2.608770e-03 8.249656e-04 0 2 2 1 1.428146e-13 0.000000e+00
247 320 2.608770e-03 1.038570e-03 0 2 2 1 2.247387e-13 0.000000e+00
247 321 2.608770e-03 1.307482e-03 0 2 2 1 3.514706e-13 0.000000e+00
247 322 2.608770e-03 1.646023e-03 0 2 2 1 5.417445e-13 0.000000e+00
247 323 2.608770e-03 2.072220e-03 0 2 2 1 7.995416e-13 0.000000e+00
247 324 2.608770e-03 2.608770e-03 0 2 2 1 0.000000e+00 0.000000e+00
247 325 2.608770e-03 3.284247e-03 0 2 2 1 8.734331e-13 0.000000e+00
247 326 2.608770e-03 4.134622e-03 0 2 2 1 6.293600e-13 0.000000e+00
247 327 2.608770e-03 5.205181e-03 0 2 2 1 4.419862e-13 0.000000e+00
247 328 2.608770e-03 6.552935e-03 0 2 2 1 3.178327e-13 0.000000e+00
247 329 2.608770e-03 8.249656e-03 0 2 2 1 2.356024e-13 0.000000e+00
248 319 3.284247e-03 8.249656e-04 0 2 2 1 9.601958e-14 0.000000e+00
248 320 3.284247e-03 1.038570e-03 0 2 2 1 1.517442e-13 0.000000e+00
248 321 3.284247e-03 1.307482e-03 0 2 2 1 2.392917e-13 0.000000e+00
248 322 3.284247e-03 1.646023e-03 0 2 2 1 3.756791e-13 0.000000e+00
248 323 3.284247e-03 2.072220e-03 0 2 2 1 5.834099e-13 0.000000e+00
248 324 3.284247e-03 2.608770e-03 0 2 2 1 8.734331e-13 0.000000e+00
248 325 3.284247e-03 3.284247e-03 0 2 2 1 0.000000e+00 0.000000e+00
248 326 3.284247e-03 4.134622e-03 0 2 2 1 9.526355e-13 0.000000e+00
248 327 3.284247e-03 5.205181e-03 0 2 2 1 6.889899e-13 0.000000e+00
248 328 3.284247e-03 6.552935e-03 0 2 2 1 4.974812e-13 0.000000e+00
248 329 3.284247e-03 8.249656e-03 0 2 2 1 3.695799e-13 0.000000e+00
249 319 4.134622e-03 8.249656e-04 0 2 2 1 6.506090e-14 0.000000e+00
249 320 4.134622e-03 1.038570e-03 0 2 2 1 1.029450e-13 0.000000e+00
249 321 4.134622e-03 1.307482e-03 0 2 2 1 1.627182e-13 0.000000e+00
249 322 4.134622e-03 1.646023e-03 0 2 2 1 2.567276e-13 0.000000e+00
249 323 4.134622e-03 2.072220e-03 0 2 2 1 4.036291e-13 0.000000e+00
249 324 4.134622e-03 2.608770e-03 0 2 2 1 6.293600e-13 0.000000e+00
249 325 4.134622e-03 3.284247e-03 0 2 2 1 9.526355e-13 0.000000e+00
249 326 4.134622e-03 4.134622e-03 0 2 2 1 0.000000e+00 0.000000e+00
249 327 4.134622e-03 5.205181e-03 0 2 2 1 1.048498e-12 0.000000e+00
249 328 4.134622e-03 6.552935e-03 0 2 2 1 7.723753e-13 0.000000e+00
249 329 4.134622e-03 8.249656e-03 0 2 2 1 5.761471e-13 0.000000e+00
250 319 5.205181e-03 8.249656e-04 0 2 2 1 4.517842e-14 0.000000e+00
250 320 5.205181e-03 1.038570e-03 0 2 2 1 7.150485e-14 0.000000e+00
250 321 5.205181e-03 1.307482e-03 0 2 2 1 1.130805e-13 0.000000e+00
250 322 5.205181e-03 1.646023e-03 0 2 2 1 1.785967e-13 0.000000e+00
250 323 5.205181e-03 2.072220e-03 0 2 2 1 2.814714e-13 0.000000e+00
250 324 5.205181e-03 2.608770e-03 0 2 2 1 4.419862e-13 0.000000e+00
250 325 5.205181e-03 3.284247e-03 0 2 2 1 6.889899e-13 0.000000e+00
250 326 5.205181e-03 4.134622e-03 0 2 2 1 1.048498e-12 0.000000e+00
250 327 5.205181e-03 5.205181e-03 0 2 2 1 0.000000e+00 0.000000e+00
250 328 5.205181e-03 6.552935e-03 0 2 2 1 1.174126e-12 0.000000e+00
250 329 5.205181e-03 8.249656e-03 0 2 2 1 8.889766e-13 0.000000e+00
251 319 6.552935e-03 8.249656e-04 0 2 2 1 3.239108e-14 0.000000e+00
251 320 6.552935e-03 1.038570e-03 0 2 2 1 5.127348e-14 0.000000e+00
251 321 6.552935e-03 1.307482e-03 0 2 2 1 8.110524e-14 0.000000e+00
251 322 6.552935e-03 1.646023e-03 0 2 2 1 1.281473e-13 0.000000e+00
251 323 6.552935e-03 2.072220e-03 0 2 2 1 2.021077e-13 0.000000e+00
251 324 6.552935e-03 2.608770e-03 0 2 2 1 3.178327e-13 0.000000e+00
251 325 6.552935e-03 3.284247e-03 0 2 2 1 4.974812e-13 0.000000e+00
251 326 6.552935e-03 4.134622e-03 0 2 2 1 7.723753e-13 0.000000e+00
251 327 6.552935e-03 5.205181e-03 0 2 2 1 1.174126e-12 0.000000e+00
251 328 6.552935e-03 6.552935e-03 0 2 2 1 0.000000e+00 0.000000e+00
251 329 6.552935e-03 8.249656e-03 0 2 2 1 1.342685e-12 0.000000e+00
252 319 8.249656e-03 8.249656e-04 0 2 2 1 2.393156e-14 0.000000e+00
252 320 8.249656e-03 1.038570e-03 0 2 2 1 3.789070e-14 0.000000e+00
252 321 8.249656e-03 1.307482e-03 0 2 2 1 5.995682e-14 0.000000e+00
252 322 8.249656e-03 1.646023e-03 0 2 2 1 9.478378e-14 0.000000e+00
252 323 8.249656e-03 2.072220e-03 0 2 2 1 1.496161e-13 0.000000e+00
252 324 8.249656e-03 2.608770e-03 0 2 2 1 2.356024e-13 0.000000e+00
252 325 8.249656e-03 3.284247e-03 0 2 2 1 3.695799e-13 0.000000e+00
252 326 8.249656e-03 4.134622e-03 0 2 2 1 5.761471e-13 0.000000e+00
252 327 8.249656e-03 5.205181e-03 0 2 2 1 8.889766e-13 0.000000e+00
252 328 8.249656e-03 6.552935e-03 0 2 2 1 1.342685e-12 0.000000e+00
252 329 8.249656e-03 8.249656e-03 0 2 2 1 0.000000e+00 0.000000e+00
