# Please cite the following papers in research using this covariance:
# arXiv: 1601.05779, https://arxiv.org/abs/1601.05779
# arXiv: 1911.11947, https://arxiv.org/abs/1911.11947
# arXiv: 2004.04833, https://arxiv.org/abs/2004.04833
# arXiv: 1804.10663, https://arxiv.org/abs/1804.10663
########################################################
319 473 8.249656e-04 8.249656e-04 2 1 5 3 0.000000e+00 0.000000e+00
319 474 8.249656e-04 1.038570e-03 2 1 5 3 1.013824e-13 0.000000e+00
319 475 8.249656e-04 1.307482e-03 2 1 5 3 8.415741e-14 0.000000e+00
319 476 8.249656e-04 1.646023e-03 2 1 5 3 6.343025e-14 0.000000e+00
319 477 8.249656e-04 2.072220e-03 2 1 5 3 4.549507e-14 0.000000e+00
319 478 8.249656e-04 2.608770e-03 2 1 5 3 3.200151e-14 0.000000e+00
319 479 8.249656e-04 3.284247e-03 2 1 5 3 2.255553e-14 0.000000e+00
319 480 8.249656e-04 4.134622e-03 2 1 5 3 1.615317e-14 0.000000e+00
319 481 8.249656e-04 5.205181e-03 2 1 5 3 1.181910e-14 0.000000e+00
319 482 8.249656e-04 6.552935e-03 2 1 5 3 8.817971e-15 0.000000e+00
319 483 8.249656e-04 8.249656e-03 2 1 5 3 6.660404e-15 0.000000e+00
320 473 1.038570e-03 8.249656e-04 2 1 5 3 1.013824e-13 0.000000e+00
320 474 1.038570e-03 1.038570e-03 2 1 5 3 0.000000e+00 0.000000e+00
320 475 1.038570e-03 1.307482e-03 2 1 5 3 1.205831e-13 0.000000e+00
320 476 1.038570e-03 1.646023e-03 2 1 5 3 9.651448e-14 0.000000e+00
320 477 1.038570e-03 2.072220e-03 2 1 5 3 7.086460e-14 0.000000e+00
320 478 1.038570e-03 2.608770e-03 2 1 5 3 5.030383e-14 0.000000e+00
320 479 1.038570e-03 3.284247e-03 2 1 5 3 3.557988e-14 0.000000e+00
320 480 1.038570e-03 4.134622e-03 2 1 5 3 2.551771e-14 0.000000e+00
320 481 1.038570e-03 5.205181e-03 2 1 5 3 1.868655e-14 0.000000e+00
320 482 1.038570e-03 6.552935e-03 2 1 5 3 1.395048e-14 0.000000e+00
320 483 1.038570e-03 8.249656e-03 2 1 5 3 1.054266e-14 0.000000e+00
321 473 1.307482e-03 8.249656e-04 2 1 5 3 8.415741e-14 0.000000e+00
321 474 1.307482e-03 1.038570e-03 2 1 5 3 1.205831e-13 0.000000e+00
321 475 1.307482e-03 1.307482e-03 2 1 5 3 0.000000e+00 0.000000e+00
321 476 1.307482e-03 1.646023e-03 2 1 5 3 1.398085e-13 0.000000e+00
321 477 1.307482e-03 2.072220e-03 2 1 5 3 1.085871e-13 0.000000e+00
321 478 1.307482e-03 2.608770e-03 2 1 5 3 7.857508e-14 0.000000e+00
321 479 1.307482e-03 3.284247e-03 2 1 5 3 5.595075e-14 0.000000e+00
321 480 1.307482e-03 4.134622e-03 2 1 5 3 4.023109e-14 0.000000e+00
321 481 1.307482e-03 5.205181e-03 2 1 5 3 2.950156e-14 0.000000e+00
321 482 1.307482e-03 6.552935e-03 2 1 5 3 2.204698e-14 0.000000e+00
321 483 1.307482e-03 8.249656e-03 2 1 5 3 1.667540e-14 0.000000e+00
322 473 1.646023e-03 8.249656e-04 2 1 5 3 6.343025e-14 0.000000e+00
322 474 1.646023e-03 1.038570e-03 2 1 5 3 9.651448e-14 0.000000e+00
322 475 1.646023e-03 1.307482e-03 2 1 5 3 1.398085e-13 0.000000e+00
322 476 1.646023e-03 1.646023e-03 2 1 5 3 0.000000e+00 0.000000e+00
322 477 1.646023e-03 2.072220e-03 2 1 5 3 1.591445e-13 0.000000e+00
322 478 1.646023e-03 2.608770e-03 2 1 5 3 1.210655e-13 0.000000e+00
322 479 1.646023e-03 3.284247e-03 2 1 5 3 8.748789e-14 0.000000e+00
322 480 1.646023e-03 4.134622e-03 2 1 5 3 6.321900e-14 0.000000e+00
322 481 1.646023e-03 5.205181e-03 2 1 5 3 4.646715e-14 0.000000e+00
322 482 1.646023e-03 6.552935e-03 2 1 5 3 3.478325e-14 0.000000e+00
322 483 1.646023e-03 8.249656e-03 2 1 5 3 2.634404e-14 0.000000e+00
323 473 2.072220e-03 8.249656e-04 2 1 5 3 4.549507e-14 0.000000e+00
323 474 2.072220e-03 1.038570e-03 2 1 5 3 7.086460e-14 0.000000e+00
323 475 2.072220e-03 1.307482e-03 2 1 5 3 1.085871e-13 0.000000e+00
323 476 2.072220e-03 1.646023e-03 2 1 5 3 1.591445e-13 0.000000e+00
323 477 2.072220e-03 2.072220e-03 2 1 5 3 0.000000e+00 0.000000e+00
323 478 2.072220e-03 2.608770e-03 2 1 5 3 1.793558e-13 0.000000e+00
323 479 2.072220e-03 3.284247e-03 2 1 5 3 1.351936e-13 0.000000e+00
323 480 2.072220e-03 4.134622e-03 2 1 5 3 9.877404e-14 0.000000e+00
323 481 2.072220e-03 5.205181e-03 2 1 5 3 7.290999e-14 0.000000e+00
323 482 2.072220e-03 6.552935e-03 2 1 5 3 5.472683e-14 0.000000e+00
323 483 2.072220e-03 8.249656e-03 2 1 5 3 4.153894e-14 0.000000e+00
324 473 2.608770e-03 8.249656e-04 2 1 5 3 3.200151e-14 0.000000e+00
324 474 2.608770e-03 1.038570e-03 2 1 5 3 5.030383e-14 0.000000e+00
324 475 2.608770e-03 1.307482e-03 2 1 5 3 7.857508e-14 0.000000e+00
324 476 2.608770e-03 1.646023e-03 2 1 5 3 1.210655e-13 0.000000e+00
324 477 2.608770e-03 2.072220e-03 2 1 5 3 1.793558e-13 0.000000e+00
324 478 2.608770e-03 2.608770e-03 2 1 5 3 0.000000e+00 0.000000e+00
324 479 2.608770e-03 3.284247e-03 2 1 5 3 2.019047e-13 0.000000e+00
324 480 2.608770e-03 4.134622e-03 2 1 5 3 1.526196e-13 0.000000e+00
324 481 2.608770e-03 5.205181e-03 2 1 5 3 1.136674e-13 0.000000e+00
324 482 2.608770e-03 6.552935e-03 2 1 5 3 8.572080e-14 0.000000e+00
324 483 2.608770e-03 8.249656e-03 2 1 5 3 6.529484e-14 0.000000e+00
325 473 3.284247e-03 8.249656e-04 2 1 5 3 2.255553e-14 0.000000e+00
325 474 3.284247e-03 1.038570e-03 2 1 5 3 3.557988e-14 0.000000e+00
325 475 3.284247e-03 1.307482e-03 2 1 5 3 5.595075e-14 0.000000e+00
325 476 3.284247e-03 1.646023e-03 2 1 5 3 8.748789e-14 0.000000e+00
325 477 3.284247e-03 2.072220e-03 2 1 5 3 1.351936e-13 0.000000e+00
325 478 3.284247e-03 2.608770e-03 2 1 5 3 2.019047e-13 0.000000e+00
325 479 3.284247e-03 3.284247e-03 2 1 5 3 0.000000e+00 0.000000e+00
325 480 3.284247e-03 4.134622e-03 2 1 5 3 2.288223e-13 0.000000e+00
325 481 3.284247e-03 5.205181e-03 2 1 5 3 1.751590e-13 0.000000e+00
325 482 3.284247e-03 6.552935e-03 2 1 5 3 1.332697e-13 0.000000e+00
325 483 3.284247e-03 8.249656e-03 2 1 5 3 1.021152e-13 0.000000e+00
326 473 4.134622e-03 8.249656e-04 2 1 5 3 1.615317e-14 0.000000e+00
326 474 4.134622e-03 1.038570e-03 2 1 5 3 2.551771e-14 0.000000e+00
326 475 4.134622e-03 1.307482e-03 2 1 5 3 4.023109e-14 0.000000e+00
326 476 4.134622e-03 1.646023e-03 2 1 5 3 6.321900e-14 0.000000e+00
326 477 4.134622e-03 2.072220e-03 2 1 5 3 9.877404e-14 0.000000e+00
326 478 4.134622e-03 2.608770e-03 2 1 5 3 1.526196e-13 0.000000e+00
326 479 4.134622e-03 3.284247e-03 2 1 5 3 2.288223e-13 0.000000e+00
326 480 4.134622e-03 4.134622e-03 2 1 5 3 0.000000e+00 0.000000e+00
326 481 4.134622e-03 5.205181e-03 2 1 5 3 2.624606e-13 0.000000e+00
326 482 4.134622e-03 6.552935e-03 2 1 5 3 2.045065e-13 0.000000e+00
326 483 4.134622e-03 8.249656e-03 2 1 5 3 1.583423e-13 0.000000e+00
327 473 5.205181e-03 8.249656e-04 2 1 5 3 1.181910e-14 0.000000e+00
327 474 5.205181e-03 1.038570e-03 2 1 5 3 1.868655e-14 0.000000e+00
327 475 5.205181e-03 1.307482e-03 2 1 5 3 2.950156e-14 0.000000e+00
327 476 5.205181e-03 1.646023e-03 2 1 5 3 4.646715e-14 0.000000e+00
327 477 5.205181e-03 2.072220e-03 2 1 5 3 7.290999e-14 0.000000e+00
327 478 5.205181e-03 2.608770e-03 2 1 5 3 1.136674e-13 0.000000e+00
327 479 5.205181e-03 3.284247e-03 2 1 5 3 1.751590e-13 0.000000e+00
327 480 5.205181e-03 4.134622e-03 2 1 5 3 2.624606e-13 0.000000e+00
327 481 5.205181e-03 5.205181e-03 2 1 5 3 0.000000e+00 0.000000e+00
327 482 5.205181e-03 6.552935e-03 2 1 5 3 3.051403e-13 0.000000e+00
327 483 5.205181e-03 8.249656e-03 2 1 5 3 2.419053e-13 0.000000e+00
328 473 6.552935e-03 8.249656e-04 2 1 5 3 8.817971e-15 0.000000e+00
328 474 6.552935e-03 1.038570e-03 2 1 5 3 1.395048e-14 0.000000e+00
328 475 6.552935e-03 1.307482e-03 2 1 5 3 2.204698e-14 0.000000e+00
328 476 6.552935e-03 1.646023e-03 2 1 5 3 3.478325e-14 0.000000e+00
328 477 6.552935e-03 2.072220e-03 2 1 5 3 5.472683e-14 0.000000e+00
328 478 6.552935e-03 2.608770e-03 2 1 5 3 8.572080e-14 0.000000e+00
328 479 6.552935e-03 3.284247e-03 2 1 5 3 1.332697e-13 0.000000e+00
328 480 6.552935e-03 4.134622e-03 2 1 5 3 2.045065e-13 0.000000e+00
328 481 6.552935e-03 5.205181e-03 2 1 5 3 3.051403e-13 0.000000e+00
328 482 6.552935e-03 6.552935e-03 2 1 5 3 0.000000e+00 0.000000e+00
328 483 6.552935e-03 8.249656e-03 2 1 5 3 3.586895e-13 0.000000e+00
329 473 8.249656e-03 8.249656e-04 2 1 5 3 6.660404e-15 0.000000e+00
329 474 8.249656e-03 1.038570e-03 2 1 5 3 1.054266e-14 0.000000e+00
329 475 8.249656e-03 1.307482e-03 2 1 5 3 1.667540e-14 0.000000e+00
329 476 8.249656e-03 1.646023e-03 2 1 5 3 2.634404e-14 0.000000e+00
329 477 8.249656e-03 2.072220e-03 2 1 5 3 4.153894e-14 0.000000e+00
329 478 8.249656e-03 2.608770e-03 2 1 5 3 6.529484e-14 0.000000e+00
329 479 8.249656e-03 3.284247e-03 2 1 5 3 1.021152e-13 0.000000e+00
329 480 8.249656e-03 4.134622e-03 2 1 5 3 1.583423e-13 0.000000e+00
329 481 8.249656e-03 5.205181e-03 2 1 5 3 2.419053e-13 0.000000e+00
329 482 8.249656e-03 6.552935e-03 2 1 5 3 3.586895e-13 0.000000e+00
329 483 8.249656e-03 8.249656e-03 2 1 5 3 0.000000e+00 0.000000e+00
