# Please cite the following papers in research using this covariance:
# arXiv: 1601.05779, https://arxiv.org/abs/1601.05779
# arXiv: 1911.11947, https://arxiv.org/abs/1911.11947
# arXiv: 2004.04833, https://arxiv.org/abs/2004.04833
# arXiv: 1804.10663, https://arxiv.org/abs/1804.10663
########################################################
275 473 8.249656e-04 8.249656e-04 1 1 5 3 0.000000e+00 0.000000e+00
275 474 8.249656e-04 1.038570e-03 1 1 5 3 1.340329e-13 0.000000e+00
275 475 8.249656e-04 1.307482e-03 1 1 5 3 1.149618e-13 0.000000e+00
275 476 8.249656e-04 1.646023e-03 1 1 5 3 8.842229e-14 0.000000e+00
275 477 8.249656e-04 2.072220e-03 1 1 5 3 6.338293e-14 0.000000e+00
275 478 8.249656e-04 2.608770e-03 1 1 5 3 4.356946e-14 0.000000e+00
275 479 8.249656e-04 3.284247e-03 1 1 5 3 2.945110e-14 0.000000e+00
275 480 8.249656e-04 4.134622e-03 1 1 5 3 2.002126e-14 0.000000e+00
275 481 8.249656e-04 5.205181e-03 1 1 5 3 1.392526e-14 0.000000e+00
275 482 8.249656e-04 6.552935e-03 1 1 5 3 9.991614e-15 0.000000e+00
275 483 8.249656e-04 8.249656e-03 1 1 5 3 7.383412e-15 0.000000e+00
276 473 1.038570e-03 8.249656e-04 1 1 5 3 1.340329e-13 0.000000e+00
276 474 1.038570e-03 1.038570e-03 1 1 5 3 0.000000e+00 0.000000e+00
276 475 1.038570e-03 1.307482e-03 1 1 5 3 1.630245e-13 0.000000e+00
276 476 1.038570e-03 1.646023e-03 1 1 5 3 1.336053e-13 0.000000e+00
276 477 1.038570e-03 2.072220e-03 1 1 5 3 9.849701e-14 0.000000e+00
276 478 1.038570e-03 2.608770e-03 1 1 5 3 6.851893e-14 0.000000e+00
276 479 1.038570e-03 3.284247e-03 1 1 5 3 4.652690e-14 0.000000e+00
276 480 1.038570e-03 4.134622e-03 1 1 5 3 3.167503e-14 0.000000e+00
276 481 1.038570e-03 5.205181e-03 1 1 5 3 2.203895e-14 0.000000e+00
276 482 1.038570e-03 6.552935e-03 1 1 5 3 1.581604e-14 0.000000e+00
276 483 1.038570e-03 8.249656e-03 1 1 5 3 1.168998e-14 0.000000e+00
277 473 1.307482e-03 8.249656e-04 1 1 5 3 1.149618e-13 0.000000e+00
277 474 1.307482e-03 1.038570e-03 1 1 5 3 1.630245e-13 0.000000e+00
277 475 1.307482e-03 1.307482e-03 1 1 5 3 0.000000e+00 0.000000e+00
277 476 1.307482e-03 1.646023e-03 1 1 5 3 1.913445e-13 0.000000e+00
277 477 1.307482e-03 2.072220e-03 1 1 5 3 1.501819e-13 0.000000e+00
277 478 1.307482e-03 2.608770e-03 1 1 5 3 1.070452e-13 0.000000e+00
277 479 1.307482e-03 3.284247e-03 1 1 5 3 7.332816e-14 0.000000e+00
277 480 1.307482e-03 4.134622e-03 1 1 5 3 5.005501e-14 0.000000e+00
277 481 1.307482e-03 5.205181e-03 1 1 5 3 3.485094e-14 0.000000e+00
277 482 1.307482e-03 6.552935e-03 1 1 5 3 2.501756e-14 0.000000e+00
277 483 1.307482e-03 8.249656e-03 1 1 5 3 1.849741e-14 0.000000e+00
278 473 1.646023e-03 8.249656e-04 1 1 5 3 8.842229e-14 0.000000e+00
278 474 1.646023e-03 1.038570e-03 1 1 5 3 1.336053e-13 0.000000e+00
278 475 1.646023e-03 1.307482e-03 1 1 5 3 1.913445e-13 0.000000e+00
278 476 1.646023e-03 1.646023e-03 1 1 5 3 0.000000e+00 0.000000e+00
278 477 1.646023e-03 2.072220e-03 1 1 5 3 2.178573e-13 0.000000e+00
278 478 1.646023e-03 2.608770e-03 1 1 5 3 1.647073e-13 0.000000e+00
278 479 1.646023e-03 3.284247e-03 1 1 5 3 1.150105e-13 0.000000e+00
278 480 1.646023e-03 4.134622e-03 1 1 5 3 7.894219e-14 0.000000e+00
278 481 1.646023e-03 5.205181e-03 1 1 5 3 5.503646e-14 0.000000e+00
278 482 1.646023e-03 6.552935e-03 1 1 5 3 3.952669e-14 0.000000e+00
278 483 1.646023e-03 8.249656e-03 1 1 5 3 2.924108e-14 0.000000e+00
279 473 2.072220e-03 8.249656e-04 1 1 5 3 6.338293e-14 0.000000e+00
279 474 2.072220e-03 1.038570e-03 1 1 5 3 9.849701e-14 0.000000e+00
279 475 2.072220e-03 1.307482e-03 1 1 5 3 1.501819e-13 0.000000e+00
279 476 2.072220e-03 1.646023e-03 1 1 5 3 2.178573e-13 0.000000e+00
279 477 2.072220e-03 2.072220e-03 1 1 5 3 0.000000e+00 0.000000e+00
279 478 2.072220e-03 2.608770e-03 1 1 5 3 2.424192e-13 0.000000e+00
279 479 2.072220e-03 3.284247e-03 1 1 5 3 1.783019e-13 0.000000e+00
279 480 2.072220e-03 4.134622e-03 1 1 5 3 1.240223e-13 0.000000e+00
279 481 2.072220e-03 5.205181e-03 1 1 5 3 8.671974e-14 0.000000e+00
279 482 2.072220e-03 6.552935e-03 1 1 5 3 6.233579e-14 0.000000e+00
279 483 2.072220e-03 8.249656e-03 1 1 5 3 4.615481e-14 0.000000e+00
280 473 2.608770e-03 8.249656e-04 1 1 5 3 4.356946e-14 0.000000e+00
280 474 2.608770e-03 1.038570e-03 1 1 5 3 6.851893e-14 0.000000e+00
280 475 2.608770e-03 1.307482e-03 1 1 5 3 1.070452e-13 0.000000e+00
280 476 2.608770e-03 1.646023e-03 1 1 5 3 1.647073e-13 0.000000e+00
280 477 2.608770e-03 2.072220e-03 1 1 5 3 2.424192e-13 0.000000e+00
280 478 2.608770e-03 2.608770e-03 1 1 5 3 0.000000e+00 0.000000e+00
280 479 2.608770e-03 3.284247e-03 1 1 5 3 2.661625e-13 0.000000e+00
280 480 2.608770e-03 4.134622e-03 1 1 5 3 1.931093e-13 0.000000e+00
280 481 2.608770e-03 5.205181e-03 1 1 5 3 1.361143e-13 0.000000e+00
280 482 2.608770e-03 6.552935e-03 1 1 5 3 9.801752e-14 0.000000e+00
280 483 2.608770e-03 8.249656e-03 1 1 5 3 7.267526e-14 0.000000e+00
281 473 3.284247e-03 8.249656e-04 1 1 5 3 2.945110e-14 0.000000e+00
281 474 3.284247e-03 1.038570e-03 1 1 5 3 4.652690e-14 0.000000e+00
281 475 3.284247e-03 1.307482e-03 1 1 5 3 7.332816e-14 0.000000e+00
281 476 3.284247e-03 1.646023e-03 1 1 5 3 1.150105e-13 0.000000e+00
281 477 3.284247e-03 2.072220e-03 1 1 5 3 1.783019e-13 0.000000e+00
281 478 3.284247e-03 2.608770e-03 1 1 5 3 2.661625e-13 0.000000e+00
281 479 3.284247e-03 3.284247e-03 1 1 5 3 0.000000e+00 0.000000e+00
281 480 3.284247e-03 4.134622e-03 1 1 5 3 2.914963e-13 0.000000e+00
281 481 3.284247e-03 5.205181e-03 1 1 5 3 2.119759e-13 0.000000e+00
281 482 3.284247e-03 6.552935e-03 1 1 5 3 1.533833e-13 0.000000e+00
281 483 3.284247e-03 8.249656e-03 1 1 5 3 1.139896e-13 0.000000e+00
282 473 4.134622e-03 8.249656e-04 1 1 5 3 2.002126e-14 0.000000e+00
282 474 4.134622e-03 1.038570e-03 1 1 5 3 3.167503e-14 0.000000e+00
282 475 4.134622e-03 1.307482e-03 1 1 5 3 5.005501e-14 0.000000e+00
282 476 4.134622e-03 1.646023e-03 1 1 5 3 7.894219e-14 0.000000e+00
282 477 4.134622e-03 2.072220e-03 1 1 5 3 1.240223e-13 0.000000e+00
282 478 4.134622e-03 2.608770e-03 1 1 5 3 1.931093e-13 0.000000e+00
282 479 4.134622e-03 3.284247e-03 1 1 5 3 2.914963e-13 0.000000e+00
282 480 4.134622e-03 4.134622e-03 1 1 5 3 0.000000e+00 0.000000e+00
282 481 4.134622e-03 5.205181e-03 1 1 5 3 3.218394e-13 0.000000e+00
282 482 4.134622e-03 6.552935e-03 1 1 5 3 2.379967e-13 0.000000e+00
282 483 4.134622e-03 8.249656e-03 1 1 5 3 1.776670e-13 0.000000e+00
283 473 5.205181e-03 8.249656e-04 1 1 5 3 1.392526e-14 0.000000e+00
283 474 5.205181e-03 1.038570e-03 1 1 5 3 2.203895e-14 0.000000e+00
283 475 5.205181e-03 1.307482e-03 1 1 5 3 3.485094e-14 0.000000e+00
283 476 5.205181e-03 1.646023e-03 1 1 5 3 5.503646e-14 0.000000e+00
283 477 5.205181e-03 2.072220e-03 1 1 5 3 8.671974e-14 0.000000e+00
283 478 5.205181e-03 2.608770e-03 1 1 5 3 1.361143e-13 0.000000e+00
283 479 5.205181e-03 3.284247e-03 1 1 5 3 2.119759e-13 0.000000e+00
283 480 5.205181e-03 4.134622e-03 1 1 5 3 3.218394e-13 0.000000e+00
283 481 5.205181e-03 5.205181e-03 1 1 5 3 0.000000e+00 0.000000e+00
283 482 5.205181e-03 6.552935e-03 1 1 5 3 3.611569e-13 0.000000e+00
283 483 5.205181e-03 8.249656e-03 1 1 5 3 2.740246e-13 0.000000e+00
284 473 6.552935e-03 8.249656e-04 1 1 5 3 9.991614e-15 0.000000e+00
284 474 6.552935e-03 1.038570e-03 1 1 5 3 1.581604e-14 0.000000e+00
284 475 6.552935e-03 1.307482e-03 1 1 5 3 2.501756e-14 0.000000e+00
284 476 6.552935e-03 1.646023e-03 1 1 5 3 3.952669e-14 0.000000e+00
284 477 6.552935e-03 2.072220e-03 1 1 5 3 6.233579e-14 0.000000e+00
284 478 6.552935e-03 2.608770e-03 1 1 5 3 9.801752e-14 0.000000e+00
284 479 6.552935e-03 3.284247e-03 1 1 5 3 1.533833e-13 0.000000e+00
284 480 6.552935e-03 4.134622e-03 1 1 5 3 2.379967e-13 0.000000e+00
284 481 6.552935e-03 5.205181e-03 1 1 5 3 3.611569e-13 0.000000e+00
284 482 6.552935e-03 6.552935e-03 1 1 5 3 0.000000e+00 0.000000e+00
284 483 6.552935e-03 8.249656e-03 1 1 5 3 4.133562e-13 0.000000e+00
285 473 8.249656e-03 8.249656e-04 1 1 5 3 7.383412e-15 0.000000e+00
285 474 8.249656e-03 1.038570e-03 1 1 5 3 1.168998e-14 0.000000e+00
285 475 8.249656e-03 1.307482e-03 1 1 5 3 1.849741e-14 0.000000e+00
285 476 8.249656e-03 1.646023e-03 1 1 5 3 2.924108e-14 0.000000e+00
285 477 8.249656e-03 2.072220e-03 1 1 5 3 4.615481e-14 0.000000e+00
285 478 8.249656e-03 2.608770e-03 1 1 5 3 7.267526e-14 0.000000e+00
285 479 8.249656e-03 3.284247e-03 1 1 5 3 1.139896e-13 0.000000e+00
285 480 8.249656e-03 4.134622e-03 1 1 5 3 1.776670e-13 0.000000e+00
285 481 8.249656e-03 5.205181e-03 1 1 5 3 2.740246e-13 0.000000e+00
285 482 8.249656e-03 6.552935e-03 1 1 5 3 4.133562e-13 0.000000e+00
285 483 8.249656e-03 8.249656e-03 1 1 5 3 0.000000e+00 0.000000e+00
