# Please cite the following papers in research using this covariance:
# arXiv: 1601.05779, https://arxiv.org/abs/1601.05779
# arXiv: 1911.11947, https://arxiv.org/abs/1911.11947
# arXiv: 2004.04833, https://arxiv.org/abs/2004.04833
# arXiv: 1804.10663, https://arxiv.org/abs/1804.10663
########################################################
242 308 8.249656e-04 8.249656e-04 0 2 2 0 0.000000e+00 0.000000e+00
242 309 8.249656e-04 1.038570e-03 0 2 2 0 2.472505e-13 0.000000e+00
242 310 8.249656e-04 1.307482e-03 0 2 2 0 2.118505e-13 0.000000e+00
242 311 8.249656e-04 1.646023e-03 0 2 2 0 1.629150e-13 0.000000e+00
242 312 8.249656e-04 2.072220e-03 0 2 2 0 1.168717e-13 0.000000e+00
242 313 8.249656e-04 2.608770e-03 0 2 2 0 8.039135e-14 0.000000e+00
242 314 8.249656e-04 3.284247e-03 0 2 2 0 5.432481e-14 0.000000e+00
242 315 8.249656e-04 4.134622e-03 0 2 2 0 3.686689e-14 0.000000e+00
242 316 8.249656e-04 5.205181e-03 0 2 2 0 2.554519e-14 0.000000e+00
242 317 8.249656e-04 6.552935e-03 0 2 2 0 1.822324e-14 0.000000e+00
242 318 8.249656e-04 8.249656e-03 0 2 2 0 1.337867e-14 0.000000e+00
243 308 1.038570e-03 8.249656e-04 0 2 2 0 2.472505e-13 0.000000e+00
243 309 1.038570e-03 1.038570e-03 0 2 2 0 0.000000e+00 0.000000e+00
243 310 1.038570e-03 1.307482e-03 0 2 2 0 3.005733e-13 0.000000e+00
243 311 1.038570e-03 1.646023e-03 0 2 2 0 2.462132e-13 0.000000e+00
243 312 1.038570e-03 2.072220e-03 0 2 2 0 1.815973e-13 0.000000e+00
243 313 1.038570e-03 2.608770e-03 0 2 2 0 1.264112e-13 0.000000e+00
243 314 1.038570e-03 3.284247e-03 0 2 2 0 8.581891e-14 0.000000e+00
243 315 1.038570e-03 4.134622e-03 0 2 2 0 5.832567e-14 0.000000e+00
243 316 1.038570e-03 5.205181e-03 0 2 2 0 4.043058e-14 0.000000e+00
243 317 1.038570e-03 6.552935e-03 0 2 2 0 2.884758e-14 0.000000e+00
243 318 1.038570e-03 8.249656e-03 0 2 2 0 2.118308e-14 0.000000e+00
244 308 1.307482e-03 8.249656e-04 0 2 2 0 2.118505e-13 0.000000e+00
244 309 1.307482e-03 1.038570e-03 0 2 2 0 3.005733e-13 0.000000e+00
244 310 1.307482e-03 1.307482e-03 0 2 2 0 0.000000e+00 0.000000e+00
244 311 1.307482e-03 1.646023e-03 0 2 2 0 3.527636e-13 0.000000e+00
244 312 1.307482e-03 2.072220e-03 0 2 2 0 2.768698e-13 0.000000e+00
244 313 1.307482e-03 2.608770e-03 0 2 2 0 1.974520e-13 0.000000e+00
244 314 1.307482e-03 3.284247e-03 0 2 2 0 1.352435e-13 0.000000e+00
244 315 1.307482e-03 4.134622e-03 0 2 2 0 9.216924e-14 0.000000e+00
244 316 1.307482e-03 5.205181e-03 0 2 2 0 6.393718e-14 0.000000e+00
244 317 1.307482e-03 6.552935e-03 0 2 2 0 4.563422e-14 0.000000e+00
244 318 1.307482e-03 8.249656e-03 0 2 2 0 3.352111e-14 0.000000e+00
245 308 1.646023e-03 8.249656e-04 0 2 2 0 1.629150e-13 0.000000e+00
245 309 1.646023e-03 1.038570e-03 0 2 2 0 2.462132e-13 0.000000e+00
245 310 1.646023e-03 1.307482e-03 0 2 2 0 3.527636e-13 0.000000e+00
245 311 1.646023e-03 1.646023e-03 0 2 2 0 0.000000e+00 0.000000e+00
245 312 1.646023e-03 2.072220e-03 0 2 2 0 4.016958e-13 0.000000e+00
245 313 1.646023e-03 2.608770e-03 0 2 2 0 3.037411e-13 0.000000e+00
245 314 1.646023e-03 3.284247e-03 0 2 2 0 2.120898e-13 0.000000e+00
245 315 1.646023e-03 4.134622e-03 0 2 2 0 1.453581e-13 0.000000e+00
245 316 1.646023e-03 5.205181e-03 0 2 2 0 1.009762e-13 0.000000e+00
245 317 1.646023e-03 6.552935e-03 0 2 2 0 7.210894e-14 0.000000e+00
245 318 1.646023e-03 8.249656e-03 0 2 2 0 5.299697e-14 0.000000e+00
246 308 2.072220e-03 8.249656e-04 0 2 2 0 1.168717e-13 0.000000e+00
246 309 2.072220e-03 1.038570e-03 0 2 2 0 1.815973e-13 0.000000e+00
246 310 2.072220e-03 1.307482e-03 0 2 2 0 2.768698e-13 0.000000e+00
246 311 2.072220e-03 1.646023e-03 0 2 2 0 4.016958e-13 0.000000e+00
246 312 2.072220e-03 2.072220e-03 0 2 2 0 0.000000e+00 0.000000e+00
246 313 2.072220e-03 2.608770e-03 0 2 2 0 4.469951e-13 0.000000e+00
246 314 2.072220e-03 3.284247e-03 0 2 2 0 3.287188e-13 0.000000e+00
246 315 2.072220e-03 4.134622e-03 0 2 2 0 2.283540e-13 0.000000e+00
246 316 2.072220e-03 5.205181e-03 0 2 2 0 1.591217e-13 0.000000e+00
246 317 2.072220e-03 6.552935e-03 0 2 2 0 1.137412e-13 0.000000e+00
246 318 2.072220e-03 8.249656e-03 0 2 2 0 8.366708e-14 0.000000e+00
247 308 2.608770e-03 8.249656e-04 0 2 2 0 8.039135e-14 0.000000e+00
247 309 2.608770e-03 1.038570e-03 0 2 2 0 1.264112e-13 0.000000e+00
247 310 2.608770e-03 1.307482e-03 0 2 2 0 1.974520e-13 0.000000e+00
247 311 2.608770e-03 1.646023e-03 0 2 2 0 3.037411e-13 0.000000e+00
247 312 2.608770e-03 2.072220e-03 0 2 2 0 4.469951e-13 0.000000e+00
247 313 2.608770e-03 2.608770e-03 0 2 2 0 0.000000e+00 0.000000e+00
247 314 2.608770e-03 3.284247e-03 0 2 2 0 4.905464e-13 0.000000e+00
247 315 2.608770e-03 4.134622e-03 0 2 2 0 3.555090e-13 0.000000e+00
247 316 2.608770e-03 5.205181e-03 0 2 2 0 2.497888e-13 0.000000e+00
247 317 2.608770e-03 6.552935e-03 0 2 2 0 1.788988e-13 0.000000e+00
247 318 2.608770e-03 8.249656e-03 0 2 2 0 1.317803e-13 0.000000e+00
248 308 3.284247e-03 8.249656e-04 0 2 2 0 5.432481e-14 0.000000e+00
248 309 3.284247e-03 1.038570e-03 0 2 2 0 8.581891e-14 0.000000e+00
248 310 3.284247e-03 1.307482e-03 0 2 2 0 1.352435e-13 0.000000e+00
248 311 3.284247e-03 1.646023e-03 0 2 2 0 2.120898e-13 0.000000e+00
248 312 3.284247e-03 2.072220e-03 0 2 2 0 3.287188e-13 0.000000e+00
248 313 3.284247e-03 2.608770e-03 0 2 2 0 4.905464e-13 0.000000e+00
248 314 3.284247e-03 3.284247e-03 0 2 2 0 0.000000e+00 0.000000e+00
248 315 3.284247e-03 4.134622e-03 0 2 2 0 5.364758e-13 0.000000e+00
248 316 3.284247e-03 5.205181e-03 0 2 2 0 3.890592e-13 0.000000e+00
248 317 3.284247e-03 6.552935e-03 0 2 2 0 2.800676e-13 0.000000e+00
248 318 3.284247e-03 8.249656e-03 0 2 2 0 2.067886e-13 0.000000e+00
249 308 4.134622e-03 8.249656e-04 0 2 2 0 3.686689e-14 0.000000e+00
249 309 4.134622e-03 1.038570e-03 0 2 2 0 5.832567e-14 0.000000e+00
249 310 4.134622e-03 1.307482e-03 0 2 2 0 9.216924e-14 0.000000e+00
249 311 4.134622e-03 1.646023e-03 0 2 2 0 1.453581e-13 0.000000e+00
249 312 4.134622e-03 2.072220e-03 0 2 2 0 2.283540e-13 0.000000e+00
249 313 4.134622e-03 2.608770e-03 0 2 2 0 3.555090e-13 0.000000e+00
249 314 4.134622e-03 3.284247e-03 0 2 2 0 5.364758e-13 0.000000e+00
249 315 4.134622e-03 4.134622e-03 0 2 2 0 0.000000e+00 0.000000e+00
249 316 4.134622e-03 5.205181e-03 0 2 2 0 5.907010e-13 0.000000e+00
249 317 4.134622e-03 6.552935e-03 0 2 2 0 4.348141e-13 0.000000e+00
249 318 4.134622e-03 8.249656e-03 0 2 2 0 3.225310e-13 0.000000e+00
250 308 5.205181e-03 8.249656e-04 0 2 2 0 2.554519e-14 0.000000e+00
250 309 5.205181e-03 1.038570e-03 0 2 2 0 4.043058e-14 0.000000e+00
250 310 5.205181e-03 1.307482e-03 0 2 2 0 6.393718e-14 0.000000e+00
250 311 5.205181e-03 1.646023e-03 0 2 2 0 1.009762e-13 0.000000e+00
250 312 5.205181e-03 2.072220e-03 0 2 2 0 1.591217e-13 0.000000e+00
250 313 5.205181e-03 2.608770e-03 0 2 2 0 2.497888e-13 0.000000e+00
250 314 5.205181e-03 3.284247e-03 0 2 2 0 3.890592e-13 0.000000e+00
250 315 5.205181e-03 4.134622e-03 0 2 2 0 5.907010e-13 0.000000e+00
250 316 5.205181e-03 5.205181e-03 0 2 2 0 0.000000e+00 0.000000e+00
250 317 5.205181e-03 6.552935e-03 0 2 2 0 6.602126e-13 0.000000e+00
250 318 5.205181e-03 8.249656e-03 0 2 2 0 4.979679e-13 0.000000e+00
251 308 6.552935e-03 8.249656e-04 0 2 2 0 1.822324e-14 0.000000e+00
251 309 6.552935e-03 1.038570e-03 0 2 2 0 2.884758e-14 0.000000e+00
251 310 6.552935e-03 1.307482e-03 0 2 2 0 4.563422e-14 0.000000e+00
251 311 6.552935e-03 1.646023e-03 0 2 2 0 7.210894e-14 0.000000e+00
251 312 6.552935e-03 2.072220e-03 0 2 2 0 1.137412e-13 0.000000e+00
251 313 6.552935e-03 2.608770e-03 0 2 2 0 1.788988e-13 0.000000e+00
251 314 6.552935e-03 3.284247e-03 0 2 2 0 2.800676e-13 0.000000e+00
251 315 6.552935e-03 4.134622e-03 0 2 2 0 4.348141e-13 0.000000e+00
251 316 6.552935e-03 5.205181e-03 0 2 2 0 6.602126e-13 0.000000e+00
251 317 6.552935e-03 6.552935e-03 0 2 2 0 0.000000e+00 0.000000e+00
251 318 6.552935e-03 8.249656e-03 0 2 2 0 7.521499e-13 0.000000e+00
252 308 8.249656e-03 8.249656e-04 0 2 2 0 1.337867e-14 0.000000e+00
252 309 8.249656e-03 1.038570e-03 0 2 2 0 2.118308e-14 0.000000e+00
252 310 8.249656e-03 1.307482e-03 0 2 2 0 3.352111e-14 0.000000e+00
252 311 8.249656e-03 1.646023e-03 0 2 2 0 5.299697e-14 0.000000e+00
252 312 8.249656e-03 2.072220e-03 0 2 2 0 8.366708e-14 0.000000e+00
252 313 8.249656e-03 2.608770e-03 0 2 2 0 1.317803e-13 0.000000e+00
252 314 8.249656e-03 3.284247e-03 0 2 2 0 2.067886e-13 0.000000e+00
252 315 8.249656e-03 4.134622e-03 0 2 2 0 3.225310e-13 0.000000e+00
252 316 8.249656e-03 5.205181e-03 0 2 2 0 4.979679e-13 0.000000e+00
252 317 8.249656e-03 6.552935e-03 0 2 2 0 7.521499e-13 0.000000e+00
252 318 8.249656e-03 8.249656e-03 0 2 2 0 0.000000e+00 0.000000e+00
