# Please cite the following papers in research using this covariance:
# arXiv: 1601.05779, https://arxiv.org/abs/1601.05779
# arXiv: 1911.11947, https://arxiv.org/abs/1911.11947
# arXiv: 2004.04833, https://arxiv.org/abs/2004.04833
# arXiv: 1804.10663, https://arxiv.org/abs/1804.10663
########################################################
407 429 8.249656e-04 8.249656e-04 4 1 4 3 0.000000e+00 0.000000e+00
407 430 8.249656e-04 1.038570e-03 4 1 4 3 5.993383e-12 0.000000e+00
407 431 8.249656e-04 1.307482e-03 4 1 4 3 3.486154e-12 0.000000e+00
407 432 8.249656e-04 1.646023e-03 4 1 4 3 1.978374e-12 0.000000e+00
407 433 8.249656e-04 2.072220e-03 4 1 4 3 1.123103e-12 0.000000e+00
407 434 8.249656e-04 2.608770e-03 4 1 4 3 6.504882e-13 0.000000e+00
407 435 8.249656e-04 3.284247e-03 4 1 4 3 3.910898e-13 0.000000e+00
407 436 8.249656e-04 4.134622e-03 4 1 4 3 2.467082e-13 0.000000e+00
407 437 8.249656e-04 5.205181e-03 4 1 4 3 1.633296e-13 0.000000e+00
407 438 8.249656e-04 6.552935e-03 4 1 4 3 1.124768e-13 0.000000e+00
407 439 8.249656e-04 8.249656e-03 4 1 4 3 7.941111e-14 0.000000e+00
408 429 1.038570e-03 8.249656e-04 4 1 4 3 5.993383e-12 0.000000e+00
408 430 1.038570e-03 1.038570e-03 4 1 4 3 0.000000e+00 0.000000e+00
408 431 1.038570e-03 1.307482e-03 4 1 4 3 5.677048e-12 0.000000e+00
408 432 1.038570e-03 1.646023e-03 4 1 4 3 3.220901e-12 0.000000e+00
408 433 1.038570e-03 2.072220e-03 4 1 4 3 1.813186e-12 0.000000e+00
408 434 1.038570e-03 2.608770e-03 4 1 4 3 1.041727e-12 0.000000e+00
408 435 1.038570e-03 3.284247e-03 4 1 4 3 6.226484e-13 0.000000e+00
408 436 1.038570e-03 4.134622e-03 4 1 4 3 3.914358e-13 0.000000e+00
408 437 1.038570e-03 5.205181e-03 4 1 4 3 2.587527e-13 0.000000e+00
408 438 1.038570e-03 6.552935e-03 4 1 4 3 1.781005e-13 0.000000e+00
408 439 1.038570e-03 8.249656e-03 4 1 4 3 1.257524e-13 0.000000e+00
409 429 1.307482e-03 8.249656e-04 4 1 4 3 3.486154e-12 0.000000e+00
409 430 1.307482e-03 1.038570e-03 4 1 4 3 5.677048e-12 0.000000e+00
409 431 1.307482e-03 1.307482e-03 4 1 4 3 0.000000e+00 0.000000e+00
409 432 1.307482e-03 1.646023e-03 4 1 4 3 5.318794e-12 0.000000e+00
409 433 1.307482e-03 2.072220e-03 4 1 4 3 2.965697e-12 0.000000e+00
409 434 1.307482e-03 2.608770e-03 4 1 4 3 1.680890e-12 0.000000e+00
409 435 1.307482e-03 3.284247e-03 4 1 4 3 9.946204e-13 0.000000e+00
409 436 1.307482e-03 4.134622e-03 4 1 4 3 6.216230e-13 0.000000e+00
409 437 1.307482e-03 5.205181e-03 4 1 4 3 4.098394e-13 0.000000e+00
409 438 1.307482e-03 6.552935e-03 4 1 4 3 2.818841e-13 0.000000e+00
409 439 1.307482e-03 8.249656e-03 4 1 4 3 1.990550e-13 0.000000e+00
410 429 1.646023e-03 8.249656e-04 4 1 4 3 1.978374e-12 0.000000e+00
410 430 1.646023e-03 1.038570e-03 4 1 4 3 3.220901e-12 0.000000e+00
410 431 1.646023e-03 1.307482e-03 4 1 4 3 5.318794e-12 0.000000e+00
410 432 1.646023e-03 1.646023e-03 4 1 4 3 0.000000e+00 0.000000e+00
410 433 1.646023e-03 2.072220e-03 4 1 4 3 4.957029e-12 0.000000e+00
410 434 1.646023e-03 2.608770e-03 4 1 4 3 2.751643e-12 0.000000e+00
410 435 1.646023e-03 3.284247e-03 4 1 4 3 1.599106e-12 0.000000e+00
410 436 1.646023e-03 4.134622e-03 4 1 4 3 9.889994e-13 0.000000e+00
410 437 1.646023e-03 5.205181e-03 4 1 4 3 6.490331e-13 0.000000e+00
410 438 1.646023e-03 6.552935e-03 4 1 4 3 4.457863e-13 0.000000e+00
410 439 1.646023e-03 8.249656e-03 4 1 4 3 3.148303e-13 0.000000e+00
411 429 2.072220e-03 8.249656e-04 4 1 4 3 1.123103e-12 0.000000e+00
411 430 2.072220e-03 1.038570e-03 4 1 4 3 1.813186e-12 0.000000e+00
411 431 2.072220e-03 1.307482e-03 4 1 4 3 2.965697e-12 0.000000e+00
411 432 2.072220e-03 1.646023e-03 4 1 4 3 4.957029e-12 0.000000e+00
411 433 2.072220e-03 2.072220e-03 4 1 4 3 0.000000e+00 0.000000e+00
411 434 2.072220e-03 2.608770e-03 4 1 4 3 4.633564e-12 0.000000e+00
411 435 2.072220e-03 3.284247e-03 4 1 4 3 2.606664e-12 0.000000e+00
411 436 2.072220e-03 4.134622e-03 4 1 4 3 1.580089e-12 0.000000e+00
411 437 2.072220e-03 5.205181e-03 4 1 4 3 1.027885e-12 0.000000e+00
411 438 2.072220e-03 6.552935e-03 4 1 4 3 7.041897e-13 0.000000e+00
411 439 2.072220e-03 8.249656e-03 4 1 4 3 4.973608e-13 0.000000e+00
412 429 2.608770e-03 8.249656e-04 4 1 4 3 6.504882e-13 0.000000e+00
412 430 2.608770e-03 1.038570e-03 4 1 4 3 1.041727e-12 0.000000e+00
412 431 2.608770e-03 1.307482e-03 4 1 4 3 1.680890e-12 0.000000e+00
412 432 2.608770e-03 1.646023e-03 4 1 4 3 2.751643e-12 0.000000e+00
412 433 2.608770e-03 2.072220e-03 4 1 4 3 4.633564e-12 0.000000e+00
412 434 2.608770e-03 2.608770e-03 4 1 4 3 0.000000e+00 0.000000e+00
412 435 2.608770e-03 3.284247e-03 4 1 4 3 4.388335e-12 0.000000e+00
412 436 2.608770e-03 4.134622e-03 4 1 4 3 2.551759e-12 0.000000e+00
412 437 2.608770e-03 5.205181e-03 4 1 4 3 1.629816e-12 0.000000e+00
412 438 2.608770e-03 6.552935e-03 4 1 4 3 1.110580e-12 0.000000e+00
412 439 2.608770e-03 8.249656e-03 4 1 4 3 7.842182e-13 0.000000e+00
413 429 3.284247e-03 8.249656e-04 4 1 4 3 3.910898e-13 0.000000e+00
413 430 3.284247e-03 1.038570e-03 4 1 4 3 6.226484e-13 0.000000e+00
413 431 3.284247e-03 1.307482e-03 4 1 4 3 9.946204e-13 0.000000e+00
413 432 3.284247e-03 1.646023e-03 4 1 4 3 1.599106e-12 0.000000e+00
413 433 3.284247e-03 2.072220e-03 4 1 4 3 2.606664e-12 0.000000e+00
413 434 3.284247e-03 2.608770e-03 4 1 4 3 4.388335e-12 0.000000e+00
413 435 3.284247e-03 3.284247e-03 4 1 4 3 0.000000e+00 0.000000e+00
413 436 3.284247e-03 4.134622e-03 4 1 4 3 4.254698e-12 0.000000e+00
413 437 3.284247e-03 5.205181e-03 4 1 4 3 2.599259e-12 0.000000e+00
413 438 3.284247e-03 6.552935e-03 4 1 4 3 1.748261e-12 0.000000e+00
413 439 3.284247e-03 8.249656e-03 4 1 4 3 1.232888e-12 0.000000e+00
414 429 4.134622e-03 8.249656e-04 4 1 4 3 2.467082e-13 0.000000e+00
414 430 4.134622e-03 1.038570e-03 4 1 4 3 3.914358e-13 0.000000e+00
414 431 4.134622e-03 1.307482e-03 4 1 4 3 6.216230e-13 0.000000e+00
414 432 4.134622e-03 1.646023e-03 4 1 4 3 9.889994e-13 0.000000e+00
414 433 4.134622e-03 2.072220e-03 4 1 4 3 1.580089e-12 0.000000e+00
414 434 4.134622e-03 2.608770e-03 4 1 4 3 2.551759e-12 0.000000e+00
414 435 4.134622e-03 3.284247e-03 4 1 4 3 4.254698e-12 0.000000e+00
414 436 4.134622e-03 4.134622e-03 4 1 4 3 0.000000e+00 0.000000e+00
414 437 4.134622e-03 5.205181e-03 4 1 4 3 4.256317e-12 0.000000e+00
414 438 4.134622e-03 6.552935e-03 4 1 4 3 2.752205e-12 0.000000e+00
414 439 4.134622e-03 8.249656e-03 4 1 4 3 1.929760e-12 0.000000e+00
415 429 5.205181e-03 8.249656e-04 4 1 4 3 1.633296e-13 0.000000e+00
415 430 5.205181e-03 1.038570e-03 4 1 4 3 2.587527e-13 0.000000e+00
415 431 5.205181e-03 1.307482e-03 4 1 4 3 4.098394e-13 0.000000e+00
415 432 5.205181e-03 1.646023e-03 4 1 4 3 6.490331e-13 0.000000e+00
415 433 5.205181e-03 2.072220e-03 4 1 4 3 1.027885e-12 0.000000e+00
415 434 5.205181e-03 2.608770e-03 4 1 4 3 1.629816e-12 0.000000e+00
415 435 5.205181e-03 3.284247e-03 4 1 4 3 2.599259e-12 0.000000e+00
415 436 5.205181e-03 4.134622e-03 4 1 4 3 4.256317e-12 0.000000e+00
415 437 5.205181e-03 5.205181e-03 4 1 4 3 0.000000e+00 0.000000e+00
415 438 5.205181e-03 6.552935e-03 4 1 4 3 4.405024e-12 0.000000e+00
415 439 5.205181e-03 8.249656e-03 4 1 4 3 3.004500e-12 0.000000e+00
416 429 6.552935e-03 8.249656e-04 4 1 4 3 1.124768e-13 0.000000e+00
416 430 6.552935e-03 1.038570e-03 4 1 4 3 1.781005e-13 0.000000e+00
416 431 6.552935e-03 1.307482e-03 4 1 4 3 2.818841e-13 0.000000e+00
416 432 6.552935e-03 1.646023e-03 4 1 4 3 4.457863e-13 0.000000e+00
416 433 6.552935e-03 2.072220e-03 4 1 4 3 7.041897e-13 0.000000e+00
416 434 6.552935e-03 2.608770e-03 4 1 4 3 1.110580e-12 0.000000e+00
416 435 6.552935e-03 3.284247e-03 4 1 4 3 1.748261e-12 0.000000e+00
416 436 6.552935e-03 4.134622e-03 4 1 4 3 2.752205e-12 0.000000e+00
416 437 6.552935e-03 5.205181e-03 4 1 4 3 4.405024e-12 0.000000e+00
416 438 6.552935e-03 6.552935e-03 4 1 4 3 0.000000e+00 0.000000e+00
416 439 6.552935e-03 8.249656e-03 4 1 4 3 4.699319e-12 0.000000e+00
417 429 8.249656e-03 8.249656e-04 4 1 4 3 7.941111e-14 0.000000e+00
417 430 8.249656e-03 1.038570e-03 4 1 4 3 1.257524e-13 0.000000e+00
417 431 8.249656e-03 1.307482e-03 4 1 4 3 1.990550e-13 0.000000e+00
417 432 8.249656e-03 1.646023e-03 4 1 4 3 3.148303e-13 0.000000e+00
417 433 8.249656e-03 2.072220e-03 4 1 4 3 4.973608e-13 0.000000e+00
417 434 8.249656e-03 2.608770e-03 4 1 4 3 7.842182e-13 0.000000e+00
417 435 8.249656e-03 3.284247e-03 4 1 4 3 1.232888e-12 0.000000e+00
417 436 8.249656e-03 4.134622e-03 4 1 4 3 1.929760e-12 0.000000e+00
417 437 8.249656e-03 5.205181e-03 4 1 4 3 3.004500e-12 0.000000e+00
417 438 8.249656e-03 6.552935e-03 4 1 4 3 4.699319e-12 0.000000e+00
417 439 8.249656e-03 8.249656e-03 4 1 4 3 0.000000e+00 0.000000e+00
