# Please cite the following papers in research using this covariance:
# arXiv: 1601.05779, https://arxiv.org/abs/1601.05779
# arXiv: 1911.11947, https://arxiv.org/abs/1911.11947
# arXiv: 2004.04833, https://arxiv.org/abs/2004.04833
# arXiv: 1804.10663, https://arxiv.org/abs/1804.10663
########################################################
429 473 8.249656e-04 8.249656e-04 4 3 5 3 0.000000e+00 0.000000e+00
429 474 8.249656e-04 1.038570e-03 4 3 5 3 3.716331e-11 0.000000e+00
429 475 8.249656e-04 1.307482e-03 4 3 5 3 1.587571e-11 0.000000e+00
429 476 8.249656e-04 1.646023e-03 4 3 5 3 7.785939e-12 0.000000e+00
429 477 8.249656e-04 2.072220e-03 4 3 5 3 4.230052e-12 0.000000e+00
429 478 8.249656e-04 2.608770e-03 4 3 5 3 2.462681e-12 0.000000e+00
429 479 8.249656e-04 3.284247e-03 4 3 5 3 1.497111e-12 0.000000e+00
429 480 8.249656e-04 4.134622e-03 4 3 5 3 9.332520e-13 0.000000e+00
429 481 8.249656e-04 5.205181e-03 4 3 5 3 5.888296e-13 0.000000e+00
429 482 8.249656e-04 6.552935e-03 4 3 5 3 3.734307e-13 0.000000e+00
429 483 8.249656e-04 8.249656e-03 4 3 5 3 2.366922e-13 0.000000e+00
430 473 1.038570e-03 8.249656e-04 4 3 5 3 3.716331e-11 0.000000e+00
430 474 1.038570e-03 1.038570e-03 4 3 5 3 0.000000e+00 0.000000e+00
430 475 1.038570e-03 1.307482e-03 4 3 5 3 3.078668e-11 0.000000e+00
430 476 1.038570e-03 1.646023e-03 4 3 5 3 1.334511e-11 0.000000e+00
430 477 1.038570e-03 2.072220e-03 4 3 5 3 6.898812e-12 0.000000e+00
430 478 1.038570e-03 2.608770e-03 4 3 5 3 3.940820e-12 0.000000e+00
430 479 1.038570e-03 3.284247e-03 4 3 5 3 2.379577e-12 0.000000e+00
430 480 1.038570e-03 4.134622e-03 4 3 5 3 1.479805e-12 0.000000e+00
430 481 1.038570e-03 5.205181e-03 4 3 5 3 9.332926e-13 0.000000e+00
430 482 1.038570e-03 6.552935e-03 4 3 5 3 5.917383e-13 0.000000e+00
430 483 1.038570e-03 8.249656e-03 4 3 5 3 3.751567e-13 0.000000e+00
431 473 1.307482e-03 8.249656e-04 4 3 5 3 1.587571e-11 0.000000e+00
431 474 1.307482e-03 1.038570e-03 4 3 5 3 3.078668e-11 0.000000e+00
431 475 1.307482e-03 1.307482e-03 4 3 5 3 0.000000e+00 0.000000e+00
431 476 1.307482e-03 1.646023e-03 4 3 5 3 2.577487e-11 0.000000e+00
431 477 1.307482e-03 2.072220e-03 4 3 5 3 1.162951e-11 0.000000e+00
431 478 1.307482e-03 2.608770e-03 4 3 5 3 6.364990e-12 0.000000e+00
431 479 1.307482e-03 3.284247e-03 4 3 5 3 3.791540e-12 0.000000e+00
431 480 1.307482e-03 4.134622e-03 4 3 5 3 2.348122e-12 0.000000e+00
431 481 1.307482e-03 5.205181e-03 4 3 5 3 1.479380e-12 0.000000e+00
431 482 1.307482e-03 6.552935e-03 4 3 5 3 9.377375e-13 0.000000e+00
431 483 1.307482e-03 8.249656e-03 4 3 5 3 5.944797e-13 0.000000e+00
432 473 1.646023e-03 8.249656e-04 4 3 5 3 7.785939e-12 0.000000e+00
432 474 1.646023e-03 1.038570e-03 4 3 5 3 1.334511e-11 0.000000e+00
432 475 1.646023e-03 1.307482e-03 4 3 5 3 2.577487e-11 0.000000e+00
432 476 1.646023e-03 1.646023e-03 4 3 5 3 0.000000e+00 0.000000e+00
432 477 1.646023e-03 2.072220e-03 4 3 5 3 2.202424e-11 0.000000e+00
432 478 1.646023e-03 2.608770e-03 4 3 5 3 1.053884e-11 0.000000e+00
432 479 1.646023e-03 3.284247e-03 4 3 5 3 6.075759e-12 0.000000e+00
432 480 1.646023e-03 4.134622e-03 4 3 5 3 3.730411e-12 0.000000e+00
432 481 1.646023e-03 5.205181e-03 4 3 5 3 2.345146e-12 0.000000e+00
432 482 1.646023e-03 6.552935e-03 4 3 5 3 1.485935e-12 0.000000e+00
432 483 1.646023e-03 8.249656e-03 4 3 5 3 9.420784e-13 0.000000e+00
433 473 2.072220e-03 8.249656e-04 4 3 5 3 4.230052e-12 0.000000e+00
433 474 2.072220e-03 1.038570e-03 4 3 5 3 6.898812e-12 0.000000e+00
433 475 2.072220e-03 1.307482e-03 4 3 5 3 1.162951e-11 0.000000e+00
433 476 2.072220e-03 1.646023e-03 4 3 5 3 2.202424e-11 0.000000e+00
433 477 2.072220e-03 2.072220e-03 4 3 5 3 0.000000e+00 0.000000e+00
433 478 2.072220e-03 2.608770e-03 4 3 5 3 1.935267e-11 0.000000e+00
433 479 2.072220e-03 3.284247e-03 4 3 5 3 9.900026e-12 0.000000e+00
433 480 2.072220e-03 4.134622e-03 4 3 5 3 5.944227e-12 0.000000e+00
433 481 2.072220e-03 5.205181e-03 4 3 5 3 3.719014e-12 0.000000e+00
433 482 2.072220e-03 6.552935e-03 4 3 5 3 2.354439e-12 0.000000e+00
433 483 2.072220e-03 8.249656e-03 4 3 5 3 1.492662e-12 0.000000e+00
434 473 2.608770e-03 8.249656e-04 4 3 5 3 2.462681e-12 0.000000e+00
434 474 2.608770e-03 1.038570e-03 4 3 5 3 3.940820e-12 0.000000e+00
434 475 2.608770e-03 1.307482e-03 4 3 5 3 6.364990e-12 0.000000e+00
434 476 2.608770e-03 1.646023e-03 4 3 5 3 1.053884e-11 0.000000e+00
434 477 2.608770e-03 2.072220e-03 4 3 5 3 1.935267e-11 0.000000e+00
434 478 2.608770e-03 2.608770e-03 4 3 5 3 0.000000e+00 0.000000e+00
434 479 2.608770e-03 3.284247e-03 4 3 5 3 1.754520e-11 0.000000e+00
434 480 2.608770e-03 4.134622e-03 4 3 5 3 9.566679e-12 0.000000e+00
434 481 2.608770e-03 5.205181e-03 4 3 5 3 5.905028e-12 0.000000e+00
434 482 2.608770e-03 6.552935e-03 4 3 5 3 3.730309e-12 0.000000e+00
434 483 2.608770e-03 8.249656e-03 4 3 5 3 2.364732e-12 0.000000e+00
435 473 3.284247e-03 8.249656e-04 4 3 5 3 1.497111e-12 0.000000e+00
435 474 3.284247e-03 1.038570e-03 4 3 5 3 2.379577e-12 0.000000e+00
435 475 3.284247e-03 1.307482e-03 4 3 5 3 3.791540e-12 0.000000e+00
435 476 3.284247e-03 1.646023e-03 4 3 5 3 6.075759e-12 0.000000e+00
435 477 3.284247e-03 2.072220e-03 4 3 5 3 9.900026e-12 0.000000e+00
435 478 3.284247e-03 2.608770e-03 4 3 5 3 1.754520e-11 0.000000e+00
435 479 3.284247e-03 3.284247e-03 4 3 5 3 0.000000e+00 0.000000e+00
435 480 3.284247e-03 4.134622e-03 4 3 5 3 1.638978e-11 0.000000e+00
435 481 3.284247e-03 5.205181e-03 4 3 5 3 9.424104e-12 0.000000e+00
435 482 3.284247e-03 6.552935e-03 4 3 5 3 5.911439e-12 0.000000e+00
435 483 3.284247e-03 8.249656e-03 4 3 5 3 3.745397e-12 0.000000e+00
436 473 4.134622e-03 8.249656e-04 4 3 5 3 9.332520e-13 0.000000e+00
436 474 4.134622e-03 1.038570e-03 4 3 5 3 1.479805e-12 0.000000e+00
436 475 4.134622e-03 1.307482e-03 4 3 5 3 2.348122e-12 0.000000e+00
436 476 4.134622e-03 1.646023e-03 4 3 5 3 3.730411e-12 0.000000e+00
436 477 4.134622e-03 2.072220e-03 4 3 5 3 5.944227e-12 0.000000e+00
436 478 4.134622e-03 2.608770e-03 4 3 5 3 9.566679e-12 0.000000e+00
436 479 4.134622e-03 3.284247e-03 4 3 5 3 1.638978e-11 0.000000e+00
436 480 4.134622e-03 4.134622e-03 4 3 5 3 0.000000e+00 0.000000e+00
436 481 4.134622e-03 5.205181e-03 4 3 5 3 1.569787e-11 0.000000e+00
436 482 4.134622e-03 6.552935e-03 4 3 5 3 9.386846e-12 0.000000e+00
436 483 4.134622e-03 8.249656e-03 4 3 5 3 5.930423e-12 0.000000e+00
437 473 5.205181e-03 8.249656e-04 4 3 5 3 5.888296e-13 0.000000e+00
437 474 5.205181e-03 1.038570e-03 4 3 5 3 9.332926e-13 0.000000e+00
437 475 5.205181e-03 1.307482e-03 4 3 5 3 1.479380e-12 0.000000e+00
437 476 5.205181e-03 1.646023e-03 4 3 5 3 2.345146e-12 0.000000e+00
437 477 5.205181e-03 2.072220e-03 4 3 5 3 3.719014e-12 0.000000e+00
437 478 5.205181e-03 2.608770e-03 4 3 5 3 5.905028e-12 0.000000e+00
437 479 5.205181e-03 3.284247e-03 4 3 5 3 9.424104e-12 0.000000e+00
437 480 5.205181e-03 4.134622e-03 4 3 5 3 1.569787e-11 0.000000e+00
437 481 5.205181e-03 5.205181e-03 4 3 5 3 0.000000e+00 0.000000e+00
437 482 5.205181e-03 6.552935e-03 4 3 5 3 1.531267e-11 0.000000e+00
437 483 5.205181e-03 8.249656e-03 4 3 5 3 9.392664e-12 0.000000e+00
438 473 6.552935e-03 8.249656e-04 4 3 5 3 3.734307e-13 0.000000e+00
438 474 6.552935e-03 1.038570e-03 4 3 5 3 5.917383e-13 0.000000e+00
438 475 6.552935e-03 1.307482e-03 4 3 5 3 9.377375e-13 0.000000e+00
438 476 6.552935e-03 1.646023e-03 4 3 5 3 1.485935e-12 0.000000e+00
438 477 6.552935e-03 2.072220e-03 4 3 5 3 2.354439e-12 0.000000e+00
438 478 6.552935e-03 2.608770e-03 4 3 5 3 3.730309e-12 0.000000e+00
438 479 6.552935e-03 3.284247e-03 4 3 5 3 5.911439e-12 0.000000e+00
438 480 6.552935e-03 4.134622e-03 4 3 5 3 9.386846e-12 0.000000e+00
438 481 6.552935e-03 5.205181e-03 4 3 5 3 1.531267e-11 0.000000e+00
438 482 6.552935e-03 6.552935e-03 4 3 5 3 0.000000e+00 0.000000e+00
438 483 6.552935e-03 8.249656e-03 4 3 5 3 1.510807e-11 0.000000e+00
439 473 8.249656e-03 8.249656e-04 4 3 5 3 2.366922e-13 0.000000e+00
439 474 8.249656e-03 1.038570e-03 4 3 5 3 3.751567e-13 0.000000e+00
439 475 8.249656e-03 1.307482e-03 4 3 5 3 5.944797e-13 0.000000e+00
439 476 8.249656e-03 1.646023e-03 4 3 5 3 9.420784e-13 0.000000e+00
439 477 8.249656e-03 2.072220e-03 4 3 5 3 1.492662e-12 0.000000e+00
439 478 8.249656e-03 2.608770e-03 4 3 5 3 2.364732e-12 0.000000e+00
439 479 8.249656e-03 3.284247e-03 4 3 5 3 3.745397e-12 0.000000e+00
439 480 8.249656e-03 4.134622e-03 4 3 5 3 5.930423e-12 0.000000e+00
439 481 8.249656e-03 5.205181e-03 4 3 5 3 9.392664e-12 0.000000e+00
439 482 8.249656e-03 6.552935e-03 4 3 5 3 1.510807e-11 0.000000e+00
439 483 8.249656e-03 8.249656e-03 4 3 5 3 0.000000e+00 0.000000e+00
