# Please cite the following papers in research using this covariance:
# arXiv: 1601.05779, https://arxiv.org/abs/1601.05779
# arXiv: 1911.11947, https://arxiv.org/abs/1911.11947
# arXiv: 2004.04833, https://arxiv.org/abs/2004.04833
# arXiv: 1804.10663, https://arxiv.org/abs/1804.10663
########################################################
220 319 8.249656e-04 8.249656e-04 0 0 2 1 0.000000e+00 0.000000e+00
220 320 8.249656e-04 1.038570e-03 0 0 2 1 1.020241e-13 0.000000e+00
220 321 8.249656e-04 1.307482e-03 0 0 2 1 8.956664e-14 0.000000e+00
220 322 8.249656e-04 1.646023e-03 0 0 2 1 7.069789e-14 0.000000e+00
220 323 8.249656e-04 2.072220e-03 0 0 2 1 5.187501e-14 0.000000e+00
220 324 8.249656e-04 2.608770e-03 0 0 2 1 3.620294e-14 0.000000e+00
220 325 8.249656e-04 3.284247e-03 0 0 2 1 2.453485e-14 0.000000e+00
220 326 8.249656e-04 4.134622e-03 0 0 2 1 1.648825e-14 0.000000e+00
220 327 8.249656e-04 5.205181e-03 0 0 2 1 1.120305e-14 0.000000e+00
220 328 8.249656e-04 6.552935e-03 0 0 2 1 7.805002e-15 0.000000e+00
220 329 8.249656e-04 8.249656e-03 0 0 2 1 5.607162e-15 0.000000e+00
221 319 1.038570e-03 8.249656e-04 0 0 2 1 1.020241e-13 0.000000e+00
221 320 1.038570e-03 1.038570e-03 0 0 2 1 0.000000e+00 0.000000e+00
221 321 1.038570e-03 1.307482e-03 0 0 2 1 1.266448e-13 0.000000e+00
221 322 1.038570e-03 1.646023e-03 0 0 2 1 1.063709e-13 0.000000e+00
221 323 1.038570e-03 2.072220e-03 0 0 2 1 8.033603e-14 0.000000e+00
221 324 1.038570e-03 2.608770e-03 0 0 2 1 5.682252e-14 0.000000e+00
221 325 1.038570e-03 3.284247e-03 0 0 2 1 3.873346e-14 0.000000e+00
221 326 1.038570e-03 4.134622e-03 0 0 2 1 2.608688e-14 0.000000e+00
221 327 1.038570e-03 5.205181e-03 0 0 2 1 1.773635e-14 0.000000e+00
221 328 1.038570e-03 6.552935e-03 0 0 2 1 1.235876e-14 0.000000e+00
221 329 1.038570e-03 8.249656e-03 0 0 2 1 8.879631e-15 0.000000e+00
222 319 1.307482e-03 8.249656e-04 0 0 2 1 8.956664e-14 0.000000e+00
222 320 1.307482e-03 1.038570e-03 0 0 2 1 1.266448e-13 0.000000e+00
222 321 1.307482e-03 1.307482e-03 0 0 2 1 0.000000e+00 0.000000e+00
222 322 1.307482e-03 1.646023e-03 0 0 2 1 1.515649e-13 0.000000e+00
222 323 1.307482e-03 2.072220e-03 0 0 2 1 1.218360e-13 0.000000e+00
222 324 1.307482e-03 2.608770e-03 0 0 2 1 8.847948e-14 0.000000e+00
222 325 1.307482e-03 3.284247e-03 0 0 2 1 6.097036e-14 0.000000e+00
222 326 1.307482e-03 4.134622e-03 0 0 2 1 4.122526e-14 0.000000e+00
222 327 1.307482e-03 5.205181e-03 0 0 2 1 2.806105e-14 0.000000e+00
222 328 1.307482e-03 6.552935e-03 0 0 2 1 1.955883e-14 0.000000e+00
222 329 1.307482e-03 8.249656e-03 0 0 2 1 1.405543e-14 0.000000e+00
223 319 1.646023e-03 8.249656e-04 0 0 2 1 7.069789e-14 0.000000e+00
223 320 1.646023e-03 1.038570e-03 0 0 2 1 1.063709e-13 0.000000e+00
223 321 1.646023e-03 1.307482e-03 0 0 2 1 1.515649e-13 0.000000e+00
223 322 1.646023e-03 1.646023e-03 0 0 2 1 0.000000e+00 0.000000e+00
223 323 1.646023e-03 2.072220e-03 0 0 2 1 1.754600e-13 0.000000e+00
223 324 1.646023e-03 2.608770e-03 0 0 2 1 1.353827e-13 0.000000e+00
223 325 1.646023e-03 3.284247e-03 0 0 2 1 9.540841e-14 0.000000e+00
223 326 1.646023e-03 4.134622e-03 0 0 2 1 6.500968e-14 0.000000e+00
223 327 1.646023e-03 5.205181e-03 0 0 2 1 4.434716e-14 0.000000e+00
223 328 1.646023e-03 6.552935e-03 0 0 2 1 3.092695e-14 0.000000e+00
223 329 1.646023e-03 8.249656e-03 0 0 2 1 2.223148e-14 0.000000e+00
224 319 2.072220e-03 8.249656e-04 0 0 2 1 5.187501e-14 0.000000e+00
224 320 2.072220e-03 1.038570e-03 0 0 2 1 8.033603e-14 0.000000e+00
224 321 2.072220e-03 1.307482e-03 0 0 2 1 1.218360e-13 0.000000e+00
224 322 2.072220e-03 1.646023e-03 0 0 2 1 1.754600e-13 0.000000e+00
224 323 2.072220e-03 2.072220e-03 0 0 2 1 0.000000e+00 0.000000e+00
224 324 2.072220e-03 2.608770e-03 0 0 2 1 1.975471e-13 0.000000e+00
224 325 2.072220e-03 3.284247e-03 0 0 2 1 1.472488e-13 0.000000e+00
224 326 2.072220e-03 4.134622e-03 0 0 2 1 1.020742e-13 0.000000e+00
224 327 2.072220e-03 5.205181e-03 0 0 2 1 6.995232e-14 0.000000e+00
224 328 2.072220e-03 6.552935e-03 0 0 2 1 4.883502e-14 0.000000e+00
224 329 2.072220e-03 8.249656e-03 0 0 2 1 3.512193e-14 0.000000e+00
225 319 2.608770e-03 8.249656e-04 0 0 2 1 3.620294e-14 0.000000e+00
225 320 2.608770e-03 1.038570e-03 0 0 2 1 5.682252e-14 0.000000e+00
225 321 2.608770e-03 1.307482e-03 0 0 2 1 8.847948e-14 0.000000e+00
225 322 2.608770e-03 1.646023e-03 0 0 2 1 1.353827e-13 0.000000e+00
225 323 2.608770e-03 2.072220e-03 0 0 2 1 1.975471e-13 0.000000e+00
225 324 2.608770e-03 2.608770e-03 0 0 2 1 0.000000e+00 0.000000e+00
225 325 2.608770e-03 3.284247e-03 0 0 2 1 2.179601e-13 0.000000e+00
225 326 2.608770e-03 4.134622e-03 0 0 2 1 1.586013e-13 0.000000e+00
225 327 2.608770e-03 5.205181e-03 0 0 2 1 1.099473e-13 0.000000e+00
225 328 2.608770e-03 6.552935e-03 0 0 2 1 7.693917e-14 0.000000e+00
225 329 2.608770e-03 8.249656e-03 0 0 2 1 5.538182e-14 0.000000e+00
226 319 3.284247e-03 8.249656e-04 0 0 2 1 2.453485e-14 0.000000e+00
226 320 3.284247e-03 1.038570e-03 0 0 2 1 3.873346e-14 0.000000e+00
226 321 3.284247e-03 1.307482e-03 0 0 2 1 6.097036e-14 0.000000e+00
226 322 3.284247e-03 1.646023e-03 0 0 2 1 9.540841e-14 0.000000e+00
226 323 3.284247e-03 2.072220e-03 0 0 2 1 1.472488e-13 0.000000e+00
226 324 3.284247e-03 2.608770e-03 0 0 2 1 2.179601e-13 0.000000e+00
226 325 3.284247e-03 3.284247e-03 0 0 2 1 0.000000e+00 0.000000e+00
226 326 3.284247e-03 4.134622e-03 0 0 2 1 2.379211e-13 0.000000e+00
226 327 3.284247e-03 5.205181e-03 0 0 2 1 1.714034e-13 0.000000e+00
226 328 3.284247e-03 6.552935e-03 0 0 2 1 1.207535e-13 0.000000e+00
226 329 3.284247e-03 8.249656e-03 0 0 2 1 8.706454e-14 0.000000e+00
227 319 4.134622e-03 8.249656e-04 0 0 2 1 1.648825e-14 0.000000e+00
227 320 4.134622e-03 1.038570e-03 0 0 2 1 2.608688e-14 0.000000e+00
227 321 4.134622e-03 1.307482e-03 0 0 2 1 4.122526e-14 0.000000e+00
227 322 4.134622e-03 1.646023e-03 0 0 2 1 6.500968e-14 0.000000e+00
227 323 4.134622e-03 2.072220e-03 0 0 2 1 1.020742e-13 0.000000e+00
227 324 4.134622e-03 2.608770e-03 0 0 2 1 1.586013e-13 0.000000e+00
227 325 4.134622e-03 3.284247e-03 0 0 2 1 2.379211e-13 0.000000e+00
227 326 4.134622e-03 4.134622e-03 0 0 2 1 0.000000e+00 0.000000e+00
227 327 4.134622e-03 5.205181e-03 0 0 2 1 2.596707e-13 0.000000e+00
227 328 4.134622e-03 6.552935e-03 0 0 2 1 1.881071e-13 0.000000e+00
227 329 4.134622e-03 8.249656e-03 0 0 2 1 1.362008e-13 0.000000e+00
228 319 5.205181e-03 8.249656e-04 0 0 2 1 1.120305e-14 0.000000e+00
228 320 5.205181e-03 1.038570e-03 0 0 2 1 1.773635e-14 0.000000e+00
228 321 5.205181e-03 1.307482e-03 0 0 2 1 2.806105e-14 0.000000e+00
228 322 5.205181e-03 1.646023e-03 0 0 2 1 4.434716e-14 0.000000e+00
228 323 5.205181e-03 2.072220e-03 0 0 2 1 6.995232e-14 0.000000e+00
228 324 5.205181e-03 2.608770e-03 0 0 2 1 1.099473e-13 0.000000e+00
228 325 5.205181e-03 3.284247e-03 0 0 2 1 1.714034e-13 0.000000e+00
228 326 5.205181e-03 4.134622e-03 0 0 2 1 2.596707e-13 0.000000e+00
228 327 5.205181e-03 5.205181e-03 0 0 2 1 0.000000e+00 0.000000e+00
228 328 5.205181e-03 6.552935e-03 0 0 2 1 2.862025e-13 0.000000e+00
228 329 5.205181e-03 8.249656e-03 0 0 2 1 2.112700e-13 0.000000e+00
229 319 6.552935e-03 8.249656e-04 0 0 2 1 7.805002e-15 0.000000e+00
229 320 6.552935e-03 1.038570e-03 0 0 2 1 1.235876e-14 0.000000e+00
229 321 6.552935e-03 1.307482e-03 0 0 2 1 1.955883e-14 0.000000e+00
229 322 6.552935e-03 1.646023e-03 0 0 2 1 3.092695e-14 0.000000e+00
229 323 6.552935e-03 2.072220e-03 0 0 2 1 4.883502e-14 0.000000e+00
229 324 6.552935e-03 2.608770e-03 0 0 2 1 7.693917e-14 0.000000e+00
229 325 6.552935e-03 3.284247e-03 0 0 2 1 1.207535e-13 0.000000e+00
229 326 6.552935e-03 4.134622e-03 0 0 2 1 1.881071e-13 0.000000e+00
229 327 6.552935e-03 5.205181e-03 0 0 2 1 2.862025e-13 0.000000e+00
229 328 6.552935e-03 6.552935e-03 0 0 2 1 0.000000e+00 0.000000e+00
229 329 6.552935e-03 8.249656e-03 0 0 2 1 3.208445e-13 0.000000e+00
230 319 8.249656e-03 8.249656e-04 0 0 2 1 5.607162e-15 0.000000e+00
230 320 8.249656e-03 1.038570e-03 0 0 2 1 8.879631e-15 0.000000e+00
230 321 8.249656e-03 1.307482e-03 0 0 2 1 1.405543e-14 0.000000e+00
230 322 8.249656e-03 1.646023e-03 0 0 2 1 2.223148e-14 0.000000e+00
230 323 8.249656e-03 2.072220e-03 0 0 2 1 3.512193e-14 0.000000e+00
230 324 8.249656e-03 2.608770e-03 0 0 2 1 5.538182e-14 0.000000e+00
230 325 8.249656e-03 3.284247e-03 0 0 2 1 8.706454e-14 0.000000e+00
230 326 8.249656e-03 4.134622e-03 0 0 2 1 1.362008e-13 0.000000e+00
230 327 8.249656e-03 5.205181e-03 0 0 2 1 2.112700e-13 0.000000e+00
230 328 8.249656e-03 6.552935e-03 0 0 2 1 3.208445e-13 0.000000e+00
230 329 8.249656e-03 8.249656e-03 0 0 2 1 0.000000e+00 0.000000e+00
