# Please cite the following papers in research using this covariance:
# arXiv: 1601.05779, https://arxiv.org/abs/1601.05779
# arXiv: 1911.11947, https://arxiv.org/abs/1911.11947
# arXiv: 2004.04833, https://arxiv.org/abs/2004.04833
# arXiv: 1804.10663, https://arxiv.org/abs/1804.10663
########################################################
286 286 8.249656e-04 8.249656e-04 1 2 1 2 2.599977e-09 0.000000e+00
286 287 8.249656e-04 1.038570e-03 1 2 1 2 9.758734e-11 0.000000e+00
286 288 8.249656e-04 1.307482e-03 1 2 1 2 4.799287e-11 0.000000e+00
286 289 8.249656e-04 1.646023e-03 1 2 1 2 2.286082e-11 0.000000e+00
286 290 8.249656e-04 2.072220e-03 1 2 1 2 1.094697e-11 0.000000e+00
286 291 8.249656e-04 2.608770e-03 1 2 1 2 5.407766e-12 0.000000e+00
286 292 8.249656e-04 3.284247e-03 1 2 1 2 2.803813e-12 0.000000e+00
286 293 8.249656e-04 4.134622e-03 1 2 1 2 1.541523e-12 0.000000e+00
286 294 8.249656e-04 5.205181e-03 1 2 1 2 8.998893e-13 0.000000e+00
286 295 8.249656e-04 6.552935e-03 1 2 1 2 5.540163e-13 0.000000e+00
286 296 8.249656e-04 8.249656e-03 1 2 1 2 3.550988e-13 0.000000e+00
287 286 1.038570e-03 8.249656e-04 1 2 1 2 9.758734e-11 0.000000e+00
287 287 1.038570e-03 1.038570e-03 1 2 1 2 1.649077e-09 0.000000e+00
287 288 1.038570e-03 1.307482e-03 1 2 1 2 8.451447e-11 0.000000e+00
287 289 1.038570e-03 1.646023e-03 1 2 1 2 3.931385e-11 0.000000e+00
287 290 1.038570e-03 2.072220e-03 1 2 1 2 1.827973e-11 0.000000e+00
287 291 1.038570e-03 2.608770e-03 1 2 1 2 8.826722e-12 0.000000e+00
287 292 1.038570e-03 3.284247e-03 1 2 1 2 4.510651e-12 0.000000e+00
287 293 1.038570e-03 4.134622e-03 1 2 1 2 2.459297e-12 0.000000e+00
287 294 1.038570e-03 5.205181e-03 1 2 1 2 1.429780e-12 0.000000e+00
287 295 1.038570e-03 6.552935e-03 1 2 1 2 8.785132e-13 0.000000e+00
287 296 1.038570e-03 8.249656e-03 1 2 1 2 5.628897e-13 0.000000e+00
288 286 1.307482e-03 8.249656e-04 1 2 1 2 4.799287e-11 0.000000e+00
288 287 1.307482e-03 1.038570e-03 1 2 1 2 8.451447e-11 0.000000e+00
288 288 1.307482e-03 1.307482e-03 1 2 1 2 1.045124e-09 0.000000e+00
288 289 1.307482e-03 1.646023e-03 1 2 1 2 7.162144e-11 0.000000e+00
288 290 1.307482e-03 2.072220e-03 1 2 1 2 3.177802e-11 0.000000e+00
288 291 1.307482e-03 2.608770e-03 1 2 1 2 1.472841e-11 0.000000e+00
288 292 1.307482e-03 3.284247e-03 1 2 1 2 7.333953e-12 0.000000e+00
288 293 1.307482e-03 4.134622e-03 1 2 1 2 3.941900e-12 0.000000e+00
288 294 1.307482e-03 5.205181e-03 1 2 1 2 2.275717e-12 0.000000e+00
288 295 1.307482e-03 6.552935e-03 1 2 1 2 1.393977e-12 0.000000e+00
288 296 1.307482e-03 8.249656e-03 1 2 1 2 8.920665e-13 0.000000e+00
289 286 1.646023e-03 8.249656e-04 1 2 1 2 2.286082e-11 0.000000e+00
289 287 1.646023e-03 1.038570e-03 1 2 1 2 3.931385e-11 0.000000e+00
289 288 1.646023e-03 1.307482e-03 1 2 1 2 7.162144e-11 0.000000e+00
289 289 1.646023e-03 1.646023e-03 1 2 1 2 6.628079e-10 0.000000e+00
289 290 1.646023e-03 2.072220e-03 1 2 1 2 5.973467e-11 0.000000e+00
289 291 1.646023e-03 2.608770e-03 1 2 1 2 2.568967e-11 0.000000e+00
289 292 1.646023e-03 3.284247e-03 1 2 1 2 1.217012e-11 0.000000e+00
289 293 1.646023e-03 4.134622e-03 1 2 1 2 6.371688e-12 0.000000e+00
289 294 1.646023e-03 5.205181e-03 1 2 1 2 3.632720e-12 0.000000e+00
289 295 1.646023e-03 6.552935e-03 1 2 1 2 2.213578e-12 0.000000e+00
289 296 1.646023e-03 8.249656e-03 1 2 1 2 1.414056e-12 0.000000e+00
290 286 2.072220e-03 8.249656e-04 1 2 1 2 1.094697e-11 0.000000e+00
290 287 2.072220e-03 1.038570e-03 1 2 1 2 1.827973e-11 0.000000e+00
290 288 2.072220e-03 1.307482e-03 1 2 1 2 3.177802e-11 0.000000e+00
290 289 2.072220e-03 1.646023e-03 1 2 1 2 5.973467e-11 0.000000e+00
290 290 2.072220e-03 2.072220e-03 1 2 1 2 4.202413e-10 0.000000e+00
290 291 2.072220e-03 2.608770e-03 1 2 1 2 4.943139e-11 0.000000e+00
290 292 2.072220e-03 3.284247e-03 1 2 1 2 2.110758e-11 0.000000e+00
290 293 2.072220e-03 4.134622e-03 1 2 1 2 1.047446e-11 0.000000e+00
290 294 2.072220e-03 5.205181e-03 1 2 1 2 5.832334e-12 0.000000e+00
290 295 2.072220e-03 6.552935e-03 1 2 1 2 3.520515e-12 0.000000e+00
290 296 2.072220e-03 8.249656e-03 1 2 1 2 2.241491e-12 0.000000e+00
291 286 2.608770e-03 8.249656e-04 1 2 1 2 5.407766e-12 0.000000e+00
291 287 2.608770e-03 1.038570e-03 1 2 1 2 8.826722e-12 0.000000e+00
291 288 2.608770e-03 1.307482e-03 1 2 1 2 1.472841e-11 0.000000e+00
291 289 2.608770e-03 1.646023e-03 1 2 1 2 2.568967e-11 0.000000e+00
291 290 2.608770e-03 2.072220e-03 1 2 1 2 4.943139e-11 0.000000e+00
291 291 2.608770e-03 2.608770e-03 1 2 1 2 2.662781e-10 0.000000e+00
291 292 2.608770e-03 3.284247e-03 1 2 1 2 4.101289e-11 0.000000e+00
291 293 2.608770e-03 4.134622e-03 1 2 1 2 1.791331e-11 0.000000e+00
291 294 2.608770e-03 5.205181e-03 1 2 1 2 9.479083e-12 0.000000e+00
291 295 2.608770e-03 6.552935e-03 1 2 1 2 5.616595e-12 0.000000e+00
291 296 2.608770e-03 8.249656e-03 1 2 1 2 3.554540e-12 0.000000e+00
292 286 3.284247e-03 8.249656e-04 1 2 1 2 2.803813e-12 0.000000e+00
292 287 3.284247e-03 1.038570e-03 1 2 1 2 4.510651e-12 0.000000e+00
292 288 3.284247e-03 1.307482e-03 1 2 1 2 7.333953e-12 0.000000e+00
292 289 3.284247e-03 1.646023e-03 1 2 1 2 1.217012e-11 0.000000e+00
292 290 3.284247e-03 2.072220e-03 1 2 1 2 2.110758e-11 0.000000e+00
292 291 3.284247e-03 2.608770e-03 1 2 1 2 4.101289e-11 0.000000e+00
292 292 3.284247e-03 3.284247e-03 1 2 1 2 1.686272e-10 0.000000e+00
292 293 3.284247e-03 4.134622e-03 1 2 1 2 3.453828e-11 0.000000e+00
292 294 3.284247e-03 5.205181e-03 1 2 1 2 1.589700e-11 0.000000e+00
292 295 3.284247e-03 6.552935e-03 1 2 1 2 9.027240e-12 0.000000e+00
292 296 3.284247e-03 8.249656e-03 1 2 1 2 5.642474e-12 0.000000e+00
293 286 4.134622e-03 8.249656e-04 1 2 1 2 1.541523e-12 0.000000e+00
293 287 4.134622e-03 1.038570e-03 1 2 1 2 2.459297e-12 0.000000e+00
293 288 4.134622e-03 1.307482e-03 1 2 1 2 3.941900e-12 0.000000e+00
293 289 4.134622e-03 1.646023e-03 1 2 1 2 6.371688e-12 0.000000e+00
293 290 4.134622e-03 2.072220e-03 1 2 1 2 1.047446e-11 0.000000e+00
293 291 4.134622e-03 2.608770e-03 1 2 1 2 1.791331e-11 0.000000e+00
293 292 4.134622e-03 3.284247e-03 1 2 1 2 3.453828e-11 0.000000e+00
293 293 4.134622e-03 4.134622e-03 1 2 1 2 1.068694e-10 0.000000e+00
293 294 4.134622e-03 5.205181e-03 1 2 1 2 2.988942e-11 0.000000e+00
293 295 4.134622e-03 6.552935e-03 1 2 1 2 1.482554e-11 0.000000e+00
293 296 4.134622e-03 8.249656e-03 1 2 1 2 8.985611e-12 0.000000e+00
294 286 5.205181e-03 8.249656e-04 1 2 1 2 8.998893e-13 0.000000e+00
294 287 5.205181e-03 1.038570e-03 1 2 1 2 1.429780e-12 0.000000e+00
294 288 5.205181e-03 1.307482e-03 1 2 1 2 2.275717e-12 0.000000e+00
294 289 5.205181e-03 1.646023e-03 1 2 1 2 3.632720e-12 0.000000e+00
294 290 5.205181e-03 2.072220e-03 1 2 1 2 5.832334e-12 0.000000e+00
294 291 5.205181e-03 2.608770e-03 1 2 1 2 9.479083e-12 0.000000e+00
294 292 5.205181e-03 3.284247e-03 1 2 1 2 1.589700e-11 0.000000e+00
294 293 5.205181e-03 4.134622e-03 1 2 1 2 2.988942e-11 0.000000e+00
294 294 5.205181e-03 5.205181e-03 1 2 1 2 6.772415e-11 0.000000e+00
294 295 5.205181e-03 6.552935e-03 1 2 1 2 2.684435e-11 0.000000e+00
294 296 5.205181e-03 8.249656e-03 1 2 1 2 1.448453e-11 0.000000e+00
295 286 6.552935e-03 8.249656e-04 1 2 1 2 5.540163e-13 0.000000e+00
295 287 6.552935e-03 1.038570e-03 1 2 1 2 8.785132e-13 0.000000e+00
295 288 6.552935e-03 1.307482e-03 1 2 1 2 1.393977e-12 0.000000e+00
295 289 6.552935e-03 1.646023e-03 1 2 1 2 2.213578e-12 0.000000e+00
295 290 6.552935e-03 2.072220e-03 1 2 1 2 3.520515e-12 0.000000e+00
295 291 6.552935e-03 2.608770e-03 1 2 1 2 5.616595e-12 0.000000e+00
295 292 6.552935e-03 3.284247e-03 1 2 1 2 9.027240e-12 0.000000e+00
295 293 6.552935e-03 4.134622e-03 1 2 1 2 1.482554e-11 0.000000e+00
295 294 6.552935e-03 5.205181e-03 1 2 1 2 2.684435e-11 0.000000e+00
295 295 6.552935e-03 6.552935e-03 1 2 1 2 4.290386e-11 0.000000e+00
295 296 6.552935e-03 8.249656e-03 1 2 1 2 2.514040e-11 0.000000e+00
296 286 8.249656e-03 8.249656e-04 1 2 1 2 3.550988e-13 0.000000e+00
296 287 8.249656e-03 1.038570e-03 1 2 1 2 5.628897e-13 0.000000e+00
296 288 8.249656e-03 1.307482e-03 1 2 1 2 8.920665e-13 0.000000e+00
296 289 8.249656e-03 1.646023e-03 1 2 1 2 1.414056e-12 0.000000e+00
296 290 8.249656e-03 2.072220e-03 1 2 1 2 2.241491e-12 0.000000e+00
296 291 8.249656e-03 2.608770e-03 1 2 1 2 3.554540e-12 0.000000e+00
296 292 8.249656e-03 3.284247e-03 1 2 1 2 5.642474e-12 0.000000e+00
296 293 8.249656e-03 4.134622e-03 1 2 1 2 8.985611e-12 0.000000e+00
296 294 8.249656e-03 5.205181e-03 1 2 1 2 1.448453e-11 0.000000e+00
296 295 8.249656e-03 6.552935e-03 1 2 1 2 2.514040e-11 0.000000e+00
296 296 8.249656e-03 8.249656e-03 1 2 1 2 2.719472e-11 0.000000e+00
