# Please cite the following papers in research using this covariance:
# arXiv: 1601.05779, https://arxiv.org/abs/1601.05779
# arXiv: 1911.11947, https://arxiv.org/abs/1911.11947
# arXiv: 2004.04833, https://arxiv.org/abs/2004.04833
# arXiv: 1804.10663, https://arxiv.org/abs/1804.10663
########################################################
473 473 8.249656e-04 8.249656e-04 5 3 5 3 3.447576e-09 0.000000e+00
473 474 8.249656e-04 1.038570e-03 5 3 5 3 6.054637e-11 0.000000e+00
473 475 8.249656e-04 1.307482e-03 5 3 5 3 2.688661e-11 0.000000e+00
473 476 8.249656e-04 1.646023e-03 5 3 5 3 1.335079e-11 0.000000e+00
473 477 8.249656e-04 2.072220e-03 5 3 5 3 7.169405e-12 0.000000e+00
473 478 8.249656e-04 2.608770e-03 5 3 5 3 4.070108e-12 0.000000e+00
473 479 8.249656e-04 3.284247e-03 5 3 5 3 2.402285e-12 0.000000e+00
473 480 8.249656e-04 4.134622e-03 5 3 5 3 1.455083e-12 0.000000e+00
473 481 8.249656e-04 5.205181e-03 5 3 5 3 8.945495e-13 0.000000e+00
473 482 8.249656e-04 6.552935e-03 5 3 5 3 5.540801e-13 0.000000e+00
473 483 8.249656e-04 8.249656e-03 5 3 5 3 3.434907e-13 0.000000e+00
474 473 1.038570e-03 8.249656e-04 5 3 5 3 6.054637e-11 0.000000e+00
474 474 1.038570e-03 1.038570e-03 5 3 5 3 2.186680e-09 0.000000e+00
474 475 1.038570e-03 1.307482e-03 5 3 5 3 5.086735e-11 0.000000e+00
474 476 1.038570e-03 1.646023e-03 5 3 5 3 2.274815e-11 0.000000e+00
474 477 1.038570e-03 2.072220e-03 5 3 5 3 1.170825e-11 0.000000e+00
474 478 1.038570e-03 2.608770e-03 5 3 5 3 6.529344e-12 0.000000e+00
474 479 1.038570e-03 3.284247e-03 5 3 5 3 3.825404e-12 0.000000e+00
474 480 1.038570e-03 4.134622e-03 5 3 5 3 2.309908e-12 0.000000e+00
474 481 1.038570e-03 5.205181e-03 5 3 5 3 1.418759e-12 0.000000e+00
474 482 1.038570e-03 6.552935e-03 5 3 5 3 8.782951e-13 0.000000e+00
474 483 1.038570e-03 8.249656e-03 5 3 5 3 5.445249e-13 0.000000e+00
475 473 1.307482e-03 8.249656e-04 5 3 5 3 2.688661e-11 0.000000e+00
475 474 1.307482e-03 1.038570e-03 5 3 5 3 5.086735e-11 0.000000e+00
475 475 1.307482e-03 1.307482e-03 5 3 5 3 1.385837e-09 0.000000e+00
475 476 1.307482e-03 1.646023e-03 5 3 5 3 4.301024e-11 0.000000e+00
475 477 1.307482e-03 2.072220e-03 5 3 5 3 1.973108e-11 0.000000e+00
475 478 1.307482e-03 2.608770e-03 5 3 5 3 1.058567e-11 0.000000e+00
475 479 1.307482e-03 3.284247e-03 5 3 5 3 6.113890e-12 0.000000e+00
475 480 1.307482e-03 4.134622e-03 5 3 5 3 3.672102e-12 0.000000e+00
475 481 1.307482e-03 5.205181e-03 5 3 5 3 2.251147e-12 0.000000e+00
475 482 1.307482e-03 6.552935e-03 5 3 5 3 1.392638e-12 0.000000e+00
475 483 1.307482e-03 8.249656e-03 5 3 5 3 8.631782e-13 0.000000e+00
476 473 1.646023e-03 8.249656e-04 5 3 5 3 1.335079e-11 0.000000e+00
476 474 1.646023e-03 1.038570e-03 5 3 5 3 2.274815e-11 0.000000e+00
476 475 1.646023e-03 1.307482e-03 5 3 5 3 4.301024e-11 0.000000e+00
476 476 1.646023e-03 1.646023e-03 5 3 5 3 8.788848e-10 0.000000e+00
476 477 1.646023e-03 2.072220e-03 5 3 5 3 3.687101e-11 0.000000e+00
476 478 1.646023e-03 2.608770e-03 5 3 5 3 1.761089e-11 0.000000e+00
476 479 1.646023e-03 3.284247e-03 5 3 5 3 9.846574e-12 0.000000e+00
476 480 1.646023e-03 4.134622e-03 5 3 5 3 5.851767e-12 0.000000e+00
476 481 1.646023e-03 5.205181e-03 5 3 5 3 3.574527e-12 0.000000e+00
476 482 1.646023e-03 6.552935e-03 5 3 5 3 2.208751e-12 0.000000e+00
476 483 1.646023e-03 8.249656e-03 5 3 5 3 1.368587e-12 0.000000e+00
477 473 2.072220e-03 8.249656e-04 5 3 5 3 7.169405e-12 0.000000e+00
477 474 2.072220e-03 1.038570e-03 5 3 5 3 1.170825e-11 0.000000e+00
477 475 2.072220e-03 1.307482e-03 5 3 5 3 1.973108e-11 0.000000e+00
477 476 2.072220e-03 1.646023e-03 5 3 5 3 3.687101e-11 0.000000e+00
477 477 2.072220e-03 2.072220e-03 5 3 5 3 5.572410e-10 0.000000e+00
477 478 2.072220e-03 2.608770e-03 5 3 5 3 3.224131e-11 0.000000e+00
477 479 2.072220e-03 3.284247e-03 5 3 5 3 1.617400e-11 0.000000e+00
477 480 2.072220e-03 4.134622e-03 5 3 5 3 9.373801e-12 0.000000e+00
477 481 2.072220e-03 5.205181e-03 5 3 5 3 5.684584e-12 0.000000e+00
477 482 2.072220e-03 6.552935e-03 5 3 5 3 3.504957e-12 0.000000e+00
477 483 2.072220e-03 8.249656e-03 5 3 5 3 2.170311e-12 0.000000e+00
478 473 2.608770e-03 8.249656e-04 5 3 5 3 4.070108e-12 0.000000e+00
478 474 2.608770e-03 1.038570e-03 5 3 5 3 6.529344e-12 0.000000e+00
478 475 2.608770e-03 1.307482e-03 5 3 5 3 1.058567e-11 0.000000e+00
478 476 2.608770e-03 1.646023e-03 5 3 5 3 1.761089e-11 0.000000e+00
478 477 2.608770e-03 2.072220e-03 5 3 5 3 3.224131e-11 0.000000e+00
478 478 2.608770e-03 2.608770e-03 5 3 5 3 3.530854e-10 0.000000e+00
478 479 2.608770e-03 3.284247e-03 5 3 5 3 2.886011e-11 0.000000e+00
478 480 2.608770e-03 4.134622e-03 5 3 5 3 1.522826e-11 0.000000e+00
478 481 2.608770e-03 5.205181e-03 5 3 5 3 9.070677e-12 0.000000e+00
478 482 2.608770e-03 6.552935e-03 5 3 5 3 5.567186e-12 0.000000e+00
478 483 2.608770e-03 8.249656e-03 5 3 5 3 3.443067e-12 0.000000e+00
479 473 3.284247e-03 8.249656e-04 5 3 5 3 2.402285e-12 0.000000e+00
479 474 3.284247e-03 1.038570e-03 5 3 5 3 3.825404e-12 0.000000e+00
479 475 3.284247e-03 1.307482e-03 5 3 5 3 6.113890e-12 0.000000e+00
479 476 3.284247e-03 1.646023e-03 5 3 5 3 9.846574e-12 0.000000e+00
479 477 3.284247e-03 2.072220e-03 5 3 5 3 1.617400e-11 0.000000e+00
479 478 3.284247e-03 2.608770e-03 5 3 5 3 2.886011e-11 0.000000e+00
479 479 3.284247e-03 3.284247e-03 5 3 5 3 2.236000e-10 0.000000e+00
479 480 3.284247e-03 4.134622e-03 5 3 5 3 2.645622e-11 0.000000e+00
479 481 3.284247e-03 5.205181e-03 5 3 5 3 1.461144e-11 0.000000e+00
479 482 3.284247e-03 6.552935e-03 5 3 5 3 8.861714e-12 0.000000e+00
479 483 3.284247e-03 8.249656e-03 5 3 5 3 5.466042e-12 0.000000e+00
480 473 4.134622e-03 8.249656e-04 5 3 5 3 1.455083e-12 0.000000e+00
480 474 4.134622e-03 1.038570e-03 5 3 5 3 2.309908e-12 0.000000e+00
480 475 4.134622e-03 1.307482e-03 5 3 5 3 3.672102e-12 0.000000e+00
480 476 4.134622e-03 1.646023e-03 5 3 5 3 5.851767e-12 0.000000e+00
480 477 4.134622e-03 2.072220e-03 5 3 5 3 9.373801e-12 0.000000e+00
480 478 4.134622e-03 2.608770e-03 5 3 5 3 1.522826e-11 0.000000e+00
480 479 4.134622e-03 3.284247e-03 5 3 5 3 2.645622e-11 0.000000e+00
480 480 4.134622e-03 4.134622e-03 5 3 5 3 1.417090e-10 0.000000e+00
480 481 4.134622e-03 5.205181e-03 5 3 5 3 2.477568e-11 0.000000e+00
480 482 4.134622e-03 6.552935e-03 5 3 5 3 1.419286e-11 0.000000e+00
480 483 4.134622e-03 8.249656e-03 5 3 5 3 8.690220e-12 0.000000e+00
481 473 5.205181e-03 8.249656e-04 5 3 5 3 8.945495e-13 0.000000e+00
481 474 5.205181e-03 1.038570e-03 5 3 5 3 1.418759e-12 0.000000e+00
481 475 5.205181e-03 1.307482e-03 5 3 5 3 2.251147e-12 0.000000e+00
481 476 5.205181e-03 1.646023e-03 5 3 5 3 3.574527e-12 0.000000e+00
481 477 5.205181e-03 2.072220e-03 5 3 5 3 5.684584e-12 0.000000e+00
481 478 5.205181e-03 2.608770e-03 5 3 5 3 9.070677e-12 0.000000e+00
481 479 5.205181e-03 3.284247e-03 5 3 5 3 1.461144e-11 0.000000e+00
481 480 5.205181e-03 4.134622e-03 5 3 5 3 2.477568e-11 0.000000e+00
481 481 5.205181e-03 5.205181e-03 5 3 5 3 8.980238e-11 0.000000e+00
481 482 5.205181e-03 6.552935e-03 5 3 5 3 2.359615e-11 0.000000e+00
481 483 5.205181e-03 8.249656e-03 5 3 5 3 1.387175e-11 0.000000e+00
482 473 6.552935e-03 8.249656e-04 5 3 5 3 5.540801e-13 0.000000e+00
482 474 6.552935e-03 1.038570e-03 5 3 5 3 8.782951e-13 0.000000e+00
482 475 6.552935e-03 1.307482e-03 5 3 5 3 1.392638e-12 0.000000e+00
482 476 6.552935e-03 1.646023e-03 5 3 5 3 2.208751e-12 0.000000e+00
482 477 6.552935e-03 2.072220e-03 5 3 5 3 3.504957e-12 0.000000e+00
482 478 6.552935e-03 2.608770e-03 5 3 5 3 5.567186e-12 0.000000e+00
482 479 6.552935e-03 3.284247e-03 5 3 5 3 8.861714e-12 0.000000e+00
482 480 6.552935e-03 4.134622e-03 5 3 5 3 1.419286e-11 0.000000e+00
482 481 6.552935e-03 5.205181e-03 5 3 5 3 2.359615e-11 0.000000e+00
482 482 6.552935e-03 6.552935e-03 5 3 5 3 5.689062e-11 0.000000e+00
482 483 6.552935e-03 8.249656e-03 5 3 5 3 2.273142e-11 0.000000e+00
483 473 8.249656e-03 8.249656e-04 5 3 5 3 3.434907e-13 0.000000e+00
483 474 8.249656e-03 1.038570e-03 5 3 5 3 5.445249e-13 0.000000e+00
483 475 8.249656e-03 1.307482e-03 5 3 5 3 8.631782e-13 0.000000e+00
483 476 8.249656e-03 1.646023e-03 5 3 5 3 1.368587e-12 0.000000e+00
483 477 8.249656e-03 2.072220e-03 5 3 5 3 2.170311e-12 0.000000e+00
483 478 8.249656e-03 2.608770e-03 5 3 5 3 3.443067e-12 0.000000e+00
483 479 8.249656e-03 3.284247e-03 5 3 5 3 5.466042e-12 0.000000e+00
483 480 8.249656e-03 4.134622e-03 5 3 5 3 8.690220e-12 0.000000e+00
483 481 8.249656e-03 5.205181e-03 5 3 5 3 1.387175e-11 0.000000e+00
483 482 8.249656e-03 6.552935e-03 5 3 5 3 2.273142e-11 0.000000e+00
483 483 8.249656e-03 8.249656e-03 5 3 5 3 3.606026e-11 0.000000e+00
