# Please cite the following papers in research using this covariance:
# arXiv: 1601.05779, https://arxiv.org/abs/1601.05779
# arXiv: 1911.11947, https://arxiv.org/abs/1911.11947
# arXiv: 2004.04833, https://arxiv.org/abs/2004.04833
# arXiv: 1804.10663, https://arxiv.org/abs/1804.10663
########################################################
242 297 8.249656e-04 8.249656e-04 0 2 1 3 0.000000e+00 0.000000e+00
242 298 8.249656e-04 1.038570e-03 0 2 1 3 2.570294e-12 0.000000e+00
242 299 8.249656e-04 1.307482e-03 0 2 1 3 2.206037e-12 0.000000e+00
242 300 8.249656e-04 1.646023e-03 0 2 1 3 1.681667e-12 0.000000e+00
242 301 8.249656e-04 2.072220e-03 0 2 1 3 1.181293e-12 0.000000e+00
242 302 8.249656e-04 2.608770e-03 0 2 1 3 7.880464e-13 0.000000e+00
242 303 8.249656e-04 3.284247e-03 0 2 1 3 5.142776e-13 0.000000e+00
242 304 8.249656e-04 4.134622e-03 0 2 1 3 3.379501e-13 0.000000e+00
242 305 8.249656e-04 5.205181e-03 0 2 1 3 2.289649e-13 0.000000e+00
242 306 8.249656e-04 6.552935e-03 0 2 1 3 1.619719e-13 0.000000e+00
242 307 8.249656e-04 8.249656e-03 0 2 1 3 1.195470e-13 0.000000e+00
243 297 1.038570e-03 8.249656e-04 0 2 1 3 2.570294e-12 0.000000e+00
243 298 1.038570e-03 1.038570e-03 0 2 1 3 0.000000e+00 0.000000e+00
243 299 1.038570e-03 1.307482e-03 0 2 1 3 3.117646e-12 0.000000e+00
243 300 1.038570e-03 1.646023e-03 0 2 1 3 2.539159e-12 0.000000e+00
243 301 1.038570e-03 2.072220e-03 0 2 1 3 1.838151e-12 0.000000e+00
243 302 1.038570e-03 2.608770e-03 0 2 1 3 1.241868e-12 0.000000e+00
243 303 1.038570e-03 3.284247e-03 0 2 1 3 8.139596e-13 0.000000e+00
243 304 1.038570e-03 4.134622e-03 0 2 1 3 5.353251e-13 0.000000e+00
243 305 1.038570e-03 5.205181e-03 0 2 1 3 3.626146e-13 0.000000e+00
243 306 1.038570e-03 6.552935e-03 0 2 1 3 2.564625e-13 0.000000e+00
243 307 1.038570e-03 8.249656e-03 0 2 1 3 1.892914e-13 0.000000e+00
244 297 1.307482e-03 8.249656e-04 0 2 1 3 2.206037e-12 0.000000e+00
244 298 1.307482e-03 1.038570e-03 0 2 1 3 3.117646e-12 0.000000e+00
244 299 1.307482e-03 1.307482e-03 0 2 1 3 0.000000e+00 0.000000e+00
244 300 1.307482e-03 1.646023e-03 0 2 1 3 3.627450e-12 0.000000e+00
244 301 1.307482e-03 2.072220e-03 0 2 1 3 2.806309e-12 0.000000e+00
244 302 1.307482e-03 2.608770e-03 0 2 1 3 1.946001e-12 0.000000e+00
244 303 1.307482e-03 3.284247e-03 0 2 1 3 1.286575e-12 0.000000e+00
244 304 1.307482e-03 4.134622e-03 0 2 1 3 8.476507e-13 0.000000e+00
244 305 1.307482e-03 5.205181e-03 0 2 1 3 5.740323e-13 0.000000e+00
244 306 1.307482e-03 6.552935e-03 0 2 1 3 4.058536e-13 0.000000e+00
244 307 1.307482e-03 8.249656e-03 0 2 1 3 2.995620e-13 0.000000e+00
245 297 1.646023e-03 8.249656e-04 0 2 1 3 1.681667e-12 0.000000e+00
245 298 1.646023e-03 1.038570e-03 0 2 1 3 2.539159e-12 0.000000e+00
245 299 1.646023e-03 1.307482e-03 0 2 1 3 3.627450e-12 0.000000e+00
245 300 1.646023e-03 1.646023e-03 0 2 1 3 0.000000e+00 0.000000e+00
245 301 1.646023e-03 2.072220e-03 0 2 1 3 4.069802e-12 0.000000e+00
245 302 1.646023e-03 2.608770e-03 0 2 1 3 3.006090e-12 0.000000e+00
245 303 1.646023e-03 3.284247e-03 0 2 1 3 2.027055e-12 0.000000e+00
245 304 1.646023e-03 4.134622e-03 0 2 1 3 1.341181e-12 0.000000e+00
245 305 1.646023e-03 5.205181e-03 0 2 1 3 9.081082e-13 0.000000e+00
245 306 1.646023e-03 6.552935e-03 0 2 1 3 6.417107e-13 0.000000e+00
245 307 1.646023e-03 8.249656e-03 0 2 1 3 4.736582e-13 0.000000e+00
246 297 2.072220e-03 8.249656e-04 0 2 1 3 1.181293e-12 0.000000e+00
246 298 2.072220e-03 1.038570e-03 0 2 1 3 1.838151e-12 0.000000e+00
246 299 2.072220e-03 1.307482e-03 0 2 1 3 2.806309e-12 0.000000e+00
246 300 2.072220e-03 1.646023e-03 0 2 1 3 4.069802e-12 0.000000e+00
246 301 2.072220e-03 2.072220e-03 0 2 1 3 0.000000e+00 0.000000e+00
246 302 2.072220e-03 2.608770e-03 0 2 1 3 4.438677e-12 0.000000e+00
246 303 2.072220e-03 3.284247e-03 0 2 1 3 3.163447e-12 0.000000e+00
246 304 2.072220e-03 4.134622e-03 0 2 1 3 2.118230e-12 0.000000e+00
246 305 2.072220e-03 5.205181e-03 0 2 1 3 1.435093e-12 0.000000e+00
246 306 2.072220e-03 6.552935e-03 0 2 1 3 1.013275e-12 0.000000e+00
246 307 2.072220e-03 8.249656e-03 0 2 1 3 7.479107e-13 0.000000e+00
247 297 2.608770e-03 8.249656e-04 0 2 1 3 7.880464e-13 0.000000e+00
247 298 2.608770e-03 1.038570e-03 0 2 1 3 1.241868e-12 0.000000e+00
247 299 2.608770e-03 1.307482e-03 0 2 1 3 1.946001e-12 0.000000e+00
247 300 2.608770e-03 1.646023e-03 0 2 1 3 3.006090e-12 0.000000e+00
247 301 2.608770e-03 2.072220e-03 0 2 1 3 4.438677e-12 0.000000e+00
247 302 2.608770e-03 2.608770e-03 0 2 1 3 0.000000e+00 0.000000e+00
247 303 2.608770e-03 3.284247e-03 0 2 1 3 4.757678e-12 0.000000e+00
247 304 2.608770e-03 4.134622e-03 0 2 1 3 3.326188e-12 0.000000e+00
247 305 2.608770e-03 5.205181e-03 0 2 1 3 2.263820e-12 0.000000e+00
247 306 2.608770e-03 6.552935e-03 0 2 1 3 1.596699e-12 0.000000e+00
247 307 2.608770e-03 8.249656e-03 0 2 1 3 1.178416e-12 0.000000e+00
248 297 3.284247e-03 8.249656e-04 0 2 1 3 5.142776e-13 0.000000e+00
248 298 3.284247e-03 1.038570e-03 0 2 1 3 8.139596e-13 0.000000e+00
248 299 3.284247e-03 1.307482e-03 0 2 1 3 1.286575e-12 0.000000e+00
248 300 3.284247e-03 1.646023e-03 0 2 1 3 2.027055e-12 0.000000e+00
248 301 3.284247e-03 2.072220e-03 0 2 1 3 3.163447e-12 0.000000e+00
248 302 3.284247e-03 2.608770e-03 0 2 1 3 4.757678e-12 0.000000e+00
248 303 3.284247e-03 3.284247e-03 0 2 1 3 0.000000e+00 0.000000e+00
248 304 3.284247e-03 4.134622e-03 0 2 1 3 5.078676e-12 0.000000e+00
248 305 3.284247e-03 5.205181e-03 0 2 1 3 3.556397e-12 0.000000e+00
248 306 3.284247e-03 6.552935e-03 0 2 1 3 2.508228e-12 0.000000e+00
248 307 3.284247e-03 8.249656e-03 0 2 1 3 1.850479e-12 0.000000e+00
249 297 4.134622e-03 8.249656e-04 0 2 1 3 3.379501e-13 0.000000e+00
249 298 4.134622e-03 1.038570e-03 0 2 1 3 5.353251e-13 0.000000e+00
249 299 4.134622e-03 1.307482e-03 0 2 1 3 8.476507e-13 0.000000e+00
249 300 4.134622e-03 1.646023e-03 0 2 1 3 1.341181e-12 0.000000e+00
249 301 4.134622e-03 2.072220e-03 0 2 1 3 2.118230e-12 0.000000e+00
249 302 4.134622e-03 2.608770e-03 0 2 1 3 3.326188e-12 0.000000e+00
249 303 4.134622e-03 3.284247e-03 0 2 1 3 5.078676e-12 0.000000e+00
249 304 4.134622e-03 4.134622e-03 0 2 1 3 0.000000e+00 0.000000e+00
249 305 4.134622e-03 5.205181e-03 0 2 1 3 5.475094e-12 0.000000e+00
249 306 4.134622e-03 6.552935e-03 0 2 1 3 3.920514e-12 0.000000e+00
249 307 4.134622e-03 8.249656e-03 0 2 1 3 2.890777e-12 0.000000e+00
250 297 5.205181e-03 8.249656e-04 0 2 1 3 2.289649e-13 0.000000e+00
250 298 5.205181e-03 1.038570e-03 0 2 1 3 3.626146e-13 0.000000e+00
250 299 5.205181e-03 1.307482e-03 0 2 1 3 5.740323e-13 0.000000e+00
250 300 5.205181e-03 1.646023e-03 0 2 1 3 9.081082e-13 0.000000e+00
250 301 5.205181e-03 2.072220e-03 0 2 1 3 1.435093e-12 0.000000e+00
250 302 5.205181e-03 2.608770e-03 0 2 1 3 2.263820e-12 0.000000e+00
250 303 5.205181e-03 3.284247e-03 0 2 1 3 3.556397e-12 0.000000e+00
250 304 5.205181e-03 4.134622e-03 0 2 1 3 5.475094e-12 0.000000e+00
250 305 5.205181e-03 5.205181e-03 0 2 1 3 0.000000e+00 0.000000e+00
250 306 5.205181e-03 6.552935e-03 0 2 1 3 6.032286e-12 0.000000e+00
250 307 5.205181e-03 8.249656e-03 0 2 1 3 4.480583e-12 0.000000e+00
251 297 6.552935e-03 8.249656e-04 0 2 1 3 1.619719e-13 0.000000e+00
251 298 6.552935e-03 1.038570e-03 0 2 1 3 2.564625e-13 0.000000e+00
251 299 6.552935e-03 1.307482e-03 0 2 1 3 4.058536e-13 0.000000e+00
251 300 6.552935e-03 1.646023e-03 0 2 1 3 6.417107e-13 0.000000e+00
251 301 6.552935e-03 2.072220e-03 0 2 1 3 1.013275e-12 0.000000e+00
251 302 6.552935e-03 2.608770e-03 0 2 1 3 1.596699e-12 0.000000e+00
251 303 6.552935e-03 3.284247e-03 0 2 1 3 2.508228e-12 0.000000e+00
251 304 6.552935e-03 4.134622e-03 0 2 1 3 3.920514e-12 0.000000e+00
251 305 6.552935e-03 5.205181e-03 0 2 1 3 6.032286e-12 0.000000e+00
251 306 6.552935e-03 6.552935e-03 0 2 1 3 0.000000e+00 0.000000e+00
251 307 6.552935e-03 8.249656e-03 0 2 1 3 6.836706e-12 0.000000e+00
252 297 8.249656e-03 8.249656e-04 0 2 1 3 1.195470e-13 0.000000e+00
252 298 8.249656e-03 1.038570e-03 0 2 1 3 1.892914e-13 0.000000e+00
252 299 8.249656e-03 1.307482e-03 0 2 1 3 2.995620e-13 0.000000e+00
252 300 8.249656e-03 1.646023e-03 0 2 1 3 4.736582e-13 0.000000e+00
252 301 8.249656e-03 2.072220e-03 0 2 1 3 7.479107e-13 0.000000e+00
252 302 8.249656e-03 2.608770e-03 0 2 1 3 1.178416e-12 0.000000e+00
252 303 8.249656e-03 3.284247e-03 0 2 1 3 1.850479e-12 0.000000e+00
252 304 8.249656e-03 4.134622e-03 0 2 1 3 2.890777e-12 0.000000e+00
252 305 8.249656e-03 5.205181e-03 0 2 1 3 4.480583e-12 0.000000e+00
252 306 8.249656e-03 6.552935e-03 0 2 1 3 6.836706e-12 0.000000e+00
252 307 8.249656e-03 8.249656e-03 0 2 1 3 0.000000e+00 0.000000e+00
