# Please cite the following papers in research using this covariance:
# arXiv: 1601.05779, https://arxiv.org/abs/1601.05779
# arXiv: 1911.11947, https://arxiv.org/abs/1911.11947
# arXiv: 2004.04833, https://arxiv.org/abs/2004.04833
# arXiv: 1804.10663, https://arxiv.org/abs/1804.10663
########################################################
319 341 8.249656e-04 8.249656e-04 2 1 2 3 0.000000e+00 0.000000e+00
319 342 8.249656e-04 1.038570e-03 2 1 2 3 6.360461e-12 0.000000e+00
319 343 8.249656e-04 1.307482e-03 2 1 2 3 3.812122e-12 0.000000e+00
319 344 8.249656e-04 1.646023e-03 2 1 2 3 2.220025e-12 0.000000e+00
319 345 8.249656e-04 2.072220e-03 2 1 2 3 1.282836e-12 0.000000e+00
319 346 8.249656e-04 2.608770e-03 2 1 2 3 7.486787e-13 0.000000e+00
319 347 8.249656e-04 3.284247e-03 2 1 2 3 4.494756e-13 0.000000e+00
319 348 8.249656e-04 4.134622e-03 2 1 2 3 2.819654e-13 0.000000e+00
319 349 8.249656e-04 5.205181e-03 2 1 2 3 1.861748e-13 0.000000e+00
319 350 8.249656e-04 6.552935e-03 2 1 2 3 1.289574e-13 0.000000e+00
319 351 8.249656e-04 8.249656e-03 2 1 2 3 9.255616e-14 0.000000e+00
320 341 1.038570e-03 8.249656e-04 2 1 2 3 6.360461e-12 0.000000e+00
320 342 1.038570e-03 1.038570e-03 2 1 2 3 0.000000e+00 0.000000e+00
320 343 1.038570e-03 1.307482e-03 2 1 2 3 6.126166e-12 0.000000e+00
320 344 1.038570e-03 1.646023e-03 2 1 2 3 3.585605e-12 0.000000e+00
320 345 1.038570e-03 2.072220e-03 2 1 2 3 2.063227e-12 0.000000e+00
320 346 1.038570e-03 2.608770e-03 2 1 2 3 1.197518e-12 0.000000e+00
320 347 1.038570e-03 3.284247e-03 2 1 2 3 7.155950e-13 0.000000e+00
320 348 1.038570e-03 4.134622e-03 2 1 2 3 4.475062e-13 0.000000e+00
320 349 1.038570e-03 5.205181e-03 2 1 2 3 2.950026e-13 0.000000e+00
320 350 1.038570e-03 6.552935e-03 2 1 2 3 2.042078e-13 0.000000e+00
320 351 1.038570e-03 8.249656e-03 2 1 2 3 1.465635e-13 0.000000e+00
321 341 1.307482e-03 8.249656e-04 2 1 2 3 3.812122e-12 0.000000e+00
321 342 1.307482e-03 1.038570e-03 2 1 2 3 6.126166e-12 0.000000e+00
321 343 1.307482e-03 1.307482e-03 2 1 2 3 0.000000e+00 0.000000e+00
321 344 1.307482e-03 1.646023e-03 2 1 2 3 5.832704e-12 0.000000e+00
321 345 1.307482e-03 2.072220e-03 2 1 2 3 3.350058e-12 0.000000e+00
321 346 1.307482e-03 2.608770e-03 2 1 2 3 1.927548e-12 0.000000e+00
321 347 1.307482e-03 3.284247e-03 2 1 2 3 1.142895e-12 0.000000e+00
321 348 1.307482e-03 4.134622e-03 2 1 2 3 7.109745e-13 0.000000e+00
321 349 1.307482e-03 5.205181e-03 2 1 2 3 4.674045e-13 0.000000e+00
321 350 1.307482e-03 6.552935e-03 2 1 2 3 3.232313e-13 0.000000e+00
321 351 1.307482e-03 8.249656e-03 2 1 2 3 2.319820e-13 0.000000e+00
322 341 1.646023e-03 8.249656e-04 2 1 2 3 2.220025e-12 0.000000e+00
322 342 1.646023e-03 1.038570e-03 2 1 2 3 3.585605e-12 0.000000e+00
322 343 1.646023e-03 1.307482e-03 2 1 2 3 5.832704e-12 0.000000e+00
322 344 1.646023e-03 1.646023e-03 2 1 2 3 0.000000e+00 0.000000e+00
322 345 1.646023e-03 2.072220e-03 2 1 2 3 5.513509e-12 0.000000e+00
322 346 1.646023e-03 2.608770e-03 2 1 2 3 3.138215e-12 0.000000e+00
322 347 1.646023e-03 3.284247e-03 2 1 2 3 1.836136e-12 0.000000e+00
322 348 1.646023e-03 4.134622e-03 2 1 2 3 1.131843e-12 0.000000e+00
322 349 1.646023e-03 5.205181e-03 2 1 2 3 7.405717e-13 0.000000e+00
322 350 1.646023e-03 6.552935e-03 2 1 2 3 5.112491e-13 0.000000e+00
322 351 1.646023e-03 8.249656e-03 2 1 2 3 3.668764e-13 0.000000e+00
323 341 2.072220e-03 8.249656e-04 2 1 2 3 1.282836e-12 0.000000e+00
323 342 2.072220e-03 1.038570e-03 2 1 2 3 2.063227e-12 0.000000e+00
323 343 2.072220e-03 1.307482e-03 2 1 2 3 3.350058e-12 0.000000e+00
323 344 2.072220e-03 1.646023e-03 2 1 2 3 5.513509e-12 0.000000e+00
323 345 2.072220e-03 2.072220e-03 2 1 2 3 0.000000e+00 0.000000e+00
323 346 2.072220e-03 2.608770e-03 2 1 2 3 5.210954e-12 0.000000e+00
323 347 2.072220e-03 3.284247e-03 2 1 2 3 2.984821e-12 0.000000e+00
323 348 2.072220e-03 4.134622e-03 2 1 2 3 1.809533e-12 0.000000e+00
323 349 2.072220e-03 5.205181e-03 2 1 2 3 1.173807e-12 0.000000e+00
323 350 2.072220e-03 6.552935e-03 2 1 2 3 8.078002e-13 0.000000e+00
323 351 2.072220e-03 8.249656e-03 2 1 2 3 5.795047e-13 0.000000e+00
324 341 2.608770e-03 8.249656e-04 2 1 2 3 7.486787e-13 0.000000e+00
324 342 2.608770e-03 1.038570e-03 2 1 2 3 1.197518e-12 0.000000e+00
324 343 2.608770e-03 1.307482e-03 2 1 2 3 1.927548e-12 0.000000e+00
324 344 2.608770e-03 1.646023e-03 2 1 2 3 3.138215e-12 0.000000e+00
324 345 2.608770e-03 2.072220e-03 2 1 2 3 5.210954e-12 0.000000e+00
324 346 2.608770e-03 2.608770e-03 2 1 2 3 0.000000e+00 0.000000e+00
324 347 2.608770e-03 3.284247e-03 2 1 2 3 4.971829e-12 0.000000e+00
324 348 2.608770e-03 4.134622e-03 2 1 2 3 2.922057e-12 0.000000e+00
324 349 2.608770e-03 5.205181e-03 2 1 2 3 1.863486e-12 0.000000e+00
324 350 2.608770e-03 6.552935e-03 2 1 2 3 1.274559e-12 0.000000e+00
324 351 2.608770e-03 8.249656e-03 2 1 2 3 9.135737e-13 0.000000e+00
325 341 3.284247e-03 8.249656e-04 2 1 2 3 4.494756e-13 0.000000e+00
325 342 3.284247e-03 1.038570e-03 2 1 2 3 7.155950e-13 0.000000e+00
325 343 3.284247e-03 1.307482e-03 2 1 2 3 1.142895e-12 0.000000e+00
325 344 3.284247e-03 1.646023e-03 2 1 2 3 1.836136e-12 0.000000e+00
325 345 3.284247e-03 2.072220e-03 2 1 2 3 2.984821e-12 0.000000e+00
325 346 3.284247e-03 2.608770e-03 2 1 2 3 4.971829e-12 0.000000e+00
325 347 3.284247e-03 3.284247e-03 2 1 2 3 0.000000e+00 0.000000e+00
325 348 3.284247e-03 4.134622e-03 2 1 2 3 4.842209e-12 0.000000e+00
325 349 3.284247e-03 5.205181e-03 2 1 2 3 2.976282e-12 0.000000e+00
325 350 3.284247e-03 6.552935e-03 2 1 2 3 2.008071e-12 0.000000e+00
325 351 3.284247e-03 8.249656e-03 2 1 2 3 1.435936e-12 0.000000e+00
326 341 4.134622e-03 8.249656e-04 2 1 2 3 2.819654e-13 0.000000e+00
326 342 4.134622e-03 1.038570e-03 2 1 2 3 4.475062e-13 0.000000e+00
326 343 4.134622e-03 1.307482e-03 2 1 2 3 7.109745e-13 0.000000e+00
326 344 4.134622e-03 1.646023e-03 2 1 2 3 1.131843e-12 0.000000e+00
326 345 4.134622e-03 2.072220e-03 2 1 2 3 1.809533e-12 0.000000e+00
326 346 4.134622e-03 2.608770e-03 2 1 2 3 2.922057e-12 0.000000e+00
326 347 4.134622e-03 3.284247e-03 2 1 2 3 4.842209e-12 0.000000e+00
326 348 4.134622e-03 4.134622e-03 2 1 2 3 0.000000e+00 0.000000e+00
326 349 4.134622e-03 5.205181e-03 2 1 2 3 4.863067e-12 0.000000e+00
326 350 4.134622e-03 6.552935e-03 2 1 2 3 3.165757e-12 0.000000e+00
326 351 4.134622e-03 8.249656e-03 2 1 2 3 2.247211e-12 0.000000e+00
327 341 5.205181e-03 8.249656e-04 2 1 2 3 1.861748e-13 0.000000e+00
327 342 5.205181e-03 1.038570e-03 2 1 2 3 2.950026e-13 0.000000e+00
327 343 5.205181e-03 1.307482e-03 2 1 2 3 4.674045e-13 0.000000e+00
327 344 5.205181e-03 1.646023e-03 2 1 2 3 7.405717e-13 0.000000e+00
327 345 5.205181e-03 2.072220e-03 2 1 2 3 1.173807e-12 0.000000e+00
327 346 5.205181e-03 2.608770e-03 2 1 2 3 1.863486e-12 0.000000e+00
327 347 5.205181e-03 3.284247e-03 2 1 2 3 2.976282e-12 0.000000e+00
327 348 5.205181e-03 4.134622e-03 2 1 2 3 4.863067e-12 0.000000e+00
327 349 5.205181e-03 5.205181e-03 2 1 2 3 0.000000e+00 0.000000e+00
327 350 5.205181e-03 6.552935e-03 2 1 2 3 5.066434e-12 0.000000e+00
327 351 5.205181e-03 8.249656e-03 2 1 2 3 3.499362e-12 0.000000e+00
328 341 6.552935e-03 8.249656e-04 2 1 2 3 1.289574e-13 0.000000e+00
328 342 6.552935e-03 1.038570e-03 2 1 2 3 2.042078e-13 0.000000e+00
328 343 6.552935e-03 1.307482e-03 2 1 2 3 3.232313e-13 0.000000e+00
328 344 6.552935e-03 1.646023e-03 2 1 2 3 5.112491e-13 0.000000e+00
328 345 6.552935e-03 2.072220e-03 2 1 2 3 8.078002e-13 0.000000e+00
328 346 6.552935e-03 2.608770e-03 2 1 2 3 1.274559e-12 0.000000e+00
328 347 6.552935e-03 3.284247e-03 2 1 2 3 2.008071e-12 0.000000e+00
328 348 6.552935e-03 4.134622e-03 2 1 2 3 3.165757e-12 0.000000e+00
328 349 6.552935e-03 5.205181e-03 2 1 2 3 5.066434e-12 0.000000e+00
328 350 6.552935e-03 6.552935e-03 2 1 2 3 0.000000e+00 0.000000e+00
328 351 6.552935e-03 8.249656e-03 2 1 2 3 5.471917e-12 0.000000e+00
329 341 8.249656e-03 8.249656e-04 2 1 2 3 9.255616e-14 0.000000e+00
329 342 8.249656e-03 1.038570e-03 2 1 2 3 1.465635e-13 0.000000e+00
329 343 8.249656e-03 1.307482e-03 2 1 2 3 2.319820e-13 0.000000e+00
329 344 8.249656e-03 1.646023e-03 2 1 2 3 3.668764e-13 0.000000e+00
329 345 8.249656e-03 2.072220e-03 2 1 2 3 5.795047e-13 0.000000e+00
329 346 8.249656e-03 2.608770e-03 2 1 2 3 9.135737e-13 0.000000e+00
329 347 8.249656e-03 3.284247e-03 2 1 2 3 1.435936e-12 0.000000e+00
329 348 8.249656e-03 4.134622e-03 2 1 2 3 2.247211e-12 0.000000e+00
329 349 8.249656e-03 5.205181e-03 2 1 2 3 3.499362e-12 0.000000e+00
329 350 8.249656e-03 6.552935e-03 2 1 2 3 5.471917e-12 0.000000e+00
329 351 8.249656e-03 8.249656e-03 2 1 2 3 0.000000e+00 0.000000e+00
