# Please cite the following papers in research using this covariance:
# arXiv: 1601.05779, https://arxiv.org/abs/1601.05779
# arXiv: 1911.11947, https://arxiv.org/abs/1911.11947
# arXiv: 2004.04833, https://arxiv.org/abs/2004.04833
# arXiv: 1804.10663, https://arxiv.org/abs/1804.10663
########################################################
308 440 8.249656e-04 8.249656e-04 2 0 5 0 0.000000e+00 0.000000e+00
308 441 8.249656e-04 1.038570e-03 2 0 5 0 3.516552e-12 0.000000e+00
308 442 8.249656e-04 1.307482e-03 2 0 5 0 1.553295e-12 0.000000e+00
308 443 8.249656e-04 1.646023e-03 2 0 5 0 7.070385e-13 0.000000e+00
308 444 8.249656e-04 2.072220e-03 2 0 5 0 3.411284e-13 0.000000e+00
308 445 8.249656e-04 2.608770e-03 2 0 5 0 1.751368e-13 0.000000e+00
308 446 8.249656e-04 3.284247e-03 2 0 5 0 9.528887e-14 0.000000e+00
308 447 8.249656e-04 4.134622e-03 2 0 5 0 5.435789e-14 0.000000e+00
308 448 8.249656e-04 5.205181e-03 2 0 5 0 3.197240e-14 0.000000e+00
308 449 8.249656e-04 6.552935e-03 2 0 5 0 1.909774e-14 0.000000e+00
308 450 8.249656e-04 8.249656e-03 2 0 5 0 1.141395e-14 0.000000e+00
309 440 1.038570e-03 8.249656e-04 2 0 5 0 3.516552e-12 0.000000e+00
309 441 1.038570e-03 1.038570e-03 2 0 5 0 0.000000e+00 0.000000e+00
309 442 1.038570e-03 1.307482e-03 2 0 5 0 2.922181e-12 0.000000e+00
309 443 1.038570e-03 1.646023e-03 2 0 5 0 1.239476e-12 0.000000e+00
309 444 1.038570e-03 2.072220e-03 2 0 5 0 5.693118e-13 0.000000e+00
309 445 1.038570e-03 2.608770e-03 2 0 5 0 2.844794e-13 0.000000e+00
309 446 1.038570e-03 3.284247e-03 2 0 5 0 1.526716e-13 0.000000e+00
309 447 1.038570e-03 4.134622e-03 2 0 5 0 8.652018e-14 0.000000e+00
309 448 1.038570e-03 5.205181e-03 2 0 5 0 5.076357e-14 0.000000e+00
309 449 1.038570e-03 6.552935e-03 2 0 5 0 3.028639e-14 0.000000e+00
309 450 1.038570e-03 8.249656e-03 2 0 5 0 1.810285e-14 0.000000e+00
310 440 1.307482e-03 8.249656e-04 2 0 5 0 1.553295e-12 0.000000e+00
310 441 1.307482e-03 1.038570e-03 2 0 5 0 2.922181e-12 0.000000e+00
310 442 1.307482e-03 1.307482e-03 2 0 5 0 0.000000e+00 0.000000e+00
310 443 1.307482e-03 1.646023e-03 2 0 5 0 2.398578e-12 0.000000e+00
310 444 1.307482e-03 2.072220e-03 2 0 5 0 9.962609e-13 0.000000e+00
310 445 1.307482e-03 2.608770e-03 2 0 5 0 4.714408e-13 0.000000e+00
310 446 1.307482e-03 3.284247e-03 2 0 5 0 2.465942e-13 0.000000e+00
310 447 1.307482e-03 4.134622e-03 2 0 5 0 1.381666e-13 0.000000e+00
310 448 1.307482e-03 5.205181e-03 2 0 5 0 8.070403e-14 0.000000e+00
310 449 1.307482e-03 6.552935e-03 2 0 5 0 4.806459e-14 0.000000e+00
310 450 1.307482e-03 8.249656e-03 2 0 5 0 2.870780e-14 0.000000e+00
311 440 1.646023e-03 8.249656e-04 2 0 5 0 7.070385e-13 0.000000e+00
311 441 1.646023e-03 1.038570e-03 2 0 5 0 1.239476e-12 0.000000e+00
311 442 1.646023e-03 1.307482e-03 2 0 5 0 2.398578e-12 0.000000e+00
311 443 1.646023e-03 1.646023e-03 2 0 5 0 0.000000e+00 0.000000e+00
311 444 1.646023e-03 2.072220e-03 2 0 5 0 1.960866e-12 0.000000e+00
311 445 1.646023e-03 2.608770e-03 2 0 5 0 8.172456e-13 0.000000e+00
311 446 1.646023e-03 3.284247e-03 2 0 5 0 4.048689e-13 0.000000e+00
311 447 1.646023e-03 4.134622e-03 2 0 5 0 2.219422e-13 0.000000e+00
311 448 1.646023e-03 5.205181e-03 2 0 5 0 1.285600e-13 0.000000e+00
311 449 1.646023e-03 6.552935e-03 2 0 5 0 7.634050e-14 0.000000e+00
311 450 1.646023e-03 8.249656e-03 2 0 5 0 4.555690e-14 0.000000e+00
312 440 2.072220e-03 8.249656e-04 2 0 5 0 3.411284e-13 0.000000e+00
312 441 2.072220e-03 1.038570e-03 2 0 5 0 5.693118e-13 0.000000e+00
312 442 2.072220e-03 1.307482e-03 2 0 5 0 9.962609e-13 0.000000e+00
312 443 2.072220e-03 1.646023e-03 2 0 5 0 1.960866e-12 0.000000e+00
312 444 2.072220e-03 2.072220e-03 2 0 5 0 0.000000e+00 0.000000e+00
312 445 2.072220e-03 2.608770e-03 2 0 5 0 1.611845e-12 0.000000e+00
312 446 2.072220e-03 3.284247e-03 2 0 5 0 6.912823e-13 0.000000e+00
312 447 2.072220e-03 4.134622e-03 2 0 5 0 3.609105e-13 0.000000e+00
312 448 2.072220e-03 5.205181e-03 2 0 5 0 2.056202e-13 0.000000e+00
312 449 2.072220e-03 6.552935e-03 2 0 5 0 1.214328e-13 0.000000e+00
312 450 2.072220e-03 8.249656e-03 2 0 5 0 7.233463e-14 0.000000e+00
313 440 2.608770e-03 8.249656e-04 2 0 5 0 1.751368e-13 0.000000e+00
313 441 2.608770e-03 1.038570e-03 2 0 5 0 2.844794e-13 0.000000e+00
313 442 2.608770e-03 1.307482e-03 2 0 5 0 4.714408e-13 0.000000e+00
313 443 2.608770e-03 1.646023e-03 2 0 5 0 8.172456e-13 0.000000e+00
313 444 2.608770e-03 2.072220e-03 2 0 5 0 1.611845e-12 0.000000e+00
313 445 2.608770e-03 2.608770e-03 2 0 5 0 0.000000e+00 0.000000e+00
313 446 2.608770e-03 3.284247e-03 2 0 5 0 1.344777e-12 0.000000e+00
313 447 2.608770e-03 4.134622e-03 2 0 5 0 6.055171e-13 0.000000e+00
313 448 2.608770e-03 5.205181e-03 2 0 5 0 3.317095e-13 0.000000e+00
313 449 2.608770e-03 6.552935e-03 2 0 5 0 1.936932e-13 0.000000e+00
313 450 2.608770e-03 8.249656e-03 2 0 5 0 1.150013e-13 0.000000e+00
314 440 3.284247e-03 8.249656e-04 2 0 5 0 9.528887e-14 0.000000e+00
314 441 3.284247e-03 1.038570e-03 2 0 5 0 1.526716e-13 0.000000e+00
314 442 3.284247e-03 1.307482e-03 2 0 5 0 2.465942e-13 0.000000e+00
314 443 3.284247e-03 1.646023e-03 2 0 5 0 4.048689e-13 0.000000e+00
314 444 3.284247e-03 2.072220e-03 2 0 5 0 6.912823e-13 0.000000e+00
314 445 3.284247e-03 2.608770e-03 2 0 5 0 1.344777e-12 0.000000e+00
314 446 3.284247e-03 3.284247e-03 2 0 5 0 0.000000e+00 0.000000e+00
314 447 3.284247e-03 4.134622e-03 2 0 5 0 1.147046e-12 0.000000e+00
314 448 3.284247e-03 5.205181e-03 2 0 5 0 5.476031e-13 0.000000e+00
314 449 3.284247e-03 6.552935e-03 2 0 5 0 3.107921e-13 0.000000e+00
314 450 3.284247e-03 8.249656e-03 2 0 5 0 1.832357e-13 0.000000e+00
315 440 4.134622e-03 8.249656e-04 2 0 5 0 5.435789e-14 0.000000e+00
315 441 4.134622e-03 1.038570e-03 2 0 5 0 8.652018e-14 0.000000e+00
315 442 4.134622e-03 1.307482e-03 2 0 5 0 1.381666e-13 0.000000e+00
315 443 4.134622e-03 1.646023e-03 2 0 5 0 2.219422e-13 0.000000e+00
315 444 4.134622e-03 2.072220e-03 2 0 5 0 3.609105e-13 0.000000e+00
315 445 4.134622e-03 2.608770e-03 2 0 5 0 6.055171e-13 0.000000e+00
315 446 4.134622e-03 3.284247e-03 2 0 5 0 1.147046e-12 0.000000e+00
315 447 4.134622e-03 4.134622e-03 2 0 5 0 0.000000e+00 0.000000e+00
315 448 4.134622e-03 5.205181e-03 2 0 5 0 1.003491e-12 0.000000e+00
315 449 4.134622e-03 6.552935e-03 2 0 5 0 5.068434e-13 0.000000e+00
315 450 4.134622e-03 8.249656e-03 2 0 5 0 2.932489e-13 0.000000e+00
316 440 5.205181e-03 8.249656e-04 2 0 5 0 3.197240e-14 0.000000e+00
316 441 5.205181e-03 1.038570e-03 2 0 5 0 5.076357e-14 0.000000e+00
316 442 5.205181e-03 1.307482e-03 2 0 5 0 8.070403e-14 0.000000e+00
316 443 5.205181e-03 1.646023e-03 2 0 5 0 1.285600e-13 0.000000e+00
316 444 5.205181e-03 2.072220e-03 2 0 5 0 2.056202e-13 0.000000e+00
316 445 5.205181e-03 2.608770e-03 2 0 5 0 3.317095e-13 0.000000e+00
316 446 5.205181e-03 3.284247e-03 2 0 5 0 5.476031e-13 0.000000e+00
316 447 5.205181e-03 4.134622e-03 2 0 5 0 1.003491e-12 0.000000e+00
316 448 5.205181e-03 5.205181e-03 2 0 5 0 0.000000e+00 0.000000e+00
316 449 5.205181e-03 6.552935e-03 2 0 5 0 8.988994e-13 0.000000e+00
316 450 5.205181e-03 8.249656e-03 2 0 5 0 4.747599e-13 0.000000e+00
317 440 6.552935e-03 8.249656e-04 2 0 5 0 1.909774e-14 0.000000e+00
317 441 6.552935e-03 1.038570e-03 2 0 5 0 3.028639e-14 0.000000e+00
317 442 6.552935e-03 1.307482e-03 2 0 5 0 4.806459e-14 0.000000e+00
317 443 6.552935e-03 1.646023e-03 2 0 5 0 7.634050e-14 0.000000e+00
317 444 6.552935e-03 2.072220e-03 2 0 5 0 1.214328e-13 0.000000e+00
317 445 6.552935e-03 2.608770e-03 2 0 5 0 1.936932e-13 0.000000e+00
317 446 6.552935e-03 3.284247e-03 2 0 5 0 3.107921e-13 0.000000e+00
317 447 6.552935e-03 4.134622e-03 2 0 5 0 5.068434e-13 0.000000e+00
317 448 6.552935e-03 5.205181e-03 2 0 5 0 8.988994e-13 0.000000e+00
317 449 6.552935e-03 6.552935e-03 2 0 5 0 0.000000e+00 0.000000e+00
317 450 6.552935e-03 8.249656e-03 2 0 5 0 8.196721e-13 0.000000e+00
318 440 8.249656e-03 8.249656e-04 2 0 5 0 1.141395e-14 0.000000e+00
318 441 8.249656e-03 1.038570e-03 2 0 5 0 1.810285e-14 0.000000e+00
318 442 8.249656e-03 1.307482e-03 2 0 5 0 2.870780e-14 0.000000e+00
318 443 8.249656e-03 1.646023e-03 2 0 5 0 4.555690e-14 0.000000e+00
318 444 8.249656e-03 2.072220e-03 2 0 5 0 7.233463e-14 0.000000e+00
318 445 8.249656e-03 2.608770e-03 2 0 5 0 1.150013e-13 0.000000e+00
318 446 8.249656e-03 3.284247e-03 2 0 5 0 1.832357e-13 0.000000e+00
318 447 8.249656e-03 4.134622e-03 2 0 5 0 2.932489e-13 0.000000e+00
318 448 8.249656e-03 5.205181e-03 2 0 5 0 4.747599e-13 0.000000e+00
318 449 8.249656e-03 6.552935e-03 2 0 5 0 8.196721e-13 0.000000e+00
318 450 8.249656e-03 8.249656e-03 2 0 5 0 0.000000e+00 0.000000e+00
