# Please cite the following papers in research using this covariance:
# arXiv: 1601.05779, https://arxiv.org/abs/1601.05779
# arXiv: 1911.11947, https://arxiv.org/abs/1911.11947
# arXiv: 2004.04833, https://arxiv.org/abs/2004.04833
# arXiv: 1804.10663, https://arxiv.org/abs/1804.10663
########################################################
286 374 8.249656e-04 8.249656e-04 1 2 3 2 0.000000e+00 0.000000e+00
286 375 8.249656e-04 1.038570e-03 1 2 3 2 3.829852e-12 0.000000e+00
286 376 8.249656e-04 1.307482e-03 1 2 3 2 1.979026e-12 0.000000e+00
286 377 8.249656e-04 1.646023e-03 1 2 3 2 9.988093e-13 0.000000e+00
286 378 8.249656e-04 2.072220e-03 1 2 3 2 5.086433e-13 0.000000e+00
286 379 8.249656e-04 2.608770e-03 1 2 3 2 2.678086e-13 0.000000e+00
286 380 8.249656e-04 3.284247e-03 1 2 3 2 1.486238e-13 0.000000e+00
286 381 8.249656e-04 4.134622e-03 1 2 3 2 8.799718e-14 0.000000e+00
286 382 8.249656e-04 5.205181e-03 1 2 3 2 5.566845e-14 0.000000e+00
286 383 8.249656e-04 6.552935e-03 1 2 3 2 3.731349e-14 0.000000e+00
286 384 8.249656e-04 8.249656e-03 1 2 3 2 2.609528e-14 0.000000e+00
287 374 1.038570e-03 8.249656e-04 1 2 3 2 3.829852e-12 0.000000e+00
287 375 1.038570e-03 1.038570e-03 1 2 3 2 0.000000e+00 0.000000e+00
287 376 1.038570e-03 1.307482e-03 1 2 3 2 3.402752e-12 0.000000e+00
287 377 1.038570e-03 1.646023e-03 1 2 3 2 1.685375e-12 0.000000e+00
287 378 1.038570e-03 2.072220e-03 1 2 3 2 8.386475e-13 0.000000e+00
287 379 1.038570e-03 2.608770e-03 1 2 3 2 4.337428e-13 0.000000e+00
287 380 1.038570e-03 3.284247e-03 1 2 3 2 2.379652e-13 0.000000e+00
287 381 1.038570e-03 4.134622e-03 1 2 3 2 1.399837e-13 0.000000e+00
287 382 1.038570e-03 5.205181e-03 1 2 3 2 8.829183e-14 0.000000e+00
287 383 1.038570e-03 6.552935e-03 1 2 3 2 5.910914e-14 0.000000e+00
287 384 1.038570e-03 8.249656e-03 1 2 3 2 4.133473e-14 0.000000e+00
288 374 1.307482e-03 8.249656e-04 1 2 3 2 1.979026e-12 0.000000e+00
288 375 1.307482e-03 1.038570e-03 1 2 3 2 3.402752e-12 0.000000e+00
288 376 1.307482e-03 1.307482e-03 1 2 3 2 0.000000e+00 0.000000e+00
288 377 1.307482e-03 1.646023e-03 1 2 3 2 2.972833e-12 0.000000e+00
288 378 1.307482e-03 2.072220e-03 1 2 3 2 1.425447e-12 0.000000e+00
288 379 1.307482e-03 2.608770e-03 1 2 3 2 7.140073e-13 0.000000e+00
288 380 1.307482e-03 3.284247e-03 1 2 3 2 3.838282e-13 0.000000e+00
288 381 1.307482e-03 4.134622e-03 1 2 3 2 2.232990e-13 0.000000e+00
288 382 1.307482e-03 5.205181e-03 1 2 3 2 1.401228e-13 0.000000e+00
288 383 1.307482e-03 6.552935e-03 1 2 3 2 9.362716e-14 0.000000e+00
288 384 1.307482e-03 8.249656e-03 1 2 3 2 6.543962e-14 0.000000e+00
289 374 1.646023e-03 8.249656e-04 1 2 3 2 9.988093e-13 0.000000e+00
289 375 1.646023e-03 1.038570e-03 1 2 3 2 1.685375e-12 0.000000e+00
289 376 1.646023e-03 1.307482e-03 1 2 3 2 2.972833e-12 0.000000e+00
289 377 1.646023e-03 1.646023e-03 1 2 3 2 0.000000e+00 0.000000e+00
289 378 1.646023e-03 2.072220e-03 1 2 3 2 2.570739e-12 0.000000e+00
289 379 1.646023e-03 2.608770e-03 1 2 3 2 1.214423e-12 0.000000e+00
289 380 1.646023e-03 3.284247e-03 1 2 3 2 6.280303e-13 0.000000e+00
289 381 1.646023e-03 4.134622e-03 1 2 3 2 3.580287e-13 0.000000e+00
289 382 1.646023e-03 5.205181e-03 1 2 3 2 2.226227e-13 0.000000e+00
289 383 1.646023e-03 6.552935e-03 1 2 3 2 1.482604e-13 0.000000e+00
289 384 1.646023e-03 8.249656e-03 1 2 3 2 1.035506e-13 0.000000e+00
290 374 2.072220e-03 8.249656e-04 1 2 3 2 5.086433e-13 0.000000e+00
290 375 2.072220e-03 1.038570e-03 1 2 3 2 8.386475e-13 0.000000e+00
290 376 2.072220e-03 1.307482e-03 1 2 3 2 1.425447e-12 0.000000e+00
290 377 2.072220e-03 1.646023e-03 1 2 3 2 2.570739e-12 0.000000e+00
290 378 2.072220e-03 2.072220e-03 1 2 3 2 0.000000e+00 0.000000e+00
290 379 2.072220e-03 2.608770e-03 1 2 3 2 2.221307e-12 0.000000e+00
290 380 2.072220e-03 3.284247e-03 1 2 3 2 1.060323e-12 0.000000e+00
290 381 2.072220e-03 4.134622e-03 1 2 3 2 5.802158e-13 0.000000e+00
290 382 2.072220e-03 5.205181e-03 1 2 3 2 3.545810e-13 0.000000e+00
290 383 2.072220e-03 6.552935e-03 1 2 3 2 2.347117e-13 0.000000e+00
290 384 2.072220e-03 8.249656e-03 1 2 3 2 1.636945e-13 0.000000e+00
291 374 2.608770e-03 8.249656e-04 1 2 3 2 2.678086e-13 0.000000e+00
291 375 2.608770e-03 1.038570e-03 1 2 3 2 4.337428e-13 0.000000e+00
291 376 2.608770e-03 1.307482e-03 1 2 3 2 7.140073e-13 0.000000e+00
291 377 2.608770e-03 1.646023e-03 1 2 3 2 1.214423e-12 0.000000e+00
291 378 2.608770e-03 2.072220e-03 1 2 3 2 2.221307e-12 0.000000e+00
291 379 2.608770e-03 2.608770e-03 1 2 3 2 0.000000e+00 0.000000e+00
291 380 2.608770e-03 3.284247e-03 1 2 3 2 1.941722e-12 0.000000e+00
291 381 2.608770e-03 4.134622e-03 1 2 3 2 9.651455e-13 0.000000e+00
291 382 2.608770e-03 5.205181e-03 1 2 3 2 5.682218e-13 0.000000e+00
291 383 2.608770e-03 6.552935e-03 1 2 3 2 3.715750e-13 0.000000e+00
291 384 2.608770e-03 8.249656e-03 1 2 3 2 2.584207e-13 0.000000e+00
292 374 3.284247e-03 8.249656e-04 1 2 3 2 1.486238e-13 0.000000e+00
292 375 3.284247e-03 1.038570e-03 1 2 3 2 2.379652e-13 0.000000e+00
292 376 3.284247e-03 1.307482e-03 1 2 3 2 3.838282e-13 0.000000e+00
292 377 3.284247e-03 1.646023e-03 1 2 3 2 6.280303e-13 0.000000e+00
292 378 3.284247e-03 2.072220e-03 1 2 3 2 1.060323e-12 0.000000e+00
292 379 3.284247e-03 2.608770e-03 1 2 3 2 1.941722e-12 0.000000e+00
292 380 3.284247e-03 3.284247e-03 1 2 3 2 0.000000e+00 0.000000e+00
292 381 3.284247e-03 4.134622e-03 1 2 3 2 1.741706e-12 0.000000e+00
292 382 3.284247e-03 5.205181e-03 1 2 3 2 9.270591e-13 0.000000e+00
292 383 3.284247e-03 6.552935e-03 1 2 3 2 5.891586e-13 0.000000e+00
292 384 3.284247e-03 8.249656e-03 1 2 3 2 4.071574e-13 0.000000e+00
293 374 4.134622e-03 8.249656e-04 1 2 3 2 8.799718e-14 0.000000e+00
293 375 4.134622e-03 1.038570e-03 1 2 3 2 1.399837e-13 0.000000e+00
293 376 4.134622e-03 1.307482e-03 1 2 3 2 2.232990e-13 0.000000e+00
293 377 4.134622e-03 1.646023e-03 1 2 3 2 3.580287e-13 0.000000e+00
293 378 4.134622e-03 2.072220e-03 1 2 3 2 5.802158e-13 0.000000e+00
293 379 4.134622e-03 2.608770e-03 1 2 3 2 9.651455e-13 0.000000e+00
293 380 4.134622e-03 3.284247e-03 1 2 3 2 1.741706e-12 0.000000e+00
293 381 4.134622e-03 4.134622e-03 1 2 3 2 0.000000e+00 0.000000e+00
293 382 4.134622e-03 5.205181e-03 1 2 3 2 1.624871e-12 0.000000e+00
293 383 4.134622e-03 6.552935e-03 1 2 3 2 9.423531e-13 0.000000e+00
293 384 4.134622e-03 8.249656e-03 1 2 3 2 6.400319e-13 0.000000e+00
294 374 5.205181e-03 8.249656e-04 1 2 3 2 5.566845e-14 0.000000e+00
294 375 5.205181e-03 1.038570e-03 1 2 3 2 8.829183e-14 0.000000e+00
294 376 5.205181e-03 1.307482e-03 1 2 3 2 1.401228e-13 0.000000e+00
294 377 5.205181e-03 1.646023e-03 1 2 3 2 2.226227e-13 0.000000e+00
294 378 5.205181e-03 2.072220e-03 1 2 3 2 3.545810e-13 0.000000e+00
294 379 5.205181e-03 2.608770e-03 1 2 3 2 5.682218e-13 0.000000e+00
294 380 5.205181e-03 3.284247e-03 1 2 3 2 9.270591e-13 0.000000e+00
294 381 5.205181e-03 4.134622e-03 1 2 3 2 1.624871e-12 0.000000e+00
294 382 5.205181e-03 5.205181e-03 1 2 3 2 0.000000e+00 0.000000e+00
294 383 5.205181e-03 6.552935e-03 1 2 3 2 1.590391e-12 0.000000e+00
294 384 5.205181e-03 8.249656e-03 1 2 3 2 1.006431e-12 0.000000e+00
295 374 6.552935e-03 8.249656e-04 1 2 3 2 3.731349e-14 0.000000e+00
295 375 6.552935e-03 1.038570e-03 1 2 3 2 5.910914e-14 0.000000e+00
295 376 6.552935e-03 1.307482e-03 1 2 3 2 9.362716e-14 0.000000e+00
295 377 6.552935e-03 1.646023e-03 1 2 3 2 1.482604e-13 0.000000e+00
295 378 6.552935e-03 2.072220e-03 1 2 3 2 2.347117e-13 0.000000e+00
295 379 6.552935e-03 2.608770e-03 1 2 3 2 3.715750e-13 0.000000e+00
295 380 6.552935e-03 3.284247e-03 1 2 3 2 5.891586e-13 0.000000e+00
295 381 6.552935e-03 4.134622e-03 1 2 3 2 9.423531e-13 0.000000e+00
295 382 6.552935e-03 5.205181e-03 1 2 3 2 1.590391e-12 0.000000e+00
295 383 6.552935e-03 6.552935e-03 1 2 3 2 0.000000e+00 0.000000e+00
295 384 6.552935e-03 8.249656e-03 1 2 3 2 1.634085e-12 0.000000e+00
296 374 8.249656e-03 8.249656e-04 1 2 3 2 2.609528e-14 0.000000e+00
296 375 8.249656e-03 1.038570e-03 1 2 3 2 4.133473e-14 0.000000e+00
296 376 8.249656e-03 1.307482e-03 1 2 3 2 6.543962e-14 0.000000e+00
296 377 8.249656e-03 1.646023e-03 1 2 3 2 1.035506e-13 0.000000e+00
296 378 8.249656e-03 2.072220e-03 1 2 3 2 1.636945e-13 0.000000e+00
296 379 8.249656e-03 2.608770e-03 1 2 3 2 2.584207e-13 0.000000e+00
296 380 8.249656e-03 3.284247e-03 1 2 3 2 4.071574e-13 0.000000e+00
296 381 8.249656e-03 4.134622e-03 1 2 3 2 6.400319e-13 0.000000e+00
296 382 8.249656e-03 5.205181e-03 1 2 3 2 1.006431e-12 0.000000e+00
296 383 8.249656e-03 6.552935e-03 1 2 3 2 1.634085e-12 0.000000e+00
296 384 8.249656e-03 8.249656e-03 1 2 3 2 0.000000e+00 0.000000e+00
