# Please cite the following papers in research using this covariance:
# arXiv: 1601.05779, https://arxiv.org/abs/1601.05779
# arXiv: 1911.11947, https://arxiv.org/abs/1911.11947
# arXiv: 2004.04833, https://arxiv.org/abs/2004.04833
# arXiv: 1804.10663, https://arxiv.org/abs/1804.10663
########################################################
275 407 8.249656e-04 8.249656e-04 1 1 4 1 0.000000e+00 0.000000e+00
275 408 8.249656e-04 1.038570e-03 1 1 4 1 4.417715e-12 0.000000e+00
275 409 8.249656e-04 1.307482e-03 1 1 4 1 2.181892e-12 0.000000e+00
275 410 8.249656e-04 1.646023e-03 1 1 4 1 1.038672e-12 0.000000e+00
275 411 8.249656e-04 2.072220e-03 1 1 4 1 4.926882e-13 0.000000e+00
275 412 8.249656e-04 2.608770e-03 1 1 4 1 2.387322e-13 0.000000e+00
275 413 8.249656e-04 3.284247e-03 1 1 4 1 1.204331e-13 0.000000e+00
275 414 8.249656e-04 4.134622e-03 1 1 4 1 6.404315e-14 0.000000e+00
275 415 8.249656e-04 5.205181e-03 1 1 4 1 3.598896e-14 0.000000e+00
275 416 8.249656e-04 6.552935e-03 1 1 4 1 2.123152e-14 0.000000e+00
275 417 8.249656e-04 8.249656e-03 1 1 4 1 1.297005e-14 0.000000e+00
276 407 1.038570e-03 8.249656e-04 1 1 4 1 4.417715e-12 0.000000e+00
276 408 1.038570e-03 1.038570e-03 1 1 4 1 0.000000e+00 0.000000e+00
276 409 1.038570e-03 1.307482e-03 1 1 4 1 3.830637e-12 0.000000e+00
276 410 1.038570e-03 1.646023e-03 1 1 4 1 1.785133e-12 0.000000e+00
276 411 1.038570e-03 2.072220e-03 1 1 4 1 8.240068e-13 0.000000e+00
276 412 1.038570e-03 2.608770e-03 1 1 4 1 3.905796e-13 0.000000e+00
276 413 1.038570e-03 3.284247e-03 1 1 4 1 1.941422e-13 0.000000e+00
276 414 1.038570e-03 4.134622e-03 1 1 4 1 1.023186e-13 0.000000e+00
276 415 1.038570e-03 5.205181e-03 1 1 4 1 5.723318e-14 0.000000e+00
276 416 1.038570e-03 6.552935e-03 1 1 4 1 3.368599e-14 0.000000e+00
276 417 1.038570e-03 8.249656e-03 1 1 4 1 2.056907e-14 0.000000e+00
277 407 1.307482e-03 8.249656e-04 1 1 4 1 2.181892e-12 0.000000e+00
277 408 1.307482e-03 1.038570e-03 1 1 4 1 3.830637e-12 0.000000e+00
277 409 1.307482e-03 1.307482e-03 1 1 4 1 0.000000e+00 0.000000e+00
277 410 1.307482e-03 1.646023e-03 1 1 4 1 3.244722e-12 0.000000e+00
277 411 1.307482e-03 2.072220e-03 1 1 4 1 1.434835e-12 0.000000e+00
277 412 1.307482e-03 2.608770e-03 1 1 4 1 6.540512e-13 0.000000e+00
277 413 1.307482e-03 3.284247e-03 1 1 4 1 3.167069e-13 0.000000e+00
277 414 1.307482e-03 4.134622e-03 1 1 4 1 1.643878e-13 0.000000e+00
277 415 1.307482e-03 5.205181e-03 1 1 4 1 9.123425e-14 0.000000e+00
277 416 1.307482e-03 6.552935e-03 1 1 4 1 5.350201e-14 0.000000e+00
277 417 1.307482e-03 8.249656e-03 1 1 4 1 3.261631e-14 0.000000e+00
278 407 1.646023e-03 8.249656e-04 1 1 4 1 1.038672e-12 0.000000e+00
278 408 1.646023e-03 1.038570e-03 1 1 4 1 1.785133e-12 0.000000e+00
278 409 1.646023e-03 1.307482e-03 1 1 4 1 3.244722e-12 0.000000e+00
278 410 1.646023e-03 1.646023e-03 1 1 4 1 0.000000e+00 0.000000e+00
278 411 1.646023e-03 2.072220e-03 1 1 4 1 2.697619e-12 0.000000e+00
278 412 1.646023e-03 2.608770e-03 1 1 4 1 1.146477e-12 0.000000e+00
278 413 1.646023e-03 3.284247e-03 1 1 4 1 5.283887e-13 0.000000e+00
278 414 1.646023e-03 4.134622e-03 1 1 4 1 2.667534e-13 0.000000e+00
278 415 1.646023e-03 5.205181e-03 1 1 4 1 1.459974e-13 0.000000e+00
278 416 1.646023e-03 6.552935e-03 1 1 4 1 8.509019e-14 0.000000e+00
278 417 1.646023e-03 8.249656e-03 1 1 4 1 5.175473e-14 0.000000e+00
279 407 2.072220e-03 8.249656e-04 1 1 4 1 4.926882e-13 0.000000e+00
279 408 2.072220e-03 1.038570e-03 1 1 4 1 8.240068e-13 0.000000e+00
279 409 2.072220e-03 1.307482e-03 1 1 4 1 1.434835e-12 0.000000e+00
279 410 2.072220e-03 1.646023e-03 1 1 4 1 2.697619e-12 0.000000e+00
279 411 2.072220e-03 2.072220e-03 1 1 4 1 0.000000e+00 0.000000e+00
279 412 2.072220e-03 2.608770e-03 1 1 4 1 2.216664e-12 0.000000e+00
279 413 2.072220e-03 3.284247e-03 1 1 4 1 9.243218e-13 0.000000e+00
279 414 2.072220e-03 4.134622e-03 1 1 4 1 4.414360e-13 0.000000e+00
279 415 2.072220e-03 5.205181e-03 1 1 4 1 2.353753e-13 0.000000e+00
279 416 2.072220e-03 6.552935e-03 1 1 4 1 1.356715e-13 0.000000e+00
279 417 2.072220e-03 8.249656e-03 1 1 4 1 8.216830e-14 0.000000e+00
280 407 2.608770e-03 8.249656e-04 1 1 4 1 2.387322e-13 0.000000e+00
280 408 2.608770e-03 1.038570e-03 1 1 4 1 3.905796e-13 0.000000e+00
280 409 2.608770e-03 1.307482e-03 1 1 4 1 6.540512e-13 0.000000e+00
280 410 2.608770e-03 1.646023e-03 1 1 4 1 1.146477e-12 0.000000e+00
280 411 2.608770e-03 2.072220e-03 1 1 4 1 2.216664e-12 0.000000e+00
280 412 2.608770e-03 2.608770e-03 1 1 4 1 0.000000e+00 0.000000e+00
280 413 2.608770e-03 3.284247e-03 1 1 4 1 1.816775e-12 0.000000e+00
280 414 2.608770e-03 4.134622e-03 1 1 4 1 7.637649e-13 0.000000e+00
280 415 2.608770e-03 5.205181e-03 1 1 4 1 3.853277e-13 0.000000e+00
280 416 2.608770e-03 6.552935e-03 1 1 4 1 2.173670e-13 0.000000e+00
280 417 2.608770e-03 8.249656e-03 1 1 4 1 1.306425e-13 0.000000e+00
281 407 3.284247e-03 8.249656e-04 1 1 4 1 1.204331e-13 0.000000e+00
281 408 3.284247e-03 1.038570e-03 1 1 4 1 1.941422e-13 0.000000e+00
281 409 3.284247e-03 1.307482e-03 1 1 4 1 3.167069e-13 0.000000e+00
281 410 3.284247e-03 1.646023e-03 1 1 4 1 5.283887e-13 0.000000e+00
281 411 3.284247e-03 2.072220e-03 1 1 4 1 9.243218e-13 0.000000e+00
281 412 3.284247e-03 2.608770e-03 1 1 4 1 1.816775e-12 0.000000e+00
281 413 3.284247e-03 3.284247e-03 1 1 4 1 0.000000e+00 0.000000e+00
281 414 3.284247e-03 4.134622e-03 1 1 4 1 1.501383e-12 0.000000e+00
281 415 3.284247e-03 5.205181e-03 1 1 4 1 6.549993e-13 0.000000e+00
281 416 3.284247e-03 6.552935e-03 1 1 4 1 3.519685e-13 0.000000e+00
281 417 3.284247e-03 8.249656e-03 1 1 4 1 2.082851e-13 0.000000e+00
282 407 4.134622e-03 8.249656e-04 1 1 4 1 6.404315e-14 0.000000e+00
282 408 4.134622e-03 1.038570e-03 1 1 4 1 1.023186e-13 0.000000e+00
282 409 4.134622e-03 1.307482e-03 1 1 4 1 1.643878e-13 0.000000e+00
282 410 4.134622e-03 1.646023e-03 1 1 4 1 2.667534e-13 0.000000e+00
282 411 4.134622e-03 2.072220e-03 1 1 4 1 4.414360e-13 0.000000e+00
282 412 4.134622e-03 2.608770e-03 1 1 4 1 7.637649e-13 0.000000e+00
282 413 4.134622e-03 3.284247e-03 1 1 4 1 1.501383e-12 0.000000e+00
282 414 4.134622e-03 4.134622e-03 1 1 4 1 0.000000e+00 0.000000e+00
282 415 4.134622e-03 5.205181e-03 1 1 4 1 1.265053e-12 0.000000e+00
282 416 4.134622e-03 6.552935e-03 1 1 4 1 5.863428e-13 0.000000e+00
282 417 4.134622e-03 8.249656e-03 1 1 4 1 3.342081e-13 0.000000e+00
283 407 5.205181e-03 8.249656e-04 1 1 4 1 3.598896e-14 0.000000e+00
283 408 5.205181e-03 1.038570e-03 1 1 4 1 5.723318e-14 0.000000e+00
283 409 5.205181e-03 1.307482e-03 1 1 4 1 9.123425e-14 0.000000e+00
283 410 5.205181e-03 1.646023e-03 1 1 4 1 1.459974e-13 0.000000e+00
283 411 5.205181e-03 2.072220e-03 1 1 4 1 2.353753e-13 0.000000e+00
283 412 5.205181e-03 2.608770e-03 1 1 4 1 3.853277e-13 0.000000e+00
283 413 5.205181e-03 3.284247e-03 1 1 4 1 6.549993e-13 0.000000e+00
283 414 5.205181e-03 4.134622e-03 1 1 4 1 1.265053e-12 0.000000e+00
283 415 5.205181e-03 5.205181e-03 1 1 4 1 0.000000e+00 0.000000e+00
283 416 5.205181e-03 6.552935e-03 1 1 4 1 1.096809e-12 0.000000e+00
283 417 5.205181e-03 8.249656e-03 1 1 4 1 5.465729e-13 0.000000e+00
284 407 6.552935e-03 8.249656e-04 1 1 4 1 2.123152e-14 0.000000e+00
284 408 6.552935e-03 1.038570e-03 1 1 4 1 3.368599e-14 0.000000e+00
284 409 6.552935e-03 1.307482e-03 1 1 4 1 5.350201e-14 0.000000e+00
284 410 6.552935e-03 1.646023e-03 1 1 4 1 8.509019e-14 0.000000e+00
284 411 6.552935e-03 2.072220e-03 1 1 4 1 1.356715e-13 0.000000e+00
284 412 6.552935e-03 2.608770e-03 1 1 4 1 2.173670e-13 0.000000e+00
284 413 6.552935e-03 3.284247e-03 1 1 4 1 3.519685e-13 0.000000e+00
284 414 6.552935e-03 4.134622e-03 1 1 4 1 5.863428e-13 0.000000e+00
284 415 6.552935e-03 5.205181e-03 1 1 4 1 1.096809e-12 0.000000e+00
284 416 6.552935e-03 6.552935e-03 1 1 4 1 0.000000e+00 0.000000e+00
284 417 6.552935e-03 8.249656e-03 1 1 4 1 9.832604e-13 0.000000e+00
285 407 8.249656e-03 8.249656e-04 1 1 4 1 1.297005e-14 0.000000e+00
285 408 8.249656e-03 1.038570e-03 1 1 4 1 2.056907e-14 0.000000e+00
285 409 8.249656e-03 1.307482e-03 1 1 4 1 3.261631e-14 0.000000e+00
285 410 8.249656e-03 1.646023e-03 1 1 4 1 5.175473e-14 0.000000e+00
285 411 8.249656e-03 2.072220e-03 1 1 4 1 8.216830e-14 0.000000e+00
285 412 8.249656e-03 2.608770e-03 1 1 4 1 1.306425e-13 0.000000e+00
285 413 8.249656e-03 3.284247e-03 1 1 4 1 2.082851e-13 0.000000e+00
285 414 8.249656e-03 4.134622e-03 1 1 4 1 3.342081e-13 0.000000e+00
285 415 8.249656e-03 5.205181e-03 1 1 4 1 5.465729e-13 0.000000e+00
285 416 8.249656e-03 6.552935e-03 1 1 4 1 9.832604e-13 0.000000e+00
285 417 8.249656e-03 8.249656e-03 1 1 4 1 0.000000e+00 0.000000e+00
