# Please cite the following papers in research using this covariance:
# arXiv: 1601.05779, https://arxiv.org/abs/1601.05779
# arXiv: 1911.11947, https://arxiv.org/abs/1911.11947
# arXiv: 2004.04833, https://arxiv.org/abs/2004.04833
# arXiv: 1804.10663, https://arxiv.org/abs/1804.10663
########################################################
297 396 8.249656e-04 8.249656e-04 1 3 4 0 0.000000e+00 0.000000e+00
297 397 8.249656e-04 1.038570e-03 1 3 4 0 1.308569e-13 0.000000e+00
297 398 8.249656e-04 1.307482e-03 1 3 4 0 1.074408e-13 0.000000e+00
297 399 8.249656e-04 1.646023e-03 1 3 4 0 8.024208e-14 0.000000e+00
297 400 8.249656e-04 2.072220e-03 1 3 4 0 5.713343e-14 0.000000e+00
297 401 8.249656e-04 2.608770e-03 1 3 4 0 3.994975e-14 0.000000e+00
297 402 8.249656e-04 3.284247e-03 1 3 4 0 2.801638e-14 0.000000e+00
297 403 8.249656e-04 4.134622e-03 1 3 4 0 1.998284e-14 0.000000e+00
297 404 8.249656e-04 5.205181e-03 1 3 4 0 1.459185e-14 0.000000e+00
297 405 8.249656e-04 6.552935e-03 1 3 4 0 1.090056e-14 0.000000e+00
297 406 8.249656e-04 8.249656e-03 1 3 4 0 8.274447e-15 0.000000e+00
298 396 1.038570e-03 8.249656e-04 1 3 4 0 1.308569e-13 0.000000e+00
298 397 1.038570e-03 1.038570e-03 1 3 4 0 0.000000e+00 0.000000e+00
298 398 1.038570e-03 1.307482e-03 1 3 4 0 1.543688e-13 0.000000e+00
298 399 1.038570e-03 1.646023e-03 1 3 4 0 1.223082e-13 0.000000e+00
298 400 1.038570e-03 2.072220e-03 1 3 4 0 8.907554e-14 0.000000e+00
298 401 1.038570e-03 2.608770e-03 1 3 4 0 6.282689e-14 0.000000e+00
298 402 1.038570e-03 3.284247e-03 1 3 4 0 4.420500e-14 0.000000e+00
298 403 1.038570e-03 4.134622e-03 1 3 4 0 3.157258e-14 0.000000e+00
298 404 1.038570e-03 5.205181e-03 1 3 4 0 2.307248e-14 0.000000e+00
298 405 1.038570e-03 6.552935e-03 1 3 4 0 1.724582e-14 0.000000e+00
298 406 1.038570e-03 8.249656e-03 1 3 4 0 1.309737e-14 0.000000e+00
299 396 1.307482e-03 8.249656e-04 1 3 4 0 1.074408e-13 0.000000e+00
299 397 1.307482e-03 1.038570e-03 1 3 4 0 1.543688e-13 0.000000e+00
299 398 1.307482e-03 1.307482e-03 1 3 4 0 0.000000e+00 0.000000e+00
299 399 1.307482e-03 1.646023e-03 1 3 4 0 1.776816e-13 0.000000e+00
299 400 1.307482e-03 2.072220e-03 1 3 4 0 1.367146e-13 0.000000e+00
299 401 1.307482e-03 2.608770e-03 1 3 4 0 9.821513e-14 0.000000e+00
299 402 1.307482e-03 3.284247e-03 1 3 4 0 6.954297e-14 0.000000e+00
299 403 1.307482e-03 4.134622e-03 1 3 4 0 4.978988e-14 0.000000e+00
299 404 1.307482e-03 5.205181e-03 1 3 4 0 3.643118e-14 0.000000e+00
299 405 1.307482e-03 6.552935e-03 1 3 4 0 2.725633e-14 0.000000e+00
299 406 1.307482e-03 8.249656e-03 1 3 4 0 2.071592e-14 0.000000e+00
300 396 1.646023e-03 8.249656e-04 1 3 4 0 8.024208e-14 0.000000e+00
300 397 1.646023e-03 1.038570e-03 1 3 4 0 1.223082e-13 0.000000e+00
300 398 1.646023e-03 1.307482e-03 1 3 4 0 1.776816e-13 0.000000e+00
300 399 1.646023e-03 1.646023e-03 1 3 4 0 0.000000e+00 0.000000e+00
300 400 1.646023e-03 2.072220e-03 1 3 4 0 2.009407e-13 0.000000e+00
300 401 1.646023e-03 2.608770e-03 1 3 4 0 1.515478e-13 0.000000e+00
300 402 1.646023e-03 3.284247e-03 1 3 4 0 1.088196e-13 0.000000e+00
300 403 1.646023e-03 4.134622e-03 1 3 4 0 7.827225e-14 0.000000e+00
300 404 1.646023e-03 5.205181e-03 1 3 4 0 5.739531e-14 0.000000e+00
300 405 1.646023e-03 6.552935e-03 1 3 4 0 4.300576e-14 0.000000e+00
300 406 1.646023e-03 8.249656e-03 1 3 4 0 3.272668e-14 0.000000e+00
301 396 2.072220e-03 8.249656e-04 1 3 4 0 5.713343e-14 0.000000e+00
301 397 2.072220e-03 1.038570e-03 1 3 4 0 8.907554e-14 0.000000e+00
301 398 2.072220e-03 1.307482e-03 1 3 4 0 1.367146e-13 0.000000e+00
301 399 2.072220e-03 1.646023e-03 1 3 4 0 2.009407e-13 0.000000e+00
301 400 2.072220e-03 2.072220e-03 1 3 4 0 0.000000e+00 0.000000e+00
301 401 2.072220e-03 2.608770e-03 1 3 4 0 2.251314e-13 0.000000e+00
301 402 2.072220e-03 3.284247e-03 1 3 4 0 1.683796e-13 0.000000e+00
301 403 2.072220e-03 4.134622e-03 1 3 4 0 1.223789e-13 0.000000e+00
301 404 2.072220e-03 5.205181e-03 1 3 4 0 9.009172e-14 0.000000e+00
301 405 2.072220e-03 6.552935e-03 1 3 4 0 6.767373e-14 0.000000e+00
301 406 2.072220e-03 8.249656e-03 1 3 4 0 5.160178e-14 0.000000e+00
302 396 2.608770e-03 8.249656e-04 1 3 4 0 3.994975e-14 0.000000e+00
302 397 2.608770e-03 1.038570e-03 1 3 4 0 6.282689e-14 0.000000e+00
302 398 2.608770e-03 1.307482e-03 1 3 4 0 9.821513e-14 0.000000e+00
302 399 2.608770e-03 1.646023e-03 1 3 4 0 1.515478e-13 0.000000e+00
302 400 2.608770e-03 2.072220e-03 1 3 4 0 2.251314e-13 0.000000e+00
302 401 2.608770e-03 2.608770e-03 1 3 4 0 0.000000e+00 0.000000e+00
302 402 2.608770e-03 3.284247e-03 1 3 4 0 2.521226e-13 0.000000e+00
302 403 2.608770e-03 4.134622e-03 1 3 4 0 1.893282e-13 0.000000e+00
302 404 2.608770e-03 5.205181e-03 1 3 4 0 1.405449e-13 0.000000e+00
302 405 2.608770e-03 6.552935e-03 1 3 4 0 1.060266e-13 0.000000e+00
302 406 2.608770e-03 8.249656e-03 1 3 4 0 8.111053e-14 0.000000e+00
303 396 3.284247e-03 8.249656e-04 1 3 4 0 2.801638e-14 0.000000e+00
303 397 3.284247e-03 1.038570e-03 1 3 4 0 4.420500e-14 0.000000e+00
303 398 3.284247e-03 1.307482e-03 1 3 4 0 6.954297e-14 0.000000e+00
303 399 3.284247e-03 1.646023e-03 1 3 4 0 1.088196e-13 0.000000e+00
303 400 3.284247e-03 2.072220e-03 1 3 4 0 1.683796e-13 0.000000e+00
303 401 3.284247e-03 2.608770e-03 1 3 4 0 2.521226e-13 0.000000e+00
303 402 3.284247e-03 3.284247e-03 1 3 4 0 0.000000e+00 0.000000e+00
303 403 3.284247e-03 4.134622e-03 1 3 4 0 2.845657e-13 0.000000e+00
303 404 3.284247e-03 5.205181e-03 1 3 4 0 2.168249e-13 0.000000e+00
303 405 3.284247e-03 6.552935e-03 1 3 4 0 1.649132e-13 0.000000e+00
303 406 3.284247e-03 8.249656e-03 1 3 4 0 1.268484e-13 0.000000e+00
304 396 4.134622e-03 8.249656e-04 1 3 4 0 1.998284e-14 0.000000e+00
304 397 4.134622e-03 1.038570e-03 1 3 4 0 3.157258e-14 0.000000e+00
304 398 4.134622e-03 1.307482e-03 1 3 4 0 4.978988e-14 0.000000e+00
304 399 4.134622e-03 1.646023e-03 1 3 4 0 7.827225e-14 0.000000e+00
304 400 4.134622e-03 2.072220e-03 1 3 4 0 1.223789e-13 0.000000e+00
304 401 4.134622e-03 2.608770e-03 1 3 4 0 1.893282e-13 0.000000e+00
304 402 4.134622e-03 3.284247e-03 1 3 4 0 2.845657e-13 0.000000e+00
304 403 4.134622e-03 4.134622e-03 1 3 4 0 0.000000e+00 0.000000e+00
304 404 4.134622e-03 5.205181e-03 1 3 4 0 3.256420e-13 0.000000e+00
304 405 4.134622e-03 6.552935e-03 1 3 4 0 2.532821e-13 0.000000e+00
304 406 4.134622e-03 8.249656e-03 1 3 4 0 1.967073e-13 0.000000e+00
305 396 5.205181e-03 8.249656e-04 1 3 4 0 1.459185e-14 0.000000e+00
305 397 5.205181e-03 1.038570e-03 1 3 4 0 2.307248e-14 0.000000e+00
305 398 5.205181e-03 1.307482e-03 1 3 4 0 3.643118e-14 0.000000e+00
305 399 5.205181e-03 1.646023e-03 1 3 4 0 5.739531e-14 0.000000e+00
305 400 5.205181e-03 2.072220e-03 1 3 4 0 9.009172e-14 0.000000e+00
305 401 5.205181e-03 2.608770e-03 1 3 4 0 1.405449e-13 0.000000e+00
305 402 5.205181e-03 3.284247e-03 1 3 4 0 2.168249e-13 0.000000e+00
305 403 5.205181e-03 4.134622e-03 1 3 4 0 3.256420e-13 0.000000e+00
305 404 5.205181e-03 5.205181e-03 1 3 4 0 0.000000e+00 0.000000e+00
305 405 5.205181e-03 6.552935e-03 1 3 4 0 3.786318e-13 0.000000e+00
305 406 5.205181e-03 8.249656e-03 1 3 4 0 3.006100e-13 0.000000e+00
306 396 6.552935e-03 8.249656e-04 1 3 4 0 1.090056e-14 0.000000e+00
306 397 6.552935e-03 1.038570e-03 1 3 4 0 1.724582e-14 0.000000e+00
306 398 6.552935e-03 1.307482e-03 1 3 4 0 2.725633e-14 0.000000e+00
306 399 6.552935e-03 1.646023e-03 1 3 4 0 4.300576e-14 0.000000e+00
306 400 6.552935e-03 2.072220e-03 1 3 4 0 6.767373e-14 0.000000e+00
306 401 6.552935e-03 2.608770e-03 1 3 4 0 1.060266e-13 0.000000e+00
306 402 6.552935e-03 3.284247e-03 1 3 4 0 1.649132e-13 0.000000e+00
306 403 6.552935e-03 4.134622e-03 1 3 4 0 2.532821e-13 0.000000e+00
306 404 6.552935e-03 5.205181e-03 1 3 4 0 3.786318e-13 0.000000e+00
306 405 6.552935e-03 6.552935e-03 1 3 4 0 0.000000e+00 0.000000e+00
306 406 6.552935e-03 8.249656e-03 1 3 4 0 4.462410e-13 0.000000e+00
307 396 8.249656e-03 8.249656e-04 1 3 4 0 8.274447e-15 0.000000e+00
307 397 8.249656e-03 1.038570e-03 1 3 4 0 1.309737e-14 0.000000e+00
307 398 8.249656e-03 1.307482e-03 1 3 4 0 2.071592e-14 0.000000e+00
307 399 8.249656e-03 1.646023e-03 1 3 4 0 3.272668e-14 0.000000e+00
307 400 8.249656e-03 2.072220e-03 1 3 4 0 5.160178e-14 0.000000e+00
307 401 8.249656e-03 2.608770e-03 1 3 4 0 8.111053e-14 0.000000e+00
307 402 8.249656e-03 3.284247e-03 1 3 4 0 1.268484e-13 0.000000e+00
307 403 8.249656e-03 4.134622e-03 1 3 4 0 1.967073e-13 0.000000e+00
307 404 8.249656e-03 5.205181e-03 1 3 4 0 3.006100e-13 0.000000e+00
307 405 8.249656e-03 6.552935e-03 1 3 4 0 4.462410e-13 0.000000e+00
307 406 8.249656e-03 8.249656e-03 1 3 4 0 0.000000e+00 0.000000e+00
