# Please cite the following papers in research using this covariance:
# arXiv: 1601.05779, https://arxiv.org/abs/1601.05779
# arXiv: 1911.11947, https://arxiv.org/abs/1911.11947
# arXiv: 2004.04833, https://arxiv.org/abs/2004.04833
# arXiv: 1804.10663, https://arxiv.org/abs/1804.10663
########################################################
253 308 8.249656e-04 8.249656e-04 0 3 2 0 0.000000e+00 0.000000e+00
253 309 8.249656e-04 1.038570e-03 0 3 2 0 3.833242e-13 0.000000e+00
253 310 8.249656e-04 1.307482e-03 0 3 2 0 3.251320e-13 0.000000e+00
253 311 8.249656e-04 1.646023e-03 0 3 2 0 2.475589e-13 0.000000e+00
253 312 8.249656e-04 2.072220e-03 0 3 2 0 1.763022e-13 0.000000e+00
253 313 8.249656e-04 2.608770e-03 0 3 2 0 1.209362e-13 0.000000e+00
253 314 8.249656e-04 3.284247e-03 0 3 2 0 8.195394e-14 0.000000e+00
253 315 8.249656e-04 4.134622e-03 0 3 2 0 5.605836e-14 0.000000e+00
253 316 8.249656e-04 5.205181e-03 0 3 2 0 3.926481e-14 0.000000e+00
253 317 8.249656e-04 6.552935e-03 0 3 2 0 2.831384e-14 0.000000e+00
253 318 8.249656e-04 8.249656e-03 0 3 2 0 2.096328e-14 0.000000e+00
254 308 1.038570e-03 8.249656e-04 0 3 2 0 3.833242e-13 0.000000e+00
254 309 1.038570e-03 1.038570e-03 0 3 2 0 0.000000e+00 0.000000e+00
254 310 1.038570e-03 1.307482e-03 0 3 2 0 4.621735e-13 0.000000e+00
254 311 1.038570e-03 1.646023e-03 0 3 2 0 3.748899e-13 0.000000e+00
254 312 1.038570e-03 2.072220e-03 0 3 2 0 2.743000e-13 0.000000e+00
254 313 1.038570e-03 2.608770e-03 0 3 2 0 1.902749e-13 0.000000e+00
254 314 1.038570e-03 3.284247e-03 0 3 2 0 1.294742e-13 0.000000e+00
254 315 1.038570e-03 4.134622e-03 0 3 2 0 8.867340e-14 0.000000e+00
254 316 1.038570e-03 5.205181e-03 0 3 2 0 6.213297e-14 0.000000e+00
254 317 1.038570e-03 6.552935e-03 0 3 2 0 4.481515e-14 0.000000e+00
254 318 1.038570e-03 8.249656e-03 0 3 2 0 3.318974e-14 0.000000e+00
255 308 1.307482e-03 8.249656e-04 0 3 2 0 3.251320e-13 0.000000e+00
255 309 1.307482e-03 1.038570e-03 0 3 2 0 4.621735e-13 0.000000e+00
255 310 1.307482e-03 1.307482e-03 0 3 2 0 0.000000e+00 0.000000e+00
255 311 1.307482e-03 1.646023e-03 0 3 2 0 5.385800e-13 0.000000e+00
255 312 1.307482e-03 2.072220e-03 0 3 2 0 4.191159e-13 0.000000e+00
255 313 1.307482e-03 2.608770e-03 0 3 2 0 2.975100e-13 0.000000e+00
255 314 1.307482e-03 3.284247e-03 0 3 2 0 2.040740e-13 0.000000e+00
255 315 1.307482e-03 4.134622e-03 0 3 2 0 1.400930e-13 0.000000e+00
255 316 1.307482e-03 5.205181e-03 0 3 2 0 9.822825e-14 0.000000e+00
255 317 1.307482e-03 6.552935e-03 0 3 2 0 7.087847e-14 0.000000e+00
255 318 1.307482e-03 8.249656e-03 0 3 2 0 5.251491e-14 0.000000e+00
256 308 1.646023e-03 8.249656e-04 0 3 2 0 2.475589e-13 0.000000e+00
256 309 1.646023e-03 1.038570e-03 0 3 2 0 3.748899e-13 0.000000e+00
256 310 1.646023e-03 1.307482e-03 0 3 2 0 5.385800e-13 0.000000e+00
256 311 1.646023e-03 1.646023e-03 0 3 2 0 0.000000e+00 0.000000e+00
256 312 1.646023e-03 2.072220e-03 0 3 2 0 6.100725e-13 0.000000e+00
256 313 1.646023e-03 2.608770e-03 0 3 2 0 4.585268e-13 0.000000e+00
256 314 1.646023e-03 3.284247e-03 0 3 2 0 3.201637e-13 0.000000e+00
256 315 1.646023e-03 4.134622e-03 0 3 2 0 2.208656e-13 0.000000e+00
256 316 1.646023e-03 5.205181e-03 0 3 2 0 1.550602e-13 0.000000e+00
256 317 1.646023e-03 6.552935e-03 0 3 2 0 1.119608e-13 0.000000e+00
256 318 1.646023e-03 8.249656e-03 0 3 2 0 8.301074e-14 0.000000e+00
257 308 2.072220e-03 8.249656e-04 0 3 2 0 1.763022e-13 0.000000e+00
257 309 2.072220e-03 1.038570e-03 0 3 2 0 2.743000e-13 0.000000e+00
257 310 2.072220e-03 1.307482e-03 0 3 2 0 4.191159e-13 0.000000e+00
257 311 2.072220e-03 1.646023e-03 0 3 2 0 6.100725e-13 0.000000e+00
257 312 2.072220e-03 2.072220e-03 0 3 2 0 0.000000e+00 0.000000e+00
257 313 2.072220e-03 2.608770e-03 0 3 2 0 6.770522e-13 0.000000e+00
257 314 2.072220e-03 3.284247e-03 0 3 2 0 4.967630e-13 0.000000e+00
257 315 2.072220e-03 4.134622e-03 0 3 2 0 3.468482e-13 0.000000e+00
257 316 2.072220e-03 5.205181e-03 0 3 2 0 2.441751e-13 0.000000e+00
257 317 2.072220e-03 6.552935e-03 0 3 2 0 1.765060e-13 0.000000e+00
257 318 2.072220e-03 8.249656e-03 0 3 2 0 1.310110e-13 0.000000e+00
258 308 2.608770e-03 8.249656e-04 0 3 2 0 1.209362e-13 0.000000e+00
258 309 2.608770e-03 1.038570e-03 0 3 2 0 1.902749e-13 0.000000e+00
258 310 2.608770e-03 1.307482e-03 0 3 2 0 2.975100e-13 0.000000e+00
258 311 2.608770e-03 1.646023e-03 0 3 2 0 4.585268e-13 0.000000e+00
258 312 2.608770e-03 2.072220e-03 0 3 2 0 6.770522e-13 0.000000e+00
258 313 2.608770e-03 2.608770e-03 0 3 2 0 0.000000e+00 0.000000e+00
258 314 2.608770e-03 3.284247e-03 0 3 2 0 7.433182e-13 0.000000e+00
258 315 2.608770e-03 4.134622e-03 0 3 2 0 5.399287e-13 0.000000e+00
258 316 2.608770e-03 5.205181e-03 0 3 2 0 3.829064e-13 0.000000e+00
258 317 2.608770e-03 6.552935e-03 0 3 2 0 2.773782e-13 0.000000e+00
258 318 2.608770e-03 8.249656e-03 0 3 2 0 2.062489e-13 0.000000e+00
259 308 3.284247e-03 8.249656e-04 0 3 2 0 8.195394e-14 0.000000e+00
259 309 3.284247e-03 1.038570e-03 0 3 2 0 1.294742e-13 0.000000e+00
259 310 3.284247e-03 1.307482e-03 0 3 2 0 2.040740e-13 0.000000e+00
259 311 3.284247e-03 1.646023e-03 0 3 2 0 3.201637e-13 0.000000e+00
259 312 3.284247e-03 2.072220e-03 0 3 2 0 4.967630e-13 0.000000e+00
259 313 3.284247e-03 2.608770e-03 0 3 2 0 7.433182e-13 0.000000e+00
259 314 3.284247e-03 3.284247e-03 0 3 2 0 0.000000e+00 0.000000e+00
259 315 3.284247e-03 4.134622e-03 0 3 2 0 8.158129e-13 0.000000e+00
259 316 3.284247e-03 5.205181e-03 0 3 2 0 5.956204e-13 0.000000e+00
259 317 3.284247e-03 6.552935e-03 0 3 2 0 4.336385e-13 0.000000e+00
259 318 3.284247e-03 8.249656e-03 0 3 2 0 3.233841e-13 0.000000e+00
260 308 4.134622e-03 8.249656e-04 0 3 2 0 5.605836e-14 0.000000e+00
260 309 4.134622e-03 1.038570e-03 0 3 2 0 8.867340e-14 0.000000e+00
260 310 4.134622e-03 1.307482e-03 0 3 2 0 1.400930e-13 0.000000e+00
260 311 4.134622e-03 1.646023e-03 0 3 2 0 2.208656e-13 0.000000e+00
260 312 4.134622e-03 2.072220e-03 0 3 2 0 3.468482e-13 0.000000e+00
260 313 4.134622e-03 2.608770e-03 0 3 2 0 5.399287e-13 0.000000e+00
260 314 4.134622e-03 3.284247e-03 0 3 2 0 8.158129e-13 0.000000e+00
260 315 4.134622e-03 4.134622e-03 0 3 2 0 0.000000e+00 0.000000e+00
260 316 4.134622e-03 5.205181e-03 0 3 2 0 9.038134e-13 0.000000e+00
260 317 4.134622e-03 6.552935e-03 0 3 2 0 6.718333e-13 0.000000e+00
260 318 4.134622e-03 8.249656e-03 0 3 2 0 5.037064e-13 0.000000e+00
261 308 5.205181e-03 8.249656e-04 0 3 2 0 3.926481e-14 0.000000e+00
261 309 5.205181e-03 1.038570e-03 0 3 2 0 6.213297e-14 0.000000e+00
261 310 5.205181e-03 1.307482e-03 0 3 2 0 9.822825e-14 0.000000e+00
261 311 5.205181e-03 1.646023e-03 0 3 2 0 1.550602e-13 0.000000e+00
261 312 5.205181e-03 2.072220e-03 0 3 2 0 2.441751e-13 0.000000e+00
261 313 5.205181e-03 2.608770e-03 0 3 2 0 3.829064e-13 0.000000e+00
261 314 5.205181e-03 3.284247e-03 0 3 2 0 5.956204e-13 0.000000e+00
261 315 5.205181e-03 4.134622e-03 0 3 2 0 9.038134e-13 0.000000e+00
261 316 5.205181e-03 5.205181e-03 0 3 2 0 0.000000e+00 0.000000e+00
261 317 5.205181e-03 6.552935e-03 0 3 2 0 1.017819e-12 0.000000e+00
261 318 5.205181e-03 8.249656e-03 0 3 2 0 7.759249e-13 0.000000e+00
262 308 6.552935e-03 8.249656e-04 0 3 2 0 2.831384e-14 0.000000e+00
262 309 6.552935e-03 1.038570e-03 0 3 2 0 4.481515e-14 0.000000e+00
262 310 6.552935e-03 1.307482e-03 0 3 2 0 7.087847e-14 0.000000e+00
262 311 6.552935e-03 1.646023e-03 0 3 2 0 1.119608e-13 0.000000e+00
262 312 6.552935e-03 2.072220e-03 0 3 2 0 1.765060e-13 0.000000e+00
262 313 6.552935e-03 2.608770e-03 0 3 2 0 2.773782e-13 0.000000e+00
262 314 6.552935e-03 3.284247e-03 0 3 2 0 4.336385e-13 0.000000e+00
262 315 6.552935e-03 4.134622e-03 0 3 2 0 6.718333e-13 0.000000e+00
262 316 6.552935e-03 5.205181e-03 0 3 2 0 1.017819e-12 0.000000e+00
262 317 6.552935e-03 6.552935e-03 0 3 2 0 0.000000e+00 0.000000e+00
262 318 6.552935e-03 8.249656e-03 0 3 2 0 1.168184e-12 0.000000e+00
263 308 8.249656e-03 8.249656e-04 0 3 2 0 2.096328e-14 0.000000e+00
263 309 8.249656e-03 1.038570e-03 0 3 2 0 3.318974e-14 0.000000e+00
263 310 8.249656e-03 1.307482e-03 0 3 2 0 5.251491e-14 0.000000e+00
263 311 8.249656e-03 1.646023e-03 0 3 2 0 8.301074e-14 0.000000e+00
263 312 8.249656e-03 2.072220e-03 0 3 2 0 1.310110e-13 0.000000e+00
263 313 8.249656e-03 2.608770e-03 0 3 2 0 2.062489e-13 0.000000e+00
263 314 8.249656e-03 3.284247e-03 0 3 2 0 3.233841e-13 0.000000e+00
263 315 8.249656e-03 4.134622e-03 0 3 2 0 5.037064e-13 0.000000e+00
263 316 8.249656e-03 5.205181e-03 0 3 2 0 7.759249e-13 0.000000e+00
263 317 8.249656e-03 6.552935e-03 0 3 2 0 1.168184e-12 0.000000e+00
263 318 8.249656e-03 8.249656e-03 0 3 2 0 0.000000e+00 0.000000e+00
