# Please cite the following papers in research using this covariance:
# arXiv: 1601.05779, https://arxiv.org/abs/1601.05779
# arXiv: 1911.11947, https://arxiv.org/abs/1911.11947
# arXiv: 2004.04833, https://arxiv.org/abs/2004.04833
# arXiv: 1804.10663, https://arxiv.org/abs/1804.10663
########################################################
231 319 8.249656e-04 8.249656e-04 0 1 2 1 0.000000e+00 0.000000e+00
231 320 8.249656e-04 1.038570e-03 0 1 2 1 6.605588e-12 0.000000e+00
231 321 8.249656e-04 1.307482e-03 0 1 2 1 3.627855e-12 0.000000e+00
231 322 8.249656e-04 1.646023e-03 0 1 2 1 1.886735e-12 0.000000e+00
231 323 8.249656e-04 2.072220e-03 0 1 2 1 9.452164e-13 0.000000e+00
231 324 8.249656e-04 2.608770e-03 0 1 2 1 4.632430e-13 0.000000e+00
231 325 8.249656e-04 3.284247e-03 0 1 2 1 2.270643e-13 0.000000e+00
231 326 8.249656e-04 4.134622e-03 0 1 2 1 1.142824e-13 0.000000e+00
231 327 8.249656e-04 5.205181e-03 0 1 2 1 6.037868e-14 0.000000e+00
231 328 8.249656e-04 6.552935e-03 0 1 2 1 3.393904e-14 0.000000e+00
231 329 8.249656e-04 8.249656e-03 0 1 2 1 2.028948e-14 0.000000e+00
232 319 1.038570e-03 8.249656e-04 0 1 2 1 6.605588e-12 0.000000e+00
232 320 1.038570e-03 1.038570e-03 0 1 2 1 0.000000e+00 0.000000e+00
232 321 1.038570e-03 1.307482e-03 0 1 2 1 6.025595e-12 0.000000e+00
232 322 1.038570e-03 1.646023e-03 0 1 2 1 3.138471e-12 0.000000e+00
232 323 1.038570e-03 2.072220e-03 0 1 2 1 1.558539e-12 0.000000e+00
232 324 1.038570e-03 2.608770e-03 0 1 2 1 7.558033e-13 0.000000e+00
232 325 1.038570e-03 3.284247e-03 0 1 2 1 3.667696e-13 0.000000e+00
232 326 1.038570e-03 4.134622e-03 0 1 2 1 1.830903e-13 0.000000e+00
232 327 1.038570e-03 5.205181e-03 0 1 2 1 9.621290e-14 0.000000e+00
232 328 1.038570e-03 6.552935e-03 0 1 2 1 5.390519e-14 0.000000e+00
232 329 1.038570e-03 8.249656e-03 0 1 2 1 3.218670e-14 0.000000e+00
233 319 1.307482e-03 8.249656e-04 0 1 2 1 3.627855e-12 0.000000e+00
233 320 1.307482e-03 1.038570e-03 0 1 2 1 6.025595e-12 0.000000e+00
233 321 1.307482e-03 1.307482e-03 0 1 2 1 0.000000e+00 0.000000e+00
233 322 1.307482e-03 1.646023e-03 0 1 2 1 5.353548e-12 0.000000e+00
233 323 1.307482e-03 2.072220e-03 0 1 2 1 2.635599e-12 0.000000e+00
233 324 1.307482e-03 2.608770e-03 0 1 2 1 1.256686e-12 0.000000e+00
233 325 1.307482e-03 3.284247e-03 0 1 2 1 5.998068e-13 0.000000e+00
233 326 1.307482e-03 4.134622e-03 0 1 2 1 2.954233e-13 0.000000e+00
233 327 1.307482e-03 5.205181e-03 0 1 2 1 1.538615e-13 0.000000e+00
233 328 1.307482e-03 6.552935e-03 0 1 2 1 8.575735e-14 0.000000e+00
233 329 1.307482e-03 8.249656e-03 0 1 2 1 5.107000e-14 0.000000e+00
234 319 1.646023e-03 8.249656e-04 0 1 2 1 1.886735e-12 0.000000e+00
234 320 1.646023e-03 1.038570e-03 0 1 2 1 3.138471e-12 0.000000e+00
234 321 1.646023e-03 1.307482e-03 0 1 2 1 5.353548e-12 0.000000e+00
234 322 1.646023e-03 1.646023e-03 0 1 2 1 0.000000e+00 0.000000e+00
234 323 1.646023e-03 2.072220e-03 0 1 2 1 4.637637e-12 0.000000e+00
234 324 1.646023e-03 2.608770e-03 0 1 2 1 2.159572e-12 0.000000e+00
234 325 1.646023e-03 3.284247e-03 0 1 2 1 1.002435e-12 0.000000e+00
234 326 1.646023e-03 4.134622e-03 0 1 2 1 4.825668e-13 0.000000e+00
234 327 1.646023e-03 5.205181e-03 0 1 2 1 2.474988e-13 0.000000e+00
234 328 1.646023e-03 6.552935e-03 0 1 2 1 1.367595e-13 0.000000e+00
234 329 1.646023e-03 8.249656e-03 0 1 2 1 8.111451e-14 0.000000e+00
235 319 2.072220e-03 8.249656e-04 0 1 2 1 9.452164e-13 0.000000e+00
235 320 2.072220e-03 1.038570e-03 0 1 2 1 1.558539e-12 0.000000e+00
235 321 2.072220e-03 1.307482e-03 0 1 2 1 2.635599e-12 0.000000e+00
235 322 2.072220e-03 1.646023e-03 0 1 2 1 4.637637e-12 0.000000e+00
235 323 2.072220e-03 2.072220e-03 0 1 2 1 0.000000e+00 0.000000e+00
235 324 2.072220e-03 2.608770e-03 0 1 2 1 3.929984e-12 0.000000e+00
235 325 2.072220e-03 3.284247e-03 0 1 2 1 1.743811e-12 0.000000e+00
235 326 2.072220e-03 4.134622e-03 0 1 2 1 8.062155e-13 0.000000e+00
235 327 2.072220e-03 5.205181e-03 0 1 2 1 4.024030e-13 0.000000e+00
235 328 2.072220e-03 6.552935e-03 0 1 2 1 2.190387e-13 0.000000e+00
235 329 2.072220e-03 8.249656e-03 0 1 2 1 1.289935e-13 0.000000e+00
236 319 2.608770e-03 8.249656e-04 0 1 2 1 4.632430e-13 0.000000e+00
236 320 2.608770e-03 1.038570e-03 0 1 2 1 7.558033e-13 0.000000e+00
236 321 2.608770e-03 1.307482e-03 0 1 2 1 1.256686e-12 0.000000e+00
236 322 2.608770e-03 1.646023e-03 0 1 2 1 2.159572e-12 0.000000e+00
236 323 2.608770e-03 2.072220e-03 0 1 2 1 3.929984e-12 0.000000e+00
236 324 2.608770e-03 2.608770e-03 0 1 2 1 0.000000e+00 0.000000e+00
236 325 2.608770e-03 3.284247e-03 0 1 2 1 3.276934e-12 0.000000e+00
236 326 2.608770e-03 4.134622e-03 0 1 2 1 1.408492e-12 0.000000e+00
236 327 2.608770e-03 5.205181e-03 0 1 2 1 6.679260e-13 0.000000e+00
236 328 2.608770e-03 6.552935e-03 0 1 2 1 3.536419e-13 0.000000e+00
236 329 2.608770e-03 8.249656e-03 0 1 2 1 2.056709e-13 0.000000e+00
237 319 3.284247e-03 8.249656e-04 0 1 2 1 2.270643e-13 0.000000e+00
237 320 3.284247e-03 1.038570e-03 0 1 2 1 3.667696e-13 0.000000e+00
237 321 3.284247e-03 1.307482e-03 0 1 2 1 5.998068e-13 0.000000e+00
237 322 3.284247e-03 1.646023e-03 0 1 2 1 1.002435e-12 0.000000e+00
237 323 3.284247e-03 2.072220e-03 0 1 2 1 1.743811e-12 0.000000e+00
237 324 3.284247e-03 2.608770e-03 0 1 2 1 3.276934e-12 0.000000e+00
237 325 3.284247e-03 3.284247e-03 0 1 2 1 0.000000e+00 0.000000e+00
237 326 3.284247e-03 4.134622e-03 0 1 2 1 2.712261e-12 0.000000e+00
237 327 3.284247e-03 5.205181e-03 0 1 2 1 1.159446e-12 0.000000e+00
237 328 3.284247e-03 6.552935e-03 0 1 2 1 5.804637e-13 0.000000e+00
237 329 3.284247e-03 8.249656e-03 0 1 2 1 3.295708e-13 0.000000e+00
238 319 4.134622e-03 8.249656e-04 0 1 2 1 1.142824e-13 0.000000e+00
238 320 4.134622e-03 1.038570e-03 0 1 2 1 1.830903e-13 0.000000e+00
238 321 4.134622e-03 1.307482e-03 0 1 2 1 2.954233e-13 0.000000e+00
238 322 4.134622e-03 1.646023e-03 0 1 2 1 4.825668e-13 0.000000e+00
238 323 4.134622e-03 2.072220e-03 0 1 2 1 8.062155e-13 0.000000e+00
238 324 4.134622e-03 2.608770e-03 0 1 2 1 1.408492e-12 0.000000e+00
238 325 4.134622e-03 3.284247e-03 0 1 2 1 2.712261e-12 0.000000e+00
238 326 4.134622e-03 4.134622e-03 0 1 2 1 0.000000e+00 0.000000e+00
238 327 4.134622e-03 5.205181e-03 0 1 2 1 2.254470e-12 0.000000e+00
238 328 4.134622e-03 6.552935e-03 0 1 2 1 9.911408e-13 0.000000e+00
238 329 4.134622e-03 8.249656e-03 0 1 2 1 5.340088e-13 0.000000e+00
239 319 5.205181e-03 8.249656e-04 0 1 2 1 6.037868e-14 0.000000e+00
239 320 5.205181e-03 1.038570e-03 0 1 2 1 9.621290e-14 0.000000e+00
239 321 5.205181e-03 1.307482e-03 0 1 2 1 1.538615e-13 0.000000e+00
239 322 5.205181e-03 1.646023e-03 0 1 2 1 2.474988e-13 0.000000e+00
239 323 5.205181e-03 2.072220e-03 0 1 2 1 4.024030e-13 0.000000e+00
239 324 5.205181e-03 2.608770e-03 0 1 2 1 6.679260e-13 0.000000e+00
239 325 5.205181e-03 3.284247e-03 0 1 2 1 1.159446e-12 0.000000e+00
239 326 5.205181e-03 4.134622e-03 0 1 2 1 2.254470e-12 0.000000e+00
239 327 5.205181e-03 5.205181e-03 0 1 2 1 0.000000e+00 0.000000e+00
239 328 5.205181e-03 6.552935e-03 0 1 2 1 1.907998e-12 0.000000e+00
239 329 5.205181e-03 8.249656e-03 0 1 2 1 8.915862e-13 0.000000e+00
240 319 6.552935e-03 8.249656e-04 0 1 2 1 3.393904e-14 0.000000e+00
240 320 6.552935e-03 1.038570e-03 0 1 2 1 5.390519e-14 0.000000e+00
240 321 6.552935e-03 1.307482e-03 0 1 2 1 8.575735e-14 0.000000e+00
240 322 6.552935e-03 1.646023e-03 0 1 2 1 1.367595e-13 0.000000e+00
240 323 6.552935e-03 2.072220e-03 0 1 2 1 2.190387e-13 0.000000e+00
240 324 6.552935e-03 2.608770e-03 0 1 2 1 3.536419e-13 0.000000e+00
240 325 6.552935e-03 3.284247e-03 0 1 2 1 5.804637e-13 0.000000e+00
240 326 6.552935e-03 4.134622e-03 0 1 2 1 9.911408e-13 0.000000e+00
240 327 6.552935e-03 5.205181e-03 0 1 2 1 1.907998e-12 0.000000e+00
240 328 6.552935e-03 6.552935e-03 0 1 2 1 0.000000e+00 0.000000e+00
240 329 6.552935e-03 8.249656e-03 0 1 2 1 1.666558e-12 0.000000e+00
241 319 8.249656e-03 8.249656e-04 0 1 2 1 2.028948e-14 0.000000e+00
241 320 8.249656e-03 1.038570e-03 0 1 2 1 3.218670e-14 0.000000e+00
241 321 8.249656e-03 1.307482e-03 0 1 2 1 5.107000e-14 0.000000e+00
241 322 8.249656e-03 1.646023e-03 0 1 2 1 8.111451e-14 0.000000e+00
241 323 8.249656e-03 2.072220e-03 0 1 2 1 1.289935e-13 0.000000e+00
241 324 8.249656e-03 2.608770e-03 0 1 2 1 2.056709e-13 0.000000e+00
241 325 8.249656e-03 3.284247e-03 0 1 2 1 3.295708e-13 0.000000e+00
241 326 8.249656e-03 4.134622e-03 0 1 2 1 5.340088e-13 0.000000e+00
241 327 8.249656e-03 5.205181e-03 0 1 2 1 8.915862e-13 0.000000e+00
241 328 8.249656e-03 6.552935e-03 0 1 2 1 1.666558e-12 0.000000e+00
241 329 8.249656e-03 8.249656e-03 0 1 2 1 0.000000e+00 0.000000e+00
