# Please cite the following papers in research using this covariance:
# arXiv: 1601.05779, https://arxiv.org/abs/1601.05779
# arXiv: 1911.11947, https://arxiv.org/abs/1911.11947
# arXiv: 2004.04833, https://arxiv.org/abs/2004.04833
# arXiv: 1804.10663, https://arxiv.org/abs/1804.10663
########################################################
341 363 8.249656e-04 8.249656e-04 2 3 3 1 0.000000e+00 0.000000e+00
341 364 8.249656e-04 1.038570e-03 2 3 3 1 3.101154e-13 0.000000e+00
341 365 8.249656e-04 1.307482e-03 2 3 3 1 2.532793e-13 0.000000e+00
341 366 8.249656e-04 1.646023e-03 2 3 3 1 1.884986e-13 0.000000e+00
341 367 8.249656e-04 2.072220e-03 2 3 3 1 1.345384e-13 0.000000e+00
341 368 8.249656e-04 2.608770e-03 2 3 3 1 9.501724e-14 0.000000e+00
341 369 8.249656e-04 3.284247e-03 2 3 3 1 6.775424e-14 0.000000e+00
341 370 8.249656e-04 4.134622e-03 2 3 3 1 4.929033e-14 0.000000e+00
341 371 8.249656e-04 5.205181e-03 2 3 3 1 3.663595e-14 0.000000e+00
341 372 8.249656e-04 6.552935e-03 2 3 3 1 2.768212e-14 0.000000e+00
341 373 8.249656e-04 8.249656e-03 2 3 3 1 2.108404e-14 0.000000e+00
342 363 1.038570e-03 8.249656e-04 2 3 3 1 3.101154e-13 0.000000e+00
342 364 1.038570e-03 1.038570e-03 2 3 3 1 0.000000e+00 0.000000e+00
342 365 1.038570e-03 1.307482e-03 2 3 3 1 3.645439e-13 0.000000e+00
342 366 1.038570e-03 1.646023e-03 2 3 3 1 2.878006e-13 0.000000e+00
342 367 1.038570e-03 2.072220e-03 2 3 3 1 2.098749e-13 0.000000e+00
342 368 1.038570e-03 2.608770e-03 2 3 3 1 1.493936e-13 0.000000e+00
342 369 1.038570e-03 3.284247e-03 2 3 3 1 1.068434e-13 0.000000e+00
342 370 1.038570e-03 4.134622e-03 2 3 3 1 7.783506e-14 0.000000e+00
342 371 1.038570e-03 5.205181e-03 2 3 3 1 5.790669e-14 0.000000e+00
342 372 1.038570e-03 6.552935e-03 2 3 3 1 4.378751e-14 0.000000e+00
342 373 1.038570e-03 8.249656e-03 2 3 3 1 3.337112e-14 0.000000e+00
343 363 1.307482e-03 8.249656e-04 2 3 3 1 2.532793e-13 0.000000e+00
343 364 1.307482e-03 1.038570e-03 2 3 3 1 3.645439e-13 0.000000e+00
343 365 1.307482e-03 1.307482e-03 2 3 3 1 0.000000e+00 0.000000e+00
343 366 1.307482e-03 1.646023e-03 2 3 3 1 4.191096e-13 0.000000e+00
343 367 1.307482e-03 2.072220e-03 2 3 3 1 3.225078e-13 0.000000e+00
343 368 1.307482e-03 2.608770e-03 2 3 3 1 2.334911e-13 0.000000e+00
343 369 1.307482e-03 3.284247e-03 2 3 3 1 1.679416e-13 0.000000e+00
343 370 1.307482e-03 4.134622e-03 2 3 3 1 1.226392e-13 0.000000e+00
343 371 1.307482e-03 5.205181e-03 2 3 3 1 9.137942e-14 0.000000e+00
343 372 1.307482e-03 6.552935e-03 2 3 3 1 6.918303e-14 0.000000e+00
343 373 1.307482e-03 8.249656e-03 2 3 3 1 5.277694e-14 0.000000e+00
344 363 1.646023e-03 8.249656e-04 2 3 3 1 1.884986e-13 0.000000e+00
344 364 1.646023e-03 1.038570e-03 2 3 3 1 2.878006e-13 0.000000e+00
344 365 1.646023e-03 1.307482e-03 2 3 3 1 4.191096e-13 0.000000e+00
344 366 1.646023e-03 1.646023e-03 2 3 3 1 0.000000e+00 0.000000e+00
344 367 1.646023e-03 2.072220e-03 2 3 3 1 4.751286e-13 0.000000e+00
344 368 1.646023e-03 2.608770e-03 2 3 3 1 3.603172e-13 0.000000e+00
344 369 1.646023e-03 3.284247e-03 2 3 3 1 2.624750e-13 0.000000e+00
344 370 1.646023e-03 4.134622e-03 2 3 3 1 1.925335e-13 0.000000e+00
344 371 1.646023e-03 5.205181e-03 2 3 3 1 1.438256e-13 0.000000e+00
344 372 1.646023e-03 6.552935e-03 2 3 3 1 1.091045e-13 0.000000e+00
344 373 1.646023e-03 8.249656e-03 2 3 3 1 8.336159e-14 0.000000e+00
345 363 2.072220e-03 8.249656e-04 2 3 3 1 1.345384e-13 0.000000e+00
345 364 2.072220e-03 1.038570e-03 2 3 3 1 2.098749e-13 0.000000e+00
345 365 2.072220e-03 1.307482e-03 2 3 3 1 3.225078e-13 0.000000e+00
345 366 2.072220e-03 1.646023e-03 2 3 3 1 4.751286e-13 0.000000e+00
345 367 2.072220e-03 2.072220e-03 2 3 3 1 0.000000e+00 0.000000e+00
345 368 2.072220e-03 2.608770e-03 2 3 3 1 5.359566e-13 0.000000e+00
345 369 2.072220e-03 3.284247e-03 2 3 3 1 4.055496e-13 0.000000e+00
345 370 2.072220e-03 4.134622e-03 2 3 3 1 3.004025e-13 0.000000e+00
345 371 2.072220e-03 5.205181e-03 2 3 3 1 2.254122e-13 0.000000e+00
345 372 2.072220e-03 6.552935e-03 2 3 3 1 1.715474e-13 0.000000e+00
345 373 2.072220e-03 8.249656e-03 2 3 3 1 1.314020e-13 0.000000e+00
346 363 2.608770e-03 8.249656e-04 2 3 3 1 9.501724e-14 0.000000e+00
346 364 2.608770e-03 1.038570e-03 2 3 3 1 1.493936e-13 0.000000e+00
346 365 2.608770e-03 1.307482e-03 2 3 3 1 2.334911e-13 0.000000e+00
346 366 2.608770e-03 1.646023e-03 2 3 3 1 3.603172e-13 0.000000e+00
346 367 2.608770e-03 2.072220e-03 2 3 3 1 5.359566e-13 0.000000e+00
346 368 2.608770e-03 2.608770e-03 2 3 3 1 0.000000e+00 0.000000e+00
346 369 2.608770e-03 3.284247e-03 2 3 3 1 6.068214e-13 0.000000e+00
346 370 2.608770e-03 4.134622e-03 2 3 3 1 4.633691e-13 0.000000e+00
346 371 2.608770e-03 5.205181e-03 2 3 3 1 3.507801e-13 0.000000e+00
346 372 2.608770e-03 6.552935e-03 2 3 3 1 2.684087e-13 0.000000e+00
346 373 2.608770e-03 8.249656e-03 2 3 3 1 2.064428e-13 0.000000e+00
347 363 3.284247e-03 8.249656e-04 2 3 3 1 6.775424e-14 0.000000e+00
347 364 3.284247e-03 1.038570e-03 2 3 3 1 1.068434e-13 0.000000e+00
347 365 3.284247e-03 1.307482e-03 2 3 3 1 1.679416e-13 0.000000e+00
347 366 3.284247e-03 1.646023e-03 2 3 3 1 2.624750e-13 0.000000e+00
347 367 3.284247e-03 2.072220e-03 2 3 3 1 4.055496e-13 0.000000e+00
347 368 3.284247e-03 2.608770e-03 2 3 3 1 6.068214e-13 0.000000e+00
347 369 3.284247e-03 3.284247e-03 2 3 3 1 0.000000e+00 0.000000e+00
347 370 3.284247e-03 4.134622e-03 2 3 3 1 6.942850e-13 0.000000e+00
347 371 3.284247e-03 5.205181e-03 2 3 3 1 5.390696e-13 0.000000e+00
347 372 3.284247e-03 6.552935e-03 2 3 3 1 4.165372e-13 0.000000e+00
347 373 3.284247e-03 8.249656e-03 2 3 3 1 3.225756e-13 0.000000e+00
348 363 4.134622e-03 8.249656e-04 2 3 3 1 4.929033e-14 0.000000e+00
348 364 4.134622e-03 1.038570e-03 2 3 3 1 7.783506e-14 0.000000e+00
348 365 4.134622e-03 1.307482e-03 2 3 3 1 1.226392e-13 0.000000e+00
348 366 4.134622e-03 1.646023e-03 2 3 3 1 1.925335e-13 0.000000e+00
348 367 4.134622e-03 2.072220e-03 2 3 3 1 3.004025e-13 0.000000e+00
348 368 4.134622e-03 2.608770e-03 2 3 3 1 4.633691e-13 0.000000e+00
348 369 4.134622e-03 3.284247e-03 2 3 3 1 6.942850e-13 0.000000e+00
348 370 4.134622e-03 4.134622e-03 2 3 3 1 0.000000e+00 0.000000e+00
348 371 4.134622e-03 5.205181e-03 2 3 3 1 8.054435e-13 0.000000e+00
348 372 4.134622e-03 6.552935e-03 2 3 3 1 6.372663e-13 0.000000e+00
348 373 4.134622e-03 8.249656e-03 2 3 3 1 4.994371e-13 0.000000e+00
349 363 5.205181e-03 8.249656e-04 2 3 3 1 3.663595e-14 0.000000e+00
349 364 5.205181e-03 1.038570e-03 2 3 3 1 5.790669e-14 0.000000e+00
349 365 5.205181e-03 1.307482e-03 2 3 3 1 9.137942e-14 0.000000e+00
349 366 5.205181e-03 1.646023e-03 2 3 3 1 1.438256e-13 0.000000e+00
349 367 5.205181e-03 2.072220e-03 2 3 3 1 2.254122e-13 0.000000e+00
349 368 5.205181e-03 2.608770e-03 2 3 3 1 3.507801e-13 0.000000e+00
349 369 5.205181e-03 3.284247e-03 2 3 3 1 5.390696e-13 0.000000e+00
349 370 5.205181e-03 4.134622e-03 2 3 3 1 8.054435e-13 0.000000e+00
349 371 5.205181e-03 5.205181e-03 2 3 3 1 0.000000e+00 0.000000e+00
349 372 5.205181e-03 6.552935e-03 2 3 3 1 9.468602e-13 0.000000e+00
349 373 5.205181e-03 8.249656e-03 2 3 3 1 7.609357e-13 0.000000e+00
350 363 6.552935e-03 8.249656e-04 2 3 3 1 2.768212e-14 0.000000e+00
350 364 6.552935e-03 1.038570e-03 2 3 3 1 4.378751e-14 0.000000e+00
350 365 6.552935e-03 1.307482e-03 2 3 3 1 6.918303e-14 0.000000e+00
350 366 6.552935e-03 1.646023e-03 2 3 3 1 1.091045e-13 0.000000e+00
350 367 6.552935e-03 2.072220e-03 2 3 3 1 1.715474e-13 0.000000e+00
350 368 6.552935e-03 2.608770e-03 2 3 3 1 2.684087e-13 0.000000e+00
350 369 6.552935e-03 3.284247e-03 2 3 3 1 4.165372e-13 0.000000e+00
350 370 6.552935e-03 4.134622e-03 2 3 3 1 6.372663e-13 0.000000e+00
350 371 6.552935e-03 5.205181e-03 2 3 3 1 9.468602e-13 0.000000e+00
350 372 6.552935e-03 6.552935e-03 2 3 3 1 0.000000e+00 0.000000e+00
350 373 6.552935e-03 8.249656e-03 2 3 3 1 1.123128e-12 0.000000e+00
351 363 8.249656e-03 8.249656e-04 2 3 3 1 2.108404e-14 0.000000e+00
351 364 8.249656e-03 1.038570e-03 2 3 3 1 3.337112e-14 0.000000e+00
351 365 8.249656e-03 1.307482e-03 2 3 3 1 5.277694e-14 0.000000e+00
351 366 8.249656e-03 1.646023e-03 2 3 3 1 8.336159e-14 0.000000e+00
351 367 8.249656e-03 2.072220e-03 2 3 3 1 1.314020e-13 0.000000e+00
351 368 8.249656e-03 2.608770e-03 2 3 3 1 2.064428e-13 0.000000e+00
351 369 8.249656e-03 3.284247e-03 2 3 3 1 3.225756e-13 0.000000e+00
351 370 8.249656e-03 4.134622e-03 2 3 3 1 4.994371e-13 0.000000e+00
351 371 8.249656e-03 5.205181e-03 2 3 3 1 7.609357e-13 0.000000e+00
351 372 8.249656e-03 6.552935e-03 2 3 3 1 1.123128e-12 0.000000e+00
351 373 8.249656e-03 8.249656e-03 2 3 3 1 0.000000e+00 0.000000e+00
