# Please cite the following papers in research using this covariance:
# arXiv: 1601.05779, https://arxiv.org/abs/1601.05779
# arXiv: 1911.11947, https://arxiv.org/abs/1911.11947
# arXiv: 2004.04833, https://arxiv.org/abs/2004.04833
# arXiv: 1804.10663, https://arxiv.org/abs/1804.10663
########################################################
275 286 8.249656e-04 8.249656e-04 1 1 1 2 0.000000e+00 0.000000e+00
275 287 8.249656e-04 1.038570e-03 1 1 1 2 6.263252e-12 0.000000e+00
275 288 8.249656e-04 1.307482e-03 1 1 1 2 3.896194e-12 0.000000e+00
275 289 8.249656e-04 1.646023e-03 1 1 1 2 2.344283e-12 0.000000e+00
275 290 8.249656e-04 2.072220e-03 1 1 1 2 1.382890e-12 0.000000e+00
275 291 8.249656e-04 2.608770e-03 1 1 1 2 8.096611e-13 0.000000e+00
275 292 8.249656e-04 3.284247e-03 1 1 1 2 4.783117e-13 0.000000e+00
275 293 8.249656e-04 4.134622e-03 1 1 1 2 2.906800e-13 0.000000e+00
275 294 8.249656e-04 5.205181e-03 1 1 1 2 1.848435e-13 0.000000e+00
275 295 8.249656e-04 6.552935e-03 1 1 1 2 1.240586e-13 0.000000e+00
275 296 8.249656e-04 8.249656e-03 1 1 1 2 8.753313e-14 0.000000e+00
276 286 1.038570e-03 8.249656e-04 1 1 1 2 6.263252e-12 0.000000e+00
276 287 1.038570e-03 1.038570e-03 1 1 1 2 0.000000e+00 0.000000e+00
276 288 1.038570e-03 1.307482e-03 1 1 1 2 6.163819e-12 0.000000e+00
276 289 1.038570e-03 1.646023e-03 1 1 1 2 3.748348e-12 0.000000e+00
276 290 1.038570e-03 2.072220e-03 1 1 1 2 2.213387e-12 0.000000e+00
276 291 1.038570e-03 2.608770e-03 1 1 1 2 1.293360e-12 0.000000e+00
276 292 1.038570e-03 3.284247e-03 1 1 1 2 7.618916e-13 0.000000e+00
276 293 1.038570e-03 4.134622e-03 1 1 1 2 4.618192e-13 0.000000e+00
276 294 1.038570e-03 5.205181e-03 1 1 1 2 2.931492e-13 0.000000e+00
276 295 1.038570e-03 6.552935e-03 1 1 1 2 1.965512e-13 0.000000e+00
276 296 1.038570e-03 8.249656e-03 1 1 1 2 1.386406e-13 0.000000e+00
277 286 1.307482e-03 8.249656e-04 1 1 1 2 3.896194e-12 0.000000e+00
277 287 1.307482e-03 1.038570e-03 1 1 1 2 6.163819e-12 0.000000e+00
277 288 1.307482e-03 1.307482e-03 1 1 1 2 0.000000e+00 0.000000e+00
277 289 1.307482e-03 1.646023e-03 1 1 1 2 5.987554e-12 0.000000e+00
277 290 1.307482e-03 2.072220e-03 1 1 1 2 3.560764e-12 0.000000e+00
277 291 1.307482e-03 2.608770e-03 1 1 1 2 2.076048e-12 0.000000e+00
277 292 1.307482e-03 3.284247e-03 1 1 1 2 1.217542e-12 0.000000e+00
277 293 1.307482e-03 4.134622e-03 1 1 1 2 7.348985e-13 0.000000e+00
277 294 1.307482e-03 5.205181e-03 1 1 1 2 4.651158e-13 0.000000e+00
277 295 1.307482e-03 6.552935e-03 1 1 1 2 3.113666e-13 0.000000e+00
277 296 1.307482e-03 8.249656e-03 1 1 1 2 2.195206e-13 0.000000e+00
278 286 1.646023e-03 8.249656e-04 1 1 1 2 2.344283e-12 0.000000e+00
278 287 1.646023e-03 1.038570e-03 1 1 1 2 3.748348e-12 0.000000e+00
278 288 1.646023e-03 1.307482e-03 1 1 1 2 5.987554e-12 0.000000e+00
278 289 1.646023e-03 1.646023e-03 1 1 1 2 0.000000e+00 0.000000e+00
278 290 1.646023e-03 2.072220e-03 1 1 1 2 5.751027e-12 0.000000e+00
278 291 1.646023e-03 2.608770e-03 1 1 1 2 3.358249e-12 0.000000e+00
278 292 1.646023e-03 3.284247e-03 1 1 1 2 1.956544e-12 0.000000e+00
278 293 1.646023e-03 4.134622e-03 1 1 1 2 1.172771e-12 0.000000e+00
278 294 1.646023e-03 5.205181e-03 1 1 1 2 7.385833e-13 0.000000e+00
278 295 1.646023e-03 6.552935e-03 1 1 1 2 4.931342e-13 0.000000e+00
278 296 1.646023e-03 8.249656e-03 1 1 1 2 3.473711e-13 0.000000e+00
279 286 2.072220e-03 8.249656e-04 1 1 1 2 1.382890e-12 0.000000e+00
279 287 2.072220e-03 1.038570e-03 1 1 1 2 2.213387e-12 0.000000e+00
279 288 2.072220e-03 1.307482e-03 1 1 1 2 3.560764e-12 0.000000e+00
279 289 2.072220e-03 1.646023e-03 1 1 1 2 5.751027e-12 0.000000e+00
279 290 2.072220e-03 2.072220e-03 1 1 1 2 0.000000e+00 0.000000e+00
279 291 2.072220e-03 2.608770e-03 1 1 1 2 5.484844e-12 0.000000e+00
279 292 2.072220e-03 3.284247e-03 1 1 1 2 3.174875e-12 0.000000e+00
279 293 2.072220e-03 4.134622e-03 1 1 1 2 1.881367e-12 0.000000e+00
279 294 2.072220e-03 5.205181e-03 1 1 1 2 1.174800e-12 0.000000e+00
279 295 2.072220e-03 6.552935e-03 1 1 1 2 7.808550e-13 0.000000e+00
279 296 2.072220e-03 8.249656e-03 1 1 1 2 5.492170e-13 0.000000e+00
280 286 2.608770e-03 8.249656e-04 1 1 1 2 8.096611e-13 0.000000e+00
280 287 2.608770e-03 1.038570e-03 1 1 1 2 1.293360e-12 0.000000e+00
280 288 2.608770e-03 1.307482e-03 1 1 1 2 2.076048e-12 0.000000e+00
280 289 2.608770e-03 1.646023e-03 1 1 1 2 3.358249e-12 0.000000e+00
280 290 2.608770e-03 2.072220e-03 1 1 1 2 5.484844e-12 0.000000e+00
280 291 2.608770e-03 2.608770e-03 1 1 1 2 0.000000e+00 0.000000e+00
280 292 2.608770e-03 3.284247e-03 1 1 1 2 5.231708e-12 0.000000e+00
280 293 2.608770e-03 4.134622e-03 1 1 1 2 3.049310e-12 0.000000e+00
280 294 2.608770e-03 5.205181e-03 1 1 1 2 1.875450e-12 0.000000e+00
280 295 2.608770e-03 6.552935e-03 1 1 1 2 1.236424e-12 0.000000e+00
280 296 2.608770e-03 8.249656e-03 1 1 1 2 8.671974e-13 0.000000e+00
281 286 3.284247e-03 8.249656e-04 1 1 1 2 4.783117e-13 0.000000e+00
281 287 3.284247e-03 1.038570e-03 1 1 1 2 7.618916e-13 0.000000e+00
281 288 3.284247e-03 1.307482e-03 1 1 1 2 1.217542e-12 0.000000e+00
281 289 3.284247e-03 1.646023e-03 1 1 1 2 1.956544e-12 0.000000e+00
281 290 3.284247e-03 2.072220e-03 1 1 1 2 3.174875e-12 0.000000e+00
281 291 3.284247e-03 2.608770e-03 1 1 1 2 5.231708e-12 0.000000e+00
281 292 3.284247e-03 3.284247e-03 1 1 1 2 0.000000e+00 0.000000e+00
281 293 3.284247e-03 4.134622e-03 1 1 1 2 5.042040e-12 0.000000e+00
281 294 3.284247e-03 5.205181e-03 1 1 1 2 3.019898e-12 0.000000e+00
281 295 3.284247e-03 6.552935e-03 1 1 1 2 1.959613e-12 0.000000e+00
281 296 3.284247e-03 8.249656e-03 1 1 1 2 1.366734e-12 0.000000e+00
282 286 4.134622e-03 8.249656e-04 1 1 1 2 2.906800e-13 0.000000e+00
282 287 4.134622e-03 1.038570e-03 1 1 1 2 4.618192e-13 0.000000e+00
282 288 4.134622e-03 1.307482e-03 1 1 1 2 7.348985e-13 0.000000e+00
282 289 4.134622e-03 1.646023e-03 1 1 1 2 1.172771e-12 0.000000e+00
282 290 4.134622e-03 2.072220e-03 1 1 1 2 1.881367e-12 0.000000e+00
282 291 4.134622e-03 2.608770e-03 1 1 1 2 3.049310e-12 0.000000e+00
282 292 4.134622e-03 3.284247e-03 1 1 1 2 5.042040e-12 0.000000e+00
282 293 4.134622e-03 4.134622e-03 1 1 1 2 0.000000e+00 0.000000e+00
282 294 4.134622e-03 5.205181e-03 1 1 1 2 4.968788e-12 0.000000e+00
282 295 4.134622e-03 6.552935e-03 1 1 1 2 3.120329e-12 0.000000e+00
282 296 4.134622e-03 8.249656e-03 1 1 1 2 2.149222e-12 0.000000e+00
283 286 5.205181e-03 8.249656e-04 1 1 1 2 1.848435e-13 0.000000e+00
283 287 5.205181e-03 1.038570e-03 1 1 1 2 2.931492e-13 0.000000e+00
283 288 5.205181e-03 1.307482e-03 1 1 1 2 4.651158e-13 0.000000e+00
283 289 5.205181e-03 1.646023e-03 1 1 1 2 7.385833e-13 0.000000e+00
283 290 5.205181e-03 2.072220e-03 1 1 1 2 1.174800e-12 0.000000e+00
283 291 5.205181e-03 2.608770e-03 1 1 1 2 1.875450e-12 0.000000e+00
283 292 5.205181e-03 3.284247e-03 1 1 1 2 3.019898e-12 0.000000e+00
283 293 5.205181e-03 4.134622e-03 1 1 1 2 4.968788e-12 0.000000e+00
283 294 5.205181e-03 5.205181e-03 1 1 1 2 0.000000e+00 0.000000e+00
283 295 5.205181e-03 6.552935e-03 1 1 1 2 5.062094e-12 0.000000e+00
283 296 5.205181e-03 8.249656e-03 1 1 1 2 3.376951e-12 0.000000e+00
284 286 6.552935e-03 8.249656e-04 1 1 1 2 1.240586e-13 0.000000e+00
284 287 6.552935e-03 1.038570e-03 1 1 1 2 1.965512e-13 0.000000e+00
284 288 6.552935e-03 1.307482e-03 1 1 1 2 3.113666e-13 0.000000e+00
284 289 6.552935e-03 1.646023e-03 1 1 1 2 4.931342e-13 0.000000e+00
284 290 6.552935e-03 2.072220e-03 1 1 1 2 7.808550e-13 0.000000e+00
284 291 6.552935e-03 2.608770e-03 1 1 1 2 1.236424e-12 0.000000e+00
284 292 6.552935e-03 3.284247e-03 1 1 1 2 1.959613e-12 0.000000e+00
284 293 6.552935e-03 4.134622e-03 1 1 1 2 3.120329e-12 0.000000e+00
284 294 6.552935e-03 5.205181e-03 1 1 1 2 5.062094e-12 0.000000e+00
284 295 6.552935e-03 6.552935e-03 1 1 1 2 0.000000e+00 0.000000e+00
284 296 6.552935e-03 8.249656e-03 1 1 1 2 5.364618e-12 0.000000e+00
285 286 8.249656e-03 8.249656e-04 1 1 1 2 8.753313e-14 0.000000e+00
285 287 8.249656e-03 1.038570e-03 1 1 1 2 1.386406e-13 0.000000e+00
285 288 8.249656e-03 1.307482e-03 1 1 1 2 2.195206e-13 0.000000e+00
285 289 8.249656e-03 1.646023e-03 1 1 1 2 3.473711e-13 0.000000e+00
285 290 8.249656e-03 2.072220e-03 1 1 1 2 5.492170e-13 0.000000e+00
285 291 8.249656e-03 2.608770e-03 1 1 1 2 8.671974e-13 0.000000e+00
285 292 8.249656e-03 3.284247e-03 1 1 1 2 1.366734e-12 0.000000e+00
285 293 8.249656e-03 4.134622e-03 1 1 1 2 2.149222e-12 0.000000e+00
285 294 8.249656e-03 5.205181e-03 1 1 1 2 3.376951e-12 0.000000e+00
285 295 8.249656e-03 6.552935e-03 1 1 1 2 5.364618e-12 0.000000e+00
285 296 8.249656e-03 8.249656e-03 1 1 1 2 0.000000e+00 0.000000e+00
