# Please cite the following papers in research using this covariance:
# arXiv: 1601.05779, https://arxiv.org/abs/1601.05779
# arXiv: 1911.11947, https://arxiv.org/abs/1911.11947
# arXiv: 2004.04833, https://arxiv.org/abs/2004.04833
# arXiv: 1804.10663, https://arxiv.org/abs/1804.10663
########################################################
286 308 8.249656e-04 8.249656e-04 1 2 2 0 0.000000e+00 0.000000e+00
286 309 8.249656e-04 1.038570e-03 1 2 2 0 2.134190e-13 0.000000e+00
286 310 8.249656e-04 1.307482e-03 1 2 2 0 1.772863e-13 0.000000e+00
286 311 8.249656e-04 1.646023e-03 1 2 2 0 1.323399e-13 0.000000e+00
286 312 8.249656e-04 2.072220e-03 1 2 2 0 9.305729e-14 0.000000e+00
286 313 8.249656e-04 2.608770e-03 1 2 2 0 6.370686e-14 0.000000e+00
286 314 8.249656e-04 3.284247e-03 1 2 2 0 4.357562e-14 0.000000e+00
286 315 8.249656e-04 4.134622e-03 1 2 2 0 3.036210e-14 0.000000e+00
286 316 8.249656e-04 5.205181e-03 1 2 2 0 2.177879e-14 0.000000e+00
286 317 8.249656e-04 6.552935e-03 1 2 2 0 1.609644e-14 0.000000e+00
286 318 8.249656e-04 8.249656e-03 1 2 2 0 1.217370e-14 0.000000e+00
287 308 1.038570e-03 8.249656e-04 1 2 2 0 2.134190e-13 0.000000e+00
287 309 1.038570e-03 1.038570e-03 1 2 2 0 0.000000e+00 0.000000e+00
287 310 1.038570e-03 1.307482e-03 1 2 2 0 2.531231e-13 0.000000e+00
287 311 1.038570e-03 1.646023e-03 1 2 2 0 2.013108e-13 0.000000e+00
287 312 1.038570e-03 2.072220e-03 1 2 2 0 1.451600e-13 0.000000e+00
287 313 1.038570e-03 2.608770e-03 1 2 2 0 1.003204e-13 0.000000e+00
287 314 1.038570e-03 3.284247e-03 1 2 2 0 6.883703e-14 0.000000e+00
287 315 1.038570e-03 4.134622e-03 1 2 2 0 4.800857e-14 0.000000e+00
287 316 1.038570e-03 5.205181e-03 1 2 2 0 3.445002e-14 0.000000e+00
287 317 1.038570e-03 6.552935e-03 1 2 2 0 2.547060e-14 0.000000e+00
287 318 1.038570e-03 8.249656e-03 1 2 2 0 1.927067e-14 0.000000e+00
288 308 1.307482e-03 8.249656e-04 1 2 2 0 1.772863e-13 0.000000e+00
288 309 1.307482e-03 1.038570e-03 1 2 2 0 2.531231e-13 0.000000e+00
288 310 1.307482e-03 1.307482e-03 1 2 2 0 0.000000e+00 0.000000e+00
288 311 1.307482e-03 1.646023e-03 1 2 2 0 2.909856e-13 0.000000e+00
288 312 1.307482e-03 2.072220e-03 1 2 2 0 2.227912e-13 0.000000e+00
288 313 1.307482e-03 2.608770e-03 1 2 2 0 1.571224e-13 0.000000e+00
288 314 1.307482e-03 3.284247e-03 1 2 2 0 1.084980e-13 0.000000e+00
288 315 1.307482e-03 4.134622e-03 1 2 2 0 7.580344e-14 0.000000e+00
288 316 1.307482e-03 5.205181e-03 1 2 2 0 5.443104e-14 0.000000e+00
288 317 1.307482e-03 6.552935e-03 1 2 2 0 4.026641e-14 0.000000e+00
288 318 1.307482e-03 8.249656e-03 1 2 2 0 3.048337e-14 0.000000e+00
289 308 1.646023e-03 8.249656e-04 1 2 2 0 1.323399e-13 0.000000e+00
289 309 1.646023e-03 1.038570e-03 1 2 2 0 2.013108e-13 0.000000e+00
289 310 1.646023e-03 1.307482e-03 1 2 2 0 2.909856e-13 0.000000e+00
289 311 1.646023e-03 1.646023e-03 1 2 2 0 0.000000e+00 0.000000e+00
289 312 1.646023e-03 2.072220e-03 1 2 2 0 3.265919e-13 0.000000e+00
289 313 1.646023e-03 2.608770e-03 1 2 2 0 2.429863e-13 0.000000e+00
289 314 1.646023e-03 3.284247e-03 1 2 2 0 1.702707e-13 0.000000e+00
289 315 1.646023e-03 4.134622e-03 1 2 2 0 1.194074e-13 0.000000e+00
289 316 1.646023e-03 5.205181e-03 1 2 2 0 8.584316e-14 0.000000e+00
289 317 1.646023e-03 6.552935e-03 1 2 2 0 6.356217e-14 0.000000e+00
289 318 1.646023e-03 8.249656e-03 1 2 2 0 4.816542e-14 0.000000e+00
290 308 2.072220e-03 8.249656e-04 1 2 2 0 9.305729e-14 0.000000e+00
290 309 2.072220e-03 1.038570e-03 1 2 2 0 1.451600e-13 0.000000e+00
290 310 2.072220e-03 1.307482e-03 1 2 2 0 2.227912e-13 0.000000e+00
290 311 2.072220e-03 1.646023e-03 1 2 2 0 3.265919e-13 0.000000e+00
290 312 2.072220e-03 2.072220e-03 1 2 2 0 0.000000e+00 0.000000e+00
290 313 2.072220e-03 2.608770e-03 1 2 2 0 3.611855e-13 0.000000e+00
290 314 2.072220e-03 3.284247e-03 1 2 2 0 2.645722e-13 0.000000e+00
290 315 2.072220e-03 4.134622e-03 1 2 2 0 1.873096e-13 0.000000e+00
290 316 2.072220e-03 5.205181e-03 1 2 2 0 1.349817e-13 0.000000e+00
290 317 2.072220e-03 6.552935e-03 1 2 2 0 1.000965e-13 0.000000e+00
290 318 2.072220e-03 8.249656e-03 1 2 2 0 7.596622e-14 0.000000e+00
291 308 2.608770e-03 8.249656e-04 1 2 2 0 6.370686e-14 0.000000e+00
291 309 2.608770e-03 1.038570e-03 1 2 2 0 1.003204e-13 0.000000e+00
291 310 2.608770e-03 1.307482e-03 1 2 2 0 1.571224e-13 0.000000e+00
291 311 2.608770e-03 1.646023e-03 1 2 2 0 2.429863e-13 0.000000e+00
291 312 2.608770e-03 2.072220e-03 1 2 2 0 3.611855e-13 0.000000e+00
291 313 2.608770e-03 2.608770e-03 1 2 2 0 0.000000e+00 0.000000e+00
291 314 2.608770e-03 3.284247e-03 1 2 2 0 3.977700e-13 0.000000e+00
291 315 2.608770e-03 4.134622e-03 1 2 2 0 2.913127e-13 0.000000e+00
291 316 2.608770e-03 5.205181e-03 1 2 2 0 2.112063e-13 0.000000e+00
291 317 2.608770e-03 6.552935e-03 1 2 2 0 1.570264e-13 0.000000e+00
291 318 2.608770e-03 8.249656e-03 1 2 2 0 1.194645e-13 0.000000e+00
292 308 3.284247e-03 8.249656e-04 1 2 2 0 4.357562e-14 0.000000e+00
292 309 3.284247e-03 1.038570e-03 1 2 2 0 6.883703e-14 0.000000e+00
292 310 3.284247e-03 1.307482e-03 1 2 2 0 1.084980e-13 0.000000e+00
292 311 3.284247e-03 1.646023e-03 1 2 2 0 1.702707e-13 0.000000e+00
292 312 3.284247e-03 2.072220e-03 1 2 2 0 2.645722e-13 0.000000e+00
292 313 3.284247e-03 2.608770e-03 1 2 2 0 3.977700e-13 0.000000e+00
292 314 3.284247e-03 3.284247e-03 1 2 2 0 0.000000e+00 0.000000e+00
292 315 3.284247e-03 4.134622e-03 1 2 2 0 4.408685e-13 0.000000e+00
292 316 3.284247e-03 5.205181e-03 1 2 2 0 3.275492e-13 0.000000e+00
292 317 3.284247e-03 6.552935e-03 1 2 2 0 2.447997e-13 0.000000e+00
292 318 3.284247e-03 8.249656e-03 1 2 2 0 1.869843e-13 0.000000e+00
293 308 4.134622e-03 8.249656e-04 1 2 2 0 3.036210e-14 0.000000e+00
293 309 4.134622e-03 1.038570e-03 1 2 2 0 4.800857e-14 0.000000e+00
293 310 4.134622e-03 1.307482e-03 1 2 2 0 7.580344e-14 0.000000e+00
293 311 4.134622e-03 1.646023e-03 1 2 2 0 1.194074e-13 0.000000e+00
293 312 4.134622e-03 2.072220e-03 1 2 2 0 1.873096e-13 0.000000e+00
293 313 4.134622e-03 2.608770e-03 1 2 2 0 2.913127e-13 0.000000e+00
293 314 4.134622e-03 3.284247e-03 1 2 2 0 4.408685e-13 0.000000e+00
293 315 4.134622e-03 4.134622e-03 1 2 2 0 0.000000e+00 0.000000e+00
293 316 4.134622e-03 5.205181e-03 1 2 2 0 4.960282e-13 0.000000e+00
293 317 4.134622e-03 6.552935e-03 1 2 2 0 3.776156e-13 0.000000e+00
293 318 4.134622e-03 8.249656e-03 1 2 2 0 2.904059e-13 0.000000e+00
294 308 5.205181e-03 8.249656e-04 1 2 2 0 2.177879e-14 0.000000e+00
294 309 5.205181e-03 1.038570e-03 1 2 2 0 3.445002e-14 0.000000e+00
294 310 5.205181e-03 1.307482e-03 1 2 2 0 5.443104e-14 0.000000e+00
294 311 5.205181e-03 1.646023e-03 1 2 2 0 8.584316e-14 0.000000e+00
294 312 5.205181e-03 2.072220e-03 1 2 2 0 1.349817e-13 0.000000e+00
294 313 5.205181e-03 2.608770e-03 1 2 2 0 2.112063e-13 0.000000e+00
294 314 5.205181e-03 3.284247e-03 1 2 2 0 3.275492e-13 0.000000e+00
294 315 5.205181e-03 4.134622e-03 1 2 2 0 4.960282e-13 0.000000e+00
294 316 5.205181e-03 5.205181e-03 1 2 2 0 0.000000e+00 0.000000e+00
294 317 5.205181e-03 6.552935e-03 1 2 2 0 5.691265e-13 0.000000e+00
294 318 5.205181e-03 8.249656e-03 1 2 2 0 4.451906e-13 0.000000e+00
295 308 6.552935e-03 8.249656e-04 1 2 2 0 1.609644e-14 0.000000e+00
295 309 6.552935e-03 1.038570e-03 1 2 2 0 2.547060e-14 0.000000e+00
295 310 6.552935e-03 1.307482e-03 1 2 2 0 4.026641e-14 0.000000e+00
295 311 6.552935e-03 1.646023e-03 1 2 2 0 6.356217e-14 0.000000e+00
295 312 6.552935e-03 2.072220e-03 1 2 2 0 1.000965e-13 0.000000e+00
295 313 6.552935e-03 2.608770e-03 1 2 2 0 1.570264e-13 0.000000e+00
295 314 6.552935e-03 3.284247e-03 1 2 2 0 2.447997e-13 0.000000e+00
295 315 6.552935e-03 4.134622e-03 1 2 2 0 3.776156e-13 0.000000e+00
295 316 6.552935e-03 5.205181e-03 1 2 2 0 5.691265e-13 0.000000e+00
295 317 6.552935e-03 6.552935e-03 1 2 2 0 0.000000e+00 0.000000e+00
295 318 6.552935e-03 8.249656e-03 1 2 2 0 6.654564e-13 0.000000e+00
296 308 8.249656e-03 8.249656e-04 1 2 2 0 1.217370e-14 0.000000e+00
296 309 8.249656e-03 1.038570e-03 1 2 2 0 1.927067e-14 0.000000e+00
296 310 8.249656e-03 1.307482e-03 1 2 2 0 3.048337e-14 0.000000e+00
296 311 8.249656e-03 1.646023e-03 1 2 2 0 4.816542e-14 0.000000e+00
296 312 8.249656e-03 2.072220e-03 1 2 2 0 7.596622e-14 0.000000e+00
296 313 8.249656e-03 2.608770e-03 1 2 2 0 1.194645e-13 0.000000e+00
296 314 8.249656e-03 3.284247e-03 1 2 2 0 1.869843e-13 0.000000e+00
296 315 8.249656e-03 4.134622e-03 1 2 2 0 2.904059e-13 0.000000e+00
296 316 8.249656e-03 5.205181e-03 1 2 2 0 4.451906e-13 0.000000e+00
296 317 8.249656e-03 6.552935e-03 1 2 2 0 6.654564e-13 0.000000e+00
296 318 8.249656e-03 8.249656e-03 1 2 2 0 0.000000e+00 0.000000e+00
