# Please cite the following papers in research using this covariance:
# arXiv: 1601.05779, https://arxiv.org/abs/1601.05779
# arXiv: 1911.11947, https://arxiv.org/abs/1911.11947
# arXiv: 2004.04833, https://arxiv.org/abs/2004.04833
# arXiv: 1804.10663, https://arxiv.org/abs/1804.10663
########################################################
407 462 8.249656e-04 8.249656e-04 4 1 5 2 0.000000e+00 0.000000e+00
407 463 8.249656e-04 1.038570e-03 4 1 5 2 3.276430e-13 0.000000e+00
407 464 8.249656e-04 1.307482e-03 4 1 5 2 2.727703e-13 0.000000e+00
407 465 8.249656e-04 1.646023e-03 4 1 5 2 2.105327e-13 0.000000e+00
407 466 8.249656e-04 2.072220e-03 4 1 5 2 1.577194e-13 0.000000e+00
407 467 8.249656e-04 2.608770e-03 4 1 5 2 1.173453e-13 0.000000e+00
407 468 8.249656e-04 3.284247e-03 4 1 5 2 8.761310e-14 0.000000e+00
407 469 8.249656e-04 4.134622e-03 4 1 5 2 6.578707e-14 0.000000e+00
407 470 8.249656e-04 5.205181e-03 4 1 5 2 4.954949e-14 0.000000e+00
407 471 8.249656e-04 6.552935e-03 4 1 5 2 3.726655e-14 0.000000e+00
407 472 8.249656e-04 8.249656e-03 4 1 5 2 2.785064e-14 0.000000e+00
408 462 1.038570e-03 8.249656e-04 4 1 5 2 3.276430e-13 0.000000e+00
408 463 1.038570e-03 1.038570e-03 4 1 5 2 0.000000e+00 0.000000e+00
408 464 1.038570e-03 1.307482e-03 4 1 5 2 3.933162e-13 0.000000e+00
408 465 1.038570e-03 1.646023e-03 4 1 5 2 3.203962e-13 0.000000e+00
408 466 1.038570e-03 2.072220e-03 4 1 5 2 2.449435e-13 0.000000e+00
408 467 1.038570e-03 2.608770e-03 4 1 5 2 1.838138e-13 0.000000e+00
408 468 1.038570e-03 3.284247e-03 4 1 5 2 1.378278e-13 0.000000e+00
408 469 1.038570e-03 4.134622e-03 4 1 5 2 1.037552e-13 0.000000e+00
408 470 1.038570e-03 5.205181e-03 4 1 5 2 7.827833e-14 0.000000e+00
408 471 1.038570e-03 6.552935e-03 4 1 5 2 5.894104e-14 0.000000e+00
408 472 1.038570e-03 8.249656e-03 4 1 5 2 4.408271e-14 0.000000e+00
409 462 1.307482e-03 8.249656e-04 4 1 5 2 2.727703e-13 0.000000e+00
409 463 1.307482e-03 1.038570e-03 4 1 5 2 3.933162e-13 0.000000e+00
409 464 1.307482e-03 1.307482e-03 4 1 5 2 0.000000e+00 0.000000e+00
409 465 1.307482e-03 1.646023e-03 4 1 5 2 4.657692e-13 0.000000e+00
409 466 1.307482e-03 2.072220e-03 4 1 5 2 3.740381e-13 0.000000e+00
409 467 1.307482e-03 2.608770e-03 4 1 5 2 2.856072e-13 0.000000e+00
409 468 1.307482e-03 3.284247e-03 4 1 5 2 2.158013e-13 0.000000e+00
409 469 1.307482e-03 4.134622e-03 4 1 5 2 1.631459e-13 0.000000e+00
409 470 1.307482e-03 5.205181e-03 4 1 5 2 1.234248e-13 0.000000e+00
409 471 1.307482e-03 6.552935e-03 4 1 5 2 9.310645e-14 0.000000e+00
409 472 1.307482e-03 8.249656e-03 4 1 5 2 6.972136e-14 0.000000e+00
410 462 1.646023e-03 8.249656e-04 4 1 5 2 2.105327e-13 0.000000e+00
410 463 1.646023e-03 1.038570e-03 4 1 5 2 3.203962e-13 0.000000e+00
410 464 1.646023e-03 1.307482e-03 4 1 5 2 4.657692e-13 0.000000e+00
410 465 1.646023e-03 1.646023e-03 4 1 5 2 0.000000e+00 0.000000e+00
410 466 1.646023e-03 2.072220e-03 4 1 5 2 5.475594e-13 0.000000e+00
410 467 1.646023e-03 2.608770e-03 4 1 5 2 4.368241e-13 0.000000e+00
410 468 1.646023e-03 3.284247e-03 4 1 5 2 3.351329e-13 0.000000e+00
410 469 1.646023e-03 4.134622e-03 4 1 5 2 2.552581e-13 0.000000e+00
410 470 1.646023e-03 5.205181e-03 4 1 5 2 1.939950e-13 0.000000e+00
410 471 1.646023e-03 6.552935e-03 4 1 5 2 1.467823e-13 0.000000e+00
410 472 1.646023e-03 8.249656e-03 4 1 5 2 1.101344e-13 0.000000e+00
411 462 2.072220e-03 8.249656e-04 4 1 5 2 1.577194e-13 0.000000e+00
411 463 2.072220e-03 1.038570e-03 4 1 5 2 2.449435e-13 0.000000e+00
411 464 2.072220e-03 1.307482e-03 4 1 5 2 3.740381e-13 0.000000e+00
411 465 2.072220e-03 1.646023e-03 4 1 5 2 5.475594e-13 0.000000e+00
411 466 2.072220e-03 2.072220e-03 4 1 5 2 0.000000e+00 0.000000e+00
411 467 2.072220e-03 2.608770e-03 4 1 5 2 6.425462e-13 0.000000e+00
411 468 2.072220e-03 3.284247e-03 4 1 5 2 5.124832e-13 0.000000e+00
411 469 2.072220e-03 4.134622e-03 4 1 5 2 3.959806e-13 0.000000e+00
411 470 2.072220e-03 5.205181e-03 4 1 5 2 3.033195e-13 0.000000e+00
411 471 2.072220e-03 6.552935e-03 4 1 5 2 2.306483e-13 0.000000e+00
411 472 2.072220e-03 8.249656e-03 4 1 5 2 1.736226e-13 0.000000e+00
412 462 2.608770e-03 8.249656e-04 4 1 5 2 1.173453e-13 0.000000e+00
412 463 2.608770e-03 1.038570e-03 4 1 5 2 1.838138e-13 0.000000e+00
412 464 2.608770e-03 1.307482e-03 4 1 5 2 2.856072e-13 0.000000e+00
412 465 2.608770e-03 1.646023e-03 4 1 5 2 4.368241e-13 0.000000e+00
412 466 2.608770e-03 2.072220e-03 4 1 5 2 6.425462e-13 0.000000e+00
412 467 2.608770e-03 2.608770e-03 4 1 5 2 0.000000e+00 0.000000e+00
412 468 2.608770e-03 3.284247e-03 4 1 5 2 7.554575e-13 0.000000e+00
412 469 2.608770e-03 4.134622e-03 4 1 5 2 6.047065e-13 0.000000e+00
412 470 2.608770e-03 5.205181e-03 4 1 5 2 4.700116e-13 0.000000e+00
412 471 2.608770e-03 6.552935e-03 4 1 5 2 3.604674e-13 0.000000e+00
412 472 2.608770e-03 8.249656e-03 4 1 5 2 2.728077e-13 0.000000e+00
413 462 3.284247e-03 8.249656e-04 4 1 5 2 8.761310e-14 0.000000e+00
413 463 3.284247e-03 1.038570e-03 4 1 5 2 1.378278e-13 0.000000e+00
413 464 3.284247e-03 1.307482e-03 4 1 5 2 2.158013e-13 0.000000e+00
413 465 3.284247e-03 1.646023e-03 4 1 5 2 3.351329e-13 0.000000e+00
413 466 3.284247e-03 2.072220e-03 4 1 5 2 5.124832e-13 0.000000e+00
413 467 3.284247e-03 2.608770e-03 4 1 5 2 7.554575e-13 0.000000e+00
413 468 3.284247e-03 3.284247e-03 4 1 5 2 0.000000e+00 0.000000e+00
413 469 3.284247e-03 4.134622e-03 4 1 5 2 8.912075e-13 0.000000e+00
413 470 3.284247e-03 5.205181e-03 4 1 5 2 7.164910e-13 0.000000e+00
413 471 3.284247e-03 6.552935e-03 4 1 5 2 5.581116e-13 0.000000e+00
413 472 3.284247e-03 8.249656e-03 4 1 5 2 4.262948e-13 0.000000e+00
414 462 4.134622e-03 8.249656e-04 4 1 5 2 6.578707e-14 0.000000e+00
414 463 4.134622e-03 1.038570e-03 4 1 5 2 1.037552e-13 0.000000e+00
414 464 4.134622e-03 1.307482e-03 4 1 5 2 1.631459e-13 0.000000e+00
414 465 4.134622e-03 1.646023e-03 4 1 5 2 2.552581e-13 0.000000e+00
414 466 4.134622e-03 2.072220e-03 4 1 5 2 3.959806e-13 0.000000e+00
414 467 4.134622e-03 2.608770e-03 4 1 5 2 6.047065e-13 0.000000e+00
414 468 4.134622e-03 3.284247e-03 4 1 5 2 8.912075e-13 0.000000e+00
414 469 4.134622e-03 4.134622e-03 4 1 5 2 0.000000e+00 0.000000e+00
414 470 4.134622e-03 5.205181e-03 4 1 5 2 1.054095e-12 0.000000e+00
414 471 4.134622e-03 6.552935e-03 4 1 5 2 8.494987e-13 0.000000e+00
414 472 4.134622e-03 8.249656e-03 4 1 5 2 6.597989e-13 0.000000e+00
415 462 5.205181e-03 8.249656e-04 4 1 5 2 4.954949e-14 0.000000e+00
415 463 5.205181e-03 1.038570e-03 4 1 5 2 7.827833e-14 0.000000e+00
415 464 5.205181e-03 1.307482e-03 4 1 5 2 1.234248e-13 0.000000e+00
415 465 5.205181e-03 1.646023e-03 4 1 5 2 1.939950e-13 0.000000e+00
415 466 5.205181e-03 2.072220e-03 4 1 5 2 3.033195e-13 0.000000e+00
415 467 5.205181e-03 2.608770e-03 4 1 5 2 4.700116e-13 0.000000e+00
415 468 5.205181e-03 3.284247e-03 4 1 5 2 7.164910e-13 0.000000e+00
415 469 5.205181e-03 4.134622e-03 4 1 5 2 1.054095e-12 0.000000e+00
415 470 5.205181e-03 5.205181e-03 4 1 5 2 0.000000e+00 0.000000e+00
415 471 5.205181e-03 6.552935e-03 4 1 5 2 1.246897e-12 0.000000e+00
415 472 5.205181e-03 8.249656e-03 4 1 5 2 1.003366e-12 0.000000e+00
416 462 6.552935e-03 8.249656e-04 4 1 5 2 3.726655e-14 0.000000e+00
416 463 6.552935e-03 1.038570e-03 4 1 5 2 5.894104e-14 0.000000e+00
416 464 6.552935e-03 1.307482e-03 4 1 5 2 9.310645e-14 0.000000e+00
416 465 6.552935e-03 1.646023e-03 4 1 5 2 1.467823e-13 0.000000e+00
416 466 6.552935e-03 2.072220e-03 4 1 5 2 2.306483e-13 0.000000e+00
416 467 6.552935e-03 2.608770e-03 4 1 5 2 3.604674e-13 0.000000e+00
416 468 6.552935e-03 3.284247e-03 4 1 5 2 5.581116e-13 0.000000e+00
416 469 6.552935e-03 4.134622e-03 4 1 5 2 8.494987e-13 0.000000e+00
416 470 6.552935e-03 5.205181e-03 4 1 5 2 1.246897e-12 0.000000e+00
416 471 6.552935e-03 6.552935e-03 4 1 5 2 0.000000e+00 0.000000e+00
416 472 6.552935e-03 8.249656e-03 4 1 5 2 1.469725e-12 0.000000e+00
417 462 8.249656e-03 8.249656e-04 4 1 5 2 2.785064e-14 0.000000e+00
417 463 8.249656e-03 1.038570e-03 4 1 5 2 4.408271e-14 0.000000e+00
417 464 8.249656e-03 1.307482e-03 4 1 5 2 6.972136e-14 0.000000e+00
417 465 8.249656e-03 1.646023e-03 4 1 5 2 1.101344e-13 0.000000e+00
417 466 8.249656e-03 2.072220e-03 4 1 5 2 1.736226e-13 0.000000e+00
417 467 8.249656e-03 2.608770e-03 4 1 5 2 2.728077e-13 0.000000e+00
417 468 8.249656e-03 3.284247e-03 4 1 5 2 4.262948e-13 0.000000e+00
417 469 8.249656e-03 4.134622e-03 4 1 5 2 6.597989e-13 0.000000e+00
417 470 8.249656e-03 5.205181e-03 4 1 5 2 1.003366e-12 0.000000e+00
417 471 8.249656e-03 6.552935e-03 4 1 5 2 1.469725e-12 0.000000e+00
417 472 8.249656e-03 8.249656e-03 4 1 5 2 0.000000e+00 0.000000e+00
