# Please cite the following papers in research using this covariance:
# arXiv: 1601.05779, https://arxiv.org/abs/1601.05779
# arXiv: 1911.11947, https://arxiv.org/abs/1911.11947
# arXiv: 2004.04833, https://arxiv.org/abs/2004.04833
# arXiv: 1804.10663, https://arxiv.org/abs/1804.10663
########################################################
286 385 8.249656e-04 8.249656e-04 1 2 3 3 0.000000e+00 0.000000e+00
286 386 8.249656e-04 1.038570e-03 1 2 3 3 3.973578e-13 0.000000e+00
286 387 8.249656e-04 1.307482e-03 1 2 3 3 3.209358e-13 0.000000e+00
286 388 8.249656e-04 1.646023e-03 1 2 3 3 2.337381e-13 0.000000e+00
286 389 8.249656e-04 2.072220e-03 1 2 3 3 1.616517e-13 0.000000e+00
286 390 8.249656e-04 2.608770e-03 1 2 3 3 1.099701e-13 0.000000e+00
286 391 8.249656e-04 3.284247e-03 1 2 3 3 7.554266e-14 0.000000e+00
286 392 8.249656e-04 4.134622e-03 1 2 3 3 5.332279e-14 0.000000e+00
286 393 8.249656e-04 5.205181e-03 1 2 3 3 3.896479e-14 0.000000e+00
286 394 8.249656e-04 6.552935e-03 1 2 3 3 2.939322e-14 0.000000e+00
286 395 8.249656e-04 8.249656e-03 1 2 3 3 2.266084e-14 0.000000e+00
287 385 1.038570e-03 8.249656e-04 1 2 3 3 3.973578e-13 0.000000e+00
287 386 1.038570e-03 1.038570e-03 1 2 3 3 0.000000e+00 0.000000e+00
287 387 1.038570e-03 1.307482e-03 1 2 3 3 4.614664e-13 0.000000e+00
287 388 1.038570e-03 1.646023e-03 1 2 3 3 3.575364e-13 0.000000e+00
287 389 1.038570e-03 2.072220e-03 1 2 3 3 2.529186e-13 0.000000e+00
287 390 1.038570e-03 2.608770e-03 1 2 3 3 1.733703e-13 0.000000e+00
287 391 1.038570e-03 3.284247e-03 1 2 3 3 1.193535e-13 0.000000e+00
287 392 1.038570e-03 4.134622e-03 1 2 3 3 8.429730e-14 0.000000e+00
287 393 1.038570e-03 5.205181e-03 1 2 3 3 6.161959e-14 0.000000e+00
287 394 1.038570e-03 6.552935e-03 1 2 3 3 4.650233e-14 0.000000e+00
287 395 1.038570e-03 8.249656e-03 1 2 3 3 3.586701e-14 0.000000e+00
288 385 1.307482e-03 8.249656e-04 1 2 3 3 3.209358e-13 0.000000e+00
288 386 1.307482e-03 1.038570e-03 1 2 3 3 4.614664e-13 0.000000e+00
288 387 1.307482e-03 1.307482e-03 1 2 3 3 0.000000e+00 0.000000e+00
288 388 1.307482e-03 1.646023e-03 1 2 3 3 5.211668e-13 0.000000e+00
288 389 1.307482e-03 2.072220e-03 1 2 3 3 3.902392e-13 0.000000e+00
288 390 1.307482e-03 2.608770e-03 1 2 3 3 2.721109e-13 0.000000e+00
288 391 1.307482e-03 3.284247e-03 1 2 3 3 1.881853e-13 0.000000e+00
288 392 1.307482e-03 4.134622e-03 1 2 3 3 1.330631e-13 0.000000e+00
288 393 1.307482e-03 5.205181e-03 1 2 3 3 9.732066e-14 0.000000e+00
288 394 1.307482e-03 6.552935e-03 1 2 3 3 7.349334e-14 0.000000e+00
288 395 1.307482e-03 8.249656e-03 1 2 3 3 5.672500e-14 0.000000e+00
289 385 1.646023e-03 8.249656e-04 1 2 3 3 2.337381e-13 0.000000e+00
289 386 1.646023e-03 1.038570e-03 1 2 3 3 3.575364e-13 0.000000e+00
289 387 1.646023e-03 1.307482e-03 1 2 3 3 5.211668e-13 0.000000e+00
289 388 1.646023e-03 1.646023e-03 1 2 3 3 0.000000e+00 0.000000e+00
289 389 1.646023e-03 2.072220e-03 1 2 3 3 5.772096e-13 0.000000e+00
289 390 1.646023e-03 2.608770e-03 1 2 3 3 4.225801e-13 0.000000e+00
289 391 1.646023e-03 3.284247e-03 1 2 3 3 2.955863e-13 0.000000e+00
289 392 1.646023e-03 4.134622e-03 1 2 3 3 2.095229e-13 0.000000e+00
289 393 1.646023e-03 5.205181e-03 1 2 3 3 1.533906e-13 0.000000e+00
289 394 1.646023e-03 6.552935e-03 1 2 3 3 1.159565e-13 0.000000e+00
289 395 1.646023e-03 8.249656e-03 1 2 3 3 8.959993e-14 0.000000e+00
290 385 2.072220e-03 8.249656e-04 1 2 3 3 1.616517e-13 0.000000e+00
290 386 2.072220e-03 1.038570e-03 1 2 3 3 2.529186e-13 0.000000e+00
290 387 2.072220e-03 1.307482e-03 1 2 3 3 3.902392e-13 0.000000e+00
290 388 2.072220e-03 1.646023e-03 1 2 3 3 5.772096e-13 0.000000e+00
290 389 2.072220e-03 2.072220e-03 1 2 3 3 0.000000e+00 0.000000e+00
290 390 2.072220e-03 2.608770e-03 1 2 3 3 6.334099e-13 0.000000e+00
290 391 2.072220e-03 3.284247e-03 1 2 3 3 4.603731e-13 0.000000e+00
290 392 2.072220e-03 4.134622e-03 1 2 3 3 3.285447e-13 0.000000e+00
290 393 2.072220e-03 5.205181e-03 1 2 3 3 2.409699e-13 0.000000e+00
290 394 2.072220e-03 6.552935e-03 1 2 3 3 1.824660e-13 0.000000e+00
290 395 2.072220e-03 8.249656e-03 1 2 3 3 1.412442e-13 0.000000e+00
291 385 2.608770e-03 8.249656e-04 1 2 3 3 1.099701e-13 0.000000e+00
291 386 2.608770e-03 1.038570e-03 1 2 3 3 1.733703e-13 0.000000e+00
291 387 2.608770e-03 1.307482e-03 1 2 3 3 2.721109e-13 0.000000e+00
291 388 2.608770e-03 1.646023e-03 1 2 3 3 4.225801e-13 0.000000e+00
291 389 2.608770e-03 2.072220e-03 1 2 3 3 6.334099e-13 0.000000e+00
291 390 2.608770e-03 2.608770e-03 1 2 3 3 0.000000e+00 0.000000e+00
291 391 2.608770e-03 3.284247e-03 1 2 3 3 6.966036e-13 0.000000e+00
291 392 2.608770e-03 4.134622e-03 1 2 3 3 5.110848e-13 0.000000e+00
291 393 2.608770e-03 5.205181e-03 1 2 3 3 3.765345e-13 0.000000e+00
291 394 2.608770e-03 6.552935e-03 1 2 3 3 2.858934e-13 0.000000e+00
291 395 2.608770e-03 8.249656e-03 1 2 3 3 2.219381e-13 0.000000e+00
292 385 3.284247e-03 8.249656e-04 1 2 3 3 7.554266e-14 0.000000e+00
292 386 3.284247e-03 1.038570e-03 1 2 3 3 1.193535e-13 0.000000e+00
292 387 3.284247e-03 1.307482e-03 1 2 3 3 1.881853e-13 0.000000e+00
292 388 3.284247e-03 1.646023e-03 1 2 3 3 2.955863e-13 0.000000e+00
292 389 3.284247e-03 2.072220e-03 1 2 3 3 4.603731e-13 0.000000e+00
292 390 3.284247e-03 2.608770e-03 1 2 3 3 6.966036e-13 0.000000e+00
292 391 3.284247e-03 3.284247e-03 1 2 3 3 0.000000e+00 0.000000e+00
292 392 3.284247e-03 4.134622e-03 1 2 3 3 7.761407e-13 0.000000e+00
292 393 3.284247e-03 5.205181e-03 1 2 3 3 5.829950e-13 0.000000e+00
292 394 3.284247e-03 6.552935e-03 1 2 3 3 4.448400e-13 0.000000e+00
292 395 3.284247e-03 8.249656e-03 1 2 3 3 3.469142e-13 0.000000e+00
293 385 4.134622e-03 8.249656e-04 1 2 3 3 5.332279e-14 0.000000e+00
293 386 4.134622e-03 1.038570e-03 1 2 3 3 8.429730e-14 0.000000e+00
293 387 4.134622e-03 1.307482e-03 1 2 3 3 1.330631e-13 0.000000e+00
293 388 4.134622e-03 1.646023e-03 1 2 3 3 2.095229e-13 0.000000e+00
293 389 4.134622e-03 2.072220e-03 1 2 3 3 3.285447e-13 0.000000e+00
293 390 4.134622e-03 2.608770e-03 1 2 3 3 5.110848e-13 0.000000e+00
293 391 4.134622e-03 3.284247e-03 1 2 3 3 7.761407e-13 0.000000e+00
293 392 4.134622e-03 4.134622e-03 1 2 3 3 0.000000e+00 0.000000e+00
293 393 4.134622e-03 5.205181e-03 1 2 3 3 8.829862e-13 0.000000e+00
293 394 4.134622e-03 6.552935e-03 1 2 3 3 6.842120e-13 0.000000e+00
293 395 4.134622e-03 8.249656e-03 1 2 3 3 5.376309e-13 0.000000e+00
294 385 5.205181e-03 8.249656e-04 1 2 3 3 3.896479e-14 0.000000e+00
294 386 5.205181e-03 1.038570e-03 1 2 3 3 6.161959e-14 0.000000e+00
294 387 5.205181e-03 1.307482e-03 1 2 3 3 9.732066e-14 0.000000e+00
294 388 5.205181e-03 1.646023e-03 1 2 3 3 1.533906e-13 0.000000e+00
294 389 5.205181e-03 2.072220e-03 1 2 3 3 2.409699e-13 0.000000e+00
294 390 5.205181e-03 2.608770e-03 1 2 3 3 3.765345e-13 0.000000e+00
294 391 5.205181e-03 3.284247e-03 1 2 3 3 5.829950e-13 0.000000e+00
294 392 5.205181e-03 4.134622e-03 1 2 3 3 8.829862e-13 0.000000e+00
294 393 5.205181e-03 5.205181e-03 1 2 3 3 0.000000e+00 0.000000e+00
294 394 5.205181e-03 6.552935e-03 1 2 3 3 1.028388e-12 0.000000e+00
294 395 5.205181e-03 8.249656e-03 1 2 3 3 8.213055e-13 0.000000e+00
295 385 6.552935e-03 8.249656e-04 1 2 3 3 2.939322e-14 0.000000e+00
295 386 6.552935e-03 1.038570e-03 1 2 3 3 4.650233e-14 0.000000e+00
295 387 6.552935e-03 1.307482e-03 1 2 3 3 7.349334e-14 0.000000e+00
295 388 6.552935e-03 1.646023e-03 1 2 3 3 1.159565e-13 0.000000e+00
295 389 6.552935e-03 2.072220e-03 1 2 3 3 1.824660e-13 0.000000e+00
295 390 6.552935e-03 2.608770e-03 1 2 3 3 2.858934e-13 0.000000e+00
295 391 6.552935e-03 3.284247e-03 1 2 3 3 4.448400e-13 0.000000e+00
295 392 6.552935e-03 4.134622e-03 1 2 3 3 6.842120e-13 0.000000e+00
295 393 6.552935e-03 5.205181e-03 1 2 3 3 1.028388e-12 0.000000e+00
295 394 6.552935e-03 6.552935e-03 1 2 3 3 0.000000e+00 0.000000e+00
295 395 6.552935e-03 8.249656e-03 1 2 3 3 1.221861e-12 0.000000e+00
296 385 8.249656e-03 8.249656e-04 1 2 3 3 2.266084e-14 0.000000e+00
296 386 8.249656e-03 1.038570e-03 1 2 3 3 3.586701e-14 0.000000e+00
296 387 8.249656e-03 1.307482e-03 1 2 3 3 5.672500e-14 0.000000e+00
296 388 8.249656e-03 1.646023e-03 1 2 3 3 8.959993e-14 0.000000e+00
296 389 8.249656e-03 2.072220e-03 1 2 3 3 1.412442e-13 0.000000e+00
296 390 8.249656e-03 2.608770e-03 1 2 3 3 2.219381e-13 0.000000e+00
296 391 8.249656e-03 3.284247e-03 1 2 3 3 3.469142e-13 0.000000e+00
296 392 8.249656e-03 4.134622e-03 1 2 3 3 5.376309e-13 0.000000e+00
296 393 8.249656e-03 5.205181e-03 1 2 3 3 8.213055e-13 0.000000e+00
296 394 8.249656e-03 6.552935e-03 1 2 3 3 1.221861e-12 0.000000e+00
296 395 8.249656e-03 8.249656e-03 1 2 3 3 0.000000e+00 0.000000e+00
