# Please cite the following papers in research using this covariance:
# arXiv: 1601.05779, https://arxiv.org/abs/1601.05779
# arXiv: 1911.11947, https://arxiv.org/abs/1911.11947
# arXiv: 2004.04833, https://arxiv.org/abs/2004.04833
# arXiv: 1804.10663, https://arxiv.org/abs/1804.10663
########################################################
253 297 8.249656e-04 8.249656e-04 0 3 1 3 0.000000e+00 0.000000e+00
253 298 8.249656e-04 1.038570e-03 0 3 1 3 6.947924e-11 0.000000e+00
253 299 8.249656e-04 1.307482e-03 0 3 1 3 3.695857e-11 0.000000e+00
253 300 8.249656e-04 1.646023e-03 0 3 1 3 1.870810e-11 0.000000e+00
253 301 8.249656e-04 2.072220e-03 0 3 1 3 9.258116e-12 0.000000e+00
253 302 8.249656e-04 2.608770e-03 0 3 1 3 4.593085e-12 0.000000e+00
253 303 8.249656e-04 3.284247e-03 0 3 1 3 2.344233e-12 0.000000e+00
253 304 8.249656e-04 4.134622e-03 0 3 1 3 1.258630e-12 0.000000e+00
253 305 8.249656e-04 5.205181e-03 0 3 1 3 7.211552e-13 0.000000e+00
253 306 8.249656e-04 6.552935e-03 0 3 1 3 4.424791e-13 0.000000e+00
253 307 8.249656e-04 8.249656e-03 0 3 1 3 2.880380e-13 0.000000e+00
254 297 1.038570e-03 8.249656e-04 0 3 1 3 6.947924e-11 0.000000e+00
254 298 1.038570e-03 1.038570e-03 0 3 1 3 0.000000e+00 0.000000e+00
254 299 1.038570e-03 1.307482e-03 0 3 1 3 6.238549e-11 0.000000e+00
254 300 1.038570e-03 1.646023e-03 0 3 1 3 3.144352e-11 0.000000e+00
254 301 1.038570e-03 2.072220e-03 0 3 1 3 1.532902e-11 0.000000e+00
254 302 1.038570e-03 2.608770e-03 0 3 1 3 7.488881e-12 0.000000e+00
254 303 1.038570e-03 3.284247e-03 0 3 1 3 3.775705e-12 0.000000e+00
254 304 1.038570e-03 4.134622e-03 0 3 1 3 2.010520e-12 0.000000e+00
254 305 1.038570e-03 5.205181e-03 0 3 1 3 1.146606e-12 0.000000e+00
254 306 1.038570e-03 6.552935e-03 0 3 1 3 7.018238e-13 0.000000e+00
254 307 1.038570e-03 8.249656e-03 0 3 1 3 4.565611e-13 0.000000e+00
255 297 1.307482e-03 8.249656e-04 0 3 1 3 3.695857e-11 0.000000e+00
255 298 1.307482e-03 1.038570e-03 0 3 1 3 6.238549e-11 0.000000e+00
255 299 1.307482e-03 1.307482e-03 0 3 1 3 0.000000e+00 0.000000e+00
255 300 1.307482e-03 1.646023e-03 0 3 1 3 5.466170e-11 0.000000e+00
255 301 1.307482e-03 2.072220e-03 0 3 1 3 2.614906e-11 0.000000e+00
255 302 1.307482e-03 2.608770e-03 0 3 1 3 1.245306e-11 0.000000e+00
255 303 1.307482e-03 3.284247e-03 0 3 1 3 6.148553e-12 0.000000e+00
255 304 1.307482e-03 4.134622e-03 0 3 1 3 3.228902e-12 0.000000e+00
255 305 1.307482e-03 5.205181e-03 0 3 1 3 1.827082e-12 0.000000e+00
255 306 1.307482e-03 6.552935e-03 0 3 1 3 1.114015e-12 0.000000e+00
255 307 1.307482e-03 8.249656e-03 0 3 1 3 7.235228e-13 0.000000e+00
256 297 1.646023e-03 8.249656e-04 0 3 1 3 1.870810e-11 0.000000e+00
256 298 1.646023e-03 1.038570e-03 0 3 1 3 3.144352e-11 0.000000e+00
256 299 1.646023e-03 1.307482e-03 0 3 1 3 5.466170e-11 0.000000e+00
256 300 1.646023e-03 1.646023e-03 0 3 1 3 0.000000e+00 0.000000e+00
256 301 1.646023e-03 2.072220e-03 0 3 1 3 4.690378e-11 0.000000e+00
256 302 1.646023e-03 2.608770e-03 0 3 1 3 2.147314e-11 0.000000e+00
256 303 1.646023e-03 3.284247e-03 0 3 1 3 1.021716e-11 0.000000e+00
256 304 1.646023e-03 4.134622e-03 0 3 1 3 5.235247e-12 0.000000e+00
256 305 1.646023e-03 5.205181e-03 0 3 1 3 2.922077e-12 0.000000e+00
256 306 1.646023e-03 6.552935e-03 0 3 1 3 1.770106e-12 0.000000e+00
256 307 1.646023e-03 8.249656e-03 0 3 1 3 1.146810e-12 0.000000e+00
257 297 2.072220e-03 8.249656e-04 0 3 1 3 9.258116e-12 0.000000e+00
257 298 2.072220e-03 1.038570e-03 0 3 1 3 1.532902e-11 0.000000e+00
257 299 2.072220e-03 1.307482e-03 0 3 1 3 2.614906e-11 0.000000e+00
257 300 2.072220e-03 1.646023e-03 0 3 1 3 4.690378e-11 0.000000e+00
257 301 2.072220e-03 2.072220e-03 0 3 1 3 0.000000e+00 0.000000e+00
257 302 2.072220e-03 2.608770e-03 0 3 1 3 3.965941e-11 0.000000e+00
257 303 2.072220e-03 3.284247e-03 0 3 1 3 1.767451e-11 0.000000e+00
257 304 2.072220e-03 4.134622e-03 0 3 1 3 8.645686e-12 0.000000e+00
257 305 2.072220e-03 5.205181e-03 0 3 1 3 4.706171e-12 0.000000e+00
257 306 2.072220e-03 6.552935e-03 0 3 1 3 2.818202e-12 0.000000e+00
257 307 2.072220e-03 8.249656e-03 0 3 1 3 1.817730e-12 0.000000e+00
258 297 2.608770e-03 8.249656e-04 0 3 1 3 4.593085e-12 0.000000e+00
258 298 2.608770e-03 1.038570e-03 0 3 1 3 7.488881e-12 0.000000e+00
258 299 2.608770e-03 1.307482e-03 0 3 1 3 1.245306e-11 0.000000e+00
258 300 2.608770e-03 1.646023e-03 0 3 1 3 2.147314e-11 0.000000e+00
258 301 2.608770e-03 2.072220e-03 0 3 1 3 3.965941e-11 0.000000e+00
258 302 2.608770e-03 2.608770e-03 0 3 1 3 0.000000e+00 0.000000e+00
258 303 2.608770e-03 3.284247e-03 0 3 1 3 3.334869e-11 0.000000e+00
258 304 2.608770e-03 4.134622e-03 0 3 1 3 1.485773e-11 0.000000e+00
258 305 2.608770e-03 5.205181e-03 0 3 1 3 7.689465e-12 0.000000e+00
258 306 2.608770e-03 6.552935e-03 0 3 1 3 4.504833e-12 0.000000e+00
258 307 2.608770e-03 8.249656e-03 0 3 1 3 2.882431e-12 0.000000e+00
259 297 3.284247e-03 8.249656e-04 0 3 1 3 2.344233e-12 0.000000e+00
259 298 3.284247e-03 1.038570e-03 0 3 1 3 3.775705e-12 0.000000e+00
259 299 3.284247e-03 1.307482e-03 0 3 1 3 6.148553e-12 0.000000e+00
259 300 3.284247e-03 1.646023e-03 0 3 1 3 1.021716e-11 0.000000e+00
259 301 3.284247e-03 2.072220e-03 0 3 1 3 1.767451e-11 0.000000e+00
259 302 3.284247e-03 2.608770e-03 0 3 1 3 3.334869e-11 0.000000e+00
259 303 3.284247e-03 3.284247e-03 0 3 1 3 0.000000e+00 0.000000e+00
259 304 3.284247e-03 4.134622e-03 0 3 1 3 2.823338e-11 0.000000e+00
259 305 3.284247e-03 5.205181e-03 0 3 1 3 1.300491e-11 0.000000e+00
259 306 3.284247e-03 6.552935e-03 0 3 1 3 7.267362e-12 0.000000e+00
259 307 3.284247e-03 8.249656e-03 0 3 1 3 4.576288e-12 0.000000e+00
260 297 4.134622e-03 8.249656e-04 0 3 1 3 1.258630e-12 0.000000e+00
260 298 4.134622e-03 1.038570e-03 0 3 1 3 2.010520e-12 0.000000e+00
260 299 4.134622e-03 1.307482e-03 0 3 1 3 3.228902e-12 0.000000e+00
260 300 4.134622e-03 1.646023e-03 0 3 1 3 5.235247e-12 0.000000e+00
260 301 4.134622e-03 2.072220e-03 0 3 1 3 8.645686e-12 0.000000e+00
260 302 4.134622e-03 2.608770e-03 0 3 1 3 1.485773e-11 0.000000e+00
260 303 4.134622e-03 3.284247e-03 0 3 1 3 2.823338e-11 0.000000e+00
260 304 4.134622e-03 4.134622e-03 0 3 1 3 0.000000e+00 0.000000e+00
260 305 4.134622e-03 5.205181e-03 0 3 1 3 2.442404e-11 0.000000e+00
260 306 4.134622e-03 6.552935e-03 0 3 1 3 1.202488e-11 0.000000e+00
260 307 4.134622e-03 8.249656e-03 0 3 1 3 7.294239e-12 0.000000e+00
261 297 5.205181e-03 8.249656e-04 0 3 1 3 7.211552e-13 0.000000e+00
261 298 5.205181e-03 1.038570e-03 0 3 1 3 1.146606e-12 0.000000e+00
261 299 5.205181e-03 1.307482e-03 0 3 1 3 1.827082e-12 0.000000e+00
261 300 5.205181e-03 1.646023e-03 0 3 1 3 2.922077e-12 0.000000e+00
261 301 5.205181e-03 2.072220e-03 0 3 1 3 4.706171e-12 0.000000e+00
261 302 5.205181e-03 2.608770e-03 0 3 1 3 7.689465e-12 0.000000e+00
261 303 5.205181e-03 3.284247e-03 0 3 1 3 1.300491e-11 0.000000e+00
261 304 5.205181e-03 4.134622e-03 0 3 1 3 2.442404e-11 0.000000e+00
261 305 5.205181e-03 5.205181e-03 0 3 1 3 0.000000e+00 0.000000e+00
261 306 5.205181e-03 6.552935e-03 0 3 1 3 2.191192e-11 0.000000e+00
261 307 5.205181e-03 8.249656e-03 0 3 1 3 1.179825e-11 0.000000e+00
262 297 6.552935e-03 8.249656e-04 0 3 1 3 4.424791e-13 0.000000e+00
262 298 6.552935e-03 1.038570e-03 0 3 1 3 7.018238e-13 0.000000e+00
262 299 6.552935e-03 1.307482e-03 0 3 1 3 1.114015e-12 0.000000e+00
262 300 6.552935e-03 1.646023e-03 0 3 1 3 1.770106e-12 0.000000e+00
262 301 6.552935e-03 2.072220e-03 0 3 1 3 2.818202e-12 0.000000e+00
262 302 6.552935e-03 2.608770e-03 0 3 1 3 4.504833e-12 0.000000e+00
262 303 6.552935e-03 3.284247e-03 0 3 1 3 7.267362e-12 0.000000e+00
262 304 6.552935e-03 4.134622e-03 0 3 1 3 1.202488e-11 0.000000e+00
262 305 6.552935e-03 5.205181e-03 0 3 1 3 2.191192e-11 0.000000e+00
262 306 6.552935e-03 6.552935e-03 0 3 1 3 0.000000e+00 0.000000e+00
262 307 6.552935e-03 8.249656e-03 0 3 1 3 2.060944e-11 0.000000e+00
263 297 8.249656e-03 8.249656e-04 0 3 1 3 2.880380e-13 0.000000e+00
263 298 8.249656e-03 1.038570e-03 0 3 1 3 4.565611e-13 0.000000e+00
263 299 8.249656e-03 1.307482e-03 0 3 1 3 7.235228e-13 0.000000e+00
263 300 8.249656e-03 1.646023e-03 0 3 1 3 1.146810e-12 0.000000e+00
263 301 8.249656e-03 2.072220e-03 0 3 1 3 1.817730e-12 0.000000e+00
263 302 8.249656e-03 2.608770e-03 0 3 1 3 2.882431e-12 0.000000e+00
263 303 8.249656e-03 3.284247e-03 0 3 1 3 4.576288e-12 0.000000e+00
263 304 8.249656e-03 4.134622e-03 0 3 1 3 7.294239e-12 0.000000e+00
263 305 8.249656e-03 5.205181e-03 0 3 1 3 1.179825e-11 0.000000e+00
263 306 8.249656e-03 6.552935e-03 0 3 1 3 2.060944e-11 0.000000e+00
263 307 8.249656e-03 8.249656e-03 0 3 1 3 0.000000e+00 0.000000e+00
