# Please cite the following papers in research using this covariance:
# arXiv: 1601.05779, https://arxiv.org/abs/1601.05779
# arXiv: 1911.11947, https://arxiv.org/abs/1911.11947
# arXiv: 2004.04833, https://arxiv.org/abs/2004.04833
# arXiv: 1804.10663, https://arxiv.org/abs/1804.10663
########################################################
297 473 8.249656e-04 8.249656e-04 1 3 5 3 0.000000e+00 0.000000e+00
297 474 8.249656e-04 1.038570e-03 1 3 5 3 6.743652e-12 0.000000e+00
297 475 8.249656e-04 1.307482e-03 1 3 5 3 3.474437e-12 0.000000e+00
297 476 8.249656e-04 1.646023e-03 1 3 5 3 1.748743e-12 0.000000e+00
297 477 8.249656e-04 2.072220e-03 1 3 5 3 8.917198e-13 0.000000e+00
297 478 8.249656e-04 2.608770e-03 1 3 5 3 4.732491e-13 0.000000e+00
297 479 8.249656e-04 3.284247e-03 1 3 5 3 2.665238e-13 0.000000e+00
297 480 8.249656e-04 4.134622e-03 1 3 5 3 1.608206e-13 0.000000e+00
297 481 8.249656e-04 5.205181e-03 1 3 5 3 1.037253e-13 0.000000e+00
297 482 8.249656e-04 6.552935e-03 1 3 5 3 7.065201e-14 0.000000e+00
297 483 8.249656e-04 8.249656e-03 1 3 5 3 4.994589e-14 0.000000e+00
298 473 1.038570e-03 8.249656e-04 1 3 5 3 6.743652e-12 0.000000e+00
298 474 1.038570e-03 1.038570e-03 1 3 5 3 0.000000e+00 0.000000e+00
298 475 1.038570e-03 1.307482e-03 1 3 5 3 5.983392e-12 0.000000e+00
298 476 1.038570e-03 1.646023e-03 1 3 5 3 2.954857e-12 0.000000e+00
298 477 1.038570e-03 2.072220e-03 1 3 5 3 1.470536e-12 0.000000e+00
298 478 1.038570e-03 2.608770e-03 1 3 5 3 7.659713e-13 0.000000e+00
298 479 1.038570e-03 3.284247e-03 1 3 5 3 4.263602e-13 0.000000e+00
298 480 1.038570e-03 4.134622e-03 1 3 5 3 2.556466e-13 0.000000e+00
298 481 1.038570e-03 5.205181e-03 1 3 5 3 1.644364e-13 0.000000e+00
298 482 1.038570e-03 6.552935e-03 1 3 5 3 1.118958e-13 0.000000e+00
298 483 1.038570e-03 8.249656e-03 1 3 5 3 7.910438e-14 0.000000e+00
299 473 1.307482e-03 8.249656e-04 1 3 5 3 3.474437e-12 0.000000e+00
299 474 1.307482e-03 1.038570e-03 1 3 5 3 5.983392e-12 0.000000e+00
299 475 1.307482e-03 1.307482e-03 1 3 5 3 0.000000e+00 0.000000e+00
299 476 1.307482e-03 1.646023e-03 1 3 5 3 5.222924e-12 0.000000e+00
299 477 1.307482e-03 2.072220e-03 1 3 5 3 2.501237e-12 0.000000e+00
299 478 1.307482e-03 2.608770e-03 1 3 5 3 1.259806e-12 0.000000e+00
299 479 1.307482e-03 3.284247e-03 1 3 5 3 6.867485e-13 0.000000e+00
299 480 1.307482e-03 4.134622e-03 1 3 5 3 4.073305e-13 0.000000e+00
299 481 1.307482e-03 5.205181e-03 1 3 5 3 2.607753e-13 0.000000e+00
299 482 1.307482e-03 6.552935e-03 1 3 5 3 1.771723e-13 0.000000e+00
299 483 1.307482e-03 8.249656e-03 1 3 5 3 1.252127e-13 0.000000e+00
300 473 1.646023e-03 8.249656e-04 1 3 5 3 1.748743e-12 0.000000e+00
300 474 1.646023e-03 1.038570e-03 1 3 5 3 2.954857e-12 0.000000e+00
300 475 1.646023e-03 1.307482e-03 1 3 5 3 5.222924e-12 0.000000e+00
300 476 1.646023e-03 1.646023e-03 1 3 5 3 0.000000e+00 0.000000e+00
300 477 1.646023e-03 2.072220e-03 1 3 5 3 4.518807e-12 0.000000e+00
300 478 1.646023e-03 2.608770e-03 1 3 5 3 2.140919e-12 0.000000e+00
300 479 1.646023e-03 3.284247e-03 1 3 5 3 1.121298e-12 0.000000e+00
300 480 1.646023e-03 4.134622e-03 1 3 5 3 6.518759e-13 0.000000e+00
300 481 1.646023e-03 5.205181e-03 1 3 5 3 4.138186e-13 0.000000e+00
300 482 1.646023e-03 6.552935e-03 1 3 5 3 2.803813e-13 0.000000e+00
300 483 1.646023e-03 8.249656e-03 1 3 5 3 1.980755e-13 0.000000e+00
301 473 2.072220e-03 8.249656e-04 1 3 5 3 8.917198e-13 0.000000e+00
301 474 2.072220e-03 1.038570e-03 1 3 5 3 1.470536e-12 0.000000e+00
301 475 2.072220e-03 1.307482e-03 1 3 5 3 2.501237e-12 0.000000e+00
301 476 2.072220e-03 1.646023e-03 1 3 5 3 4.518807e-12 0.000000e+00
301 477 2.072220e-03 2.072220e-03 1 3 5 3 0.000000e+00 0.000000e+00
301 478 2.072220e-03 2.608770e-03 1 3 5 3 3.916192e-12 0.000000e+00
301 479 2.072220e-03 3.284247e-03 1 3 5 3 1.887460e-12 0.000000e+00
301 480 2.072220e-03 4.134622e-03 1 3 5 3 1.053197e-12 0.000000e+00
301 481 2.072220e-03 5.205181e-03 1 3 5 3 6.578065e-13 0.000000e+00
301 482 2.072220e-03 6.552935e-03 1 3 5 3 4.434157e-13 0.000000e+00
301 483 2.072220e-03 8.249656e-03 1 3 5 3 3.129719e-13 0.000000e+00
302 473 2.608770e-03 8.249656e-04 1 3 5 3 4.732491e-13 0.000000e+00
302 474 2.608770e-03 1.038570e-03 1 3 5 3 7.659713e-13 0.000000e+00
302 475 2.608770e-03 1.307482e-03 1 3 5 3 1.259806e-12 0.000000e+00
302 476 2.608770e-03 1.646023e-03 1 3 5 3 2.140919e-12 0.000000e+00
302 477 2.608770e-03 2.072220e-03 1 3 5 3 3.916192e-12 0.000000e+00
302 478 2.608770e-03 2.608770e-03 1 3 5 3 0.000000e+00 0.000000e+00
302 479 2.608770e-03 3.284247e-03 1 3 5 3 3.445601e-12 0.000000e+00
302 480 2.608770e-03 4.134622e-03 1 3 5 3 1.743285e-12 0.000000e+00
302 481 2.608770e-03 5.205181e-03 1 3 5 3 1.050609e-12 0.000000e+00
302 482 2.608770e-03 6.552935e-03 1 3 5 3 7.007565e-13 0.000000e+00
302 483 2.608770e-03 8.249656e-03 1 3 5 3 4.936902e-13 0.000000e+00
303 473 3.284247e-03 8.249656e-04 1 3 5 3 2.665238e-13 0.000000e+00
303 474 3.284247e-03 1.038570e-03 1 3 5 3 4.263602e-13 0.000000e+00
303 475 3.284247e-03 1.307482e-03 1 3 5 3 6.867485e-13 0.000000e+00
303 476 3.284247e-03 1.646023e-03 1 3 5 3 1.121298e-12 0.000000e+00
303 477 3.284247e-03 2.072220e-03 1 3 5 3 1.887460e-12 0.000000e+00
303 478 3.284247e-03 2.608770e-03 1 3 5 3 3.445601e-12 0.000000e+00
303 479 3.284247e-03 3.284247e-03 1 3 5 3 0.000000e+00 0.000000e+00
303 480 3.284247e-03 4.134622e-03 1 3 5 3 3.123622e-12 0.000000e+00
303 481 3.284247e-03 5.205181e-03 1 3 5 3 1.703952e-12 0.000000e+00
303 482 3.284247e-03 6.552935e-03 1 3 5 3 1.107711e-12 0.000000e+00
303 483 3.284247e-03 8.249656e-03 1 3 5 3 7.767900e-13 0.000000e+00
304 473 4.134622e-03 8.249656e-04 1 3 5 3 1.608206e-13 0.000000e+00
304 474 4.134622e-03 1.038570e-03 1 3 5 3 2.556466e-13 0.000000e+00
304 475 4.134622e-03 1.307482e-03 1 3 5 3 4.073305e-13 0.000000e+00
304 476 4.134622e-03 1.646023e-03 1 3 5 3 6.518759e-13 0.000000e+00
304 477 4.134622e-03 2.072220e-03 1 3 5 3 1.053197e-12 0.000000e+00
304 478 4.134622e-03 2.608770e-03 1 3 5 3 1.743285e-12 0.000000e+00
304 479 4.134622e-03 3.284247e-03 1 3 5 3 3.123622e-12 0.000000e+00
304 480 4.134622e-03 4.134622e-03 1 3 5 3 0.000000e+00 0.000000e+00
304 481 4.134622e-03 5.205181e-03 1 3 5 3 2.955466e-12 0.000000e+00
304 482 4.134622e-03 6.552935e-03 1 3 5 3 1.761636e-12 0.000000e+00
304 483 4.134622e-03 8.249656e-03 1 3 5 3 1.218125e-12 0.000000e+00
305 473 5.205181e-03 8.249656e-04 1 3 5 3 1.037253e-13 0.000000e+00
305 474 5.205181e-03 1.038570e-03 1 3 5 3 1.644364e-13 0.000000e+00
305 475 5.205181e-03 1.307482e-03 1 3 5 3 2.607753e-13 0.000000e+00
305 476 5.205181e-03 1.646023e-03 1 3 5 3 4.138186e-13 0.000000e+00
305 477 5.205181e-03 2.072220e-03 1 3 5 3 6.578065e-13 0.000000e+00
305 478 5.205181e-03 2.608770e-03 1 3 5 3 1.050609e-12 0.000000e+00
305 479 5.205181e-03 3.284247e-03 1 3 5 3 1.703952e-12 0.000000e+00
305 480 5.205181e-03 4.134622e-03 1 3 5 3 2.955466e-12 0.000000e+00
305 481 5.205181e-03 5.205181e-03 1 3 5 3 0.000000e+00 0.000000e+00
305 482 5.205181e-03 6.552935e-03 1 3 5 3 2.937913e-12 0.000000e+00
305 483 5.205181e-03 8.249656e-03 1 3 5 3 1.906372e-12 0.000000e+00
306 473 6.552935e-03 8.249656e-04 1 3 5 3 7.065201e-14 0.000000e+00
306 474 6.552935e-03 1.038570e-03 1 3 5 3 1.118958e-13 0.000000e+00
306 475 6.552935e-03 1.307482e-03 1 3 5 3 1.771723e-13 0.000000e+00
306 476 6.552935e-03 1.646023e-03 1 3 5 3 2.803813e-13 0.000000e+00
306 477 6.552935e-03 2.072220e-03 1 3 5 3 4.434157e-13 0.000000e+00
306 478 6.552935e-03 2.608770e-03 1 3 5 3 7.007565e-13 0.000000e+00
306 479 6.552935e-03 3.284247e-03 1 3 5 3 1.107711e-12 0.000000e+00
306 480 6.552935e-03 4.134622e-03 1 3 5 3 1.761636e-12 0.000000e+00
306 481 6.552935e-03 5.205181e-03 1 3 5 3 2.937913e-12 0.000000e+00
306 482 6.552935e-03 6.552935e-03 1 3 5 3 0.000000e+00 0.000000e+00
306 483 6.552935e-03 8.249656e-03 1 3 5 3 3.060701e-12 0.000000e+00
307 473 8.249656e-03 8.249656e-04 1 3 5 3 4.994589e-14 0.000000e+00
307 474 8.249656e-03 1.038570e-03 1 3 5 3 7.910438e-14 0.000000e+00
307 475 8.249656e-03 1.307482e-03 1 3 5 3 1.252127e-13 0.000000e+00
307 476 8.249656e-03 1.646023e-03 1 3 5 3 1.980755e-13 0.000000e+00
307 477 8.249656e-03 2.072220e-03 1 3 5 3 3.129719e-13 0.000000e+00
307 478 8.249656e-03 2.608770e-03 1 3 5 3 4.936902e-13 0.000000e+00
307 479 8.249656e-03 3.284247e-03 1 3 5 3 7.767900e-13 0.000000e+00
307 480 8.249656e-03 4.134622e-03 1 3 5 3 1.218125e-12 0.000000e+00
307 481 8.249656e-03 5.205181e-03 1 3 5 3 1.906372e-12 0.000000e+00
307 482 8.249656e-03 6.552935e-03 1 3 5 3 3.060701e-12 0.000000e+00
307 483 8.249656e-03 8.249656e-03 1 3 5 3 0.000000e+00 0.000000e+00
