# Please cite the following papers in research using this covariance:
# arXiv: 1601.05779, https://arxiv.org/abs/1601.05779
# arXiv: 1911.11947, https://arxiv.org/abs/1911.11947
# arXiv: 2004.04833, https://arxiv.org/abs/2004.04833
# arXiv: 1804.10663, https://arxiv.org/abs/1804.10663
########################################################
407 418 8.249656e-04 8.249656e-04 4 1 4 2 0.000000e+00 0.000000e+00
407 419 8.249656e-04 1.038570e-03 4 1 4 2 5.287098e-12 0.000000e+00
407 420 8.249656e-04 1.307482e-03 4 1 4 2 3.107924e-12 0.000000e+00
407 421 8.249656e-04 1.646023e-03 4 1 4 2 1.776531e-12 0.000000e+00
407 422 8.249656e-04 2.072220e-03 4 1 4 2 1.012454e-12 0.000000e+00
407 423 8.249656e-04 2.608770e-03 4 1 4 2 5.867154e-13 0.000000e+00
407 424 8.249656e-04 3.284247e-03 4 1 4 2 3.518549e-13 0.000000e+00
407 425 8.249656e-04 4.134622e-03 4 1 4 2 2.208937e-13 0.000000e+00
407 426 8.249656e-04 5.205181e-03 4 1 4 2 1.453624e-13 0.000000e+00
407 427 8.249656e-04 6.552935e-03 4 1 4 2 9.947691e-14 0.000000e+00
407 428 8.249656e-04 8.249656e-03 4 1 4 2 6.981867e-14 0.000000e+00
408 418 1.038570e-03 8.249656e-04 4 1 4 2 5.287098e-12 0.000000e+00
408 419 1.038570e-03 1.038570e-03 4 1 4 2 0.000000e+00 0.000000e+00
408 420 1.038570e-03 1.307482e-03 4 1 4 2 5.035655e-12 0.000000e+00
408 421 1.038570e-03 1.646023e-03 4 1 4 2 2.885499e-12 0.000000e+00
408 422 1.038570e-03 2.072220e-03 4 1 4 2 1.633060e-12 0.000000e+00
408 423 1.038570e-03 2.608770e-03 4 1 4 2 9.394070e-13 0.000000e+00
408 424 1.038570e-03 3.284247e-03 4 1 4 2 5.602291e-13 0.000000e+00
408 425 1.038570e-03 4.134622e-03 4 1 4 2 3.505271e-13 0.000000e+00
408 426 1.038570e-03 5.205181e-03 4 1 4 2 2.303145e-13 0.000000e+00
408 427 1.038570e-03 6.552935e-03 4 1 4 2 1.575276e-13 0.000000e+00
408 428 1.038570e-03 8.249656e-03 4 1 4 2 1.105672e-13 0.000000e+00
409 418 1.307482e-03 8.249656e-04 4 1 4 2 3.107924e-12 0.000000e+00
409 419 1.307482e-03 1.038570e-03 4 1 4 2 5.035655e-12 0.000000e+00
409 420 1.307482e-03 1.307482e-03 4 1 4 2 0.000000e+00 0.000000e+00
409 421 1.307482e-03 1.646023e-03 4 1 4 2 4.740680e-12 0.000000e+00
409 422 1.307482e-03 2.072220e-03 4 1 4 2 2.665979e-12 0.000000e+00
409 423 1.307482e-03 2.608770e-03 4 1 4 2 1.515090e-12 0.000000e+00
409 424 1.307482e-03 3.284247e-03 4 1 4 2 8.949980e-13 0.000000e+00
409 425 1.307482e-03 4.134622e-03 4 1 4 2 5.567796e-13 0.000000e+00
409 426 1.307482e-03 5.205181e-03 4 1 4 2 3.648625e-13 0.000000e+00
409 427 1.307482e-03 6.552935e-03 4 1 4 2 2.493522e-13 0.000000e+00
409 428 1.307482e-03 8.249656e-03 4 1 4 2 1.750308e-13 0.000000e+00
410 418 1.646023e-03 8.249656e-04 4 1 4 2 1.776531e-12 0.000000e+00
410 419 1.646023e-03 1.038570e-03 4 1 4 2 2.885499e-12 0.000000e+00
410 420 1.646023e-03 1.307482e-03 4 1 4 2 4.740680e-12 0.000000e+00
410 421 1.646023e-03 1.646023e-03 4 1 4 2 0.000000e+00 0.000000e+00
410 422 1.646023e-03 2.072220e-03 4 1 4 2 4.435003e-12 0.000000e+00
410 423 1.646023e-03 2.608770e-03 4 1 4 2 2.477243e-12 0.000000e+00
410 424 1.646023e-03 3.284247e-03 4 1 4 2 1.439002e-12 0.000000e+00
410 425 1.646023e-03 4.134622e-03 4 1 4 2 8.861294e-13 0.000000e+00
410 426 1.646023e-03 5.205181e-03 4 1 4 2 5.779744e-13 0.000000e+00
410 427 1.646023e-03 6.552935e-03 4 1 4 2 3.944136e-13 0.000000e+00
410 428 1.646023e-03 8.249656e-03 4 1 4 2 2.768649e-13 0.000000e+00
411 418 2.072220e-03 8.249656e-04 4 1 4 2 1.012454e-12 0.000000e+00
411 419 2.072220e-03 1.038570e-03 4 1 4 2 1.633060e-12 0.000000e+00
411 420 2.072220e-03 1.307482e-03 4 1 4 2 2.665979e-12 0.000000e+00
411 421 2.072220e-03 1.646023e-03 4 1 4 2 4.435003e-12 0.000000e+00
411 422 2.072220e-03 2.072220e-03 4 1 4 2 0.000000e+00 0.000000e+00
411 423 2.072220e-03 2.608770e-03 4 1 4 2 4.155443e-12 0.000000e+00
411 424 2.072220e-03 3.284247e-03 4 1 4 2 2.344910e-12 0.000000e+00
411 425 2.072220e-03 4.134622e-03 4 1 4 2 1.416415e-12 0.000000e+00
411 426 2.072220e-03 5.205181e-03 4 1 4 2 9.157758e-13 0.000000e+00
411 427 2.072220e-03 6.552935e-03 4 1 4 2 6.232301e-13 0.000000e+00
411 428 2.072220e-03 8.249656e-03 4 1 4 2 4.374651e-13 0.000000e+00
412 418 2.608770e-03 8.249656e-04 4 1 4 2 5.867154e-13 0.000000e+00
412 419 2.608770e-03 1.038570e-03 4 1 4 2 9.394070e-13 0.000000e+00
412 420 2.608770e-03 1.307482e-03 4 1 4 2 1.515090e-12 0.000000e+00
412 421 2.608770e-03 1.646023e-03 4 1 4 2 2.477243e-12 0.000000e+00
412 422 2.608770e-03 2.072220e-03 4 1 4 2 4.155443e-12 0.000000e+00
412 423 2.608770e-03 2.608770e-03 4 1 4 2 0.000000e+00 0.000000e+00
412 424 2.608770e-03 3.284247e-03 4 1 4 2 3.937906e-12 0.000000e+00
412 425 2.608770e-03 4.134622e-03 4 1 4 2 2.288614e-12 0.000000e+00
412 426 2.608770e-03 5.205181e-03 4 1 4 2 1.453139e-12 0.000000e+00
412 427 2.608770e-03 6.552935e-03 4 1 4 2 9.833950e-13 0.000000e+00
412 428 2.608770e-03 8.249656e-03 4 1 4 2 6.899841e-13 0.000000e+00
413 418 3.284247e-03 8.249656e-04 4 1 4 2 3.518549e-13 0.000000e+00
413 419 3.284247e-03 1.038570e-03 4 1 4 2 5.602291e-13 0.000000e+00
413 420 3.284247e-03 1.307482e-03 4 1 4 2 8.949980e-13 0.000000e+00
413 421 3.284247e-03 1.646023e-03 4 1 4 2 1.439002e-12 0.000000e+00
413 422 3.284247e-03 2.072220e-03 4 1 4 2 2.344910e-12 0.000000e+00
413 423 3.284247e-03 2.608770e-03 4 1 4 2 3.937906e-12 0.000000e+00
413 424 3.284247e-03 3.284247e-03 4 1 4 2 0.000000e+00 0.000000e+00
413 425 3.284247e-03 4.134622e-03 4 1 4 2 3.812832e-12 0.000000e+00
413 426 3.284247e-03 5.205181e-03 4 1 4 2 2.320103e-12 0.000000e+00
413 427 3.284247e-03 6.552935e-03 4 1 4 2 1.549355e-12 0.000000e+00
413 428 3.284247e-03 8.249656e-03 4 1 4 2 1.085277e-12 0.000000e+00
414 418 4.134622e-03 8.249656e-04 4 1 4 2 2.208937e-13 0.000000e+00
414 419 4.134622e-03 1.038570e-03 4 1 4 2 3.505271e-13 0.000000e+00
414 420 4.134622e-03 1.307482e-03 4 1 4 2 5.567796e-13 0.000000e+00
414 421 4.134622e-03 1.646023e-03 4 1 4 2 8.861294e-13 0.000000e+00
414 422 4.134622e-03 2.072220e-03 4 1 4 2 1.416415e-12 0.000000e+00
414 423 4.134622e-03 2.608770e-03 4 1 4 2 2.288614e-12 0.000000e+00
414 424 4.134622e-03 3.284247e-03 4 1 4 2 3.812832e-12 0.000000e+00
414 425 4.134622e-03 4.134622e-03 4 1 4 2 0.000000e+00 0.000000e+00
414 426 4.134622e-03 5.205181e-03 4 1 4 2 3.802094e-12 0.000000e+00
414 427 4.134622e-03 6.552935e-03 4 1 4 2 2.442559e-12 0.000000e+00
414 428 4.134622e-03 8.249656e-03 4 1 4 2 1.700140e-12 0.000000e+00
415 418 5.205181e-03 8.249656e-04 4 1 4 2 1.453624e-13 0.000000e+00
415 419 5.205181e-03 1.038570e-03 4 1 4 2 2.303145e-13 0.000000e+00
415 420 5.205181e-03 1.307482e-03 4 1 4 2 3.648625e-13 0.000000e+00
415 421 5.205181e-03 1.646023e-03 4 1 4 2 5.779744e-13 0.000000e+00
415 422 5.205181e-03 2.072220e-03 4 1 4 2 9.157758e-13 0.000000e+00
415 423 5.205181e-03 2.608770e-03 4 1 4 2 1.453139e-12 0.000000e+00
415 424 5.205181e-03 3.284247e-03 4 1 4 2 2.320103e-12 0.000000e+00
415 425 5.205181e-03 4.134622e-03 4 1 4 2 3.802094e-12 0.000000e+00
415 426 5.205181e-03 5.205181e-03 4 1 4 2 0.000000e+00 0.000000e+00
415 427 5.205181e-03 6.552935e-03 4 1 4 2 3.916953e-12 0.000000e+00
415 428 5.205181e-03 8.249656e-03 4 1 4 2 2.650937e-12 0.000000e+00
416 418 6.552935e-03 8.249656e-04 4 1 4 2 9.947691e-14 0.000000e+00
416 419 6.552935e-03 1.038570e-03 4 1 4 2 1.575276e-13 0.000000e+00
416 420 6.552935e-03 1.307482e-03 4 1 4 2 2.493522e-13 0.000000e+00
416 421 6.552935e-03 1.646023e-03 4 1 4 2 3.944136e-13 0.000000e+00
416 422 6.552935e-03 2.072220e-03 4 1 4 2 6.232301e-13 0.000000e+00
416 423 6.552935e-03 2.608770e-03 4 1 4 2 9.833950e-13 0.000000e+00
416 424 6.552935e-03 3.284247e-03 4 1 4 2 1.549355e-12 0.000000e+00
416 425 6.552935e-03 4.134622e-03 4 1 4 2 2.442559e-12 0.000000e+00
416 426 6.552935e-03 5.205181e-03 4 1 4 2 3.916953e-12 0.000000e+00
416 427 6.552935e-03 6.552935e-03 4 1 4 2 0.000000e+00 0.000000e+00
416 428 6.552935e-03 8.249656e-03 4 1 4 2 4.156913e-12 0.000000e+00
417 418 8.249656e-03 8.249656e-04 4 1 4 2 6.981867e-14 0.000000e+00
417 419 8.249656e-03 1.038570e-03 4 1 4 2 1.105672e-13 0.000000e+00
417 420 8.249656e-03 1.307482e-03 4 1 4 2 1.750308e-13 0.000000e+00
417 421 8.249656e-03 1.646023e-03 4 1 4 2 2.768649e-13 0.000000e+00
417 422 8.249656e-03 2.072220e-03 4 1 4 2 4.374651e-13 0.000000e+00
417 423 8.249656e-03 2.608770e-03 4 1 4 2 6.899841e-13 0.000000e+00
417 424 8.249656e-03 3.284247e-03 4 1 4 2 1.085277e-12 0.000000e+00
417 425 8.249656e-03 4.134622e-03 4 1 4 2 1.700140e-12 0.000000e+00
417 426 8.249656e-03 5.205181e-03 4 1 4 2 2.650937e-12 0.000000e+00
417 427 8.249656e-03 6.552935e-03 4 1 4 2 4.156913e-12 0.000000e+00
417 428 8.249656e-03 8.249656e-03 4 1 4 2 0.000000e+00 0.000000e+00
