# Please cite the following papers in research using this covariance:
# arXiv: 1601.05779, https://arxiv.org/abs/1601.05779
# arXiv: 1911.11947, https://arxiv.org/abs/1911.11947
# arXiv: 2004.04833, https://arxiv.org/abs/2004.04833
# arXiv: 1804.10663, https://arxiv.org/abs/1804.10663
########################################################
242 407 8.249656e-04 8.249656e-04 0 2 4 1 0.000000e+00 0.000000e+00
242 408 8.249656e-04 1.038570e-03 0 2 4 1 1.690313e-13 0.000000e+00
242 409 8.249656e-04 1.307482e-03 0 2 4 1 1.476991e-13 0.000000e+00
242 410 8.249656e-04 1.646023e-03 0 2 4 1 1.162908e-13 0.000000e+00
242 411 8.249656e-04 2.072220e-03 0 2 4 1 8.528613e-14 0.000000e+00
242 412 8.249656e-04 2.608770e-03 0 2 4 1 5.963111e-14 0.000000e+00
242 413 8.249656e-04 3.284247e-03 0 2 4 1 4.060112e-14 0.000000e+00
242 414 8.249656e-04 4.134622e-03 0 2 4 1 2.747899e-14 0.000000e+00
242 415 8.249656e-04 5.205181e-03 0 2 4 1 1.882330e-14 0.000000e+00
242 416 8.249656e-04 6.552935e-03 0 2 4 1 1.320923e-14 0.000000e+00
242 417 8.249656e-04 8.249656e-03 0 2 4 1 9.531614e-15 0.000000e+00
243 407 1.038570e-03 8.249656e-04 0 2 4 1 1.690313e-13 0.000000e+00
243 408 1.038570e-03 1.038570e-03 0 2 4 1 0.000000e+00 0.000000e+00
243 409 1.038570e-03 1.307482e-03 0 2 4 1 2.091457e-13 0.000000e+00
243 410 1.038570e-03 1.646023e-03 0 2 4 1 1.750933e-13 0.000000e+00
243 411 1.038570e-03 2.072220e-03 0 2 4 1 1.321195e-13 0.000000e+00
243 412 1.038570e-03 2.608770e-03 0 2 4 1 9.359920e-14 0.000000e+00
243 413 1.038570e-03 3.284247e-03 0 2 4 1 6.408909e-14 0.000000e+00
243 414 1.038570e-03 4.134622e-03 0 2 4 1 4.346762e-14 0.000000e+00
243 415 1.038570e-03 5.205181e-03 0 2 4 1 2.979556e-14 0.000000e+00
243 416 1.038570e-03 6.552935e-03 0 2 4 1 2.091373e-14 0.000000e+00
243 417 1.038570e-03 8.249656e-03 0 2 4 1 1.509369e-14 0.000000e+00
244 407 1.307482e-03 8.249656e-04 0 2 4 1 1.476991e-13 0.000000e+00
244 408 1.307482e-03 1.038570e-03 0 2 4 1 2.091457e-13 0.000000e+00
244 409 1.307482e-03 1.307482e-03 0 2 4 1 0.000000e+00 0.000000e+00
244 410 1.307482e-03 1.646023e-03 0 2 4 1 2.498259e-13 0.000000e+00
244 411 1.307482e-03 2.072220e-03 0 2 4 1 2.004874e-13 0.000000e+00
244 412 1.307482e-03 2.608770e-03 0 2 4 1 1.457640e-13 0.000000e+00
244 413 1.307482e-03 3.284247e-03 0 2 4 1 1.008645e-13 0.000000e+00
244 414 1.307482e-03 4.134622e-03 0 2 4 1 6.867190e-14 0.000000e+00
244 415 1.307482e-03 5.205181e-03 0 2 4 1 4.712783e-14 0.000000e+00
244 416 1.307482e-03 6.552935e-03 0 2 4 1 3.309206e-14 0.000000e+00
244 417 1.307482e-03 8.249656e-03 0 2 4 1 2.388956e-14 0.000000e+00
245 407 1.646023e-03 8.249656e-04 0 2 4 1 1.162908e-13 0.000000e+00
245 408 1.646023e-03 1.038570e-03 0 2 4 1 1.750933e-13 0.000000e+00
245 409 1.646023e-03 1.307482e-03 0 2 4 1 2.498259e-13 0.000000e+00
245 410 1.646023e-03 1.646023e-03 0 2 4 1 0.000000e+00 0.000000e+00
245 411 1.646023e-03 2.072220e-03 0 2 4 1 2.890838e-13 0.000000e+00
245 412 1.646023e-03 2.608770e-03 0 2 4 1 2.231076e-13 0.000000e+00
245 413 1.646023e-03 3.284247e-03 0 2 4 1 1.578018e-13 0.000000e+00
245 414 1.646023e-03 4.134622e-03 0 2 4 1 1.082428e-13 0.000000e+00
245 415 1.646023e-03 5.205181e-03 0 2 4 1 7.444904e-14 0.000000e+00
245 416 1.646023e-03 6.552935e-03 0 2 4 1 5.231148e-14 0.000000e+00
245 417 1.646023e-03 8.249656e-03 0 2 4 1 3.778099e-14 0.000000e+00
246 407 2.072220e-03 8.249656e-04 0 2 4 1 8.528613e-14 0.000000e+00
246 408 2.072220e-03 1.038570e-03 0 2 4 1 1.321195e-13 0.000000e+00
246 409 2.072220e-03 1.307482e-03 0 2 4 1 2.004874e-13 0.000000e+00
246 410 2.072220e-03 1.646023e-03 0 2 4 1 2.890838e-13 0.000000e+00
246 411 2.072220e-03 2.072220e-03 0 2 4 1 0.000000e+00 0.000000e+00
246 412 2.072220e-03 2.608770e-03 0 2 4 1 3.258567e-13 0.000000e+00
246 413 2.072220e-03 3.284247e-03 0 2 4 1 2.435063e-13 0.000000e+00
246 414 2.072220e-03 4.134622e-03 0 2 4 1 1.698458e-13 0.000000e+00
246 415 2.072220e-03 5.205181e-03 0 2 4 1 1.173576e-13 0.000000e+00
246 416 2.072220e-03 6.552935e-03 0 2 4 1 8.256526e-14 0.000000e+00
246 417 2.072220e-03 8.249656e-03 0 2 4 1 5.967425e-14 0.000000e+00
247 407 2.608770e-03 8.249656e-04 0 2 4 1 5.963111e-14 0.000000e+00
247 408 2.608770e-03 1.038570e-03 0 2 4 1 9.359920e-14 0.000000e+00
247 409 2.608770e-03 1.307482e-03 0 2 4 1 1.457640e-13 0.000000e+00
247 410 2.608770e-03 1.646023e-03 0 2 4 1 2.231076e-13 0.000000e+00
247 411 2.608770e-03 2.072220e-03 0 2 4 1 3.258567e-13 0.000000e+00
247 412 2.608770e-03 2.608770e-03 0 2 4 1 0.000000e+00 0.000000e+00
247 413 2.608770e-03 3.284247e-03 0 2 4 1 3.605655e-13 0.000000e+00
247 414 2.608770e-03 4.134622e-03 0 2 4 1 2.636864e-13 0.000000e+00
247 415 2.608770e-03 5.205181e-03 0 2 4 1 1.842692e-13 0.000000e+00
247 416 2.608770e-03 6.552935e-03 0 2 4 1 1.299870e-13 0.000000e+00
247 417 2.608770e-03 8.249656e-03 0 2 4 1 9.406253e-14 0.000000e+00
248 407 3.284247e-03 8.249656e-04 0 2 4 1 4.060112e-14 0.000000e+00
248 408 3.284247e-03 1.038570e-03 0 2 4 1 6.408909e-14 0.000000e+00
248 409 3.284247e-03 1.307482e-03 0 2 4 1 1.008645e-13 0.000000e+00
248 410 3.284247e-03 1.646023e-03 0 2 4 1 1.578018e-13 0.000000e+00
248 411 3.284247e-03 2.072220e-03 0 2 4 1 2.435063e-13 0.000000e+00
248 412 3.284247e-03 2.608770e-03 0 2 4 1 3.605655e-13 0.000000e+00
248 413 3.284247e-03 3.284247e-03 0 2 4 1 0.000000e+00 0.000000e+00
248 414 3.284247e-03 4.134622e-03 0 2 4 1 3.953363e-13 0.000000e+00
248 415 3.284247e-03 5.205181e-03 0 2 4 1 2.868418e-13 0.000000e+00
248 416 3.284247e-03 6.552935e-03 0 2 4 1 2.037711e-13 0.000000e+00
248 417 3.284247e-03 8.249656e-03 0 2 4 1 1.477827e-13 0.000000e+00
249 407 4.134622e-03 8.249656e-04 0 2 4 1 2.747899e-14 0.000000e+00
249 408 4.134622e-03 1.038570e-03 0 2 4 1 4.346762e-14 0.000000e+00
249 409 4.134622e-03 1.307482e-03 0 2 4 1 6.867190e-14 0.000000e+00
249 410 4.134622e-03 1.646023e-03 0 2 4 1 1.082428e-13 0.000000e+00
249 411 4.134622e-03 2.072220e-03 0 2 4 1 1.698458e-13 0.000000e+00
249 412 4.134622e-03 2.608770e-03 0 2 4 1 2.636864e-13 0.000000e+00
249 413 4.134622e-03 3.284247e-03 0 2 4 1 3.953363e-13 0.000000e+00
249 414 4.134622e-03 4.134622e-03 0 2 4 1 0.000000e+00 0.000000e+00
249 415 4.134622e-03 5.205181e-03 0 2 4 1 4.338377e-13 0.000000e+00
249 416 4.134622e-03 6.552935e-03 0 2 4 1 3.168335e-13 0.000000e+00
249 417 4.134622e-03 8.249656e-03 0 2 4 1 2.309421e-13 0.000000e+00
250 407 5.205181e-03 8.249656e-04 0 2 4 1 1.882330e-14 0.000000e+00
250 408 5.205181e-03 1.038570e-03 0 2 4 1 2.979556e-14 0.000000e+00
250 409 5.205181e-03 1.307482e-03 0 2 4 1 4.712783e-14 0.000000e+00
250 410 5.205181e-03 1.646023e-03 0 2 4 1 7.444904e-14 0.000000e+00
250 411 5.205181e-03 2.072220e-03 0 2 4 1 1.173576e-13 0.000000e+00
250 412 5.205181e-03 2.608770e-03 0 2 4 1 1.842692e-13 0.000000e+00
250 413 5.205181e-03 3.284247e-03 0 2 4 1 2.868418e-13 0.000000e+00
250 414 5.205181e-03 4.134622e-03 0 2 4 1 4.338377e-13 0.000000e+00
250 415 5.205181e-03 5.205181e-03 0 2 4 1 0.000000e+00 0.000000e+00
250 416 5.205181e-03 6.552935e-03 0 2 4 1 4.808137e-13 0.000000e+00
250 417 5.205181e-03 8.249656e-03 0 2 4 1 3.575664e-13 0.000000e+00
251 407 6.552935e-03 8.249656e-04 0 2 4 1 1.320923e-14 0.000000e+00
251 408 6.552935e-03 1.038570e-03 0 2 4 1 2.091373e-14 0.000000e+00
251 409 6.552935e-03 1.307482e-03 0 2 4 1 3.309206e-14 0.000000e+00
251 410 6.552935e-03 1.646023e-03 0 2 4 1 5.231148e-14 0.000000e+00
251 411 6.552935e-03 2.072220e-03 0 2 4 1 8.256526e-14 0.000000e+00
251 412 6.552935e-03 2.608770e-03 0 2 4 1 1.299870e-13 0.000000e+00
251 413 6.552935e-03 3.284247e-03 0 2 4 1 2.037711e-13 0.000000e+00
251 414 6.552935e-03 4.134622e-03 0 2 4 1 3.168335e-13 0.000000e+00
251 415 6.552935e-03 5.205181e-03 0 2 4 1 4.808137e-13 0.000000e+00
251 416 6.552935e-03 6.552935e-03 0 2 4 1 0.000000e+00 0.000000e+00
251 417 6.552935e-03 8.249656e-03 0 2 4 1 5.413787e-13 0.000000e+00
252 407 8.249656e-03 8.249656e-04 0 2 4 1 9.531614e-15 0.000000e+00
252 408 8.249656e-03 1.038570e-03 0 2 4 1 1.509369e-14 0.000000e+00
252 409 8.249656e-03 1.307482e-03 0 2 4 1 2.388956e-14 0.000000e+00
252 410 8.249656e-03 1.646023e-03 0 2 4 1 3.778099e-14 0.000000e+00
252 411 8.249656e-03 2.072220e-03 0 2 4 1 5.967425e-14 0.000000e+00
252 412 8.249656e-03 2.608770e-03 0 2 4 1 9.406253e-14 0.000000e+00
252 413 8.249656e-03 3.284247e-03 0 2 4 1 1.477827e-13 0.000000e+00
252 414 8.249656e-03 4.134622e-03 0 2 4 1 2.309421e-13 0.000000e+00
252 415 8.249656e-03 5.205181e-03 0 2 4 1 3.575664e-13 0.000000e+00
252 416 8.249656e-03 6.552935e-03 0 2 4 1 5.413787e-13 0.000000e+00
252 417 8.249656e-03 8.249656e-03 0 2 4 1 0.000000e+00 0.000000e+00
