# Please cite the following papers in research using this covariance:
# arXiv: 1601.05779, https://arxiv.org/abs/1601.05779
# arXiv: 1911.11947, https://arxiv.org/abs/1911.11947
# arXiv: 2004.04833, https://arxiv.org/abs/2004.04833
# arXiv: 1804.10663, https://arxiv.org/abs/1804.10663
########################################################
451 473 8.249656e-04 8.249656e-04 5 1 5 3 0.000000e+00 0.000000e+00
451 474 8.249656e-04 1.038570e-03 5 1 5 3 5.602507e-12 0.000000e+00
451 475 8.249656e-04 1.307482e-03 5 1 5 3 3.182972e-12 0.000000e+00
451 476 8.249656e-04 1.646023e-03 5 1 5 3 1.758695e-12 0.000000e+00
451 477 8.249656e-04 2.072220e-03 5 1 5 3 9.679625e-13 0.000000e+00
451 478 8.249656e-04 2.608770e-03 5 1 5 3 5.408618e-13 0.000000e+00
451 479 8.249656e-04 3.284247e-03 5 1 5 3 3.123882e-13 0.000000e+00
451 480 8.249656e-04 4.134622e-03 5 1 5 3 1.890009e-13 0.000000e+00
451 481 8.249656e-04 5.205181e-03 5 1 5 3 1.202221e-13 0.000000e+00
451 482 8.249656e-04 6.552935e-03 5 1 5 3 7.989578e-14 0.000000e+00
451 483 8.249656e-04 8.249656e-03 5 1 5 3 5.470295e-14 0.000000e+00
452 473 1.038570e-03 8.249656e-04 5 1 5 3 5.602507e-12 0.000000e+00
452 474 1.038570e-03 1.038570e-03 5 1 5 3 0.000000e+00 0.000000e+00
452 475 1.038570e-03 1.307482e-03 5 1 5 3 5.232497e-12 0.000000e+00
452 476 1.038570e-03 1.646023e-03 5 1 5 3 2.883129e-12 0.000000e+00
452 477 1.038570e-03 2.072220e-03 5 1 5 3 1.570623e-12 0.000000e+00
452 478 1.038570e-03 2.608770e-03 5 1 5 3 8.693051e-13 0.000000e+00
452 479 1.038570e-03 3.284247e-03 5 1 5 3 4.985724e-13 0.000000e+00
452 480 1.038570e-03 4.134622e-03 5 1 5 3 3.003348e-13 0.000000e+00
452 481 1.038570e-03 5.205181e-03 5 1 5 3 1.906278e-13 0.000000e+00
452 482 1.038570e-03 6.552935e-03 5 1 5 3 1.265668e-13 0.000000e+00
452 483 1.038570e-03 8.249656e-03 5 1 5 3 8.664520e-14 0.000000e+00
453 473 1.307482e-03 8.249656e-04 5 1 5 3 3.182972e-12 0.000000e+00
453 474 1.307482e-03 1.038570e-03 5 1 5 3 5.232497e-12 0.000000e+00
453 475 1.307482e-03 1.307482e-03 5 1 5 3 0.000000e+00 0.000000e+00
453 476 1.307482e-03 1.646023e-03 5 1 5 3 4.819224e-12 0.000000e+00
453 477 1.307482e-03 2.072220e-03 5 1 5 3 2.591159e-12 0.000000e+00
453 478 1.307482e-03 2.608770e-03 5 1 5 3 1.411170e-12 0.000000e+00
453 479 1.307482e-03 3.284247e-03 5 1 5 3 7.996541e-13 0.000000e+00
453 480 1.307482e-03 4.134622e-03 5 1 5 3 4.781440e-13 0.000000e+00
453 481 1.307482e-03 5.205181e-03 5 1 5 3 3.023626e-13 0.000000e+00
453 482 1.307482e-03 6.552935e-03 5 1 5 3 2.004696e-13 0.000000e+00
453 483 1.307482e-03 8.249656e-03 5 1 5 3 1.372063e-13 0.000000e+00
454 473 1.646023e-03 8.249656e-04 5 1 5 3 1.758695e-12 0.000000e+00
454 474 1.646023e-03 1.038570e-03 5 1 5 3 2.883129e-12 0.000000e+00
454 475 1.646023e-03 1.307482e-03 5 1 5 3 4.819224e-12 0.000000e+00
454 476 1.646023e-03 1.646023e-03 5 1 5 3 0.000000e+00 0.000000e+00
454 477 1.646023e-03 2.072220e-03 5 1 5 3 4.398548e-12 0.000000e+00
454 478 1.646023e-03 2.608770e-03 5 1 5 3 2.334380e-12 0.000000e+00
454 479 1.646023e-03 3.284247e-03 5 1 5 3 1.294480e-12 0.000000e+00
454 480 1.646023e-03 4.134622e-03 5 1 5 3 7.638991e-13 0.000000e+00
454 481 1.646023e-03 5.205181e-03 5 1 5 3 4.799412e-13 0.000000e+00
454 482 1.646023e-03 6.552935e-03 5 1 5 3 3.174116e-13 0.000000e+00
454 483 1.646023e-03 8.249656e-03 5 1 5 3 2.171400e-13 0.000000e+00
455 473 2.072220e-03 8.249656e-04 5 1 5 3 9.679625e-13 0.000000e+00
455 474 2.072220e-03 1.038570e-03 5 1 5 3 1.570623e-12 0.000000e+00
455 475 2.072220e-03 1.307482e-03 5 1 5 3 2.591159e-12 0.000000e+00
455 476 2.072220e-03 1.646023e-03 5 1 5 3 4.398548e-12 0.000000e+00
455 477 2.072220e-03 2.072220e-03 5 1 5 3 0.000000e+00 0.000000e+00
455 478 2.072220e-03 2.608770e-03 5 1 5 3 4.007756e-12 0.000000e+00
455 479 2.072220e-03 3.284247e-03 5 1 5 3 2.135806e-12 0.000000e+00
455 480 2.072220e-03 4.134622e-03 5 1 5 3 1.229213e-12 0.000000e+00
455 481 2.072220e-03 5.205181e-03 5 1 5 3 7.630530e-13 0.000000e+00
455 482 2.072220e-03 6.552935e-03 5 1 5 3 5.023945e-13 0.000000e+00
455 483 2.072220e-03 8.249656e-03 5 1 5 3 3.433745e-13 0.000000e+00
456 473 2.608770e-03 8.249656e-04 5 1 5 3 5.408618e-13 0.000000e+00
456 474 2.608770e-03 1.038570e-03 5 1 5 3 8.693051e-13 0.000000e+00
456 475 2.608770e-03 1.307482e-03 5 1 5 3 1.411170e-12 0.000000e+00
456 476 2.608770e-03 1.646023e-03 5 1 5 3 2.334380e-12 0.000000e+00
456 477 2.608770e-03 2.072220e-03 5 1 5 3 4.007756e-12 0.000000e+00
456 478 2.608770e-03 2.608770e-03 5 1 5 3 0.000000e+00 0.000000e+00
456 479 2.608770e-03 3.284247e-03 5 1 5 3 3.680682e-12 0.000000e+00
456 480 2.608770e-03 4.134622e-03 5 1 5 3 2.011118e-12 0.000000e+00
456 481 2.608770e-03 5.205181e-03 5 1 5 3 1.218144e-12 0.000000e+00
456 482 2.608770e-03 6.552935e-03 5 1 5 3 7.949839e-13 0.000000e+00
456 483 2.608770e-03 8.249656e-03 5 1 5 3 5.423023e-13 0.000000e+00
457 473 3.284247e-03 8.249656e-04 5 1 5 3 3.123882e-13 0.000000e+00
457 474 3.284247e-03 1.038570e-03 5 1 5 3 4.985724e-13 0.000000e+00
457 475 3.284247e-03 1.307482e-03 5 1 5 3 7.996541e-13 0.000000e+00
457 476 3.284247e-03 1.646023e-03 5 1 5 3 1.294480e-12 0.000000e+00
457 477 3.284247e-03 2.072220e-03 5 1 5 3 2.135806e-12 0.000000e+00
457 478 3.284247e-03 2.608770e-03 5 1 5 3 3.680682e-12 0.000000e+00
457 479 3.284247e-03 3.284247e-03 5 1 5 3 0.000000e+00 0.000000e+00
457 480 3.284247e-03 4.134622e-03 5 1 5 3 3.443718e-12 0.000000e+00
457 481 3.284247e-03 5.205181e-03 5 1 5 3 1.967665e-12 0.000000e+00
457 482 3.284247e-03 6.552935e-03 5 1 5 3 1.258885e-12 0.000000e+00
457 483 3.284247e-03 8.249656e-03 5 1 5 3 8.549214e-13 0.000000e+00
458 473 4.134622e-03 8.249656e-04 5 1 5 3 1.890009e-13 0.000000e+00
458 474 4.134622e-03 1.038570e-03 5 1 5 3 3.003348e-13 0.000000e+00
458 475 4.134622e-03 1.307482e-03 5 1 5 3 4.781440e-13 0.000000e+00
458 476 4.134622e-03 1.646023e-03 5 1 5 3 7.638991e-13 0.000000e+00
458 477 4.134622e-03 2.072220e-03 5 1 5 3 1.229213e-12 0.000000e+00
458 478 4.134622e-03 2.608770e-03 5 1 5 3 2.011118e-12 0.000000e+00
458 479 4.134622e-03 3.284247e-03 5 1 5 3 3.443718e-12 0.000000e+00
458 480 4.134622e-03 4.134622e-03 5 1 5 3 0.000000e+00 0.000000e+00
458 481 4.134622e-03 5.205181e-03 5 1 5 3 3.313595e-12 0.000000e+00
458 482 4.134622e-03 6.552935e-03 5 1 5 3 2.004593e-12 0.000000e+00
458 483 4.134622e-03 8.249656e-03 5 1 5 3 1.344725e-12 0.000000e+00
459 473 5.205181e-03 8.249656e-04 5 1 5 3 1.202221e-13 0.000000e+00
459 474 5.205181e-03 1.038570e-03 5 1 5 3 1.906278e-13 0.000000e+00
459 475 5.205181e-03 1.307482e-03 5 1 5 3 3.023626e-13 0.000000e+00
459 476 5.205181e-03 1.646023e-03 5 1 5 3 4.799412e-13 0.000000e+00
459 477 5.205181e-03 2.072220e-03 5 1 5 3 7.630530e-13 0.000000e+00
459 478 5.205181e-03 2.608770e-03 5 1 5 3 1.218144e-12 0.000000e+00
459 479 5.205181e-03 3.284247e-03 5 1 5 3 1.967665e-12 0.000000e+00
459 480 5.205181e-03 4.134622e-03 5 1 5 3 3.313595e-12 0.000000e+00
459 481 5.205181e-03 5.205181e-03 5 1 5 3 0.000000e+00 0.000000e+00
459 482 5.205181e-03 6.552935e-03 5 1 5 3 3.296280e-12 0.000000e+00
459 483 5.205181e-03 8.249656e-03 5 1 5 3 2.113827e-12 0.000000e+00
460 473 6.552935e-03 8.249656e-04 5 1 5 3 7.989578e-14 0.000000e+00
460 474 6.552935e-03 1.038570e-03 5 1 5 3 1.265668e-13 0.000000e+00
460 475 6.552935e-03 1.307482e-03 5 1 5 3 2.004696e-13 0.000000e+00
460 476 6.552935e-03 1.646023e-03 5 1 5 3 3.174116e-13 0.000000e+00
460 477 6.552935e-03 2.072220e-03 5 1 5 3 5.023945e-13 0.000000e+00
460 478 6.552935e-03 2.608770e-03 5 1 5 3 7.949839e-13 0.000000e+00
460 479 6.552935e-03 3.284247e-03 5 1 5 3 1.258885e-12 0.000000e+00
460 480 6.552935e-03 4.134622e-03 5 1 5 3 2.004593e-12 0.000000e+00
460 481 6.552935e-03 5.205181e-03 5 1 5 3 3.296280e-12 0.000000e+00
460 482 6.552935e-03 6.552935e-03 5 1 5 3 0.000000e+00 0.000000e+00
460 483 6.552935e-03 8.249656e-03 5 1 5 3 3.386803e-12 0.000000e+00
461 473 8.249656e-03 8.249656e-04 5 1 5 3 5.470295e-14 0.000000e+00
461 474 8.249656e-03 1.038570e-03 5 1 5 3 8.664520e-14 0.000000e+00
461 475 8.249656e-03 1.307482e-03 5 1 5 3 1.372063e-13 0.000000e+00
461 476 8.249656e-03 1.646023e-03 5 1 5 3 2.171400e-13 0.000000e+00
461 477 8.249656e-03 2.072220e-03 5 1 5 3 3.433745e-13 0.000000e+00
461 478 8.249656e-03 2.608770e-03 5 1 5 3 5.423023e-13 0.000000e+00
461 479 8.249656e-03 3.284247e-03 5 1 5 3 8.549214e-13 0.000000e+00
461 480 8.249656e-03 4.134622e-03 5 1 5 3 1.344725e-12 0.000000e+00
461 481 8.249656e-03 5.205181e-03 5 1 5 3 2.113827e-12 0.000000e+00
461 482 8.249656e-03 6.552935e-03 5 1 5 3 3.386803e-12 0.000000e+00
461 483 8.249656e-03 8.249656e-03 5 1 5 3 0.000000e+00 0.000000e+00
