# Please cite the following papers in research using this covariance:
# arXiv: 1601.05779, https://arxiv.org/abs/1601.05779
# arXiv: 1911.11947, https://arxiv.org/abs/1911.11947
# arXiv: 2004.04833, https://arxiv.org/abs/2004.04833
# arXiv: 1804.10663, https://arxiv.org/abs/1804.10663
########################################################
286 319 8.249656e-04 8.249656e-04 1 2 2 1 0.000000e+00 0.000000e+00
286 320 8.249656e-04 1.038570e-03 1 2 2 1 3.971471e-13 0.000000e+00
286 321 8.249656e-04 1.307482e-03 1 2 2 1 3.274418e-13 0.000000e+00
286 322 8.249656e-04 1.646023e-03 1 2 2 1 2.420066e-13 0.000000e+00
286 323 8.249656e-04 2.072220e-03 1 2 2 1 1.682987e-13 0.000000e+00
286 324 8.249656e-04 2.608770e-03 1 2 2 1 1.140322e-13 0.000000e+00
286 325 8.249656e-04 3.284247e-03 1 2 2 1 7.739409e-14 0.000000e+00
286 326 8.249656e-04 4.134622e-03 1 2 2 1 5.370936e-14 0.000000e+00
286 327 8.249656e-04 5.205181e-03 1 2 2 1 3.852406e-14 0.000000e+00
286 328 8.249656e-04 6.552935e-03 1 2 2 1 2.856527e-14 0.000000e+00
286 329 8.249656e-04 8.249656e-03 1 2 2 1 2.172052e-14 0.000000e+00
287 319 1.038570e-03 8.249656e-04 1 2 2 1 3.971471e-13 0.000000e+00
287 320 1.038570e-03 1.038570e-03 1 2 2 1 0.000000e+00 0.000000e+00
287 321 1.038570e-03 1.307482e-03 1 2 2 1 4.678530e-13 0.000000e+00
287 322 1.038570e-03 1.646023e-03 1 2 2 1 3.686689e-13 0.000000e+00
287 323 1.038570e-03 2.072220e-03 1 2 2 1 2.628911e-13 0.000000e+00
287 324 1.038570e-03 2.608770e-03 1 2 2 1 1.797401e-13 0.000000e+00
287 325 1.038570e-03 3.284247e-03 1 2 2 1 1.223237e-13 0.000000e+00
287 326 1.038570e-03 4.134622e-03 1 2 2 1 8.494343e-14 0.000000e+00
287 327 1.038570e-03 5.205181e-03 1 2 2 1 6.094137e-14 0.000000e+00
287 328 1.038570e-03 6.552935e-03 1 2 2 1 4.520069e-14 0.000000e+00
287 329 1.038570e-03 8.249656e-03 1 2 2 1 3.438237e-14 0.000000e+00
288 319 1.307482e-03 8.249656e-04 1 2 2 1 3.274418e-13 0.000000e+00
288 320 1.307482e-03 1.038570e-03 1 2 2 1 4.678530e-13 0.000000e+00
288 321 1.307482e-03 1.307482e-03 1 2 2 1 0.000000e+00 0.000000e+00
288 322 1.307482e-03 1.646023e-03 1 2 2 1 5.337471e-13 0.000000e+00
288 323 1.307482e-03 2.072220e-03 1 2 2 1 4.043237e-13 0.000000e+00
288 324 1.307482e-03 2.608770e-03 1 2 2 1 2.819480e-13 0.000000e+00
288 325 1.307482e-03 3.284247e-03 1 2 2 1 1.929669e-13 0.000000e+00
288 326 1.307482e-03 4.134622e-03 1 2 2 1 1.341700e-13 0.000000e+00
288 327 1.307482e-03 5.205181e-03 1 2 2 1 9.629660e-14 0.000000e+00
288 328 1.307482e-03 6.552935e-03 1 2 2 1 7.145713e-14 0.000000e+00
288 329 1.307482e-03 8.249656e-03 1 2 2 1 5.438618e-14 0.000000e+00
289 319 1.646023e-03 8.249656e-04 1 2 2 1 2.420066e-13 0.000000e+00
289 320 1.646023e-03 1.038570e-03 1 2 2 1 3.686689e-13 0.000000e+00
289 321 1.646023e-03 1.307482e-03 1 2 2 1 5.337471e-13 0.000000e+00
289 322 1.646023e-03 1.646023e-03 1 2 2 1 0.000000e+00 0.000000e+00
289 323 1.646023e-03 2.072220e-03 1 2 2 1 5.942528e-13 0.000000e+00
289 324 1.646023e-03 2.608770e-03 1 2 2 1 4.371179e-13 0.000000e+00
289 325 1.646023e-03 3.284247e-03 1 2 2 1 3.032748e-13 0.000000e+00
289 326 1.646023e-03 4.134622e-03 1 2 2 1 2.114784e-13 0.000000e+00
289 327 1.646023e-03 5.205181e-03 1 2 2 1 1.518950e-13 0.000000e+00
289 328 1.646023e-03 6.552935e-03 1 2 2 1 1.127971e-13 0.000000e+00
289 329 1.646023e-03 8.249656e-03 1 2 2 1 8.592895e-14 0.000000e+00
290 319 2.072220e-03 8.249656e-04 1 2 2 1 1.682987e-13 0.000000e+00
290 320 2.072220e-03 1.038570e-03 1 2 2 1 2.628911e-13 0.000000e+00
290 321 2.072220e-03 1.307482e-03 1 2 2 1 4.043237e-13 0.000000e+00
290 322 2.072220e-03 1.646023e-03 1 2 2 1 5.942528e-13 0.000000e+00
290 323 2.072220e-03 2.072220e-03 1 2 2 1 0.000000e+00 0.000000e+00
290 324 2.072220e-03 2.608770e-03 1 2 2 1 6.520577e-13 0.000000e+00
290 325 2.072220e-03 3.284247e-03 1 2 2 1 4.724354e-13 0.000000e+00
290 326 2.072220e-03 4.134622e-03 1 2 2 1 3.321075e-13 0.000000e+00
290 327 2.072220e-03 5.205181e-03 1 2 2 1 2.389180e-13 0.000000e+00
290 328 2.072220e-03 6.552935e-03 1 2 2 1 1.776310e-13 0.000000e+00
290 329 2.072220e-03 8.249656e-03 1 2 2 1 1.355163e-13 0.000000e+00
291 319 2.608770e-03 8.249656e-04 1 2 2 1 1.140322e-13 0.000000e+00
291 320 2.608770e-03 1.038570e-03 1 2 2 1 1.797401e-13 0.000000e+00
291 321 2.608770e-03 1.307482e-03 1 2 2 1 2.819480e-13 0.000000e+00
291 322 2.608770e-03 1.646023e-03 1 2 2 1 4.371179e-13 0.000000e+00
291 323 2.608770e-03 2.072220e-03 1 2 2 1 6.520577e-13 0.000000e+00
291 324 2.608770e-03 2.608770e-03 1 2 2 1 0.000000e+00 0.000000e+00
291 325 2.608770e-03 3.284247e-03 1 2 2 1 7.131952e-13 0.000000e+00
291 326 2.608770e-03 4.134622e-03 1 2 2 1 5.176100e-13 0.000000e+00
291 327 2.608770e-03 5.205181e-03 1 2 2 1 3.740710e-13 0.000000e+00
291 328 2.608770e-03 6.552935e-03 1 2 2 1 2.786683e-13 0.000000e+00
291 329 2.608770e-03 8.249656e-03 1 2 2 1 2.130882e-13 0.000000e+00
292 319 3.284247e-03 8.249656e-04 1 2 2 1 7.739409e-14 0.000000e+00
292 320 3.284247e-03 1.038570e-03 1 2 2 1 1.223237e-13 0.000000e+00
292 321 3.284247e-03 1.307482e-03 1 2 2 1 1.929669e-13 0.000000e+00
292 322 3.284247e-03 1.646023e-03 1 2 2 1 3.032748e-13 0.000000e+00
292 323 3.284247e-03 2.072220e-03 1 2 2 1 4.724354e-13 0.000000e+00
292 324 3.284247e-03 2.608770e-03 1 2 2 1 7.131952e-13 0.000000e+00
292 325 3.284247e-03 3.284247e-03 1 2 2 1 0.000000e+00 0.000000e+00
292 326 3.284247e-03 4.134622e-03 1 2 2 1 7.865042e-13 0.000000e+00
292 327 3.284247e-03 5.205181e-03 1 2 2 1 5.809396e-13 0.000000e+00
292 328 3.284247e-03 6.552935e-03 1 2 2 1 4.345037e-13 0.000000e+00
292 329 3.284247e-03 8.249656e-03 1 2 2 1 3.334677e-13 0.000000e+00
293 319 4.134622e-03 8.249656e-04 1 2 2 1 5.370936e-14 0.000000e+00
293 320 4.134622e-03 1.038570e-03 1 2 2 1 8.494343e-14 0.000000e+00
293 321 4.134622e-03 1.307482e-03 1 2 2 1 1.341700e-13 0.000000e+00
293 322 4.134622e-03 1.646023e-03 1 2 2 1 2.114784e-13 0.000000e+00
293 323 4.134622e-03 2.072220e-03 1 2 2 1 3.321075e-13 0.000000e+00
293 324 4.134622e-03 2.608770e-03 1 2 2 1 5.176100e-13 0.000000e+00
293 325 4.134622e-03 3.284247e-03 1 2 2 1 7.865042e-13 0.000000e+00
293 326 4.134622e-03 4.134622e-03 1 2 2 1 0.000000e+00 0.000000e+00
293 327 4.134622e-03 5.205181e-03 1 2 2 1 8.826681e-13 0.000000e+00
293 328 4.134622e-03 6.552935e-03 1 2 2 1 6.706387e-13 0.000000e+00
293 329 4.134622e-03 8.249656e-03 1 2 2 1 5.178034e-13 0.000000e+00
294 319 5.205181e-03 8.249656e-04 1 2 2 1 3.852406e-14 0.000000e+00
294 320 5.205181e-03 1.038570e-03 1 2 2 1 6.094137e-14 0.000000e+00
294 321 5.205181e-03 1.307482e-03 1 2 2 1 9.629660e-14 0.000000e+00
294 322 5.205181e-03 1.646023e-03 1 2 2 1 1.518950e-13 0.000000e+00
294 323 5.205181e-03 2.072220e-03 1 2 2 1 2.389180e-13 0.000000e+00
294 324 5.205181e-03 2.608770e-03 1 2 2 1 3.740710e-13 0.000000e+00
294 325 5.205181e-03 3.284247e-03 1 2 2 1 5.809396e-13 0.000000e+00
294 326 5.205181e-03 4.134622e-03 1 2 2 1 8.826681e-13 0.000000e+00
294 327 5.205181e-03 5.205181e-03 1 2 2 1 0.000000e+00 0.000000e+00
294 328 5.205181e-03 6.552935e-03 1 2 2 1 1.012947e-12 0.000000e+00
294 329 5.205181e-03 8.249656e-03 1 2 2 1 7.937127e-13 0.000000e+00
295 319 6.552935e-03 8.249656e-04 1 2 2 1 2.856527e-14 0.000000e+00
295 320 6.552935e-03 1.038570e-03 1 2 2 1 4.520069e-14 0.000000e+00
295 321 6.552935e-03 1.307482e-03 1 2 2 1 7.145713e-14 0.000000e+00
295 322 6.552935e-03 1.646023e-03 1 2 2 1 1.127971e-13 0.000000e+00
295 323 6.552935e-03 2.072220e-03 1 2 2 1 1.776310e-13 0.000000e+00
295 324 6.552935e-03 2.608770e-03 1 2 2 1 2.786683e-13 0.000000e+00
295 325 6.552935e-03 3.284247e-03 1 2 2 1 4.345037e-13 0.000000e+00
295 326 6.552935e-03 4.134622e-03 1 2 2 1 6.706387e-13 0.000000e+00
295 327 6.552935e-03 5.205181e-03 1 2 2 1 1.012947e-12 0.000000e+00
295 328 6.552935e-03 6.552935e-03 1 2 2 1 0.000000e+00 0.000000e+00
295 329 6.552935e-03 8.249656e-03 1 2 2 1 1.187514e-12 0.000000e+00
296 319 8.249656e-03 8.249656e-04 1 2 2 1 2.172052e-14 0.000000e+00
296 320 8.249656e-03 1.038570e-03 1 2 2 1 3.438237e-14 0.000000e+00
296 321 8.249656e-03 1.307482e-03 1 2 2 1 5.438618e-14 0.000000e+00
296 322 8.249656e-03 1.646023e-03 1 2 2 1 8.592895e-14 0.000000e+00
296 323 8.249656e-03 2.072220e-03 1 2 2 1 1.355163e-13 0.000000e+00
296 324 8.249656e-03 2.608770e-03 1 2 2 1 2.130882e-13 0.000000e+00
296 325 8.249656e-03 3.284247e-03 1 2 2 1 3.334677e-13 0.000000e+00
296 326 8.249656e-03 4.134622e-03 1 2 2 1 5.178034e-13 0.000000e+00
296 327 8.249656e-03 5.205181e-03 1 2 2 1 7.937127e-13 0.000000e+00
296 328 8.249656e-03 6.552935e-03 1 2 2 1 1.187514e-12 0.000000e+00
296 329 8.249656e-03 8.249656e-03 1 2 2 1 0.000000e+00 0.000000e+00
