# Please cite the following papers in research using this covariance:
# arXiv: 1601.05779, https://arxiv.org/abs/1601.05779
# arXiv: 1911.11947, https://arxiv.org/abs/1911.11947
# arXiv: 2004.04833, https://arxiv.org/abs/2004.04833
# arXiv: 1804.10663, https://arxiv.org/abs/1804.10663
########################################################
264 319 8.249656e-04 8.249656e-04 1 0 2 1 0.000000e+00 0.000000e+00
264 320 8.249656e-04 1.038570e-03 1 0 2 1 1.090882e-13 0.000000e+00
264 321 8.249656e-04 1.307482e-03 1 0 2 1 9.309569e-14 0.000000e+00
264 322 8.249656e-04 1.646023e-03 1 0 2 1 7.152789e-14 0.000000e+00
264 323 8.249656e-04 2.072220e-03 1 0 2 1 5.158782e-14 0.000000e+00
264 324 8.249656e-04 2.608770e-03 1 0 2 1 3.595304e-14 0.000000e+00
264 325 8.249656e-04 3.284247e-03 1 0 2 1 2.478609e-14 0.000000e+00
264 326 8.249656e-04 4.134622e-03 1 0 2 1 1.722832e-14 0.000000e+00
264 327 8.249656e-04 5.205181e-03 1 0 2 1 1.222660e-14 0.000000e+00
264 328 8.249656e-04 6.552935e-03 1 0 2 1 8.895647e-15 0.000000e+00
264 329 8.249656e-04 8.249656e-03 1 0 2 1 6.611909e-15 0.000000e+00
265 319 1.038570e-03 8.249656e-04 1 0 2 1 1.090882e-13 0.000000e+00
265 320 1.038570e-03 1.038570e-03 1 0 2 1 0.000000e+00 0.000000e+00
265 321 1.038570e-03 1.307482e-03 1 0 2 1 1.323218e-13 0.000000e+00
265 322 1.038570e-03 1.646023e-03 1 0 2 1 1.082441e-13 0.000000e+00
265 323 1.038570e-03 2.072220e-03 1 0 2 1 8.017951e-14 0.000000e+00
265 324 1.038570e-03 2.608770e-03 1 0 2 1 5.650481e-14 0.000000e+00
265 325 1.038570e-03 3.284247e-03 1 0 2 1 3.912454e-14 0.000000e+00
265 326 1.038570e-03 4.134622e-03 1 0 2 1 2.723752e-14 0.000000e+00
265 327 1.038570e-03 5.205181e-03 1 0 2 1 1.934189e-14 0.000000e+00
265 328 1.038570e-03 6.552935e-03 1 0 2 1 1.407807e-14 0.000000e+00
265 329 1.038570e-03 8.249656e-03 1 0 2 1 1.046754e-14 0.000000e+00
266 319 1.307482e-03 8.249656e-04 1 0 2 1 9.309569e-14 0.000000e+00
266 320 1.307482e-03 1.038570e-03 1 0 2 1 1.323218e-13 0.000000e+00
266 321 1.307482e-03 1.307482e-03 1 0 2 1 0.000000e+00 0.000000e+00
266 322 1.307482e-03 1.646023e-03 1 0 2 1 1.554212e-13 0.000000e+00
266 323 1.307482e-03 2.072220e-03 1 0 2 1 1.223356e-13 0.000000e+00
266 324 1.307482e-03 2.608770e-03 1 0 2 1 8.820251e-14 0.000000e+00
266 325 1.307482e-03 3.284247e-03 1 0 2 1 6.158301e-14 0.000000e+00
266 326 1.307482e-03 4.134622e-03 1 0 2 1 4.299518e-14 0.000000e+00
266 327 1.307482e-03 5.205181e-03 1 0 2 1 3.056408e-14 0.000000e+00
266 328 1.307482e-03 6.552935e-03 1 0 2 1 2.226050e-14 0.000000e+00
266 329 1.307482e-03 8.249656e-03 1 0 2 1 1.656073e-14 0.000000e+00
267 319 1.646023e-03 8.249656e-04 1 0 2 1 7.152789e-14 0.000000e+00
267 320 1.646023e-03 1.038570e-03 1 0 2 1 1.082441e-13 0.000000e+00
267 321 1.646023e-03 1.307482e-03 1 0 2 1 1.554212e-13 0.000000e+00
267 322 1.646023e-03 1.646023e-03 1 0 2 1 0.000000e+00 0.000000e+00
267 323 1.646023e-03 2.072220e-03 1 0 2 1 1.778128e-13 0.000000e+00
267 324 1.646023e-03 2.608770e-03 1 0 2 1 1.356121e-13 0.000000e+00
267 325 1.646023e-03 3.284247e-03 1 0 2 1 9.640655e-14 0.000000e+00
267 326 1.646023e-03 4.134622e-03 1 0 2 1 6.768986e-14 0.000000e+00
267 327 1.646023e-03 5.205181e-03 1 0 2 1 4.821102e-14 0.000000e+00
267 328 1.646023e-03 6.552935e-03 1 0 2 1 3.515023e-14 0.000000e+00
267 329 1.646023e-03 8.249656e-03 1 0 2 1 2.617347e-14 0.000000e+00
268 319 2.072220e-03 8.249656e-04 1 0 2 1 5.158782e-14 0.000000e+00
268 320 2.072220e-03 1.038570e-03 1 0 2 1 8.017951e-14 0.000000e+00
268 321 2.072220e-03 1.307482e-03 1 0 2 1 1.223356e-13 0.000000e+00
268 322 2.072220e-03 1.646023e-03 1 0 2 1 1.778128e-13 0.000000e+00
268 323 2.072220e-03 2.072220e-03 1 0 2 1 0.000000e+00 0.000000e+00
268 324 2.072220e-03 2.608770e-03 1 0 2 1 1.996771e-13 0.000000e+00
268 325 2.072220e-03 3.284247e-03 1 0 2 1 1.490877e-13 0.000000e+00
268 326 2.072220e-03 4.134622e-03 1 0 2 1 1.060541e-13 0.000000e+00
268 327 2.072220e-03 5.205181e-03 1 0 2 1 7.582302e-14 0.000000e+00
268 328 2.072220e-03 6.552935e-03 1 0 2 1 5.538089e-14 0.000000e+00
268 329 2.072220e-03 8.249656e-03 1 0 2 1 4.129719e-14 0.000000e+00
269 319 2.608770e-03 8.249656e-04 1 0 2 1 3.595304e-14 0.000000e+00
269 320 2.608770e-03 1.038570e-03 1 0 2 1 5.650481e-14 0.000000e+00
269 321 2.608770e-03 1.307482e-03 1 0 2 1 8.820251e-14 0.000000e+00
269 322 2.608770e-03 1.646023e-03 1 0 2 1 1.356121e-13 0.000000e+00
269 323 2.608770e-03 2.072220e-03 1 0 2 1 1.996771e-13 0.000000e+00
269 324 2.608770e-03 2.608770e-03 1 0 2 1 0.000000e+00 0.000000e+00
269 325 2.608770e-03 3.284247e-03 1 0 2 1 2.221114e-13 0.000000e+00
269 326 2.608770e-03 4.134622e-03 1 0 2 1 1.644604e-13 0.000000e+00
269 327 2.608770e-03 5.205181e-03 1 0 2 1 1.186474e-13 0.000000e+00
269 328 2.608770e-03 6.552935e-03 1 0 2 1 8.694221e-14 0.000000e+00
269 329 2.608770e-03 8.249656e-03 1 0 2 1 6.498546e-14 0.000000e+00
270 319 3.284247e-03 8.249656e-04 1 0 2 1 2.478609e-14 0.000000e+00
270 320 3.284247e-03 1.038570e-03 1 0 2 1 3.912454e-14 0.000000e+00
270 321 3.284247e-03 1.307482e-03 1 0 2 1 6.158301e-14 0.000000e+00
270 322 3.284247e-03 1.646023e-03 1 0 2 1 9.640655e-14 0.000000e+00
270 323 3.284247e-03 2.072220e-03 1 0 2 1 1.490877e-13 0.000000e+00
270 324 3.284247e-03 2.608770e-03 1 0 2 1 2.221114e-13 0.000000e+00
270 325 3.284247e-03 3.284247e-03 1 0 2 1 0.000000e+00 0.000000e+00
270 326 3.284247e-03 4.134622e-03 1 0 2 1 2.470867e-13 0.000000e+00
270 327 3.284247e-03 5.205181e-03 1 0 2 1 1.838601e-13 0.000000e+00
270 328 3.284247e-03 6.552935e-03 1 0 2 1 1.356786e-13 0.000000e+00
270 329 3.284247e-03 8.249656e-03 1 0 2 1 1.018175e-13 0.000000e+00
271 319 4.134622e-03 8.249656e-04 1 0 2 1 1.722832e-14 0.000000e+00
271 320 4.134622e-03 1.038570e-03 1 0 2 1 2.723752e-14 0.000000e+00
271 321 4.134622e-03 1.307482e-03 1 0 2 1 4.299518e-14 0.000000e+00
271 322 4.134622e-03 1.646023e-03 1 0 2 1 6.768986e-14 0.000000e+00
271 323 4.134622e-03 2.072220e-03 1 0 2 1 1.060541e-13 0.000000e+00
271 324 4.134622e-03 2.608770e-03 1 0 2 1 1.644604e-13 0.000000e+00
271 325 4.134622e-03 3.284247e-03 1 0 2 1 2.470867e-13 0.000000e+00
271 326 4.134622e-03 4.134622e-03 1 0 2 1 0.000000e+00 0.000000e+00
271 327 4.134622e-03 5.205181e-03 1 0 2 1 2.772202e-13 0.000000e+00
271 328 4.134622e-03 6.552935e-03 1 0 2 1 2.095100e-13 0.000000e+00
271 329 4.134622e-03 8.249656e-03 1 0 2 1 1.583823e-13 0.000000e+00
272 319 5.205181e-03 8.249656e-04 1 0 2 1 1.222660e-14 0.000000e+00
272 320 5.205181e-03 1.038570e-03 1 0 2 1 1.934189e-14 0.000000e+00
272 321 5.205181e-03 1.307482e-03 1 0 2 1 3.056408e-14 0.000000e+00
272 322 5.205181e-03 1.646023e-03 1 0 2 1 4.821102e-14 0.000000e+00
272 323 5.205181e-03 2.072220e-03 1 0 2 1 7.582302e-14 0.000000e+00
272 324 5.205181e-03 2.608770e-03 1 0 2 1 1.186474e-13 0.000000e+00
272 325 5.205181e-03 3.284247e-03 1 0 2 1 1.838601e-13 0.000000e+00
272 326 5.205181e-03 4.134622e-03 1 0 2 1 2.772202e-13 0.000000e+00
272 327 5.205181e-03 5.205181e-03 1 0 2 1 0.000000e+00 0.000000e+00
272 328 5.205181e-03 6.552935e-03 1 0 2 1 3.154081e-13 0.000000e+00
272 329 5.205181e-03 8.249656e-03 1 0 2 1 2.433494e-13 0.000000e+00
273 319 6.552935e-03 8.249656e-04 1 0 2 1 8.895647e-15 0.000000e+00
273 320 6.552935e-03 1.038570e-03 1 0 2 1 1.407807e-14 0.000000e+00
273 321 6.552935e-03 1.307482e-03 1 0 2 1 2.226050e-14 0.000000e+00
273 322 6.552935e-03 1.646023e-03 1 0 2 1 3.515023e-14 0.000000e+00
273 323 6.552935e-03 2.072220e-03 1 0 2 1 5.538089e-14 0.000000e+00
273 324 6.552935e-03 2.608770e-03 1 0 2 1 8.694221e-14 0.000000e+00
273 325 6.552935e-03 3.284247e-03 1 0 2 1 1.356786e-13 0.000000e+00
273 326 6.552935e-03 4.134622e-03 1 0 2 1 2.095100e-13 0.000000e+00
273 327 6.552935e-03 5.205181e-03 1 0 2 1 3.154081e-13 0.000000e+00
273 328 6.552935e-03 6.552935e-03 1 0 2 1 0.000000e+00 0.000000e+00
273 329 6.552935e-03 8.249656e-03 1 0 2 1 3.643509e-13 0.000000e+00
274 319 8.249656e-03 8.249656e-04 1 0 2 1 6.611909e-15 0.000000e+00
274 320 8.249656e-03 1.038570e-03 1 0 2 1 1.046754e-14 0.000000e+00
274 321 8.249656e-03 1.307482e-03 1 0 2 1 1.656073e-14 0.000000e+00
274 322 8.249656e-03 1.646023e-03 1 0 2 1 2.617347e-14 0.000000e+00
274 323 8.249656e-03 2.072220e-03 1 0 2 1 4.129719e-14 0.000000e+00
274 324 8.249656e-03 2.608770e-03 1 0 2 1 6.498546e-14 0.000000e+00
274 325 8.249656e-03 3.284247e-03 1 0 2 1 1.018175e-13 0.000000e+00
274 326 8.249656e-03 4.134622e-03 1 0 2 1 1.583823e-13 0.000000e+00
274 327 8.249656e-03 5.205181e-03 1 0 2 1 2.433494e-13 0.000000e+00
274 328 8.249656e-03 6.552935e-03 1 0 2 1 3.643509e-13 0.000000e+00
274 329 8.249656e-03 8.249656e-03 1 0 2 1 0.000000e+00 0.000000e+00
