# Please cite the following papers in research using this covariance:
# arXiv: 1601.05779, https://arxiv.org/abs/1601.05779
# arXiv: 1911.11947, https://arxiv.org/abs/1911.11947
# arXiv: 2004.04833, https://arxiv.org/abs/2004.04833
# arXiv: 1804.10663, https://arxiv.org/abs/1804.10663
########################################################
264 451 8.249656e-04 8.249656e-04 1 0 5 1 0.000000e+00 0.000000e+00
264 452 8.249656e-04 1.038570e-03 1 0 5 1 4.604407e-14 0.000000e+00
264 453 8.249656e-04 1.307482e-03 1 0 5 1 3.980282e-14 0.000000e+00
264 454 8.249656e-04 1.646023e-03 1 0 5 1 3.115504e-14 0.000000e+00
264 455 8.249656e-04 2.072220e-03 1 0 5 1 2.289695e-14 0.000000e+00
264 456 8.249656e-04 2.608770e-03 1 0 5 1 1.619036e-14 0.000000e+00
264 457 8.249656e-04 3.284247e-03 1 0 5 1 1.124127e-14 0.000000e+00
264 458 8.249656e-04 4.134622e-03 1 0 5 1 7.803467e-15 0.000000e+00
264 459 8.249656e-04 5.205181e-03 1 0 5 1 5.493406e-15 0.000000e+00
264 460 8.249656e-04 6.552935e-03 1 0 5 1 3.951548e-15 0.000000e+00
264 461 8.249656e-04 8.249656e-03 1 0 5 1 2.903771e-15 0.000000e+00
265 451 1.038570e-03 8.249656e-04 1 0 5 1 4.604407e-14 0.000000e+00
265 452 1.038570e-03 1.038570e-03 1 0 5 1 0.000000e+00 0.000000e+00
265 453 1.038570e-03 1.307482e-03 1 0 5 1 5.655605e-14 0.000000e+00
265 454 1.038570e-03 1.646023e-03 1 0 5 1 4.701973e-14 0.000000e+00
265 455 1.038570e-03 2.072220e-03 1 0 5 1 3.549864e-14 0.000000e+00
265 456 1.038570e-03 2.608770e-03 1 0 5 1 2.540631e-14 0.000000e+00
265 457 1.038570e-03 3.284247e-03 1 0 5 1 1.773229e-14 0.000000e+00
265 458 1.038570e-03 4.134622e-03 1 0 5 1 1.233538e-14 0.000000e+00
265 459 1.038570e-03 5.205181e-03 1 0 5 1 8.691028e-15 0.000000e+00
265 460 1.038570e-03 6.552935e-03 1 0 5 1 6.254345e-15 0.000000e+00
265 461 1.038570e-03 8.249656e-03 1 0 5 1 4.597417e-15 0.000000e+00
266 451 1.307482e-03 8.249656e-04 1 0 5 1 3.980282e-14 0.000000e+00
266 452 1.307482e-03 1.038570e-03 1 0 5 1 5.655605e-14 0.000000e+00
266 453 1.307482e-03 1.307482e-03 1 0 5 1 0.000000e+00 0.000000e+00
266 454 1.307482e-03 1.646023e-03 1 0 5 1 6.734700e-14 0.000000e+00
266 455 1.307482e-03 2.072220e-03 1 0 5 1 5.395894e-14 0.000000e+00
266 456 1.307482e-03 2.608770e-03 1 0 5 1 3.955815e-14 0.000000e+00
266 457 1.307482e-03 3.284247e-03 1 0 5 1 2.787903e-14 0.000000e+00
266 458 1.307482e-03 4.134622e-03 1 0 5 1 1.946678e-14 0.000000e+00
266 459 1.307482e-03 5.205181e-03 1 0 5 1 1.373525e-14 0.000000e+00
266 460 1.307482e-03 6.552935e-03 1 0 5 1 9.891245e-15 0.000000e+00
266 461 1.307482e-03 8.249656e-03 1 0 5 1 7.274496e-15 0.000000e+00
267 451 1.646023e-03 8.249656e-04 1 0 5 1 3.115504e-14 0.000000e+00
267 452 1.646023e-03 1.038570e-03 1 0 5 1 4.701973e-14 0.000000e+00
267 453 1.646023e-03 1.307482e-03 1 0 5 1 6.734700e-14 0.000000e+00
267 454 1.646023e-03 1.646023e-03 1 0 5 1 0.000000e+00 0.000000e+00
267 455 1.646023e-03 2.072220e-03 1 0 5 1 7.807540e-14 0.000000e+00
267 456 1.646023e-03 2.608770e-03 1 0 5 1 6.056739e-14 0.000000e+00
267 457 1.646023e-03 3.284247e-03 1 0 5 1 4.355526e-14 0.000000e+00
267 458 1.646023e-03 4.134622e-03 1 0 5 1 3.063235e-14 0.000000e+00
267 459 1.646023e-03 5.205181e-03 1 0 5 1 2.166920e-14 0.000000e+00
267 460 1.646023e-03 6.552935e-03 1 0 5 1 1.562302e-14 0.000000e+00
267 461 1.646023e-03 8.249656e-03 1 0 5 1 1.149928e-14 0.000000e+00
268 451 2.072220e-03 8.249656e-04 1 0 5 1 2.289695e-14 0.000000e+00
268 452 2.072220e-03 1.038570e-03 1 0 5 1 3.549864e-14 0.000000e+00
268 453 2.072220e-03 1.307482e-03 1 0 5 1 5.395894e-14 0.000000e+00
268 454 2.072220e-03 1.646023e-03 1 0 5 1 7.807540e-14 0.000000e+00
268 455 2.072220e-03 2.072220e-03 1 0 5 1 0.000000e+00 0.000000e+00
268 456 2.072220e-03 2.608770e-03 1 0 5 1 8.864975e-14 0.000000e+00
268 457 2.072220e-03 3.284247e-03 1 0 5 1 6.710598e-14 0.000000e+00
268 458 2.072220e-03 4.134622e-03 1 0 5 1 4.794278e-14 0.000000e+00
268 459 2.072220e-03 5.205181e-03 1 0 5 1 3.408600e-14 0.000000e+00
268 460 2.072220e-03 6.552935e-03 1 0 5 1 2.462540e-14 0.000000e+00
268 461 2.072220e-03 8.249656e-03 1 0 5 1 1.814961e-14 0.000000e+00
269 451 2.608770e-03 8.249656e-04 1 0 5 1 1.619036e-14 0.000000e+00
269 452 2.608770e-03 1.038570e-03 1 0 5 1 2.540631e-14 0.000000e+00
269 453 2.608770e-03 1.307482e-03 1 0 5 1 3.955815e-14 0.000000e+00
269 454 2.608770e-03 1.646023e-03 1 0 5 1 6.056739e-14 0.000000e+00
269 455 2.608770e-03 2.072220e-03 1 0 5 1 8.864975e-14 0.000000e+00
269 456 2.608770e-03 2.608770e-03 1 0 5 1 0.000000e+00 0.000000e+00
269 457 2.608770e-03 3.284247e-03 1 0 5 1 9.934308e-14 0.000000e+00
269 458 2.608770e-03 4.134622e-03 1 0 5 1 7.416661e-14 0.000000e+00
269 459 2.608770e-03 5.205181e-03 1 0 5 1 5.334021e-14 0.000000e+00
269 460 2.608770e-03 6.552935e-03 1 0 5 1 3.868426e-14 0.000000e+00
269 461 2.608770e-03 8.249656e-03 1 0 5 1 2.857470e-14 0.000000e+00
270 451 3.284247e-03 8.249656e-04 1 0 5 1 1.124127e-14 0.000000e+00
270 452 3.284247e-03 1.038570e-03 1 0 5 1 1.773229e-14 0.000000e+00
270 453 3.284247e-03 1.307482e-03 1 0 5 1 2.787903e-14 0.000000e+00
270 454 3.284247e-03 1.646023e-03 1 0 5 1 4.355526e-14 0.000000e+00
270 455 3.284247e-03 2.072220e-03 1 0 5 1 6.710598e-14 0.000000e+00
270 456 3.284247e-03 2.608770e-03 1 0 5 1 9.934308e-14 0.000000e+00
270 457 3.284247e-03 3.284247e-03 1 0 5 1 0.000000e+00 0.000000e+00
270 458 3.284247e-03 4.134622e-03 1 0 5 1 1.108310e-13 0.000000e+00
270 459 3.284247e-03 5.205181e-03 1 0 5 1 8.260248e-14 0.000000e+00
270 460 3.284247e-03 6.552935e-03 1 0 5 1 6.042311e-14 0.000000e+00
270 461 3.284247e-03 8.249656e-03 1 0 5 1 4.480607e-14 0.000000e+00
271 451 4.134622e-03 8.249656e-04 1 0 5 1 7.803467e-15 0.000000e+00
271 452 4.134622e-03 1.038570e-03 1 0 5 1 1.233538e-14 0.000000e+00
271 453 4.134622e-03 1.307482e-03 1 0 5 1 1.946678e-14 0.000000e+00
271 454 4.134622e-03 1.646023e-03 1 0 5 1 3.063235e-14 0.000000e+00
271 455 4.134622e-03 2.072220e-03 1 0 5 1 4.794278e-14 0.000000e+00
271 456 4.134622e-03 2.608770e-03 1 0 5 1 7.416661e-14 0.000000e+00
271 457 4.134622e-03 3.284247e-03 1 0 5 1 1.108310e-13 0.000000e+00
271 458 4.134622e-03 4.134622e-03 1 0 5 1 0.000000e+00 0.000000e+00
271 459 4.134622e-03 5.205181e-03 1 0 5 1 1.241350e-13 0.000000e+00
271 460 4.134622e-03 6.552935e-03 1 0 5 1 9.338655e-14 0.000000e+00
271 461 4.134622e-03 8.249656e-03 1 0 5 1 6.978618e-14 0.000000e+00
272 451 5.205181e-03 8.249656e-04 1 0 5 1 5.493406e-15 0.000000e+00
272 452 5.205181e-03 1.038570e-03 1 0 5 1 8.691028e-15 0.000000e+00
272 453 5.205181e-03 1.307482e-03 1 0 5 1 1.373525e-14 0.000000e+00
272 454 5.205181e-03 1.646023e-03 1 0 5 1 2.166920e-14 0.000000e+00
272 455 5.205181e-03 2.072220e-03 1 0 5 1 3.408600e-14 0.000000e+00
272 456 5.205181e-03 2.608770e-03 1 0 5 1 5.334021e-14 0.000000e+00
272 457 5.205181e-03 3.284247e-03 1 0 5 1 8.260248e-14 0.000000e+00
272 458 5.205181e-03 4.134622e-03 1 0 5 1 1.241350e-13 0.000000e+00
272 459 5.205181e-03 5.205181e-03 1 0 5 1 0.000000e+00 0.000000e+00
272 460 5.205181e-03 6.552935e-03 1 0 5 1 1.404738e-13 0.000000e+00
272 461 5.205181e-03 8.249656e-03 1 0 5 1 1.074188e-13 0.000000e+00
273 451 6.552935e-03 8.249656e-04 1 0 5 1 3.951548e-15 0.000000e+00
273 452 6.552935e-03 1.038570e-03 1 0 5 1 6.254345e-15 0.000000e+00
273 453 6.552935e-03 1.307482e-03 1 0 5 1 9.891245e-15 0.000000e+00
273 454 6.552935e-03 1.646023e-03 1 0 5 1 1.562302e-14 0.000000e+00
273 455 6.552935e-03 2.072220e-03 1 0 5 1 2.462540e-14 0.000000e+00
273 456 6.552935e-03 2.608770e-03 1 0 5 1 3.868426e-14 0.000000e+00
273 457 6.552935e-03 3.284247e-03 1 0 5 1 6.042311e-14 0.000000e+00
273 458 6.552935e-03 4.134622e-03 1 0 5 1 9.338655e-14 0.000000e+00
273 459 6.552935e-03 5.205181e-03 1 0 5 1 1.404738e-13 0.000000e+00
273 460 6.552935e-03 6.552935e-03 1 0 5 1 0.000000e+00 0.000000e+00
273 461 6.552935e-03 8.249656e-03 1 0 5 1 1.610365e-13 0.000000e+00
274 451 8.249656e-03 8.249656e-04 1 0 5 1 2.903771e-15 0.000000e+00
274 452 8.249656e-03 1.038570e-03 1 0 5 1 4.597417e-15 0.000000e+00
274 453 8.249656e-03 1.307482e-03 1 0 5 1 7.274496e-15 0.000000e+00
274 454 8.249656e-03 1.646023e-03 1 0 5 1 1.149928e-14 0.000000e+00
274 455 8.249656e-03 2.072220e-03 1 0 5 1 1.814961e-14 0.000000e+00
274 456 8.249656e-03 2.608770e-03 1 0 5 1 2.857470e-14 0.000000e+00
274 457 8.249656e-03 3.284247e-03 1 0 5 1 4.480607e-14 0.000000e+00
274 458 8.249656e-03 4.134622e-03 1 0 5 1 6.978618e-14 0.000000e+00
274 459 8.249656e-03 5.205181e-03 1 0 5 1 1.074188e-13 0.000000e+00
274 460 8.249656e-03 6.552935e-03 1 0 5 1 1.610365e-13 0.000000e+00
274 461 8.249656e-03 8.249656e-03 1 0 5 1 0.000000e+00 0.000000e+00
