# Please cite the following papers in research using this covariance:
# arXiv: 1601.05779, https://arxiv.org/abs/1601.05779
# arXiv: 1911.11947, https://arxiv.org/abs/1911.11947
# arXiv: 2004.04833, https://arxiv.org/abs/2004.04833
# arXiv: 1804.10663, https://arxiv.org/abs/1804.10663
########################################################
363 418 8.249656e-04 8.249656e-04 3 1 4 2 0.000000e+00 0.000000e+00
363 419 8.249656e-04 1.038570e-03 3 1 4 2 2.661860e-13 0.000000e+00
363 420 8.249656e-04 1.307482e-03 3 1 4 2 2.207086e-13 0.000000e+00
363 421 8.249656e-04 1.646023e-03 3 1 4 2 1.685045e-13 0.000000e+00
363 422 8.249656e-04 2.072220e-03 3 1 4 2 1.242539e-13 0.000000e+00
363 423 8.249656e-04 2.608770e-03 3 1 4 2 9.085147e-14 0.000000e+00
363 424 8.249656e-04 3.284247e-03 3 1 4 2 6.679254e-14 0.000000e+00
363 425 8.249656e-04 4.134622e-03 3 1 4 2 4.961093e-14 0.000000e+00
363 426 8.249656e-04 5.205181e-03 3 1 4 2 3.717283e-14 0.000000e+00
363 427 8.249656e-04 6.552935e-03 3 1 4 2 2.796417e-14 0.000000e+00
363 428 8.249656e-04 8.249656e-03 3 1 4 2 2.099523e-14 0.000000e+00
364 418 1.038570e-03 8.249656e-04 3 1 4 2 2.661860e-13 0.000000e+00
364 419 1.038570e-03 1.038570e-03 3 1 4 2 0.000000e+00 0.000000e+00
364 420 1.038570e-03 1.307482e-03 3 1 4 2 3.177749e-13 0.000000e+00
364 421 1.038570e-03 1.646023e-03 3 1 4 2 2.565998e-13 0.000000e+00
364 422 1.038570e-03 2.072220e-03 3 1 4 2 1.932274e-13 0.000000e+00
364 423 1.038570e-03 2.608770e-03 3 1 4 2 1.424819e-13 0.000000e+00
364 424 1.038570e-03 3.284247e-03 3 1 4 2 1.051554e-13 0.000000e+00
364 425 1.038570e-03 4.134622e-03 3 1 4 2 7.827507e-14 0.000000e+00
364 426 1.038570e-03 5.205181e-03 3 1 4 2 5.873552e-14 0.000000e+00
364 427 1.038570e-03 6.552935e-03 3 1 4 2 4.423040e-14 0.000000e+00
364 428 1.038570e-03 8.249656e-03 3 1 4 2 3.323165e-14 0.000000e+00
365 418 1.307482e-03 8.249656e-04 3 1 4 2 2.207086e-13 0.000000e+00
365 419 1.307482e-03 1.038570e-03 3 1 4 2 3.177749e-13 0.000000e+00
365 420 1.307482e-03 1.307482e-03 3 1 4 2 0.000000e+00 0.000000e+00
365 421 1.307482e-03 1.646023e-03 3 1 4 2 3.729381e-13 0.000000e+00
365 422 1.307482e-03 2.072220e-03 3 1 4 2 2.955887e-13 0.000000e+00
365 423 1.307482e-03 2.608770e-03 3 1 4 2 2.217962e-13 0.000000e+00
365 424 1.307482e-03 3.284247e-03 3 1 4 2 1.648514e-13 0.000000e+00
365 425 1.307482e-03 4.134622e-03 3 1 4 2 1.231621e-13 0.000000e+00
365 426 1.307482e-03 5.205181e-03 3 1 4 2 9.263622e-14 0.000000e+00
365 427 1.307482e-03 6.552935e-03 3 1 4 2 6.987412e-14 0.000000e+00
365 428 1.307482e-03 8.249656e-03 3 1 4 2 5.255899e-14 0.000000e+00
366 418 1.646023e-03 8.249656e-04 3 1 4 2 1.685045e-13 0.000000e+00
366 419 1.646023e-03 1.038570e-03 3 1 4 2 2.565998e-13 0.000000e+00
366 420 1.646023e-03 1.307482e-03 3 1 4 2 3.729381e-13 0.000000e+00
366 421 1.646023e-03 1.646023e-03 3 1 4 2 0.000000e+00 0.000000e+00
366 422 1.646023e-03 2.072220e-03 3 1 4 2 4.333328e-13 0.000000e+00
366 423 1.646023e-03 2.608770e-03 3 1 4 2 3.401600e-13 0.000000e+00
366 424 1.646023e-03 3.284247e-03 3 1 4 2 2.565311e-13 0.000000e+00
366 425 1.646023e-03 4.134622e-03 3 1 4 2 1.929111e-13 0.000000e+00
366 426 1.646023e-03 5.205181e-03 3 1 4 2 1.456693e-13 0.000000e+00
366 427 1.646023e-03 6.552935e-03 3 1 4 2 1.101708e-13 0.000000e+00
366 428 1.646023e-03 8.249656e-03 3 1 4 2 8.302350e-14 0.000000e+00
367 418 2.072220e-03 8.249656e-04 3 1 4 2 1.242539e-13 0.000000e+00
367 419 2.072220e-03 1.038570e-03 3 1 4 2 1.932274e-13 0.000000e+00
367 420 2.072220e-03 1.307482e-03 3 1 4 2 2.955887e-13 0.000000e+00
367 421 2.072220e-03 1.646023e-03 3 1 4 2 4.333328e-13 0.000000e+00
367 422 2.072220e-03 2.072220e-03 3 1 4 2 0.000000e+00 0.000000e+00
367 423 2.072220e-03 2.608770e-03 3 1 4 2 5.019391e-13 0.000000e+00
367 424 2.072220e-03 3.284247e-03 3 1 4 2 3.935688e-13 0.000000e+00
367 425 2.072220e-03 4.134622e-03 3 1 4 2 2.998179e-13 0.000000e+00
367 426 2.072220e-03 5.205181e-03 3 1 4 2 2.279389e-13 0.000000e+00
367 427 2.072220e-03 6.552935e-03 3 1 4 2 1.731576e-13 0.000000e+00
367 428 2.072220e-03 8.249656e-03 3 1 4 2 1.308827e-13 0.000000e+00
368 418 2.608770e-03 8.249656e-04 3 1 4 2 9.085147e-14 0.000000e+00
368 419 2.608770e-03 1.038570e-03 3 1 4 2 1.424819e-13 0.000000e+00
368 420 2.608770e-03 1.307482e-03 3 1 4 2 2.217962e-13 0.000000e+00
368 421 2.608770e-03 1.646023e-03 3 1 4 2 3.401600e-13 0.000000e+00
368 422 2.608770e-03 2.072220e-03 3 1 4 2 5.019391e-13 0.000000e+00
368 423 2.608770e-03 2.608770e-03 3 1 4 2 0.000000e+00 0.000000e+00
368 424 2.608770e-03 3.284247e-03 3 1 4 2 5.827854e-13 0.000000e+00
368 425 2.608770e-03 4.134622e-03 3 1 4 2 4.593226e-13 0.000000e+00
368 426 2.608770e-03 5.205181e-03 3 1 4 2 3.536988e-13 0.000000e+00
368 427 2.608770e-03 6.552935e-03 3 1 4 2 2.707305e-13 0.000000e+00
368 428 2.608770e-03 8.249656e-03 3 1 4 2 2.056537e-13 0.000000e+00
369 418 3.284247e-03 8.249656e-04 3 1 4 2 6.679254e-14 0.000000e+00
369 419 3.284247e-03 1.038570e-03 3 1 4 2 1.051554e-13 0.000000e+00
369 420 3.284247e-03 1.307482e-03 3 1 4 2 1.648514e-13 0.000000e+00
369 421 3.284247e-03 1.646023e-03 3 1 4 2 2.565311e-13 0.000000e+00
369 422 3.284247e-03 2.072220e-03 3 1 4 2 3.935688e-13 0.000000e+00
369 423 3.284247e-03 2.608770e-03 3 1 4 2 5.827854e-13 0.000000e+00
369 424 3.284247e-03 3.284247e-03 3 1 4 2 0.000000e+00 0.000000e+00
369 425 3.284247e-03 4.134622e-03 3 1 4 2 6.804182e-13 0.000000e+00
369 426 3.284247e-03 5.205181e-03 3 1 4 2 5.405979e-13 0.000000e+00
369 427 3.284247e-03 6.552935e-03 3 1 4 2 4.195123e-13 0.000000e+00
369 428 3.284247e-03 8.249656e-03 3 1 4 2 3.213774e-13 0.000000e+00
370 418 4.134622e-03 8.249656e-04 3 1 4 2 4.961093e-14 0.000000e+00
370 419 4.134622e-03 1.038570e-03 3 1 4 2 7.827507e-14 0.000000e+00
370 420 4.134622e-03 1.307482e-03 3 1 4 2 1.231621e-13 0.000000e+00
370 421 4.134622e-03 1.646023e-03 3 1 4 2 1.929111e-13 0.000000e+00
370 422 4.134622e-03 2.072220e-03 3 1 4 2 2.998179e-13 0.000000e+00
370 423 4.134622e-03 2.608770e-03 3 1 4 2 4.593226e-13 0.000000e+00
370 424 4.134622e-03 3.284247e-03 3 1 4 2 6.804182e-13 0.000000e+00
370 425 4.134622e-03 4.134622e-03 3 1 4 2 0.000000e+00 0.000000e+00
370 426 4.134622e-03 5.205181e-03 3 1 4 2 7.992219e-13 0.000000e+00
370 427 4.134622e-03 6.552935e-03 3 1 4 2 6.396511e-13 0.000000e+00
370 428 4.134622e-03 8.249656e-03 3 1 4 2 4.975244e-13 0.000000e+00
371 418 5.205181e-03 8.249656e-04 3 1 4 2 3.717283e-14 0.000000e+00
371 419 5.205181e-03 1.038570e-03 3 1 4 2 5.873552e-14 0.000000e+00
371 420 5.205181e-03 1.307482e-03 3 1 4 2 9.263622e-14 0.000000e+00
371 421 5.205181e-03 1.646023e-03 3 1 4 2 1.456693e-13 0.000000e+00
371 422 5.205181e-03 2.072220e-03 3 1 4 2 2.279389e-13 0.000000e+00
371 423 5.205181e-03 2.608770e-03 3 1 4 2 3.536988e-13 0.000000e+00
371 424 5.205181e-03 3.284247e-03 3 1 4 2 5.405979e-13 0.000000e+00
371 425 5.205181e-03 4.134622e-03 3 1 4 2 7.992219e-13 0.000000e+00
371 426 5.205181e-03 5.205181e-03 3 1 4 2 0.000000e+00 0.000000e+00
371 427 5.205181e-03 6.552935e-03 3 1 4 2 9.426187e-13 0.000000e+00
371 428 5.205181e-03 8.249656e-03 3 1 4 2 7.571830e-13 0.000000e+00
372 418 6.552935e-03 8.249656e-04 3 1 4 2 2.796417e-14 0.000000e+00
372 419 6.552935e-03 1.038570e-03 3 1 4 2 4.423040e-14 0.000000e+00
372 420 6.552935e-03 1.307482e-03 3 1 4 2 6.987412e-14 0.000000e+00
372 421 6.552935e-03 1.646023e-03 3 1 4 2 1.101708e-13 0.000000e+00
372 422 6.552935e-03 2.072220e-03 3 1 4 2 1.731576e-13 0.000000e+00
372 423 6.552935e-03 2.608770e-03 3 1 4 2 2.707305e-13 0.000000e+00
372 424 6.552935e-03 3.284247e-03 3 1 4 2 4.195123e-13 0.000000e+00
372 425 6.552935e-03 4.134622e-03 3 1 4 2 6.396511e-13 0.000000e+00
372 426 6.552935e-03 5.205181e-03 3 1 4 2 9.426187e-13 0.000000e+00
372 427 6.552935e-03 6.552935e-03 3 1 4 2 0.000000e+00 0.000000e+00
372 428 6.552935e-03 8.249656e-03 3 1 4 2 1.112060e-12 0.000000e+00
373 418 8.249656e-03 8.249656e-04 3 1 4 2 2.099523e-14 0.000000e+00
373 419 8.249656e-03 1.038570e-03 3 1 4 2 3.323165e-14 0.000000e+00
373 420 8.249656e-03 1.307482e-03 3 1 4 2 5.255899e-14 0.000000e+00
373 421 8.249656e-03 1.646023e-03 3 1 4 2 8.302350e-14 0.000000e+00
373 422 8.249656e-03 2.072220e-03 3 1 4 2 1.308827e-13 0.000000e+00
373 423 8.249656e-03 2.608770e-03 3 1 4 2 2.056537e-13 0.000000e+00
373 424 8.249656e-03 3.284247e-03 3 1 4 2 3.213774e-13 0.000000e+00
373 425 8.249656e-03 4.134622e-03 3 1 4 2 4.975244e-13 0.000000e+00
373 426 8.249656e-03 5.205181e-03 3 1 4 2 7.571830e-13 0.000000e+00
373 427 8.249656e-03 6.552935e-03 3 1 4 2 1.112060e-12 0.000000e+00
373 428 8.249656e-03 8.249656e-03 3 1 4 2 0.000000e+00 0.000000e+00
