# Please cite the following papers in research using this covariance:
# arXiv: 1601.05779, https://arxiv.org/abs/1601.05779
# arXiv: 1911.11947, https://arxiv.org/abs/1911.11947
# arXiv: 2004.04833, https://arxiv.org/abs/2004.04833
# arXiv: 1804.10663, https://arxiv.org/abs/1804.10663
########################################################
242 275 8.249656e-04 8.249656e-04 0 2 1 1 0.000000e+00 0.000000e+00
242 276 8.249656e-04 1.038570e-03 0 2 1 1 1.315971e-12 0.000000e+00
242 277 8.249656e-04 1.307482e-03 0 2 1 1 1.150115e-12 0.000000e+00
242 278 8.249656e-04 1.646023e-03 0 2 1 1 8.937223e-13 0.000000e+00
242 279 8.249656e-04 2.072220e-03 0 2 1 1 6.384981e-13 0.000000e+00
242 280 8.249656e-04 2.608770e-03 0 2 1 1 4.309436e-13 0.000000e+00
242 281 8.249656e-04 3.284247e-03 0 2 1 1 2.823566e-13 0.000000e+00
242 282 8.249656e-04 4.134622e-03 0 2 1 1 1.846625e-13 0.000000e+00
242 283 8.249656e-04 5.205181e-03 0 2 1 1 1.235826e-13 0.000000e+00
242 284 8.249656e-04 6.552935e-03 0 2 1 1 8.599398e-14 0.000000e+00
242 285 8.249656e-04 8.249656e-03 0 2 1 1 6.241306e-14 0.000000e+00
243 275 1.038570e-03 8.249656e-04 0 2 1 1 1.315971e-12 0.000000e+00
243 276 1.038570e-03 1.038570e-03 0 2 1 1 0.000000e+00 0.000000e+00
243 277 1.038570e-03 1.307482e-03 0 2 1 1 1.620941e-12 0.000000e+00
243 278 1.038570e-03 1.646023e-03 0 2 1 1 1.344883e-12 0.000000e+00
243 279 1.038570e-03 2.072220e-03 0 2 1 1 9.910247e-13 0.000000e+00
243 280 1.038570e-03 2.608770e-03 0 2 1 1 6.781468e-13 0.000000e+00
243 281 1.038570e-03 3.284247e-03 0 2 1 1 4.466491e-13 0.000000e+00
243 282 1.038570e-03 4.134622e-03 0 2 1 1 2.925049e-13 0.000000e+00
243 283 1.038570e-03 5.205181e-03 0 2 1 1 1.957519e-13 0.000000e+00
243 284 1.038570e-03 6.552935e-03 0 2 1 1 1.361839e-13 0.000000e+00
243 285 1.038570e-03 8.249656e-03 0 2 1 1 9.883730e-14 0.000000e+00
244 275 1.307482e-03 8.249656e-04 0 2 1 1 1.150115e-12 0.000000e+00
244 276 1.307482e-03 1.038570e-03 0 2 1 1 1.620941e-12 0.000000e+00
244 277 1.307482e-03 1.307482e-03 0 2 1 1 0.000000e+00 0.000000e+00
244 278 1.307482e-03 1.646023e-03 0 2 1 1 1.913157e-12 0.000000e+00
244 279 1.307482e-03 2.072220e-03 0 2 1 1 1.506926e-12 0.000000e+00
244 280 1.307482e-03 2.608770e-03 0 2 1 1 1.060089e-12 0.000000e+00
244 281 1.307482e-03 3.284247e-03 0 2 1 1 7.053129e-13 0.000000e+00
244 282 1.307482e-03 4.134622e-03 0 2 1 1 4.631254e-13 0.000000e+00
244 283 1.307482e-03 5.205181e-03 0 2 1 1 3.099614e-13 0.000000e+00
244 284 1.307482e-03 6.552935e-03 0 2 1 1 2.155693e-13 0.000000e+00
244 285 1.307482e-03 8.249656e-03 0 2 1 1 1.564446e-13 0.000000e+00
245 275 1.646023e-03 8.249656e-04 0 2 1 1 8.937223e-13 0.000000e+00
245 276 1.646023e-03 1.038570e-03 0 2 1 1 1.344883e-12 0.000000e+00
245 277 1.646023e-03 1.307482e-03 0 2 1 1 1.913157e-12 0.000000e+00
245 278 1.646023e-03 1.646023e-03 0 2 1 1 0.000000e+00 0.000000e+00
245 279 1.646023e-03 2.072220e-03 0 2 1 1 2.173086e-12 0.000000e+00
245 280 1.646023e-03 2.608770e-03 0 2 1 1 1.630827e-12 0.000000e+00
245 281 1.646023e-03 3.284247e-03 0 2 1 1 1.109286e-12 0.000000e+00
245 282 1.646023e-03 4.134622e-03 0 2 1 1 7.326054e-13 0.000000e+00
245 283 1.646023e-03 5.205181e-03 0 2 1 1 4.905381e-13 0.000000e+00
245 284 1.646023e-03 6.552935e-03 0 2 1 1 3.409890e-13 0.000000e+00
245 285 1.646023e-03 8.249656e-03 0 2 1 1 2.474415e-13 0.000000e+00
246 275 2.072220e-03 8.249656e-04 0 2 1 1 6.384981e-13 0.000000e+00
246 276 2.072220e-03 1.038570e-03 0 2 1 1 9.910247e-13 0.000000e+00
246 277 2.072220e-03 1.307482e-03 0 2 1 1 1.506926e-12 0.000000e+00
246 278 2.072220e-03 1.646023e-03 0 2 1 1 2.173086e-12 0.000000e+00
246 279 2.072220e-03 2.072220e-03 0 2 1 1 0.000000e+00 0.000000e+00
246 280 2.072220e-03 2.608770e-03 0 2 1 1 2.392325e-12 0.000000e+00
246 281 2.072220e-03 3.284247e-03 0 2 1 1 1.725242e-12 0.000000e+00
246 282 2.072220e-03 4.134622e-03 0 2 1 1 1.156305e-12 0.000000e+00
246 283 2.072220e-03 5.205181e-03 0 2 1 1 7.756088e-13 0.000000e+00
246 284 2.072220e-03 6.552935e-03 0 2 1 1 5.387879e-13 0.000000e+00
246 285 2.072220e-03 8.249656e-03 0 2 1 1 3.909036e-13 0.000000e+00
247 275 2.608770e-03 8.249656e-04 0 2 1 1 4.309436e-13 0.000000e+00
247 276 2.608770e-03 1.038570e-03 0 2 1 1 6.781468e-13 0.000000e+00
247 277 2.608770e-03 1.307482e-03 0 2 1 1 1.060089e-12 0.000000e+00
247 278 2.608770e-03 1.646023e-03 0 2 1 1 1.630827e-12 0.000000e+00
247 279 2.608770e-03 2.072220e-03 0 2 1 1 2.392325e-12 0.000000e+00
247 280 2.608770e-03 2.608770e-03 0 2 1 1 0.000000e+00 0.000000e+00
247 281 2.608770e-03 3.284247e-03 0 2 1 1 2.577995e-12 0.000000e+00
247 282 2.608770e-03 4.134622e-03 0 2 1 1 1.812309e-12 0.000000e+00
247 283 2.608770e-03 5.205181e-03 0 2 1 1 1.224233e-12 0.000000e+00
247 284 2.608770e-03 6.552935e-03 0 2 1 1 8.498924e-13 0.000000e+00
247 285 2.608770e-03 8.249656e-03 0 2 1 1 6.163922e-13 0.000000e+00
248 275 3.284247e-03 8.249656e-04 0 2 1 1 2.823566e-13 0.000000e+00
248 276 3.284247e-03 1.038570e-03 0 2 1 1 4.466491e-13 0.000000e+00
248 277 3.284247e-03 1.307482e-03 0 2 1 1 7.053129e-13 0.000000e+00
248 278 3.284247e-03 1.646023e-03 0 2 1 1 1.109286e-12 0.000000e+00
248 279 3.284247e-03 2.072220e-03 0 2 1 1 1.725242e-12 0.000000e+00
248 280 3.284247e-03 2.608770e-03 0 2 1 1 2.577995e-12 0.000000e+00
248 281 3.284247e-03 3.284247e-03 0 2 1 1 0.000000e+00 0.000000e+00
248 282 3.284247e-03 4.134622e-03 0 2 1 1 2.753201e-12 0.000000e+00
248 283 3.284247e-03 5.205181e-03 0 2 1 1 1.923535e-12 0.000000e+00
248 284 3.284247e-03 6.552935e-03 0 2 1 1 1.337156e-12 0.000000e+00
248 285 3.284247e-03 8.249656e-03 0 2 1 1 9.691376e-13 0.000000e+00
249 275 4.134622e-03 8.249656e-04 0 2 1 1 1.846625e-13 0.000000e+00
249 276 4.134622e-03 1.038570e-03 0 2 1 1 2.925049e-13 0.000000e+00
249 277 4.134622e-03 1.307482e-03 0 2 1 1 4.631254e-13 0.000000e+00
249 278 4.134622e-03 1.646023e-03 0 2 1 1 7.326054e-13 0.000000e+00
249 279 4.134622e-03 2.072220e-03 0 2 1 1 1.156305e-12 0.000000e+00
249 280 4.134622e-03 2.608770e-03 0 2 1 1 1.812309e-12 0.000000e+00
249 281 4.134622e-03 3.284247e-03 0 2 1 1 2.753201e-12 0.000000e+00
249 282 4.134622e-03 4.134622e-03 0 2 1 1 0.000000e+00 0.000000e+00
249 283 4.134622e-03 5.205181e-03 0 2 1 1 2.953999e-12 0.000000e+00
249 284 4.134622e-03 6.552935e-03 0 2 1 1 2.094230e-12 0.000000e+00
249 285 4.134622e-03 8.249656e-03 0 2 1 1 1.516999e-12 0.000000e+00
250 275 5.205181e-03 8.249656e-04 0 2 1 1 1.235826e-13 0.000000e+00
250 276 5.205181e-03 1.038570e-03 0 2 1 1 1.957519e-13 0.000000e+00
250 277 5.205181e-03 1.307482e-03 0 2 1 1 3.099614e-13 0.000000e+00
250 278 5.205181e-03 1.646023e-03 0 2 1 1 4.905381e-13 0.000000e+00
250 279 5.205181e-03 2.072220e-03 0 2 1 1 7.756088e-13 0.000000e+00
250 280 5.205181e-03 2.608770e-03 0 2 1 1 1.224233e-12 0.000000e+00
250 281 5.205181e-03 3.284247e-03 0 2 1 1 1.923535e-12 0.000000e+00
250 282 5.205181e-03 4.134622e-03 0 2 1 1 2.953999e-12 0.000000e+00
250 283 5.205181e-03 5.205181e-03 0 2 1 1 0.000000e+00 0.000000e+00
250 284 5.205181e-03 6.552935e-03 0 2 1 1 3.224432e-12 0.000000e+00
250 285 5.205181e-03 8.249656e-03 0 2 1 1 2.358565e-12 0.000000e+00
251 275 6.552935e-03 8.249656e-04 0 2 1 1 8.599398e-14 0.000000e+00
251 276 6.552935e-03 1.038570e-03 0 2 1 1 1.361839e-13 0.000000e+00
251 277 6.552935e-03 1.307482e-03 0 2 1 1 2.155693e-13 0.000000e+00
251 278 6.552935e-03 1.646023e-03 0 2 1 1 3.409890e-13 0.000000e+00
251 279 6.552935e-03 2.072220e-03 0 2 1 1 5.387879e-13 0.000000e+00
251 280 6.552935e-03 2.608770e-03 0 2 1 1 8.498924e-13 0.000000e+00
251 281 6.552935e-03 3.284247e-03 0 2 1 1 1.337156e-12 0.000000e+00
251 282 6.552935e-03 4.134622e-03 0 2 1 1 2.094230e-12 0.000000e+00
251 283 6.552935e-03 5.205181e-03 0 2 1 1 3.224432e-12 0.000000e+00
251 284 6.552935e-03 6.552935e-03 0 2 1 1 0.000000e+00 0.000000e+00
251 285 6.552935e-03 8.249656e-03 0 2 1 1 3.610878e-12 0.000000e+00
252 275 8.249656e-03 8.249656e-04 0 2 1 1 6.241306e-14 0.000000e+00
252 276 8.249656e-03 1.038570e-03 0 2 1 1 9.883730e-14 0.000000e+00
252 277 8.249656e-03 1.307482e-03 0 2 1 1 1.564446e-13 0.000000e+00
252 278 8.249656e-03 1.646023e-03 0 2 1 1 2.474415e-13 0.000000e+00
252 279 8.249656e-03 2.072220e-03 0 2 1 1 3.909036e-13 0.000000e+00
252 280 8.249656e-03 2.608770e-03 0 2 1 1 6.163922e-13 0.000000e+00
252 281 8.249656e-03 3.284247e-03 0 2 1 1 9.691376e-13 0.000000e+00
252 282 8.249656e-03 4.134622e-03 0 2 1 1 1.516999e-12 0.000000e+00
252 283 8.249656e-03 5.205181e-03 0 2 1 1 2.358565e-12 0.000000e+00
252 284 8.249656e-03 6.552935e-03 0 2 1 1 3.610878e-12 0.000000e+00
252 285 8.249656e-03 8.249656e-03 0 2 1 1 0.000000e+00 0.000000e+00
