# Please cite the following papers in research using this covariance:
# arXiv: 1601.05779, https://arxiv.org/abs/1601.05779
# arXiv: 1911.11947, https://arxiv.org/abs/1911.11947
# arXiv: 2004.04833, https://arxiv.org/abs/2004.04833
# arXiv: 1804.10663, https://arxiv.org/abs/1804.10663
########################################################
396 418 8.249656e-04 8.249656e-04 4 0 4 2 0.000000e+00 0.000000e+00
396 419 8.249656e-04 1.038570e-03 4 0 4 2 3.138781e-12 0.000000e+00
396 420 8.249656e-04 1.307482e-03 4 0 4 2 1.868751e-12 0.000000e+00
396 421 8.249656e-04 1.646023e-03 4 0 4 2 1.086465e-12 0.000000e+00
396 422 8.249656e-04 2.072220e-03 4 0 4 2 6.304631e-13 0.000000e+00
396 423 8.249656e-04 2.608770e-03 4 0 4 2 3.713386e-13 0.000000e+00
396 424 8.249656e-04 3.284247e-03 4 0 4 2 2.254409e-13 0.000000e+00
396 425 8.249656e-04 4.134622e-03 4 0 4 2 1.425701e-13 0.000000e+00
396 426 8.249656e-04 5.205181e-03 4 0 4 2 9.406387e-14 0.000000e+00
396 427 8.249656e-04 6.552935e-03 4 0 4 2 6.428788e-14 0.000000e+00
396 428 8.249656e-04 8.249656e-03 4 0 4 2 4.493658e-14 0.000000e+00
397 418 1.038570e-03 8.249656e-04 4 0 4 2 3.138781e-12 0.000000e+00
397 419 1.038570e-03 1.038570e-03 4 0 4 2 0.000000e+00 0.000000e+00
397 420 1.038570e-03 1.307482e-03 4 0 4 2 3.014436e-12 0.000000e+00
397 421 1.038570e-03 1.646023e-03 4 0 4 2 1.756826e-12 0.000000e+00
397 422 1.038570e-03 2.072220e-03 4 0 4 2 1.013659e-12 0.000000e+00
397 423 1.038570e-03 2.608770e-03 4 0 4 2 5.934472e-13 0.000000e+00
397 424 1.038570e-03 3.284247e-03 4 0 4 2 3.586274e-13 0.000000e+00
397 425 1.038570e-03 4.134622e-03 4 0 4 2 2.261584e-13 0.000000e+00
397 426 1.038570e-03 5.205181e-03 4 0 4 2 1.490197e-13 0.000000e+00
397 427 1.038570e-03 6.552935e-03 4 0 4 2 1.018030e-13 0.000000e+00
397 428 1.038570e-03 8.249656e-03 4 0 4 2 7.116387e-14 0.000000e+00
398 418 1.307482e-03 8.249656e-04 4 0 4 2 1.868751e-12 0.000000e+00
398 419 1.307482e-03 1.038570e-03 4 0 4 2 3.014436e-12 0.000000e+00
398 420 1.307482e-03 1.307482e-03 4 0 4 2 0.000000e+00 0.000000e+00
398 421 1.307482e-03 1.646023e-03 4 0 4 2 2.866909e-12 0.000000e+00
398 422 1.307482e-03 2.072220e-03 4 0 4 2 1.645832e-12 0.000000e+00
398 423 1.307482e-03 2.608770e-03 4 0 4 2 9.540316e-13 0.000000e+00
398 424 1.307482e-03 3.284247e-03 4 0 4 2 5.720409e-13 0.000000e+00
398 425 1.307482e-03 4.134622e-03 4 0 4 2 3.590153e-13 0.000000e+00
398 426 1.307482e-03 5.205181e-03 4 0 4 2 2.360329e-13 0.000000e+00
398 427 1.307482e-03 6.552935e-03 4 0 4 2 1.611417e-13 0.000000e+00
398 428 1.307482e-03 8.249656e-03 4 0 4 2 1.126553e-13 0.000000e+00
399 418 1.646023e-03 8.249656e-04 4 0 4 2 1.086465e-12 0.000000e+00
399 419 1.646023e-03 1.038570e-03 4 0 4 2 1.756826e-12 0.000000e+00
399 420 1.646023e-03 1.307482e-03 4 0 4 2 2.866909e-12 0.000000e+00
399 421 1.646023e-03 1.646023e-03 4 0 4 2 0.000000e+00 0.000000e+00
399 422 1.646023e-03 2.072220e-03 4 0 4 2 2.713348e-12 0.000000e+00
399 423 1.646023e-03 2.608770e-03 4 0 4 2 1.550845e-12 0.000000e+00
399 424 1.646023e-03 3.284247e-03 4 0 4 2 9.171812e-13 0.000000e+00
399 425 1.646023e-03 4.134622e-03 4 0 4 2 5.707729e-13 0.000000e+00
399 426 1.646023e-03 5.205181e-03 4 0 4 2 3.737785e-13 0.000000e+00
399 427 1.646023e-03 6.552935e-03 4 0 4 2 2.548769e-13 0.000000e+00
399 428 1.646023e-03 8.249656e-03 4 0 4 2 1.782030e-13 0.000000e+00
400 418 2.072220e-03 8.249656e-04 4 0 4 2 6.304631e-13 0.000000e+00
400 419 2.072220e-03 1.038570e-03 4 0 4 2 1.013659e-12 0.000000e+00
400 420 2.072220e-03 1.307482e-03 4 0 4 2 1.645832e-12 0.000000e+00
400 421 2.072220e-03 1.646023e-03 4 0 4 2 2.713348e-12 0.000000e+00
400 422 2.072220e-03 2.072220e-03 4 0 4 2 0.000000e+00 0.000000e+00
400 423 2.072220e-03 2.608770e-03 4 0 4 2 2.573731e-12 0.000000e+00
400 424 2.072220e-03 3.284247e-03 4 0 4 2 1.486541e-12 0.000000e+00
400 425 2.072220e-03 4.134622e-03 4 0 4 2 9.104981e-13 0.000000e+00
400 426 2.072220e-03 5.205181e-03 4 0 4 2 5.918907e-13 0.000000e+00
400 427 2.072220e-03 6.552935e-03 4 0 4 2 4.027087e-13 0.000000e+00
400 428 2.072220e-03 8.249656e-03 4 0 4 2 2.815821e-13 0.000000e+00
401 418 2.608770e-03 8.249656e-04 4 0 4 2 3.713386e-13 0.000000e+00
401 419 2.608770e-03 1.038570e-03 4 0 4 2 5.934472e-13 0.000000e+00
401 420 2.608770e-03 1.307482e-03 4 0 4 2 9.540316e-13 0.000000e+00
401 421 2.608770e-03 1.646023e-03 4 0 4 2 1.550845e-12 0.000000e+00
401 422 2.608770e-03 2.072220e-03 4 0 4 2 2.573731e-12 0.000000e+00
401 423 2.608770e-03 2.608770e-03 4 0 4 2 0.000000e+00 0.000000e+00
401 424 2.608770e-03 3.284247e-03 4 0 4 2 2.468327e-12 0.000000e+00
401 425 2.608770e-03 4.134622e-03 4 0 4 2 1.464895e-12 0.000000e+00
401 426 2.608770e-03 5.205181e-03 4 0 4 2 9.380925e-13 0.000000e+00
401 427 2.608770e-03 6.552935e-03 4 0 4 2 6.353140e-13 0.000000e+00
401 428 2.608770e-03 8.249656e-03 4 0 4 2 4.441439e-13 0.000000e+00
402 418 3.284247e-03 8.249656e-04 4 0 4 2 2.254409e-13 0.000000e+00
402 419 3.284247e-03 1.038570e-03 4 0 4 2 3.586274e-13 0.000000e+00
402 420 3.284247e-03 1.307482e-03 4 0 4 2 5.720409e-13 0.000000e+00
402 421 3.284247e-03 1.646023e-03 4 0 4 2 9.171812e-13 0.000000e+00
402 422 3.284247e-03 2.072220e-03 4 0 4 2 1.486541e-12 0.000000e+00
402 423 3.284247e-03 2.608770e-03 4 0 4 2 2.468327e-12 0.000000e+00
402 424 3.284247e-03 3.284247e-03 4 0 4 2 0.000000e+00 0.000000e+00
402 425 3.284247e-03 4.134622e-03 4 0 4 2 2.414969e-12 0.000000e+00
402 426 3.284247e-03 5.205181e-03 4 0 4 2 1.493578e-12 0.000000e+00
402 427 3.284247e-03 6.552935e-03 4 0 4 2 1.000471e-12 0.000000e+00
402 428 3.284247e-03 8.249656e-03 4 0 4 2 6.986406e-13 0.000000e+00
403 418 4.134622e-03 8.249656e-04 4 0 4 2 1.425701e-13 0.000000e+00
403 419 4.134622e-03 1.038570e-03 4 0 4 2 2.261584e-13 0.000000e+00
403 420 4.134622e-03 1.307482e-03 4 0 4 2 3.590153e-13 0.000000e+00
403 421 4.134622e-03 1.646023e-03 4 0 4 2 5.707729e-13 0.000000e+00
403 422 4.134622e-03 2.072220e-03 4 0 4 2 9.104981e-13 0.000000e+00
403 423 4.134622e-03 2.608770e-03 4 0 4 2 1.464895e-12 0.000000e+00
403 424 4.134622e-03 3.284247e-03 4 0 4 2 2.414969e-12 0.000000e+00
403 425 4.134622e-03 4.134622e-03 4 0 4 2 0.000000e+00 0.000000e+00
403 426 4.134622e-03 5.205181e-03 4 0 4 2 2.426875e-12 0.000000e+00
403 427 4.134622e-03 6.552935e-03 4 0 4 2 1.574995e-12 0.000000e+00
403 428 4.134622e-03 8.249656e-03 4 0 4 2 1.094482e-12 0.000000e+00
404 418 5.205181e-03 8.249656e-04 4 0 4 2 9.406387e-14 0.000000e+00
404 419 5.205181e-03 1.038570e-03 4 0 4 2 1.490197e-13 0.000000e+00
404 420 5.205181e-03 1.307482e-03 4 0 4 2 2.360329e-13 0.000000e+00
404 421 5.205181e-03 1.646023e-03 4 0 4 2 3.737785e-13 0.000000e+00
404 422 5.205181e-03 2.072220e-03 4 0 4 2 5.918907e-13 0.000000e+00
404 423 5.205181e-03 2.608770e-03 4 0 4 2 9.380925e-13 0.000000e+00
404 424 5.205181e-03 3.284247e-03 4 0 4 2 1.493578e-12 0.000000e+00
404 425 5.205181e-03 4.134622e-03 4 0 4 2 2.426875e-12 0.000000e+00
404 426 5.205181e-03 5.205181e-03 4 0 4 2 0.000000e+00 0.000000e+00
404 427 5.205181e-03 6.552935e-03 4 0 4 2 2.510870e-12 0.000000e+00
404 428 5.205181e-03 8.249656e-03 4 0 4 2 1.705968e-12 0.000000e+00
405 418 6.552935e-03 8.249656e-04 4 0 4 2 6.428788e-14 0.000000e+00
405 419 6.552935e-03 1.038570e-03 4 0 4 2 1.018030e-13 0.000000e+00
405 420 6.552935e-03 1.307482e-03 4 0 4 2 1.611417e-13 0.000000e+00
405 421 6.552935e-03 1.646023e-03 4 0 4 2 2.548769e-13 0.000000e+00
405 422 6.552935e-03 2.072220e-03 4 0 4 2 4.027087e-13 0.000000e+00
405 423 6.552935e-03 2.608770e-03 4 0 4 2 6.353140e-13 0.000000e+00
405 424 6.552935e-03 3.284247e-03 4 0 4 2 1.000471e-12 0.000000e+00
405 425 6.552935e-03 4.134622e-03 4 0 4 2 1.574995e-12 0.000000e+00
405 426 6.552935e-03 5.205181e-03 4 0 4 2 2.510870e-12 0.000000e+00
405 427 6.552935e-03 6.552935e-03 4 0 4 2 0.000000e+00 0.000000e+00
405 428 6.552935e-03 8.249656e-03 4 0 4 2 2.666301e-12 0.000000e+00
406 418 8.249656e-03 8.249656e-04 4 0 4 2 4.493658e-14 0.000000e+00
406 419 8.249656e-03 1.038570e-03 4 0 4 2 7.116387e-14 0.000000e+00
406 420 8.249656e-03 1.307482e-03 4 0 4 2 1.126553e-13 0.000000e+00
406 421 8.249656e-03 1.646023e-03 4 0 4 2 1.782030e-13 0.000000e+00
406 422 8.249656e-03 2.072220e-03 4 0 4 2 2.815821e-13 0.000000e+00
406 423 8.249656e-03 2.608770e-03 4 0 4 2 4.441439e-13 0.000000e+00
406 424 8.249656e-03 3.284247e-03 4 0 4 2 6.986406e-13 0.000000e+00
406 425 8.249656e-03 4.134622e-03 4 0 4 2 1.094482e-12 0.000000e+00
406 426 8.249656e-03 5.205181e-03 4 0 4 2 1.705968e-12 0.000000e+00
406 427 8.249656e-03 6.552935e-03 4 0 4 2 2.666301e-12 0.000000e+00
406 428 8.249656e-03 8.249656e-03 4 0 4 2 0.000000e+00 0.000000e+00
