# Please cite the following papers in research using this covariance:
# arXiv: 1601.05779, https://arxiv.org/abs/1601.05779
# arXiv: 1911.11947, https://arxiv.org/abs/1911.11947
# arXiv: 2004.04833, https://arxiv.org/abs/2004.04833
# arXiv: 1804.10663, https://arxiv.org/abs/1804.10663
########################################################
220 473 8.249656e-04 8.249656e-04 0 0 5 3 0.000000e+00 0.000000e+00
220 474 8.249656e-04 1.038570e-03 0 0 5 3 1.103676e-13 0.000000e+00
220 475 8.249656e-04 1.307482e-03 0 0 5 3 9.706689e-14 0.000000e+00
220 476 8.249656e-04 1.646023e-03 0 0 5 3 7.731116e-14 0.000000e+00
220 477 8.249656e-04 2.072220e-03 0 0 5 3 5.756135e-14 0.000000e+00
220 478 8.249656e-04 2.608770e-03 0 0 5 3 4.091300e-14 0.000000e+00
220 479 8.249656e-04 3.284247e-03 0 0 5 3 2.827980e-14 0.000000e+00
220 480 8.249656e-04 4.134622e-03 0 0 5 3 1.935555e-14 0.000000e+00
220 481 8.249656e-04 5.205181e-03 0 0 5 3 1.333400e-14 0.000000e+00
220 482 8.249656e-04 6.552935e-03 0 0 5 3 9.357880e-15 0.000000e+00
220 483 8.249656e-04 8.249656e-03 0 0 5 3 6.724635e-15 0.000000e+00
221 473 1.038570e-03 8.249656e-04 0 0 5 3 1.103676e-13 0.000000e+00
221 474 1.038570e-03 1.038570e-03 0 0 5 3 0.000000e+00 0.000000e+00
221 475 1.038570e-03 1.307482e-03 0 0 5 3 1.375545e-13 0.000000e+00
221 476 1.038570e-03 1.646023e-03 0 0 5 3 1.163010e-13 0.000000e+00
221 477 1.038570e-03 2.072220e-03 0 0 5 3 8.904489e-14 0.000000e+00
221 478 1.038570e-03 2.608770e-03 0 0 5 3 6.413676e-14 0.000000e+00
221 479 1.038570e-03 3.284247e-03 0 0 5 3 4.460082e-14 0.000000e+00
221 480 1.038570e-03 4.134622e-03 0 0 5 3 3.060295e-14 0.000000e+00
221 481 1.038570e-03 5.205181e-03 0 0 5 3 2.110246e-14 0.000000e+00
221 482 1.038570e-03 6.552935e-03 0 0 5 3 1.481540e-14 0.000000e+00
221 483 1.038570e-03 8.249656e-03 0 0 5 3 1.064875e-14 0.000000e+00
222 473 1.307482e-03 8.249656e-04 0 0 5 3 9.706689e-14 0.000000e+00
222 474 1.307482e-03 1.038570e-03 0 0 5 3 1.375545e-13 0.000000e+00
222 475 1.307482e-03 1.307482e-03 0 0 5 3 0.000000e+00 0.000000e+00
222 476 1.307482e-03 1.646023e-03 0 0 5 3 1.658891e-13 0.000000e+00
222 477 1.307482e-03 2.072220e-03 0 0 5 3 1.348653e-13 0.000000e+00
222 478 1.307482e-03 2.608770e-03 0 0 5 3 9.968431e-14 0.000000e+00
222 479 1.307482e-03 3.284247e-03 0 0 5 3 7.009448e-14 0.000000e+00
222 480 1.307482e-03 4.134622e-03 0 0 5 3 4.831014e-14 0.000000e+00
222 481 1.307482e-03 5.205181e-03 0 0 5 3 3.336735e-14 0.000000e+00
222 482 1.307482e-03 6.552935e-03 0 0 5 3 2.344095e-14 0.000000e+00
222 483 1.307482e-03 8.249656e-03 0 0 5 3 1.685437e-14 0.000000e+00
223 473 1.646023e-03 8.249656e-04 0 0 5 3 7.731116e-14 0.000000e+00
223 474 1.646023e-03 1.038570e-03 0 0 5 3 1.163010e-13 0.000000e+00
223 475 1.646023e-03 1.307482e-03 0 0 5 3 1.658891e-13 0.000000e+00
223 476 1.646023e-03 1.646023e-03 0 0 5 3 0.000000e+00 0.000000e+00
223 477 1.646023e-03 2.072220e-03 0 0 5 3 1.941197e-13 0.000000e+00
223 478 1.646023e-03 2.608770e-03 0 0 5 3 1.521337e-13 0.000000e+00
223 479 1.646023e-03 3.284247e-03 0 0 5 3 1.094123e-13 0.000000e+00
223 480 1.646023e-03 4.134622e-03 0 0 5 3 7.604976e-14 0.000000e+00
223 481 1.646023e-03 5.205181e-03 0 0 5 3 5.268331e-14 0.000000e+00
223 482 1.646023e-03 6.552935e-03 0 0 5 3 3.705056e-14 0.000000e+00
223 483 1.646023e-03 8.249656e-03 0 0 5 3 2.665506e-14 0.000000e+00
224 473 2.072220e-03 8.249656e-04 0 0 5 3 5.756135e-14 0.000000e+00
224 474 2.072220e-03 1.038570e-03 0 0 5 3 8.904489e-14 0.000000e+00
224 475 2.072220e-03 1.307482e-03 0 0 5 3 1.348653e-13 0.000000e+00
224 476 2.072220e-03 1.646023e-03 0 0 5 3 1.941197e-13 0.000000e+00
224 477 2.072220e-03 2.072220e-03 0 0 5 3 0.000000e+00 0.000000e+00
224 478 2.072220e-03 2.608770e-03 0 0 5 3 2.214391e-13 0.000000e+00
224 479 2.072220e-03 3.284247e-03 0 0 5 3 1.682265e-13 0.000000e+00
224 480 2.072220e-03 4.134622e-03 0 0 5 3 1.190710e-13 0.000000e+00
224 481 2.072220e-03 5.205181e-03 0 0 5 3 8.297096e-14 0.000000e+00
224 482 2.072220e-03 6.552935e-03 0 0 5 3 5.846519e-14 0.000000e+00
224 483 2.072220e-03 8.249656e-03 0 0 5 3 4.210121e-14 0.000000e+00
225 473 2.608770e-03 8.249656e-04 0 0 5 3 4.091300e-14 0.000000e+00
225 474 2.608770e-03 1.038570e-03 0 0 5 3 6.413676e-14 0.000000e+00
225 475 2.608770e-03 1.307482e-03 0 0 5 3 9.968431e-14 0.000000e+00
225 476 2.608770e-03 1.646023e-03 0 0 5 3 1.521337e-13 0.000000e+00
225 477 2.608770e-03 2.072220e-03 0 0 5 3 2.214391e-13 0.000000e+00
225 478 2.608770e-03 2.608770e-03 0 0 5 3 0.000000e+00 0.000000e+00
225 479 2.608770e-03 3.284247e-03 0 0 5 3 2.478746e-13 0.000000e+00
225 480 2.608770e-03 4.134622e-03 0 0 5 3 1.841689e-13 0.000000e+00
225 481 2.608770e-03 5.205181e-03 0 0 5 3 1.300607e-13 0.000000e+00
225 482 2.608770e-03 6.552935e-03 0 0 5 3 9.200492e-14 0.000000e+00
225 483 2.608770e-03 8.249656e-03 0 0 5 3 6.636228e-14 0.000000e+00
226 473 3.284247e-03 8.249656e-04 0 0 5 3 2.827980e-14 0.000000e+00
226 474 3.284247e-03 1.038570e-03 0 0 5 3 4.460082e-14 0.000000e+00
226 475 3.284247e-03 1.307482e-03 0 0 5 3 7.009448e-14 0.000000e+00
226 476 3.284247e-03 1.646023e-03 0 0 5 3 1.094123e-13 0.000000e+00
226 477 3.284247e-03 2.072220e-03 0 0 5 3 1.682265e-13 0.000000e+00
226 478 3.284247e-03 2.608770e-03 0 0 5 3 2.478746e-13 0.000000e+00
226 479 3.284247e-03 3.284247e-03 0 0 5 3 0.000000e+00 0.000000e+00
226 480 3.284247e-03 4.134622e-03 0 0 5 3 2.745095e-13 0.000000e+00
226 481 3.284247e-03 5.205181e-03 0 0 5 3 2.018203e-13 0.000000e+00
226 482 3.284247e-03 6.552935e-03 0 0 5 3 1.440985e-13 0.000000e+00
226 483 3.284247e-03 8.249656e-03 0 0 5 3 1.042571e-13 0.000000e+00
227 473 4.134622e-03 8.249656e-04 0 0 5 3 1.935555e-14 0.000000e+00
227 474 4.134622e-03 1.038570e-03 0 0 5 3 3.060295e-14 0.000000e+00
227 475 4.134622e-03 1.307482e-03 0 0 5 3 4.831014e-14 0.000000e+00
227 476 4.134622e-03 1.646023e-03 0 0 5 3 7.604976e-14 0.000000e+00
227 477 4.134622e-03 2.072220e-03 0 0 5 3 1.190710e-13 0.000000e+00
227 478 4.134622e-03 2.608770e-03 0 0 5 3 1.841689e-13 0.000000e+00
227 479 4.134622e-03 3.284247e-03 0 0 5 3 2.745095e-13 0.000000e+00
227 480 4.134622e-03 4.134622e-03 0 0 5 3 0.000000e+00 0.000000e+00
227 481 4.134622e-03 5.205181e-03 0 0 5 3 3.034699e-13 0.000000e+00
227 482 4.134622e-03 6.552935e-03 0 0 5 3 2.235877e-13 0.000000e+00
227 483 4.134622e-03 8.249656e-03 0 0 5 3 1.628870e-13 0.000000e+00
228 473 5.205181e-03 8.249656e-04 0 0 5 3 1.333400e-14 0.000000e+00
228 474 5.205181e-03 1.038570e-03 0 0 5 3 2.110246e-14 0.000000e+00
228 475 5.205181e-03 1.307482e-03 0 0 5 3 3.336735e-14 0.000000e+00
228 476 5.205181e-03 1.646023e-03 0 0 5 3 5.268331e-14 0.000000e+00
228 477 5.205181e-03 2.072220e-03 0 0 5 3 8.297096e-14 0.000000e+00
228 478 5.205181e-03 2.608770e-03 0 0 5 3 1.300607e-13 0.000000e+00
228 479 5.205181e-03 3.284247e-03 0 0 5 3 2.018203e-13 0.000000e+00
228 480 5.205181e-03 4.134622e-03 0 0 5 3 3.034699e-13 0.000000e+00
228 481 5.205181e-03 5.205181e-03 0 0 5 3 0.000000e+00 0.000000e+00
228 482 5.205181e-03 6.552935e-03 0 0 5 3 3.376587e-13 0.000000e+00
228 483 5.205181e-03 8.249656e-03 0 0 5 3 2.519735e-13 0.000000e+00
229 473 6.552935e-03 8.249656e-04 0 0 5 3 9.357880e-15 0.000000e+00
229 474 6.552935e-03 1.038570e-03 0 0 5 3 1.481540e-14 0.000000e+00
229 475 6.552935e-03 1.307482e-03 0 0 5 3 2.344095e-14 0.000000e+00
229 476 6.552935e-03 1.646023e-03 0 0 5 3 3.705056e-14 0.000000e+00
229 477 6.552935e-03 2.072220e-03 0 0 5 3 5.846519e-14 0.000000e+00
229 478 6.552935e-03 2.608770e-03 0 0 5 3 9.200492e-14 0.000000e+00
229 479 6.552935e-03 3.284247e-03 0 0 5 3 1.440985e-13 0.000000e+00
229 480 6.552935e-03 4.134622e-03 0 0 5 3 2.235877e-13 0.000000e+00
229 481 6.552935e-03 5.205181e-03 0 0 5 3 3.376587e-13 0.000000e+00
229 482 6.552935e-03 6.552935e-03 0 0 5 3 0.000000e+00 0.000000e+00
229 483 6.552935e-03 8.249656e-03 0 0 5 3 3.802594e-13 0.000000e+00
230 473 8.249656e-03 8.249656e-04 0 0 5 3 6.724635e-15 0.000000e+00
230 474 8.249656e-03 1.038570e-03 0 0 5 3 1.064875e-14 0.000000e+00
230 475 8.249656e-03 1.307482e-03 0 0 5 3 1.685437e-14 0.000000e+00
230 476 8.249656e-03 1.646023e-03 0 0 5 3 2.665506e-14 0.000000e+00
230 477 8.249656e-03 2.072220e-03 0 0 5 3 4.210121e-14 0.000000e+00
230 478 8.249656e-03 2.608770e-03 0 0 5 3 6.636228e-14 0.000000e+00
230 479 8.249656e-03 3.284247e-03 0 0 5 3 1.042571e-13 0.000000e+00
230 480 8.249656e-03 4.134622e-03 0 0 5 3 1.628870e-13 0.000000e+00
230 481 8.249656e-03 5.205181e-03 0 0 5 3 2.519735e-13 0.000000e+00
230 482 8.249656e-03 6.552935e-03 0 0 5 3 3.802594e-13 0.000000e+00
230 483 8.249656e-03 8.249656e-03 0 0 5 3 0.000000e+00 0.000000e+00
