# Please cite the following papers in research using this covariance:
# arXiv: 1601.05779, https://arxiv.org/abs/1601.05779
# arXiv: 1911.11947, https://arxiv.org/abs/1911.11947
# arXiv: 2004.04833, https://arxiv.org/abs/2004.04833
# arXiv: 1804.10663, https://arxiv.org/abs/1804.10663
########################################################
363 363 8.249656e-04 8.249656e-04 3 1 3 1 2.047573e-09 0.000000e+00
363 364 8.249656e-04 1.038570e-03 3 1 3 1 5.603558e-11 0.000000e+00
363 365 8.249656e-04 1.307482e-03 3 1 3 1 2.387319e-11 0.000000e+00
363 366 8.249656e-04 1.646023e-03 3 1 3 1 1.105717e-11 0.000000e+00
363 367 8.249656e-04 2.072220e-03 3 1 3 1 5.584293e-12 0.000000e+00
363 368 8.249656e-04 2.608770e-03 3 1 3 1 3.028693e-12 0.000000e+00
363 369 8.249656e-04 3.284247e-03 3 1 3 1 1.731354e-12 0.000000e+00
363 370 8.249656e-04 4.134622e-03 3 1 3 1 1.022795e-12 0.000000e+00
363 371 8.249656e-04 5.205181e-03 3 1 3 1 6.136104e-13 0.000000e+00
363 372 8.249656e-04 6.552935e-03 3 1 3 1 3.692094e-13 0.000000e+00
363 373 8.249656e-04 8.249656e-03 3 1 3 1 2.202109e-13 0.000000e+00
364 363 1.038570e-03 8.249656e-04 3 1 3 1 5.603558e-11 0.000000e+00
364 364 1.038570e-03 1.038570e-03 3 1 3 1 1.298706e-09 0.000000e+00
364 365 1.038570e-03 1.307482e-03 3 1 3 1 4.610336e-11 0.000000e+00
364 366 1.038570e-03 1.646023e-03 3 1 3 1 1.929507e-11 0.000000e+00
364 367 1.038570e-03 2.072220e-03 3 1 3 1 9.235455e-12 0.000000e+00
364 368 1.038570e-03 2.608770e-03 3 1 3 1 4.885759e-12 0.000000e+00
364 369 1.038570e-03 3.284247e-03 3 1 3 1 2.763134e-12 0.000000e+00
364 370 1.038570e-03 4.134622e-03 3 1 3 1 1.625150e-12 0.000000e+00
364 371 1.038570e-03 5.205181e-03 3 1 3 1 9.736548e-13 0.000000e+00
364 372 1.038570e-03 6.552935e-03 3 1 3 1 5.854193e-13 0.000000e+00
364 373 1.038570e-03 8.249656e-03 3 1 3 1 3.492411e-13 0.000000e+00
365 363 1.307482e-03 8.249656e-04 3 1 3 1 2.387319e-11 0.000000e+00
365 364 1.307482e-03 1.038570e-03 3 1 3 1 4.610336e-11 0.000000e+00
365 365 1.307482e-03 1.307482e-03 3 1 3 1 8.230716e-10 0.000000e+00
365 366 1.307482e-03 1.646023e-03 3 1 3 1 3.783145e-11 0.000000e+00
365 367 1.307482e-03 2.072220e-03 3 1 3 1 1.594931e-11 0.000000e+00
365 368 1.307482e-03 2.608770e-03 3 1 3 1 8.003821e-12 0.000000e+00
365 369 1.307482e-03 3.284247e-03 3 1 3 1 4.433577e-12 0.000000e+00
365 370 1.307482e-03 4.134622e-03 3 1 3 1 2.587687e-12 0.000000e+00
365 371 1.307482e-03 5.205181e-03 3 1 3 1 1.546251e-12 0.000000e+00
365 372 1.307482e-03 6.552935e-03 3 1 3 1 9.287602e-13 0.000000e+00
365 373 1.307482e-03 8.249656e-03 3 1 3 1 5.538412e-13 0.000000e+00
366 363 1.646023e-03 8.249656e-04 3 1 3 1 1.105717e-11 0.000000e+00
366 364 1.646023e-03 1.038570e-03 3 1 3 1 1.929507e-11 0.000000e+00
366 365 1.646023e-03 1.307482e-03 3 1 3 1 3.783145e-11 0.000000e+00
366 366 1.646023e-03 1.646023e-03 3 1 3 1 5.219844e-10 0.000000e+00
366 367 1.646023e-03 2.072220e-03 3 1 3 1 3.126112e-11 0.000000e+00
366 368 1.646023e-03 2.608770e-03 3 1 3 1 1.360842e-11 0.000000e+00
366 369 1.646023e-03 3.284247e-03 3 1 3 1 7.195140e-12 0.000000e+00
366 370 1.646023e-03 4.134622e-03 3 1 3 1 4.135438e-12 0.000000e+00
366 371 1.646023e-03 5.205181e-03 3 1 3 1 2.458629e-12 0.000000e+00
366 372 1.646023e-03 6.552935e-03 3 1 3 1 1.474353e-12 0.000000e+00
366 373 1.646023e-03 8.249656e-03 3 1 3 1 8.788530e-13 0.000000e+00
367 363 2.072220e-03 8.249656e-04 3 1 3 1 5.584293e-12 0.000000e+00
367 364 2.072220e-03 1.038570e-03 3 1 3 1 9.235455e-12 0.000000e+00
367 365 2.072220e-03 1.307482e-03 3 1 3 1 1.594931e-11 0.000000e+00
367 366 2.072220e-03 1.646023e-03 3 1 3 1 3.126112e-11 0.000000e+00
367 367 2.072220e-03 2.072220e-03 3 1 3 1 3.309547e-10 0.000000e+00
367 368 2.072220e-03 2.608770e-03 3 1 3 1 2.625465e-11 0.000000e+00
367 369 2.072220e-03 3.284247e-03 3 1 3 1 1.202343e-11 0.000000e+00
367 370 2.072220e-03 4.134622e-03 3 1 3 1 6.660966e-12 0.000000e+00
367 371 2.072220e-03 5.205181e-03 3 1 3 1 3.919243e-12 0.000000e+00
367 372 2.072220e-03 6.552935e-03 3 1 3 1 2.343014e-12 0.000000e+00
367 373 2.072220e-03 8.249656e-03 3 1 3 1 1.395379e-12 0.000000e+00
368 363 2.608770e-03 8.249656e-04 3 1 3 1 3.028693e-12 0.000000e+00
368 364 2.608770e-03 1.038570e-03 3 1 3 1 4.885759e-12 0.000000e+00
368 365 2.608770e-03 1.307482e-03 3 1 3 1 8.003821e-12 0.000000e+00
368 366 2.608770e-03 1.646023e-03 3 1 3 1 1.360842e-11 0.000000e+00
368 367 2.608770e-03 2.072220e-03 3 1 3 1 2.625465e-11 0.000000e+00
368 368 2.608770e-03 2.608770e-03 3 1 3 1 2.097033e-10 0.000000e+00
368 369 2.608770e-03 3.284247e-03 3 1 3 1 2.256382e-11 0.000000e+00
368 370 2.608770e-03 4.134622e-03 3 1 3 1 1.095946e-11 0.000000e+00
368 371 2.608770e-03 5.205181e-03 3 1 3 1 6.281115e-12 0.000000e+00
368 372 2.608770e-03 6.552935e-03 3 1 3 1 3.730696e-12 0.000000e+00
368 373 2.608770e-03 8.249656e-03 3 1 3 1 2.218106e-12 0.000000e+00
369 363 3.284247e-03 8.249656e-04 3 1 3 1 1.731354e-12 0.000000e+00
369 364 3.284247e-03 1.038570e-03 3 1 3 1 2.763134e-12 0.000000e+00
369 365 3.284247e-03 1.307482e-03 3 1 3 1 4.433577e-12 0.000000e+00
369 366 3.284247e-03 1.646023e-03 3 1 3 1 7.195140e-12 0.000000e+00
369 367 3.284247e-03 2.072220e-03 3 1 3 1 1.202343e-11 0.000000e+00
369 368 3.284247e-03 2.608770e-03 3 1 3 1 2.256382e-11 0.000000e+00
369 369 3.284247e-03 3.284247e-03 3 1 3 1 1.327998e-10 0.000000e+00
369 370 3.284247e-03 4.134622e-03 3 1 3 1 1.989710e-11 0.000000e+00
369 371 3.284247e-03 5.205181e-03 3 1 3 1 1.021588e-11 0.000000e+00
369 372 3.284247e-03 6.552935e-03 3 1 3 1 5.963894e-12 0.000000e+00
369 373 3.284247e-03 8.249656e-03 3 1 3 1 3.532659e-12 0.000000e+00
370 363 4.134622e-03 8.249656e-04 3 1 3 1 1.022795e-12 0.000000e+00
370 364 4.134622e-03 1.038570e-03 3 1 3 1 1.625150e-12 0.000000e+00
370 365 4.134622e-03 1.307482e-03 3 1 3 1 2.587687e-12 0.000000e+00
370 366 4.134622e-03 1.646023e-03 3 1 3 1 4.135438e-12 0.000000e+00
370 367 4.134622e-03 2.072220e-03 3 1 3 1 6.660966e-12 0.000000e+00
370 368 4.134622e-03 2.608770e-03 3 1 3 1 1.095946e-11 0.000000e+00
370 369 4.134622e-03 3.284247e-03 3 1 3 1 1.989710e-11 0.000000e+00
370 370 4.134622e-03 4.134622e-03 3 1 3 1 8.416337e-11 0.000000e+00
370 371 4.134622e-03 5.205181e-03 3 1 3 1 1.796447e-11 0.000000e+00
370 372 4.134622e-03 6.552935e-03 3 1 3 1 9.633436e-12 0.000000e+00
370 373 4.134622e-03 8.249656e-03 3 1 3 1 5.646059e-12 0.000000e+00
371 363 5.205181e-03 8.249656e-04 3 1 3 1 6.136104e-13 0.000000e+00
371 364 5.205181e-03 1.038570e-03 3 1 3 1 9.736548e-13 0.000000e+00
371 365 5.205181e-03 1.307482e-03 3 1 3 1 1.546251e-12 0.000000e+00
371 366 5.205181e-03 1.646023e-03 3 1 3 1 2.458629e-12 0.000000e+00
371 367 5.205181e-03 2.072220e-03 3 1 3 1 3.919243e-12 0.000000e+00
371 368 5.205181e-03 2.608770e-03 3 1 3 1 6.281115e-12 0.000000e+00
371 369 5.205181e-03 3.284247e-03 3 1 3 1 1.021588e-11 0.000000e+00
371 370 5.205181e-03 4.134622e-03 3 1 3 1 1.796447e-11 0.000000e+00
371 371 5.205181e-03 5.205181e-03 3 1 3 1 5.333514e-11 0.000000e+00
371 372 5.205181e-03 6.552935e-03 3 1 3 1 1.650818e-11 0.000000e+00
371 373 5.205181e-03 8.249656e-03 3 1 3 1 9.097169e-12 0.000000e+00
372 363 6.552935e-03 8.249656e-04 3 1 3 1 3.692094e-13 0.000000e+00
372 364 6.552935e-03 1.038570e-03 3 1 3 1 5.854193e-13 0.000000e+00
372 365 6.552935e-03 1.307482e-03 3 1 3 1 9.287602e-13 0.000000e+00
372 366 6.552935e-03 1.646023e-03 3 1 3 1 1.474353e-12 0.000000e+00
372 367 6.552935e-03 2.072220e-03 3 1 3 1 2.343014e-12 0.000000e+00
372 368 6.552935e-03 2.608770e-03 3 1 3 1 3.730696e-12 0.000000e+00
372 369 6.552935e-03 3.284247e-03 3 1 3 1 5.963894e-12 0.000000e+00
372 370 6.552935e-03 4.134622e-03 3 1 3 1 9.633436e-12 0.000000e+00
372 371 6.552935e-03 5.205181e-03 3 1 3 1 1.650818e-11 0.000000e+00
372 372 6.552935e-03 6.552935e-03 3 1 3 1 3.378829e-11 0.000000e+00
372 373 6.552935e-03 8.249656e-03 3 1 3 1 1.531895e-11 0.000000e+00
373 363 8.249656e-03 8.249656e-04 3 1 3 1 2.202109e-13 0.000000e+00
373 364 8.249656e-03 1.038570e-03 3 1 3 1 3.492411e-13 0.000000e+00
373 365 8.249656e-03 1.307482e-03 3 1 3 1 5.538412e-13 0.000000e+00
373 366 8.249656e-03 1.646023e-03 3 1 3 1 8.788530e-13 0.000000e+00
373 367 8.249656e-03 2.072220e-03 3 1 3 1 1.395379e-12 0.000000e+00
373 368 8.249656e-03 2.608770e-03 3 1 3 1 2.218106e-12 0.000000e+00
373 369 8.249656e-03 3.284247e-03 3 1 3 1 3.532659e-12 0.000000e+00
373 370 8.249656e-03 4.134622e-03 3 1 3 1 5.646059e-12 0.000000e+00
373 371 8.249656e-03 5.205181e-03 3 1 3 1 9.097169e-12 0.000000e+00
373 372 8.249656e-03 6.552935e-03 3 1 3 1 1.531895e-11 0.000000e+00
373 373 8.249656e-03 8.249656e-03 3 1 3 1 2.141679e-11 0.000000e+00
