# Please cite the following papers in research using this covariance:
# arXiv: 1601.05779, https://arxiv.org/abs/1601.05779
# arXiv: 1911.11947, https://arxiv.org/abs/1911.11947
# arXiv: 2004.04833, https://arxiv.org/abs/2004.04833
# arXiv: 1804.10663, https://arxiv.org/abs/1804.10663
########################################################
440 462 8.249656e-04 8.249656e-04 5 0 5 2 0.000000e+00 0.000000e+00
440 463 8.249656e-04 1.038570e-03 5 0 5 2 2.933711e-12 0.000000e+00
440 464 8.249656e-04 1.307482e-03 5 0 5 2 1.707044e-12 0.000000e+00
440 465 8.249656e-04 1.646023e-03 5 0 5 2 9.670685e-13 0.000000e+00
440 466 8.249656e-04 2.072220e-03 5 0 5 2 5.445668e-13 0.000000e+00
440 467 8.249656e-04 2.608770e-03 5 0 5 2 3.096752e-13 0.000000e+00
440 468 8.249656e-04 3.284247e-03 5 0 5 2 1.806631e-13 0.000000e+00
440 469 8.249656e-04 4.134622e-03 5 0 5 2 1.095254e-13 0.000000e+00
440 470 8.249656e-04 5.205181e-03 5 0 5 2 6.934268e-14 0.000000e+00
440 471 8.249656e-04 6.552935e-03 5 0 5 2 4.565995e-14 0.000000e+00
440 472 8.249656e-04 8.249656e-03 5 0 5 2 3.090617e-14 0.000000e+00
441 462 1.038570e-03 8.249656e-04 5 0 5 2 2.933711e-12 0.000000e+00
441 463 1.038570e-03 1.038570e-03 5 0 5 2 0.000000e+00 0.000000e+00
441 464 1.038570e-03 1.307482e-03 5 0 5 2 2.778055e-12 0.000000e+00
441 465 1.038570e-03 1.646023e-03 5 0 5 2 1.573823e-12 0.000000e+00
441 466 1.038570e-03 2.072220e-03 5 0 5 2 8.796652e-13 0.000000e+00
441 467 1.038570e-03 2.608770e-03 5 0 5 2 4.965911e-13 0.000000e+00
441 468 1.038570e-03 3.284247e-03 5 0 5 2 2.880802e-13 0.000000e+00
441 469 1.038570e-03 4.134622e-03 5 0 5 2 1.740066e-13 0.000000e+00
441 470 1.038570e-03 5.205181e-03 5 0 5 2 1.099556e-13 0.000000e+00
441 471 1.038570e-03 6.552935e-03 5 0 5 2 7.233951e-14 0.000000e+00
441 472 1.038570e-03 8.249656e-03 5 0 5 2 4.895667e-14 0.000000e+00
442 462 1.307482e-03 8.249656e-04 5 0 5 2 1.707044e-12 0.000000e+00
442 463 1.307482e-03 1.038570e-03 5 0 5 2 2.778055e-12 0.000000e+00
442 464 1.307482e-03 1.307482e-03 5 0 5 2 0.000000e+00 0.000000e+00
442 465 1.307482e-03 1.646023e-03 5 0 5 2 2.597415e-12 0.000000e+00
442 466 1.307482e-03 2.072220e-03 5 0 5 2 1.439695e-12 0.000000e+00
442 467 1.307482e-03 2.608770e-03 5 0 5 2 8.028574e-13 0.000000e+00
442 468 1.307482e-03 3.284247e-03 5 0 5 2 4.613099e-13 0.000000e+00
442 469 1.307482e-03 4.134622e-03 5 0 5 2 2.769179e-13 0.000000e+00
442 470 1.307482e-03 5.205181e-03 5 0 5 2 1.744140e-13 0.000000e+00
442 471 1.307482e-03 6.552935e-03 5 0 5 2 1.145958e-13 0.000000e+00
442 472 1.307482e-03 8.249656e-03 5 0 5 2 7.753343e-14 0.000000e+00
443 462 1.646023e-03 8.249656e-04 5 0 5 2 9.670685e-13 0.000000e+00
443 463 1.646023e-03 1.038570e-03 5 0 5 2 1.573823e-12 0.000000e+00
443 464 1.646023e-03 1.307482e-03 5 0 5 2 2.597415e-12 0.000000e+00
443 465 1.646023e-03 1.646023e-03 5 0 5 2 0.000000e+00 0.000000e+00
443 466 1.646023e-03 2.072220e-03 5 0 5 2 2.407650e-12 0.000000e+00
443 467 1.646023e-03 2.608770e-03 5 0 5 2 1.317863e-12 0.000000e+00
443 468 1.646023e-03 3.284247e-03 5 0 5 2 7.445012e-13 0.000000e+00
443 469 1.646023e-03 4.134622e-03 5 0 5 2 4.420768e-13 0.000000e+00
443 470 1.646023e-03 5.205181e-03 5 0 5 2 2.768616e-13 0.000000e+00
443 471 1.646023e-03 6.552935e-03 5 0 5 2 1.814869e-13 0.000000e+00
443 472 1.646023e-03 8.249656e-03 5 0 5 2 1.227259e-13 0.000000e+00
444 462 2.072220e-03 8.249656e-04 5 0 5 2 5.445668e-13 0.000000e+00
444 463 2.072220e-03 1.038570e-03 5 0 5 2 8.796652e-13 0.000000e+00
444 464 2.072220e-03 1.307482e-03 5 0 5 2 1.439695e-12 0.000000e+00
444 465 2.072220e-03 1.646023e-03 5 0 5 2 2.407650e-12 0.000000e+00
444 466 2.072220e-03 2.072220e-03 5 0 5 2 0.000000e+00 0.000000e+00
444 467 2.072220e-03 2.608770e-03 5 0 5 2 2.226467e-12 0.000000e+00
444 468 2.072220e-03 3.284247e-03 5 0 5 2 1.220556e-12 0.000000e+00
444 469 2.072220e-03 4.134622e-03 5 0 5 2 7.101827e-13 0.000000e+00
444 470 2.072220e-03 5.205181e-03 5 0 5 2 4.401749e-13 0.000000e+00
444 471 2.072220e-03 6.552935e-03 5 0 5 2 2.873564e-13 0.000000e+00
444 472 2.072220e-03 8.249656e-03 5 0 5 2 1.941304e-13 0.000000e+00
445 462 2.608770e-03 8.249656e-04 5 0 5 2 3.096752e-13 0.000000e+00
445 463 2.608770e-03 1.038570e-03 5 0 5 2 4.965911e-13 0.000000e+00
445 464 2.608770e-03 1.307482e-03 5 0 5 2 8.028574e-13 0.000000e+00
445 465 2.608770e-03 1.646023e-03 5 0 5 2 1.317863e-12 0.000000e+00
445 466 2.608770e-03 2.072220e-03 5 0 5 2 2.226467e-12 0.000000e+00
445 467 2.608770e-03 2.608770e-03 5 0 5 2 0.000000e+00 0.000000e+00
445 468 2.608770e-03 3.284247e-03 5 0 5 2 2.071078e-12 0.000000e+00
445 469 2.608770e-03 4.134622e-03 5 0 5 2 1.157102e-12 0.000000e+00
445 470 2.608770e-03 5.205181e-03 5 0 5 2 7.024752e-13 0.000000e+00
445 471 2.608770e-03 6.552935e-03 5 0 5 2 4.549450e-13 0.000000e+00
445 472 2.608770e-03 8.249656e-03 5 0 5 2 3.067448e-13 0.000000e+00
446 462 3.284247e-03 8.249656e-04 5 0 5 2 1.806631e-13 0.000000e+00
446 463 3.284247e-03 1.038570e-03 5 0 5 2 2.880802e-13 0.000000e+00
446 464 3.284247e-03 1.307482e-03 5 0 5 2 4.613099e-13 0.000000e+00
446 465 3.284247e-03 1.646023e-03 5 0 5 2 7.445012e-13 0.000000e+00
446 466 3.284247e-03 2.072220e-03 5 0 5 2 1.220556e-12 0.000000e+00
446 467 3.284247e-03 2.608770e-03 5 0 5 2 2.071078e-12 0.000000e+00
446 468 3.284247e-03 3.284247e-03 5 0 5 2 0.000000e+00 0.000000e+00
446 469 3.284247e-03 4.134622e-03 5 0 5 2 1.955885e-12 0.000000e+00
446 470 3.284247e-03 5.205181e-03 5 0 5 2 1.132789e-12 0.000000e+00
446 471 3.284247e-03 6.552935e-03 5 0 5 2 7.209038e-13 0.000000e+00
446 472 3.284247e-03 8.249656e-03 5 0 5 2 4.839504e-13 0.000000e+00
447 462 4.134622e-03 8.249656e-04 5 0 5 2 1.095254e-13 0.000000e+00
447 463 4.134622e-03 1.038570e-03 5 0 5 2 1.740066e-13 0.000000e+00
447 464 4.134622e-03 1.307482e-03 5 0 5 2 2.769179e-13 0.000000e+00
447 465 4.134622e-03 1.646023e-03 5 0 5 2 4.420768e-13 0.000000e+00
447 466 4.134622e-03 2.072220e-03 5 0 5 2 7.101827e-13 0.000000e+00
447 467 4.134622e-03 2.608770e-03 5 0 5 2 1.157102e-12 0.000000e+00
447 468 4.134622e-03 3.284247e-03 5 0 5 2 1.955885e-12 0.000000e+00
447 469 4.134622e-03 4.134622e-03 5 0 5 2 0.000000e+00 0.000000e+00
447 470 4.134622e-03 5.205181e-03 5 0 5 2 1.890819e-12 0.000000e+00
447 471 4.134622e-03 6.552935e-03 5 0 5 2 1.148361e-12 0.000000e+00
447 472 4.134622e-03 8.249656e-03 5 0 5 2 7.621556e-13 0.000000e+00
448 462 5.205181e-03 8.249656e-04 5 0 5 2 6.934268e-14 0.000000e+00
448 463 5.205181e-03 1.038570e-03 5 0 5 2 1.099556e-13 0.000000e+00
448 464 5.205181e-03 1.307482e-03 5 0 5 2 1.744140e-13 0.000000e+00
448 465 5.205181e-03 1.646023e-03 5 0 5 2 2.768616e-13 0.000000e+00
448 466 5.205181e-03 2.072220e-03 5 0 5 2 4.401749e-13 0.000000e+00
448 467 5.205181e-03 2.608770e-03 5 0 5 2 7.024752e-13 0.000000e+00
448 468 5.205181e-03 3.284247e-03 5 0 5 2 1.132789e-12 0.000000e+00
448 469 5.205181e-03 4.134622e-03 5 0 5 2 1.890819e-12 0.000000e+00
448 470 5.205181e-03 5.205181e-03 5 0 5 2 0.000000e+00 0.000000e+00
448 471 5.205181e-03 6.552935e-03 5 0 5 2 1.880173e-12 0.000000e+00
448 472 5.205181e-03 8.249656e-03 5 0 5 2 1.200141e-12 0.000000e+00
449 462 6.552935e-03 8.249656e-04 5 0 5 2 4.565995e-14 0.000000e+00
449 463 6.552935e-03 1.038570e-03 5 0 5 2 7.233951e-14 0.000000e+00
449 464 6.552935e-03 1.307482e-03 5 0 5 2 1.145958e-13 0.000000e+00
449 465 6.552935e-03 1.646023e-03 5 0 5 2 1.814869e-13 0.000000e+00
449 466 6.552935e-03 2.072220e-03 5 0 5 2 2.873564e-13 0.000000e+00
449 467 6.552935e-03 2.608770e-03 5 0 5 2 4.549450e-13 0.000000e+00
449 468 6.552935e-03 3.284247e-03 5 0 5 2 7.209038e-13 0.000000e+00
449 469 6.552935e-03 4.134622e-03 5 0 5 2 1.148361e-12 0.000000e+00
449 470 6.552935e-03 5.205181e-03 5 0 5 2 1.880173e-12 0.000000e+00
449 471 6.552935e-03 6.552935e-03 5 0 5 2 0.000000e+00 0.000000e+00
449 472 6.552935e-03 8.249656e-03 5 0 5 2 1.922189e-12 0.000000e+00
450 462 8.249656e-03 8.249656e-04 5 0 5 2 3.090617e-14 0.000000e+00
450 463 8.249656e-03 1.038570e-03 5 0 5 2 4.895667e-14 0.000000e+00
450 464 8.249656e-03 1.307482e-03 5 0 5 2 7.753343e-14 0.000000e+00
450 465 8.249656e-03 1.646023e-03 5 0 5 2 1.227259e-13 0.000000e+00
450 466 8.249656e-03 2.072220e-03 5 0 5 2 1.941304e-13 0.000000e+00
450 467 8.249656e-03 2.608770e-03 5 0 5 2 3.067448e-13 0.000000e+00
450 468 8.249656e-03 3.284247e-03 5 0 5 2 4.839504e-13 0.000000e+00
450 469 8.249656e-03 4.134622e-03 5 0 5 2 7.621556e-13 0.000000e+00
450 470 8.249656e-03 5.205181e-03 5 0 5 2 1.200141e-12 0.000000e+00
450 471 8.249656e-03 6.552935e-03 5 0 5 2 1.922189e-12 0.000000e+00
450 472 8.249656e-03 8.249656e-03 5 0 5 2 0.000000e+00 0.000000e+00
