# Please cite the following papers in research using this covariance:
# arXiv: 1601.05779, https://arxiv.org/abs/1601.05779
# arXiv: 1911.11947, https://arxiv.org/abs/1911.11947
# arXiv: 2004.04833, https://arxiv.org/abs/2004.04833
# arXiv: 1804.10663, https://arxiv.org/abs/1804.10663
########################################################
352 385 8.249656e-04 8.249656e-04 3 0 3 3 0.000000e+00 0.000000e+00
352 386 8.249656e-04 1.038570e-03 3 0 3 3 2.920545e-12 0.000000e+00
352 387 8.249656e-04 1.307482e-03 3 0 3 3 1.720759e-12 0.000000e+00
352 388 8.249656e-04 1.646023e-03 3 0 3 3 9.960513e-13 0.000000e+00
352 389 8.249656e-04 2.072220e-03 3 0 3 3 5.771840e-13 0.000000e+00
352 390 8.249656e-04 2.608770e-03 3 0 3 3 3.400773e-13 0.000000e+00
352 391 8.249656e-04 3.284247e-03 3 0 3 3 2.068914e-13 0.000000e+00
352 392 8.249656e-04 4.134622e-03 3 0 3 3 1.314376e-13 0.000000e+00
352 393 8.249656e-04 5.205181e-03 3 0 3 3 8.745548e-14 0.000000e+00
352 394 8.249656e-04 6.552935e-03 3 0 3 3 6.053491e-14 0.000000e+00
352 395 8.249656e-04 8.249656e-03 3 0 3 3 4.302813e-14 0.000000e+00
353 385 1.038570e-03 8.249656e-04 3 0 3 3 2.920545e-12 0.000000e+00
353 386 1.038570e-03 1.038570e-03 3 0 3 3 0.000000e+00 0.000000e+00
353 387 1.038570e-03 1.307482e-03 3 0 3 3 2.790619e-12 0.000000e+00
353 388 1.038570e-03 1.646023e-03 3 0 3 3 1.612944e-12 0.000000e+00
353 389 1.038570e-03 2.072220e-03 3 0 3 3 9.283172e-13 0.000000e+00
353 390 1.038570e-03 2.608770e-03 3 0 3 3 5.435158e-13 0.000000e+00
353 391 1.038570e-03 3.284247e-03 3 0 3 3 3.291080e-13 0.000000e+00
353 392 1.038570e-03 4.134622e-03 3 0 3 3 2.084875e-13 0.000000e+00
353 393 1.038570e-03 5.205181e-03 3 0 3 3 1.385374e-13 0.000000e+00
353 394 1.038570e-03 6.552935e-03 3 0 3 3 9.585098e-14 0.000000e+00
353 395 1.038570e-03 8.249656e-03 3 0 3 3 6.813457e-14 0.000000e+00
354 385 1.307482e-03 8.249656e-04 3 0 3 3 1.720759e-12 0.000000e+00
354 386 1.307482e-03 1.038570e-03 3 0 3 3 2.790619e-12 0.000000e+00
354 387 1.307482e-03 1.307482e-03 3 0 3 3 0.000000e+00 0.000000e+00
354 388 1.307482e-03 1.646023e-03 3 0 3 3 2.643852e-12 0.000000e+00
354 389 1.307482e-03 2.072220e-03 3 0 3 3 1.508623e-12 0.000000e+00
354 390 1.307482e-03 2.608770e-03 3 0 3 3 8.738788e-13 0.000000e+00
354 391 1.307482e-03 3.284247e-03 3 0 3 3 5.249316e-13 0.000000e+00
354 392 1.307482e-03 4.134622e-03 3 0 3 3 3.309345e-13 0.000000e+00
354 393 1.307482e-03 5.205181e-03 3 0 3 3 2.193973e-13 0.000000e+00
354 394 1.307482e-03 6.552935e-03 3 0 3 3 1.516977e-13 0.000000e+00
354 395 1.307482e-03 8.249656e-03 3 0 3 3 1.078423e-13 0.000000e+00
355 385 1.646023e-03 8.249656e-04 3 0 3 3 9.960513e-13 0.000000e+00
355 386 1.646023e-03 1.038570e-03 3 0 3 3 1.612944e-12 0.000000e+00
355 387 1.646023e-03 1.307482e-03 3 0 3 3 2.643852e-12 0.000000e+00
355 388 1.646023e-03 1.646023e-03 3 0 3 3 0.000000e+00 0.000000e+00
355 389 1.646023e-03 2.072220e-03 3 0 3 3 2.495681e-12 0.000000e+00
355 390 1.646023e-03 2.608770e-03 3 0 3 3 1.421187e-12 0.000000e+00
355 391 1.646023e-03 3.284247e-03 3 0 3 3 8.416128e-13 0.000000e+00
355 392 1.646023e-03 4.134622e-03 3 0 3 3 5.260539e-13 0.000000e+00
355 393 1.646023e-03 5.205181e-03 3 0 3 3 3.473545e-13 0.000000e+00
355 394 1.646023e-03 6.552935e-03 3 0 3 3 2.398817e-13 0.000000e+00
355 395 1.646023e-03 8.249656e-03 3 0 3 3 1.705469e-13 0.000000e+00
356 385 2.072220e-03 8.249656e-04 3 0 3 3 5.771840e-13 0.000000e+00
356 386 2.072220e-03 1.038570e-03 3 0 3 3 9.283172e-13 0.000000e+00
356 387 2.072220e-03 1.307482e-03 3 0 3 3 1.508623e-12 0.000000e+00
356 388 2.072220e-03 1.646023e-03 3 0 3 3 2.495681e-12 0.000000e+00
356 389 2.072220e-03 2.072220e-03 3 0 3 3 0.000000e+00 0.000000e+00
356 390 2.072220e-03 2.608770e-03 3 0 3 3 2.364179e-12 0.000000e+00
356 391 2.072220e-03 3.284247e-03 3 0 3 3 1.364154e-12 0.000000e+00
356 392 2.072220e-03 4.134622e-03 3 0 3 3 8.389704e-13 0.000000e+00
356 393 2.072220e-03 5.205181e-03 3 0 3 3 5.498513e-13 0.000000e+00
356 394 2.072220e-03 6.552935e-03 3 0 3 3 3.788691e-13 0.000000e+00
356 395 2.072220e-03 8.249656e-03 3 0 3 3 2.693798e-13 0.000000e+00
357 385 2.608770e-03 8.249656e-04 3 0 3 3 3.400773e-13 0.000000e+00
357 386 2.608770e-03 1.038570e-03 3 0 3 3 5.435158e-13 0.000000e+00
357 387 2.608770e-03 1.307482e-03 3 0 3 3 8.738788e-13 0.000000e+00
357 388 2.608770e-03 1.646023e-03 3 0 3 3 1.421187e-12 0.000000e+00
357 389 2.608770e-03 2.072220e-03 3 0 3 3 2.364179e-12 0.000000e+00
357 390 2.608770e-03 2.608770e-03 3 0 3 3 0.000000e+00 0.000000e+00
357 391 2.608770e-03 3.284247e-03 3 0 3 3 2.268176e-12 0.000000e+00
357 392 2.608770e-03 4.134622e-03 3 0 3 3 1.349377e-12 0.000000e+00
357 393 2.608770e-03 5.205181e-03 3 0 3 3 8.709820e-13 0.000000e+00
357 394 2.608770e-03 6.552935e-03 3 0 3 3 5.973342e-13 0.000000e+00
357 395 2.608770e-03 8.249656e-03 3 0 3 3 4.246412e-13 0.000000e+00
358 385 3.284247e-03 8.249656e-04 3 0 3 3 2.068914e-13 0.000000e+00
358 386 3.284247e-03 1.038570e-03 3 0 3 3 3.291080e-13 0.000000e+00
358 387 3.284247e-03 1.307482e-03 3 0 3 3 5.249316e-13 0.000000e+00
358 388 3.284247e-03 1.646023e-03 3 0 3 3 8.416128e-13 0.000000e+00
358 389 3.284247e-03 2.072220e-03 3 0 3 3 1.364154e-12 0.000000e+00
358 390 3.284247e-03 2.608770e-03 3 0 3 3 2.268176e-12 0.000000e+00
358 391 3.284247e-03 3.284247e-03 3 0 3 3 0.000000e+00 0.000000e+00
358 392 3.284247e-03 4.134622e-03 3 0 3 3 2.225138e-12 0.000000e+00
358 393 3.284247e-03 5.205181e-03 3 0 3 3 1.385538e-12 0.000000e+00
358 394 3.284247e-03 6.552935e-03 3 0 3 3 9.397392e-13 0.000000e+00
358 395 3.284247e-03 8.249656e-03 3 0 3 3 6.673344e-13 0.000000e+00
359 385 4.134622e-03 8.249656e-04 3 0 3 3 1.314376e-13 0.000000e+00
359 386 4.134622e-03 1.038570e-03 3 0 3 3 2.084875e-13 0.000000e+00
359 387 4.134622e-03 1.307482e-03 3 0 3 3 3.309345e-13 0.000000e+00
359 388 4.134622e-03 1.646023e-03 3 0 3 3 5.260539e-13 0.000000e+00
359 389 4.134622e-03 2.072220e-03 3 0 3 3 8.389704e-13 0.000000e+00
359 390 4.134622e-03 2.608770e-03 3 0 3 3 1.349377e-12 0.000000e+00
359 391 4.134622e-03 3.284247e-03 3 0 3 3 2.225138e-12 0.000000e+00
359 392 4.134622e-03 4.134622e-03 3 0 3 3 0.000000e+00 0.000000e+00
359 393 4.134622e-03 5.205181e-03 3 0 3 3 2.249187e-12 0.000000e+00
359 394 4.134622e-03 6.552935e-03 3 0 3 3 1.477090e-12 0.000000e+00
359 395 4.134622e-03 8.249656e-03 3 0 3 3 1.043888e-12 0.000000e+00
360 385 5.205181e-03 8.249656e-04 3 0 3 3 8.745548e-14 0.000000e+00
360 386 5.205181e-03 1.038570e-03 3 0 3 3 1.385374e-13 0.000000e+00
360 387 5.205181e-03 1.307482e-03 3 0 3 3 2.193973e-13 0.000000e+00
360 388 5.205181e-03 1.646023e-03 3 0 3 3 3.473545e-13 0.000000e+00
360 389 5.205181e-03 2.072220e-03 3 0 3 3 5.498513e-13 0.000000e+00
360 390 5.205181e-03 2.608770e-03 3 0 3 3 8.709820e-13 0.000000e+00
360 391 5.205181e-03 3.284247e-03 3 0 3 3 1.385538e-12 0.000000e+00
360 392 5.205181e-03 4.134622e-03 3 0 3 3 2.249187e-12 0.000000e+00
360 393 5.205181e-03 5.205181e-03 3 0 3 3 0.000000e+00 0.000000e+00
360 394 5.205181e-03 6.552935e-03 3 0 3 3 2.349273e-12 0.000000e+00
360 395 5.205181e-03 8.249656e-03 3 0 3 3 1.623279e-12 0.000000e+00
361 385 6.552935e-03 8.249656e-04 3 0 3 3 6.053491e-14 0.000000e+00
361 386 6.552935e-03 1.038570e-03 3 0 3 3 9.585098e-14 0.000000e+00
361 387 6.552935e-03 1.307482e-03 3 0 3 3 1.516977e-13 0.000000e+00
361 388 6.552935e-03 1.646023e-03 3 0 3 3 2.398817e-13 0.000000e+00
361 389 6.552935e-03 2.072220e-03 3 0 3 3 3.788691e-13 0.000000e+00
361 390 6.552935e-03 2.608770e-03 3 0 3 3 5.973342e-13 0.000000e+00
361 391 6.552935e-03 3.284247e-03 3 0 3 3 9.397392e-13 0.000000e+00
361 392 6.552935e-03 4.134622e-03 3 0 3 3 1.477090e-12 0.000000e+00
361 393 6.552935e-03 5.205181e-03 3 0 3 3 2.349273e-12 0.000000e+00
361 394 6.552935e-03 6.552935e-03 3 0 3 3 0.000000e+00 0.000000e+00
361 395 6.552935e-03 8.249656e-03 3 0 3 3 2.527413e-12 0.000000e+00
362 385 8.249656e-03 8.249656e-04 3 0 3 3 4.302813e-14 0.000000e+00
362 386 8.249656e-03 1.038570e-03 3 0 3 3 6.813457e-14 0.000000e+00
362 387 8.249656e-03 1.307482e-03 3 0 3 3 1.078423e-13 0.000000e+00
362 388 8.249656e-03 1.646023e-03 3 0 3 3 1.705469e-13 0.000000e+00
362 389 8.249656e-03 2.072220e-03 3 0 3 3 2.693798e-13 0.000000e+00
362 390 8.249656e-03 2.608770e-03 3 0 3 3 4.246412e-13 0.000000e+00
362 391 8.249656e-03 3.284247e-03 3 0 3 3 6.673344e-13 0.000000e+00
362 392 8.249656e-03 4.134622e-03 3 0 3 3 1.043888e-12 0.000000e+00
362 393 8.249656e-03 5.205181e-03 3 0 3 3 1.623279e-12 0.000000e+00
362 394 8.249656e-03 6.552935e-03 3 0 3 3 2.527413e-12 0.000000e+00
362 395 8.249656e-03 8.249656e-03 3 0 3 3 0.000000e+00 0.000000e+00
