# Please cite the following papers in research using this covariance:
# arXiv: 1601.05779, https://arxiv.org/abs/1601.05779
# arXiv: 1911.11947, https://arxiv.org/abs/1911.11947
# arXiv: 2004.04833, https://arxiv.org/abs/2004.04833
# arXiv: 1804.10663, https://arxiv.org/abs/1804.10663
########################################################
253 330 8.249656e-04 8.249656e-04 0 3 2 2 0.000000e+00 0.000000e+00
253 331 8.249656e-04 1.038570e-03 0 3 2 2 1.153768e-12 0.000000e+00
253 332 8.249656e-04 1.307482e-03 0 3 2 2 9.647736e-13 0.000000e+00
253 333 8.249656e-04 1.646023e-03 0 3 2 2 7.224030e-13 0.000000e+00
253 334 8.249656e-04 2.072220e-03 0 3 2 2 5.060999e-13 0.000000e+00
253 335 8.249656e-04 2.608770e-03 0 3 2 2 3.426463e-13 0.000000e+00
253 336 8.249656e-04 3.284247e-03 0 3 2 2 2.305346e-13 0.000000e+00
253 337 8.249656e-04 4.134622e-03 0 3 2 2 1.576786e-13 0.000000e+00
253 338 8.249656e-04 5.205181e-03 0 3 2 2 1.111604e-13 0.000000e+00
253 339 8.249656e-04 6.552935e-03 0 3 2 2 8.104119e-14 0.000000e+00
253 340 8.249656e-04 8.249656e-03 0 3 2 2 6.077776e-14 0.000000e+00
254 330 1.038570e-03 8.249656e-04 0 3 2 2 1.153768e-12 0.000000e+00
254 331 1.038570e-03 1.038570e-03 0 3 2 2 0.000000e+00 0.000000e+00
254 332 1.038570e-03 1.307482e-03 0 3 2 2 1.374014e-12 0.000000e+00
254 333 1.038570e-03 1.646023e-03 0 3 2 2 1.096961e-12 0.000000e+00
254 334 1.038570e-03 2.072220e-03 0 3 2 2 7.891869e-13 0.000000e+00
254 335 1.038570e-03 2.608770e-03 0 3 2 2 5.398525e-13 0.000000e+00
254 336 1.038570e-03 3.284247e-03 0 3 2 2 3.644377e-13 0.000000e+00
254 337 1.038570e-03 4.134622e-03 0 3 2 2 2.494593e-13 0.000000e+00
254 338 1.038570e-03 5.205181e-03 0 3 2 2 1.758948e-13 0.000000e+00
254 339 1.038570e-03 6.552935e-03 0 3 2 2 1.282611e-13 0.000000e+00
254 340 1.038570e-03 8.249656e-03 0 3 2 2 9.621815e-14 0.000000e+00
255 330 1.307482e-03 8.249656e-04 0 3 2 2 9.647736e-13 0.000000e+00
255 331 1.307482e-03 1.038570e-03 0 3 2 2 1.374014e-12 0.000000e+00
255 332 1.307482e-03 1.307482e-03 0 3 2 2 0.000000e+00 0.000000e+00
255 333 1.307482e-03 1.646023e-03 0 3 2 2 1.581107e-12 0.000000e+00
255 334 1.307482e-03 2.072220e-03 0 3 2 2 1.210057e-12 0.000000e+00
255 335 1.307482e-03 2.608770e-03 0 3 2 2 8.460516e-13 0.000000e+00
255 336 1.307482e-03 3.284247e-03 0 3 2 2 5.750367e-13 0.000000e+00
255 337 1.307482e-03 4.134622e-03 0 3 2 2 3.942330e-13 0.000000e+00
255 338 1.307482e-03 5.205181e-03 0 3 2 2 2.780653e-13 0.000000e+00
255 339 1.307482e-03 6.552935e-03 0 3 2 2 2.028274e-13 0.000000e+00
255 340 1.307482e-03 8.249656e-03 0 3 2 2 1.522246e-13 0.000000e+00
256 330 1.646023e-03 8.249656e-04 0 3 2 2 7.224030e-13 0.000000e+00
256 331 1.646023e-03 1.038570e-03 0 3 2 2 1.096961e-12 0.000000e+00
256 332 1.646023e-03 1.307482e-03 0 3 2 2 1.581107e-12 0.000000e+00
256 333 1.646023e-03 1.646023e-03 0 3 2 2 0.000000e+00 0.000000e+00
256 334 1.646023e-03 2.072220e-03 0 3 2 2 1.769686e-12 0.000000e+00
256 335 1.646023e-03 2.608770e-03 0 3 2 2 1.308950e-12 0.000000e+00
256 336 1.646023e-03 3.284247e-03 0 3 2 2 9.038722e-13 0.000000e+00
256 337 1.646023e-03 4.134622e-03 0 3 2 2 6.218808e-13 0.000000e+00
256 338 1.646023e-03 5.205181e-03 0 3 2 2 4.389243e-13 0.000000e+00
256 339 1.646023e-03 6.552935e-03 0 3 2 2 3.203234e-13 0.000000e+00
256 340 1.646023e-03 8.249656e-03 0 3 2 2 2.405777e-13 0.000000e+00
257 330 2.072220e-03 8.249656e-04 0 3 2 2 5.060999e-13 0.000000e+00
257 331 2.072220e-03 1.038570e-03 0 3 2 2 7.891869e-13 0.000000e+00
257 332 2.072220e-03 1.307482e-03 0 3 2 2 1.210057e-12 0.000000e+00
257 333 2.072220e-03 1.646023e-03 0 3 2 2 1.769686e-12 0.000000e+00
257 334 2.072220e-03 2.072220e-03 0 3 2 2 0.000000e+00 0.000000e+00
257 335 2.072220e-03 2.608770e-03 0 3 2 2 1.943985e-12 0.000000e+00
257 336 2.072220e-03 3.284247e-03 0 3 2 2 1.407330e-12 0.000000e+00
257 337 2.072220e-03 4.134622e-03 0 3 2 2 9.776950e-13 0.000000e+00
257 338 2.072220e-03 5.205181e-03 0 3 2 2 6.911734e-13 0.000000e+00
257 339 2.072220e-03 6.552935e-03 0 3 2 2 5.048305e-13 0.000000e+00
257 340 2.072220e-03 8.249656e-03 0 3 2 2 3.795773e-13 0.000000e+00
258 330 2.608770e-03 8.249656e-04 0 3 2 2 3.426463e-13 0.000000e+00
258 331 2.608770e-03 1.038570e-03 0 3 2 2 5.398525e-13 0.000000e+00
258 332 2.608770e-03 1.307482e-03 0 3 2 2 8.460516e-13 0.000000e+00
258 333 2.608770e-03 1.646023e-03 0 3 2 2 1.308950e-12 0.000000e+00
258 334 2.608770e-03 2.072220e-03 0 3 2 2 1.943985e-12 0.000000e+00
258 335 2.608770e-03 2.608770e-03 0 3 2 2 0.000000e+00 0.000000e+00
258 336 2.608770e-03 3.284247e-03 0 3 2 2 2.118674e-12 0.000000e+00
258 337 2.608770e-03 4.134622e-03 0 3 2 2 1.525643e-12 0.000000e+00
258 338 2.608770e-03 5.205181e-03 0 3 2 2 1.084077e-12 0.000000e+00
258 339 2.608770e-03 6.552935e-03 0 3 2 2 7.929728e-13 0.000000e+00
258 340 2.608770e-03 8.249656e-03 0 3 2 2 5.972846e-13 0.000000e+00
259 330 3.284247e-03 8.249656e-04 0 3 2 2 2.305346e-13 0.000000e+00
259 331 3.284247e-03 1.038570e-03 0 3 2 2 3.644377e-13 0.000000e+00
259 332 3.284247e-03 1.307482e-03 0 3 2 2 5.750367e-13 0.000000e+00
259 333 3.284247e-03 1.646023e-03 0 3 2 2 9.038722e-13 0.000000e+00
259 334 3.284247e-03 2.072220e-03 0 3 2 2 1.407330e-12 0.000000e+00
259 335 3.284247e-03 2.608770e-03 0 3 2 2 2.118674e-12 0.000000e+00
259 336 3.284247e-03 3.284247e-03 0 3 2 2 0.000000e+00 0.000000e+00
259 337 3.284247e-03 4.134622e-03 0 3 2 2 2.317476e-12 0.000000e+00
259 338 3.284247e-03 5.205181e-03 0 3 2 2 1.687912e-12 0.000000e+00
259 339 3.284247e-03 6.552935e-03 0 3 2 2 1.238940e-12 0.000000e+00
259 340 3.284247e-03 8.249656e-03 0 3 2 2 9.358155e-13 0.000000e+00
260 330 4.134622e-03 8.249656e-04 0 3 2 2 1.576786e-13 0.000000e+00
260 331 4.134622e-03 1.038570e-03 0 3 2 2 2.494593e-13 0.000000e+00
260 332 4.134622e-03 1.307482e-03 0 3 2 2 3.942330e-13 0.000000e+00
260 333 4.134622e-03 1.646023e-03 0 3 2 2 6.218808e-13 0.000000e+00
260 334 4.134622e-03 2.072220e-03 0 3 2 2 9.776950e-13 0.000000e+00
260 335 4.134622e-03 2.608770e-03 0 3 2 2 1.525643e-12 0.000000e+00
260 336 4.134622e-03 3.284247e-03 0 3 2 2 2.317476e-12 0.000000e+00
260 337 4.134622e-03 4.134622e-03 0 3 2 2 0.000000e+00 0.000000e+00
260 338 4.134622e-03 5.205181e-03 0 3 2 2 2.570396e-12 0.000000e+00
260 339 4.134622e-03 6.552935e-03 0 3 2 2 1.918550e-12 0.000000e+00
260 340 4.134622e-03 8.249656e-03 0 3 2 2 1.456006e-12 0.000000e+00
261 330 5.205181e-03 8.249656e-04 0 3 2 2 1.111604e-13 0.000000e+00
261 331 5.205181e-03 1.038570e-03 0 3 2 2 1.758948e-13 0.000000e+00
261 332 5.205181e-03 1.307482e-03 0 3 2 2 2.780653e-13 0.000000e+00
261 333 5.205181e-03 1.646023e-03 0 3 2 2 4.389243e-13 0.000000e+00
261 334 5.205181e-03 2.072220e-03 0 3 2 2 6.911734e-13 0.000000e+00
261 335 5.205181e-03 2.608770e-03 0 3 2 2 1.084077e-12 0.000000e+00
261 336 5.205181e-03 3.284247e-03 0 3 2 2 1.687912e-12 0.000000e+00
261 337 5.205181e-03 4.134622e-03 0 3 2 2 2.570396e-12 0.000000e+00
261 338 5.205181e-03 5.205181e-03 0 3 2 2 0.000000e+00 0.000000e+00
261 339 5.205181e-03 6.552935e-03 0 3 2 2 2.910270e-12 0.000000e+00
261 340 5.205181e-03 8.249656e-03 0 3 2 2 2.239426e-12 0.000000e+00
262 330 6.552935e-03 8.249656e-04 0 3 2 2 8.104119e-14 0.000000e+00
262 331 6.552935e-03 1.038570e-03 0 3 2 2 1.282611e-13 0.000000e+00
262 332 6.552935e-03 1.307482e-03 0 3 2 2 2.028274e-13 0.000000e+00
262 333 6.552935e-03 1.646023e-03 0 3 2 2 3.203234e-13 0.000000e+00
262 334 6.552935e-03 2.072220e-03 0 3 2 2 5.048305e-13 0.000000e+00
262 335 6.552935e-03 2.608770e-03 0 3 2 2 7.929728e-13 0.000000e+00
262 336 6.552935e-03 3.284247e-03 0 3 2 2 1.238940e-12 0.000000e+00
262 337 6.552935e-03 4.134622e-03 0 3 2 2 1.918550e-12 0.000000e+00
262 338 6.552935e-03 5.205181e-03 0 3 2 2 2.910270e-12 0.000000e+00
262 339 6.552935e-03 6.552935e-03 0 3 2 2 0.000000e+00 0.000000e+00
262 340 6.552935e-03 8.249656e-03 0 3 2 2 3.368530e-12 0.000000e+00
263 330 8.249656e-03 8.249656e-04 0 3 2 2 6.077776e-14 0.000000e+00
263 331 8.249656e-03 1.038570e-03 0 3 2 2 9.621815e-14 0.000000e+00
263 332 8.249656e-03 1.307482e-03 0 3 2 2 1.522246e-13 0.000000e+00
263 333 8.249656e-03 1.646023e-03 0 3 2 2 2.405777e-13 0.000000e+00
263 334 8.249656e-03 2.072220e-03 0 3 2 2 3.795773e-13 0.000000e+00
263 335 8.249656e-03 2.608770e-03 0 3 2 2 5.972846e-13 0.000000e+00
263 336 8.249656e-03 3.284247e-03 0 3 2 2 9.358155e-13 0.000000e+00
263 337 8.249656e-03 4.134622e-03 0 3 2 2 1.456006e-12 0.000000e+00
263 338 8.249656e-03 5.205181e-03 0 3 2 2 2.239426e-12 0.000000e+00
263 339 8.249656e-03 6.552935e-03 0 3 2 2 3.368530e-12 0.000000e+00
263 340 8.249656e-03 8.249656e-03 0 3 2 2 0.000000e+00 0.000000e+00
