# Please cite the following papers in research using this covariance:
# arXiv: 1601.05779, https://arxiv.org/abs/1601.05779
# arXiv: 1911.11947, https://arxiv.org/abs/1911.11947
# arXiv: 2004.04833, https://arxiv.org/abs/2004.04833
# arXiv: 1804.10663, https://arxiv.org/abs/1804.10663
########################################################
275 418 8.249656e-04 8.249656e-04 1 1 4 2 0.000000e+00 0.000000e+00
275 419 8.249656e-04 1.038570e-03 1 1 4 2 1.118336e-13 0.000000e+00
275 420 8.249656e-04 1.307482e-03 1 1 4 2 9.603094e-14 0.000000e+00
275 421 8.249656e-04 1.646023e-03 1 1 4 2 7.399164e-14 0.000000e+00
275 422 8.249656e-04 2.072220e-03 1 1 4 2 5.314278e-14 0.000000e+00
275 423 8.249656e-04 2.608770e-03 1 1 4 2 3.658965e-14 0.000000e+00
275 424 8.249656e-04 3.284247e-03 1 1 4 2 2.475302e-14 0.000000e+00
275 425 8.249656e-04 4.134622e-03 1 1 4 2 1.682349e-14 0.000000e+00
275 426 8.249656e-04 5.205181e-03 1 1 4 2 1.168862e-14 0.000000e+00
275 427 8.249656e-04 6.552935e-03 1 1 4 2 8.374554e-15 0.000000e+00
275 428 8.249656e-04 8.249656e-03 1 1 4 2 6.179940e-15 0.000000e+00
276 418 1.038570e-03 8.249656e-04 1 1 4 2 1.118336e-13 0.000000e+00
276 419 1.038570e-03 1.038570e-03 1 1 4 2 0.000000e+00 0.000000e+00
276 420 1.038570e-03 1.307482e-03 1 1 4 2 1.361804e-13 0.000000e+00
276 421 1.038570e-03 1.646023e-03 1 1 4 2 1.117748e-13 0.000000e+00
276 422 1.038570e-03 2.072220e-03 1 1 4 2 8.256256e-14 0.000000e+00
276 423 1.038570e-03 2.608770e-03 1 1 4 2 5.753200e-14 0.000000e+00
276 424 1.038570e-03 3.284247e-03 1 1 4 2 3.910166e-14 0.000000e+00
276 425 1.038570e-03 4.134622e-03 1 1 4 2 2.661559e-14 0.000000e+00
276 426 1.038570e-03 5.205181e-03 1 1 4 2 1.849934e-14 0.000000e+00
276 427 1.038570e-03 6.552935e-03 1 1 4 2 1.325655e-14 0.000000e+00
276 428 1.038570e-03 8.249656e-03 1 1 4 2 9.784642e-15 0.000000e+00
277 418 1.307482e-03 8.249656e-04 1 1 4 2 9.603094e-14 0.000000e+00
277 419 1.307482e-03 1.038570e-03 1 1 4 2 1.361804e-13 0.000000e+00
277 420 1.307482e-03 1.307482e-03 1 1 4 2 0.000000e+00 0.000000e+00
277 421 1.307482e-03 1.646023e-03 1 1 4 2 1.600491e-13 0.000000e+00
277 422 1.307482e-03 2.072220e-03 1 1 4 2 1.258388e-13 0.000000e+00
277 423 1.307482e-03 2.608770e-03 1 1 4 2 8.985474e-14 0.000000e+00
277 424 1.307482e-03 3.284247e-03 1 1 4 2 6.161712e-14 0.000000e+00
277 425 1.307482e-03 4.134622e-03 1 1 4 2 4.205863e-14 0.000000e+00
277 426 1.307482e-03 5.205181e-03 1 1 4 2 2.925418e-14 0.000000e+00
277 427 1.307482e-03 6.552935e-03 1 1 4 2 2.096954e-14 0.000000e+00
277 428 1.307482e-03 8.249656e-03 1 1 4 2 1.548278e-14 0.000000e+00
278 418 1.646023e-03 8.249656e-04 1 1 4 2 7.399164e-14 0.000000e+00
278 419 1.646023e-03 1.038570e-03 1 1 4 2 1.117748e-13 0.000000e+00
278 420 1.646023e-03 1.307482e-03 1 1 4 2 1.600491e-13 0.000000e+00
278 421 1.646023e-03 1.646023e-03 1 1 4 2 0.000000e+00 0.000000e+00
278 422 1.646023e-03 2.072220e-03 1 1 4 2 1.824677e-13 0.000000e+00
278 423 1.646023e-03 2.608770e-03 1 1 4 2 1.381936e-13 0.000000e+00
278 424 1.646023e-03 3.284247e-03 1 1 4 2 9.661901e-14 0.000000e+00
278 425 1.646023e-03 4.134622e-03 1 1 4 2 6.632736e-14 0.000000e+00
278 426 1.646023e-03 5.205181e-03 1 1 4 2 4.619929e-14 0.000000e+00
278 427 1.646023e-03 6.552935e-03 1 1 4 2 3.313230e-14 0.000000e+00
278 428 1.646023e-03 8.249656e-03 1 1 4 2 2.447610e-14 0.000000e+00
279 418 2.072220e-03 8.249656e-04 1 1 4 2 5.314278e-14 0.000000e+00
279 419 2.072220e-03 1.038570e-03 1 1 4 2 8.256256e-14 0.000000e+00
279 420 2.072220e-03 1.307482e-03 1 1 4 2 1.258388e-13 0.000000e+00
279 421 2.072220e-03 1.646023e-03 1 1 4 2 1.824677e-13 0.000000e+00
279 422 2.072220e-03 2.072220e-03 1 1 4 2 0.000000e+00 0.000000e+00
279 423 2.072220e-03 2.608770e-03 1 1 4 2 2.032702e-13 0.000000e+00
279 424 2.072220e-03 3.284247e-03 1 1 4 2 1.497248e-13 0.000000e+00
279 425 2.072220e-03 4.134622e-03 1 1 4 2 1.041910e-13 0.000000e+00
279 426 2.072220e-03 5.205181e-03 1 1 4 2 7.279756e-14 0.000000e+00
279 427 2.072220e-03 6.552935e-03 1 1 4 2 5.225465e-14 0.000000e+00
279 428 2.072220e-03 8.249656e-03 1 1 4 2 3.863522e-14 0.000000e+00
280 418 2.608770e-03 8.249656e-04 1 1 4 2 3.658965e-14 0.000000e+00
280 419 2.608770e-03 1.038570e-03 1 1 4 2 5.753200e-14 0.000000e+00
280 420 2.608770e-03 1.307482e-03 1 1 4 2 8.985474e-14 0.000000e+00
280 421 2.608770e-03 1.646023e-03 1 1 4 2 1.381936e-13 0.000000e+00
280 422 2.608770e-03 2.072220e-03 1 1 4 2 2.032702e-13 0.000000e+00
280 423 2.608770e-03 2.608770e-03 1 1 4 2 0.000000e+00 0.000000e+00
280 424 2.608770e-03 3.284247e-03 1 1 4 2 2.233479e-13 0.000000e+00
280 425 2.608770e-03 4.134622e-03 1 1 4 2 1.621852e-13 0.000000e+00
280 426 2.608770e-03 5.205181e-03 1 1 4 2 1.142647e-13 0.000000e+00
280 427 2.608770e-03 6.552935e-03 1 1 4 2 8.217328e-14 0.000000e+00
280 428 2.608770e-03 8.249656e-03 1 1 4 2 6.083893e-14 0.000000e+00
281 418 3.284247e-03 8.249656e-04 1 1 4 2 2.475302e-14 0.000000e+00
281 419 3.284247e-03 1.038570e-03 1 1 4 2 3.910166e-14 0.000000e+00
281 420 3.284247e-03 1.307482e-03 1 1 4 2 6.161712e-14 0.000000e+00
281 421 3.284247e-03 1.646023e-03 1 1 4 2 9.661901e-14 0.000000e+00
281 422 3.284247e-03 2.072220e-03 1 1 4 2 1.497248e-13 0.000000e+00
281 423 3.284247e-03 2.608770e-03 1 1 4 2 2.233479e-13 0.000000e+00
281 424 3.284247e-03 3.284247e-03 1 1 4 2 0.000000e+00 0.000000e+00
281 425 3.284247e-03 4.134622e-03 1 1 4 2 2.446682e-13 0.000000e+00
281 426 3.284247e-03 5.205181e-03 1 1 4 2 1.779380e-13 0.000000e+00
281 427 3.284247e-03 6.552935e-03 1 1 4 2 1.286058e-13 0.000000e+00
281 428 3.284247e-03 8.249656e-03 1 1 4 2 9.543470e-14 0.000000e+00
282 418 4.134622e-03 8.249656e-04 1 1 4 2 1.682349e-14 0.000000e+00
282 419 4.134622e-03 1.038570e-03 1 1 4 2 2.661559e-14 0.000000e+00
282 420 4.134622e-03 1.307482e-03 1 1 4 2 4.205863e-14 0.000000e+00
282 421 4.134622e-03 1.646023e-03 1 1 4 2 6.632736e-14 0.000000e+00
282 422 4.134622e-03 2.072220e-03 1 1 4 2 1.041910e-13 0.000000e+00
282 423 4.134622e-03 2.608770e-03 1 1 4 2 1.621852e-13 0.000000e+00
282 424 4.134622e-03 3.284247e-03 1 1 4 2 2.446682e-13 0.000000e+00
282 425 4.134622e-03 4.134622e-03 1 1 4 2 0.000000e+00 0.000000e+00
282 426 4.134622e-03 5.205181e-03 1 1 4 2 2.700624e-13 0.000000e+00
282 427 4.134622e-03 6.552935e-03 1 1 4 2 1.995786e-13 0.000000e+00
282 428 4.134622e-03 8.249656e-03 1 1 4 2 1.487721e-13 0.000000e+00
283 418 5.205181e-03 8.249656e-04 1 1 4 2 1.168862e-14 0.000000e+00
283 419 5.205181e-03 1.038570e-03 1 1 4 2 1.849934e-14 0.000000e+00
283 420 5.205181e-03 1.307482e-03 1 1 4 2 2.925418e-14 0.000000e+00
283 421 5.205181e-03 1.646023e-03 1 1 4 2 4.619929e-14 0.000000e+00
283 422 5.205181e-03 2.072220e-03 1 1 4 2 7.279756e-14 0.000000e+00
283 423 5.205181e-03 2.608770e-03 1 1 4 2 1.142647e-13 0.000000e+00
283 424 5.205181e-03 3.284247e-03 1 1 4 2 1.779380e-13 0.000000e+00
283 425 5.205181e-03 4.134622e-03 1 1 4 2 2.700624e-13 0.000000e+00
283 426 5.205181e-03 5.205181e-03 1 1 4 2 0.000000e+00 0.000000e+00
283 427 5.205181e-03 6.552935e-03 1 1 4 2 3.028420e-13 0.000000e+00
283 428 5.205181e-03 8.249656e-03 1 1 4 2 2.295160e-13 0.000000e+00
284 418 6.552935e-03 8.249656e-04 1 1 4 2 8.374554e-15 0.000000e+00
284 419 6.552935e-03 1.038570e-03 1 1 4 2 1.325655e-14 0.000000e+00
284 420 6.552935e-03 1.307482e-03 1 1 4 2 2.096954e-14 0.000000e+00
284 421 6.552935e-03 1.646023e-03 1 1 4 2 3.313230e-14 0.000000e+00
284 422 6.552935e-03 2.072220e-03 1 1 4 2 5.225465e-14 0.000000e+00
284 423 6.552935e-03 2.608770e-03 1 1 4 2 8.217328e-14 0.000000e+00
284 424 6.552935e-03 3.284247e-03 1 1 4 2 1.286058e-13 0.000000e+00
284 425 6.552935e-03 4.134622e-03 1 1 4 2 1.995786e-13 0.000000e+00
284 426 6.552935e-03 5.205181e-03 1 1 4 2 3.028420e-13 0.000000e+00
284 427 6.552935e-03 6.552935e-03 1 1 4 2 0.000000e+00 0.000000e+00
284 428 6.552935e-03 8.249656e-03 1 1 4 2 3.462891e-13 0.000000e+00
285 418 8.249656e-03 8.249656e-04 1 1 4 2 6.179940e-15 0.000000e+00
285 419 8.249656e-03 1.038570e-03 1 1 4 2 9.784642e-15 0.000000e+00
285 420 8.249656e-03 1.307482e-03 1 1 4 2 1.548278e-14 0.000000e+00
285 421 8.249656e-03 1.646023e-03 1 1 4 2 2.447610e-14 0.000000e+00
285 422 8.249656e-03 2.072220e-03 1 1 4 2 3.863522e-14 0.000000e+00
285 423 8.249656e-03 2.608770e-03 1 1 4 2 6.083893e-14 0.000000e+00
285 424 8.249656e-03 3.284247e-03 1 1 4 2 9.543470e-14 0.000000e+00
285 425 8.249656e-03 4.134622e-03 1 1 4 2 1.487721e-13 0.000000e+00
285 426 8.249656e-03 5.205181e-03 1 1 4 2 2.295160e-13 0.000000e+00
285 427 8.249656e-03 6.552935e-03 1 1 4 2 3.462891e-13 0.000000e+00
285 428 8.249656e-03 8.249656e-03 1 1 4 2 0.000000e+00 0.000000e+00
