# Please cite the following papers in research using this covariance:
# arXiv: 1601.05779, https://arxiv.org/abs/1601.05779
# arXiv: 1911.11947, https://arxiv.org/abs/1911.11947
# arXiv: 2004.04833, https://arxiv.org/abs/2004.04833
# arXiv: 1804.10663, https://arxiv.org/abs/1804.10663
########################################################
231 363 8.249656e-04 8.249656e-04 0 1 3 1 0.000000e+00 0.000000e+00
231 364 8.249656e-04 1.038570e-03 0 1 3 1 4.408496e-12 0.000000e+00
231 365 8.249656e-04 1.307482e-03 0 1 3 1 2.402473e-12 0.000000e+00
231 366 8.249656e-04 1.646023e-03 0 1 3 1 1.239743e-12 0.000000e+00
231 367 8.249656e-04 2.072220e-03 0 1 3 1 6.174090e-13 0.000000e+00
231 368 8.249656e-04 2.608770e-03 0 1 3 1 3.018752e-13 0.000000e+00
231 369 8.249656e-04 3.284247e-03 0 1 3 1 1.480812e-13 0.000000e+00
231 370 8.249656e-04 4.134622e-03 0 1 3 1 7.462132e-14 0.000000e+00
231 371 8.249656e-04 5.205181e-03 0 1 3 1 3.938892e-14 0.000000e+00
231 372 8.249656e-04 6.552935e-03 0 1 3 1 2.203692e-14 0.000000e+00
231 373 8.249656e-04 8.249656e-03 0 1 3 1 1.305799e-14 0.000000e+00
232 363 1.038570e-03 8.249656e-04 0 1 3 1 4.408496e-12 0.000000e+00
232 364 1.038570e-03 1.038570e-03 0 1 3 1 0.000000e+00 0.000000e+00
232 365 1.038570e-03 1.307482e-03 0 1 3 1 4.004952e-12 0.000000e+00
232 366 1.038570e-03 1.646023e-03 0 1 3 1 2.067856e-12 0.000000e+00
232 367 1.038570e-03 2.072220e-03 0 1 3 1 1.019555e-12 0.000000e+00
232 368 1.038570e-03 2.608770e-03 0 1 3 1 4.927245e-13 0.000000e+00
232 369 1.038570e-03 3.284247e-03 0 1 3 1 2.391684e-13 0.000000e+00
232 370 1.038570e-03 4.134622e-03 0 1 3 1 1.195366e-13 0.000000e+00
232 371 1.038570e-03 5.205181e-03 0 1 3 1 6.276398e-14 0.000000e+00
232 372 1.038570e-03 6.552935e-03 0 1 3 1 3.500238e-14 0.000000e+00
232 373 1.038570e-03 8.249656e-03 0 1 3 1 2.071669e-14 0.000000e+00
233 363 1.307482e-03 8.249656e-04 0 1 3 1 2.402473e-12 0.000000e+00
233 364 1.307482e-03 1.038570e-03 0 1 3 1 4.004952e-12 0.000000e+00
233 365 1.307482e-03 1.307482e-03 0 1 3 1 0.000000e+00 0.000000e+00
233 366 1.307482e-03 1.646023e-03 0 1 3 1 3.543724e-12 0.000000e+00
233 367 1.307482e-03 2.072220e-03 0 1 3 1 1.728931e-12 0.000000e+00
233 368 1.307482e-03 2.608770e-03 0 1 3 1 8.200164e-13 0.000000e+00
233 369 1.307482e-03 3.284247e-03 0 1 3 1 3.911017e-13 0.000000e+00
233 370 1.307482e-03 4.134622e-03 0 1 3 1 1.928435e-13 0.000000e+00
233 371 1.307482e-03 5.205181e-03 0 1 3 1 1.003666e-13 0.000000e+00
233 372 1.307482e-03 6.552935e-03 0 1 3 1 5.568909e-14 0.000000e+00
233 373 1.307482e-03 8.249656e-03 0 1 3 1 3.287447e-14 0.000000e+00
234 363 1.646023e-03 8.249656e-04 0 1 3 1 1.239743e-12 0.000000e+00
234 364 1.646023e-03 1.038570e-03 0 1 3 1 2.067856e-12 0.000000e+00
234 365 1.646023e-03 1.307482e-03 0 1 3 1 3.543724e-12 0.000000e+00
234 366 1.646023e-03 1.646023e-03 0 1 3 1 0.000000e+00 0.000000e+00
234 367 1.646023e-03 2.072220e-03 0 1 3 1 3.058423e-12 0.000000e+00
234 368 1.646023e-03 2.608770e-03 0 1 3 1 1.412254e-12 0.000000e+00
234 369 1.646023e-03 3.284247e-03 0 1 3 1 6.537294e-13 0.000000e+00
234 370 1.646023e-03 4.134622e-03 0 1 3 1 3.149207e-13 0.000000e+00
234 371 1.646023e-03 5.205181e-03 0 1 3 1 1.614361e-13 0.000000e+00
234 372 1.646023e-03 6.552935e-03 0 1 3 1 8.881887e-14 0.000000e+00
234 373 1.646023e-03 8.249656e-03 0 1 3 1 5.222410e-14 0.000000e+00
235 363 2.072220e-03 8.249656e-04 0 1 3 1 6.174090e-13 0.000000e+00
235 364 2.072220e-03 1.038570e-03 0 1 3 1 1.019555e-12 0.000000e+00
235 365 2.072220e-03 1.307482e-03 0 1 3 1 1.728931e-12 0.000000e+00
235 366 2.072220e-03 1.646023e-03 0 1 3 1 3.058423e-12 0.000000e+00
235 367 2.072220e-03 2.072220e-03 0 1 3 1 0.000000e+00 0.000000e+00
235 368 2.072220e-03 2.608770e-03 0 1 3 1 2.583693e-12 0.000000e+00
235 369 2.072220e-03 3.284247e-03 0 1 3 1 1.138461e-12 0.000000e+00
235 370 2.072220e-03 4.134622e-03 0 1 3 1 5.259542e-13 0.000000e+00
235 371 2.072220e-03 5.205181e-03 0 1 3 1 2.624407e-13 0.000000e+00
235 372 2.072220e-03 6.552935e-03 0 1 3 1 1.422790e-13 0.000000e+00
235 373 2.072220e-03 8.249656e-03 0 1 3 1 8.307223e-14 0.000000e+00
236 363 2.608770e-03 8.249656e-04 0 1 3 1 3.018752e-13 0.000000e+00
236 364 2.608770e-03 1.038570e-03 0 1 3 1 4.927245e-13 0.000000e+00
236 365 2.608770e-03 1.307482e-03 0 1 3 1 8.200164e-13 0.000000e+00
236 366 2.608770e-03 1.646023e-03 0 1 3 1 1.412254e-12 0.000000e+00
236 367 2.608770e-03 2.072220e-03 0 1 3 1 2.583693e-12 0.000000e+00
236 368 2.608770e-03 2.608770e-03 0 1 3 1 0.000000e+00 0.000000e+00
236 369 2.608770e-03 3.284247e-03 0 1 3 1 2.149110e-12 0.000000e+00
236 370 2.608770e-03 4.134622e-03 0 1 3 1 9.189136e-13 0.000000e+00
236 371 2.608770e-03 5.205181e-03 0 1 3 1 4.355017e-13 0.000000e+00
236 372 2.608770e-03 6.552935e-03 0 1 3 1 2.297656e-13 0.000000e+00
236 373 2.608770e-03 8.249656e-03 0 1 3 1 1.325069e-13 0.000000e+00
237 363 3.284247e-03 8.249656e-04 0 1 3 1 1.480812e-13 0.000000e+00
237 364 3.284247e-03 1.038570e-03 0 1 3 1 2.391684e-13 0.000000e+00
237 365 3.284247e-03 1.307482e-03 0 1 3 1 3.911017e-13 0.000000e+00
237 366 3.284247e-03 1.646023e-03 0 1 3 1 6.537294e-13 0.000000e+00
237 367 3.284247e-03 2.072220e-03 0 1 3 1 1.138461e-12 0.000000e+00
237 368 3.284247e-03 2.608770e-03 0 1 3 1 2.149110e-12 0.000000e+00
237 369 3.284247e-03 3.284247e-03 0 1 3 1 0.000000e+00 0.000000e+00
237 370 3.284247e-03 4.134622e-03 0 1 3 1 1.775274e-12 0.000000e+00
237 371 3.284247e-03 5.205181e-03 0 1 3 1 7.557679e-13 0.000000e+00
237 372 3.284247e-03 6.552935e-03 0 1 3 1 3.772403e-13 0.000000e+00
237 373 3.284247e-03 8.249656e-03 0 1 3 1 2.124660e-13 0.000000e+00
238 363 4.134622e-03 8.249656e-04 0 1 3 1 7.462132e-14 0.000000e+00
238 364 4.134622e-03 1.038570e-03 0 1 3 1 1.195366e-13 0.000000e+00
238 365 4.134622e-03 1.307482e-03 0 1 3 1 1.928435e-13 0.000000e+00
238 366 4.134622e-03 1.646023e-03 0 1 3 1 3.149207e-13 0.000000e+00
238 367 4.134622e-03 2.072220e-03 0 1 3 1 5.259542e-13 0.000000e+00
238 368 4.134622e-03 2.608770e-03 0 1 3 1 9.189136e-13 0.000000e+00
238 369 4.134622e-03 3.284247e-03 0 1 3 1 1.775274e-12 0.000000e+00
238 370 4.134622e-03 4.134622e-03 0 1 3 1 0.000000e+00 0.000000e+00
238 371 4.134622e-03 5.205181e-03 0 1 3 1 1.472655e-12 0.000000e+00
238 372 4.134622e-03 6.552935e-03 0 1 3 1 6.443064e-13 0.000000e+00
238 373 4.134622e-03 8.249656e-03 0 1 3 1 3.445959e-13 0.000000e+00
239 363 5.205181e-03 8.249656e-04 0 1 3 1 3.938892e-14 0.000000e+00
239 364 5.205181e-03 1.038570e-03 0 1 3 1 6.276398e-14 0.000000e+00
239 365 5.205181e-03 1.307482e-03 0 1 3 1 1.003666e-13 0.000000e+00
239 366 5.205181e-03 1.646023e-03 0 1 3 1 1.614361e-13 0.000000e+00
239 367 5.205181e-03 2.072220e-03 0 1 3 1 2.624407e-13 0.000000e+00
239 368 5.205181e-03 2.608770e-03 0 1 3 1 4.355017e-13 0.000000e+00
239 369 5.205181e-03 3.284247e-03 0 1 3 1 7.557679e-13 0.000000e+00
239 370 5.205181e-03 4.134622e-03 0 1 3 1 1.472655e-12 0.000000e+00
239 371 5.205181e-03 5.205181e-03 0 1 3 1 0.000000e+00 0.000000e+00
239 372 5.205181e-03 6.552935e-03 0 1 3 1 1.242662e-12 0.000000e+00
239 373 5.205181e-03 8.249656e-03 0 1 3 1 5.761360e-13 0.000000e+00
240 363 6.552935e-03 8.249656e-04 0 1 3 1 2.203692e-14 0.000000e+00
240 364 6.552935e-03 1.038570e-03 0 1 3 1 3.500238e-14 0.000000e+00
240 365 6.552935e-03 1.307482e-03 0 1 3 1 5.568909e-14 0.000000e+00
240 366 6.552935e-03 1.646023e-03 0 1 3 1 8.881887e-14 0.000000e+00
240 367 6.552935e-03 2.072220e-03 0 1 3 1 1.422790e-13 0.000000e+00
240 368 6.552935e-03 2.608770e-03 0 1 3 1 2.297656e-13 0.000000e+00
240 369 6.552935e-03 3.284247e-03 0 1 3 1 3.772403e-13 0.000000e+00
240 370 6.552935e-03 4.134622e-03 0 1 3 1 6.443064e-13 0.000000e+00
240 371 6.552935e-03 5.205181e-03 0 1 3 1 1.242662e-12 0.000000e+00
240 372 6.552935e-03 6.552935e-03 0 1 3 1 0.000000e+00 0.000000e+00
240 373 6.552935e-03 8.249656e-03 0 1 3 1 1.080039e-12 0.000000e+00
241 363 8.249656e-03 8.249656e-04 0 1 3 1 1.305799e-14 0.000000e+00
241 364 8.249656e-03 1.038570e-03 0 1 3 1 2.071669e-14 0.000000e+00
241 365 8.249656e-03 1.307482e-03 0 1 3 1 3.287447e-14 0.000000e+00
241 366 8.249656e-03 1.646023e-03 0 1 3 1 5.222410e-14 0.000000e+00
241 367 8.249656e-03 2.072220e-03 0 1 3 1 8.307223e-14 0.000000e+00
241 368 8.249656e-03 2.608770e-03 0 1 3 1 1.325069e-13 0.000000e+00
241 369 8.249656e-03 3.284247e-03 0 1 3 1 2.124660e-13 0.000000e+00
241 370 8.249656e-03 4.134622e-03 0 1 3 1 3.445959e-13 0.000000e+00
241 371 8.249656e-03 5.205181e-03 0 1 3 1 5.761360e-13 0.000000e+00
241 372 8.249656e-03 6.552935e-03 0 1 3 1 1.080039e-12 0.000000e+00
241 373 8.249656e-03 8.249656e-03 0 1 3 1 0.000000e+00 0.000000e+00
