# Please cite the following papers in research using this covariance:
# arXiv: 1601.05779, https://arxiv.org/abs/1601.05779
# arXiv: 1911.11947, https://arxiv.org/abs/1911.11947
# arXiv: 2004.04833, https://arxiv.org/abs/2004.04833
# arXiv: 1804.10663, https://arxiv.org/abs/1804.10663
########################################################
286 297 8.249656e-04 8.249656e-04 1 2 1 3 0.000000e+00 0.000000e+00
286 298 8.249656e-04 1.038570e-03 1 2 1 3 1.414471e-11 0.000000e+00
286 299 8.249656e-04 1.307482e-03 1 2 1 3 8.381699e-12 0.000000e+00
286 300 8.249656e-04 1.646023e-03 1 2 1 3 4.878877e-12 0.000000e+00
286 301 8.249656e-04 2.072220e-03 1 2 1 3 2.823230e-12 0.000000e+00
286 302 8.249656e-04 2.608770e-03 1 2 1 3 1.644006e-12 0.000000e+00
286 303 8.249656e-04 3.284247e-03 1 2 1 3 9.797145e-13 0.000000e+00
286 304 8.249656e-04 4.134622e-03 1 2 1 3 6.083396e-13 0.000000e+00
286 305 8.249656e-04 5.205181e-03 1 2 1 3 3.986190e-13 0.000000e+00
286 306 8.249656e-04 6.552935e-03 1 2 1 3 2.762244e-13 0.000000e+00
286 307 8.249656e-04 8.249656e-03 1 2 1 3 2.005384e-13 0.000000e+00
287 297 1.038570e-03 8.249656e-04 1 2 1 3 1.414471e-11 0.000000e+00
287 298 1.038570e-03 1.038570e-03 1 2 1 3 0.000000e+00 0.000000e+00
287 299 1.038570e-03 1.307482e-03 1 2 1 3 1.355832e-11 0.000000e+00
287 300 1.038570e-03 1.646023e-03 1 2 1 3 7.880781e-12 0.000000e+00
287 301 1.038570e-03 2.072220e-03 1 2 1 3 4.537892e-12 0.000000e+00
287 302 1.038570e-03 2.608770e-03 1 2 1 3 2.629471e-12 0.000000e+00
287 303 1.038570e-03 3.284247e-03 1 2 1 3 1.560348e-12 0.000000e+00
287 304 1.038570e-03 4.134622e-03 1 2 1 3 9.659158e-13 0.000000e+00
287 305 1.038570e-03 5.205181e-03 1 2 1 3 6.318111e-13 0.000000e+00
287 306 1.038570e-03 6.552935e-03 1 2 1 3 4.374606e-13 0.000000e+00
287 307 1.038570e-03 8.249656e-03 1 2 1 3 3.175537e-13 0.000000e+00
288 297 1.307482e-03 8.249656e-04 1 2 1 3 8.381699e-12 0.000000e+00
288 298 1.307482e-03 1.038570e-03 1 2 1 3 1.355832e-11 0.000000e+00
288 299 1.307482e-03 1.307482e-03 1 2 1 3 0.000000e+00 0.000000e+00
288 300 1.307482e-03 1.646023e-03 1 2 1 3 1.287124e-11 0.000000e+00
288 301 1.307482e-03 2.072220e-03 1 2 1 3 7.362969e-12 0.000000e+00
288 302 1.307482e-03 2.608770e-03 1 2 1 3 4.231618e-12 0.000000e+00
288 303 1.307482e-03 3.284247e-03 1 2 1 3 2.493401e-12 0.000000e+00
288 304 1.307482e-03 4.134622e-03 1 2 1 3 1.535650e-12 0.000000e+00
288 305 1.307482e-03 5.205181e-03 1 2 1 3 1.001504e-12 0.000000e+00
288 306 1.307482e-03 6.552935e-03 1 2 1 3 6.925711e-13 0.000000e+00
288 307 1.307482e-03 8.249656e-03 1 2 1 3 5.026281e-13 0.000000e+00
289 297 1.646023e-03 8.249656e-04 1 2 1 3 4.878877e-12 0.000000e+00
289 298 1.646023e-03 1.038570e-03 1 2 1 3 7.880781e-12 0.000000e+00
289 299 1.646023e-03 1.307482e-03 1 2 1 3 1.287124e-11 0.000000e+00
289 300 1.646023e-03 1.646023e-03 1 2 1 3 0.000000e+00 0.000000e+00
289 301 1.646023e-03 2.072220e-03 1 2 1 3 1.214034e-11 0.000000e+00
289 302 1.646023e-03 2.608770e-03 1 2 1 3 6.886162e-12 0.000000e+00
289 303 1.646023e-03 3.284247e-03 1 2 1 3 4.008574e-12 0.000000e+00
289 304 1.646023e-03 4.134622e-03 1 2 1 3 2.447287e-12 0.000000e+00
289 305 1.646023e-03 5.205181e-03 1 2 1 3 1.587989e-12 0.000000e+00
289 306 1.646023e-03 6.552935e-03 1 2 1 3 1.095770e-12 0.000000e+00
289 307 1.646023e-03 8.249656e-03 1 2 1 3 7.949074e-13 0.000000e+00
290 297 2.072220e-03 8.249656e-04 1 2 1 3 2.823230e-12 0.000000e+00
290 298 2.072220e-03 1.038570e-03 1 2 1 3 4.537892e-12 0.000000e+00
290 299 2.072220e-03 1.307482e-03 1 2 1 3 7.362969e-12 0.000000e+00
290 300 2.072220e-03 1.646023e-03 1 2 1 3 1.214034e-11 0.000000e+00
290 301 2.072220e-03 2.072220e-03 1 2 1 3 0.000000e+00 0.000000e+00
290 302 2.072220e-03 2.608770e-03 1 2 1 3 1.144347e-11 0.000000e+00
290 303 2.072220e-03 3.284247e-03 1 2 1 3 6.520758e-12 0.000000e+00
290 304 2.072220e-03 4.134622e-03 1 2 1 3 3.918811e-12 0.000000e+00
290 305 2.072220e-03 5.205181e-03 1 2 1 3 2.519988e-12 0.000000e+00
290 306 2.072220e-03 6.552935e-03 1 2 1 3 1.732270e-12 0.000000e+00
290 307 2.072220e-03 8.249656e-03 1 2 1 3 1.255645e-12 0.000000e+00
291 297 2.608770e-03 8.249656e-04 1 2 1 3 1.644006e-12 0.000000e+00
291 298 2.608770e-03 1.038570e-03 1 2 1 3 2.629471e-12 0.000000e+00
291 299 2.608770e-03 1.307482e-03 1 2 1 3 4.231618e-12 0.000000e+00
291 300 2.608770e-03 1.646023e-03 1 2 1 3 6.886162e-12 0.000000e+00
291 301 2.608770e-03 2.072220e-03 1 2 1 3 1.144347e-11 0.000000e+00
291 302 2.608770e-03 2.608770e-03 1 2 1 3 0.000000e+00 0.000000e+00
291 303 2.608770e-03 3.284247e-03 1 2 1 3 1.087495e-11 0.000000e+00
291 304 2.608770e-03 4.134622e-03 1 2 1 3 6.341803e-12 0.000000e+00
291 305 2.608770e-03 5.205181e-03 1 2 1 3 4.008427e-12 0.000000e+00
291 306 2.608770e-03 6.552935e-03 1 2 1 3 2.735608e-12 0.000000e+00
291 307 2.608770e-03 8.249656e-03 1 2 1 3 1.979657e-12 0.000000e+00
292 297 3.284247e-03 8.249656e-04 1 2 1 3 9.797145e-13 0.000000e+00
292 298 3.284247e-03 1.038570e-03 1 2 1 3 1.560348e-12 0.000000e+00
292 299 3.284247e-03 1.307482e-03 1 2 1 3 2.493401e-12 0.000000e+00
292 300 3.284247e-03 1.646023e-03 1 2 1 3 4.008574e-12 0.000000e+00
292 301 3.284247e-03 2.072220e-03 1 2 1 3 6.520758e-12 0.000000e+00
292 302 3.284247e-03 2.608770e-03 1 2 1 3 1.087495e-11 0.000000e+00
292 303 3.284247e-03 3.284247e-03 1 2 1 3 0.000000e+00 0.000000e+00
292 304 3.284247e-03 4.134622e-03 1 2 1 3 1.053825e-11 0.000000e+00
292 305 3.284247e-03 5.205181e-03 1 2 1 3 6.421694e-12 0.000000e+00
292 306 3.284247e-03 6.552935e-03 1 2 1 3 4.316643e-12 0.000000e+00
292 307 3.284247e-03 8.249656e-03 1 2 1 3 3.112268e-12 0.000000e+00
293 297 4.134622e-03 8.249656e-04 1 2 1 3 6.083396e-13 0.000000e+00
293 298 4.134622e-03 1.038570e-03 1 2 1 3 9.659158e-13 0.000000e+00
293 299 4.134622e-03 1.307482e-03 1 2 1 3 1.535650e-12 0.000000e+00
293 300 4.134622e-03 1.646023e-03 1 2 1 3 2.447287e-12 0.000000e+00
293 301 4.134622e-03 2.072220e-03 1 2 1 3 3.918811e-12 0.000000e+00
293 302 4.134622e-03 2.608770e-03 1 2 1 3 6.341803e-12 0.000000e+00
293 303 4.134622e-03 3.284247e-03 1 2 1 3 1.053825e-11 0.000000e+00
293 304 4.134622e-03 4.134622e-03 1 2 1 3 0.000000e+00 0.000000e+00
293 305 4.134622e-03 5.205181e-03 1 2 1 3 1.053828e-11 0.000000e+00
293 306 4.134622e-03 6.552935e-03 1 2 1 3 6.824289e-12 0.000000e+00
293 307 4.134622e-03 8.249656e-03 1 2 1 3 4.873390e-12 0.000000e+00
294 297 5.205181e-03 8.249656e-04 1 2 1 3 3.986190e-13 0.000000e+00
294 298 5.205181e-03 1.038570e-03 1 2 1 3 6.318111e-13 0.000000e+00
294 299 5.205181e-03 1.307482e-03 1 2 1 3 1.001504e-12 0.000000e+00
294 300 5.205181e-03 1.646023e-03 1 2 1 3 1.587989e-12 0.000000e+00
294 301 5.205181e-03 2.072220e-03 1 2 1 3 2.519988e-12 0.000000e+00
294 302 5.205181e-03 2.608770e-03 1 2 1 3 4.008427e-12 0.000000e+00
294 303 5.205181e-03 3.284247e-03 1 2 1 3 6.421694e-12 0.000000e+00
294 304 5.205181e-03 4.134622e-03 1 2 1 3 1.053828e-11 0.000000e+00
294 305 5.205181e-03 5.205181e-03 1 2 1 3 0.000000e+00 0.000000e+00
294 306 5.205181e-03 6.552935e-03 1 2 1 3 1.097319e-11 0.000000e+00
294 307 5.205181e-03 8.249656e-03 1 2 1 3 7.599953e-12 0.000000e+00
295 297 6.552935e-03 8.249656e-04 1 2 1 3 2.762244e-13 0.000000e+00
295 298 6.552935e-03 1.038570e-03 1 2 1 3 4.374606e-13 0.000000e+00
295 299 6.552935e-03 1.307482e-03 1 2 1 3 6.925711e-13 0.000000e+00
295 300 6.552935e-03 1.646023e-03 1 2 1 3 1.095770e-12 0.000000e+00
295 301 6.552935e-03 2.072220e-03 1 2 1 3 1.732270e-12 0.000000e+00
295 302 6.552935e-03 2.608770e-03 1 2 1 3 2.735608e-12 0.000000e+00
295 303 6.552935e-03 3.284247e-03 1 2 1 3 4.316643e-12 0.000000e+00
295 304 6.552935e-03 4.134622e-03 1 2 1 3 6.824289e-12 0.000000e+00
295 305 6.552935e-03 5.205181e-03 1 2 1 3 1.097319e-11 0.000000e+00
295 306 6.552935e-03 6.552935e-03 1 2 1 3 0.000000e+00 0.000000e+00
295 307 6.552935e-03 8.249656e-03 1 2 1 3 1.192516e-11 0.000000e+00
296 297 8.249656e-03 8.249656e-04 1 2 1 3 2.005384e-13 0.000000e+00
296 298 8.249656e-03 1.038570e-03 1 2 1 3 3.175537e-13 0.000000e+00
296 299 8.249656e-03 1.307482e-03 1 2 1 3 5.026281e-13 0.000000e+00
296 300 8.249656e-03 1.646023e-03 1 2 1 3 7.949074e-13 0.000000e+00
296 301 8.249656e-03 2.072220e-03 1 2 1 3 1.255645e-12 0.000000e+00
296 302 8.249656e-03 2.608770e-03 1 2 1 3 1.979657e-12 0.000000e+00
296 303 8.249656e-03 3.284247e-03 1 2 1 3 3.112268e-12 0.000000e+00
296 304 8.249656e-03 4.134622e-03 1 2 1 3 4.873390e-12 0.000000e+00
296 305 8.249656e-03 5.205181e-03 1 2 1 3 7.599953e-12 0.000000e+00
296 306 8.249656e-03 6.552935e-03 1 2 1 3 1.192516e-11 0.000000e+00
296 307 8.249656e-03 8.249656e-03 1 2 1 3 0.000000e+00 0.000000e+00
