# Please cite the following papers in research using this covariance:
# arXiv: 1601.05779, https://arxiv.org/abs/1601.05779
# arXiv: 1911.11947, https://arxiv.org/abs/1911.11947
# arXiv: 2004.04833, https://arxiv.org/abs/2004.04833
# arXiv: 1804.10663, https://arxiv.org/abs/1804.10663
########################################################
220 407 8.249656e-04 8.249656e-04 0 0 4 1 0.000000e+00 0.000000e+00
220 408 8.249656e-04 1.038570e-03 0 0 4 1 6.645122e-14 0.000000e+00
220 409 8.249656e-04 1.307482e-03 0 0 4 1 5.886161e-14 0.000000e+00
220 410 8.249656e-04 1.646023e-03 0 0 4 1 4.726112e-14 0.000000e+00
220 411 8.249656e-04 2.072220e-03 0 0 4 1 3.546731e-14 0.000000e+00
220 412 8.249656e-04 2.608770e-03 0 0 4 1 2.537367e-14 0.000000e+00
220 413 8.249656e-04 3.284247e-03 0 0 4 1 1.760745e-14 0.000000e+00
220 414 8.249656e-04 4.134622e-03 0 0 4 1 1.205720e-14 0.000000e+00
220 415 8.249656e-04 5.205181e-03 0 0 4 1 8.281981e-15 0.000000e+00
220 416 8.249656e-04 6.552935e-03 0 0 4 1 5.779607e-15 0.000000e+00
220 417 8.249656e-04 8.249656e-03 0 0 4 1 4.124148e-15 0.000000e+00
221 407 1.038570e-03 8.249656e-04 0 0 4 1 6.645122e-14 0.000000e+00
221 408 1.038570e-03 1.038570e-03 0 0 4 1 0.000000e+00 0.000000e+00
221 409 1.038570e-03 1.307482e-03 0 0 4 1 8.335460e-14 0.000000e+00
221 410 1.038570e-03 1.646023e-03 0 0 4 1 7.101947e-14 0.000000e+00
221 411 1.038570e-03 2.072220e-03 0 0 4 1 5.481467e-14 0.000000e+00
221 412 1.038570e-03 2.608770e-03 0 0 4 1 3.975177e-14 0.000000e+00
221 413 1.038570e-03 3.284247e-03 0 0 4 1 2.776022e-14 0.000000e+00
221 414 1.038570e-03 4.134622e-03 0 0 4 1 1.906164e-14 0.000000e+00
221 415 1.038570e-03 5.205181e-03 0 0 4 1 1.310722e-14 0.000000e+00
221 416 1.038570e-03 6.552935e-03 0 0 4 1 9.150703e-15 0.000000e+00
221 417 1.038570e-03 8.249656e-03 0 0 4 1 6.531099e-15 0.000000e+00
222 407 1.307482e-03 8.249656e-04 0 0 4 1 5.886161e-14 0.000000e+00
222 408 1.307482e-03 1.038570e-03 0 0 4 1 8.335460e-14 0.000000e+00
222 409 1.307482e-03 1.307482e-03 0 0 4 1 0.000000e+00 0.000000e+00
222 410 1.307482e-03 1.646023e-03 0 0 4 1 1.011735e-13 0.000000e+00
222 411 1.307482e-03 2.072220e-03 0 0 4 1 8.290220e-14 0.000000e+00
222 412 1.307482e-03 2.608770e-03 0 0 4 1 6.172088e-14 0.000000e+00
222 413 1.307482e-03 3.284247e-03 0 0 4 1 4.360441e-14 0.000000e+00
222 414 1.307482e-03 4.134622e-03 0 0 4 1 3.008560e-14 0.000000e+00
222 415 1.307482e-03 5.205181e-03 0 0 4 1 2.072542e-14 0.000000e+00
222 416 1.307482e-03 6.552935e-03 0 0 4 1 1.447930e-14 0.000000e+00
222 417 1.307482e-03 8.249656e-03 0 0 4 1 1.033796e-14 0.000000e+00
223 407 1.646023e-03 8.249656e-04 0 0 4 1 4.726112e-14 0.000000e+00
223 408 1.646023e-03 1.038570e-03 0 0 4 1 7.101947e-14 0.000000e+00
223 409 1.646023e-03 1.307482e-03 0 0 4 1 1.011735e-13 0.000000e+00
223 410 1.646023e-03 1.646023e-03 0 0 4 1 0.000000e+00 0.000000e+00
223 411 1.646023e-03 2.072220e-03 0 0 4 1 1.191039e-13 0.000000e+00
223 412 1.646023e-03 2.608770e-03 0 0 4 1 9.404052e-14 0.000000e+00
223 413 1.646023e-03 3.284247e-03 0 0 4 1 6.800078e-14 0.000000e+00
223 414 1.646023e-03 4.134622e-03 0 0 4 1 4.734561e-14 0.000000e+00
223 415 1.646023e-03 5.205181e-03 0 0 4 1 3.272315e-14 0.000000e+00
223 416 1.646023e-03 6.552935e-03 0 0 4 1 2.288840e-14 0.000000e+00
223 417 1.646023e-03 8.249656e-03 0 0 4 1 1.635145e-14 0.000000e+00
224 407 2.072220e-03 8.249656e-04 0 0 4 1 3.546731e-14 0.000000e+00
224 408 2.072220e-03 1.038570e-03 0 0 4 1 5.481467e-14 0.000000e+00
224 409 2.072220e-03 1.307482e-03 0 0 4 1 8.290220e-14 0.000000e+00
224 410 2.072220e-03 1.646023e-03 0 0 4 1 1.191039e-13 0.000000e+00
224 411 2.072220e-03 2.072220e-03 0 0 4 1 0.000000e+00 0.000000e+00
224 412 2.072220e-03 2.608770e-03 0 0 4 1 1.365550e-13 0.000000e+00
224 413 2.072220e-03 3.284247e-03 0 0 4 1 1.043869e-13 0.000000e+00
224 414 2.072220e-03 4.134622e-03 0 0 4 1 7.408393e-14 0.000000e+00
224 415 2.072220e-03 5.205181e-03 0 0 4 1 5.153392e-14 0.000000e+00
224 416 2.072220e-03 6.552935e-03 0 0 4 1 3.612360e-14 0.000000e+00
224 417 2.072220e-03 8.249656e-03 0 0 4 1 2.583191e-14 0.000000e+00
225 407 2.608770e-03 8.249656e-04 0 0 4 1 2.537367e-14 0.000000e+00
225 408 2.608770e-03 1.038570e-03 0 0 4 1 3.975177e-14 0.000000e+00
225 409 2.608770e-03 1.307482e-03 0 0 4 1 6.172088e-14 0.000000e+00
225 410 2.608770e-03 1.646023e-03 0 0 4 1 9.404052e-14 0.000000e+00
225 411 2.608770e-03 2.072220e-03 0 0 4 1 1.365550e-13 0.000000e+00
225 412 2.608770e-03 2.608770e-03 0 0 4 1 0.000000e+00 0.000000e+00
225 413 2.608770e-03 3.284247e-03 0 0 4 1 1.534055e-13 0.000000e+00
225 414 2.608770e-03 4.134622e-03 0 0 4 1 1.144464e-13 0.000000e+00
225 415 2.608770e-03 5.205181e-03 0 0 4 1 8.076874e-14 0.000000e+00
225 416 2.608770e-03 6.552935e-03 0 0 4 1 5.686040e-14 0.000000e+00
225 417 2.608770e-03 8.249656e-03 0 0 4 1 4.073015e-14 0.000000e+00
226 407 3.284247e-03 8.249656e-04 0 0 4 1 1.760745e-14 0.000000e+00
226 408 3.284247e-03 1.038570e-03 0 0 4 1 2.776022e-14 0.000000e+00
226 409 3.284247e-03 1.307482e-03 0 0 4 1 4.360441e-14 0.000000e+00
226 410 3.284247e-03 1.646023e-03 0 0 4 1 6.800078e-14 0.000000e+00
226 411 3.284247e-03 2.072220e-03 0 0 4 1 1.043869e-13 0.000000e+00
226 412 3.284247e-03 2.608770e-03 0 0 4 1 1.534055e-13 0.000000e+00
226 413 3.284247e-03 3.284247e-03 0 0 4 1 0.000000e+00 0.000000e+00
226 414 3.284247e-03 4.134622e-03 0 0 4 1 1.701700e-13 0.000000e+00
226 415 3.284247e-03 5.205181e-03 0 0 4 1 1.252606e-13 0.000000e+00
226 416 3.284247e-03 6.552935e-03 0 0 4 1 8.908239e-14 0.000000e+00
226 417 3.284247e-03 8.249656e-03 0 0 4 1 6.401828e-14 0.000000e+00
227 407 4.134622e-03 8.249656e-04 0 0 4 1 1.205720e-14 0.000000e+00
227 408 4.134622e-03 1.038570e-03 0 0 4 1 1.906164e-14 0.000000e+00
227 409 4.134622e-03 1.307482e-03 0 0 4 1 3.008560e-14 0.000000e+00
227 410 4.134622e-03 1.646023e-03 0 0 4 1 4.734561e-14 0.000000e+00
227 411 4.134622e-03 2.072220e-03 0 0 4 1 7.408393e-14 0.000000e+00
227 412 4.134622e-03 2.608770e-03 0 0 4 1 1.144464e-13 0.000000e+00
227 413 4.134622e-03 3.284247e-03 0 0 4 1 1.701700e-13 0.000000e+00
227 414 4.134622e-03 4.134622e-03 0 0 4 1 0.000000e+00 0.000000e+00
227 415 4.134622e-03 5.205181e-03 0 0 4 1 1.880185e-13 0.000000e+00
227 416 4.134622e-03 6.552935e-03 0 0 4 1 1.382525e-13 0.000000e+00
227 417 4.134622e-03 8.249656e-03 0 0 4 1 1.000893e-13 0.000000e+00
228 407 5.205181e-03 8.249656e-04 0 0 4 1 8.281981e-15 0.000000e+00
228 408 5.205181e-03 1.038570e-03 0 0 4 1 1.310722e-14 0.000000e+00
228 409 5.205181e-03 1.307482e-03 0 0 4 1 2.072542e-14 0.000000e+00
228 410 5.205181e-03 1.646023e-03 0 0 4 1 3.272315e-14 0.000000e+00
228 411 5.205181e-03 2.072220e-03 0 0 4 1 5.153392e-14 0.000000e+00
228 412 5.205181e-03 2.608770e-03 0 0 4 1 8.076874e-14 0.000000e+00
228 413 5.205181e-03 3.284247e-03 0 0 4 1 1.252606e-13 0.000000e+00
228 414 5.205181e-03 4.134622e-03 0 0 4 1 1.880185e-13 0.000000e+00
228 415 5.205181e-03 5.205181e-03 0 0 4 1 0.000000e+00 0.000000e+00
228 416 5.205181e-03 6.552935e-03 0 0 4 1 2.086462e-13 0.000000e+00
228 417 5.205181e-03 8.249656e-03 0 0 4 1 1.549734e-13 0.000000e+00
229 407 6.552935e-03 8.249656e-04 0 0 4 1 5.779607e-15 0.000000e+00
229 408 6.552935e-03 1.038570e-03 0 0 4 1 9.150703e-15 0.000000e+00
229 409 6.552935e-03 1.307482e-03 0 0 4 1 1.447930e-14 0.000000e+00
229 410 6.552935e-03 1.646023e-03 0 0 4 1 2.288840e-14 0.000000e+00
229 411 6.552935e-03 2.072220e-03 0 0 4 1 3.612360e-14 0.000000e+00
229 412 6.552935e-03 2.608770e-03 0 0 4 1 5.686040e-14 0.000000e+00
229 413 6.552935e-03 3.284247e-03 0 0 4 1 8.908239e-14 0.000000e+00
229 414 6.552935e-03 4.134622e-03 0 0 4 1 1.382525e-13 0.000000e+00
229 415 6.552935e-03 5.205181e-03 0 0 4 1 2.086462e-13 0.000000e+00
229 416 6.552935e-03 6.552935e-03 0 0 4 1 0.000000e+00 0.000000e+00
229 417 6.552935e-03 8.249656e-03 0 0 4 1 2.340016e-13 0.000000e+00
230 407 8.249656e-03 8.249656e-04 0 0 4 1 4.124148e-15 0.000000e+00
230 408 8.249656e-03 1.038570e-03 0 0 4 1 6.531099e-15 0.000000e+00
230 409 8.249656e-03 1.307482e-03 0 0 4 1 1.033796e-14 0.000000e+00
230 410 8.249656e-03 1.646023e-03 0 0 4 1 1.635145e-14 0.000000e+00
230 411 8.249656e-03 2.072220e-03 0 0 4 1 2.583191e-14 0.000000e+00
230 412 8.249656e-03 2.608770e-03 0 0 4 1 4.073015e-14 0.000000e+00
230 413 8.249656e-03 3.284247e-03 0 0 4 1 6.401828e-14 0.000000e+00
230 414 8.249656e-03 4.134622e-03 0 0 4 1 1.000893e-13 0.000000e+00
230 415 8.249656e-03 5.205181e-03 0 0 4 1 1.549734e-13 0.000000e+00
230 416 8.249656e-03 6.552935e-03 0 0 4 1 2.340016e-13 0.000000e+00
230 417 8.249656e-03 8.249656e-03 0 0 4 1 0.000000e+00 0.000000e+00
