# Please cite the following papers in research using this covariance:
# arXiv: 1601.05779, https://arxiv.org/abs/1601.05779
# arXiv: 1911.11947, https://arxiv.org/abs/1911.11947
# arXiv: 2004.04833, https://arxiv.org/abs/2004.04833
# arXiv: 1804.10663, https://arxiv.org/abs/1804.10663
########################################################
264 363 8.249656e-04 8.249656e-04 1 0 3 1 0.000000e+00 0.000000e+00
264 364 8.249656e-04 1.038570e-03 1 0 3 1 4.647587e-14 0.000000e+00
264 365 8.249656e-04 1.307482e-03 1 0 3 1 3.949626e-14 0.000000e+00
264 366 8.249656e-04 1.646023e-03 1 0 3 1 3.035524e-14 0.000000e+00
264 367 8.249656e-04 2.072220e-03 1 0 3 1 2.196592e-14 0.000000e+00
264 368 8.249656e-04 2.608770e-03 1 0 3 1 1.536836e-14 0.000000e+00
264 369 8.249656e-04 3.284247e-03 1 0 3 1 1.061971e-14 0.000000e+00
264 370 8.249656e-04 4.134622e-03 1 0 3 1 7.378891e-15 0.000000e+00
264 371 8.249656e-04 5.205181e-03 1 0 3 1 5.223917e-15 0.000000e+00
264 372 8.249656e-04 6.552935e-03 1 0 3 1 3.790970e-15 0.000000e+00
264 373 8.249656e-04 8.249656e-03 1 0 3 1 2.814643e-15 0.000000e+00
265 363 1.038570e-03 8.249656e-04 1 0 3 1 4.647587e-14 0.000000e+00
265 364 1.038570e-03 1.038570e-03 1 0 3 1 0.000000e+00 0.000000e+00
265 365 1.038570e-03 1.307482e-03 1 0 3 1 5.626486e-14 0.000000e+00
265 366 1.038570e-03 1.646023e-03 1 0 3 1 4.595882e-14 0.000000e+00
265 367 1.038570e-03 2.072220e-03 1 0 3 1 3.412907e-14 0.000000e+00
265 368 1.038570e-03 2.608770e-03 1 0 3 1 2.414371e-14 0.000000e+00
265 369 1.038570e-03 3.284247e-03 1 0 3 1 1.675931e-14 0.000000e+00
265 370 1.038570e-03 4.134622e-03 1 0 3 1 1.166532e-14 0.000000e+00
265 371 1.038570e-03 5.205181e-03 1 0 3 1 8.264329e-15 0.000000e+00
265 372 1.038570e-03 6.552935e-03 1 0 3 1 5.999769e-15 0.000000e+00
265 373 1.038570e-03 8.249656e-03 1 0 3 1 4.456044e-15 0.000000e+00
266 363 1.307482e-03 8.249656e-04 1 0 3 1 3.949626e-14 0.000000e+00
266 364 1.307482e-03 1.038570e-03 1 0 3 1 5.626486e-14 0.000000e+00
266 365 1.307482e-03 1.307482e-03 1 0 3 1 0.000000e+00 0.000000e+00
266 366 1.307482e-03 1.646023e-03 1 0 3 1 6.609087e-14 0.000000e+00
266 367 1.307482e-03 2.072220e-03 1 0 3 1 5.206071e-14 0.000000e+00
266 368 1.307482e-03 2.608770e-03 1 0 3 1 3.766511e-14 0.000000e+00
266 369 1.307482e-03 3.284247e-03 1 0 3 1 2.636978e-14 0.000000e+00
266 370 1.307482e-03 4.134622e-03 1 0 3 1 1.841250e-14 0.000000e+00
266 371 1.307482e-03 5.205181e-03 1 0 3 1 1.306011e-14 0.000000e+00
266 372 1.307482e-03 6.552935e-03 1 0 3 1 9.487588e-15 0.000000e+00
266 373 1.307482e-03 8.249656e-03 1 0 3 1 7.050151e-15 0.000000e+00
267 363 1.646023e-03 8.249656e-04 1 0 3 1 3.035524e-14 0.000000e+00
267 364 1.646023e-03 1.038570e-03 1 0 3 1 4.595882e-14 0.000000e+00
267 365 1.646023e-03 1.307482e-03 1 0 3 1 6.609087e-14 0.000000e+00
267 366 1.646023e-03 1.646023e-03 1 0 3 1 0.000000e+00 0.000000e+00
267 367 1.646023e-03 2.072220e-03 1 0 3 1 7.571183e-14 0.000000e+00
267 368 1.646023e-03 2.608770e-03 1 0 3 1 5.786489e-14 0.000000e+00
267 369 1.646023e-03 3.284247e-03 1 0 3 1 4.125589e-14 0.000000e+00
267 370 1.646023e-03 4.134622e-03 1 0 3 1 2.898317e-14 0.000000e+00
267 371 1.646023e-03 5.205181e-03 1 0 3 1 2.060245e-14 0.000000e+00
267 372 1.646023e-03 6.552935e-03 1 0 3 1 1.498288e-14 0.000000e+00
267 373 1.646023e-03 8.249656e-03 1 0 3 1 1.114301e-14 0.000000e+00
268 363 2.072220e-03 8.249656e-04 1 0 3 1 2.196592e-14 0.000000e+00
268 364 2.072220e-03 1.038570e-03 1 0 3 1 3.412907e-14 0.000000e+00
268 365 2.072220e-03 1.307482e-03 1 0 3 1 5.206071e-14 0.000000e+00
268 366 2.072220e-03 1.646023e-03 1 0 3 1 7.571183e-14 0.000000e+00
268 367 2.072220e-03 2.072220e-03 1 0 3 1 0.000000e+00 0.000000e+00
268 368 2.072220e-03 2.608770e-03 1 0 3 1 8.516641e-14 0.000000e+00
268 369 2.072220e-03 3.284247e-03 1 0 3 1 6.373822e-14 0.000000e+00
268 370 2.072220e-03 4.134622e-03 1 0 3 1 4.539457e-14 0.000000e+00
268 371 2.072220e-03 5.205181e-03 1 0 3 1 3.240547e-14 0.000000e+00
268 372 2.072220e-03 6.552935e-03 1 0 3 1 2.361018e-14 0.000000e+00
268 373 2.072220e-03 8.249656e-03 1 0 3 1 1.758319e-14 0.000000e+00
269 363 2.608770e-03 8.249656e-04 1 0 3 1 1.536836e-14 0.000000e+00
269 364 2.608770e-03 1.038570e-03 1 0 3 1 2.414371e-14 0.000000e+00
269 365 2.608770e-03 1.307482e-03 1 0 3 1 3.766511e-14 0.000000e+00
269 366 2.608770e-03 1.646023e-03 1 0 3 1 5.786489e-14 0.000000e+00
269 367 2.608770e-03 2.072220e-03 1 0 3 1 8.516641e-14 0.000000e+00
269 368 2.608770e-03 2.608770e-03 1 0 3 1 0.000000e+00 0.000000e+00
269 369 2.608770e-03 3.284247e-03 1 0 3 1 9.485787e-14 0.000000e+00
269 370 2.608770e-03 4.134622e-03 1 0 3 1 7.034523e-14 0.000000e+00
269 371 2.608770e-03 5.205181e-03 1 0 3 1 5.071163e-14 0.000000e+00
269 372 2.608770e-03 6.552935e-03 1 0 3 1 3.707488e-14 0.000000e+00
269 373 2.608770e-03 8.249656e-03 1 0 3 1 2.767274e-14 0.000000e+00
270 363 3.284247e-03 8.249656e-04 1 0 3 1 1.061971e-14 0.000000e+00
270 364 3.284247e-03 1.038570e-03 1 0 3 1 1.675931e-14 0.000000e+00
270 365 3.284247e-03 1.307482e-03 1 0 3 1 2.636978e-14 0.000000e+00
270 366 3.284247e-03 1.646023e-03 1 0 3 1 4.125589e-14 0.000000e+00
270 367 3.284247e-03 2.072220e-03 1 0 3 1 6.373822e-14 0.000000e+00
270 368 3.284247e-03 2.608770e-03 1 0 3 1 9.485787e-14 0.000000e+00
270 369 3.284247e-03 3.284247e-03 1 0 3 1 0.000000e+00 0.000000e+00
270 370 3.284247e-03 4.134622e-03 1 0 3 1 1.055683e-13 0.000000e+00
270 371 3.284247e-03 5.205181e-03 1 0 3 1 7.857430e-14 0.000000e+00
270 372 3.284247e-03 6.552935e-03 1 0 3 1 5.787818e-14 0.000000e+00
270 373 3.284247e-03 8.249656e-03 1 0 3 1 4.336656e-14 0.000000e+00
271 363 4.134622e-03 8.249656e-04 1 0 3 1 7.378891e-15 0.000000e+00
271 364 4.134622e-03 1.038570e-03 1 0 3 1 1.166532e-14 0.000000e+00
271 365 4.134622e-03 1.307482e-03 1 0 3 1 1.841250e-14 0.000000e+00
271 366 4.134622e-03 1.646023e-03 1 0 3 1 2.898317e-14 0.000000e+00
271 367 4.134622e-03 2.072220e-03 1 0 3 1 4.539457e-14 0.000000e+00
271 368 4.134622e-03 2.608770e-03 1 0 3 1 7.034523e-14 0.000000e+00
271 369 4.134622e-03 3.284247e-03 1 0 3 1 1.055683e-13 0.000000e+00
271 370 4.134622e-03 4.134622e-03 1 0 3 1 0.000000e+00 0.000000e+00
271 371 4.134622e-03 5.205181e-03 1 0 3 1 1.183938e-13 0.000000e+00
271 372 4.134622e-03 6.552935e-03 1 0 3 1 8.940752e-14 0.000000e+00
271 373 4.134622e-03 8.249656e-03 1 0 3 1 6.748362e-14 0.000000e+00
272 363 5.205181e-03 8.249656e-04 1 0 3 1 5.223917e-15 0.000000e+00
272 364 5.205181e-03 1.038570e-03 1 0 3 1 8.264329e-15 0.000000e+00
272 365 5.205181e-03 1.307482e-03 1 0 3 1 1.306011e-14 0.000000e+00
272 366 5.205181e-03 1.646023e-03 1 0 3 1 2.060245e-14 0.000000e+00
272 367 5.205181e-03 2.072220e-03 1 0 3 1 3.240547e-14 0.000000e+00
272 368 5.205181e-03 2.608770e-03 1 0 3 1 5.071163e-14 0.000000e+00
272 369 5.205181e-03 3.284247e-03 1 0 3 1 7.857430e-14 0.000000e+00
272 370 5.205181e-03 4.134622e-03 1 0 3 1 1.183938e-13 0.000000e+00
272 371 5.205181e-03 5.205181e-03 1 0 3 1 0.000000e+00 0.000000e+00
272 372 5.205181e-03 6.552935e-03 1 0 3 1 1.345998e-13 0.000000e+00
272 373 5.205181e-03 8.249656e-03 1 0 3 1 1.037434e-13 0.000000e+00
273 363 6.552935e-03 8.249656e-04 1 0 3 1 3.790970e-15 0.000000e+00
273 364 6.552935e-03 1.038570e-03 1 0 3 1 5.999769e-15 0.000000e+00
273 365 6.552935e-03 1.307482e-03 1 0 3 1 9.487588e-15 0.000000e+00
273 366 6.552935e-03 1.646023e-03 1 0 3 1 1.498288e-14 0.000000e+00
273 367 6.552935e-03 2.072220e-03 1 0 3 1 2.361018e-14 0.000000e+00
273 368 6.552935e-03 2.608770e-03 1 0 3 1 3.707488e-14 0.000000e+00
273 369 6.552935e-03 3.284247e-03 1 0 3 1 5.787818e-14 0.000000e+00
273 370 6.552935e-03 4.134622e-03 1 0 3 1 8.940752e-14 0.000000e+00
273 371 6.552935e-03 5.205181e-03 1 0 3 1 1.345998e-13 0.000000e+00
273 372 6.552935e-03 6.552935e-03 1 0 3 1 0.000000e+00 0.000000e+00
273 373 6.552935e-03 8.249656e-03 1 0 3 1 1.554008e-13 0.000000e+00
274 363 8.249656e-03 8.249656e-04 1 0 3 1 2.814643e-15 0.000000e+00
274 364 8.249656e-03 1.038570e-03 1 0 3 1 4.456044e-15 0.000000e+00
274 365 8.249656e-03 1.307482e-03 1 0 3 1 7.050151e-15 0.000000e+00
274 366 8.249656e-03 1.646023e-03 1 0 3 1 1.114301e-14 0.000000e+00
274 367 8.249656e-03 2.072220e-03 1 0 3 1 1.758319e-14 0.000000e+00
274 368 8.249656e-03 2.608770e-03 1 0 3 1 2.767274e-14 0.000000e+00
274 369 8.249656e-03 3.284247e-03 1 0 3 1 4.336656e-14 0.000000e+00
274 370 8.249656e-03 4.134622e-03 1 0 3 1 6.748362e-14 0.000000e+00
274 371 8.249656e-03 5.205181e-03 1 0 3 1 1.037434e-13 0.000000e+00
274 372 8.249656e-03 6.552935e-03 1 0 3 1 1.554008e-13 0.000000e+00
274 373 8.249656e-03 8.249656e-03 1 0 3 1 0.000000e+00 0.000000e+00
