# Please cite the following papers in research using this covariance:
# arXiv: 1601.05779, https://arxiv.org/abs/1601.05779
# arXiv: 1911.11947, https://arxiv.org/abs/1911.11947
# arXiv: 2004.04833, https://arxiv.org/abs/2004.04833
# arXiv: 1804.10663, https://arxiv.org/abs/1804.10663
########################################################
220 429 8.249656e-04 8.249656e-04 0 0 4 3 0.000000e+00 0.000000e+00
220 430 8.249656e-04 1.038570e-03 0 0 4 3 1.168085e-13 0.000000e+00
220 431 8.249656e-04 1.307482e-03 0 0 4 3 1.019502e-13 0.000000e+00
220 432 8.249656e-04 1.646023e-03 0 0 4 3 8.058015e-14 0.000000e+00
220 433 8.249656e-04 2.072220e-03 0 0 4 3 5.962928e-14 0.000000e+00
220 434 8.249656e-04 2.608770e-03 0 0 4 3 4.222496e-14 0.000000e+00
220 435 8.249656e-04 3.284247e-03 0 0 4 3 2.915826e-14 0.000000e+00
220 436 8.249656e-04 4.134622e-03 0 0 4 3 1.999093e-14 0.000000e+00
220 437 8.249656e-04 5.205181e-03 0 0 4 3 1.382531e-14 0.000000e+00
220 438 8.249656e-04 6.552935e-03 0 0 4 3 9.753216e-15 0.000000e+00
220 439 8.249656e-04 8.249656e-03 0 0 4 3 7.047333e-15 0.000000e+00
221 429 1.038570e-03 8.249656e-04 0 0 4 3 1.168085e-13 0.000000e+00
221 430 1.038570e-03 1.038570e-03 0 0 4 3 0.000000e+00 0.000000e+00
221 431 1.038570e-03 1.307482e-03 0 0 4 3 1.446443e-13 0.000000e+00
221 432 1.038570e-03 1.646023e-03 0 0 4 3 1.213806e-13 0.000000e+00
221 433 1.038570e-03 2.072220e-03 0 0 4 3 9.232531e-14 0.000000e+00
221 434 1.038570e-03 2.608770e-03 0 0 4 3 6.622284e-14 0.000000e+00
221 435 1.038570e-03 3.284247e-03 0 0 4 3 4.599327e-14 0.000000e+00
221 436 1.038570e-03 4.134622e-03 0 0 4 3 3.160766e-14 0.000000e+00
221 437 1.038570e-03 5.205181e-03 0 0 4 3 2.187893e-14 0.000000e+00
221 438 1.038570e-03 6.552935e-03 0 0 4 3 1.544050e-14 0.000000e+00
221 439 1.038570e-03 8.249656e-03 0 0 4 3 1.115933e-14 0.000000e+00
222 429 1.307482e-03 8.249656e-04 0 0 4 3 1.019502e-13 0.000000e+00
222 430 1.307482e-03 1.038570e-03 0 0 4 3 1.446443e-13 0.000000e+00
222 431 1.307482e-03 1.307482e-03 0 0 4 3 0.000000e+00 0.000000e+00
222 432 1.307482e-03 1.646023e-03 0 0 4 3 1.734329e-13 0.000000e+00
222 433 1.307482e-03 2.072220e-03 0 0 4 3 1.400360e-13 0.000000e+00
222 434 1.307482e-03 2.608770e-03 0 0 4 3 1.030053e-13 0.000000e+00
222 435 1.307482e-03 3.284247e-03 0 0 4 3 7.230255e-14 0.000000e+00
222 436 1.307482e-03 4.134622e-03 0 0 4 3 4.989704e-14 0.000000e+00
222 437 1.307482e-03 5.205181e-03 0 0 4 3 3.459254e-14 0.000000e+00
222 438 1.307482e-03 6.552935e-03 0 0 4 3 2.442798e-14 0.000000e+00
222 439 1.307482e-03 8.249656e-03 0 0 4 3 1.766143e-14 0.000000e+00
223 429 1.646023e-03 8.249656e-04 0 0 4 3 8.058015e-14 0.000000e+00
223 430 1.646023e-03 1.038570e-03 0 0 4 3 1.213806e-13 0.000000e+00
223 431 1.646023e-03 1.307482e-03 0 0 4 3 1.734329e-13 0.000000e+00
223 432 1.646023e-03 1.646023e-03 0 0 4 3 0.000000e+00 0.000000e+00
223 433 1.646023e-03 2.072220e-03 0 0 4 3 2.019896e-13 0.000000e+00
223 434 1.646023e-03 2.608770e-03 0 0 4 3 1.574148e-13 0.000000e+00
223 435 1.646023e-03 3.284247e-03 0 0 4 3 1.129170e-13 0.000000e+00
223 436 1.646023e-03 4.134622e-03 0 0 4 3 7.855231e-14 0.000000e+00
223 437 1.646023e-03 5.205181e-03 0 0 4 3 5.461167e-14 0.000000e+00
223 438 1.646023e-03 6.552935e-03 0 0 4 3 3.860565e-14 0.000000e+00
223 439 1.646023e-03 8.249656e-03 0 0 4 3 2.792870e-14 0.000000e+00
224 429 2.072220e-03 8.249656e-04 0 0 4 3 5.962928e-14 0.000000e+00
224 430 2.072220e-03 1.038570e-03 0 0 4 3 9.232531e-14 0.000000e+00
224 431 2.072220e-03 1.307482e-03 0 0 4 3 1.400360e-13 0.000000e+00
224 432 2.072220e-03 1.646023e-03 0 0 4 3 2.019896e-13 0.000000e+00
224 433 2.072220e-03 2.072220e-03 0 0 4 3 0.000000e+00 0.000000e+00
224 434 2.072220e-03 2.608770e-03 0 0 4 3 2.296446e-13 0.000000e+00
224 435 2.072220e-03 3.284247e-03 0 0 4 3 1.737947e-13 0.000000e+00
224 436 2.072220e-03 4.134622e-03 0 0 4 3 1.230107e-13 0.000000e+00
224 437 2.072220e-03 5.205181e-03 0 0 4 3 8.599465e-14 0.000000e+00
224 438 2.072220e-03 6.552935e-03 0 0 4 3 6.090676e-14 0.000000e+00
224 439 2.072220e-03 8.249656e-03 0 0 4 3 4.410612e-14 0.000000e+00
225 429 2.608770e-03 8.249656e-04 0 0 4 3 4.222496e-14 0.000000e+00
225 430 2.608770e-03 1.038570e-03 0 0 4 3 6.622284e-14 0.000000e+00
225 431 2.608770e-03 1.307482e-03 0 0 4 3 1.030053e-13 0.000000e+00
225 432 2.608770e-03 1.646023e-03 0 0 4 3 1.574148e-13 0.000000e+00
225 433 2.608770e-03 2.072220e-03 0 0 4 3 2.296446e-13 0.000000e+00
225 434 2.608770e-03 2.608770e-03 0 0 4 3 0.000000e+00 0.000000e+00
225 435 2.608770e-03 3.284247e-03 0 0 4 3 2.566114e-13 0.000000e+00
225 436 2.608770e-03 4.134622e-03 0 0 4 3 1.903635e-13 0.000000e+00
225 437 2.608770e-03 5.205181e-03 0 0 4 3 1.347763e-13 0.000000e+00
225 438 2.608770e-03 6.552935e-03 0 0 4 3 9.581715e-14 0.000000e+00
225 439 2.608770e-03 8.249656e-03 0 0 4 3 6.950547e-14 0.000000e+00
226 429 3.284247e-03 8.249656e-04 0 0 4 3 2.915826e-14 0.000000e+00
226 430 3.284247e-03 1.038570e-03 0 0 4 3 4.599327e-14 0.000000e+00
226 431 3.284247e-03 1.307482e-03 0 0 4 3 7.230255e-14 0.000000e+00
226 432 3.284247e-03 1.646023e-03 0 0 4 3 1.129170e-13 0.000000e+00
226 433 3.284247e-03 2.072220e-03 0 0 4 3 1.737947e-13 0.000000e+00
226 434 3.284247e-03 2.608770e-03 0 0 4 3 2.566114e-13 0.000000e+00
226 435 3.284247e-03 3.284247e-03 0 0 4 3 0.000000e+00 0.000000e+00
226 436 3.284247e-03 4.134622e-03 0 0 4 3 2.841815e-13 0.000000e+00
226 437 3.284247e-03 5.205181e-03 0 0 4 3 2.091262e-13 0.000000e+00
226 438 3.284247e-03 6.552935e-03 0 0 4 3 1.499998e-13 0.000000e+00
226 439 3.284247e-03 8.249656e-03 0 0 4 3 1.091523e-13 0.000000e+00
227 429 4.134622e-03 8.249656e-04 0 0 4 3 1.999093e-14 0.000000e+00
227 430 4.134622e-03 1.038570e-03 0 0 4 3 3.160766e-14 0.000000e+00
227 431 4.134622e-03 1.307482e-03 0 0 4 3 4.989704e-14 0.000000e+00
227 432 4.134622e-03 1.646023e-03 0 0 4 3 7.855231e-14 0.000000e+00
227 433 4.134622e-03 2.072220e-03 0 0 4 3 1.230107e-13 0.000000e+00
227 434 4.134622e-03 2.608770e-03 0 0 4 3 1.903635e-13 0.000000e+00
227 435 4.134622e-03 3.284247e-03 0 0 4 3 2.841815e-13 0.000000e+00
227 436 4.134622e-03 4.134622e-03 0 0 4 3 0.000000e+00 0.000000e+00
227 437 4.134622e-03 5.205181e-03 0 0 4 3 3.146886e-13 0.000000e+00
227 438 4.134622e-03 6.552935e-03 0 0 4 3 2.326079e-13 0.000000e+00
227 439 4.134622e-03 8.249656e-03 0 0 4 3 1.704289e-13 0.000000e+00
228 429 5.205181e-03 8.249656e-04 0 0 4 3 1.382531e-14 0.000000e+00
228 430 5.205181e-03 1.038570e-03 0 0 4 3 2.187893e-14 0.000000e+00
228 431 5.205181e-03 1.307482e-03 0 0 4 3 3.459254e-14 0.000000e+00
228 432 5.205181e-03 1.646023e-03 0 0 4 3 5.461167e-14 0.000000e+00
228 433 5.205181e-03 2.072220e-03 0 0 4 3 8.599465e-14 0.000000e+00
228 434 5.205181e-03 2.608770e-03 0 0 4 3 1.347763e-13 0.000000e+00
228 435 5.205181e-03 3.284247e-03 0 0 4 3 2.091262e-13 0.000000e+00
228 436 5.205181e-03 4.134622e-03 0 0 4 3 3.146886e-13 0.000000e+00
228 437 5.205181e-03 5.205181e-03 0 0 4 3 0.000000e+00 0.000000e+00
228 438 5.205181e-03 6.552935e-03 0 0 4 3 3.512210e-13 0.000000e+00
228 439 5.205181e-03 8.249656e-03 0 0 4 3 2.633918e-13 0.000000e+00
229 429 6.552935e-03 8.249656e-04 0 0 4 3 9.753216e-15 0.000000e+00
229 430 6.552935e-03 1.038570e-03 0 0 4 3 1.544050e-14 0.000000e+00
229 431 6.552935e-03 1.307482e-03 0 0 4 3 2.442798e-14 0.000000e+00
229 432 6.552935e-03 1.646023e-03 0 0 4 3 3.860565e-14 0.000000e+00
229 433 6.552935e-03 2.072220e-03 0 0 4 3 6.090676e-14 0.000000e+00
229 434 6.552935e-03 2.608770e-03 0 0 4 3 9.581715e-14 0.000000e+00
229 435 6.552935e-03 3.284247e-03 0 0 4 3 1.499998e-13 0.000000e+00
229 436 6.552935e-03 4.134622e-03 0 0 4 3 2.326079e-13 0.000000e+00
229 437 6.552935e-03 5.205181e-03 0 0 4 3 3.512210e-13 0.000000e+00
229 438 6.552935e-03 6.552935e-03 0 0 4 3 0.000000e+00 0.000000e+00
229 439 6.552935e-03 8.249656e-03 0 0 4 3 3.971034e-13 0.000000e+00
230 429 8.249656e-03 8.249656e-04 0 0 4 3 7.047333e-15 0.000000e+00
230 430 8.249656e-03 1.038570e-03 0 0 4 3 1.115933e-14 0.000000e+00
230 431 8.249656e-03 1.307482e-03 0 0 4 3 1.766143e-14 0.000000e+00
230 432 8.249656e-03 1.646023e-03 0 0 4 3 2.792870e-14 0.000000e+00
230 433 8.249656e-03 2.072220e-03 0 0 4 3 4.410612e-14 0.000000e+00
230 434 8.249656e-03 2.608770e-03 0 0 4 3 6.950547e-14 0.000000e+00
230 435 8.249656e-03 3.284247e-03 0 0 4 3 1.091523e-13 0.000000e+00
230 436 8.249656e-03 4.134622e-03 0 0 4 3 1.704289e-13 0.000000e+00
230 437 8.249656e-03 5.205181e-03 0 0 4 3 2.633918e-13 0.000000e+00
230 438 8.249656e-03 6.552935e-03 0 0 4 3 3.971034e-13 0.000000e+00
230 439 8.249656e-03 8.249656e-03 0 0 4 3 0.000000e+00 0.000000e+00
