# Please cite the following papers in research using this covariance:
# arXiv: 1601.05779, https://arxiv.org/abs/1601.05779
# arXiv: 1911.11947, https://arxiv.org/abs/1911.11947
# arXiv: 2004.04833, https://arxiv.org/abs/2004.04833
# arXiv: 1804.10663, https://arxiv.org/abs/1804.10663
########################################################
231 341 8.249656e-04 8.249656e-04 0 1 2 3 0.000000e+00 0.000000e+00
231 342 8.249656e-04 1.038570e-03 0 1 2 3 2.491891e-13 0.000000e+00
231 343 8.249656e-04 1.307482e-03 0 1 2 3 2.175158e-13 0.000000e+00
231 344 8.249656e-04 1.646023e-03 0 1 2 3 1.699697e-13 0.000000e+00
231 345 8.249656e-04 2.072220e-03 0 1 2 3 1.229657e-13 0.000000e+00
231 346 8.249656e-04 2.608770e-03 0 1 2 3 8.440396e-14 0.000000e+00
231 347 8.249656e-04 3.284247e-03 0 1 2 3 5.626809e-14 0.000000e+00
231 348 8.249656e-04 4.134622e-03 0 1 2 3 3.732208e-14 0.000000e+00
231 349 8.249656e-04 5.205181e-03 0 1 2 3 2.517919e-14 0.000000e+00
231 350 8.249656e-04 6.552935e-03 0 1 2 3 1.754331e-14 0.000000e+00
231 351 8.249656e-04 8.249656e-03 0 1 2 3 1.268211e-14 0.000000e+00
232 341 1.038570e-03 8.249656e-04 0 1 2 3 2.491891e-13 0.000000e+00
232 342 1.038570e-03 1.038570e-03 0 1 2 3 0.000000e+00 0.000000e+00
232 343 1.038570e-03 1.307482e-03 0 1 2 3 3.073625e-13 0.000000e+00
232 344 1.038570e-03 1.646023e-03 0 1 2 3 2.558992e-13 0.000000e+00
232 345 1.038570e-03 2.072220e-03 0 1 2 3 1.906697e-13 0.000000e+00
232 346 1.038570e-03 2.608770e-03 0 1 2 3 1.326449e-13 0.000000e+00
232 347 1.038570e-03 3.284247e-03 0 1 2 3 8.891649e-14 0.000000e+00
232 348 1.038570e-03 4.134622e-03 0 1 2 3 5.908224e-14 0.000000e+00
232 349 1.038570e-03 5.205181e-03 0 1 2 3 3.987288e-14 0.000000e+00
232 350 1.038570e-03 6.552935e-03 0 1 2 3 2.778055e-14 0.000000e+00
232 351 1.038570e-03 8.249656e-03 0 1 2 3 2.008335e-14 0.000000e+00
233 341 1.307482e-03 8.249656e-04 0 1 2 3 2.175158e-13 0.000000e+00
233 342 1.307482e-03 1.038570e-03 0 1 2 3 3.073625e-13 0.000000e+00
233 343 1.307482e-03 1.307482e-03 0 1 2 3 0.000000e+00 0.000000e+00
233 344 1.307482e-03 1.646023e-03 0 1 2 3 3.646789e-13 0.000000e+00
233 345 1.307482e-03 2.072220e-03 0 1 2 3 2.896458e-13 0.000000e+00
233 346 1.307482e-03 2.608770e-03 0 1 2 3 2.069460e-13 0.000000e+00
233 347 1.307482e-03 3.284247e-03 0 1 2 3 1.401784e-13 0.000000e+00
233 348 1.307482e-03 4.134622e-03 0 1 2 3 9.345327e-14 0.000000e+00
233 349 1.307482e-03 5.205181e-03 0 1 2 3 6.310942e-14 0.000000e+00
233 350 1.307482e-03 6.552935e-03 0 1 2 3 4.396981e-14 0.000000e+00
233 351 1.307482e-03 8.249656e-03 0 1 2 3 3.178885e-14 0.000000e+00
234 341 1.646023e-03 8.249656e-04 0 1 2 3 1.699697e-13 0.000000e+00
234 342 1.646023e-03 1.038570e-03 0 1 2 3 2.558992e-13 0.000000e+00
234 343 1.646023e-03 1.307482e-03 0 1 2 3 3.646789e-13 0.000000e+00
234 344 1.646023e-03 1.646023e-03 0 1 2 3 0.000000e+00 0.000000e+00
234 345 1.646023e-03 2.072220e-03 0 1 2 3 4.177382e-13 0.000000e+00
234 346 1.646023e-03 2.608770e-03 0 1 2 3 3.175375e-13 0.000000e+00
234 347 1.646023e-03 3.284247e-03 0 1 2 3 2.198920e-13 0.000000e+00
234 348 1.646023e-03 4.134622e-03 0 1 2 3 1.475916e-13 0.000000e+00
234 349 1.646023e-03 5.205181e-03 0 1 2 3 9.980450e-14 0.000000e+00
234 350 1.646023e-03 6.552935e-03 0 1 2 3 6.953869e-14 0.000000e+00
234 351 1.646023e-03 8.249656e-03 0 1 2 3 5.027867e-14 0.000000e+00
235 341 2.072220e-03 8.249656e-04 0 1 2 3 1.229657e-13 0.000000e+00
235 342 2.072220e-03 1.038570e-03 0 1 2 3 1.906697e-13 0.000000e+00
235 343 2.072220e-03 1.307482e-03 0 1 2 3 2.896458e-13 0.000000e+00
235 344 2.072220e-03 1.646023e-03 0 1 2 3 4.177382e-13 0.000000e+00
235 345 2.072220e-03 2.072220e-03 0 1 2 3 0.000000e+00 0.000000e+00
235 346 2.072220e-03 2.608770e-03 0 1 2 3 4.648126e-13 0.000000e+00
235 347 2.072220e-03 3.284247e-03 0 1 2 3 3.406544e-13 0.000000e+00
235 348 2.072220e-03 4.134622e-03 0 1 2 3 2.323209e-13 0.000000e+00
235 349 2.072220e-03 5.205181e-03 0 1 2 3 1.576117e-13 0.000000e+00
235 350 2.072220e-03 6.552935e-03 0 1 2 3 1.098395e-13 0.000000e+00
235 351 2.072220e-03 8.249656e-03 0 1 2 3 7.942802e-14 0.000000e+00
236 341 2.608770e-03 8.249656e-04 0 1 2 3 8.440396e-14 0.000000e+00
236 342 2.608770e-03 1.038570e-03 0 1 2 3 1.326449e-13 0.000000e+00
236 343 2.608770e-03 1.307482e-03 0 1 2 3 2.069460e-13 0.000000e+00
236 344 2.608770e-03 1.646023e-03 0 1 2 3 3.175375e-13 0.000000e+00
236 345 2.608770e-03 2.072220e-03 0 1 2 3 4.648126e-13 0.000000e+00
236 346 2.608770e-03 2.608770e-03 0 1 2 3 0.000000e+00 0.000000e+00
236 347 2.608770e-03 3.284247e-03 0 1 2 3 5.067415e-13 0.000000e+00
236 348 2.608770e-03 4.134622e-03 0 1 2 3 3.624918e-13 0.000000e+00
236 349 2.608770e-03 5.205181e-03 0 1 2 3 2.482337e-13 0.000000e+00
236 350 2.608770e-03 6.552935e-03 0 1 2 3 1.731537e-13 0.000000e+00
236 351 2.608770e-03 8.249656e-03 0 1 2 3 1.252396e-13 0.000000e+00
237 341 3.284247e-03 8.249656e-04 0 1 2 3 5.626809e-14 0.000000e+00
237 342 3.284247e-03 1.038570e-03 0 1 2 3 8.891649e-14 0.000000e+00
237 343 3.284247e-03 1.307482e-03 0 1 2 3 1.401784e-13 0.000000e+00
237 344 3.284247e-03 1.646023e-03 0 1 2 3 2.198920e-13 0.000000e+00
237 345 3.284247e-03 2.072220e-03 0 1 2 3 3.406544e-13 0.000000e+00
237 346 3.284247e-03 2.608770e-03 0 1 2 3 5.067415e-13 0.000000e+00
237 347 3.284247e-03 3.284247e-03 0 1 2 3 0.000000e+00 0.000000e+00
237 348 3.284247e-03 4.134622e-03 0 1 2 3 5.472117e-13 0.000000e+00
237 349 3.284247e-03 5.205181e-03 0 1 2 3 3.884508e-13 0.000000e+00
237 350 3.284247e-03 6.552935e-03 0 1 2 3 2.720806e-13 0.000000e+00
237 351 3.284247e-03 8.249656e-03 0 1 2 3 1.968856e-13 0.000000e+00
238 341 4.134622e-03 8.249656e-04 0 1 2 3 3.732208e-14 0.000000e+00
238 342 4.134622e-03 1.038570e-03 0 1 2 3 5.908224e-14 0.000000e+00
238 343 4.134622e-03 1.307482e-03 0 1 2 3 9.345327e-14 0.000000e+00
238 344 4.134622e-03 1.646023e-03 0 1 2 3 1.475916e-13 0.000000e+00
238 345 4.134622e-03 2.072220e-03 0 1 2 3 2.323209e-13 0.000000e+00
238 346 4.134622e-03 2.608770e-03 0 1 2 3 3.624918e-13 0.000000e+00
238 347 4.134622e-03 3.284247e-03 0 1 2 3 5.472117e-13 0.000000e+00
238 348 4.134622e-03 4.134622e-03 0 1 2 3 0.000000e+00 0.000000e+00
238 349 4.134622e-03 5.205181e-03 0 1 2 3 5.924183e-13 0.000000e+00
238 350 4.134622e-03 6.552935e-03 0 1 2 3 4.249354e-13 0.000000e+00
238 351 4.134622e-03 8.249656e-03 0 1 2 3 3.080641e-13 0.000000e+00
239 341 5.205181e-03 8.249656e-04 0 1 2 3 2.517919e-14 0.000000e+00
239 342 5.205181e-03 1.038570e-03 0 1 2 3 3.987288e-14 0.000000e+00
239 343 5.205181e-03 1.307482e-03 0 1 2 3 6.310942e-14 0.000000e+00
239 344 5.205181e-03 1.646023e-03 0 1 2 3 9.980450e-14 0.000000e+00
239 345 5.205181e-03 2.072220e-03 0 1 2 3 1.576117e-13 0.000000e+00
239 346 5.205181e-03 2.608770e-03 0 1 2 3 2.482337e-13 0.000000e+00
239 347 5.205181e-03 3.284247e-03 0 1 2 3 3.884508e-13 0.000000e+00
239 348 5.205181e-03 4.134622e-03 0 1 2 3 5.924183e-13 0.000000e+00
239 349 5.205181e-03 5.205181e-03 0 1 2 3 0.000000e+00 0.000000e+00
239 350 5.205181e-03 6.552935e-03 0 1 2 3 6.502497e-13 0.000000e+00
239 351 5.205181e-03 8.249656e-03 0 1 2 3 4.783380e-13 0.000000e+00
240 341 6.552935e-03 8.249656e-04 0 1 2 3 1.754331e-14 0.000000e+00
240 342 6.552935e-03 1.038570e-03 0 1 2 3 2.778055e-14 0.000000e+00
240 343 6.552935e-03 1.307482e-03 0 1 2 3 4.396981e-14 0.000000e+00
240 344 6.552935e-03 1.646023e-03 0 1 2 3 6.953869e-14 0.000000e+00
240 345 6.552935e-03 2.072220e-03 0 1 2 3 1.098395e-13 0.000000e+00
240 346 6.552935e-03 2.608770e-03 0 1 2 3 1.731537e-13 0.000000e+00
240 347 6.552935e-03 3.284247e-03 0 1 2 3 2.720806e-13 0.000000e+00
240 348 6.552935e-03 4.134622e-03 0 1 2 3 4.249354e-13 0.000000e+00
240 349 6.552935e-03 5.205181e-03 0 1 2 3 6.502497e-13 0.000000e+00
240 350 6.552935e-03 6.552935e-03 0 1 2 3 0.000000e+00 0.000000e+00
240 351 6.552935e-03 8.249656e-03 0 1 2 3 7.291681e-13 0.000000e+00
241 341 8.249656e-03 8.249656e-04 0 1 2 3 1.268211e-14 0.000000e+00
241 342 8.249656e-03 1.038570e-03 0 1 2 3 2.008335e-14 0.000000e+00
241 343 8.249656e-03 1.307482e-03 0 1 2 3 3.178885e-14 0.000000e+00
241 344 8.249656e-03 1.646023e-03 0 1 2 3 5.027867e-14 0.000000e+00
241 345 8.249656e-03 2.072220e-03 0 1 2 3 7.942802e-14 0.000000e+00
241 346 8.249656e-03 2.608770e-03 0 1 2 3 1.252396e-13 0.000000e+00
241 347 8.249656e-03 3.284247e-03 0 1 2 3 1.968856e-13 0.000000e+00
241 348 8.249656e-03 4.134622e-03 0 1 2 3 3.080641e-13 0.000000e+00
241 349 8.249656e-03 5.205181e-03 0 1 2 3 4.783380e-13 0.000000e+00
241 350 8.249656e-03 6.552935e-03 0 1 2 3 7.291681e-13 0.000000e+00
241 351 8.249656e-03 8.249656e-03 0 1 2 3 0.000000e+00 0.000000e+00
