# Please cite the following papers in research using this covariance:
# arXiv: 1601.05779, https://arxiv.org/abs/1601.05779
# arXiv: 1911.11947, https://arxiv.org/abs/1911.11947
# arXiv: 2004.04833, https://arxiv.org/abs/2004.04833
# arXiv: 1804.10663, https://arxiv.org/abs/1804.10663
########################################################
253 363 8.249656e-04 8.249656e-04 0 3 3 1 0.000000e+00 0.000000e+00
253 364 8.249656e-04 1.038570e-03 0 3 3 1 4.546314e-13 0.000000e+00
253 365 8.249656e-04 1.307482e-03 0 3 3 1 3.818022e-13 0.000000e+00
253 366 8.249656e-04 1.646023e-03 0 3 3 1 2.900144e-13 0.000000e+00
253 367 8.249656e-04 2.072220e-03 0 3 3 1 2.079378e-13 0.000000e+00
253 368 8.249656e-04 2.608770e-03 0 3 3 1 1.448229e-13 0.000000e+00
253 369 8.249656e-04 3.284247e-03 0 3 3 1 1.002211e-13 0.000000e+00
253 370 8.249656e-04 4.134622e-03 0 3 3 1 7.008170e-14 0.000000e+00
253 371 8.249656e-04 5.205181e-03 0 3 3 1 5.000206e-14 0.000000e+00
253 372 8.249656e-04 6.552935e-03 0 3 3 1 3.648748e-14 0.000000e+00
253 373 8.249656e-04 8.249656e-03 0 3 3 1 2.713346e-14 0.000000e+00
254 363 1.038570e-03 8.249656e-04 0 3 3 1 4.546314e-13 0.000000e+00
254 364 1.038570e-03 1.038570e-03 0 3 3 1 0.000000e+00 0.000000e+00
254 365 1.038570e-03 1.307482e-03 0 3 3 1 5.451108e-13 0.000000e+00
254 366 1.038570e-03 1.646023e-03 0 3 3 1 4.400758e-13 0.000000e+00
254 367 1.038570e-03 2.072220e-03 0 3 3 1 3.235675e-13 0.000000e+00
254 368 1.038570e-03 2.608770e-03 0 3 3 1 2.276841e-13 0.000000e+00
254 369 1.038570e-03 3.284247e-03 0 3 3 1 1.581831e-13 0.000000e+00
254 370 1.038570e-03 4.134622e-03 0 3 3 1 1.107760e-13 0.000000e+00
254 371 1.038570e-03 5.205181e-03 0 3 3 1 7.909065e-14 0.000000e+00
254 372 1.038570e-03 6.552935e-03 0 3 3 1 5.774098e-14 0.000000e+00
254 373 1.038570e-03 8.249656e-03 0 3 3 1 4.295565e-14 0.000000e+00
255 363 1.307482e-03 8.249656e-04 0 3 3 1 3.818022e-13 0.000000e+00
255 364 1.307482e-03 1.038570e-03 0 3 3 1 5.451108e-13 0.000000e+00
255 365 1.307482e-03 1.307482e-03 0 3 3 1 0.000000e+00 0.000000e+00
255 366 1.307482e-03 1.646023e-03 0 3 3 1 6.347947e-13 0.000000e+00
255 367 1.307482e-03 2.072220e-03 0 3 3 1 4.947952e-13 0.000000e+00
255 368 1.307482e-03 2.608770e-03 0 3 3 1 3.556480e-13 0.000000e+00
255 369 1.307482e-03 3.284247e-03 0 3 3 1 2.489612e-13 0.000000e+00
255 370 1.307482e-03 4.134622e-03 0 3 3 1 1.748115e-13 0.000000e+00
255 371 1.307482e-03 5.205181e-03 0 3 3 1 1.249533e-13 0.000000e+00
255 372 1.307482e-03 6.552935e-03 0 3 3 1 9.129262e-14 0.000000e+00
255 373 1.307482e-03 8.249656e-03 0 3 3 1 6.795968e-14 0.000000e+00
256 363 1.646023e-03 8.249656e-04 0 3 3 1 2.900144e-13 0.000000e+00
256 364 1.646023e-03 1.038570e-03 0 3 3 1 4.400758e-13 0.000000e+00
256 365 1.646023e-03 1.307482e-03 0 3 3 1 6.347947e-13 0.000000e+00
256 366 1.646023e-03 1.646023e-03 0 3 3 1 0.000000e+00 0.000000e+00
256 367 1.646023e-03 2.072220e-03 0 3 3 1 7.222763e-13 0.000000e+00
256 368 1.646023e-03 2.608770e-03 0 3 3 1 5.476193e-13 0.000000e+00
256 369 1.646023e-03 3.284247e-03 0 3 3 1 3.897435e-13 0.000000e+00
256 370 1.646023e-03 4.134622e-03 0 3 3 1 2.750962e-13 0.000000e+00
256 371 1.646023e-03 5.205181e-03 0 3 3 1 1.970324e-13 0.000000e+00
256 372 1.646023e-03 6.552935e-03 0 3 3 1 1.441331e-13 0.000000e+00
256 373 1.646023e-03 8.249656e-03 0 3 3 1 1.074051e-13 0.000000e+00
257 363 2.072220e-03 8.249656e-04 0 3 3 1 2.079378e-13 0.000000e+00
257 364 2.072220e-03 1.038570e-03 0 3 3 1 3.235675e-13 0.000000e+00
257 365 2.072220e-03 1.307482e-03 0 3 3 1 4.947952e-13 0.000000e+00
257 366 2.072220e-03 1.646023e-03 0 3 3 1 7.222763e-13 0.000000e+00
257 367 2.072220e-03 2.072220e-03 0 3 3 1 0.000000e+00 0.000000e+00
257 368 2.072220e-03 2.608770e-03 0 3 3 1 8.091331e-13 0.000000e+00
257 369 2.072220e-03 3.284247e-03 0 3 3 1 6.029910e-13 0.000000e+00
257 370 2.072220e-03 4.134622e-03 0 3 3 1 4.307582e-13 0.000000e+00
257 371 2.072220e-03 5.205181e-03 0 3 3 1 3.097133e-13 0.000000e+00
257 372 2.072220e-03 6.552935e-03 0 3 3 1 2.270328e-13 0.000000e+00
257 373 2.072220e-03 8.249656e-03 0 3 3 1 1.694603e-13 0.000000e+00
258 363 2.608770e-03 8.249656e-04 0 3 3 1 1.448229e-13 0.000000e+00
258 364 2.608770e-03 1.038570e-03 0 3 3 1 2.276841e-13 0.000000e+00
258 365 2.608770e-03 1.307482e-03 0 3 3 1 3.556480e-13 0.000000e+00
258 366 2.608770e-03 1.646023e-03 0 3 3 1 5.476193e-13 0.000000e+00
258 367 2.608770e-03 2.072220e-03 0 3 3 1 8.091331e-13 0.000000e+00
258 368 2.608770e-03 2.608770e-03 0 3 3 1 0.000000e+00 0.000000e+00
258 369 2.608770e-03 3.284247e-03 0 3 3 1 9.002729e-13 0.000000e+00
258 370 2.608770e-03 4.134622e-03 0 3 3 1 6.676113e-13 0.000000e+00
258 371 2.608770e-03 5.205181e-03 0 3 3 1 4.842304e-13 0.000000e+00
258 372 2.608770e-03 6.552935e-03 0 3 3 1 3.562709e-13 0.000000e+00
258 373 2.608770e-03 8.249656e-03 0 3 3 1 2.666426e-13 0.000000e+00
259 363 3.284247e-03 8.249656e-04 0 3 3 1 1.002211e-13 0.000000e+00
259 364 3.284247e-03 1.038570e-03 0 3 3 1 1.581831e-13 0.000000e+00
259 365 3.284247e-03 1.307482e-03 0 3 3 1 2.489612e-13 0.000000e+00
259 366 3.284247e-03 1.646023e-03 0 3 3 1 3.897435e-13 0.000000e+00
259 367 3.284247e-03 2.072220e-03 0 3 3 1 6.029910e-13 0.000000e+00
259 368 3.284247e-03 2.608770e-03 0 3 3 1 9.002729e-13 0.000000e+00
259 369 3.284247e-03 3.284247e-03 0 3 3 1 0.000000e+00 0.000000e+00
259 370 3.284247e-03 4.134622e-03 0 3 3 1 1.003605e-12 0.000000e+00
259 371 3.284247e-03 5.205181e-03 0 3 3 1 7.494912e-13 0.000000e+00
259 372 3.284247e-03 6.552935e-03 0 3 3 1 5.555871e-13 0.000000e+00
259 373 3.284247e-03 8.249656e-03 0 3 3 1 4.176988e-13 0.000000e+00
260 363 4.134622e-03 8.249656e-04 0 3 3 1 7.008170e-14 0.000000e+00
260 364 4.134622e-03 1.038570e-03 0 3 3 1 1.107760e-13 0.000000e+00
260 365 4.134622e-03 1.307482e-03 0 3 3 1 1.748115e-13 0.000000e+00
260 366 4.134622e-03 1.646023e-03 0 3 3 1 2.750962e-13 0.000000e+00
260 367 4.134622e-03 2.072220e-03 0 3 3 1 4.307582e-13 0.000000e+00
260 368 4.134622e-03 2.608770e-03 0 3 3 1 6.676113e-13 0.000000e+00
260 369 4.134622e-03 3.284247e-03 0 3 3 1 1.003605e-12 0.000000e+00
260 370 4.134622e-03 4.134622e-03 0 3 3 1 0.000000e+00 0.000000e+00
260 371 4.134622e-03 5.205181e-03 0 3 3 1 1.129193e-12 0.000000e+00
260 372 4.134622e-03 6.552935e-03 0 3 3 1 8.568771e-13 0.000000e+00
260 373 4.134622e-03 8.249656e-03 0 3 3 1 6.495146e-13 0.000000e+00
261 363 5.205181e-03 8.249656e-04 0 3 3 1 5.000206e-14 0.000000e+00
261 364 5.205181e-03 1.038570e-03 0 3 3 1 7.909065e-14 0.000000e+00
261 365 5.205181e-03 1.307482e-03 0 3 3 1 1.249533e-13 0.000000e+00
261 366 5.205181e-03 1.646023e-03 0 3 3 1 1.970324e-13 0.000000e+00
261 367 5.205181e-03 2.072220e-03 0 3 3 1 3.097133e-13 0.000000e+00
261 368 5.205181e-03 2.608770e-03 0 3 3 1 4.842304e-13 0.000000e+00
261 369 5.205181e-03 3.284247e-03 0 3 3 1 7.494912e-13 0.000000e+00
261 370 5.205181e-03 4.134622e-03 0 3 3 1 1.129193e-12 0.000000e+00
261 371 5.205181e-03 5.205181e-03 0 3 3 1 0.000000e+00 0.000000e+00
261 372 5.205181e-03 6.552935e-03 0 3 3 1 1.288096e-12 0.000000e+00
261 373 5.205181e-03 8.249656e-03 0 3 3 1 9.971443e-13 0.000000e+00
262 363 6.552935e-03 8.249656e-04 0 3 3 1 3.648748e-14 0.000000e+00
262 364 6.552935e-03 1.038570e-03 0 3 3 1 5.774098e-14 0.000000e+00
262 365 6.552935e-03 1.307482e-03 0 3 3 1 9.129262e-14 0.000000e+00
262 366 6.552935e-03 1.646023e-03 0 3 3 1 1.441331e-13 0.000000e+00
262 367 6.552935e-03 2.072220e-03 0 3 3 1 2.270328e-13 0.000000e+00
262 368 6.552935e-03 2.608770e-03 0 3 3 1 3.562709e-13 0.000000e+00
262 369 6.552935e-03 3.284247e-03 0 3 3 1 5.555871e-13 0.000000e+00
262 370 6.552935e-03 4.134622e-03 0 3 3 1 8.568771e-13 0.000000e+00
262 371 6.552935e-03 5.205181e-03 0 3 3 1 1.288096e-12 0.000000e+00
262 372 6.552935e-03 6.552935e-03 0 3 3 1 0.000000e+00 0.000000e+00
262 373 6.552935e-03 8.249656e-03 0 3 3 1 1.490751e-12 0.000000e+00
263 363 8.249656e-03 8.249656e-04 0 3 3 1 2.713346e-14 0.000000e+00
263 364 8.249656e-03 1.038570e-03 0 3 3 1 4.295565e-14 0.000000e+00
263 365 8.249656e-03 1.307482e-03 0 3 3 1 6.795968e-14 0.000000e+00
263 366 8.249656e-03 1.646023e-03 0 3 3 1 1.074051e-13 0.000000e+00
263 367 8.249656e-03 2.072220e-03 0 3 3 1 1.694603e-13 0.000000e+00
263 368 8.249656e-03 2.608770e-03 0 3 3 1 2.666426e-13 0.000000e+00
263 369 8.249656e-03 3.284247e-03 0 3 3 1 4.176988e-13 0.000000e+00
263 370 8.249656e-03 4.134622e-03 0 3 3 1 6.495146e-13 0.000000e+00
263 371 8.249656e-03 5.205181e-03 0 3 3 1 9.971443e-13 0.000000e+00
263 372 8.249656e-03 6.552935e-03 0 3 3 1 1.490751e-12 0.000000e+00
263 373 8.249656e-03 8.249656e-03 0 3 3 1 0.000000e+00 0.000000e+00
