# Please cite the following papers in research using this covariance:
# arXiv: 1601.05779, https://arxiv.org/abs/1601.05779
# arXiv: 1911.11947, https://arxiv.org/abs/1911.11947
# arXiv: 2004.04833, https://arxiv.org/abs/2004.04833
# arXiv: 1804.10663, https://arxiv.org/abs/1804.10663
########################################################
374 407 8.249656e-04 8.249656e-04 3 2 4 1 0.000000e+00 0.000000e+00
374 408 8.249656e-04 1.038570e-03 3 2 4 1 2.616266e-13 0.000000e+00
374 409 8.249656e-04 1.307482e-03 3 2 4 1 2.169913e-13 0.000000e+00
374 410 8.249656e-04 1.646023e-03 3 2 4 1 1.657250e-13 0.000000e+00
374 411 8.249656e-04 2.072220e-03 3 2 4 1 1.222501e-13 0.000000e+00
374 412 8.249656e-04 2.608770e-03 3 2 4 1 8.941685e-14 0.000000e+00
374 413 8.249656e-04 3.284247e-03 3 2 4 1 6.575416e-14 0.000000e+00
374 414 8.249656e-04 4.134622e-03 3 2 4 1 4.884510e-14 0.000000e+00
374 415 8.249656e-04 5.205181e-03 3 2 4 1 3.659719e-14 0.000000e+00
374 416 8.249656e-04 6.552935e-03 3 2 4 1 2.752615e-14 0.000000e+00
374 417 8.249656e-04 8.249656e-03 3 2 4 1 2.066072e-14 0.000000e+00
375 407 1.038570e-03 8.249656e-04 3 2 4 1 2.616266e-13 0.000000e+00
375 408 1.038570e-03 1.038570e-03 3 2 4 1 0.000000e+00 0.000000e+00
375 409 1.038570e-03 1.307482e-03 3 2 4 1 3.124118e-13 0.000000e+00
375 410 1.038570e-03 1.646023e-03 3 2 4 1 2.523553e-13 0.000000e+00
375 411 1.038570e-03 2.072220e-03 3 2 4 1 1.901037e-13 0.000000e+00
375 412 1.038570e-03 2.608770e-03 3 2 4 1 1.402281e-13 0.000000e+00
375 413 1.038570e-03 3.284247e-03 3 2 4 1 1.035190e-13 0.000000e+00
375 414 1.038570e-03 4.134622e-03 3 2 4 1 7.706619e-14 0.000000e+00
375 415 1.038570e-03 5.205181e-03 3 2 4 1 5.782588e-14 0.000000e+00
375 416 1.038570e-03 6.552935e-03 3 2 4 1 4.353761e-14 0.000000e+00
375 417 1.038570e-03 8.249656e-03 3 2 4 1 3.270223e-14 0.000000e+00
376 407 1.307482e-03 8.249656e-04 3 2 4 1 2.169913e-13 0.000000e+00
376 408 1.307482e-03 1.038570e-03 3 2 4 1 3.124118e-13 0.000000e+00
376 409 1.307482e-03 1.307482e-03 3 2 4 1 0.000000e+00 0.000000e+00
376 410 1.307482e-03 1.646023e-03 3 2 4 1 3.667481e-13 0.000000e+00
376 411 1.307482e-03 2.072220e-03 3 2 4 1 2.907922e-13 0.000000e+00
376 412 1.307482e-03 2.608770e-03 3 2 4 1 2.182781e-13 0.000000e+00
376 413 1.307482e-03 3.284247e-03 3 2 4 1 1.622820e-13 0.000000e+00
376 414 1.307482e-03 4.134622e-03 3 2 4 1 1.212586e-13 0.000000e+00
376 415 1.307482e-03 5.205181e-03 3 2 4 1 9.120131e-14 0.000000e+00
376 416 1.307482e-03 6.552935e-03 3 2 4 1 6.877970e-14 0.000000e+00
376 417 1.307482e-03 8.249656e-03 3 2 4 1 5.172178e-14 0.000000e+00
377 407 1.646023e-03 8.249656e-04 3 2 4 1 1.657250e-13 0.000000e+00
377 408 1.646023e-03 1.038570e-03 3 2 4 1 2.523553e-13 0.000000e+00
377 409 1.646023e-03 1.307482e-03 3 2 4 1 3.667481e-13 0.000000e+00
377 410 1.646023e-03 1.646023e-03 3 2 4 1 0.000000e+00 0.000000e+00
377 411 1.646023e-03 2.072220e-03 3 2 4 1 4.262657e-13 0.000000e+00
377 412 1.646023e-03 2.608770e-03 3 2 4 1 3.347403e-13 0.000000e+00
377 413 1.646023e-03 3.284247e-03 3 2 4 1 2.525219e-13 0.000000e+00
377 414 1.646023e-03 4.134622e-03 3 2 4 1 1.899258e-13 0.000000e+00
377 415 1.646023e-03 5.205181e-03 3 2 4 1 1.434121e-13 0.000000e+00
377 416 1.646023e-03 6.552935e-03 3 2 4 1 1.084454e-13 0.000000e+00
377 417 1.646023e-03 8.249656e-03 3 2 4 1 8.170130e-14 0.000000e+00
378 407 2.072220e-03 8.249656e-04 3 2 4 1 1.222501e-13 0.000000e+00
378 408 2.072220e-03 1.038570e-03 3 2 4 1 1.901037e-13 0.000000e+00
378 409 2.072220e-03 1.307482e-03 3 2 4 1 2.907922e-13 0.000000e+00
378 410 2.072220e-03 1.646023e-03 3 2 4 1 4.262657e-13 0.000000e+00
378 411 2.072220e-03 2.072220e-03 3 2 4 1 0.000000e+00 0.000000e+00
378 412 2.072220e-03 2.608770e-03 3 2 4 1 4.938896e-13 0.000000e+00
378 413 2.072220e-03 3.284247e-03 3 2 4 1 3.873896e-13 0.000000e+00
378 414 2.072220e-03 4.134622e-03 3 2 4 1 2.951680e-13 0.000000e+00
378 415 2.072220e-03 5.205181e-03 3 2 4 1 2.244049e-13 0.000000e+00
378 416 2.072220e-03 6.552935e-03 3 2 4 1 1.704459e-13 0.000000e+00
378 417 2.072220e-03 8.249656e-03 3 2 4 1 1.287990e-13 0.000000e+00
379 407 2.608770e-03 8.249656e-04 3 2 4 1 8.941685e-14 0.000000e+00
379 408 2.608770e-03 1.038570e-03 3 2 4 1 1.402281e-13 0.000000e+00
379 409 2.608770e-03 1.307482e-03 3 2 4 1 2.182781e-13 0.000000e+00
379 410 2.608770e-03 1.646023e-03 3 2 4 1 3.347403e-13 0.000000e+00
379 411 2.608770e-03 2.072220e-03 3 2 4 1 4.938896e-13 0.000000e+00
379 412 2.608770e-03 2.608770e-03 3 2 4 1 0.000000e+00 0.000000e+00
379 413 2.608770e-03 3.284247e-03 3 2 4 1 5.735671e-13 0.000000e+00
379 414 2.608770e-03 4.134622e-03 3 2 4 1 4.521705e-13 0.000000e+00
379 415 2.608770e-03 5.205181e-03 3 2 4 1 3.482082e-13 0.000000e+00
379 416 2.608770e-03 6.552935e-03 3 2 4 1 2.664910e-13 0.000000e+00
379 417 2.608770e-03 8.249656e-03 3 2 4 1 2.023811e-13 0.000000e+00
380 407 3.284247e-03 8.249656e-04 3 2 4 1 6.575416e-14 0.000000e+00
380 408 3.284247e-03 1.038570e-03 3 2 4 1 1.035190e-13 0.000000e+00
380 409 3.284247e-03 1.307482e-03 3 2 4 1 1.622820e-13 0.000000e+00
380 410 3.284247e-03 1.646023e-03 3 2 4 1 2.525219e-13 0.000000e+00
380 411 3.284247e-03 2.072220e-03 3 2 4 1 3.873896e-13 0.000000e+00
380 412 3.284247e-03 2.608770e-03 3 2 4 1 5.735671e-13 0.000000e+00
380 413 3.284247e-03 3.284247e-03 3 2 4 1 0.000000e+00 0.000000e+00
380 414 3.284247e-03 4.134622e-03 3 2 4 1 6.697460e-13 0.000000e+00
380 415 3.284247e-03 5.205181e-03 3 2 4 1 5.321838e-13 0.000000e+00
380 416 3.284247e-03 6.552935e-03 3 2 4 1 4.129421e-13 0.000000e+00
380 417 3.284247e-03 8.249656e-03 3 2 4 1 3.162668e-13 0.000000e+00
381 407 4.134622e-03 8.249656e-04 3 2 4 1 4.884510e-14 0.000000e+00
381 408 4.134622e-03 1.038570e-03 3 2 4 1 7.706619e-14 0.000000e+00
381 409 4.134622e-03 1.307482e-03 3 2 4 1 1.212586e-13 0.000000e+00
381 410 4.134622e-03 1.646023e-03 3 2 4 1 1.899258e-13 0.000000e+00
381 411 4.134622e-03 2.072220e-03 3 2 4 1 2.951680e-13 0.000000e+00
381 412 4.134622e-03 2.608770e-03 3 2 4 1 4.521705e-13 0.000000e+00
381 413 4.134622e-03 3.284247e-03 3 2 4 1 6.697460e-13 0.000000e+00
381 414 4.134622e-03 4.134622e-03 3 2 4 1 0.000000e+00 0.000000e+00
381 415 4.134622e-03 5.205181e-03 3 2 4 1 7.867085e-13 0.000000e+00
381 416 4.134622e-03 6.552935e-03 3 2 4 1 6.296243e-13 0.000000e+00
381 417 4.134622e-03 8.249656e-03 3 2 4 1 4.896198e-13 0.000000e+00
382 407 5.205181e-03 8.249656e-04 3 2 4 1 3.659719e-14 0.000000e+00
382 408 5.205181e-03 1.038570e-03 3 2 4 1 5.782588e-14 0.000000e+00
382 409 5.205181e-03 1.307482e-03 3 2 4 1 9.120131e-14 0.000000e+00
382 410 5.205181e-03 1.646023e-03 3 2 4 1 1.434121e-13 0.000000e+00
382 411 5.205181e-03 2.072220e-03 3 2 4 1 2.244049e-13 0.000000e+00
382 412 5.205181e-03 2.608770e-03 3 2 4 1 3.482082e-13 0.000000e+00
382 413 5.205181e-03 3.284247e-03 3 2 4 1 5.321838e-13 0.000000e+00
382 414 5.205181e-03 4.134622e-03 3 2 4 1 7.867085e-13 0.000000e+00
382 415 5.205181e-03 5.205181e-03 3 2 4 1 0.000000e+00 0.000000e+00
382 416 5.205181e-03 6.552935e-03 3 2 4 1 9.277889e-13 0.000000e+00
382 417 5.205181e-03 8.249656e-03 3 2 4 1 7.451630e-13 0.000000e+00
383 407 6.552935e-03 8.249656e-04 3 2 4 1 2.752615e-14 0.000000e+00
383 408 6.552935e-03 1.038570e-03 3 2 4 1 4.353761e-14 0.000000e+00
383 409 6.552935e-03 1.307482e-03 3 2 4 1 6.877970e-14 0.000000e+00
383 410 6.552935e-03 1.646023e-03 3 2 4 1 1.084454e-13 0.000000e+00
383 411 6.552935e-03 2.072220e-03 3 2 4 1 1.704459e-13 0.000000e+00
383 412 6.552935e-03 2.608770e-03 3 2 4 1 2.664910e-13 0.000000e+00
383 413 6.552935e-03 3.284247e-03 3 2 4 1 4.129421e-13 0.000000e+00
383 414 6.552935e-03 4.134622e-03 3 2 4 1 6.296243e-13 0.000000e+00
383 415 6.552935e-03 5.205181e-03 3 2 4 1 9.277889e-13 0.000000e+00
383 416 6.552935e-03 6.552935e-03 3 2 4 1 0.000000e+00 0.000000e+00
383 417 6.552935e-03 8.249656e-03 3 2 4 1 1.094390e-12 0.000000e+00
384 407 8.249656e-03 8.249656e-04 3 2 4 1 2.066072e-14 0.000000e+00
384 408 8.249656e-03 1.038570e-03 3 2 4 1 3.270223e-14 0.000000e+00
384 409 8.249656e-03 1.307482e-03 3 2 4 1 5.172178e-14 0.000000e+00
384 410 8.249656e-03 1.646023e-03 3 2 4 1 8.170130e-14 0.000000e+00
384 411 8.249656e-03 2.072220e-03 3 2 4 1 1.287990e-13 0.000000e+00
384 412 8.249656e-03 2.608770e-03 3 2 4 1 2.023811e-13 0.000000e+00
384 413 8.249656e-03 3.284247e-03 3 2 4 1 3.162668e-13 0.000000e+00
384 414 8.249656e-03 4.134622e-03 3 2 4 1 4.896198e-13 0.000000e+00
384 415 8.249656e-03 5.205181e-03 3 2 4 1 7.451630e-13 0.000000e+00
384 416 8.249656e-03 6.552935e-03 3 2 4 1 1.094390e-12 0.000000e+00
384 417 8.249656e-03 8.249656e-03 3 2 4 1 0.000000e+00 0.000000e+00
