# Please cite the following papers in research using this covariance:
# arXiv: 1601.05779, https://arxiv.org/abs/1601.05779
# arXiv: 1911.11947, https://arxiv.org/abs/1911.11947
# arXiv: 2004.04833, https://arxiv.org/abs/2004.04833
# arXiv: 1804.10663, https://arxiv.org/abs/1804.10663
########################################################
286 440 8.249656e-04 8.249656e-04 1 2 5 0 0.000000e+00 0.000000e+00
286 441 8.249656e-04 1.038570e-03 1 2 5 0 6.081262e-14 0.000000e+00
286 442 8.249656e-04 1.307482e-03 1 2 5 0 5.218194e-14 0.000000e+00
286 443 8.249656e-04 1.646023e-03 1 2 5 0 4.027579e-14 0.000000e+00
286 444 8.249656e-04 2.072220e-03 1 2 5 0 2.905662e-14 0.000000e+00
286 445 8.249656e-04 2.608770e-03 1 2 5 0 2.013879e-14 0.000000e+00
286 446 8.249656e-04 3.284247e-03 1 2 5 0 1.372872e-14 0.000000e+00
286 447 8.249656e-04 4.134622e-03 1 2 5 0 9.398705e-15 0.000000e+00
286 448 8.249656e-04 5.205181e-03 1 2 5 0 6.565142e-15 0.000000e+00
286 449 8.249656e-04 6.552935e-03 1 2 5 0 4.716324e-15 0.000000e+00
286 450 8.249656e-04 8.249656e-03 1 2 5 0 3.480409e-15 0.000000e+00
287 440 1.038570e-03 8.249656e-04 1 2 5 0 6.081262e-14 0.000000e+00
287 441 1.038570e-03 1.038570e-03 1 2 5 0 0.000000e+00 0.000000e+00
287 442 1.038570e-03 1.307482e-03 1 2 5 0 7.407050e-14 0.000000e+00
287 443 1.038570e-03 1.646023e-03 1 2 5 0 6.085762e-14 0.000000e+00
287 444 1.038570e-03 2.072220e-03 1 2 5 0 4.513038e-14 0.000000e+00
287 445 1.038570e-03 2.608770e-03 1 2 5 0 3.165170e-14 0.000000e+00
287 446 1.038570e-03 3.284247e-03 1 2 5 0 2.167850e-14 0.000000e+00
287 447 1.038570e-03 4.134622e-03 1 2 5 0 1.486530e-14 0.000000e+00
287 448 1.038570e-03 5.205181e-03 1 2 5 0 1.038910e-14 0.000000e+00
287 449 1.038570e-03 6.552935e-03 1 2 5 0 7.465324e-15 0.000000e+00
287 450 1.038570e-03 8.249656e-03 1 2 5 0 5.510416e-15 0.000000e+00
288 440 1.307482e-03 8.249656e-04 1 2 5 0 5.218194e-14 0.000000e+00
288 441 1.307482e-03 1.038570e-03 1 2 5 0 7.407050e-14 0.000000e+00
288 442 1.307482e-03 1.307482e-03 1 2 5 0 0.000000e+00 0.000000e+00
288 443 1.307482e-03 1.646023e-03 1 2 5 0 8.720541e-14 0.000000e+00
288 444 1.307482e-03 2.072220e-03 1 2 5 0 6.877067e-14 0.000000e+00
288 445 1.307482e-03 2.608770e-03 1 2 5 0 4.940312e-14 0.000000e+00
288 446 1.307482e-03 3.284247e-03 1 2 5 0 3.414058e-14 0.000000e+00
288 447 1.307482e-03 4.134622e-03 1 2 5 0 2.348058e-14 0.000000e+00
288 448 1.307482e-03 5.205181e-03 1 2 5 0 1.642529e-14 0.000000e+00
288 449 1.307482e-03 6.552935e-03 1 2 5 0 1.180778e-14 0.000000e+00
288 450 1.307482e-03 8.249656e-03 1 2 5 0 8.719224e-15 0.000000e+00
289 440 1.646023e-03 8.249656e-04 1 2 5 0 4.027579e-14 0.000000e+00
289 441 1.646023e-03 1.038570e-03 1 2 5 0 6.085762e-14 0.000000e+00
289 442 1.646023e-03 1.307482e-03 1 2 5 0 8.720541e-14 0.000000e+00
289 443 1.646023e-03 1.646023e-03 1 2 5 0 0.000000e+00 0.000000e+00
289 444 1.646023e-03 2.072220e-03 1 2 5 0 9.973867e-14 0.000000e+00
289 445 1.646023e-03 2.608770e-03 1 2 5 0 7.591861e-14 0.000000e+00
289 446 1.646023e-03 3.284247e-03 1 2 5 0 5.348370e-14 0.000000e+00
289 447 1.646023e-03 4.134622e-03 1 2 5 0 3.700411e-14 0.000000e+00
289 448 1.646023e-03 5.205181e-03 1 2 5 0 2.592999e-14 0.000000e+00
289 449 1.646023e-03 6.552935e-03 1 2 5 0 1.865379e-14 0.000000e+00
289 450 1.646023e-03 8.249656e-03 1 2 5 0 1.378332e-14 0.000000e+00
290 440 2.072220e-03 8.249656e-04 1 2 5 0 2.905662e-14 0.000000e+00
290 441 2.072220e-03 1.038570e-03 1 2 5 0 4.513038e-14 0.000000e+00
290 442 2.072220e-03 1.307482e-03 1 2 5 0 6.877067e-14 0.000000e+00
290 443 2.072220e-03 1.646023e-03 1 2 5 0 9.973867e-14 0.000000e+00
290 444 2.072220e-03 2.072220e-03 1 2 5 0 0.000000e+00 0.000000e+00
290 445 2.072220e-03 2.608770e-03 1 2 5 0 1.116037e-13 0.000000e+00
290 446 2.072220e-03 3.284247e-03 1 2 5 0 8.276602e-14 0.000000e+00
290 447 2.072220e-03 4.134622e-03 1 2 5 0 5.806406e-14 0.000000e+00
290 448 2.072220e-03 5.205181e-03 1 2 5 0 4.083382e-14 0.000000e+00
290 449 2.072220e-03 6.552935e-03 1 2 5 0 2.941262e-14 0.000000e+00
290 450 2.072220e-03 8.249656e-03 1 2 5 0 2.175533e-14 0.000000e+00
291 440 2.608770e-03 8.249656e-04 1 2 5 0 2.013879e-14 0.000000e+00
291 441 2.608770e-03 1.038570e-03 1 2 5 0 3.165170e-14 0.000000e+00
291 442 2.608770e-03 1.307482e-03 1 2 5 0 4.940312e-14 0.000000e+00
291 443 2.608770e-03 1.646023e-03 1 2 5 0 7.591861e-14 0.000000e+00
291 444 2.608770e-03 2.072220e-03 1 2 5 0 1.116037e-13 0.000000e+00
291 445 2.608770e-03 2.608770e-03 1 2 5 0 0.000000e+00 0.000000e+00
291 446 2.608770e-03 3.284247e-03 1 2 5 0 1.232763e-13 0.000000e+00
291 447 2.608770e-03 4.134622e-03 1 2 5 0 9.022443e-14 0.000000e+00
291 448 2.608770e-03 5.205181e-03 1 2 5 0 6.402738e-14 0.000000e+00
291 449 2.608770e-03 6.552935e-03 1 2 5 0 4.623331e-14 0.000000e+00
291 450 2.608770e-03 8.249656e-03 1 2 5 0 3.425410e-14 0.000000e+00
292 440 3.284247e-03 8.249656e-04 1 2 5 0 1.372872e-14 0.000000e+00
292 441 3.284247e-03 1.038570e-03 1 2 5 0 2.167850e-14 0.000000e+00
292 442 3.284247e-03 1.307482e-03 1 2 5 0 3.414058e-14 0.000000e+00
292 443 3.284247e-03 1.646023e-03 1 2 5 0 5.348370e-14 0.000000e+00
292 444 3.284247e-03 2.072220e-03 1 2 5 0 8.276602e-14 0.000000e+00
292 445 3.284247e-03 2.608770e-03 1 2 5 0 1.232763e-13 0.000000e+00
292 446 3.284247e-03 3.284247e-03 1 2 5 0 0.000000e+00 0.000000e+00
292 447 3.284247e-03 4.134622e-03 1 2 5 0 1.357892e-13 0.000000e+00
292 448 3.284247e-03 5.205181e-03 1 2 5 0 9.952750e-14 0.000000e+00
292 449 3.284247e-03 6.552935e-03 1 2 5 0 7.230201e-14 0.000000e+00
292 450 3.284247e-03 8.249656e-03 1 2 5 0 5.372085e-14 0.000000e+00
293 440 4.134622e-03 8.249656e-04 1 2 5 0 9.398705e-15 0.000000e+00
293 441 4.134622e-03 1.038570e-03 1 2 5 0 1.486530e-14 0.000000e+00
293 442 4.134622e-03 1.307482e-03 1 2 5 0 2.348058e-14 0.000000e+00
293 443 4.134622e-03 1.646023e-03 1 2 5 0 3.700411e-14 0.000000e+00
293 444 4.134622e-03 2.072220e-03 1 2 5 0 5.806406e-14 0.000000e+00
293 445 4.134622e-03 2.608770e-03 1 2 5 0 9.022443e-14 0.000000e+00
293 446 4.134622e-03 3.284247e-03 1 2 5 0 1.357892e-13 0.000000e+00
293 447 4.134622e-03 4.134622e-03 1 2 5 0 0.000000e+00 0.000000e+00
293 448 4.134622e-03 5.205181e-03 1 2 5 0 1.506281e-13 0.000000e+00
293 449 4.134622e-03 6.552935e-03 1 2 5 0 1.120370e-13 0.000000e+00
293 450 4.134622e-03 8.249656e-03 1 2 5 0 8.370855e-14 0.000000e+00
294 440 5.205181e-03 8.249656e-04 1 2 5 0 6.565142e-15 0.000000e+00
294 441 5.205181e-03 1.038570e-03 1 2 5 0 1.038910e-14 0.000000e+00
294 442 5.205181e-03 1.307482e-03 1 2 5 0 1.642529e-14 0.000000e+00
294 443 5.205181e-03 1.646023e-03 1 2 5 0 2.592999e-14 0.000000e+00
294 444 5.205181e-03 2.072220e-03 1 2 5 0 4.083382e-14 0.000000e+00
294 445 5.205181e-03 2.608770e-03 1 2 5 0 6.402738e-14 0.000000e+00
294 446 5.205181e-03 3.284247e-03 1 2 5 0 9.952750e-14 0.000000e+00
294 447 5.205181e-03 4.134622e-03 1 2 5 0 1.506281e-13 0.000000e+00
294 448 5.205181e-03 5.205181e-03 1 2 5 0 0.000000e+00 0.000000e+00
294 449 5.205181e-03 6.552935e-03 1 2 5 0 1.695317e-13 0.000000e+00
294 450 5.205181e-03 8.249656e-03 1 2 5 0 1.290161e-13 0.000000e+00
295 440 6.552935e-03 8.249656e-04 1 2 5 0 4.716324e-15 0.000000e+00
295 441 6.552935e-03 1.038570e-03 1 2 5 0 7.465324e-15 0.000000e+00
295 442 6.552935e-03 1.307482e-03 1 2 5 0 1.180778e-14 0.000000e+00
295 443 6.552935e-03 1.646023e-03 1 2 5 0 1.865379e-14 0.000000e+00
295 444 6.552935e-03 2.072220e-03 1 2 5 0 2.941262e-14 0.000000e+00
295 445 6.552935e-03 2.608770e-03 1 2 5 0 4.623331e-14 0.000000e+00
295 446 6.552935e-03 3.284247e-03 1 2 5 0 7.230201e-14 0.000000e+00
295 447 6.552935e-03 4.134622e-03 1 2 5 0 1.120370e-13 0.000000e+00
295 448 6.552935e-03 5.205181e-03 1 2 5 0 1.695317e-13 0.000000e+00
295 449 6.552935e-03 6.552935e-03 1 2 5 0 0.000000e+00 0.000000e+00
295 450 6.552935e-03 8.249656e-03 1 2 5 0 1.942148e-13 0.000000e+00
296 440 8.249656e-03 8.249656e-04 1 2 5 0 3.480409e-15 0.000000e+00
296 441 8.249656e-03 1.038570e-03 1 2 5 0 5.510416e-15 0.000000e+00
296 442 8.249656e-03 1.307482e-03 1 2 5 0 8.719224e-15 0.000000e+00
296 443 8.249656e-03 1.646023e-03 1 2 5 0 1.378332e-14 0.000000e+00
296 444 8.249656e-03 2.072220e-03 1 2 5 0 2.175533e-14 0.000000e+00
296 445 8.249656e-03 2.608770e-03 1 2 5 0 3.425410e-14 0.000000e+00
296 446 8.249656e-03 3.284247e-03 1 2 5 0 5.372085e-14 0.000000e+00
296 447 8.249656e-03 4.134622e-03 1 2 5 0 8.370855e-14 0.000000e+00
296 448 8.249656e-03 5.205181e-03 1 2 5 0 1.290161e-13 0.000000e+00
296 449 8.249656e-03 6.552935e-03 1 2 5 0 1.942148e-13 0.000000e+00
296 450 8.249656e-03 8.249656e-03 1 2 5 0 0.000000e+00 0.000000e+00
