# Please cite the following papers in research using this covariance:
# arXiv: 1601.05779, https://arxiv.org/abs/1601.05779
# arXiv: 1911.11947, https://arxiv.org/abs/1911.11947
# arXiv: 2004.04833, https://arxiv.org/abs/2004.04833
# arXiv: 1804.10663, https://arxiv.org/abs/1804.10663
########################################################
220 220 8.249656e-04 8.249656e-04 0 0 0 0 1.737534e-09 0.000000e+00
220 221 8.249656e-04 1.038570e-03 0 0 0 0 9.121681e-11 0.000000e+00
220 222 8.249656e-04 1.307482e-03 0 0 0 0 4.932107e-11 0.000000e+00
220 223 8.249656e-04 1.646023e-03 0 0 0 0 2.505287e-11 0.000000e+00
220 224 8.249656e-04 2.072220e-03 0 0 0 0 1.218275e-11 0.000000e+00
220 225 8.249656e-04 2.608770e-03 0 0 0 0 5.773585e-12 0.000000e+00
220 226 8.249656e-04 3.284247e-03 0 0 0 0 2.730369e-12 0.000000e+00
220 227 8.249656e-04 4.134622e-03 0 0 0 0 1.322379e-12 0.000000e+00
220 228 8.249656e-04 5.205181e-03 0 0 0 0 6.698796e-13 0.000000e+00
220 229 8.249656e-04 6.552935e-03 0 0 0 0 3.590975e-13 0.000000e+00
220 230 8.249656e-04 8.249656e-03 0 0 0 0 2.032087e-13 0.000000e+00
221 220 1.038570e-03 8.249656e-04 0 0 0 0 9.121681e-11 0.000000e+00
221 221 1.038570e-03 1.038570e-03 0 0 0 0 1.102059e-09 0.000000e+00
221 222 1.038570e-03 1.307482e-03 0 0 0 0 8.241536e-11 0.000000e+00
221 223 1.038570e-03 1.646023e-03 0 0 0 0 4.197063e-11 0.000000e+00
221 224 1.038570e-03 2.072220e-03 0 0 0 0 2.021482e-11 0.000000e+00
221 225 1.038570e-03 2.608770e-03 0 0 0 0 9.464005e-12 0.000000e+00
221 226 1.038570e-03 3.284247e-03 0 0 0 0 4.423954e-12 0.000000e+00
221 227 1.038570e-03 4.134622e-03 0 0 0 0 2.122765e-12 0.000000e+00
221 228 1.038570e-03 5.205181e-03 0 0 0 0 1.068750e-12 0.000000e+00
221 229 1.038570e-03 6.552935e-03 0 0 0 0 5.707691e-13 0.000000e+00
221 230 1.038570e-03 8.249656e-03 0 0 0 0 3.225496e-13 0.000000e+00
222 220 1.307482e-03 8.249656e-04 0 0 0 0 4.932107e-11 0.000000e+00
222 221 1.307482e-03 1.038570e-03 0 0 0 0 8.241536e-11 0.000000e+00
222 222 1.307482e-03 1.307482e-03 0 0 0 0 6.984441e-10 0.000000e+00
222 223 1.307482e-03 1.646023e-03 0 0 0 0 7.232341e-11 0.000000e+00
222 224 1.307482e-03 2.072220e-03 0 0 0 0 3.453183e-11 0.000000e+00
222 225 1.307482e-03 2.608770e-03 0 0 0 0 1.585875e-11 0.000000e+00
222 226 1.307482e-03 3.284247e-03 0 0 0 0 7.272261e-12 0.000000e+00
222 227 1.307482e-03 4.134622e-03 0 0 0 0 3.436387e-12 0.000000e+00
222 228 1.307482e-03 5.205181e-03 0 0 0 0 1.712580e-12 0.000000e+00
222 229 1.307482e-03 6.552935e-03 0 0 0 0 9.091850e-13 0.000000e+00
222 230 1.307482e-03 8.249656e-03 0 0 0 0 5.121740e-13 0.000000e+00
223 220 1.646023e-03 8.249656e-04 0 0 0 0 2.505287e-11 0.000000e+00
223 221 1.646023e-03 1.038570e-03 0 0 0 0 4.197063e-11 0.000000e+00
223 222 1.646023e-03 1.307482e-03 0 0 0 0 7.232341e-11 0.000000e+00
223 223 1.646023e-03 1.646023e-03 0 0 0 0 4.429468e-10 0.000000e+00
223 224 1.646023e-03 2.072220e-03 0 0 0 0 6.170528e-11 0.000000e+00
223 225 1.646023e-03 2.608770e-03 0 0 0 0 2.761216e-11 0.000000e+00
223 226 1.646023e-03 3.284247e-03 0 0 0 0 1.226185e-11 0.000000e+00
223 227 1.646023e-03 4.134622e-03 0 0 0 0 5.644148e-12 0.000000e+00
223 228 1.646023e-03 5.205181e-03 0 0 0 0 2.763976e-12 0.000000e+00
223 229 1.646023e-03 6.552935e-03 0 0 0 0 1.452862e-12 0.000000e+00
223 230 1.646023e-03 8.249656e-03 0 0 0 0 8.145706e-13 0.000000e+00
224 220 2.072220e-03 8.249656e-04 0 0 0 0 1.218275e-11 0.000000e+00
224 221 2.072220e-03 1.038570e-03 0 0 0 0 2.021482e-11 0.000000e+00
224 222 2.072220e-03 1.307482e-03 0 0 0 0 3.453183e-11 0.000000e+00
224 223 2.072220e-03 1.646023e-03 0 0 0 0 6.170528e-11 0.000000e+00
224 224 2.072220e-03 2.072220e-03 0 0 0 0 2.808424e-10 0.000000e+00
224 225 2.072220e-03 2.608770e-03 0 0 0 0 5.134337e-11 0.000000e+00
224 226 2.072220e-03 3.284247e-03 0 0 0 0 2.166872e-11 0.000000e+00
224 227 2.072220e-03 4.134622e-03 0 0 0 0 9.520242e-12 0.000000e+00
224 228 2.072220e-03 5.205181e-03 0 0 0 0 4.519292e-12 0.000000e+00
224 229 2.072220e-03 6.552935e-03 0 0 0 0 2.334811e-12 0.000000e+00
224 230 2.072220e-03 8.249656e-03 0 0 0 0 1.298057e-12 0.000000e+00
225 220 2.608770e-03 8.249656e-04 0 0 0 0 5.773585e-12 0.000000e+00
225 221 2.608770e-03 1.038570e-03 0 0 0 0 9.464005e-12 0.000000e+00
225 222 2.608770e-03 1.307482e-03 0 0 0 0 1.585875e-11 0.000000e+00
225 223 2.608770e-03 1.646023e-03 0 0 0 0 2.761216e-11 0.000000e+00
225 224 2.608770e-03 2.072220e-03 0 0 0 0 5.134337e-11 0.000000e+00
225 225 2.608770e-03 2.608770e-03 0 0 0 0 1.779506e-10 0.000000e+00
225 226 2.608770e-03 3.284247e-03 0 0 0 0 4.189018e-11 0.000000e+00
225 227 2.608770e-03 4.134622e-03 0 0 0 0 1.693096e-11 0.000000e+00
225 228 2.608770e-03 5.205181e-03 0 0 0 0 7.576675e-12 0.000000e+00
225 229 2.608770e-03 6.552935e-03 0 0 0 0 3.791159e-12 0.000000e+00
225 230 2.608770e-03 8.249656e-03 0 0 0 0 2.076766e-12 0.000000e+00
226 220 3.284247e-03 8.249656e-04 0 0 0 0 2.730369e-12 0.000000e+00
226 221 3.284247e-03 1.038570e-03 0 0 0 0 4.423954e-12 0.000000e+00
226 222 3.284247e-03 1.307482e-03 0 0 0 0 7.272261e-12 0.000000e+00
226 223 3.284247e-03 1.646023e-03 0 0 0 0 1.226185e-11 0.000000e+00
226 224 3.284247e-03 2.072220e-03 0 0 0 0 2.166872e-11 0.000000e+00
226 225 3.284247e-03 2.608770e-03 0 0 0 0 4.189018e-11 0.000000e+00
226 226 3.284247e-03 3.284247e-03 0 0 0 0 1.126916e-10 0.000000e+00
226 227 3.284247e-03 4.134622e-03 0 0 0 0 3.377840e-11 0.000000e+00
226 228 3.284247e-03 5.205181e-03 0 0 0 0 1.340795e-11 0.000000e+00
226 229 3.284247e-03 6.552935e-03 0 0 0 0 6.286415e-12 0.000000e+00
226 230 3.284247e-03 8.249656e-03 0 0 0 0 3.347165e-12 0.000000e+00
227 220 4.134622e-03 8.249656e-04 0 0 0 0 1.322379e-12 0.000000e+00
227 221 4.134622e-03 1.038570e-03 0 0 0 0 2.122765e-12 0.000000e+00
227 222 4.134622e-03 1.307482e-03 0 0 0 0 3.436387e-12 0.000000e+00
227 223 4.134622e-03 1.646023e-03 0 0 0 0 5.644148e-12 0.000000e+00
227 224 4.134622e-03 2.072220e-03 0 0 0 0 9.520242e-12 0.000000e+00
227 225 4.134622e-03 2.608770e-03 0 0 0 0 1.693096e-11 0.000000e+00
227 226 4.134622e-03 3.284247e-03 0 0 0 0 3.377840e-11 0.000000e+00
227 227 4.134622e-03 4.134622e-03 0 0 0 0 7.141956e-11 0.000000e+00
227 228 4.134622e-03 5.205181e-03 0 0 0 0 2.719879e-11 0.000000e+00
227 229 4.134622e-03 6.552935e-03 0 0 0 0 1.095172e-11 0.000000e+00
227 230 4.134622e-03 8.249656e-03 0 0 0 0 5.479558e-12 0.000000e+00
228 220 5.205181e-03 8.249656e-04 0 0 0 0 6.698796e-13 0.000000e+00
228 221 5.205181e-03 1.038570e-03 0 0 0 0 1.068750e-12 0.000000e+00
228 222 5.205181e-03 1.307482e-03 0 0 0 0 1.712580e-12 0.000000e+00
228 223 5.205181e-03 1.646023e-03 0 0 0 0 2.763976e-12 0.000000e+00
228 224 5.205181e-03 2.072220e-03 0 0 0 0 4.519292e-12 0.000000e+00
228 225 5.205181e-03 2.608770e-03 0 0 0 0 7.576675e-12 0.000000e+00
228 226 5.205181e-03 3.284247e-03 0 0 0 0 1.340795e-11 0.000000e+00
228 227 5.205181e-03 4.134622e-03 0 0 0 0 2.719879e-11 0.000000e+00
228 228 5.205181e-03 5.205181e-03 0 0 0 0 4.525926e-11 0.000000e+00
228 229 5.205181e-03 6.552935e-03 0 0 0 0 2.213269e-11 0.000000e+00
228 230 5.205181e-03 8.249656e-03 0 0 0 0 9.337511e-12 0.000000e+00
229 220 6.552935e-03 8.249656e-04 0 0 0 0 3.590975e-13 0.000000e+00
229 221 6.552935e-03 1.038570e-03 0 0 0 0 5.707691e-13 0.000000e+00
229 222 6.552935e-03 1.307482e-03 0 0 0 0 9.091850e-13 0.000000e+00
229 223 6.552935e-03 1.646023e-03 0 0 0 0 1.452862e-12 0.000000e+00
229 224 6.552935e-03 2.072220e-03 0 0 0 0 2.334811e-12 0.000000e+00
229 225 6.552935e-03 2.608770e-03 0 0 0 0 3.791159e-12 0.000000e+00
229 226 6.552935e-03 3.284247e-03 0 0 0 0 6.286415e-12 0.000000e+00
229 227 6.552935e-03 4.134622e-03 0 0 0 0 1.095172e-11 0.000000e+00
229 228 6.552935e-03 5.205181e-03 0 0 0 0 2.213269e-11 0.000000e+00
229 229 6.552935e-03 6.552935e-03 0 0 0 0 2.867215e-11 0.000000e+00
229 230 6.552935e-03 8.249656e-03 0 0 0 0 1.841333e-11 0.000000e+00
230 220 8.249656e-03 8.249656e-04 0 0 0 0 2.032087e-13 0.000000e+00
230 221 8.249656e-03 1.038570e-03 0 0 0 0 3.225496e-13 0.000000e+00
230 222 8.249656e-03 1.307482e-03 0 0 0 0 5.121740e-13 0.000000e+00
230 223 8.249656e-03 1.646023e-03 0 0 0 0 8.145706e-13 0.000000e+00
230 224 8.249656e-03 2.072220e-03 0 0 0 0 1.298057e-12 0.000000e+00
230 225 8.249656e-03 2.608770e-03 0 0 0 0 2.076766e-12 0.000000e+00
230 226 8.249656e-03 3.284247e-03 0 0 0 0 3.347165e-12 0.000000e+00
230 227 8.249656e-03 4.134622e-03 0 0 0 0 5.479558e-12 0.000000e+00
230 228 8.249656e-03 5.205181e-03 0 0 0 0 9.337511e-12 0.000000e+00
230 229 8.249656e-03 6.552935e-03 0 0 0 0 1.841333e-11 0.000000e+00
230 230 8.249656e-03 8.249656e-03 0 0 0 0 1.817391e-11 0.000000e+00
