# Please cite the following papers in research using this covariance:
# arXiv: 1601.05779, https://arxiv.org/abs/1601.05779
# arXiv: 1911.11947, https://arxiv.org/abs/1911.11947
# arXiv: 2004.04833, https://arxiv.org/abs/2004.04833
# arXiv: 1804.10663, https://arxiv.org/abs/1804.10663
########################################################
308 407 8.249656e-04 8.249656e-04 2 0 4 1 0.000000e+00 0.000000e+00
308 408 8.249656e-04 1.038570e-03 2 0 4 1 2.427289e-14 0.000000e+00
308 409 8.249656e-04 1.307482e-03 2 0 4 1 2.065709e-14 0.000000e+00
308 410 8.249656e-04 1.646023e-03 2 0 4 1 1.607127e-14 0.000000e+00
308 411 8.249656e-04 2.072220e-03 2 0 4 1 1.191610e-14 0.000000e+00
308 412 8.249656e-04 2.608770e-03 2 0 4 1 8.631080e-15 0.000000e+00
308 413 8.249656e-04 3.284247e-03 2 0 4 1 6.213127e-15 0.000000e+00
308 414 8.249656e-04 4.134622e-03 2 0 4 1 4.496750e-15 0.000000e+00
308 415 8.249656e-04 5.205181e-03 2 0 4 1 3.290293e-15 0.000000e+00
308 416 8.249656e-04 6.552935e-03 2 0 4 1 2.433218e-15 0.000000e+00
308 417 8.249656e-04 8.249656e-03 2 0 4 1 1.810548e-15 0.000000e+00
309 407 1.038570e-03 8.249656e-04 2 0 4 1 2.427289e-14 0.000000e+00
309 408 1.038570e-03 1.038570e-03 2 0 4 1 0.000000e+00 0.000000e+00
309 409 1.038570e-03 1.307482e-03 2 0 4 1 2.952865e-14 0.000000e+00
309 410 1.038570e-03 1.646023e-03 2 0 4 1 2.434548e-14 0.000000e+00
309 411 1.038570e-03 2.072220e-03 2 0 4 1 1.848939e-14 0.000000e+00
309 412 1.038570e-03 2.608770e-03 2 0 4 1 1.353322e-14 0.000000e+00
309 413 1.038570e-03 3.284247e-03 2 0 4 1 9.787826e-15 0.000000e+00
309 414 1.038570e-03 4.134622e-03 2 0 4 1 7.099779e-15 0.000000e+00
309 415 1.038570e-03 5.205181e-03 2 0 4 1 5.201301e-15 0.000000e+00
309 416 1.038570e-03 6.552935e-03 2 0 4 1 3.849528e-15 0.000000e+00
309 417 1.038570e-03 8.249656e-03 2 0 4 1 2.866052e-15 0.000000e+00
310 407 1.307482e-03 8.249656e-04 2 0 4 1 2.065709e-14 0.000000e+00
310 408 1.307482e-03 1.038570e-03 2 0 4 1 2.952865e-14 0.000000e+00
310 409 1.307482e-03 1.307482e-03 2 0 4 1 0.000000e+00 0.000000e+00
310 410 1.307482e-03 1.646023e-03 2 0 4 1 3.509349e-14 0.000000e+00
310 411 1.307482e-03 2.072220e-03 2 0 4 1 2.816460e-14 0.000000e+00
310 412 1.307482e-03 2.608770e-03 2 0 4 1 2.105197e-14 0.000000e+00
310 413 1.307482e-03 3.284247e-03 2 0 4 1 1.535785e-14 0.000000e+00
310 414 1.307482e-03 4.134622e-03 2 0 4 1 1.118324e-14 0.000000e+00
310 415 1.307482e-03 5.205181e-03 2 0 4 1 8.209469e-15 0.000000e+00
310 416 1.307482e-03 6.552935e-03 2 0 4 1 6.083798e-15 0.000000e+00
310 417 1.307482e-03 8.249656e-03 2 0 4 1 4.533656e-15 0.000000e+00
311 407 1.646023e-03 8.249656e-04 2 0 4 1 1.607127e-14 0.000000e+00
311 408 1.646023e-03 1.038570e-03 2 0 4 1 2.434548e-14 0.000000e+00
311 409 1.646023e-03 1.307482e-03 2 0 4 1 3.509349e-14 0.000000e+00
311 410 1.646023e-03 1.646023e-03 2 0 4 1 0.000000e+00 0.000000e+00
311 411 1.646023e-03 2.072220e-03 2 0 4 1 4.096594e-14 0.000000e+00
311 412 1.646023e-03 2.608770e-03 2 0 4 1 3.221881e-14 0.000000e+00
311 413 1.646023e-03 3.284247e-03 2 0 4 1 2.392441e-14 0.000000e+00
311 414 1.646023e-03 4.134622e-03 2 0 4 1 1.754563e-14 0.000000e+00
311 415 1.646023e-03 5.205181e-03 2 0 4 1 1.292469e-14 0.000000e+00
311 416 1.646023e-03 6.552935e-03 2 0 4 1 9.598467e-15 0.000000e+00
311 417 1.646023e-03 8.249656e-03 2 0 4 1 7.163334e-15 0.000000e+00
312 407 2.072220e-03 8.249656e-04 2 0 4 1 1.191610e-14 0.000000e+00
312 408 2.072220e-03 1.038570e-03 2 0 4 1 1.848939e-14 0.000000e+00
312 409 2.072220e-03 1.307482e-03 2 0 4 1 2.816460e-14 0.000000e+00
312 410 2.072220e-03 1.646023e-03 2 0 4 1 4.096594e-14 0.000000e+00
312 411 2.072220e-03 2.072220e-03 2 0 4 1 0.000000e+00 0.000000e+00
312 412 2.072220e-03 2.608770e-03 2 0 4 1 4.726849e-14 0.000000e+00
312 413 2.072220e-03 3.284247e-03 2 0 4 1 3.672873e-14 0.000000e+00
312 414 2.072220e-03 4.134622e-03 2 0 4 1 2.733596e-14 0.000000e+00
312 415 2.072220e-03 5.205181e-03 2 0 4 1 2.026291e-14 0.000000e+00
312 416 2.072220e-03 6.552935e-03 2 0 4 1 1.510172e-14 0.000000e+00
312 417 2.072220e-03 8.249656e-03 2 0 4 1 1.129749e-14 0.000000e+00
313 407 2.608770e-03 8.249656e-04 2 0 4 1 8.631080e-15 0.000000e+00
313 408 2.608770e-03 1.038570e-03 2 0 4 1 1.353322e-14 0.000000e+00
313 409 2.608770e-03 1.307482e-03 2 0 4 1 2.105197e-14 0.000000e+00
313 410 2.608770e-03 1.646023e-03 2 0 4 1 3.221881e-14 0.000000e+00
313 411 2.608770e-03 2.072220e-03 2 0 4 1 4.726849e-14 0.000000e+00
313 412 2.608770e-03 2.608770e-03 2 0 4 1 0.000000e+00 0.000000e+00
313 413 2.608770e-03 3.284247e-03 2 0 4 1 5.426523e-14 0.000000e+00
313 414 2.608770e-03 4.134622e-03 2 0 4 1 4.201098e-14 0.000000e+00
313 415 2.608770e-03 5.205181e-03 2 0 4 1 3.153857e-14 0.000000e+00
313 416 2.608770e-03 6.552935e-03 2 0 4 1 2.365181e-14 0.000000e+00
313 417 2.608770e-03 8.249656e-03 2 0 4 1 1.776424e-14 0.000000e+00
314 407 3.284247e-03 8.249656e-04 2 0 4 1 6.213127e-15 0.000000e+00
314 408 3.284247e-03 1.038570e-03 2 0 4 1 9.787826e-15 0.000000e+00
314 409 3.284247e-03 1.307482e-03 2 0 4 1 1.535785e-14 0.000000e+00
314 410 3.284247e-03 1.646023e-03 2 0 4 1 2.392441e-14 0.000000e+00
314 411 3.284247e-03 2.072220e-03 2 0 4 1 3.672873e-14 0.000000e+00
314 412 3.284247e-03 2.608770e-03 2 0 4 1 5.426523e-14 0.000000e+00
314 413 3.284247e-03 3.284247e-03 2 0 4 1 0.000000e+00 0.000000e+00
314 414 3.284247e-03 4.134622e-03 2 0 4 1 6.234360e-14 0.000000e+00
314 415 3.284247e-03 5.205181e-03 2 0 4 1 4.842745e-14 0.000000e+00
314 416 3.284247e-03 6.552935e-03 2 0 4 1 3.675526e-14 0.000000e+00
314 417 3.284247e-03 8.249656e-03 2 0 4 1 2.779455e-14 0.000000e+00
315 407 4.134622e-03 8.249656e-04 2 0 4 1 4.496750e-15 0.000000e+00
315 408 4.134622e-03 1.038570e-03 2 0 4 1 7.099779e-15 0.000000e+00
315 409 4.134622e-03 1.307482e-03 2 0 4 1 1.118324e-14 0.000000e+00
315 410 4.134622e-03 1.646023e-03 2 0 4 1 1.754563e-14 0.000000e+00
315 411 4.134622e-03 2.072220e-03 2 0 4 1 2.733596e-14 0.000000e+00
315 412 4.134622e-03 2.608770e-03 2 0 4 1 4.201098e-14 0.000000e+00
315 413 4.134622e-03 3.284247e-03 2 0 4 1 6.234360e-14 0.000000e+00
315 414 4.134622e-03 4.134622e-03 2 0 4 1 0.000000e+00 0.000000e+00
315 415 4.134622e-03 5.205181e-03 2 0 4 1 7.196161e-14 0.000000e+00
315 416 4.134622e-03 6.552935e-03 2 0 4 1 5.631439e-14 0.000000e+00
315 417 4.134622e-03 8.249656e-03 2 0 4 1 4.312320e-14 0.000000e+00
316 407 5.205181e-03 8.249656e-04 2 0 4 1 3.290293e-15 0.000000e+00
316 408 5.205181e-03 1.038570e-03 2 0 4 1 5.201301e-15 0.000000e+00
316 409 5.205181e-03 1.307482e-03 2 0 4 1 8.209469e-15 0.000000e+00
316 410 5.205181e-03 1.646023e-03 2 0 4 1 1.292469e-14 0.000000e+00
316 411 5.205181e-03 2.072220e-03 2 0 4 1 2.026291e-14 0.000000e+00
316 412 5.205181e-03 2.608770e-03 2 0 4 1 3.153857e-14 0.000000e+00
316 413 5.205181e-03 3.284247e-03 2 0 4 1 4.842745e-14 0.000000e+00
316 414 5.205181e-03 4.134622e-03 2 0 4 1 7.196161e-14 0.000000e+00
316 415 5.205181e-03 5.205181e-03 2 0 4 1 0.000000e+00 0.000000e+00
316 416 5.205181e-03 6.552935e-03 2 0 4 1 8.356463e-14 0.000000e+00
316 417 5.205181e-03 8.249656e-03 2 0 4 1 6.589772e-14 0.000000e+00
317 407 6.552935e-03 8.249656e-04 2 0 4 1 2.433218e-15 0.000000e+00
317 408 6.552935e-03 1.038570e-03 2 0 4 1 3.849528e-15 0.000000e+00
317 409 6.552935e-03 1.307482e-03 2 0 4 1 6.083798e-15 0.000000e+00
317 410 6.552935e-03 1.646023e-03 2 0 4 1 9.598467e-15 0.000000e+00
317 411 6.552935e-03 2.072220e-03 2 0 4 1 1.510172e-14 0.000000e+00
317 412 6.552935e-03 2.608770e-03 2 0 4 1 2.365181e-14 0.000000e+00
317 413 6.552935e-03 3.284247e-03 2 0 4 1 3.675526e-14 0.000000e+00
317 414 6.552935e-03 4.134622e-03 2 0 4 1 5.631439e-14 0.000000e+00
317 415 6.552935e-03 5.205181e-03 2 0 4 1 8.356463e-14 0.000000e+00
317 416 6.552935e-03 6.552935e-03 2 0 4 1 0.000000e+00 0.000000e+00
317 417 6.552935e-03 8.249656e-03 2 0 4 1 9.747716e-14 0.000000e+00
318 407 8.249656e-03 8.249656e-04 2 0 4 1 1.810548e-15 0.000000e+00
318 408 8.249656e-03 1.038570e-03 2 0 4 1 2.866052e-15 0.000000e+00
318 409 8.249656e-03 1.307482e-03 2 0 4 1 4.533656e-15 0.000000e+00
318 410 8.249656e-03 1.646023e-03 2 0 4 1 7.163334e-15 0.000000e+00
318 411 8.249656e-03 2.072220e-03 2 0 4 1 1.129749e-14 0.000000e+00
318 412 8.249656e-03 2.608770e-03 2 0 4 1 1.776424e-14 0.000000e+00
318 413 8.249656e-03 3.284247e-03 2 0 4 1 2.779455e-14 0.000000e+00
318 414 8.249656e-03 4.134622e-03 2 0 4 1 4.312320e-14 0.000000e+00
318 415 8.249656e-03 5.205181e-03 2 0 4 1 6.589772e-14 0.000000e+00
318 416 8.249656e-03 6.552935e-03 2 0 4 1 9.747716e-14 0.000000e+00
318 417 8.249656e-03 8.249656e-03 2 0 4 1 0.000000e+00 0.000000e+00
