# Please cite the following papers in research using this covariance:
# arXiv: 1601.05779, https://arxiv.org/abs/1601.05779
# arXiv: 1911.11947, https://arxiv.org/abs/1911.11947
# arXiv: 2004.04833, https://arxiv.org/abs/2004.04833
# arXiv: 1804.10663, https://arxiv.org/abs/1804.10663
########################################################
220 451 8.249656e-04 8.249656e-04 0 0 5 1 0.000000e+00 0.000000e+00
220 452 8.249656e-04 1.038570e-03 0 0 5 1 6.283481e-14 0.000000e+00
220 453 8.249656e-04 1.307482e-03 0 0 5 1 5.610562e-14 0.000000e+00
220 454 8.249656e-04 1.646023e-03 0 0 5 1 4.540787e-14 0.000000e+00
220 455 8.249656e-04 2.072220e-03 0 0 5 1 3.429268e-14 0.000000e+00
220 456 8.249656e-04 2.608770e-03 0 0 5 1 2.462931e-14 0.000000e+00
220 457 8.249656e-04 3.284247e-03 0 0 5 1 1.711030e-14 0.000000e+00
220 458 8.249656e-04 4.134622e-03 0 0 5 1 1.169813e-14 0.000000e+00
220 459 8.249656e-04 5.205181e-03 0 0 5 1 8.004290e-15 0.000000e+00
220 460 8.249656e-04 6.552935e-03 0 0 5 1 5.556194e-15 0.000000e+00
220 461 8.249656e-04 8.249656e-03 0 0 5 1 3.942135e-15 0.000000e+00
221 451 1.038570e-03 8.249656e-04 0 0 5 1 6.283481e-14 0.000000e+00
221 452 1.038570e-03 1.038570e-03 0 0 5 1 0.000000e+00 0.000000e+00
221 453 1.038570e-03 1.307482e-03 0 0 5 1 7.935993e-14 0.000000e+00
221 454 1.038570e-03 1.646023e-03 0 0 5 1 6.814378e-14 0.000000e+00
221 455 1.038570e-03 2.072220e-03 0 0 5 1 5.295238e-14 0.000000e+00
221 456 1.038570e-03 2.608770e-03 0 0 5 1 3.856816e-14 0.000000e+00
221 457 1.038570e-03 3.284247e-03 0 0 5 1 2.697205e-14 0.000000e+00
221 458 1.038570e-03 4.134622e-03 0 0 5 1 1.849379e-14 0.000000e+00
221 459 1.038570e-03 5.205181e-03 0 0 5 1 1.266836e-14 0.000000e+00
221 460 1.038570e-03 6.552935e-03 0 0 5 1 8.797458e-15 0.000000e+00
221 461 1.038570e-03 8.249656e-03 0 0 5 1 6.243113e-15 0.000000e+00
222 451 1.307482e-03 8.249656e-04 0 0 5 1 5.610562e-14 0.000000e+00
222 452 1.307482e-03 1.038570e-03 0 0 5 1 7.935993e-14 0.000000e+00
222 453 1.307482e-03 1.307482e-03 0 0 5 1 0.000000e+00 0.000000e+00
222 454 1.307482e-03 1.646023e-03 0 0 5 1 9.691152e-14 0.000000e+00
222 455 1.307482e-03 2.072220e-03 0 0 5 1 7.997007e-14 0.000000e+00
222 456 1.307482e-03 2.608770e-03 0 0 5 1 5.983671e-14 0.000000e+00
222 457 1.307482e-03 3.284247e-03 0 0 5 1 4.235425e-14 0.000000e+00
222 458 1.307482e-03 4.134622e-03 0 0 5 1 2.918859e-14 0.000000e+00
222 459 1.307482e-03 5.205181e-03 0 0 5 1 2.003295e-14 0.000000e+00
222 460 1.307482e-03 6.552935e-03 0 0 5 1 1.392155e-14 0.000000e+00
222 461 1.307482e-03 8.249656e-03 0 0 5 1 9.882750e-15 0.000000e+00
223 451 1.646023e-03 8.249656e-04 0 0 5 1 4.540787e-14 0.000000e+00
223 452 1.646023e-03 1.038570e-03 0 0 5 1 6.814378e-14 0.000000e+00
223 453 1.646023e-03 1.307482e-03 0 0 5 1 9.691152e-14 0.000000e+00
223 454 1.646023e-03 1.646023e-03 0 0 5 1 0.000000e+00 0.000000e+00
223 455 1.646023e-03 2.072220e-03 0 0 5 1 1.146504e-13 0.000000e+00
223 456 1.646023e-03 2.608770e-03 0 0 5 1 9.104570e-14 0.000000e+00
223 457 1.646023e-03 3.284247e-03 0 0 5 1 6.601581e-14 0.000000e+00
223 458 1.646023e-03 4.134622e-03 0 0 5 1 4.593071e-14 0.000000e+00
223 459 1.646023e-03 5.205181e-03 0 0 5 1 3.163325e-14 0.000000e+00
223 460 1.646023e-03 6.552935e-03 0 0 5 1 2.200970e-14 0.000000e+00
223 461 1.646023e-03 8.249656e-03 0 0 5 1 1.563306e-14 0.000000e+00
224 451 2.072220e-03 8.249656e-04 0 0 5 1 3.429268e-14 0.000000e+00
224 452 2.072220e-03 1.038570e-03 0 0 5 1 5.295238e-14 0.000000e+00
224 453 2.072220e-03 1.307482e-03 0 0 5 1 7.997007e-14 0.000000e+00
224 454 2.072220e-03 1.646023e-03 0 0 5 1 1.146504e-13 0.000000e+00
224 455 2.072220e-03 2.072220e-03 0 0 5 1 0.000000e+00 0.000000e+00
224 456 2.072220e-03 2.608770e-03 0 0 5 1 1.319087e-13 0.000000e+00
224 457 2.072220e-03 3.284247e-03 0 0 5 1 1.012325e-13 0.000000e+00
224 458 2.072220e-03 4.134622e-03 0 0 5 1 7.185567e-14 0.000000e+00
224 459 2.072220e-03 5.205181e-03 0 0 5 1 4.982492e-14 0.000000e+00
224 460 2.072220e-03 6.552935e-03 0 0 5 1 3.474412e-14 0.000000e+00
224 461 2.072220e-03 8.249656e-03 0 0 5 1 2.470107e-14 0.000000e+00
225 451 2.608770e-03 8.249656e-04 0 0 5 1 2.462931e-14 0.000000e+00
225 452 2.608770e-03 1.038570e-03 0 0 5 1 3.856816e-14 0.000000e+00
225 453 2.608770e-03 1.307482e-03 0 0 5 1 5.983671e-14 0.000000e+00
225 454 2.608770e-03 1.646023e-03 0 0 5 1 9.104570e-14 0.000000e+00
225 455 2.608770e-03 2.072220e-03 0 0 5 1 1.319087e-13 0.000000e+00
225 456 2.608770e-03 2.608770e-03 0 0 5 1 0.000000e+00 0.000000e+00
225 457 2.608770e-03 3.284247e-03 0 0 5 1 1.484590e-13 0.000000e+00
225 458 2.608770e-03 4.134622e-03 0 0 5 1 1.109410e-13 0.000000e+00
225 459 2.608770e-03 5.205181e-03 0 0 5 1 7.810320e-14 0.000000e+00
225 460 2.608770e-03 6.552935e-03 0 0 5 1 5.470675e-14 0.000000e+00
225 461 2.608770e-03 8.249656e-03 0 0 5 1 3.895730e-14 0.000000e+00
226 451 3.284247e-03 8.249656e-04 0 0 5 1 1.711030e-14 0.000000e+00
226 452 3.284247e-03 1.038570e-03 0 0 5 1 2.697205e-14 0.000000e+00
226 453 3.284247e-03 1.307482e-03 0 0 5 1 4.235425e-14 0.000000e+00
226 454 3.284247e-03 1.646023e-03 0 0 5 1 6.601581e-14 0.000000e+00
226 455 3.284247e-03 2.072220e-03 0 0 5 1 1.012325e-13 0.000000e+00
226 456 3.284247e-03 2.608770e-03 0 0 5 1 1.484590e-13 0.000000e+00
226 457 3.284247e-03 3.284247e-03 0 0 5 1 0.000000e+00 0.000000e+00
226 458 3.284247e-03 4.134622e-03 0 0 5 1 1.646963e-13 0.000000e+00
226 459 3.284247e-03 5.205181e-03 0 0 5 1 1.211298e-13 0.000000e+00
226 460 3.284247e-03 6.552935e-03 0 0 5 1 8.574903e-14 0.000000e+00
226 461 3.284247e-03 8.249656e-03 0 0 5 1 6.125735e-14 0.000000e+00
227 451 4.134622e-03 8.249656e-04 0 0 5 1 1.169813e-14 0.000000e+00
227 452 4.134622e-03 1.038570e-03 0 0 5 1 1.849379e-14 0.000000e+00
227 453 4.134622e-03 1.307482e-03 0 0 5 1 2.918859e-14 0.000000e+00
227 454 4.134622e-03 1.646023e-03 0 0 5 1 4.593071e-14 0.000000e+00
227 455 4.134622e-03 2.072220e-03 0 0 5 1 7.185567e-14 0.000000e+00
227 456 4.134622e-03 2.608770e-03 0 0 5 1 1.109410e-13 0.000000e+00
227 457 4.134622e-03 3.284247e-03 0 0 5 1 1.646963e-13 0.000000e+00
227 458 4.134622e-03 4.134622e-03 0 0 5 1 0.000000e+00 0.000000e+00
227 459 4.134622e-03 5.205181e-03 0 0 5 1 1.816739e-13 0.000000e+00
227 460 4.134622e-03 6.552935e-03 0 0 5 1 1.331577e-13 0.000000e+00
227 461 4.134622e-03 8.249656e-03 0 0 5 1 9.583603e-14 0.000000e+00
228 451 5.205181e-03 8.249656e-04 0 0 5 1 8.004290e-15 0.000000e+00
228 452 5.205181e-03 1.038570e-03 0 0 5 1 1.266836e-14 0.000000e+00
228 453 5.205181e-03 1.307482e-03 0 0 5 1 2.003295e-14 0.000000e+00
228 454 5.205181e-03 1.646023e-03 0 0 5 1 3.163325e-14 0.000000e+00
228 455 5.205181e-03 2.072220e-03 0 0 5 1 4.982492e-14 0.000000e+00
228 456 5.205181e-03 2.608770e-03 0 0 5 1 7.810320e-14 0.000000e+00
228 457 5.205181e-03 3.284247e-03 0 0 5 1 1.211298e-13 0.000000e+00
228 458 5.205181e-03 4.134622e-03 0 0 5 1 1.816739e-13 0.000000e+00
228 459 5.205181e-03 5.205181e-03 0 0 5 1 0.000000e+00 0.000000e+00
228 460 5.205181e-03 6.552935e-03 0 0 5 1 2.009852e-13 0.000000e+00
228 461 5.205181e-03 8.249656e-03 0 0 5 1 1.485347e-13 0.000000e+00
229 451 6.552935e-03 8.249656e-04 0 0 5 1 5.556194e-15 0.000000e+00
229 452 6.552935e-03 1.038570e-03 0 0 5 1 8.797458e-15 0.000000e+00
229 453 6.552935e-03 1.307482e-03 0 0 5 1 1.392155e-14 0.000000e+00
229 454 6.552935e-03 1.646023e-03 0 0 5 1 2.200970e-14 0.000000e+00
229 455 6.552935e-03 2.072220e-03 0 0 5 1 3.474412e-14 0.000000e+00
229 456 6.552935e-03 2.608770e-03 0 0 5 1 5.470675e-14 0.000000e+00
229 457 6.552935e-03 3.284247e-03 0 0 5 1 8.574903e-14 0.000000e+00
229 458 6.552935e-03 4.134622e-03 0 0 5 1 1.331577e-13 0.000000e+00
229 459 6.552935e-03 5.205181e-03 0 0 5 1 2.009852e-13 0.000000e+00
229 460 6.552935e-03 6.552935e-03 0 0 5 1 0.000000e+00 0.000000e+00
229 461 6.552935e-03 8.249656e-03 0 0 5 1 2.245033e-13 0.000000e+00
230 451 8.249656e-03 8.249656e-04 0 0 5 1 3.942135e-15 0.000000e+00
230 452 8.249656e-03 1.038570e-03 0 0 5 1 6.243113e-15 0.000000e+00
230 453 8.249656e-03 1.307482e-03 0 0 5 1 9.882750e-15 0.000000e+00
230 454 8.249656e-03 1.646023e-03 0 0 5 1 1.563306e-14 0.000000e+00
230 455 8.249656e-03 2.072220e-03 0 0 5 1 2.470107e-14 0.000000e+00
230 456 8.249656e-03 2.608770e-03 0 0 5 1 3.895730e-14 0.000000e+00
230 457 8.249656e-03 3.284247e-03 0 0 5 1 6.125735e-14 0.000000e+00
230 458 8.249656e-03 4.134622e-03 0 0 5 1 9.583603e-14 0.000000e+00
230 459 8.249656e-03 5.205181e-03 0 0 5 1 1.485347e-13 0.000000e+00
230 460 8.249656e-03 6.552935e-03 0 0 5 1 2.245033e-13 0.000000e+00
230 461 8.249656e-03 8.249656e-03 0 0 5 1 0.000000e+00 0.000000e+00
