# Please cite the following papers in research using this covariance:
# arXiv: 1601.05779, https://arxiv.org/abs/1601.05779
# arXiv: 1911.11947, https://arxiv.org/abs/1911.11947
# arXiv: 2004.04833, https://arxiv.org/abs/2004.04833
# arXiv: 1804.10663, https://arxiv.org/abs/1804.10663
########################################################
297 418 8.249656e-04 8.249656e-04 1 3 4 2 0.000000e+00 0.000000e+00
297 419 8.249656e-04 1.038570e-03 1 3 4 2 5.512247e-13 0.000000e+00
297 420 8.249656e-04 1.307482e-03 1 3 4 2 4.420233e-13 0.000000e+00
297 421 8.249656e-04 1.646023e-03 1 3 4 2 3.223197e-13 0.000000e+00
297 422 8.249656e-04 2.072220e-03 1 3 4 2 2.252666e-13 0.000000e+00
297 423 8.249656e-04 2.608770e-03 1 3 4 2 1.560358e-13 0.000000e+00
297 424 8.249656e-04 3.284247e-03 1 3 4 2 1.095510e-13 0.000000e+00
297 425 8.249656e-04 4.134622e-03 1 3 4 2 7.895872e-14 0.000000e+00
297 426 8.249656e-04 5.205181e-03 1 3 4 2 5.861747e-14 0.000000e+00
297 427 8.249656e-04 6.552935e-03 1 3 4 2 4.461609e-14 0.000000e+00
297 428 8.249656e-04 8.249656e-03 1 3 4 2 3.446603e-14 0.000000e+00
298 418 1.038570e-03 8.249656e-04 1 3 4 2 5.512247e-13 0.000000e+00
298 419 1.038570e-03 1.038570e-03 1 3 4 2 0.000000e+00 0.000000e+00
298 420 1.038570e-03 1.307482e-03 1 3 4 2 6.382689e-13 0.000000e+00
298 421 1.038570e-03 1.646023e-03 1 3 4 2 4.937213e-13 0.000000e+00
298 422 1.038570e-03 2.072220e-03 1 3 4 2 3.522892e-13 0.000000e+00
298 423 1.038570e-03 2.608770e-03 1 3 4 2 2.457245e-13 0.000000e+00
298 424 1.038570e-03 3.284247e-03 1 3 4 2 1.729112e-13 0.000000e+00
298 425 1.038570e-03 4.134622e-03 1 3 4 2 1.247411e-13 0.000000e+00
298 426 1.038570e-03 5.205181e-03 1 3 4 2 9.266659e-14 0.000000e+00
298 427 1.038570e-03 6.552935e-03 1 3 4 2 7.057507e-14 0.000000e+00
298 428 1.038570e-03 8.249656e-03 1 3 4 2 5.454902e-14 0.000000e+00
299 418 1.307482e-03 8.249656e-04 1 3 4 2 4.420233e-13 0.000000e+00
299 419 1.307482e-03 1.038570e-03 1 3 4 2 6.382689e-13 0.000000e+00
299 420 1.307482e-03 1.307482e-03 1 3 4 2 0.000000e+00 0.000000e+00
299 421 1.307482e-03 1.646023e-03 1 3 4 2 7.221568e-13 0.000000e+00
299 422 1.307482e-03 2.072220e-03 1 3 4 2 5.435059e-13 0.000000e+00
299 423 1.307482e-03 2.608770e-03 1 3 4 2 3.850678e-13 0.000000e+00
299 424 1.307482e-03 3.284247e-03 1 3 4 2 2.721983e-13 0.000000e+00
299 425 1.307482e-03 4.134622e-03 1 3 4 2 1.966914e-13 0.000000e+00
299 426 1.307482e-03 5.205181e-03 1 3 4 2 1.462735e-13 0.000000e+00
299 427 1.307482e-03 6.552935e-03 1 3 4 2 1.115106e-13 0.000000e+00
299 428 1.307482e-03 8.249656e-03 1 3 4 2 8.626374e-14 0.000000e+00
300 418 1.646023e-03 8.249656e-04 1 3 4 2 3.223197e-13 0.000000e+00
300 419 1.646023e-03 1.038570e-03 1 3 4 2 4.937213e-13 0.000000e+00
300 420 1.646023e-03 1.307482e-03 1 3 4 2 7.221568e-13 0.000000e+00
300 421 1.646023e-03 1.646023e-03 1 3 4 2 0.000000e+00 0.000000e+00
300 422 1.646023e-03 2.072220e-03 1 3 4 2 8.052869e-13 0.000000e+00
300 423 1.646023e-03 2.608770e-03 1 3 4 2 5.968527e-13 0.000000e+00
300 424 1.646023e-03 3.284247e-03 1 3 4 2 4.264971e-13 0.000000e+00
300 425 1.646023e-03 4.134622e-03 1 3 4 2 3.091736e-13 0.000000e+00
300 426 1.646023e-03 5.205181e-03 1 3 4 2 2.303347e-13 0.000000e+00
300 427 1.646023e-03 6.552935e-03 1 3 4 2 1.758683e-13 0.000000e+00
300 428 1.646023e-03 8.249656e-03 1 3 4 2 1.362385e-13 0.000000e+00
301 418 2.072220e-03 8.249656e-04 1 3 4 2 2.252666e-13 0.000000e+00
301 419 2.072220e-03 1.038570e-03 1 3 4 2 3.522892e-13 0.000000e+00
301 420 2.072220e-03 1.307482e-03 1 3 4 2 5.435059e-13 0.000000e+00
301 421 2.072220e-03 1.646023e-03 1 3 4 2 8.052869e-13 0.000000e+00
301 422 2.072220e-03 2.072220e-03 1 3 4 2 0.000000e+00 0.000000e+00
301 423 2.072220e-03 2.608770e-03 1 3 4 2 8.938906e-13 0.000000e+00
301 424 2.072220e-03 3.284247e-03 1 3 4 2 6.618957e-13 0.000000e+00
301 425 2.072220e-03 4.134622e-03 1 3 4 2 4.834319e-13 0.000000e+00
301 426 2.072220e-03 5.205181e-03 1 3 4 2 3.612911e-13 0.000000e+00
301 427 2.072220e-03 6.552935e-03 1 3 4 2 2.765570e-13 0.000000e+00
301 428 2.072220e-03 8.249656e-03 1 3 4 2 2.147144e-13 0.000000e+00
302 418 2.608770e-03 8.249656e-04 1 3 4 2 1.560358e-13 0.000000e+00
302 419 2.608770e-03 1.038570e-03 1 3 4 2 2.457245e-13 0.000000e+00
302 420 2.608770e-03 1.307482e-03 1 3 4 2 3.850678e-13 0.000000e+00
302 421 2.608770e-03 1.646023e-03 1 3 4 2 5.968527e-13 0.000000e+00
302 422 2.608770e-03 2.072220e-03 1 3 4 2 8.938906e-13 0.000000e+00
302 423 2.608770e-03 2.608770e-03 1 3 4 2 0.000000e+00 0.000000e+00
302 424 2.608770e-03 3.284247e-03 1 3 4 2 9.978521e-13 0.000000e+00
302 425 2.608770e-03 4.134622e-03 1 3 4 2 7.486259e-13 0.000000e+00
302 426 2.608770e-03 5.205181e-03 1 3 4 2 5.630731e-13 0.000000e+00
302 427 2.608770e-03 6.552935e-03 1 3 4 2 4.328274e-13 0.000000e+00
302 428 2.608770e-03 8.249656e-03 1 3 4 2 3.372491e-13 0.000000e+00
303 418 3.284247e-03 8.249656e-04 1 3 4 2 1.095510e-13 0.000000e+00
303 419 3.284247e-03 1.038570e-03 1 3 4 2 1.729112e-13 0.000000e+00
303 420 3.284247e-03 1.307482e-03 1 3 4 2 2.721983e-13 0.000000e+00
303 421 3.284247e-03 1.646023e-03 1 3 4 2 4.264971e-13 0.000000e+00
303 422 3.284247e-03 2.072220e-03 1 3 4 2 6.618957e-13 0.000000e+00
303 423 3.284247e-03 2.608770e-03 1 3 4 2 9.978521e-13 0.000000e+00
303 424 3.284247e-03 3.284247e-03 1 3 4 2 0.000000e+00 0.000000e+00
303 425 3.284247e-03 4.134622e-03 1 3 4 2 1.130015e-12 0.000000e+00
303 426 3.284247e-03 5.205181e-03 1 3 4 2 8.678699e-13 0.000000e+00
303 427 3.284247e-03 6.552935e-03 1 3 4 2 6.721129e-13 0.000000e+00
303 428 3.284247e-03 8.249656e-03 1 3 4 2 5.267921e-13 0.000000e+00
304 418 4.134622e-03 8.249656e-04 1 3 4 2 7.895872e-14 0.000000e+00
304 419 4.134622e-03 1.038570e-03 1 3 4 2 1.247411e-13 0.000000e+00
304 420 4.134622e-03 1.307482e-03 1 3 4 2 1.966914e-13 0.000000e+00
304 421 4.134622e-03 1.646023e-03 1 3 4 2 3.091736e-13 0.000000e+00
304 422 4.134622e-03 2.072220e-03 1 3 4 2 4.834319e-13 0.000000e+00
304 423 4.134622e-03 2.608770e-03 1 3 4 2 7.486259e-13 0.000000e+00
304 424 4.134622e-03 3.284247e-03 1 3 4 2 1.130015e-12 0.000000e+00
304 425 4.134622e-03 4.134622e-03 1 3 4 2 0.000000e+00 0.000000e+00
304 426 4.134622e-03 5.205181e-03 1 3 4 2 1.304966e-12 0.000000e+00
304 427 4.134622e-03 6.552935e-03 1 3 4 2 1.029893e-12 0.000000e+00
304 428 4.134622e-03 8.249656e-03 1 3 4 2 8.153396e-13 0.000000e+00
305 418 5.205181e-03 8.249656e-04 1 3 4 2 5.861747e-14 0.000000e+00
305 419 5.205181e-03 1.038570e-03 1 3 4 2 9.266659e-14 0.000000e+00
305 420 5.205181e-03 1.307482e-03 1 3 4 2 1.462735e-13 0.000000e+00
305 421 5.205181e-03 1.646023e-03 1 3 4 2 2.303347e-13 0.000000e+00
305 422 5.205181e-03 2.072220e-03 1 3 4 2 3.612911e-13 0.000000e+00
305 423 5.205181e-03 2.608770e-03 1 3 4 2 5.630731e-13 0.000000e+00
305 424 5.205181e-03 3.284247e-03 1 3 4 2 8.678699e-13 0.000000e+00
305 425 5.205181e-03 4.134622e-03 1 3 4 2 1.304966e-12 0.000000e+00
305 426 5.205181e-03 5.205181e-03 1 3 4 2 0.000000e+00 0.000000e+00
305 427 5.205181e-03 6.552935e-03 1 3 4 2 1.537060e-12 0.000000e+00
305 428 5.205181e-03 8.249656e-03 1 3 4 2 1.242246e-12 0.000000e+00
306 418 6.552935e-03 8.249656e-04 1 3 4 2 4.461609e-14 0.000000e+00
306 419 6.552935e-03 1.038570e-03 1 3 4 2 7.057507e-14 0.000000e+00
306 420 6.552935e-03 1.307482e-03 1 3 4 2 1.115106e-13 0.000000e+00
306 421 6.552935e-03 1.646023e-03 1 3 4 2 1.758683e-13 0.000000e+00
306 422 6.552935e-03 2.072220e-03 1 3 4 2 2.765570e-13 0.000000e+00
306 423 6.552935e-03 2.608770e-03 1 3 4 2 4.328274e-13 0.000000e+00
306 424 6.552935e-03 3.284247e-03 1 3 4 2 6.721129e-13 0.000000e+00
306 425 6.552935e-03 4.134622e-03 1 3 4 2 1.029893e-12 0.000000e+00
306 426 6.552935e-03 5.205181e-03 1 3 4 2 1.537060e-12 0.000000e+00
306 427 6.552935e-03 6.552935e-03 1 3 4 2 0.000000e+00 0.000000e+00
306 428 6.552935e-03 8.249656e-03 1 3 4 2 1.837266e-12 0.000000e+00
307 418 8.249656e-03 8.249656e-04 1 3 4 2 3.446603e-14 0.000000e+00
307 419 8.249656e-03 1.038570e-03 1 3 4 2 5.454902e-14 0.000000e+00
307 420 8.249656e-03 1.307482e-03 1 3 4 2 8.626374e-14 0.000000e+00
307 421 8.249656e-03 1.646023e-03 1 3 4 2 1.362385e-13 0.000000e+00
307 422 8.249656e-03 2.072220e-03 1 3 4 2 2.147144e-13 0.000000e+00
307 423 8.249656e-03 2.608770e-03 1 3 4 2 3.372491e-13 0.000000e+00
307 424 8.249656e-03 3.284247e-03 1 3 4 2 5.267921e-13 0.000000e+00
307 425 8.249656e-03 4.134622e-03 1 3 4 2 8.153396e-13 0.000000e+00
307 426 8.249656e-03 5.205181e-03 1 3 4 2 1.242246e-12 0.000000e+00
307 427 8.249656e-03 6.552935e-03 1 3 4 2 1.837266e-12 0.000000e+00
307 428 8.249656e-03 8.249656e-03 1 3 4 2 0.000000e+00 0.000000e+00
