# Please cite the following papers in research using this covariance:
# arXiv: 1601.05779, https://arxiv.org/abs/1601.05779
# arXiv: 1911.11947, https://arxiv.org/abs/1911.11947
# arXiv: 2004.04833, https://arxiv.org/abs/2004.04833
# arXiv: 1804.10663, https://arxiv.org/abs/1804.10663
########################################################
286 429 8.249656e-04 8.249656e-04 1 2 4 3 0.000000e+00 0.000000e+00
286 430 8.249656e-04 1.038570e-03 1 2 4 3 3.080641e-13 0.000000e+00
286 431 8.249656e-04 1.307482e-03 1 2 4 3 2.537265e-13 0.000000e+00
286 432 8.249656e-04 1.646023e-03 1 2 4 3 1.882125e-13 0.000000e+00
286 433 8.249656e-04 2.072220e-03 1 2 4 3 1.317301e-13 0.000000e+00
286 434 8.249656e-04 2.608770e-03 1 2 4 3 8.988052e-14 0.000000e+00
286 435 8.249656e-04 3.284247e-03 1 2 4 3 6.136520e-14 0.000000e+00
286 436 8.249656e-04 4.134622e-03 1 2 4 3 4.275894e-14 0.000000e+00
286 437 8.249656e-04 5.205181e-03 1 2 4 3 3.074656e-14 0.000000e+00
286 438 8.249656e-04 6.552935e-03 1 2 4 3 2.283520e-14 0.000000e+00
286 439 8.249656e-04 8.249656e-03 1 2 4 3 1.737995e-14 0.000000e+00
287 429 1.038570e-03 8.249656e-04 1 2 4 3 3.080641e-13 0.000000e+00
287 430 1.038570e-03 1.038570e-03 1 2 4 3 0.000000e+00 0.000000e+00
287 431 1.038570e-03 1.307482e-03 1 2 4 3 3.631426e-13 0.000000e+00
287 432 1.038570e-03 1.646023e-03 1 2 4 3 2.866696e-13 0.000000e+00
287 433 1.038570e-03 2.072220e-03 1 2 4 3 2.056219e-13 0.000000e+00
287 434 1.038570e-03 2.608770e-03 1 2 4 3 1.415854e-13 0.000000e+00
287 435 1.038570e-03 3.284247e-03 1 2 4 3 9.695499e-14 0.000000e+00
287 436 1.038570e-03 4.134622e-03 1 2 4 3 6.761495e-14 0.000000e+00
287 437 1.038570e-03 5.205181e-03 1 2 4 3 4.863558e-14 0.000000e+00
287 438 1.038570e-03 6.552935e-03 1 2 4 3 3.613289e-14 0.000000e+00
287 439 1.038570e-03 8.249656e-03 1 2 4 3 2.751109e-14 0.000000e+00
288 429 1.307482e-03 8.249656e-04 1 2 4 3 2.537265e-13 0.000000e+00
288 430 1.307482e-03 1.038570e-03 1 2 4 3 3.631426e-13 0.000000e+00
288 431 1.307482e-03 1.307482e-03 1 2 4 3 0.000000e+00 0.000000e+00
288 432 1.307482e-03 1.646023e-03 1 2 4 3 4.153375e-13 0.000000e+00
288 433 1.307482e-03 2.072220e-03 1 2 4 3 3.159595e-13 0.000000e+00
288 434 1.307482e-03 2.608770e-03 1 2 4 3 2.218837e-13 0.000000e+00
288 435 1.307482e-03 3.284247e-03 1 2 4 3 1.528580e-13 0.000000e+00
288 436 1.307482e-03 4.134622e-03 1 2 4 3 1.067727e-13 0.000000e+00
288 437 1.307482e-03 5.205181e-03 1 2 4 3 7.684498e-14 0.000000e+00
288 438 1.307482e-03 6.552935e-03 1 2 4 3 5.712007e-14 0.000000e+00
288 439 1.307482e-03 8.249656e-03 1 2 4 3 4.351617e-14 0.000000e+00
289 429 1.646023e-03 8.249656e-04 1 2 4 3 1.882125e-13 0.000000e+00
289 430 1.646023e-03 1.038570e-03 1 2 4 3 2.866696e-13 0.000000e+00
289 431 1.646023e-03 1.307482e-03 1 2 4 3 4.153375e-13 0.000000e+00
289 432 1.646023e-03 1.646023e-03 1 2 4 3 0.000000e+00 0.000000e+00
289 433 1.646023e-03 2.072220e-03 1 2 4 3 4.642015e-13 0.000000e+00
289 434 1.646023e-03 2.608770e-03 1 2 4 3 3.435062e-13 0.000000e+00
289 435 1.646023e-03 3.284247e-03 1 2 4 3 2.400034e-13 0.000000e+00
289 436 1.646023e-03 4.134622e-03 1 2 4 3 1.682225e-13 0.000000e+00
289 437 1.646023e-03 5.205181e-03 1 2 4 3 1.211949e-13 0.000000e+00
289 438 1.646023e-03 6.552935e-03 1 2 4 3 9.016076e-14 0.000000e+00
289 439 1.646023e-03 8.249656e-03 1 2 4 3 6.875209e-14 0.000000e+00
290 429 2.072220e-03 8.249656e-04 1 2 4 3 1.317301e-13 0.000000e+00
290 430 2.072220e-03 1.038570e-03 1 2 4 3 2.056219e-13 0.000000e+00
290 431 2.072220e-03 1.307482e-03 1 2 4 3 3.159595e-13 0.000000e+00
290 432 2.072220e-03 1.646023e-03 1 2 4 3 4.642015e-13 0.000000e+00
290 433 2.072220e-03 2.072220e-03 1 2 4 3 0.000000e+00 0.000000e+00
290 434 2.072220e-03 2.608770e-03 1 2 4 3 5.116764e-13 0.000000e+00
290 435 2.072220e-03 3.284247e-03 1 2 4 3 3.732678e-13 0.000000e+00
290 436 2.072220e-03 4.134622e-03 1 2 4 3 2.639736e-13 0.000000e+00
290 437 2.072220e-03 5.205181e-03 1 2 4 3 1.905797e-13 0.000000e+00
290 438 2.072220e-03 6.552935e-03 1 2 4 3 1.419705e-13 0.000000e+00
290 439 2.072220e-03 8.249656e-03 1 2 4 3 1.084209e-13 0.000000e+00
291 429 2.608770e-03 8.249656e-04 1 2 4 3 8.988052e-14 0.000000e+00
291 430 2.608770e-03 1.038570e-03 1 2 4 3 1.415854e-13 0.000000e+00
291 431 2.608770e-03 1.307482e-03 1 2 4 3 2.218837e-13 0.000000e+00
291 432 2.608770e-03 1.646023e-03 1 2 4 3 3.435062e-13 0.000000e+00
291 433 2.608770e-03 2.072220e-03 1 2 4 3 5.116764e-13 0.000000e+00
291 434 2.608770e-03 2.608770e-03 1 2 4 3 0.000000e+00 0.000000e+00
291 435 2.608770e-03 3.284247e-03 1 2 4 3 5.622657e-13 0.000000e+00
291 436 2.608770e-03 4.134622e-03 1 2 4 3 4.108262e-13 0.000000e+00
291 437 2.608770e-03 5.205181e-03 1 2 4 3 2.982386e-13 0.000000e+00
291 438 2.608770e-03 6.552935e-03 1 2 4 3 2.226873e-13 0.000000e+00
291 439 2.608770e-03 8.249656e-03 1 2 4 3 1.704671e-13 0.000000e+00
292 429 3.284247e-03 8.249656e-04 1 2 4 3 6.136520e-14 0.000000e+00
292 430 3.284247e-03 1.038570e-03 1 2 4 3 9.695499e-14 0.000000e+00
292 431 3.284247e-03 1.307482e-03 1 2 4 3 1.528580e-13 0.000000e+00
292 432 3.284247e-03 1.646023e-03 1 2 4 3 2.400034e-13 0.000000e+00
292 433 3.284247e-03 2.072220e-03 1 2 4 3 3.732678e-13 0.000000e+00
292 434 3.284247e-03 2.608770e-03 1 2 4 3 5.622657e-13 0.000000e+00
292 435 3.284247e-03 3.284247e-03 1 2 4 3 0.000000e+00 0.000000e+00
292 436 3.284247e-03 4.134622e-03 1 2 4 3 6.227391e-13 0.000000e+00
292 437 3.284247e-03 5.205181e-03 1 2 4 3 4.626814e-13 0.000000e+00
292 438 3.284247e-03 6.552935e-03 1 2 4 3 3.471076e-13 0.000000e+00
292 439 3.284247e-03 8.249656e-03 1 2 4 3 2.667284e-13 0.000000e+00
293 429 4.134622e-03 8.249656e-04 1 2 4 3 4.275894e-14 0.000000e+00
293 430 4.134622e-03 1.038570e-03 1 2 4 3 6.761495e-14 0.000000e+00
293 431 4.134622e-03 1.307482e-03 1 2 4 3 1.067727e-13 0.000000e+00
293 432 4.134622e-03 1.646023e-03 1 2 4 3 1.682225e-13 0.000000e+00
293 433 4.134622e-03 2.072220e-03 1 2 4 3 2.639736e-13 0.000000e+00
293 434 4.134622e-03 2.608770e-03 1 2 4 3 4.108262e-13 0.000000e+00
293 435 4.134622e-03 3.284247e-03 1 2 4 3 6.227391e-13 0.000000e+00
293 436 4.134622e-03 4.134622e-03 1 2 4 3 0.000000e+00 0.000000e+00
293 437 4.134622e-03 5.205181e-03 1 2 4 3 7.014354e-13 0.000000e+00
293 438 4.134622e-03 6.552935e-03 1 2 4 3 5.353683e-13 0.000000e+00
293 439 4.134622e-03 8.249656e-03 1 2 4 3 4.140636e-13 0.000000e+00
294 429 5.205181e-03 8.249656e-04 1 2 4 3 3.074656e-14 0.000000e+00
294 430 5.205181e-03 1.038570e-03 1 2 4 3 4.863558e-14 0.000000e+00
294 431 5.205181e-03 1.307482e-03 1 2 4 3 7.684498e-14 0.000000e+00
294 432 5.205181e-03 1.646023e-03 1 2 4 3 1.211949e-13 0.000000e+00
294 433 5.205181e-03 2.072220e-03 1 2 4 3 1.905797e-13 0.000000e+00
294 434 5.205181e-03 2.608770e-03 1 2 4 3 2.982386e-13 0.000000e+00
294 435 5.205181e-03 3.284247e-03 1 2 4 3 4.626814e-13 0.000000e+00
294 436 5.205181e-03 4.134622e-03 1 2 4 3 7.014354e-13 0.000000e+00
294 437 5.205181e-03 5.205181e-03 1 2 4 3 0.000000e+00 0.000000e+00
294 438 5.205181e-03 6.552935e-03 1 2 4 3 8.071851e-13 0.000000e+00
294 439 5.205181e-03 8.249656e-03 1 2 4 3 6.343648e-13 0.000000e+00
295 429 6.552935e-03 8.249656e-04 1 2 4 3 2.283520e-14 0.000000e+00
295 430 6.552935e-03 1.038570e-03 1 2 4 3 3.613289e-14 0.000000e+00
295 431 6.552935e-03 1.307482e-03 1 2 4 3 5.712007e-14 0.000000e+00
295 432 6.552935e-03 1.646023e-03 1 2 4 3 9.016076e-14 0.000000e+00
295 433 6.552935e-03 2.072220e-03 1 2 4 3 1.419705e-13 0.000000e+00
295 434 6.552935e-03 2.608770e-03 1 2 4 3 2.226873e-13 0.000000e+00
295 435 6.552935e-03 3.284247e-03 1 2 4 3 3.471076e-13 0.000000e+00
295 436 6.552935e-03 4.134622e-03 1 2 4 3 5.353683e-13 0.000000e+00
295 437 6.552935e-03 5.205181e-03 1 2 4 3 8.071851e-13 0.000000e+00
295 438 6.552935e-03 6.552935e-03 1 2 4 3 0.000000e+00 0.000000e+00
295 439 6.552935e-03 8.249656e-03 1 2 4 3 9.477850e-13 0.000000e+00
296 429 8.249656e-03 8.249656e-04 1 2 4 3 1.737995e-14 0.000000e+00
296 430 8.249656e-03 1.038570e-03 1 2 4 3 2.751109e-14 0.000000e+00
296 431 8.249656e-03 1.307482e-03 1 2 4 3 4.351617e-14 0.000000e+00
296 432 8.249656e-03 1.646023e-03 1 2 4 3 6.875209e-14 0.000000e+00
296 433 8.249656e-03 2.072220e-03 1 2 4 3 1.084209e-13 0.000000e+00
296 434 8.249656e-03 2.608770e-03 1 2 4 3 1.704671e-13 0.000000e+00
296 435 8.249656e-03 3.284247e-03 1 2 4 3 2.667284e-13 0.000000e+00
296 436 8.249656e-03 4.134622e-03 1 2 4 3 4.140636e-13 0.000000e+00
296 437 8.249656e-03 5.205181e-03 1 2 4 3 6.343648e-13 0.000000e+00
296 438 8.249656e-03 6.552935e-03 1 2 4 3 9.477850e-13 0.000000e+00
296 439 8.249656e-03 8.249656e-03 1 2 4 3 0.000000e+00 0.000000e+00
