# Please cite the following papers in research using this covariance:
# arXiv: 1601.05779, https://arxiv.org/abs/1601.05779
# arXiv: 1911.11947, https://arxiv.org/abs/1911.11947
# arXiv: 2004.04833, https://arxiv.org/abs/2004.04833
# arXiv: 1804.10663, https://arxiv.org/abs/1804.10663
########################################################
264 374 8.249656e-04 8.249656e-04 1 0 3 2 0.000000e+00 0.000000e+00
264 375 8.249656e-04 1.038570e-03 1 0 3 2 9.273933e-14 0.000000e+00
264 376 8.249656e-04 1.307482e-03 1 0 3 2 7.716691e-14 0.000000e+00
264 377 8.249656e-04 1.646023e-03 1 0 3 2 5.809526e-14 0.000000e+00
264 378 8.249656e-04 2.072220e-03 1 0 3 2 4.137813e-14 0.000000e+00
264 379 8.249656e-04 2.608770e-03 1 0 3 2 2.870594e-14 0.000000e+00
264 380 8.249656e-04 3.284247e-03 1 0 3 2 1.983658e-14 0.000000e+00
264 381 8.249656e-04 4.134622e-03 1 0 3 2 1.389377e-14 0.000000e+00
264 382 8.249656e-04 5.205181e-03 1 0 3 2 9.972638e-15 0.000000e+00
264 383 8.249656e-04 6.552935e-03 1 0 3 2 7.356373e-15 0.000000e+00
264 384 8.249656e-04 8.249656e-03 1 0 3 2 5.547783e-15 0.000000e+00
265 374 1.038570e-03 8.249656e-04 1 0 3 2 9.273933e-14 0.000000e+00
265 375 1.038570e-03 1.038570e-03 1 0 3 2 0.000000e+00 0.000000e+00
265 376 1.038570e-03 1.307482e-03 1 0 3 2 1.103844e-13 0.000000e+00
265 377 1.038570e-03 1.646023e-03 1 0 3 2 8.831623e-14 0.000000e+00
265 378 1.038570e-03 2.072220e-03 1 0 3 2 6.445291e-14 0.000000e+00
265 379 1.038570e-03 2.608770e-03 1 0 3 2 4.514957e-14 0.000000e+00
265 380 1.038570e-03 3.284247e-03 1 0 3 2 3.131486e-14 0.000000e+00
265 381 1.038570e-03 4.134622e-03 1 0 3 2 2.196316e-14 0.000000e+00
265 382 1.038570e-03 5.205181e-03 1 0 3 2 1.577407e-14 0.000000e+00
265 383 1.038570e-03 6.552935e-03 1 0 3 2 1.164065e-14 0.000000e+00
265 384 1.038570e-03 8.249656e-03 1 0 3 2 8.782114e-15 0.000000e+00
266 374 1.307482e-03 8.249656e-04 1 0 3 2 7.716691e-14 0.000000e+00
266 375 1.307482e-03 1.038570e-03 1 0 3 2 1.103844e-13 0.000000e+00
266 376 1.307482e-03 1.307482e-03 1 0 3 2 0.000000e+00 0.000000e+00
266 377 1.307482e-03 1.646023e-03 1 0 3 2 1.277131e-13 0.000000e+00
266 378 1.307482e-03 2.072220e-03 1 0 3 2 9.873493e-14 0.000000e+00
266 379 1.307482e-03 2.608770e-03 1 0 3 2 7.057980e-14 0.000000e+00
266 380 1.307482e-03 3.284247e-03 1 0 3 2 4.930177e-14 0.000000e+00
266 381 1.307482e-03 4.134622e-03 1 0 3 2 3.466370e-14 0.000000e+00
266 382 1.307482e-03 5.205181e-03 1 0 3 2 2.492081e-14 0.000000e+00
266 383 1.307482e-03 6.552935e-03 1 0 3 2 1.840293e-14 0.000000e+00
266 384 1.307482e-03 8.249656e-03 1 0 3 2 1.389230e-14 0.000000e+00
267 374 1.646023e-03 8.249656e-04 1 0 3 2 5.809526e-14 0.000000e+00
267 375 1.646023e-03 1.038570e-03 1 0 3 2 8.831623e-14 0.000000e+00
267 376 1.646023e-03 1.307482e-03 1 0 3 2 1.277131e-13 0.000000e+00
267 377 1.646023e-03 1.646023e-03 1 0 3 2 0.000000e+00 0.000000e+00
267 378 1.646023e-03 2.072220e-03 1 0 3 2 1.445328e-13 0.000000e+00
267 379 1.646023e-03 2.608770e-03 1 0 3 2 1.088405e-13 0.000000e+00
267 380 1.646023e-03 3.284247e-03 1 0 3 2 7.722618e-14 0.000000e+00
267 381 1.646023e-03 4.134622e-03 1 0 3 2 5.456137e-14 0.000000e+00
267 382 1.646023e-03 5.205181e-03 1 0 3 2 3.929612e-14 0.000000e+00
267 383 1.646023e-03 6.552935e-03 1 0 3 2 2.905027e-14 0.000000e+00
267 384 1.646023e-03 8.249656e-03 1 0 3 2 2.195128e-14 0.000000e+00
268 374 2.072220e-03 8.249656e-04 1 0 3 2 4.137813e-14 0.000000e+00
268 375 2.072220e-03 1.038570e-03 1 0 3 2 6.445291e-14 0.000000e+00
268 376 2.072220e-03 1.307482e-03 1 0 3 2 9.873493e-14 0.000000e+00
268 377 2.072220e-03 1.646023e-03 1 0 3 2 1.445328e-13 0.000000e+00
268 378 2.072220e-03 2.072220e-03 1 0 3 2 0.000000e+00 0.000000e+00
268 379 2.072220e-03 2.608770e-03 1 0 3 2 1.612669e-13 0.000000e+00
268 380 2.072220e-03 3.284247e-03 1 0 3 2 1.196216e-13 0.000000e+00
268 381 2.072220e-03 4.134622e-03 1 0 3 2 8.546890e-14 0.000000e+00
268 382 2.072220e-03 5.205181e-03 1 0 3 2 6.176995e-14 0.000000e+00
268 383 2.072220e-03 6.552935e-03 1 0 3 2 4.574851e-14 0.000000e+00
268 384 2.072220e-03 8.249656e-03 1 0 3 2 3.462308e-14 0.000000e+00
269 374 2.608770e-03 8.249656e-04 1 0 3 2 2.870594e-14 0.000000e+00
269 375 2.608770e-03 1.038570e-03 1 0 3 2 4.514957e-14 0.000000e+00
269 376 2.608770e-03 1.307482e-03 1 0 3 2 7.057980e-14 0.000000e+00
269 377 2.608770e-03 1.646023e-03 1 0 3 2 1.088405e-13 0.000000e+00
269 378 2.608770e-03 2.072220e-03 1 0 3 2 1.612669e-13 0.000000e+00
269 379 2.608770e-03 2.608770e-03 1 0 3 2 0.000000e+00 0.000000e+00
269 380 2.608770e-03 3.284247e-03 1 0 3 2 1.790528e-13 0.000000e+00
269 381 2.608770e-03 4.134622e-03 1 0 3 2 1.325741e-13 0.000000e+00
269 382 2.608770e-03 5.205181e-03 1 0 3 2 9.658363e-14 0.000000e+00
269 383 2.608770e-03 6.552935e-03 1 0 3 2 7.176696e-14 0.000000e+00
269 384 2.608770e-03 8.249656e-03 1 0 3 2 5.445225e-14 0.000000e+00
270 374 3.284247e-03 8.249656e-04 1 0 3 2 1.983658e-14 0.000000e+00
270 375 3.284247e-03 1.038570e-03 1 0 3 2 3.131486e-14 0.000000e+00
270 376 3.284247e-03 1.307482e-03 1 0 3 2 4.930177e-14 0.000000e+00
270 377 3.284247e-03 1.646023e-03 1 0 3 2 7.722618e-14 0.000000e+00
270 378 3.284247e-03 2.072220e-03 1 0 3 2 1.196216e-13 0.000000e+00
270 379 3.284247e-03 2.608770e-03 1 0 3 2 1.790528e-13 0.000000e+00
270 380 3.284247e-03 3.284247e-03 1 0 3 2 0.000000e+00 0.000000e+00
270 381 3.284247e-03 4.134622e-03 1 0 3 2 1.997118e-13 0.000000e+00
270 382 3.284247e-03 5.205181e-03 1 0 3 2 1.495383e-13 0.000000e+00
270 383 3.284247e-03 6.552935e-03 1 0 3 2 1.118663e-13 0.000000e+00
270 384 3.284247e-03 8.249656e-03 1 0 3 2 8.523699e-14 0.000000e+00
271 374 4.134622e-03 8.249656e-04 1 0 3 2 1.389377e-14 0.000000e+00
271 375 4.134622e-03 1.038570e-03 1 0 3 2 2.196316e-14 0.000000e+00
271 376 4.134622e-03 1.307482e-03 1 0 3 2 3.466370e-14 0.000000e+00
271 377 4.134622e-03 1.646023e-03 1 0 3 2 5.456137e-14 0.000000e+00
271 378 4.134622e-03 2.072220e-03 1 0 3 2 8.546890e-14 0.000000e+00
271 379 4.134622e-03 2.608770e-03 1 0 3 2 1.325741e-13 0.000000e+00
271 380 4.134622e-03 3.284247e-03 1 0 3 2 1.997118e-13 0.000000e+00
271 381 4.134622e-03 4.134622e-03 1 0 3 2 0.000000e+00 0.000000e+00
271 382 4.134622e-03 5.205181e-03 1 0 3 2 2.255875e-13 0.000000e+00
271 383 4.134622e-03 6.552935e-03 1 0 3 2 1.724434e-13 0.000000e+00
271 384 4.134622e-03 8.249656e-03 1 0 3 2 1.323978e-13 0.000000e+00
272 374 5.205181e-03 8.249656e-04 1 0 3 2 9.972638e-15 0.000000e+00
272 375 5.205181e-03 1.038570e-03 1 0 3 2 1.577407e-14 0.000000e+00
272 376 5.205181e-03 1.307482e-03 1 0 3 2 2.492081e-14 0.000000e+00
272 377 5.205181e-03 1.646023e-03 1 0 3 2 3.929612e-14 0.000000e+00
272 378 5.205181e-03 2.072220e-03 1 0 3 2 6.176995e-14 0.000000e+00
272 379 5.205181e-03 2.608770e-03 1 0 3 2 9.658363e-14 0.000000e+00
272 380 5.205181e-03 3.284247e-03 1 0 3 2 1.495383e-13 0.000000e+00
272 381 5.205181e-03 4.134622e-03 1 0 3 2 2.255875e-13 0.000000e+00
272 382 5.205181e-03 5.205181e-03 1 0 3 2 0.000000e+00 0.000000e+00
272 383 5.205181e-03 6.552935e-03 1 0 3 2 2.592392e-13 0.000000e+00
272 384 5.205181e-03 8.249656e-03 1 0 3 2 2.029561e-13 0.000000e+00
273 374 6.552935e-03 8.249656e-04 1 0 3 2 7.356373e-15 0.000000e+00
273 375 6.552935e-03 1.038570e-03 1 0 3 2 1.164065e-14 0.000000e+00
273 376 6.552935e-03 1.307482e-03 1 0 3 2 1.840293e-14 0.000000e+00
273 377 6.552935e-03 1.646023e-03 1 0 3 2 2.905027e-14 0.000000e+00
273 378 6.552935e-03 2.072220e-03 1 0 3 2 4.574851e-14 0.000000e+00
273 379 6.552935e-03 2.608770e-03 1 0 3 2 7.176696e-14 0.000000e+00
273 380 6.552935e-03 3.284247e-03 1 0 3 2 1.118663e-13 0.000000e+00
273 381 6.552935e-03 4.134622e-03 1 0 3 2 1.724434e-13 0.000000e+00
273 382 6.552935e-03 5.205181e-03 1 0 3 2 2.592392e-13 0.000000e+00
273 383 6.552935e-03 6.552935e-03 1 0 3 2 0.000000e+00 0.000000e+00
273 384 6.552935e-03 8.249656e-03 1 0 3 2 3.029752e-13 0.000000e+00
274 374 8.249656e-03 8.249656e-04 1 0 3 2 5.547783e-15 0.000000e+00
274 375 8.249656e-03 1.038570e-03 1 0 3 2 8.782114e-15 0.000000e+00
274 376 8.249656e-03 1.307482e-03 1 0 3 2 1.389230e-14 0.000000e+00
274 377 8.249656e-03 1.646023e-03 1 0 3 2 2.195128e-14 0.000000e+00
274 378 8.249656e-03 2.072220e-03 1 0 3 2 3.462308e-14 0.000000e+00
274 379 8.249656e-03 2.608770e-03 1 0 3 2 5.445225e-14 0.000000e+00
274 380 8.249656e-03 3.284247e-03 1 0 3 2 8.523699e-14 0.000000e+00
274 381 8.249656e-03 4.134622e-03 1 0 3 2 1.323978e-13 0.000000e+00
274 382 8.249656e-03 5.205181e-03 1 0 3 2 2.029561e-13 0.000000e+00
274 383 8.249656e-03 6.552935e-03 1 0 3 2 3.029752e-13 0.000000e+00
274 384 8.249656e-03 8.249656e-03 1 0 3 2 0.000000e+00 0.000000e+00
