# Please cite the following papers in research using this covariance:
# arXiv: 1601.05779, https://arxiv.org/abs/1601.05779
# arXiv: 1911.11947, https://arxiv.org/abs/1911.11947
# arXiv: 2004.04833, https://arxiv.org/abs/2004.04833
# arXiv: 1804.10663, https://arxiv.org/abs/1804.10663
########################################################
264 396 8.249656e-04 8.249656e-04 1 0 4 0 0.000000e+00 0.000000e+00
264 397 8.249656e-04 1.038570e-03 1 0 4 0 3.868252e-12 0.000000e+00
264 398 8.249656e-04 1.307482e-03 1 0 4 0 1.900497e-12 0.000000e+00
264 399 8.249656e-04 1.646023e-03 1 0 4 0 8.977514e-13 0.000000e+00
264 400 8.249656e-04 2.072220e-03 1 0 4 0 4.215082e-13 0.000000e+00
264 401 8.249656e-04 2.608770e-03 1 0 4 0 2.017764e-13 0.000000e+00
264 402 8.249656e-04 3.284247e-03 1 0 4 0 1.004735e-13 0.000000e+00
264 403 8.249656e-04 4.134622e-03 1 0 4 0 5.273745e-14 0.000000e+00
264 404 8.249656e-04 5.205181e-03 1 0 4 0 2.924706e-14 0.000000e+00
264 405 8.249656e-04 6.552935e-03 1 0 4 0 1.700258e-14 0.000000e+00
264 406 8.249656e-04 8.249656e-03 1 0 4 0 1.019816e-14 0.000000e+00
265 396 1.038570e-03 8.249656e-04 1 0 4 0 3.868252e-12 0.000000e+00
265 397 1.038570e-03 1.038570e-03 1 0 4 0 0.000000e+00 0.000000e+00
265 398 1.038570e-03 1.307482e-03 1 0 4 0 3.344565e-12 0.000000e+00
265 399 1.038570e-03 1.646023e-03 1 0 4 0 1.546775e-12 0.000000e+00
265 400 1.038570e-03 2.072220e-03 1 0 4 0 7.065108e-13 0.000000e+00
265 401 1.038570e-03 2.608770e-03 1 0 4 0 3.306639e-13 0.000000e+00
265 402 1.038570e-03 3.284247e-03 1 0 4 0 1.621401e-13 0.000000e+00
265 403 1.038570e-03 4.134622e-03 1 0 4 0 8.430708e-14 0.000000e+00
265 404 1.038570e-03 5.205181e-03 1 0 4 0 4.652705e-14 0.000000e+00
265 405 1.038570e-03 6.552935e-03 1 0 4 0 2.698124e-14 0.000000e+00
265 406 1.038570e-03 8.249656e-03 1 0 4 0 1.617590e-14 0.000000e+00
266 396 1.307482e-03 8.249656e-04 1 0 4 0 1.900497e-12 0.000000e+00
266 397 1.307482e-03 1.038570e-03 1 0 4 0 3.344565e-12 0.000000e+00
266 398 1.307482e-03 1.307482e-03 1 0 4 0 0.000000e+00 0.000000e+00
266 399 1.307482e-03 1.646023e-03 1 0 4 0 2.822128e-12 0.000000e+00
266 400 1.307482e-03 2.072220e-03 1 0 4 0 1.234649e-12 0.000000e+00
266 401 1.307482e-03 2.608770e-03 1 0 4 0 5.552490e-13 0.000000e+00
266 402 1.307482e-03 3.284247e-03 1 0 4 0 2.649759e-13 0.000000e+00
266 403 1.307482e-03 4.134622e-03 1 0 4 0 1.355880e-13 0.000000e+00
266 404 1.307482e-03 5.205181e-03 1 0 4 0 7.420917e-14 0.000000e+00
266 405 1.307482e-03 6.552935e-03 1 0 4 0 4.286716e-14 0.000000e+00
266 406 1.307482e-03 8.249656e-03 1 0 4 0 2.565540e-14 0.000000e+00
267 396 1.646023e-03 8.249656e-04 1 0 4 0 8.977514e-13 0.000000e+00
267 397 1.646023e-03 1.038570e-03 1 0 4 0 1.546775e-12 0.000000e+00
267 398 1.646023e-03 1.307482e-03 1 0 4 0 2.822128e-12 0.000000e+00
267 399 1.646023e-03 1.646023e-03 1 0 4 0 0.000000e+00 0.000000e+00
267 400 1.646023e-03 2.072220e-03 1 0 4 0 2.334529e-12 0.000000e+00
267 401 1.646023e-03 2.608770e-03 1 0 4 0 9.778883e-13 0.000000e+00
267 402 1.646023e-03 3.284247e-03 1 0 4 0 4.434524e-13 0.000000e+00
267 403 1.646023e-03 4.134622e-03 1 0 4 0 2.204027e-13 0.000000e+00
267 404 1.646023e-03 5.205181e-03 1 0 4 0 1.188620e-13 0.000000e+00
267 405 1.646023e-03 6.552935e-03 1 0 4 0 6.821229e-14 0.000000e+00
267 406 1.646023e-03 8.249656e-03 1 0 4 0 4.072460e-14 0.000000e+00
268 396 2.072220e-03 8.249656e-04 1 0 4 0 4.215082e-13 0.000000e+00
268 397 2.072220e-03 1.038570e-03 1 0 4 0 7.065108e-13 0.000000e+00
268 398 2.072220e-03 1.307482e-03 1 0 4 0 1.234649e-12 0.000000e+00
268 399 2.072220e-03 1.646023e-03 1 0 4 0 2.334529e-12 0.000000e+00
268 400 2.072220e-03 2.072220e-03 1 0 4 0 0.000000e+00 0.000000e+00
268 401 2.072220e-03 2.608770e-03 1 0 4 0 1.906056e-12 0.000000e+00
268 402 2.072220e-03 3.284247e-03 1 0 4 0 7.801066e-13 0.000000e+00
268 403 2.072220e-03 4.134622e-03 1 0 4 0 3.658680e-13 0.000000e+00
268 404 2.072220e-03 5.205181e-03 1 0 4 0 1.919315e-13 0.000000e+00
268 405 2.072220e-03 6.552935e-03 1 0 4 0 1.088556e-13 0.000000e+00
268 406 2.072220e-03 8.249656e-03 1 0 4 0 6.469337e-14 0.000000e+00
269 396 2.608770e-03 8.249656e-04 1 0 4 0 2.017764e-13 0.000000e+00
269 397 2.608770e-03 1.038570e-03 1 0 4 0 3.306639e-13 0.000000e+00
269 398 2.608770e-03 1.307482e-03 1 0 4 0 5.552490e-13 0.000000e+00
269 399 2.608770e-03 1.646023e-03 1 0 4 0 9.778883e-13 0.000000e+00
269 400 2.608770e-03 2.072220e-03 1 0 4 0 1.906056e-12 0.000000e+00
269 401 2.608770e-03 2.608770e-03 1 0 4 0 0.000000e+00 0.000000e+00
269 402 2.608770e-03 3.284247e-03 1 0 4 0 1.549752e-12 0.000000e+00
269 403 2.608770e-03 4.134622e-03 1 0 4 0 6.368317e-13 0.000000e+00
269 404 2.608770e-03 5.205181e-03 1 0 4 0 3.151167e-13 0.000000e+00
269 405 2.608770e-03 6.552935e-03 1 0 4 0 1.746633e-13 0.000000e+00
269 406 2.608770e-03 8.249656e-03 1 0 4 0 1.029561e-13 0.000000e+00
270 396 3.284247e-03 8.249656e-04 1 0 4 0 1.004735e-13 0.000000e+00
270 397 3.284247e-03 1.038570e-03 1 0 4 0 1.621401e-13 0.000000e+00
270 398 3.284247e-03 1.307482e-03 1 0 4 0 2.649759e-13 0.000000e+00
270 399 3.284247e-03 1.646023e-03 1 0 4 0 4.434524e-13 0.000000e+00
270 400 3.284247e-03 2.072220e-03 1 0 4 0 7.801066e-13 0.000000e+00
270 401 3.284247e-03 2.608770e-03 1 0 4 0 1.549752e-12 0.000000e+00
270 402 3.284247e-03 3.284247e-03 1 0 4 0 0.000000e+00 0.000000e+00
270 403 3.284247e-03 4.134622e-03 1 0 4 0 1.268214e-12 0.000000e+00
270 404 3.284247e-03 5.205181e-03 1 0 4 0 5.388128e-13 0.000000e+00
270 405 3.284247e-03 6.552935e-03 1 0 4 0 2.835853e-13 0.000000e+00
270 406 3.284247e-03 8.249656e-03 1 0 4 0 1.644037e-13 0.000000e+00
271 396 4.134622e-03 8.249656e-04 1 0 4 0 5.273745e-14 0.000000e+00
271 397 4.134622e-03 1.038570e-03 1 0 4 0 8.430708e-14 0.000000e+00
271 398 4.134622e-03 1.307482e-03 1 0 4 0 1.355880e-13 0.000000e+00
271 399 4.134622e-03 1.646023e-03 1 0 4 0 2.204027e-13 0.000000e+00
271 400 4.134622e-03 2.072220e-03 1 0 4 0 3.658680e-13 0.000000e+00
271 401 4.134622e-03 2.608770e-03 1 0 4 0 6.368317e-13 0.000000e+00
271 402 4.134622e-03 3.284247e-03 1 0 4 0 1.268214e-12 0.000000e+00
271 403 4.134622e-03 4.134622e-03 1 0 4 0 0.000000e+00 0.000000e+00
271 404 4.134622e-03 5.205181e-03 1 0 4 0 1.055964e-12 0.000000e+00
271 405 4.134622e-03 6.552935e-03 1 0 4 0 4.750579e-13 0.000000e+00
271 406 4.134622e-03 8.249656e-03 1 0 4 0 2.645277e-13 0.000000e+00
272 396 5.205181e-03 8.249656e-04 1 0 4 0 2.924706e-14 0.000000e+00
272 397 5.205181e-03 1.038570e-03 1 0 4 0 4.652705e-14 0.000000e+00
272 398 5.205181e-03 1.307482e-03 1 0 4 0 7.420917e-14 0.000000e+00
272 399 5.205181e-03 1.646023e-03 1 0 4 0 1.188620e-13 0.000000e+00
272 400 5.205181e-03 2.072220e-03 1 0 4 0 1.919315e-13 0.000000e+00
272 401 5.205181e-03 2.608770e-03 1 0 4 0 3.151167e-13 0.000000e+00
272 402 5.205181e-03 3.284247e-03 1 0 4 0 5.388128e-13 0.000000e+00
272 403 5.205181e-03 4.134622e-03 1 0 4 0 1.055964e-12 0.000000e+00
272 404 5.205181e-03 5.205181e-03 1 0 4 0 0.000000e+00 0.000000e+00
272 405 5.205181e-03 6.552935e-03 1 0 4 0 9.024628e-13 0.000000e+00
272 406 5.205181e-03 8.249656e-03 1 0 4 0 4.349880e-13 0.000000e+00
273 396 6.552935e-03 8.249656e-04 1 0 4 0 1.700258e-14 0.000000e+00
273 397 6.552935e-03 1.038570e-03 1 0 4 0 2.698124e-14 0.000000e+00
273 398 6.552935e-03 1.307482e-03 1 0 4 0 4.286716e-14 0.000000e+00
273 399 6.552935e-03 1.646023e-03 1 0 4 0 6.821229e-14 0.000000e+00
273 400 6.552935e-03 2.072220e-03 1 0 4 0 1.088556e-13 0.000000e+00
273 401 6.552935e-03 2.608770e-03 1 0 4 0 1.746633e-13 0.000000e+00
273 402 6.552935e-03 3.284247e-03 1 0 4 0 2.835853e-13 0.000000e+00
273 403 6.552935e-03 4.134622e-03 1 0 4 0 4.750579e-13 0.000000e+00
273 404 6.552935e-03 5.205181e-03 1 0 4 0 9.024628e-13 0.000000e+00
273 405 6.552935e-03 6.552935e-03 1 0 4 0 0.000000e+00 0.000000e+00
273 406 6.552935e-03 8.249656e-03 1 0 4 0 7.949835e-13 0.000000e+00
274 396 8.249656e-03 8.249656e-04 1 0 4 0 1.019816e-14 0.000000e+00
274 397 8.249656e-03 1.038570e-03 1 0 4 0 1.617590e-14 0.000000e+00
274 398 8.249656e-03 1.307482e-03 1 0 4 0 2.565540e-14 0.000000e+00
274 399 8.249656e-03 1.646023e-03 1 0 4 0 4.072460e-14 0.000000e+00
274 400 8.249656e-03 2.072220e-03 1 0 4 0 6.469337e-14 0.000000e+00
274 401 8.249656e-03 2.608770e-03 1 0 4 0 1.029561e-13 0.000000e+00
274 402 8.249656e-03 3.284247e-03 1 0 4 0 1.644037e-13 0.000000e+00
274 403 8.249656e-03 4.134622e-03 1 0 4 0 2.645277e-13 0.000000e+00
274 404 8.249656e-03 5.205181e-03 1 0 4 0 4.349880e-13 0.000000e+00
274 405 8.249656e-03 6.552935e-03 1 0 4 0 7.949835e-13 0.000000e+00
274 406 8.249656e-03 8.249656e-03 1 0 4 0 0.000000e+00 0.000000e+00
