# Please cite the following papers in research using this covariance:
# arXiv: 1601.05779, https://arxiv.org/abs/1601.05779
# arXiv: 1911.11947, https://arxiv.org/abs/1911.11947
# arXiv: 2004.04833, https://arxiv.org/abs/2004.04833
# arXiv: 1804.10663, https://arxiv.org/abs/1804.10663
########################################################
319 451 8.249656e-04 8.249656e-04 2 1 5 1 0.000000e+00 0.000000e+00
319 452 8.249656e-04 1.038570e-03 2 1 5 1 4.006681e-12 0.000000e+00
319 453 8.249656e-04 1.307482e-03 2 1 5 1 1.776983e-12 0.000000e+00
319 454 8.249656e-04 1.646023e-03 2 1 5 1 8.134776e-13 0.000000e+00
319 455 8.249656e-04 2.072220e-03 2 1 5 1 3.951369e-13 0.000000e+00
319 456 8.249656e-04 2.608770e-03 2 1 5 1 2.042982e-13 0.000000e+00
319 457 8.249656e-04 3.284247e-03 2 1 5 1 1.119213e-13 0.000000e+00
319 458 8.249656e-04 4.134622e-03 2 1 5 1 6.428423e-14 0.000000e+00
319 459 8.249656e-04 5.205181e-03 2 1 5 1 3.810055e-14 0.000000e+00
319 460 8.249656e-04 6.552935e-03 2 1 5 1 2.297659e-14 0.000000e+00
319 461 8.249656e-04 8.249656e-03 2 1 5 1 1.391099e-14 0.000000e+00
320 451 1.038570e-03 8.249656e-04 2 1 5 1 4.006681e-12 0.000000e+00
320 452 1.038570e-03 1.038570e-03 2 1 5 1 0.000000e+00 0.000000e+00
320 453 1.038570e-03 1.307482e-03 2 1 5 1 3.336112e-12 0.000000e+00
320 454 1.038570e-03 1.646023e-03 2 1 5 1 1.423333e-12 0.000000e+00
320 455 1.038570e-03 2.072220e-03 2 1 5 1 6.585195e-13 0.000000e+00
320 456 1.038570e-03 2.608770e-03 2 1 5 1 3.315572e-13 0.000000e+00
320 457 1.038570e-03 3.284247e-03 2 1 5 1 1.792326e-13 0.000000e+00
320 458 1.038570e-03 4.134622e-03 2 1 5 1 1.022932e-13 0.000000e+00
320 459 1.038570e-03 5.205181e-03 2 1 5 1 6.048361e-14 0.000000e+00
320 460 1.038570e-03 6.552935e-03 2 1 5 1 3.643376e-14 0.000000e+00
320 461 1.038570e-03 8.249656e-03 2 1 5 1 2.206062e-14 0.000000e+00
321 451 1.307482e-03 8.249656e-04 2 1 5 1 1.776983e-12 0.000000e+00
321 452 1.307482e-03 1.038570e-03 2 1 5 1 3.336112e-12 0.000000e+00
321 453 1.307482e-03 1.307482e-03 2 1 5 1 0.000000e+00 0.000000e+00
321 454 1.307482e-03 1.646023e-03 2 1 5 1 2.745731e-12 0.000000e+00
321 455 1.307482e-03 2.072220e-03 2 1 5 1 1.149539e-12 0.000000e+00
321 456 1.307482e-03 2.608770e-03 2 1 5 1 5.486224e-13 0.000000e+00
321 457 1.307482e-03 3.284247e-03 2 1 5 1 2.892552e-13 0.000000e+00
321 458 1.307482e-03 4.134622e-03 2 1 5 1 1.632827e-13 0.000000e+00
321 459 1.307482e-03 5.205181e-03 2 1 5 1 9.613110e-14 0.000000e+00
321 460 1.307482e-03 6.552935e-03 2 1 5 1 5.780937e-14 0.000000e+00
321 461 1.307482e-03 8.249656e-03 2 1 5 1 3.497889e-14 0.000000e+00
322 451 1.646023e-03 8.249656e-04 2 1 5 1 8.134776e-13 0.000000e+00
322 452 1.646023e-03 1.038570e-03 2 1 5 1 1.423333e-12 0.000000e+00
322 453 1.646023e-03 1.307482e-03 2 1 5 1 2.745731e-12 0.000000e+00
322 454 1.646023e-03 1.646023e-03 2 1 5 1 0.000000e+00 0.000000e+00
322 455 1.646023e-03 2.072220e-03 2 1 5 1 2.252583e-12 0.000000e+00
322 456 1.646023e-03 2.608770e-03 2 1 5 1 9.483643e-13 0.000000e+00
322 457 1.646023e-03 3.284247e-03 2 1 5 1 4.742059e-13 0.000000e+00
322 458 1.646023e-03 4.134622e-03 2 1 5 1 2.620880e-13 0.000000e+00
322 459 1.646023e-03 5.205181e-03 2 1 5 1 1.530685e-13 0.000000e+00
322 460 1.646023e-03 6.552935e-03 2 1 5 1 9.178996e-14 0.000000e+00
322 461 1.646023e-03 8.249656e-03 2 1 5 1 5.549417e-14 0.000000e+00
323 451 2.072220e-03 8.249656e-04 2 1 5 1 3.951369e-13 0.000000e+00
323 452 2.072220e-03 1.038570e-03 2 1 5 1 6.585195e-13 0.000000e+00
323 453 2.072220e-03 1.307482e-03 2 1 5 1 1.149539e-12 0.000000e+00
323 454 2.072220e-03 1.646023e-03 2 1 5 1 2.252583e-12 0.000000e+00
323 455 2.072220e-03 2.072220e-03 2 1 5 1 0.000000e+00 0.000000e+00
323 456 2.072220e-03 2.608770e-03 2 1 5 1 1.859855e-12 0.000000e+00
323 457 2.072220e-03 3.284247e-03 2 1 5 1 8.073178e-13 0.000000e+00
323 458 2.072220e-03 4.134622e-03 2 1 5 1 4.256073e-13 0.000000e+00
323 459 2.072220e-03 5.205181e-03 2 1 5 1 2.446388e-13 0.000000e+00
323 460 2.072220e-03 6.552935e-03 2 1 5 1 1.459353e-13 0.000000e+00
323 461 2.072220e-03 8.249656e-03 2 1 5 1 8.807773e-14 0.000000e+00
324 451 2.608770e-03 8.249656e-04 2 1 5 1 2.042982e-13 0.000000e+00
324 452 2.608770e-03 1.038570e-03 2 1 5 1 3.315572e-13 0.000000e+00
324 453 2.608770e-03 1.307482e-03 2 1 5 1 5.486224e-13 0.000000e+00
324 454 2.608770e-03 1.646023e-03 2 1 5 1 9.483643e-13 0.000000e+00
324 455 2.608770e-03 2.072220e-03 2 1 5 1 1.859855e-12 0.000000e+00
324 456 2.608770e-03 2.608770e-03 2 1 5 1 0.000000e+00 0.000000e+00
324 457 2.608770e-03 3.284247e-03 2 1 5 1 1.560059e-12 0.000000e+00
324 458 2.608770e-03 4.134622e-03 2 1 5 1 7.120721e-13 0.000000e+00
324 459 2.608770e-03 5.205181e-03 2 1 5 1 3.941358e-13 0.000000e+00
324 460 2.608770e-03 6.552935e-03 2 1 5 1 2.325852e-13 0.000000e+00
324 461 2.608770e-03 8.249656e-03 2 1 5 1 1.399398e-13 0.000000e+00
325 451 3.284247e-03 8.249656e-04 2 1 5 1 1.119213e-13 0.000000e+00
325 452 3.284247e-03 1.038570e-03 2 1 5 1 1.792326e-13 0.000000e+00
325 453 3.284247e-03 1.307482e-03 2 1 5 1 2.892552e-13 0.000000e+00
325 454 3.284247e-03 1.646023e-03 2 1 5 1 4.742059e-13 0.000000e+00
325 455 3.284247e-03 2.072220e-03 2 1 5 1 8.073178e-13 0.000000e+00
325 456 3.284247e-03 2.608770e-03 2 1 5 1 1.560059e-12 0.000000e+00
325 457 3.284247e-03 3.284247e-03 2 1 5 1 0.000000e+00 0.000000e+00
325 458 3.284247e-03 4.134622e-03 2 1 5 1 1.339171e-12 0.000000e+00
325 459 3.284247e-03 5.205181e-03 2 1 5 1 6.489371e-13 0.000000e+00
325 460 3.284247e-03 6.552935e-03 2 1 5 1 3.726699e-13 0.000000e+00
325 461 3.284247e-03 8.249656e-03 2 1 5 1 2.227372e-13 0.000000e+00
326 451 4.134622e-03 8.249656e-04 2 1 5 1 6.428423e-14 0.000000e+00
326 452 4.134622e-03 1.038570e-03 2 1 5 1 1.022932e-13 0.000000e+00
326 453 4.134622e-03 1.307482e-03 2 1 5 1 1.632827e-13 0.000000e+00
326 454 4.134622e-03 1.646023e-03 2 1 5 1 2.620880e-13 0.000000e+00
326 455 4.134622e-03 2.072220e-03 2 1 5 1 4.256073e-13 0.000000e+00
326 456 4.134622e-03 2.608770e-03 2 1 5 1 7.120721e-13 0.000000e+00
326 457 4.134622e-03 3.284247e-03 2 1 5 1 1.339171e-12 0.000000e+00
326 458 4.134622e-03 4.134622e-03 2 1 5 1 0.000000e+00 0.000000e+00
326 459 4.134622e-03 5.205181e-03 2 1 5 1 1.180378e-12 0.000000e+00
326 460 4.134622e-03 6.552935e-03 2 1 5 1 6.061148e-13 0.000000e+00
326 461 4.134622e-03 8.249656e-03 2 1 5 1 3.558461e-13 0.000000e+00
327 451 5.205181e-03 8.249656e-04 2 1 5 1 3.810055e-14 0.000000e+00
327 452 5.205181e-03 1.038570e-03 2 1 5 1 6.048361e-14 0.000000e+00
327 453 5.205181e-03 1.307482e-03 2 1 5 1 9.613110e-14 0.000000e+00
327 454 5.205181e-03 1.646023e-03 2 1 5 1 1.530685e-13 0.000000e+00
327 455 5.205181e-03 2.072220e-03 2 1 5 1 2.446388e-13 0.000000e+00
327 456 5.205181e-03 2.608770e-03 2 1 5 1 3.941358e-13 0.000000e+00
327 457 5.205181e-03 3.284247e-03 2 1 5 1 6.489371e-13 0.000000e+00
327 458 5.205181e-03 4.134622e-03 2 1 5 1 1.180378e-12 0.000000e+00
327 459 5.205181e-03 5.205181e-03 2 1 5 1 0.000000e+00 0.000000e+00
327 460 5.205181e-03 6.552935e-03 2 1 5 1 1.066869e-12 0.000000e+00
327 461 5.205181e-03 8.249656e-03 2 1 5 1 5.743118e-13 0.000000e+00
328 451 6.552935e-03 8.249656e-04 2 1 5 1 2.297659e-14 0.000000e+00
328 452 6.552935e-03 1.038570e-03 2 1 5 1 3.643376e-14 0.000000e+00
328 453 6.552935e-03 1.307482e-03 2 1 5 1 5.780937e-14 0.000000e+00
328 454 6.552935e-03 1.646023e-03 2 1 5 1 9.178996e-14 0.000000e+00
328 455 6.552935e-03 2.072220e-03 2 1 5 1 1.459353e-13 0.000000e+00
328 456 6.552935e-03 2.608770e-03 2 1 5 1 2.325852e-13 0.000000e+00
328 457 6.552935e-03 3.284247e-03 2 1 5 1 3.726699e-13 0.000000e+00
328 458 6.552935e-03 4.134622e-03 2 1 5 1 6.061148e-13 0.000000e+00
328 459 6.552935e-03 5.205181e-03 2 1 5 1 1.066869e-12 0.000000e+00
328 460 6.552935e-03 6.552935e-03 2 1 5 1 0.000000e+00 0.000000e+00
328 461 6.552935e-03 8.249656e-03 2 1 5 1 9.836754e-13 0.000000e+00
329 451 8.249656e-03 8.249656e-04 2 1 5 1 1.391099e-14 0.000000e+00
329 452 8.249656e-03 1.038570e-03 2 1 5 1 2.206062e-14 0.000000e+00
329 453 8.249656e-03 1.307482e-03 2 1 5 1 3.497889e-14 0.000000e+00
329 454 8.249656e-03 1.646023e-03 2 1 5 1 5.549417e-14 0.000000e+00
329 455 8.249656e-03 2.072220e-03 2 1 5 1 8.807773e-14 0.000000e+00
329 456 8.249656e-03 2.608770e-03 2 1 5 1 1.399398e-13 0.000000e+00
329 457 8.249656e-03 3.284247e-03 2 1 5 1 2.227372e-13 0.000000e+00
329 458 8.249656e-03 4.134622e-03 2 1 5 1 3.558461e-13 0.000000e+00
329 459 8.249656e-03 5.205181e-03 2 1 5 1 5.743118e-13 0.000000e+00
329 460 8.249656e-03 6.552935e-03 2 1 5 1 9.836754e-13 0.000000e+00
329 461 8.249656e-03 8.249656e-03 2 1 5 1 0.000000e+00 0.000000e+00
