# Please cite the following papers in research using this covariance:
# arXiv: 1601.05779, https://arxiv.org/abs/1601.05779
# arXiv: 1911.11947, https://arxiv.org/abs/1911.11947
# arXiv: 2004.04833, https://arxiv.org/abs/2004.04833
# arXiv: 1804.10663, https://arxiv.org/abs/1804.10663
########################################################
220 363 8.249656e-04 8.249656e-04 0 0 3 1 0.000000e+00 0.000000e+00
220 364 8.249656e-04 1.038570e-03 0 0 3 1 6.818298e-14 0.000000e+00
220 365 8.249656e-04 1.307482e-03 0 0 3 1 5.992211e-14 0.000000e+00
220 366 8.249656e-04 1.646023e-03 0 0 3 1 4.763372e-14 0.000000e+00
220 367 8.249656e-04 2.072220e-03 0 0 3 1 3.538842e-14 0.000000e+00
220 368 8.249656e-04 2.608770e-03 0 0 3 1 2.509995e-14 0.000000e+00
220 369 8.249656e-04 3.284247e-03 0 0 3 1 1.731332e-14 0.000000e+00
220 370 8.249656e-04 4.134622e-03 0 0 3 1 1.182445e-14 0.000000e+00
220 371 8.249656e-04 5.205181e-03 0 0 3 1 8.128778e-15 0.000000e+00
220 372 8.249656e-04 6.552935e-03 0 0 3 1 5.694023e-15 0.000000e+00
220 373 8.249656e-04 8.249656e-03 0 0 3 1 4.086376e-15 0.000000e+00
221 363 1.038570e-03 8.249656e-04 0 0 3 1 6.818298e-14 0.000000e+00
221 364 1.038570e-03 1.038570e-03 0 0 3 1 0.000000e+00 0.000000e+00
221 365 1.038570e-03 1.307482e-03 0 0 3 1 8.489252e-14 0.000000e+00
221 366 1.038570e-03 1.646023e-03 0 0 3 1 7.167311e-14 0.000000e+00
221 367 1.038570e-03 2.072220e-03 0 0 3 1 5.475659e-14 0.000000e+00
221 368 1.038570e-03 2.608770e-03 0 0 3 1 3.935349e-14 0.000000e+00
221 369 1.038570e-03 3.284247e-03 0 0 3 1 2.730782e-14 0.000000e+00
221 370 1.038570e-03 4.134622e-03 0 0 3 1 1.869676e-14 0.000000e+00
221 371 1.038570e-03 5.205181e-03 0 0 3 1 1.286517e-14 0.000000e+00
221 372 1.038570e-03 6.552935e-03 0 0 3 1 9.015015e-15 0.000000e+00
221 373 1.038570e-03 8.249656e-03 0 0 3 1 6.471087e-15 0.000000e+00
222 363 1.307482e-03 8.249656e-04 0 0 3 1 5.992211e-14 0.000000e+00
222 364 1.307482e-03 1.038570e-03 0 0 3 1 8.489252e-14 0.000000e+00
222 365 1.307482e-03 1.307482e-03 0 0 3 1 0.000000e+00 0.000000e+00
222 366 1.307482e-03 1.646023e-03 0 0 3 1 1.022378e-13 0.000000e+00
222 367 1.307482e-03 2.072220e-03 0 0 3 1 8.296078e-14 0.000000e+00
222 368 1.307482e-03 2.608770e-03 0 0 3 1 6.117976e-14 0.000000e+00
222 369 1.307482e-03 3.284247e-03 0 0 3 1 4.292340e-14 0.000000e+00
222 370 1.307482e-03 4.134622e-03 0 0 3 1 2.951792e-14 0.000000e+00
222 371 1.307482e-03 5.205181e-03 0 0 3 1 2.034381e-14 0.000000e+00
222 372 1.307482e-03 6.552935e-03 0 0 3 1 1.426415e-14 0.000000e+00
222 373 1.307482e-03 8.249656e-03 0 0 3 1 1.024248e-14 0.000000e+00
223 363 1.646023e-03 8.249656e-04 0 0 3 1 4.763372e-14 0.000000e+00
223 364 1.646023e-03 1.038570e-03 0 0 3 1 7.167311e-14 0.000000e+00
223 365 1.646023e-03 1.307482e-03 0 0 3 1 1.022378e-13 0.000000e+00
223 366 1.646023e-03 1.646023e-03 0 0 3 1 0.000000e+00 0.000000e+00
223 367 1.646023e-03 2.072220e-03 0 0 3 1 1.194466e-13 0.000000e+00
223 368 1.646023e-03 2.608770e-03 0 0 3 1 9.340601e-14 0.000000e+00
223 369 1.646023e-03 3.284247e-03 0 0 3 1 6.701718e-14 0.000000e+00
223 370 1.646023e-03 4.134622e-03 0 0 3 1 4.647474e-14 0.000000e+00
223 371 1.646023e-03 5.205181e-03 0 0 3 1 3.212397e-14 0.000000e+00
223 372 1.646023e-03 6.552935e-03 0 0 3 1 2.254729e-14 0.000000e+00
223 373 1.646023e-03 8.249656e-03 0 0 3 1 1.619924e-14 0.000000e+00
224 363 2.072220e-03 8.249656e-04 0 0 3 1 3.538842e-14 0.000000e+00
224 364 2.072220e-03 1.038570e-03 0 0 3 1 5.475659e-14 0.000000e+00
224 365 2.072220e-03 1.307482e-03 0 0 3 1 8.296078e-14 0.000000e+00
224 366 2.072220e-03 1.646023e-03 0 0 3 1 1.194466e-13 0.000000e+00
224 367 2.072220e-03 2.072220e-03 0 0 3 1 0.000000e+00 0.000000e+00
224 368 2.072220e-03 2.608770e-03 0 0 3 1 1.360234e-13 0.000000e+00
224 369 2.072220e-03 3.284247e-03 0 0 3 1 1.030854e-13 0.000000e+00
224 370 2.072220e-03 4.134622e-03 0 0 3 1 7.278514e-14 0.000000e+00
224 371 2.072220e-03 5.205181e-03 0 0 3 1 5.060077e-14 0.000000e+00
224 372 2.072220e-03 6.552935e-03 0 0 3 1 3.558307e-14 0.000000e+00
224 373 2.072220e-03 8.249656e-03 0 0 3 1 2.558847e-14 0.000000e+00
225 363 2.608770e-03 8.249656e-04 0 0 3 1 2.509995e-14 0.000000e+00
225 364 2.608770e-03 1.038570e-03 0 0 3 1 3.935349e-14 0.000000e+00
225 365 2.608770e-03 1.307482e-03 0 0 3 1 6.117976e-14 0.000000e+00
225 366 2.608770e-03 1.646023e-03 0 0 3 1 9.340601e-14 0.000000e+00
225 367 2.608770e-03 2.072220e-03 0 0 3 1 1.360234e-13 0.000000e+00
225 368 2.608770e-03 2.608770e-03 0 0 3 1 0.000000e+00 0.000000e+00
225 369 2.608770e-03 3.284247e-03 0 0 3 1 1.519857e-13 0.000000e+00
225 370 2.608770e-03 4.134622e-03 0 0 3 1 1.126291e-13 0.000000e+00
225 371 2.608770e-03 5.205181e-03 0 0 3 1 7.934163e-14 0.000000e+00
225 372 2.608770e-03 6.552935e-03 0 0 3 1 5.600594e-14 0.000000e+00
225 373 2.608770e-03 8.249656e-03 0 0 3 1 4.033906e-14 0.000000e+00
226 363 3.284247e-03 8.249656e-04 0 0 3 1 1.731332e-14 0.000000e+00
226 364 3.284247e-03 1.038570e-03 0 0 3 1 2.730782e-14 0.000000e+00
226 365 3.284247e-03 1.307482e-03 0 0 3 1 4.292340e-14 0.000000e+00
226 366 3.284247e-03 1.646023e-03 0 0 3 1 6.701718e-14 0.000000e+00
226 367 3.284247e-03 2.072220e-03 0 0 3 1 1.030854e-13 0.000000e+00
226 368 3.284247e-03 2.608770e-03 0 0 3 1 1.519857e-13 0.000000e+00
226 369 3.284247e-03 3.284247e-03 0 0 3 1 0.000000e+00 0.000000e+00
226 370 3.284247e-03 4.134622e-03 0 0 3 1 1.679988e-13 0.000000e+00
226 371 3.284247e-03 5.205181e-03 0 0 3 1 1.231774e-13 0.000000e+00
226 372 3.284247e-03 6.552935e-03 0 0 3 1 8.774304e-14 0.000000e+00
226 373 3.284247e-03 8.249656e-03 0 0 3 1 6.338646e-14 0.000000e+00
227 363 4.134622e-03 8.249656e-04 0 0 3 1 1.182445e-14 0.000000e+00
227 364 4.134622e-03 1.038570e-03 0 0 3 1 1.869676e-14 0.000000e+00
227 365 4.134622e-03 1.307482e-03 0 0 3 1 2.951792e-14 0.000000e+00
227 366 4.134622e-03 1.646023e-03 0 0 3 1 4.647474e-14 0.000000e+00
227 367 4.134622e-03 2.072220e-03 0 0 3 1 7.278514e-14 0.000000e+00
227 368 4.134622e-03 2.608770e-03 0 0 3 1 1.126291e-13 0.000000e+00
227 369 4.134622e-03 3.284247e-03 0 0 3 1 1.679988e-13 0.000000e+00
227 370 4.134622e-03 4.134622e-03 0 0 3 1 0.000000e+00 0.000000e+00
227 371 4.134622e-03 5.205181e-03 0 0 3 1 1.853689e-13 0.000000e+00
227 372 4.134622e-03 6.552935e-03 0 0 3 1 1.362158e-13 0.000000e+00
227 373 4.134622e-03 8.249656e-03 0 0 3 1 9.906436e-14 0.000000e+00
228 363 5.205181e-03 8.249656e-04 0 0 3 1 8.128778e-15 0.000000e+00
228 364 5.205181e-03 1.038570e-03 0 0 3 1 1.286517e-14 0.000000e+00
228 365 5.205181e-03 1.307482e-03 0 0 3 1 2.034381e-14 0.000000e+00
228 366 5.205181e-03 1.646023e-03 0 0 3 1 3.212397e-14 0.000000e+00
228 367 5.205181e-03 2.072220e-03 0 0 3 1 5.060077e-14 0.000000e+00
228 368 5.205181e-03 2.608770e-03 0 0 3 1 7.934163e-14 0.000000e+00
228 369 5.205181e-03 3.284247e-03 0 0 3 1 1.231774e-13 0.000000e+00
228 370 5.205181e-03 4.134622e-03 0 0 3 1 1.853689e-13 0.000000e+00
228 371 5.205181e-03 5.205181e-03 0 0 3 1 0.000000e+00 0.000000e+00
228 372 5.205181e-03 6.552935e-03 0 0 3 1 2.058996e-13 0.000000e+00
228 373 5.205181e-03 8.249656e-03 0 0 3 1 1.533287e-13 0.000000e+00
229 363 6.552935e-03 8.249656e-04 0 0 3 1 5.694023e-15 0.000000e+00
229 364 6.552935e-03 1.038570e-03 0 0 3 1 9.015015e-15 0.000000e+00
229 365 6.552935e-03 1.307482e-03 0 0 3 1 1.426415e-14 0.000000e+00
229 366 6.552935e-03 1.646023e-03 0 0 3 1 2.254729e-14 0.000000e+00
229 367 6.552935e-03 2.072220e-03 0 0 3 1 3.558307e-14 0.000000e+00
229 368 6.552935e-03 2.608770e-03 0 0 3 1 5.600594e-14 0.000000e+00
229 369 6.552935e-03 3.284247e-03 0 0 3 1 8.774304e-14 0.000000e+00
229 370 6.552935e-03 4.134622e-03 0 0 3 1 1.362158e-13 0.000000e+00
229 371 6.552935e-03 5.205181e-03 0 0 3 1 2.058996e-13 0.000000e+00
229 372 6.552935e-03 6.552935e-03 0 0 3 1 0.000000e+00 0.000000e+00
229 373 6.552935e-03 8.249656e-03 0 0 3 1 2.316195e-13 0.000000e+00
230 363 8.249656e-03 8.249656e-04 0 0 3 1 4.086376e-15 0.000000e+00
230 364 8.249656e-03 1.038570e-03 0 0 3 1 6.471087e-15 0.000000e+00
230 365 8.249656e-03 1.307482e-03 0 0 3 1 1.024248e-14 0.000000e+00
230 366 8.249656e-03 1.646023e-03 0 0 3 1 1.619924e-14 0.000000e+00
230 367 8.249656e-03 2.072220e-03 0 0 3 1 2.558847e-14 0.000000e+00
230 368 8.249656e-03 2.608770e-03 0 0 3 1 4.033906e-14 0.000000e+00
230 369 8.249656e-03 3.284247e-03 0 0 3 1 6.338646e-14 0.000000e+00
230 370 8.249656e-03 4.134622e-03 0 0 3 1 9.906436e-14 0.000000e+00
230 371 8.249656e-03 5.205181e-03 0 0 3 1 1.533287e-13 0.000000e+00
230 372 8.249656e-03 6.552935e-03 0 0 3 1 2.316195e-13 0.000000e+00
230 373 8.249656e-03 8.249656e-03 0 0 3 1 0.000000e+00 0.000000e+00
