# Please cite the following papers in research using this covariance:
# arXiv: 1601.05779, https://arxiv.org/abs/1601.05779
# arXiv: 1911.11947, https://arxiv.org/abs/1911.11947
# arXiv: 2004.04833, https://arxiv.org/abs/2004.04833
# arXiv: 1804.10663, https://arxiv.org/abs/1804.10663
########################################################
374 440 8.249656e-04 8.249656e-04 3 2 5 0 0.000000e+00 0.000000e+00
374 441 8.249656e-04 1.038570e-03 3 2 5 0 6.079175e-14 0.000000e+00
374 442 8.249656e-04 1.307482e-03 3 2 5 0 5.085992e-14 0.000000e+00
374 443 8.249656e-04 1.646023e-03 3 2 5 0 3.929571e-14 0.000000e+00
374 444 8.249656e-04 2.072220e-03 3 2 5 0 2.933476e-14 0.000000e+00
374 445 8.249656e-04 2.608770e-03 3 2 5 0 2.167166e-14 0.000000e+00
374 446 8.249656e-04 3.284247e-03 3 2 5 0 1.604685e-14 0.000000e+00
374 447 8.249656e-04 4.134622e-03 3 2 5 0 1.196537e-14 0.000000e+00
374 448 8.249656e-04 5.205181e-03 3 2 5 0 8.975660e-15 0.000000e+00
374 449 8.249656e-04 6.552935e-03 3 2 5 0 6.744616e-15 0.000000e+00
374 450 8.249656e-04 8.249656e-03 3 2 5 0 5.048134e-15 0.000000e+00
375 440 1.038570e-03 8.249656e-04 3 2 5 0 6.079175e-14 0.000000e+00
375 441 1.038570e-03 1.038570e-03 3 2 5 0 0.000000e+00 0.000000e+00
375 442 1.038570e-03 1.307482e-03 3 2 5 0 7.317548e-14 0.000000e+00
375 443 1.038570e-03 1.646023e-03 3 2 5 0 5.974106e-14 0.000000e+00
375 444 1.038570e-03 2.072220e-03 3 2 5 0 4.555423e-14 0.000000e+00
375 445 1.038570e-03 2.608770e-03 3 2 5 0 3.395867e-14 0.000000e+00
375 446 1.038570e-03 3.284247e-03 3 2 5 0 2.525324e-14 0.000000e+00
375 447 1.038570e-03 4.134622e-03 3 2 5 0 1.887564e-14 0.000000e+00
375 448 1.038570e-03 5.205181e-03 3 2 5 0 1.418136e-14 0.000000e+00
375 449 1.038570e-03 6.552935e-03 3 2 5 0 1.066770e-14 0.000000e+00
375 450 1.038570e-03 8.249656e-03 3 2 5 0 7.990304e-15 0.000000e+00
376 440 1.307482e-03 8.249656e-04 3 2 5 0 5.085992e-14 0.000000e+00
376 441 1.307482e-03 1.038570e-03 3 2 5 0 7.317548e-14 0.000000e+00
376 442 1.307482e-03 1.307482e-03 3 2 5 0 0.000000e+00 0.000000e+00
376 443 1.307482e-03 1.646023e-03 3 2 5 0 8.667402e-14 0.000000e+00
376 444 1.307482e-03 2.072220e-03 3 2 5 0 6.953562e-14 0.000000e+00
376 445 1.307482e-03 2.608770e-03 3 2 5 0 5.278771e-14 0.000000e+00
376 446 1.307482e-03 3.284247e-03 3 2 5 0 3.956231e-14 0.000000e+00
376 447 1.307482e-03 4.134622e-03 3 2 5 0 2.969187e-14 0.000000e+00
376 448 1.307482e-03 5.205181e-03 3 2 5 0 2.236445e-14 0.000000e+00
376 449 1.307482e-03 6.552935e-03 3 2 5 0 1.685224e-14 0.000000e+00
376 450 1.307482e-03 8.249656e-03 3 2 5 0 1.263747e-14 0.000000e+00
377 440 1.646023e-03 8.249656e-04 3 2 5 0 3.929571e-14 0.000000e+00
377 441 1.646023e-03 1.038570e-03 3 2 5 0 5.974106e-14 0.000000e+00
377 442 1.646023e-03 1.307482e-03 3 2 5 0 8.667402e-14 0.000000e+00
377 443 1.646023e-03 1.646023e-03 3 2 5 0 0.000000e+00 0.000000e+00
377 444 1.646023e-03 2.072220e-03 3 2 5 0 1.016586e-13 0.000000e+00
377 445 1.646023e-03 2.608770e-03 3 2 5 0 8.076988e-14 0.000000e+00
377 446 1.646023e-03 3.284247e-03 3 2 5 0 6.149143e-14 0.000000e+00
377 447 1.646023e-03 4.134622e-03 3 2 5 0 4.648508e-14 0.000000e+00
377 448 1.646023e-03 5.205181e-03 3 2 5 0 3.516236e-14 0.000000e+00
377 449 1.646023e-03 6.552935e-03 3 2 5 0 2.657008e-14 0.000000e+00
377 450 1.646023e-03 8.249656e-03 3 2 5 0 1.996259e-14 0.000000e+00
378 440 2.072220e-03 8.249656e-04 3 2 5 0 2.933476e-14 0.000000e+00
378 441 2.072220e-03 1.038570e-03 3 2 5 0 4.555423e-14 0.000000e+00
378 442 2.072220e-03 1.307482e-03 3 2 5 0 6.953562e-14 0.000000e+00
378 443 2.072220e-03 1.646023e-03 3 2 5 0 1.016586e-13 0.000000e+00
378 444 2.072220e-03 2.072220e-03 3 2 5 0 0.000000e+00 0.000000e+00
378 445 2.072220e-03 2.608770e-03 3 2 5 0 1.187765e-13 0.000000e+00
378 446 2.072220e-03 3.284247e-03 3 2 5 0 9.414017e-14 0.000000e+00
378 447 2.072220e-03 4.134622e-03 3 2 5 0 7.218451e-14 0.000000e+00
378 448 2.072220e-03 5.205181e-03 3 2 5 0 5.500584e-14 0.000000e+00
378 449 2.072220e-03 6.552935e-03 3 2 5 0 4.175805e-14 0.000000e+00
378 450 2.072220e-03 8.249656e-03 3 2 5 0 3.147038e-14 0.000000e+00
379 440 2.608770e-03 8.249656e-04 3 2 5 0 2.167166e-14 0.000000e+00
379 441 2.608770e-03 1.038570e-03 3 2 5 0 3.395867e-14 0.000000e+00
379 442 2.608770e-03 1.307482e-03 3 2 5 0 5.278771e-14 0.000000e+00
379 443 2.608770e-03 1.646023e-03 3 2 5 0 8.076988e-14 0.000000e+00
379 444 2.608770e-03 2.072220e-03 3 2 5 0 1.187765e-13 0.000000e+00
379 445 2.608770e-03 2.608770e-03 3 2 5 0 0.000000e+00 0.000000e+00
379 446 2.608770e-03 3.284247e-03 3 2 5 0 1.389007e-13 0.000000e+00
379 447 2.608770e-03 4.134622e-03 3 2 5 0 1.104042e-13 0.000000e+00
379 448 2.608770e-03 5.205181e-03 3 2 5 0 8.530909e-14 0.000000e+00
379 449 2.608770e-03 6.552935e-03 3 2 5 0 6.528038e-14 0.000000e+00
379 450 2.608770e-03 8.249656e-03 3 2 5 0 4.944932e-14 0.000000e+00
380 440 3.284247e-03 8.249656e-04 3 2 5 0 1.604685e-14 0.000000e+00
380 441 3.284247e-03 1.038570e-03 3 2 5 0 2.525324e-14 0.000000e+00
380 442 3.284247e-03 1.307482e-03 3 2 5 0 3.956231e-14 0.000000e+00
380 443 3.284247e-03 1.646023e-03 3 2 5 0 6.149143e-14 0.000000e+00
380 444 3.284247e-03 2.072220e-03 3 2 5 0 9.414017e-14 0.000000e+00
380 445 3.284247e-03 2.608770e-03 3 2 5 0 1.389007e-13 0.000000e+00
380 446 3.284247e-03 3.284247e-03 3 2 5 0 0.000000e+00 0.000000e+00
380 447 3.284247e-03 4.134622e-03 3 2 5 0 1.630136e-13 0.000000e+00
380 448 3.284247e-03 5.205181e-03 3 2 5 0 1.302416e-13 0.000000e+00
380 449 3.284247e-03 6.552935e-03 3 2 5 0 1.011293e-13 0.000000e+00
380 450 3.284247e-03 8.249656e-03 3 2 5 0 7.727525e-14 0.000000e+00
381 440 4.134622e-03 8.249656e-04 3 2 5 0 1.196537e-14 0.000000e+00
381 441 4.134622e-03 1.038570e-03 3 2 5 0 1.887564e-14 0.000000e+00
381 442 4.134622e-03 1.307482e-03 3 2 5 0 2.969187e-14 0.000000e+00
381 443 4.134622e-03 1.646023e-03 3 2 5 0 4.648508e-14 0.000000e+00
381 444 4.134622e-03 2.072220e-03 3 2 5 0 7.218451e-14 0.000000e+00
381 445 4.134622e-03 2.608770e-03 3 2 5 0 1.104042e-13 0.000000e+00
381 446 4.134622e-03 3.284247e-03 3 2 5 0 1.630136e-13 0.000000e+00
381 447 4.134622e-03 4.134622e-03 3 2 5 0 0.000000e+00 0.000000e+00
381 448 4.134622e-03 5.205181e-03 3 2 5 0 1.920437e-13 0.000000e+00
381 449 4.134622e-03 6.552935e-03 3 2 5 0 1.540982e-13 0.000000e+00
381 450 4.134622e-03 8.249656e-03 3 2 5 0 1.196251e-13 0.000000e+00
382 440 5.205181e-03 8.249656e-04 3 2 5 0 8.975660e-15 0.000000e+00
382 441 5.205181e-03 1.038570e-03 3 2 5 0 1.418136e-14 0.000000e+00
382 442 5.205181e-03 1.307482e-03 3 2 5 0 2.236445e-14 0.000000e+00
382 443 5.205181e-03 1.646023e-03 3 2 5 0 3.516236e-14 0.000000e+00
382 444 5.205181e-03 2.072220e-03 3 2 5 0 5.500584e-14 0.000000e+00
382 445 5.205181e-03 2.608770e-03 3 2 5 0 8.530909e-14 0.000000e+00
382 446 5.205181e-03 3.284247e-03 3 2 5 0 1.302416e-13 0.000000e+00
382 447 5.205181e-03 4.134622e-03 3 2 5 0 1.920437e-13 0.000000e+00
382 448 5.205181e-03 5.205181e-03 3 2 5 0 0.000000e+00 0.000000e+00
382 449 5.205181e-03 6.552935e-03 3 2 5 0 2.266593e-13 0.000000e+00
382 450 5.205181e-03 8.249656e-03 3 2 5 0 1.820162e-13 0.000000e+00
383 440 6.552935e-03 8.249656e-04 3 2 5 0 6.744616e-15 0.000000e+00
383 441 6.552935e-03 1.038570e-03 3 2 5 0 1.066770e-14 0.000000e+00
383 442 6.552935e-03 1.307482e-03 3 2 5 0 1.685224e-14 0.000000e+00
383 443 6.552935e-03 1.646023e-03 3 2 5 0 2.657008e-14 0.000000e+00
383 444 6.552935e-03 2.072220e-03 3 2 5 0 4.175805e-14 0.000000e+00
383 445 6.552935e-03 2.608770e-03 3 2 5 0 6.528038e-14 0.000000e+00
383 446 6.552935e-03 3.284247e-03 3 2 5 0 1.011293e-13 0.000000e+00
383 447 6.552935e-03 4.134622e-03 3 2 5 0 1.540982e-13 0.000000e+00
383 448 6.552935e-03 5.205181e-03 3 2 5 0 2.266593e-13 0.000000e+00
383 449 6.552935e-03 6.552935e-03 3 2 5 0 0.000000e+00 0.000000e+00
383 450 6.552935e-03 8.249656e-03 3 2 5 0 2.670226e-13 0.000000e+00
384 440 8.249656e-03 8.249656e-04 3 2 5 0 5.048134e-15 0.000000e+00
384 441 8.249656e-03 1.038570e-03 3 2 5 0 7.990304e-15 0.000000e+00
384 442 8.249656e-03 1.307482e-03 3 2 5 0 1.263747e-14 0.000000e+00
384 443 8.249656e-03 1.646023e-03 3 2 5 0 1.996259e-14 0.000000e+00
384 444 8.249656e-03 2.072220e-03 3 2 5 0 3.147038e-14 0.000000e+00
384 445 8.249656e-03 2.608770e-03 3 2 5 0 4.944932e-14 0.000000e+00
384 446 8.249656e-03 3.284247e-03 3 2 5 0 7.727525e-14 0.000000e+00
384 447 8.249656e-03 4.134622e-03 3 2 5 0 1.196251e-13 0.000000e+00
384 448 8.249656e-03 5.205181e-03 3 2 5 0 1.820162e-13 0.000000e+00
384 449 8.249656e-03 6.552935e-03 3 2 5 0 2.670226e-13 0.000000e+00
384 450 8.249656e-03 8.249656e-03 3 2 5 0 0.000000e+00 0.000000e+00
