# Please cite the following papers in research using this covariance:
# arXiv: 1601.05779, https://arxiv.org/abs/1601.05779
# arXiv: 1911.11947, https://arxiv.org/abs/1911.11947
# arXiv: 2004.04833, https://arxiv.org/abs/2004.04833
# arXiv: 1804.10663, https://arxiv.org/abs/1804.10663
########################################################
231 418 8.249656e-04 8.249656e-04 0 1 4 2 0.000000e+00 0.000000e+00
231 419 8.249656e-04 1.038570e-03 0 1 4 2 1.250910e-13 0.000000e+00
231 420 8.249656e-04 1.307482e-03 0 1 4 2 1.118098e-13 0.000000e+00
231 421 8.249656e-04 1.646023e-03 0 1 4 2 8.968224e-14 0.000000e+00
231 422 8.249656e-04 2.072220e-03 0 1 4 2 6.646068e-14 0.000000e+00
231 423 8.249656e-04 2.608770e-03 0 1 4 2 4.648427e-14 0.000000e+00
231 424 8.249656e-04 3.284247e-03 0 1 4 2 3.132366e-14 0.000000e+00
231 425 8.249656e-04 4.134622e-03 0 1 4 2 2.078665e-14 0.000000e+00
231 426 8.249656e-04 5.205181e-03 0 1 4 2 1.388548e-14 0.000000e+00
231 427 8.249656e-04 6.552935e-03 0 1 4 2 9.504894e-15 0.000000e+00
231 428 8.249656e-04 8.249656e-03 0 1 4 2 6.729362e-15 0.000000e+00
232 418 1.038570e-03 8.249656e-04 0 1 4 2 1.250910e-13 0.000000e+00
232 419 1.038570e-03 1.038570e-03 0 1 4 2 0.000000e+00 0.000000e+00
232 420 1.038570e-03 1.307482e-03 0 1 4 2 1.575597e-13 0.000000e+00
232 421 1.038570e-03 1.646023e-03 0 1 4 2 1.344796e-13 0.000000e+00
232 422 1.038570e-03 2.072220e-03 0 1 4 2 1.027311e-13 0.000000e+00
232 423 1.038570e-03 2.608770e-03 0 1 4 2 7.291096e-14 0.000000e+00
232 424 1.038570e-03 3.284247e-03 0 1 4 2 4.945169e-14 0.000000e+00
232 425 1.038570e-03 4.134622e-03 0 1 4 2 3.289721e-14 0.000000e+00
232 426 1.038570e-03 5.205181e-03 0 1 4 2 2.199006e-14 0.000000e+00
232 427 1.038570e-03 6.552935e-03 0 1 4 2 1.505387e-14 0.000000e+00
232 428 1.038570e-03 8.249656e-03 0 1 4 2 1.065812e-14 0.000000e+00
233 418 1.307482e-03 8.249656e-04 0 1 4 2 1.118098e-13 0.000000e+00
233 419 1.307482e-03 1.038570e-03 0 1 4 2 1.575597e-13 0.000000e+00
233 420 1.307482e-03 1.307482e-03 0 1 4 2 0.000000e+00 0.000000e+00
233 421 1.307482e-03 1.646023e-03 0 1 4 2 1.907381e-13 0.000000e+00
233 422 1.307482e-03 2.072220e-03 0 1 4 2 1.552933e-13 0.000000e+00
233 423 1.307482e-03 2.608770e-03 0 1 4 2 1.133880e-13 0.000000e+00
233 424 1.307482e-03 3.284247e-03 0 1 4 2 7.783713e-14 0.000000e+00
233 425 1.307482e-03 4.134622e-03 0 1 4 2 5.201051e-14 0.000000e+00
233 426 1.307482e-03 5.205181e-03 0 1 4 2 3.480831e-14 0.000000e+00
233 427 1.307482e-03 6.552935e-03 0 1 4 2 2.383276e-14 0.000000e+00
233 428 1.307482e-03 8.249656e-03 0 1 4 2 1.687396e-14 0.000000e+00
234 418 1.646023e-03 8.249656e-04 0 1 4 2 8.968224e-14 0.000000e+00
234 419 1.646023e-03 1.038570e-03 0 1 4 2 1.344796e-13 0.000000e+00
234 420 1.646023e-03 1.307482e-03 0 1 4 2 1.907381e-13 0.000000e+00
234 421 1.646023e-03 1.646023e-03 0 1 4 2 0.000000e+00 0.000000e+00
234 422 1.646023e-03 2.072220e-03 0 1 4 2 2.224916e-13 0.000000e+00
234 423 1.646023e-03 2.608770e-03 0 1 4 2 1.730587e-13 0.000000e+00
234 424 1.646023e-03 3.284247e-03 0 1 4 2 1.217621e-13 0.000000e+00
234 425 1.646023e-03 4.134622e-03 0 1 4 2 8.206873e-14 0.000000e+00
234 426 1.646023e-03 5.205181e-03 0 1 4 2 5.505345e-14 0.000000e+00
234 427 1.646023e-03 6.552935e-03 0 1 4 2 3.770688e-14 0.000000e+00
234 428 1.646023e-03 8.249656e-03 0 1 4 2 2.669818e-14 0.000000e+00
235 418 2.072220e-03 8.249656e-04 0 1 4 2 6.646068e-14 0.000000e+00
235 419 2.072220e-03 1.038570e-03 0 1 4 2 1.027311e-13 0.000000e+00
235 420 2.072220e-03 1.307482e-03 0 1 4 2 1.552933e-13 0.000000e+00
235 421 2.072220e-03 1.646023e-03 0 1 4 2 2.224916e-13 0.000000e+00
235 422 2.072220e-03 2.072220e-03 0 1 4 2 0.000000e+00 0.000000e+00
235 423 2.072220e-03 2.608770e-03 0 1 4 2 2.512935e-13 0.000000e+00
235 424 2.072220e-03 3.284247e-03 0 1 4 2 1.876981e-13 0.000000e+00
235 425 2.072220e-03 4.134622e-03 0 1 4 2 1.289603e-13 0.000000e+00
235 426 2.072220e-03 5.205181e-03 0 1 4 2 8.694518e-14 0.000000e+00
235 427 2.072220e-03 6.552935e-03 0 1 4 2 5.959615e-14 0.000000e+00
235 428 2.072220e-03 8.249656e-03 0 1 4 2 4.220053e-14 0.000000e+00
236 418 2.608770e-03 8.249656e-04 0 1 4 2 4.648427e-14 0.000000e+00
236 419 2.608770e-03 1.038570e-03 0 1 4 2 7.291096e-14 0.000000e+00
236 420 2.608770e-03 1.307482e-03 0 1 4 2 1.133880e-13 0.000000e+00
236 421 2.608770e-03 1.646023e-03 0 1 4 2 1.730587e-13 0.000000e+00
236 422 2.608770e-03 2.072220e-03 0 1 4 2 2.512935e-13 0.000000e+00
236 423 2.608770e-03 2.608770e-03 0 1 4 2 0.000000e+00 0.000000e+00
236 424 2.608770e-03 3.284247e-03 0 1 4 2 2.768328e-13 0.000000e+00
236 425 2.608770e-03 4.134622e-03 0 1 4 2 2.004894e-13 0.000000e+00
236 426 2.608770e-03 5.205181e-03 0 1 4 2 1.369014e-13 0.000000e+00
236 427 2.608770e-03 6.552935e-03 0 1 4 2 9.403309e-14 0.000000e+00
236 428 2.608770e-03 8.249656e-03 0 1 4 2 6.660024e-14 0.000000e+00
237 418 3.284247e-03 8.249656e-04 0 1 4 2 3.132366e-14 0.000000e+00
237 419 3.284247e-03 1.038570e-03 0 1 4 2 4.945169e-14 0.000000e+00
237 420 3.284247e-03 1.307482e-03 0 1 4 2 7.783713e-14 0.000000e+00
237 421 3.284247e-03 1.646023e-03 0 1 4 2 1.217621e-13 0.000000e+00
237 422 3.284247e-03 2.072220e-03 0 1 4 2 1.876981e-13 0.000000e+00
237 423 3.284247e-03 2.608770e-03 0 1 4 2 2.768328e-13 0.000000e+00
237 424 3.284247e-03 3.284247e-03 0 1 4 2 0.000000e+00 0.000000e+00
237 425 3.284247e-03 4.134622e-03 0 1 4 2 3.003390e-13 0.000000e+00
237 426 3.284247e-03 5.205181e-03 0 1 4 2 2.139256e-13 0.000000e+00
237 427 3.284247e-03 6.552935e-03 0 1 4 2 1.479325e-13 0.000000e+00
237 428 3.284247e-03 8.249656e-03 0 1 4 2 1.048481e-13 0.000000e+00
238 418 4.134622e-03 8.249656e-04 0 1 4 2 2.078665e-14 0.000000e+00
238 419 4.134622e-03 1.038570e-03 0 1 4 2 3.289721e-14 0.000000e+00
238 420 4.134622e-03 1.307482e-03 0 1 4 2 5.201051e-14 0.000000e+00
238 421 4.134622e-03 1.646023e-03 0 1 4 2 8.206873e-14 0.000000e+00
238 422 4.134622e-03 2.072220e-03 0 1 4 2 1.289603e-13 0.000000e+00
238 423 4.134622e-03 2.608770e-03 0 1 4 2 2.004894e-13 0.000000e+00
238 424 4.134622e-03 3.284247e-03 0 1 4 2 3.003390e-13 0.000000e+00
238 425 4.134622e-03 4.134622e-03 0 1 4 2 0.000000e+00 0.000000e+00
238 426 4.134622e-03 5.205181e-03 0 1 4 2 3.245433e-13 0.000000e+00
238 427 4.134622e-03 6.552935e-03 0 1 4 2 2.312817e-13 0.000000e+00
238 428 4.134622e-03 8.249656e-03 0 1 4 2 1.644096e-13 0.000000e+00
239 418 5.205181e-03 8.249656e-04 0 1 4 2 1.388548e-14 0.000000e+00
239 419 5.205181e-03 1.038570e-03 0 1 4 2 2.199006e-14 0.000000e+00
239 420 5.205181e-03 1.307482e-03 0 1 4 2 3.480831e-14 0.000000e+00
239 421 5.205181e-03 1.646023e-03 0 1 4 2 5.505345e-14 0.000000e+00
239 422 5.205181e-03 2.072220e-03 0 1 4 2 8.694518e-14 0.000000e+00
239 423 5.205181e-03 2.608770e-03 0 1 4 2 1.369014e-13 0.000000e+00
239 424 5.205181e-03 3.284247e-03 0 1 4 2 2.139256e-13 0.000000e+00
239 425 5.205181e-03 4.134622e-03 0 1 4 2 3.245433e-13 0.000000e+00
239 426 5.205181e-03 5.205181e-03 0 1 4 2 0.000000e+00 0.000000e+00
239 427 5.205181e-03 6.552935e-03 0 1 4 2 3.533197e-13 0.000000e+00
239 428 5.205181e-03 8.249656e-03 0 1 4 2 2.560500e-13 0.000000e+00
240 418 6.552935e-03 8.249656e-04 0 1 4 2 9.504894e-15 0.000000e+00
240 419 6.552935e-03 1.038570e-03 0 1 4 2 1.505387e-14 0.000000e+00
240 420 6.552935e-03 1.307482e-03 0 1 4 2 2.383276e-14 0.000000e+00
240 421 6.552935e-03 1.646023e-03 0 1 4 2 3.770688e-14 0.000000e+00
240 422 6.552935e-03 2.072220e-03 0 1 4 2 5.959615e-14 0.000000e+00
240 423 6.552935e-03 2.608770e-03 0 1 4 2 9.403309e-14 0.000000e+00
240 424 6.552935e-03 3.284247e-03 0 1 4 2 1.479325e-13 0.000000e+00
240 425 6.552935e-03 4.134622e-03 0 1 4 2 2.312817e-13 0.000000e+00
240 426 6.552935e-03 5.205181e-03 0 1 4 2 3.533197e-13 0.000000e+00
240 427 6.552935e-03 6.552935e-03 0 1 4 2 0.000000e+00 0.000000e+00
240 428 6.552935e-03 8.249656e-03 0 1 4 2 3.911122e-13 0.000000e+00
241 418 8.249656e-03 8.249656e-04 0 1 4 2 6.729362e-15 0.000000e+00
241 419 8.249656e-03 1.038570e-03 0 1 4 2 1.065812e-14 0.000000e+00
241 420 8.249656e-03 1.307482e-03 0 1 4 2 1.687396e-14 0.000000e+00
241 421 8.249656e-03 1.646023e-03 0 1 4 2 2.669818e-14 0.000000e+00
241 422 8.249656e-03 2.072220e-03 0 1 4 2 4.220053e-14 0.000000e+00
241 423 8.249656e-03 2.608770e-03 0 1 4 2 6.660024e-14 0.000000e+00
241 424 8.249656e-03 3.284247e-03 0 1 4 2 1.048481e-13 0.000000e+00
241 425 8.249656e-03 4.134622e-03 0 1 4 2 1.644096e-13 0.000000e+00
241 426 8.249656e-03 5.205181e-03 0 1 4 2 2.560500e-13 0.000000e+00
241 427 8.249656e-03 6.552935e-03 0 1 4 2 3.911122e-13 0.000000e+00
241 428 8.249656e-03 8.249656e-03 0 1 4 2 0.000000e+00 0.000000e+00
