# Please cite the following papers in research using this covariance:
# arXiv: 1601.05779, https://arxiv.org/abs/1601.05779
# arXiv: 1911.11947, https://arxiv.org/abs/1911.11947
# arXiv: 2004.04833, https://arxiv.org/abs/2004.04833
# arXiv: 1804.10663, https://arxiv.org/abs/1804.10663
########################################################
231 264 8.249656e-04 8.249656e-04 0 1 1 0 0.000000e+00 0.000000e+00
231 265 8.249656e-04 1.038570e-03 0 1 1 0 4.032098e-13 0.000000e+00
231 266 8.249656e-04 1.307482e-03 0 1 1 0 3.611743e-13 0.000000e+00
231 267 8.249656e-04 1.646023e-03 0 1 1 0 2.888735e-13 0.000000e+00
231 268 8.249656e-04 2.072220e-03 0 1 1 0 2.125265e-13 0.000000e+00
231 269 8.249656e-04 2.608770e-03 0 1 1 0 1.472197e-13 0.000000e+00
231 270 8.249656e-04 3.284247e-03 0 1 1 0 9.826474e-14 0.000000e+00
231 271 8.249656e-04 4.134622e-03 0 1 1 0 6.475875e-14 0.000000e+00
231 272 8.249656e-04 5.205181e-03 0 1 1 0 4.314227e-14 0.000000e+00
231 273 8.249656e-04 6.552935e-03 0 1 1 0 2.958318e-14 0.000000e+00
231 274 8.249656e-04 8.249656e-03 0 1 1 0 2.104923e-14 0.000000e+00
232 264 1.038570e-03 8.249656e-04 0 1 1 0 4.032098e-13 0.000000e+00
232 265 1.038570e-03 1.038570e-03 0 1 1 0 0.000000e+00 0.000000e+00
232 266 1.038570e-03 1.307482e-03 0 1 1 0 5.078883e-13 0.000000e+00
232 267 1.038570e-03 1.646023e-03 0 1 1 0 4.329671e-13 0.000000e+00
232 268 1.038570e-03 2.072220e-03 0 1 1 0 3.286805e-13 0.000000e+00
232 269 1.038570e-03 2.608770e-03 0 1 1 0 2.310878e-13 0.000000e+00
232 270 1.038570e-03 3.284247e-03 0 1 1 0 1.552257e-13 0.000000e+00
232 271 1.038570e-03 4.134622e-03 0 1 1 0 1.025218e-13 0.000000e+00
232 272 1.038570e-03 5.205181e-03 0 1 1 0 6.833154e-14 0.000000e+00
232 273 1.038570e-03 6.552935e-03 0 1 1 0 4.685457e-14 0.000000e+00
232 274 1.038570e-03 8.249656e-03 0 1 1 0 3.333741e-14 0.000000e+00
233 264 1.307482e-03 8.249656e-04 0 1 1 0 3.611743e-13 0.000000e+00
233 265 1.307482e-03 1.038570e-03 0 1 1 0 5.078883e-13 0.000000e+00
233 266 1.307482e-03 1.307482e-03 0 1 1 0 0.000000e+00 0.000000e+00
233 267 1.307482e-03 1.646023e-03 0 1 1 0 6.131925e-13 0.000000e+00
233 268 1.307482e-03 2.072220e-03 0 1 1 0 4.970727e-13 0.000000e+00
233 269 1.307482e-03 2.608770e-03 0 1 1 0 3.597727e-13 0.000000e+00
233 270 1.307482e-03 3.284247e-03 0 1 1 0 2.445560e-13 0.000000e+00
233 271 1.307482e-03 4.134622e-03 0 1 1 0 1.621743e-13 0.000000e+00
233 272 1.307482e-03 5.205181e-03 0 1 1 0 1.081846e-13 0.000000e+00
233 273 1.307482e-03 6.552935e-03 0 1 1 0 7.418034e-14 0.000000e+00
233 274 1.307482e-03 8.249656e-03 0 1 1 0 5.277776e-14 0.000000e+00
234 264 1.646023e-03 8.249656e-04 0 1 1 0 2.888735e-13 0.000000e+00
234 265 1.646023e-03 1.038570e-03 0 1 1 0 4.329671e-13 0.000000e+00
234 266 1.646023e-03 1.307482e-03 0 1 1 0 6.131925e-13 0.000000e+00
234 267 1.646023e-03 1.646023e-03 0 1 1 0 0.000000e+00 0.000000e+00
234 268 1.646023e-03 2.072220e-03 0 1 1 0 7.118983e-13 0.000000e+00
234 269 1.646023e-03 2.608770e-03 0 1 1 0 5.498861e-13 0.000000e+00
234 270 1.646023e-03 3.284247e-03 0 1 1 0 3.831296e-13 0.000000e+00
234 271 1.646023e-03 4.134622e-03 0 1 1 0 2.561273e-13 0.000000e+00
234 272 1.646023e-03 5.205181e-03 0 1 1 0 1.711655e-13 0.000000e+00
234 273 1.646023e-03 6.552935e-03 0 1 1 0 1.173694e-13 0.000000e+00
234 274 1.646023e-03 8.249656e-03 0 1 1 0 8.350055e-14 0.000000e+00
235 264 2.072220e-03 8.249656e-04 0 1 1 0 2.125265e-13 0.000000e+00
235 265 2.072220e-03 1.038570e-03 0 1 1 0 3.286805e-13 0.000000e+00
235 266 2.072220e-03 1.307482e-03 0 1 1 0 4.970727e-13 0.000000e+00
235 267 2.072220e-03 1.646023e-03 0 1 1 0 7.118983e-13 0.000000e+00
235 268 2.072220e-03 2.072220e-03 0 1 1 0 0.000000e+00 0.000000e+00
235 269 2.072220e-03 2.608770e-03 0 1 1 0 7.992937e-13 0.000000e+00
235 270 2.072220e-03 3.284247e-03 0 1 1 0 5.918970e-13 0.000000e+00
235 271 2.072220e-03 4.134622e-03 0 1 1 0 4.030725e-13 0.000000e+00
235 272 2.072220e-03 5.205181e-03 0 1 1 0 2.704826e-13 0.000000e+00
235 273 2.072220e-03 6.552935e-03 0 1 1 0 1.855206e-13 0.000000e+00
235 274 2.072220e-03 8.249656e-03 0 1 1 0 1.319736e-13 0.000000e+00
236 264 2.608770e-03 8.249656e-04 0 1 1 0 1.472197e-13 0.000000e+00
236 265 2.608770e-03 1.038570e-03 0 1 1 0 2.310878e-13 0.000000e+00
236 266 2.608770e-03 1.307482e-03 0 1 1 0 3.597727e-13 0.000000e+00
236 267 2.608770e-03 1.646023e-03 0 1 1 0 5.498861e-13 0.000000e+00
236 268 2.608770e-03 2.072220e-03 0 1 1 0 7.992937e-13 0.000000e+00
236 269 2.608770e-03 2.608770e-03 0 1 1 0 0.000000e+00 0.000000e+00
236 270 2.608770e-03 3.284247e-03 0 1 1 0 8.751031e-13 0.000000e+00
236 271 2.608770e-03 4.134622e-03 0 1 1 0 6.281942e-13 0.000000e+00
236 272 2.608770e-03 5.205181e-03 0 1 1 0 4.263670e-13 0.000000e+00
236 273 2.608770e-03 6.552935e-03 0 1 1 0 2.927801e-13 0.000000e+00
236 274 2.608770e-03 8.249656e-03 0 1 1 0 2.082527e-13 0.000000e+00
237 264 3.284247e-03 8.249656e-04 0 1 1 0 9.826474e-14 0.000000e+00
237 265 3.284247e-03 1.038570e-03 0 1 1 0 1.552257e-13 0.000000e+00
237 266 3.284247e-03 1.307482e-03 0 1 1 0 2.445560e-13 0.000000e+00
237 267 3.284247e-03 1.646023e-03 0 1 1 0 3.831296e-13 0.000000e+00
237 268 3.284247e-03 2.072220e-03 0 1 1 0 5.918970e-13 0.000000e+00
237 269 3.284247e-03 2.608770e-03 0 1 1 0 8.751031e-13 0.000000e+00
237 270 3.284247e-03 3.284247e-03 0 1 1 0 0.000000e+00 0.000000e+00
237 271 3.284247e-03 4.134622e-03 0 1 1 0 9.442940e-13 0.000000e+00
237 272 3.284247e-03 5.205181e-03 0 1 1 0 6.676657e-13 0.000000e+00
237 273 3.284247e-03 6.552935e-03 0 1 1 0 4.608216e-13 0.000000e+00
237 274 3.284247e-03 8.249656e-03 0 1 1 0 3.277988e-13 0.000000e+00
238 264 4.134622e-03 8.249656e-04 0 1 1 0 6.475875e-14 0.000000e+00
238 265 4.134622e-03 1.038570e-03 0 1 1 0 1.025218e-13 0.000000e+00
238 266 4.134622e-03 1.307482e-03 0 1 1 0 1.621743e-13 0.000000e+00
238 267 4.134622e-03 1.646023e-03 0 1 1 0 2.561273e-13 0.000000e+00
238 268 4.134622e-03 2.072220e-03 0 1 1 0 4.030725e-13 0.000000e+00
238 269 4.134622e-03 2.608770e-03 0 1 1 0 6.281942e-13 0.000000e+00
238 270 4.134622e-03 3.284247e-03 0 1 1 0 9.442940e-13 0.000000e+00
238 271 4.134622e-03 4.134622e-03 0 1 1 0 0.000000e+00 0.000000e+00
238 272 4.134622e-03 5.205181e-03 0 1 1 0 1.016638e-12 0.000000e+00
238 273 4.134622e-03 6.552935e-03 0 1 1 0 7.213531e-13 0.000000e+00
238 274 4.134622e-03 8.249656e-03 0 1 1 0 5.139481e-13 0.000000e+00
239 264 5.205181e-03 8.249656e-04 0 1 1 0 4.314227e-14 0.000000e+00
239 265 5.205181e-03 1.038570e-03 0 1 1 0 6.833154e-14 0.000000e+00
239 266 5.205181e-03 1.307482e-03 0 1 1 0 1.081846e-13 0.000000e+00
239 267 5.205181e-03 1.646023e-03 0 1 1 0 1.711655e-13 0.000000e+00
239 268 5.205181e-03 2.072220e-03 0 1 1 0 2.704826e-13 0.000000e+00
239 269 5.205181e-03 2.608770e-03 0 1 1 0 4.263670e-13 0.000000e+00
239 270 5.205181e-03 3.284247e-03 0 1 1 0 6.676657e-13 0.000000e+00
239 271 5.205181e-03 4.134622e-03 0 1 1 0 1.016638e-12 0.000000e+00
239 272 5.205181e-03 5.205181e-03 0 1 1 0 0.000000e+00 0.000000e+00
239 273 5.205181e-03 6.552935e-03 0 1 1 0 1.105312e-12 0.000000e+00
239 274 5.205181e-03 8.249656e-03 0 1 1 0 8.005916e-13 0.000000e+00
240 264 6.552935e-03 8.249656e-04 0 1 1 0 2.958318e-14 0.000000e+00
240 265 6.552935e-03 1.038570e-03 0 1 1 0 4.685457e-14 0.000000e+00
240 266 6.552935e-03 1.307482e-03 0 1 1 0 7.418034e-14 0.000000e+00
240 267 6.552935e-03 1.646023e-03 0 1 1 0 1.173694e-13 0.000000e+00
240 268 6.552935e-03 2.072220e-03 0 1 1 0 1.855206e-13 0.000000e+00
240 269 6.552935e-03 2.608770e-03 0 1 1 0 2.927801e-13 0.000000e+00
240 270 6.552935e-03 3.284247e-03 0 1 1 0 4.608216e-13 0.000000e+00
240 271 6.552935e-03 4.134622e-03 0 1 1 0 7.213531e-13 0.000000e+00
240 272 6.552935e-03 5.205181e-03 0 1 1 0 1.105312e-12 0.000000e+00
240 273 6.552935e-03 6.552935e-03 0 1 1 0 0.000000e+00 0.000000e+00
240 274 6.552935e-03 8.249656e-03 0 1 1 0 1.225006e-12 0.000000e+00
241 264 8.249656e-03 8.249656e-04 0 1 1 0 2.104923e-14 0.000000e+00
241 265 8.249656e-03 1.038570e-03 0 1 1 0 3.333741e-14 0.000000e+00
241 266 8.249656e-03 1.307482e-03 0 1 1 0 5.277776e-14 0.000000e+00
241 267 8.249656e-03 1.646023e-03 0 1 1 0 8.350055e-14 0.000000e+00
241 268 8.249656e-03 2.072220e-03 0 1 1 0 1.319736e-13 0.000000e+00
241 269 8.249656e-03 2.608770e-03 0 1 1 0 2.082527e-13 0.000000e+00
241 270 8.249656e-03 3.284247e-03 0 1 1 0 3.277988e-13 0.000000e+00
241 271 8.249656e-03 4.134622e-03 0 1 1 0 5.139481e-13 0.000000e+00
241 272 8.249656e-03 5.205181e-03 0 1 1 0 8.005916e-13 0.000000e+00
241 273 8.249656e-03 6.552935e-03 0 1 1 0 1.225006e-12 0.000000e+00
241 274 8.249656e-03 8.249656e-03 0 1 1 0 0.000000e+00 0.000000e+00
