# Please cite the following papers in research using this covariance:
# arXiv: 1601.05779, https://arxiv.org/abs/1601.05779
# arXiv: 1911.11947, https://arxiv.org/abs/1911.11947
# arXiv: 2004.04833, https://arxiv.org/abs/2004.04833
# arXiv: 1804.10663, https://arxiv.org/abs/1804.10663
########################################################
275 275 8.249656e-04 8.249656e-04 1 1 1 1 2.733913e-09 0.000000e+00
275 276 8.249656e-04 1.038570e-03 1 1 1 1 9.440316e-11 0.000000e+00
275 277 8.249656e-04 1.307482e-03 1 1 1 1 4.564391e-11 0.000000e+00
275 278 8.249656e-04 1.646023e-03 1 1 1 1 2.126402e-11 0.000000e+00
275 279 8.249656e-04 2.072220e-03 1 1 1 1 9.922777e-12 0.000000e+00
275 280 8.249656e-04 2.608770e-03 1 1 1 1 4.768568e-12 0.000000e+00
275 281 8.249656e-04 3.284247e-03 1 1 1 1 2.402386e-12 0.000000e+00
275 282 8.249656e-04 4.134622e-03 1 1 1 1 1.280386e-12 0.000000e+00
275 283 8.249656e-04 5.205181e-03 1 1 1 1 7.207340e-13 0.000000e+00
275 284 8.249656e-04 6.552935e-03 1 1 1 1 4.241627e-13 0.000000e+00
275 285 8.249656e-04 8.249656e-03 1 1 1 1 2.568152e-13 0.000000e+00
276 275 1.038570e-03 8.249656e-04 1 1 1 1 9.440316e-11 0.000000e+00
276 276 1.038570e-03 1.038570e-03 1 1 1 1 1.734028e-09 0.000000e+00
276 277 1.038570e-03 1.307482e-03 1 1 1 1 8.104292e-11 0.000000e+00
276 278 1.038570e-03 1.646023e-03 1 1 1 1 3.684331e-11 0.000000e+00
276 279 1.038570e-03 2.072220e-03 1 1 1 1 1.666332e-11 0.000000e+00
276 280 1.038570e-03 2.608770e-03 1 1 1 1 7.811896e-12 0.000000e+00
276 281 1.038570e-03 3.284247e-03 1 1 1 1 3.873342e-12 0.000000e+00
276 282 1.038570e-03 4.134622e-03 1 1 1 1 2.045284e-12 0.000000e+00
276 283 1.038570e-03 5.205181e-03 1 1 1 1 1.146055e-12 0.000000e+00
276 284 1.038570e-03 6.552935e-03 1 1 1 1 6.729547e-13 0.000000e+00
276 285 1.038570e-03 8.249656e-03 1 1 1 1 4.073043e-13 0.000000e+00
277 275 1.307482e-03 8.249656e-04 1 1 1 1 4.564391e-11 0.000000e+00
277 276 1.307482e-03 1.038570e-03 1 1 1 1 8.104292e-11 0.000000e+00
277 277 1.307482e-03 1.307482e-03 1 1 1 1 1.098963e-09 0.000000e+00
277 278 1.307482e-03 1.646023e-03 1 1 1 1 6.793206e-11 0.000000e+00
277 279 1.307482e-03 2.072220e-03 1 1 1 1 2.924923e-11 0.000000e+00
277 280 1.307482e-03 2.608770e-03 1 1 1 1 1.311764e-11 0.000000e+00
277 281 1.307482e-03 3.284247e-03 1 1 1 1 6.321150e-12 0.000000e+00
277 282 1.307482e-03 4.134622e-03 1 1 1 1 3.285357e-12 0.000000e+00
277 283 1.307482e-03 5.205181e-03 1 1 1 1 1.826601e-12 0.000000e+00
277 284 1.307482e-03 6.552935e-03 1 1 1 1 1.068795e-12 0.000000e+00
277 285 1.307482e-03 8.249656e-03 1 1 1 1 6.459041e-13 0.000000e+00
278 275 1.646023e-03 8.249656e-04 1 1 1 1 2.126402e-11 0.000000e+00
278 276 1.646023e-03 1.038570e-03 1 1 1 1 3.684331e-11 0.000000e+00
278 277 1.646023e-03 1.307482e-03 1 1 1 1 6.793206e-11 0.000000e+00
278 278 1.646023e-03 1.646023e-03 1 1 1 1 6.969520e-10 0.000000e+00
278 279 1.646023e-03 2.072220e-03 1 1 1 1 5.590004e-11 0.000000e+00
278 280 1.646023e-03 2.608770e-03 1 1 1 1 2.314334e-11 0.000000e+00
278 281 1.646023e-03 3.284247e-03 1 1 1 1 1.055857e-11 0.000000e+00
278 282 1.646023e-03 4.134622e-03 1 1 1 1 5.329963e-12 0.000000e+00
278 283 1.646023e-03 5.205181e-03 1 1 1 1 2.922195e-12 0.000000e+00
278 284 1.646023e-03 6.552935e-03 1 1 1 1 1.699721e-12 0.000000e+00
278 285 1.646023e-03 8.249656e-03 1 1 1 1 1.025025e-12 0.000000e+00
279 275 2.072220e-03 8.249656e-04 1 1 1 1 9.922777e-12 0.000000e+00
279 276 2.072220e-03 1.038570e-03 1 1 1 1 1.666332e-11 0.000000e+00
279 277 2.072220e-03 1.307482e-03 1 1 1 1 2.924923e-11 0.000000e+00
279 278 2.072220e-03 1.646023e-03 1 1 1 1 5.590004e-11 0.000000e+00
279 279 2.072220e-03 2.072220e-03 1 1 1 1 4.418898e-10 0.000000e+00
279 280 2.072220e-03 2.608770e-03 1 1 1 1 4.550252e-11 0.000000e+00
279 281 2.072220e-03 3.284247e-03 1 1 1 1 1.854362e-11 0.000000e+00
279 282 2.072220e-03 4.134622e-03 1 1 1 1 8.819735e-12 0.000000e+00
279 283 2.072220e-03 5.205181e-03 1 1 1 1 4.709067e-12 0.000000e+00
279 284 2.072220e-03 6.552935e-03 1 1 1 1 2.709823e-12 0.000000e+00
279 285 2.072220e-03 8.249656e-03 1 1 1 1 1.627648e-12 0.000000e+00
280 275 2.608770e-03 8.249656e-04 1 1 1 1 4.768568e-12 0.000000e+00
280 276 2.608770e-03 1.038570e-03 1 1 1 1 7.811896e-12 0.000000e+00
280 277 2.608770e-03 1.307482e-03 1 1 1 1 1.311764e-11 0.000000e+00
280 278 2.608770e-03 1.646023e-03 1 1 1 1 2.314334e-11 0.000000e+00
280 279 2.608770e-03 2.072220e-03 1 1 1 1 4.550252e-11 0.000000e+00
280 280 2.608770e-03 2.608770e-03 1 1 1 1 2.799953e-10 0.000000e+00
280 281 2.608770e-03 3.284247e-03 1 1 1 1 3.699688e-11 0.000000e+00
280 282 2.608770e-03 4.134622e-03 1 1 1 1 1.528082e-11 0.000000e+00
280 283 2.608770e-03 5.205181e-03 1 1 1 1 7.704398e-12 0.000000e+00
280 284 2.608770e-03 6.552935e-03 1 1 1 1 4.340682e-12 0.000000e+00
280 285 2.608770e-03 8.249656e-03 1 1 1 1 2.588500e-12 0.000000e+00
281 275 3.284247e-03 8.249656e-04 1 1 1 1 2.402386e-12 0.000000e+00
281 276 3.284247e-03 1.038570e-03 1 1 1 1 3.873342e-12 0.000000e+00
281 277 3.284247e-03 1.307482e-03 1 1 1 1 6.321150e-12 0.000000e+00
281 278 3.284247e-03 1.646023e-03 1 1 1 1 1.055857e-11 0.000000e+00
281 279 3.284247e-03 2.072220e-03 1 1 1 1 1.854362e-11 0.000000e+00
281 280 3.284247e-03 2.608770e-03 1 1 1 1 3.699688e-11 0.000000e+00
281 281 3.284247e-03 3.284247e-03 1 1 1 1 1.773139e-10 0.000000e+00
281 282 3.284247e-03 4.134622e-03 1 1 1 1 3.038241e-11 0.000000e+00
281 283 3.284247e-03 5.205181e-03 1 1 1 1 1.309261e-11 0.000000e+00
281 284 3.284247e-03 6.552935e-03 1 1 1 1 7.025821e-12 0.000000e+00
281 285 3.284247e-03 8.249656e-03 1 1 1 1 4.128290e-12 0.000000e+00
282 275 4.134622e-03 8.249656e-04 1 1 1 1 1.280386e-12 0.000000e+00
282 276 4.134622e-03 1.038570e-03 1 1 1 1 2.045284e-12 0.000000e+00
282 277 4.134622e-03 1.307482e-03 1 1 1 1 3.285357e-12 0.000000e+00
282 278 4.134622e-03 1.646023e-03 1 1 1 1 5.329963e-12 0.000000e+00
282 279 4.134622e-03 2.072220e-03 1 1 1 1 8.819735e-12 0.000000e+00
282 280 4.134622e-03 2.608770e-03 1 1 1 1 1.528082e-11 0.000000e+00
282 281 4.134622e-03 3.284247e-03 1 1 1 1 3.038241e-11 0.000000e+00
282 282 4.134622e-03 4.134622e-03 1 1 1 1 1.123747e-10 0.000000e+00
282 283 4.134622e-03 5.205181e-03 1 1 1 1 2.547281e-11 0.000000e+00
282 284 4.134622e-03 6.552935e-03 1 1 1 1 1.169766e-11 0.000000e+00
282 285 4.134622e-03 8.249656e-03 1 1 1 1 6.626853e-12 0.000000e+00
283 275 5.205181e-03 8.249656e-04 1 1 1 1 7.207340e-13 0.000000e+00
283 276 5.205181e-03 1.038570e-03 1 1 1 1 1.146055e-12 0.000000e+00
283 277 5.205181e-03 1.307482e-03 1 1 1 1 1.826601e-12 0.000000e+00
283 278 5.205181e-03 1.646023e-03 1 1 1 1 2.922195e-12 0.000000e+00
283 279 5.205181e-03 2.072220e-03 1 1 1 1 4.709067e-12 0.000000e+00
283 280 5.205181e-03 2.608770e-03 1 1 1 1 7.704398e-12 0.000000e+00
283 281 5.205181e-03 3.284247e-03 1 1 1 1 1.309261e-11 0.000000e+00
283 282 5.205181e-03 4.134622e-03 1 1 1 1 2.547281e-11 0.000000e+00
283 283 5.205181e-03 5.205181e-03 1 1 1 1 7.121291e-11 0.000000e+00
283 284 5.205181e-03 6.552935e-03 1 1 1 1 2.197742e-11 0.000000e+00
283 285 5.205181e-03 8.249656e-03 1 1 1 1 1.084186e-11 0.000000e+00
284 275 6.552935e-03 8.249656e-04 1 1 1 1 4.241627e-13 0.000000e+00
284 276 6.552935e-03 1.038570e-03 1 1 1 1 6.729547e-13 0.000000e+00
284 277 6.552935e-03 1.307482e-03 1 1 1 1 1.068795e-12 0.000000e+00
284 278 6.552935e-03 1.646023e-03 1 1 1 1 1.699721e-12 0.000000e+00
284 279 6.552935e-03 2.072220e-03 1 1 1 1 2.709823e-12 0.000000e+00
284 280 6.552935e-03 2.608770e-03 1 1 1 1 4.340682e-12 0.000000e+00
284 281 6.552935e-03 3.284247e-03 1 1 1 1 7.025821e-12 0.000000e+00
284 282 6.552935e-03 4.134622e-03 1 1 1 1 1.169766e-11 0.000000e+00
284 283 6.552935e-03 5.205181e-03 1 1 1 1 2.197742e-11 0.000000e+00
284 284 6.552935e-03 6.552935e-03 1 1 1 1 4.511402e-11 0.000000e+00
284 285 6.552935e-03 8.249656e-03 1 1 1 1 1.957222e-11 0.000000e+00
285 275 8.249656e-03 8.249656e-04 1 1 1 1 2.568152e-13 0.000000e+00
285 276 8.249656e-03 1.038570e-03 1 1 1 1 4.073043e-13 0.000000e+00
285 277 8.249656e-03 1.307482e-03 1 1 1 1 6.459041e-13 0.000000e+00
285 278 8.249656e-03 1.646023e-03 1 1 1 1 1.025025e-12 0.000000e+00
285 279 8.249656e-03 2.072220e-03 1 1 1 1 1.627648e-12 0.000000e+00
285 280 8.249656e-03 2.608770e-03 1 1 1 1 2.588500e-12 0.000000e+00
285 281 8.249656e-03 3.284247e-03 1 1 1 1 4.128290e-12 0.000000e+00
285 282 8.249656e-03 4.134622e-03 1 1 1 1 6.626853e-12 0.000000e+00
285 283 8.249656e-03 5.205181e-03 1 1 1 1 1.084186e-11 0.000000e+00
285 284 8.249656e-03 6.552935e-03 1 1 1 1 1.957222e-11 0.000000e+00
285 285 8.249656e-03 8.249656e-03 1 1 1 1 2.859564e-11 0.000000e+00
