# Please cite the following papers in research using this covariance:
# arXiv: 1601.05779, https://arxiv.org/abs/1601.05779
# arXiv: 1911.11947, https://arxiv.org/abs/1911.11947
# arXiv: 2004.04833, https://arxiv.org/abs/2004.04833
# arXiv: 1804.10663, https://arxiv.org/abs/1804.10663
########################################################
275 319 8.249656e-04 8.249656e-04 1 1 2 1 0.000000e+00 0.000000e+00
275 320 8.249656e-04 1.038570e-03 1 1 2 1 1.448759e-11 0.000000e+00
275 321 8.249656e-04 1.307482e-03 1 1 2 1 6.725776e-12 0.000000e+00
275 322 8.249656e-04 1.646023e-03 1 1 2 1 3.086747e-12 0.000000e+00
275 323 8.249656e-04 2.072220e-03 1 1 2 1 1.456267e-12 0.000000e+00
275 324 8.249656e-04 2.608770e-03 1 1 2 1 7.197161e-13 0.000000e+00
275 325 8.249656e-04 3.284247e-03 1 1 2 1 3.761560e-13 0.000000e+00
275 326 8.249656e-04 4.134622e-03 1 1 2 1 2.082580e-13 0.000000e+00
275 327 8.249656e-04 5.205181e-03 1 1 2 1 1.210222e-13 0.000000e+00
275 328 8.249656e-04 6.552935e-03 1 1 2 1 7.278564e-14 0.000000e+00
275 329 8.249656e-04 8.249656e-03 1 1 2 1 4.460398e-14 0.000000e+00
276 319 1.038570e-03 8.249656e-04 1 1 2 1 1.448759e-11 0.000000e+00
276 320 1.038570e-03 1.038570e-03 1 1 2 1 0.000000e+00 0.000000e+00
276 321 1.038570e-03 1.307482e-03 1 1 2 1 1.224880e-11 0.000000e+00
276 322 1.038570e-03 1.646023e-03 1 1 2 1 5.386173e-12 0.000000e+00
276 323 1.038570e-03 2.072220e-03 1 1 2 1 2.440900e-12 0.000000e+00
276 324 1.038570e-03 2.608770e-03 1 1 2 1 1.174858e-12 0.000000e+00
276 325 1.038570e-03 3.284247e-03 1 1 2 1 6.047052e-13 0.000000e+00
276 326 1.038570e-03 4.134622e-03 1 1 2 1 3.320399e-13 0.000000e+00
276 327 1.038570e-03 5.205181e-03 1 1 2 1 1.922532e-13 0.000000e+00
276 328 1.038570e-03 6.552935e-03 1 1 2 1 1.154317e-13 0.000000e+00
276 329 1.038570e-03 8.249656e-03 1 1 2 1 7.073052e-14 0.000000e+00
277 319 1.307482e-03 8.249656e-04 1 1 2 1 6.725776e-12 0.000000e+00
277 320 1.307482e-03 1.038570e-03 1 1 2 1 1.224880e-11 0.000000e+00
277 321 1.307482e-03 1.307482e-03 1 1 2 1 0.000000e+00 0.000000e+00
277 322 1.307482e-03 1.646023e-03 1 1 2 1 1.015920e-11 0.000000e+00
277 323 1.307482e-03 2.072220e-03 1 1 2 1 4.286918e-12 0.000000e+00
277 324 1.307482e-03 2.608770e-03 1 1 2 1 1.962229e-12 0.000000e+00
277 325 1.307482e-03 3.284247e-03 1 1 2 1 9.821799e-13 0.000000e+00
277 326 1.307482e-03 4.134622e-03 1 1 2 1 5.317178e-13 0.000000e+00
277 327 1.307482e-03 5.205181e-03 1 1 2 1 3.059277e-13 0.000000e+00
277 328 1.307482e-03 6.552935e-03 1 1 2 1 1.832054e-13 0.000000e+00
277 329 1.307482e-03 8.249656e-03 1 1 2 1 1.121371e-13 0.000000e+00
278 319 1.646023e-03 8.249656e-04 1 1 2 1 3.086747e-12 0.000000e+00
278 320 1.646023e-03 1.038570e-03 1 1 2 1 5.386173e-12 0.000000e+00
278 321 1.646023e-03 1.307482e-03 1 1 2 1 1.015920e-11 0.000000e+00
278 322 1.646023e-03 1.646023e-03 1 1 2 1 0.000000e+00 0.000000e+00
278 323 1.646023e-03 2.072220e-03 1 1 2 1 8.322371e-12 0.000000e+00
278 324 1.646023e-03 2.608770e-03 1 1 2 1 3.439647e-12 0.000000e+00
278 325 1.646023e-03 3.284247e-03 1 1 2 1 1.627846e-12 0.000000e+00
278 326 1.646023e-03 4.134622e-03 1 1 2 1 8.582066e-13 0.000000e+00
278 327 1.646023e-03 5.205181e-03 1 1 2 1 4.881238e-13 0.000000e+00
278 328 1.646023e-03 6.552935e-03 1 1 2 1 2.910303e-13 0.000000e+00
278 329 1.646023e-03 8.249656e-03 1 1 2 1 1.778851e-13 0.000000e+00
279 319 2.072220e-03 8.249656e-04 1 1 2 1 1.456267e-12 0.000000e+00
279 320 2.072220e-03 1.038570e-03 1 1 2 1 2.440900e-12 0.000000e+00
279 321 2.072220e-03 1.307482e-03 1 1 2 1 4.286918e-12 0.000000e+00
279 322 2.072220e-03 1.646023e-03 1 1 2 1 8.322371e-12 0.000000e+00
279 323 2.072220e-03 2.072220e-03 1 1 2 1 0.000000e+00 0.000000e+00
279 324 2.072220e-03 2.608770e-03 1 1 2 1 6.793866e-12 0.000000e+00
279 325 2.072220e-03 3.284247e-03 1 1 2 1 2.823962e-12 0.000000e+00
279 326 2.072220e-03 4.134622e-03 1 1 2 1 1.407643e-12 0.000000e+00
279 327 2.072220e-03 5.205181e-03 1 1 2 1 7.830276e-13 0.000000e+00
279 328 2.072220e-03 6.552935e-03 1 1 2 1 4.631036e-13 0.000000e+00
279 329 2.072220e-03 8.249656e-03 1 1 2 1 2.822786e-13 0.000000e+00
280 319 2.608770e-03 8.249656e-04 1 1 2 1 7.197161e-13 0.000000e+00
280 320 2.608770e-03 1.038570e-03 1 1 2 1 1.174858e-12 0.000000e+00
280 321 2.608770e-03 1.307482e-03 1 1 2 1 1.962229e-12 0.000000e+00
280 322 2.608770e-03 1.646023e-03 1 1 2 1 3.439647e-12 0.000000e+00
280 323 2.608770e-03 2.072220e-03 1 1 2 1 6.793866e-12 0.000000e+00
280 324 2.608770e-03 2.608770e-03 1 1 2 1 0.000000e+00 0.000000e+00
280 325 2.608770e-03 3.284247e-03 1 1 2 1 5.584714e-12 0.000000e+00
280 326 2.608770e-03 4.134622e-03 1 1 2 1 2.400908e-12 0.000000e+00
280 327 2.608770e-03 5.205181e-03 1 1 2 1 1.270642e-12 0.000000e+00
280 328 2.608770e-03 6.552935e-03 1 1 2 1 7.393336e-13 0.000000e+00
280 329 2.608770e-03 8.249656e-03 1 1 2 1 4.484009e-13 0.000000e+00
281 319 3.284247e-03 8.249656e-04 1 1 2 1 3.761560e-13 0.000000e+00
281 320 3.284247e-03 1.038570e-03 1 1 2 1 6.047052e-13 0.000000e+00
281 321 3.284247e-03 1.307482e-03 1 1 2 1 9.821799e-13 0.000000e+00
281 322 3.284247e-03 1.646023e-03 1 1 2 1 1.627846e-12 0.000000e+00
281 323 3.284247e-03 2.072220e-03 1 1 2 1 2.823962e-12 0.000000e+00
281 324 3.284247e-03 2.608770e-03 1 1 2 1 5.584714e-12 0.000000e+00
281 325 3.284247e-03 3.284247e-03 1 1 2 1 0.000000e+00 0.000000e+00
281 326 3.284247e-03 4.134622e-03 1 1 2 1 4.672000e-12 0.000000e+00
281 327 3.284247e-03 5.205181e-03 1 1 2 1 2.125194e-12 0.000000e+00
281 328 3.284247e-03 6.552935e-03 1 1 2 1 1.189124e-12 0.000000e+00
281 329 3.284247e-03 8.249656e-03 1 1 2 1 7.136422e-13 0.000000e+00
282 319 4.134622e-03 8.249656e-04 1 1 2 1 2.082580e-13 0.000000e+00
282 320 4.134622e-03 1.038570e-03 1 1 2 1 3.320399e-13 0.000000e+00
282 321 4.134622e-03 1.307482e-03 1 1 2 1 5.317178e-13 0.000000e+00
282 322 4.134622e-03 1.646023e-03 1 1 2 1 8.582066e-13 0.000000e+00
282 323 4.134622e-03 2.072220e-03 1 1 2 1 1.407643e-12 0.000000e+00
282 324 4.134622e-03 2.608770e-03 1 1 2 1 2.400908e-12 0.000000e+00
282 325 4.134622e-03 3.284247e-03 1 1 2 1 4.672000e-12 0.000000e+00
282 326 4.134622e-03 4.134622e-03 1 1 2 1 0.000000e+00 0.000000e+00
282 327 4.134622e-03 5.205181e-03 1 1 2 1 4.011863e-12 0.000000e+00
282 328 4.134622e-03 6.552935e-03 1 1 2 1 1.953359e-12 0.000000e+00
282 329 4.134622e-03 8.249656e-03 1 1 2 1 1.140805e-12 0.000000e+00
283 319 5.205181e-03 8.249656e-04 1 1 2 1 1.210222e-13 0.000000e+00
283 320 5.205181e-03 1.038570e-03 1 1 2 1 1.922532e-13 0.000000e+00
283 321 5.205181e-03 1.307482e-03 1 1 2 1 3.059277e-13 0.000000e+00
283 322 5.205181e-03 1.646023e-03 1 1 2 1 4.881238e-13 0.000000e+00
283 323 5.205181e-03 2.072220e-03 1 1 2 1 7.830276e-13 0.000000e+00
283 324 5.205181e-03 2.608770e-03 1 1 2 1 1.270642e-12 0.000000e+00
283 325 5.205181e-03 3.284247e-03 1 1 2 1 2.125194e-12 0.000000e+00
283 326 5.205181e-03 4.134622e-03 1 1 2 1 4.011863e-12 0.000000e+00
283 327 5.205181e-03 5.205181e-03 1 1 2 1 0.000000e+00 0.000000e+00
283 328 5.205181e-03 6.552935e-03 1 1 2 1 3.551578e-12 0.000000e+00
283 329 5.205181e-03 8.249656e-03 1 1 2 1 1.848391e-12 0.000000e+00
284 319 6.552935e-03 8.249656e-04 1 1 2 1 7.278564e-14 0.000000e+00
284 320 6.552935e-03 1.038570e-03 1 1 2 1 1.154317e-13 0.000000e+00
284 321 6.552935e-03 1.307482e-03 1 1 2 1 1.832054e-13 0.000000e+00
284 322 6.552935e-03 1.646023e-03 1 1 2 1 2.910303e-13 0.000000e+00
284 323 6.552935e-03 2.072220e-03 1 1 2 1 4.631036e-13 0.000000e+00
284 324 6.552935e-03 2.608770e-03 1 1 2 1 7.393336e-13 0.000000e+00
284 325 6.552935e-03 3.284247e-03 1 1 2 1 1.189124e-12 0.000000e+00
284 326 6.552935e-03 4.134622e-03 1 1 2 1 1.953359e-12 0.000000e+00
284 327 6.552935e-03 5.205181e-03 1 1 2 1 3.551578e-12 0.000000e+00
284 328 6.552935e-03 6.552935e-03 1 1 2 1 0.000000e+00 0.000000e+00
284 329 6.552935e-03 8.249656e-03 1 1 2 1 3.238646e-12 0.000000e+00
285 319 8.249656e-03 8.249656e-04 1 1 2 1 4.460398e-14 0.000000e+00
285 320 8.249656e-03 1.038570e-03 1 1 2 1 7.073052e-14 0.000000e+00
285 321 8.249656e-03 1.307482e-03 1 1 2 1 1.121371e-13 0.000000e+00
285 322 8.249656e-03 1.646023e-03 1 1 2 1 1.778851e-13 0.000000e+00
285 323 8.249656e-03 2.072220e-03 1 1 2 1 2.822786e-13 0.000000e+00
285 324 8.249656e-03 2.608770e-03 1 1 2 1 4.484009e-13 0.000000e+00
285 325 8.249656e-03 3.284247e-03 1 1 2 1 7.136422e-13 0.000000e+00
285 326 8.249656e-03 4.134622e-03 1 1 2 1 1.140805e-12 0.000000e+00
285 327 8.249656e-03 5.205181e-03 1 1 2 1 1.848391e-12 0.000000e+00
285 328 8.249656e-03 6.552935e-03 1 1 2 1 3.238646e-12 0.000000e+00
285 329 8.249656e-03 8.249656e-03 1 1 2 1 0.000000e+00 0.000000e+00
