# Please cite the following papers in research using this covariance:
# arXiv: 1601.05779, https://arxiv.org/abs/1601.05779
# arXiv: 1911.11947, https://arxiv.org/abs/1911.11947
# arXiv: 2004.04833, https://arxiv.org/abs/2004.04833
# arXiv: 1804.10663, https://arxiv.org/abs/1804.10663
########################################################
462 473 8.249656e-04 8.249656e-04 5 2 5 3 0.000000e+00 0.000000e+00
462 474 8.249656e-04 1.038570e-03 5 2 5 3 1.099203e-11 0.000000e+00
462 475 8.249656e-04 1.307482e-03 5 2 5 3 5.920723e-12 0.000000e+00
462 476 8.249656e-04 1.646023e-03 5 2 5 3 3.144767e-12 0.000000e+00
462 477 8.249656e-04 2.072220e-03 5 2 5 3 1.689954e-12 0.000000e+00
462 478 8.249656e-04 2.608770e-03 5 2 5 3 9.368198e-13 0.000000e+00
462 479 8.249656e-04 3.284247e-03 5 2 5 3 5.446722e-13 0.000000e+00
462 480 8.249656e-04 4.134622e-03 5 2 5 3 3.353155e-13 0.000000e+00
462 481 8.249656e-04 5.205181e-03 5 2 5 3 2.182826e-13 0.000000e+00
462 482 8.249656e-04 6.552935e-03 5 2 5 3 1.486182e-13 0.000000e+00
462 483 8.249656e-04 8.249656e-03 5 2 5 3 1.040679e-13 0.000000e+00
463 473 1.038570e-03 8.249656e-04 5 2 5 3 1.099203e-11 0.000000e+00
463 474 1.038570e-03 1.038570e-03 5 2 5 3 0.000000e+00 0.000000e+00
463 475 1.038570e-03 1.307482e-03 5 2 5 3 9.994520e-12 0.000000e+00
463 476 1.038570e-03 1.646023e-03 5 2 5 3 5.223764e-12 0.000000e+00
463 477 1.038570e-03 2.072220e-03 5 2 5 3 2.757110e-12 0.000000e+00
463 478 1.038570e-03 2.608770e-03 5 2 5 3 1.507996e-12 0.000000e+00
463 479 1.038570e-03 3.284247e-03 5 2 5 3 8.691925e-13 0.000000e+00
463 480 1.038570e-03 4.134622e-03 5 2 5 3 5.325559e-13 0.000000e+00
463 481 1.038570e-03 5.205181e-03 5 2 5 3 3.459550e-13 0.000000e+00
463 482 1.038570e-03 6.552935e-03 5 2 5 3 2.353609e-13 0.000000e+00
463 483 1.038570e-03 8.249656e-03 5 2 5 3 1.648041e-13 0.000000e+00
464 473 1.307482e-03 8.249656e-04 5 2 5 3 5.920723e-12 0.000000e+00
464 474 1.307482e-03 1.038570e-03 5 2 5 3 9.994520e-12 0.000000e+00
464 475 1.307482e-03 1.307482e-03 5 2 5 3 0.000000e+00 0.000000e+00
464 476 1.307482e-03 1.646023e-03 5 2 5 3 8.979627e-12 0.000000e+00
464 477 1.307482e-03 2.072220e-03 5 2 5 3 4.600013e-12 0.000000e+00
464 478 1.307482e-03 2.608770e-03 5 2 5 3 2.455859e-12 0.000000e+00
464 479 1.307482e-03 3.284247e-03 5 2 5 3 1.394110e-12 0.000000e+00
464 480 1.307482e-03 4.134622e-03 5 2 5 3 8.471628e-13 0.000000e+00
464 481 1.307482e-03 5.205181e-03 5 2 5 3 5.483232e-13 0.000000e+00
464 482 1.307482e-03 6.552935e-03 5 2 5 3 3.726118e-13 0.000000e+00
464 483 1.307482e-03 8.249656e-03 5 2 5 3 2.608977e-13 0.000000e+00
465 473 1.646023e-03 8.249656e-04 5 2 5 3 3.144767e-12 0.000000e+00
465 474 1.646023e-03 1.038570e-03 5 2 5 3 5.223764e-12 0.000000e+00
465 475 1.646023e-03 1.307482e-03 5 2 5 3 8.979627e-12 0.000000e+00
465 476 1.646023e-03 1.646023e-03 5 2 5 3 0.000000e+00 0.000000e+00
465 477 1.646023e-03 2.072220e-03 5 2 5 3 8.024246e-12 0.000000e+00
465 478 1.646023e-03 2.608770e-03 5 2 5 3 4.094455e-12 0.000000e+00
465 479 1.646023e-03 3.284247e-03 5 2 5 3 2.258283e-12 0.000000e+00
465 480 1.646023e-03 4.134622e-03 5 2 5 3 1.351840e-12 0.000000e+00
465 481 1.646023e-03 5.205181e-03 5 2 5 3 8.693205e-13 0.000000e+00
465 482 1.646023e-03 6.552935e-03 5 2 5 3 5.895127e-13 0.000000e+00
465 483 1.646023e-03 8.249656e-03 5 2 5 3 4.126961e-13 0.000000e+00
466 473 2.072220e-03 8.249656e-04 5 2 5 3 1.689954e-12 0.000000e+00
466 474 2.072220e-03 1.038570e-03 5 2 5 3 2.757110e-12 0.000000e+00
466 475 2.072220e-03 1.307482e-03 5 2 5 3 4.600013e-12 0.000000e+00
466 476 2.072220e-03 1.646023e-03 5 2 5 3 8.024246e-12 0.000000e+00
466 477 2.072220e-03 2.072220e-03 5 2 5 3 0.000000e+00 0.000000e+00
466 478 2.072220e-03 2.608770e-03 5 2 5 3 7.197521e-12 0.000000e+00
466 479 2.072220e-03 3.284247e-03 5 2 5 3 3.738806e-12 0.000000e+00
466 480 2.072220e-03 4.134622e-03 5 2 5 3 2.171895e-12 0.000000e+00
466 481 2.072220e-03 5.205181e-03 5 2 5 3 1.379510e-12 0.000000e+00
466 482 2.072220e-03 6.552935e-03 5 2 5 3 9.318946e-13 0.000000e+00
466 483 2.072220e-03 8.249656e-03 5 2 5 3 6.521245e-13 0.000000e+00
467 473 2.608770e-03 8.249656e-04 5 2 5 3 9.368198e-13 0.000000e+00
467 474 2.608770e-03 1.038570e-03 5 2 5 3 1.507996e-12 0.000000e+00
467 475 2.608770e-03 1.307482e-03 5 2 5 3 2.455859e-12 0.000000e+00
467 476 2.608770e-03 1.646023e-03 5 2 5 3 4.094455e-12 0.000000e+00
467 477 2.608770e-03 2.072220e-03 5 2 5 3 7.197521e-12 0.000000e+00
467 478 2.608770e-03 2.608770e-03 5 2 5 3 0.000000e+00 0.000000e+00
467 479 2.608770e-03 3.284247e-03 5 2 5 3 6.554395e-12 0.000000e+00
467 480 2.608770e-03 4.134622e-03 5 2 5 3 3.550115e-12 0.000000e+00
467 481 2.608770e-03 5.205181e-03 5 2 5 3 2.195746e-12 0.000000e+00
467 482 2.608770e-03 6.552935e-03 5 2 5 3 1.471555e-12 0.000000e+00
467 483 2.608770e-03 8.249656e-03 5 2 5 3 1.028661e-12 0.000000e+00
468 473 3.284247e-03 8.249656e-04 5 2 5 3 5.446722e-13 0.000000e+00
468 474 3.284247e-03 1.038570e-03 5 2 5 3 8.691925e-13 0.000000e+00
468 475 3.284247e-03 1.307482e-03 5 2 5 3 1.394110e-12 0.000000e+00
468 476 3.284247e-03 1.646023e-03 5 2 5 3 2.258283e-12 0.000000e+00
468 477 3.284247e-03 2.072220e-03 5 2 5 3 3.738806e-12 0.000000e+00
468 478 3.284247e-03 2.608770e-03 5 2 5 3 6.554395e-12 0.000000e+00
468 479 3.284247e-03 3.284247e-03 5 2 5 3 0.000000e+00 0.000000e+00
468 480 3.284247e-03 4.134622e-03 5 2 5 3 6.132204e-12 0.000000e+00
468 481 3.284247e-03 5.205181e-03 5 2 5 3 3.532034e-12 0.000000e+00
468 482 3.284247e-03 6.552935e-03 5 2 5 3 2.322168e-12 0.000000e+00
468 483 3.284247e-03 8.249656e-03 5 2 5 3 1.618380e-12 0.000000e+00
469 473 4.134622e-03 8.249656e-04 5 2 5 3 3.353155e-13 0.000000e+00
469 474 4.134622e-03 1.038570e-03 5 2 5 3 5.325559e-13 0.000000e+00
469 475 4.134622e-03 1.307482e-03 5 2 5 3 8.471628e-13 0.000000e+00
469 476 4.134622e-03 1.646023e-03 5 2 5 3 1.351840e-12 0.000000e+00
469 477 4.134622e-03 2.072220e-03 5 2 5 3 2.171895e-12 0.000000e+00
469 478 4.134622e-03 2.608770e-03 5 2 5 3 3.550115e-12 0.000000e+00
469 479 4.134622e-03 3.284247e-03 5 2 5 3 6.132204e-12 0.000000e+00
469 480 4.134622e-03 4.134622e-03 5 2 5 3 0.000000e+00 0.000000e+00
469 481 4.134622e-03 5.205181e-03 5 2 5 3 5.950016e-12 0.000000e+00
469 482 4.134622e-03 6.552935e-03 5 2 5 3 3.676338e-12 0.000000e+00
469 483 4.134622e-03 8.249656e-03 5 2 5 3 2.536849e-12 0.000000e+00
470 473 5.205181e-03 8.249656e-04 5 2 5 3 2.182826e-13 0.000000e+00
470 474 5.205181e-03 1.038570e-03 5 2 5 3 3.459550e-13 0.000000e+00
470 475 5.205181e-03 1.307482e-03 5 2 5 3 5.483232e-13 0.000000e+00
470 476 5.205181e-03 1.646023e-03 5 2 5 3 8.693205e-13 0.000000e+00
470 477 5.205181e-03 2.072220e-03 5 2 5 3 1.379510e-12 0.000000e+00
470 478 5.205181e-03 2.608770e-03 5 2 5 3 2.195746e-12 0.000000e+00
470 479 5.205181e-03 3.284247e-03 5 2 5 3 3.532034e-12 0.000000e+00
470 480 5.205181e-03 4.134622e-03 5 2 5 3 5.950016e-12 0.000000e+00
470 481 5.205181e-03 5.205181e-03 5 2 5 3 0.000000e+00 0.000000e+00
470 482 5.205181e-03 6.552935e-03 5 2 5 3 6.008358e-12 0.000000e+00
470 483 5.205181e-03 8.249656e-03 5 2 5 3 3.963395e-12 0.000000e+00
471 473 6.552935e-03 8.249656e-04 5 2 5 3 1.486182e-13 0.000000e+00
471 474 6.552935e-03 1.038570e-03 5 2 5 3 2.353609e-13 0.000000e+00
471 475 6.552935e-03 1.307482e-03 5 2 5 3 3.726118e-13 0.000000e+00
471 476 6.552935e-03 1.646023e-03 5 2 5 3 5.895127e-13 0.000000e+00
471 477 6.552935e-03 2.072220e-03 5 2 5 3 9.318946e-13 0.000000e+00
471 478 6.552935e-03 2.608770e-03 5 2 5 3 1.471555e-12 0.000000e+00
471 479 6.552935e-03 3.284247e-03 5 2 5 3 2.322168e-12 0.000000e+00
471 480 6.552935e-03 4.134622e-03 5 2 5 3 3.676338e-12 0.000000e+00
471 481 6.552935e-03 5.205181e-03 5 2 5 3 6.008358e-12 0.000000e+00
471 482 6.552935e-03 6.552935e-03 5 2 5 3 0.000000e+00 0.000000e+00
471 483 6.552935e-03 8.249656e-03 5 2 5 3 6.288398e-12 0.000000e+00
472 473 8.249656e-03 8.249656e-04 5 2 5 3 1.040679e-13 0.000000e+00
472 474 8.249656e-03 1.038570e-03 5 2 5 3 1.648041e-13 0.000000e+00
472 475 8.249656e-03 1.307482e-03 5 2 5 3 2.608977e-13 0.000000e+00
472 476 8.249656e-03 1.646023e-03 5 2 5 3 4.126961e-13 0.000000e+00
472 477 8.249656e-03 2.072220e-03 5 2 5 3 6.521245e-13 0.000000e+00
472 478 8.249656e-03 2.608770e-03 5 2 5 3 1.028661e-12 0.000000e+00
472 479 8.249656e-03 3.284247e-03 5 2 5 3 1.618380e-12 0.000000e+00
472 480 8.249656e-03 4.134622e-03 5 2 5 3 2.536849e-12 0.000000e+00
472 481 8.249656e-03 5.205181e-03 5 2 5 3 3.963395e-12 0.000000e+00
472 482 8.249656e-03 6.552935e-03 5 2 5 3 6.288398e-12 0.000000e+00
472 483 8.249656e-03 8.249656e-03 5 2 5 3 0.000000e+00 0.000000e+00
