# Please cite the following papers in research using this covariance:
# arXiv: 1601.05779, https://arxiv.org/abs/1601.05779
# arXiv: 1911.11947, https://arxiv.org/abs/1911.11947
# arXiv: 2004.04833, https://arxiv.org/abs/2004.04833
# arXiv: 1804.10663, https://arxiv.org/abs/1804.10663
########################################################
231 297 8.249656e-04 8.249656e-04 0 1 1 3 0.000000e+00 0.000000e+00
231 298 8.249656e-04 1.038570e-03 0 1 1 3 1.225926e-12 0.000000e+00
231 299 8.249656e-04 1.307482e-03 0 1 1 3 1.072148e-12 0.000000e+00
231 300 8.249656e-04 1.646023e-03 0 1 1 3 8.336450e-13 0.000000e+00
231 301 8.249656e-04 2.072220e-03 0 1 1 3 5.957295e-13 0.000000e+00
231 302 8.249656e-04 2.608770e-03 0 1 1 3 4.019669e-13 0.000000e+00
231 303 8.249656e-04 3.284247e-03 0 1 1 3 2.631335e-13 0.000000e+00
231 304 8.249656e-04 4.134622e-03 0 1 1 3 1.718303e-13 0.000000e+00
231 305 8.249656e-04 5.205181e-03 0 1 1 3 1.147806e-13 0.000000e+00
231 306 8.249656e-04 6.552935e-03 0 1 1 3 7.974846e-14 0.000000e+00
231 307 8.249656e-04 8.249656e-03 0 1 1 3 5.785013e-14 0.000000e+00
232 297 1.038570e-03 8.249656e-04 0 1 1 3 1.225926e-12 0.000000e+00
232 298 1.038570e-03 1.038570e-03 0 1 1 3 0.000000e+00 0.000000e+00
232 299 1.038570e-03 1.307482e-03 0 1 1 3 1.510847e-12 0.000000e+00
232 300 1.038570e-03 1.646023e-03 0 1 1 3 1.254277e-12 0.000000e+00
232 301 1.038570e-03 2.072220e-03 0 1 1 3 9.245633e-13 0.000000e+00
232 302 1.038570e-03 2.608770e-03 0 1 1 3 6.325372e-13 0.000000e+00
232 303 1.038570e-03 3.284247e-03 0 1 1 3 4.162510e-13 0.000000e+00
232 304 1.038570e-03 4.134622e-03 0 1 1 3 2.721897e-13 0.000000e+00
232 305 1.038570e-03 5.205181e-03 0 1 1 3 1.818174e-13 0.000000e+00
232 306 1.038570e-03 6.552935e-03 0 1 1 3 1.262968e-13 0.000000e+00
232 307 1.038570e-03 8.249656e-03 0 1 1 3 9.161205e-14 0.000000e+00
233 297 1.307482e-03 8.249656e-04 0 1 1 3 1.072148e-12 0.000000e+00
233 298 1.307482e-03 1.038570e-03 0 1 1 3 1.510847e-12 0.000000e+00
233 299 1.307482e-03 1.307482e-03 0 1 1 3 0.000000e+00 0.000000e+00
233 300 1.307482e-03 1.646023e-03 0 1 1 3 1.783889e-12 0.000000e+00
233 301 1.307482e-03 2.072220e-03 0 1 1 3 1.405652e-12 0.000000e+00
233 302 1.307482e-03 2.608770e-03 0 1 1 3 9.887519e-13 0.000000e+00
233 303 1.307482e-03 3.284247e-03 0 1 1 3 6.573322e-13 0.000000e+00
233 304 1.307482e-03 4.134622e-03 0 1 1 3 4.309872e-13 0.000000e+00
233 305 1.307482e-03 5.205181e-03 0 1 1 3 2.879159e-13 0.000000e+00
233 306 1.307482e-03 6.552935e-03 0 1 1 3 1.999279e-13 0.000000e+00
233 307 1.307482e-03 8.249656e-03 0 1 1 3 1.450097e-13 0.000000e+00
234 297 1.646023e-03 8.249656e-04 0 1 1 3 8.336450e-13 0.000000e+00
234 298 1.646023e-03 1.038570e-03 0 1 1 3 1.254277e-12 0.000000e+00
234 299 1.646023e-03 1.307482e-03 0 1 1 3 1.783889e-12 0.000000e+00
234 300 1.646023e-03 1.646023e-03 0 1 1 3 0.000000e+00 0.000000e+00
234 301 1.646023e-03 2.072220e-03 0 1 1 3 2.026545e-12 0.000000e+00
234 302 1.646023e-03 2.608770e-03 0 1 1 3 1.520935e-12 0.000000e+00
234 303 1.646023e-03 3.284247e-03 0 1 1 3 1.033862e-12 0.000000e+00
234 304 1.646023e-03 4.134622e-03 0 1 1 3 6.818321e-13 0.000000e+00
234 305 1.646023e-03 5.205181e-03 0 1 1 3 4.556969e-13 0.000000e+00
234 306 1.646023e-03 6.552935e-03 0 1 1 3 3.162701e-13 0.000000e+00
234 307 1.646023e-03 8.249656e-03 0 1 1 3 2.293597e-13 0.000000e+00
235 297 2.072220e-03 8.249656e-04 0 1 1 3 5.957295e-13 0.000000e+00
235 298 2.072220e-03 1.038570e-03 0 1 1 3 9.245633e-13 0.000000e+00
235 299 2.072220e-03 1.307482e-03 0 1 1 3 1.405652e-12 0.000000e+00
235 300 2.072220e-03 1.646023e-03 0 1 1 3 2.026545e-12 0.000000e+00
235 301 2.072220e-03 2.072220e-03 0 1 1 3 0.000000e+00 0.000000e+00
235 302 2.072220e-03 2.608770e-03 0 1 1 3 2.230634e-12 0.000000e+00
235 303 2.072220e-03 3.284247e-03 0 1 1 3 1.607956e-12 0.000000e+00
235 304 2.072220e-03 4.134622e-03 0 1 1 3 1.076316e-12 0.000000e+00
235 305 2.072220e-03 5.205181e-03 0 1 1 3 7.206366e-13 0.000000e+00
235 306 2.072220e-03 6.552935e-03 0 1 1 3 4.997872e-13 0.000000e+00
235 307 2.072220e-03 8.249656e-03 0 1 1 3 3.623502e-13 0.000000e+00
236 297 2.608770e-03 8.249656e-04 0 1 1 3 4.019669e-13 0.000000e+00
236 298 2.608770e-03 1.038570e-03 0 1 1 3 6.325372e-13 0.000000e+00
236 299 2.608770e-03 1.307482e-03 0 1 1 3 9.887519e-13 0.000000e+00
236 300 2.608770e-03 1.646023e-03 0 1 1 3 1.520935e-12 0.000000e+00
236 301 2.608770e-03 2.072220e-03 0 1 1 3 2.230634e-12 0.000000e+00
236 302 2.608770e-03 2.608770e-03 0 1 1 3 0.000000e+00 0.000000e+00
236 303 2.608770e-03 3.284247e-03 0 1 1 3 2.402480e-12 0.000000e+00
236 304 2.608770e-03 4.134622e-03 0 1 1 3 1.687234e-12 0.000000e+00
236 305 2.608770e-03 5.205181e-03 0 1 1 3 1.137745e-12 0.000000e+00
236 306 2.608770e-03 6.552935e-03 0 1 1 3 7.885151e-13 0.000000e+00
236 307 2.608770e-03 8.249656e-03 0 1 1 3 5.714023e-13 0.000000e+00
237 297 3.284247e-03 8.249656e-04 0 1 1 3 2.631335e-13 0.000000e+00
237 298 3.284247e-03 1.038570e-03 0 1 1 3 4.162510e-13 0.000000e+00
237 299 3.284247e-03 1.307482e-03 0 1 1 3 6.573322e-13 0.000000e+00
237 300 3.284247e-03 1.646023e-03 0 1 1 3 1.033862e-12 0.000000e+00
237 301 3.284247e-03 2.072220e-03 0 1 1 3 1.607956e-12 0.000000e+00
237 302 3.284247e-03 2.608770e-03 0 1 1 3 2.402480e-12 0.000000e+00
237 303 3.284247e-03 3.284247e-03 0 1 1 3 0.000000e+00 0.000000e+00
237 304 3.284247e-03 4.134622e-03 0 1 1 3 2.563464e-12 0.000000e+00
237 305 3.284247e-03 5.205181e-03 0 1 1 3 1.788282e-12 0.000000e+00
237 306 3.284247e-03 6.552935e-03 0 1 1 3 1.240948e-12 0.000000e+00
237 307 3.284247e-03 8.249656e-03 0 1 1 3 8.985003e-13 0.000000e+00
238 297 4.134622e-03 8.249656e-04 0 1 1 3 1.718303e-13 0.000000e+00
238 298 4.134622e-03 1.038570e-03 0 1 1 3 2.721897e-13 0.000000e+00
238 299 4.134622e-03 1.307482e-03 0 1 1 3 4.309872e-13 0.000000e+00
238 300 4.134622e-03 1.646023e-03 0 1 1 3 6.818321e-13 0.000000e+00
238 301 4.134622e-03 2.072220e-03 0 1 1 3 1.076316e-12 0.000000e+00
238 302 4.134622e-03 2.608770e-03 0 1 1 3 1.687234e-12 0.000000e+00
238 303 4.134622e-03 3.284247e-03 0 1 1 3 2.563464e-12 0.000000e+00
238 304 4.134622e-03 4.134622e-03 0 1 1 3 0.000000e+00 0.000000e+00
238 305 4.134622e-03 5.205181e-03 0 1 1 3 2.747353e-12 0.000000e+00
238 306 4.134622e-03 6.552935e-03 0 1 1 3 1.944429e-12 0.000000e+00
238 307 4.134622e-03 8.249656e-03 0 1 1 3 1.406721e-12 0.000000e+00
239 297 5.205181e-03 8.249656e-04 0 1 1 3 1.147806e-13 0.000000e+00
239 298 5.205181e-03 1.038570e-03 0 1 1 3 1.818174e-13 0.000000e+00
239 299 5.205181e-03 1.307482e-03 0 1 1 3 2.879159e-13 0.000000e+00
239 300 5.205181e-03 1.646023e-03 0 1 1 3 4.556969e-13 0.000000e+00
239 301 5.205181e-03 2.072220e-03 0 1 1 3 7.206366e-13 0.000000e+00
239 302 5.205181e-03 2.608770e-03 0 1 1 3 1.137745e-12 0.000000e+00
239 303 5.205181e-03 3.284247e-03 0 1 1 3 1.788282e-12 0.000000e+00
239 304 5.205181e-03 4.134622e-03 0 1 1 3 2.747353e-12 0.000000e+00
239 305 5.205181e-03 5.205181e-03 0 1 1 3 0.000000e+00 0.000000e+00
239 306 5.205181e-03 6.552935e-03 0 1 1 3 2.995607e-12 0.000000e+00
239 307 5.205181e-03 8.249656e-03 0 1 1 3 2.187957e-12 0.000000e+00
240 297 6.552935e-03 8.249656e-04 0 1 1 3 7.974846e-14 0.000000e+00
240 298 6.552935e-03 1.038570e-03 0 1 1 3 1.262968e-13 0.000000e+00
240 299 6.552935e-03 1.307482e-03 0 1 1 3 1.999279e-13 0.000000e+00
240 300 6.552935e-03 1.646023e-03 0 1 1 3 3.162701e-13 0.000000e+00
240 301 6.552935e-03 2.072220e-03 0 1 1 3 4.997872e-13 0.000000e+00
240 302 6.552935e-03 2.608770e-03 0 1 1 3 7.885151e-13 0.000000e+00
240 303 6.552935e-03 3.284247e-03 0 1 1 3 1.240948e-12 0.000000e+00
240 304 6.552935e-03 4.134622e-03 0 1 1 3 1.944429e-12 0.000000e+00
240 305 6.552935e-03 5.205181e-03 0 1 1 3 2.995607e-12 0.000000e+00
240 306 6.552935e-03 6.552935e-03 0 1 1 3 0.000000e+00 0.000000e+00
240 307 6.552935e-03 8.249656e-03 0 1 1 3 3.351881e-12 0.000000e+00
241 297 8.249656e-03 8.249656e-04 0 1 1 3 5.785013e-14 0.000000e+00
241 298 8.249656e-03 1.038570e-03 0 1 1 3 9.161205e-14 0.000000e+00
241 299 8.249656e-03 1.307482e-03 0 1 1 3 1.450097e-13 0.000000e+00
241 300 8.249656e-03 1.646023e-03 0 1 1 3 2.293597e-13 0.000000e+00
241 301 8.249656e-03 2.072220e-03 0 1 1 3 3.623502e-13 0.000000e+00
241 302 8.249656e-03 2.608770e-03 0 1 1 3 5.714023e-13 0.000000e+00
241 303 8.249656e-03 3.284247e-03 0 1 1 3 8.985003e-13 0.000000e+00
241 304 8.249656e-03 4.134622e-03 0 1 1 3 1.406721e-12 0.000000e+00
241 305 8.249656e-03 5.205181e-03 0 1 1 3 2.187957e-12 0.000000e+00
241 306 8.249656e-03 6.552935e-03 0 1 1 3 3.351881e-12 0.000000e+00
241 307 8.249656e-03 8.249656e-03 0 1 1 3 0.000000e+00 0.000000e+00
