# Please cite the following papers in research using this covariance:
# arXiv: 1601.05779, https://arxiv.org/abs/1601.05779
# arXiv: 1911.11947, https://arxiv.org/abs/1911.11947
# arXiv: 2004.04833, https://arxiv.org/abs/2004.04833
# arXiv: 1804.10663, https://arxiv.org/abs/1804.10663
########################################################
319 418 8.249656e-04 8.249656e-04 2 1 4 2 0.000000e+00 0.000000e+00
319 419 8.249656e-04 1.038570e-03 2 1 4 2 7.303623e-14 0.000000e+00
319 420 8.249656e-04 1.307482e-03 2 1 4 2 6.088012e-14 0.000000e+00
319 421 8.249656e-04 1.646023e-03 2 1 4 2 4.610558e-14 0.000000e+00
319 422 8.249656e-04 2.072220e-03 2 1 4 2 3.321472e-14 0.000000e+00
319 423 8.249656e-04 2.608770e-03 2 1 4 2 2.343570e-14 0.000000e+00
319 424 8.249656e-04 3.284247e-03 2 1 4 2 1.653678e-14 0.000000e+00
319 425 8.249656e-04 4.134622e-03 2 1 4 2 1.183130e-14 0.000000e+00
319 426 8.249656e-04 5.205181e-03 2 1 4 2 8.634357e-15 0.000000e+00
319 427 8.249656e-04 6.552935e-03 2 1 4 2 6.419288e-15 0.000000e+00
319 428 8.249656e-04 8.249656e-03 2 1 4 2 4.830872e-15 0.000000e+00
320 418 1.038570e-03 8.249656e-04 2 1 4 2 7.303623e-14 0.000000e+00
320 419 1.038570e-03 1.038570e-03 2 1 4 2 0.000000e+00 0.000000e+00
320 420 1.038570e-03 1.307482e-03 2 1 4 2 8.717744e-14 0.000000e+00
320 421 1.038570e-03 1.646023e-03 2 1 4 2 7.009644e-14 0.000000e+00
320 422 1.038570e-03 2.072220e-03 2 1 4 2 5.170442e-14 0.000000e+00
320 423 1.038570e-03 2.608770e-03 2 1 4 2 3.682628e-14 0.000000e+00
320 424 1.038570e-03 3.284247e-03 2 1 4 2 2.608208e-14 0.000000e+00
320 425 1.038570e-03 4.134622e-03 2 1 4 2 1.868997e-14 0.000000e+00
320 426 1.038570e-03 5.205181e-03 2 1 4 2 1.365163e-14 0.000000e+00
320 427 1.038570e-03 6.552935e-03 2 1 4 2 1.015595e-14 0.000000e+00
320 428 1.038570e-03 8.249656e-03 2 1 4 2 7.646891e-15 0.000000e+00
321 418 1.307482e-03 8.249656e-04 2 1 4 2 6.088012e-14 0.000000e+00
321 419 1.307482e-03 1.038570e-03 2 1 4 2 8.717744e-14 0.000000e+00
321 420 1.307482e-03 1.307482e-03 2 1 4 2 0.000000e+00 0.000000e+00
321 421 1.307482e-03 1.646023e-03 2 1 4 2 1.014378e-13 0.000000e+00
321 422 1.307482e-03 2.072220e-03 2 1 4 2 7.914989e-14 0.000000e+00
321 423 1.307482e-03 2.608770e-03 2 1 4 2 5.748940e-14 0.000000e+00
321 424 1.307482e-03 3.284247e-03 2 1 4 2 4.100530e-14 0.000000e+00
321 425 1.307482e-03 4.134622e-03 2 1 4 2 2.946541e-14 0.000000e+00
321 426 1.307482e-03 5.205181e-03 2 1 4 2 2.155338e-14 0.000000e+00
321 427 1.307482e-03 6.552935e-03 2 1 4 2 1.605096e-14 0.000000e+00
321 428 1.307482e-03 8.249656e-03 2 1 4 2 1.209557e-14 0.000000e+00
322 418 1.646023e-03 8.249656e-04 2 1 4 2 4.610558e-14 0.000000e+00
322 419 1.646023e-03 1.038570e-03 2 1 4 2 7.009644e-14 0.000000e+00
322 420 1.646023e-03 1.307482e-03 2 1 4 2 1.014378e-13 0.000000e+00
322 421 1.646023e-03 1.646023e-03 2 1 4 2 0.000000e+00 0.000000e+00
322 422 1.646023e-03 2.072220e-03 2 1 4 2 1.158427e-13 0.000000e+00
322 423 1.646023e-03 2.608770e-03 2 1 4 2 8.848900e-14 0.000000e+00
322 424 1.646023e-03 3.284247e-03 2 1 4 2 6.409061e-14 0.000000e+00
322 425 1.646023e-03 4.134622e-03 2 1 4 2 4.629806e-14 0.000000e+00
322 426 1.646023e-03 5.205181e-03 2 1 4 2 3.394987e-14 0.000000e+00
322 427 1.646023e-03 6.552935e-03 2 1 4 2 2.532528e-14 0.000000e+00
322 428 1.646023e-03 8.249656e-03 2 1 4 2 1.910986e-14 0.000000e+00
323 418 2.072220e-03 8.249656e-04 2 1 4 2 3.321472e-14 0.000000e+00
323 419 2.072220e-03 1.038570e-03 2 1 4 2 5.170442e-14 0.000000e+00
323 420 2.072220e-03 1.307482e-03 2 1 4 2 7.914989e-14 0.000000e+00
323 421 2.072220e-03 1.646023e-03 2 1 4 2 1.158427e-13 0.000000e+00
323 422 2.072220e-03 2.072220e-03 2 1 4 2 0.000000e+00 0.000000e+00
323 423 2.072220e-03 2.608770e-03 2 1 4 2 1.308871e-13 0.000000e+00
323 424 2.072220e-03 3.284247e-03 2 1 4 2 9.895688e-14 0.000000e+00
323 425 2.072220e-03 4.134622e-03 2 1 4 2 7.232278e-14 0.000000e+00
323 426 2.072220e-03 5.205181e-03 2 1 4 2 5.327300e-14 0.000000e+00
323 427 2.072220e-03 6.552935e-03 2 1 4 2 3.985051e-14 0.000000e+00
323 428 2.072220e-03 8.249656e-03 2 1 4 2 3.013492e-14 0.000000e+00
324 418 2.608770e-03 8.249656e-04 2 1 4 2 2.343570e-14 0.000000e+00
324 419 2.608770e-03 1.038570e-03 2 1 4 2 3.682628e-14 0.000000e+00
324 420 2.608770e-03 1.307482e-03 2 1 4 2 5.748940e-14 0.000000e+00
324 421 2.608770e-03 1.646023e-03 2 1 4 2 8.848900e-14 0.000000e+00
324 422 2.608770e-03 2.072220e-03 2 1 4 2 1.308871e-13 0.000000e+00
324 423 2.608770e-03 2.608770e-03 2 1 4 2 0.000000e+00 0.000000e+00
324 424 2.608770e-03 3.284247e-03 2 1 4 2 1.475602e-13 0.000000e+00
324 425 2.608770e-03 4.134622e-03 2 1 4 2 1.116955e-13 0.000000e+00
324 426 2.608770e-03 5.205181e-03 2 1 4 2 8.305775e-14 0.000000e+00
324 427 2.608770e-03 6.552935e-03 2 1 4 2 6.243017e-14 0.000000e+00
324 428 2.608770e-03 8.249656e-03 2 1 4 2 4.737577e-14 0.000000e+00
325 418 3.284247e-03 8.249656e-04 2 1 4 2 1.653678e-14 0.000000e+00
325 419 3.284247e-03 1.038570e-03 2 1 4 2 2.608208e-14 0.000000e+00
325 420 3.284247e-03 1.307482e-03 2 1 4 2 4.100530e-14 0.000000e+00
325 421 3.284247e-03 1.646023e-03 2 1 4 2 6.409061e-14 0.000000e+00
325 422 3.284247e-03 2.072220e-03 2 1 4 2 9.895688e-14 0.000000e+00
325 423 3.284247e-03 2.608770e-03 2 1 4 2 1.475602e-13 0.000000e+00
325 424 3.284247e-03 3.284247e-03 2 1 4 2 0.000000e+00 0.000000e+00
325 425 3.284247e-03 4.134622e-03 2 1 4 2 1.672643e-13 0.000000e+00
325 426 3.284247e-03 5.205181e-03 2 1 4 2 1.279812e-13 0.000000e+00
325 427 3.284247e-03 6.552935e-03 2 1 4 2 9.708373e-14 0.000000e+00
325 428 3.284247e-03 8.249656e-03 2 1 4 2 7.410834e-14 0.000000e+00
326 418 4.134622e-03 8.249656e-04 2 1 4 2 1.183130e-14 0.000000e+00
326 419 4.134622e-03 1.038570e-03 2 1 4 2 1.868997e-14 0.000000e+00
326 420 4.134622e-03 1.307482e-03 2 1 4 2 2.946541e-14 0.000000e+00
326 421 4.134622e-03 1.646023e-03 2 1 4 2 4.629806e-14 0.000000e+00
326 422 4.134622e-03 2.072220e-03 2 1 4 2 7.232278e-14 0.000000e+00
326 423 4.134622e-03 2.608770e-03 2 1 4 2 1.116955e-13 0.000000e+00
326 424 4.134622e-03 3.284247e-03 2 1 4 2 1.672643e-13 0.000000e+00
326 425 4.134622e-03 4.134622e-03 2 1 4 2 0.000000e+00 0.000000e+00
326 426 4.134622e-03 5.205181e-03 2 1 4 2 1.916441e-13 0.000000e+00
326 427 4.134622e-03 6.552935e-03 2 1 4 2 1.490203e-13 0.000000e+00
326 428 4.134622e-03 8.249656e-03 2 1 4 2 1.149552e-13 0.000000e+00
327 418 5.205181e-03 8.249656e-04 2 1 4 2 8.634357e-15 0.000000e+00
327 419 5.205181e-03 1.038570e-03 2 1 4 2 1.365163e-14 0.000000e+00
327 420 5.205181e-03 1.307482e-03 2 1 4 2 2.155338e-14 0.000000e+00
327 421 5.205181e-03 1.646023e-03 2 1 4 2 3.394987e-14 0.000000e+00
327 422 5.205181e-03 2.072220e-03 2 1 4 2 5.327300e-14 0.000000e+00
327 423 5.205181e-03 2.608770e-03 2 1 4 2 8.305775e-14 0.000000e+00
327 424 5.205181e-03 3.284247e-03 2 1 4 2 1.279812e-13 0.000000e+00
327 425 5.205181e-03 4.134622e-03 2 1 4 2 1.916441e-13 0.000000e+00
327 426 5.205181e-03 5.205181e-03 2 1 4 2 0.000000e+00 0.000000e+00
327 427 5.205181e-03 6.552935e-03 2 1 4 2 2.223404e-13 0.000000e+00
327 428 5.205181e-03 8.249656e-03 2 1 4 2 1.757122e-13 0.000000e+00
328 418 6.552935e-03 8.249656e-04 2 1 4 2 6.419288e-15 0.000000e+00
328 419 6.552935e-03 1.038570e-03 2 1 4 2 1.015595e-14 0.000000e+00
328 420 6.552935e-03 1.307482e-03 2 1 4 2 1.605096e-14 0.000000e+00
328 421 6.552935e-03 1.646023e-03 2 1 4 2 2.532528e-14 0.000000e+00
328 422 6.552935e-03 2.072220e-03 2 1 4 2 3.985051e-14 0.000000e+00
328 423 6.552935e-03 2.608770e-03 2 1 4 2 6.243017e-14 0.000000e+00
328 424 6.552935e-03 3.284247e-03 2 1 4 2 9.708373e-14 0.000000e+00
328 425 6.552935e-03 4.134622e-03 2 1 4 2 1.490203e-13 0.000000e+00
328 426 6.552935e-03 5.205181e-03 2 1 4 2 2.223404e-13 0.000000e+00
328 427 6.552935e-03 6.552935e-03 2 1 4 2 0.000000e+00 0.000000e+00
328 428 6.552935e-03 8.249656e-03 2 1 4 2 2.606627e-13 0.000000e+00
329 418 8.249656e-03 8.249656e-04 2 1 4 2 4.830872e-15 0.000000e+00
329 419 8.249656e-03 1.038570e-03 2 1 4 2 7.646891e-15 0.000000e+00
329 420 8.249656e-03 1.307482e-03 2 1 4 2 1.209557e-14 0.000000e+00
329 421 8.249656e-03 1.646023e-03 2 1 4 2 1.910986e-14 0.000000e+00
329 422 8.249656e-03 2.072220e-03 2 1 4 2 3.013492e-14 0.000000e+00
329 423 8.249656e-03 2.608770e-03 2 1 4 2 4.737577e-14 0.000000e+00
329 424 8.249656e-03 3.284247e-03 2 1 4 2 7.410834e-14 0.000000e+00
329 425 8.249656e-03 4.134622e-03 2 1 4 2 1.149552e-13 0.000000e+00
329 426 8.249656e-03 5.205181e-03 2 1 4 2 1.757122e-13 0.000000e+00
329 427 8.249656e-03 6.552935e-03 2 1 4 2 2.606627e-13 0.000000e+00
329 428 8.249656e-03 8.249656e-03 2 1 4 2 0.000000e+00 0.000000e+00
