# Please cite the following papers in research using this covariance:
# arXiv: 1601.05779, https://arxiv.org/abs/1601.05779
# arXiv: 1911.11947, https://arxiv.org/abs/1911.11947
# arXiv: 2004.04833, https://arxiv.org/abs/2004.04833
# arXiv: 1804.10663, https://arxiv.org/abs/1804.10663
########################################################
330 352 8.249656e-04 8.249656e-04 2 2 3 0 0.000000e+00 0.000000e+00
330 353 8.249656e-04 1.038570e-03 2 2 3 0 1.506558e-13 0.000000e+00
330 354 8.249656e-04 1.307482e-03 2 2 3 0 1.251222e-13 0.000000e+00
330 355 8.249656e-04 1.646023e-03 2 2 3 0 9.487622e-14 0.000000e+00
330 356 8.249656e-04 2.072220e-03 2 2 3 0 6.891860e-14 0.000000e+00
330 357 8.249656e-04 2.608770e-03 2 2 3 0 4.936609e-14 0.000000e+00
330 358 8.249656e-04 3.284247e-03 2 2 3 0 3.552294e-14 0.000000e+00
330 359 8.249656e-04 4.134622e-03 2 2 3 0 2.593427e-14 0.000000e+00
330 360 8.249656e-04 5.205181e-03 2 2 3 0 1.924647e-14 0.000000e+00
330 361 8.249656e-04 6.552935e-03 2 2 3 0 1.445988e-14 0.000000e+00
330 362 8.249656e-04 8.249656e-03 2 2 3 0 1.091837e-14 0.000000e+00
331 352 1.038570e-03 8.249656e-04 2 2 3 0 1.506558e-13 0.000000e+00
331 353 1.038570e-03 1.038570e-03 2 2 3 0 0.000000e+00 0.000000e+00
331 354 1.038570e-03 1.307482e-03 2 2 3 0 1.795939e-13 0.000000e+00
331 355 1.038570e-03 1.646023e-03 2 2 3 0 1.444067e-13 0.000000e+00
331 356 1.038570e-03 2.072220e-03 2 2 3 0 1.072705e-13 0.000000e+00
331 357 1.038570e-03 2.608770e-03 2 2 3 0 7.751782e-14 0.000000e+00
331 358 1.038570e-03 3.284247e-03 2 2 3 0 5.598332e-14 0.000000e+00
331 359 1.038570e-03 4.134622e-03 2 2 3 0 4.094404e-14 0.000000e+00
331 360 1.038570e-03 5.205181e-03 2 2 3 0 3.041934e-14 0.000000e+00
331 361 1.038570e-03 6.552935e-03 2 2 3 0 2.287297e-14 0.000000e+00
331 362 1.038570e-03 8.249656e-03 2 2 3 0 1.728182e-14 0.000000e+00
332 352 1.307482e-03 8.249656e-04 2 2 3 0 1.251222e-13 0.000000e+00
332 353 1.307482e-03 1.038570e-03 2 2 3 0 1.795939e-13 0.000000e+00
332 354 1.307482e-03 1.307482e-03 2 2 3 0 0.000000e+00 0.000000e+00
332 355 1.307482e-03 1.646023e-03 2 2 3 0 2.094449e-13 0.000000e+00
332 356 1.307482e-03 2.072220e-03 2 2 3 0 1.642459e-13 0.000000e+00
332 357 1.307482e-03 2.608770e-03 2 2 3 0 1.208940e-13 0.000000e+00
332 358 1.307482e-03 3.284247e-03 2 2 3 0 8.790772e-14 0.000000e+00
332 359 1.307482e-03 4.134622e-03 2 2 3 0 6.448832e-14 0.000000e+00
332 360 1.307482e-03 5.205181e-03 2 2 3 0 4.799884e-14 0.000000e+00
332 361 1.307482e-03 6.552935e-03 2 2 3 0 3.613950e-14 0.000000e+00
332 362 1.307482e-03 8.249656e-03 2 2 3 0 2.733289e-14 0.000000e+00
333 352 1.646023e-03 8.249656e-04 2 2 3 0 9.487622e-14 0.000000e+00
333 353 1.646023e-03 1.038570e-03 2 2 3 0 1.444067e-13 0.000000e+00
333 354 1.646023e-03 1.307482e-03 2 2 3 0 2.094449e-13 0.000000e+00
333 355 1.646023e-03 1.646023e-03 2 2 3 0 0.000000e+00 0.000000e+00
333 356 1.646023e-03 2.072220e-03 2 2 3 0 2.407217e-13 0.000000e+00
333 357 1.646023e-03 2.608770e-03 2 2 3 0 1.858761e-13 0.000000e+00
333 358 1.646023e-03 3.284247e-03 2 2 3 0 1.371461e-13 0.000000e+00
333 359 1.646023e-03 4.134622e-03 2 2 3 0 1.011746e-13 0.000000e+00
333 360 1.646023e-03 5.205181e-03 2 2 3 0 7.553525e-14 0.000000e+00
333 361 1.646023e-03 6.552935e-03 2 2 3 0 5.699532e-14 0.000000e+00
333 362 1.646023e-03 8.249656e-03 2 2 3 0 4.317605e-14 0.000000e+00
334 352 2.072220e-03 8.249656e-04 2 2 3 0 6.891860e-14 0.000000e+00
334 353 2.072220e-03 1.038570e-03 2 2 3 0 1.072705e-13 0.000000e+00
334 354 2.072220e-03 1.307482e-03 2 2 3 0 1.642459e-13 0.000000e+00
334 355 2.072220e-03 1.646023e-03 2 2 3 0 2.407217e-13 0.000000e+00
334 356 2.072220e-03 2.072220e-03 2 2 3 0 0.000000e+00 0.000000e+00
334 357 2.072220e-03 2.608770e-03 2 2 3 0 2.748625e-13 0.000000e+00
334 358 2.072220e-03 3.284247e-03 2 2 3 0 2.112155e-13 0.000000e+00
334 359 2.072220e-03 4.134622e-03 2 2 3 0 1.576661e-13 0.000000e+00
334 360 2.072220e-03 5.205181e-03 2 2 3 0 1.183478e-13 0.000000e+00
334 361 2.072220e-03 6.552935e-03 2 2 3 0 8.961828e-14 0.000000e+00
334 362 2.072220e-03 8.249656e-03 2 2 3 0 6.806664e-14 0.000000e+00
335 352 2.608770e-03 8.249656e-04 2 2 3 0 4.936609e-14 0.000000e+00
335 353 2.608770e-03 1.038570e-03 2 2 3 0 7.751782e-14 0.000000e+00
335 354 2.608770e-03 1.307482e-03 2 2 3 0 1.208940e-13 0.000000e+00
335 355 2.608770e-03 1.646023e-03 2 2 3 0 1.858761e-13 0.000000e+00
335 356 2.608770e-03 2.072220e-03 2 2 3 0 2.748625e-13 0.000000e+00
335 357 2.608770e-03 2.608770e-03 2 2 3 0 0.000000e+00 0.000000e+00
335 358 2.608770e-03 3.284247e-03 2 2 3 0 3.141851e-13 0.000000e+00
335 359 2.608770e-03 4.134622e-03 2 2 3 0 2.426047e-13 0.000000e+00
335 360 2.608770e-03 5.205181e-03 2 2 3 0 1.840546e-13 0.000000e+00
335 361 2.608770e-03 6.552935e-03 2 2 3 0 1.402225e-13 0.000000e+00
335 362 2.608770e-03 8.249656e-03 2 2 3 0 1.069589e-13 0.000000e+00
336 352 3.284247e-03 8.249656e-04 2 2 3 0 3.552294e-14 0.000000e+00
336 353 3.284247e-03 1.038570e-03 2 2 3 0 5.598332e-14 0.000000e+00
336 354 3.284247e-03 1.307482e-03 2 2 3 0 8.790772e-14 0.000000e+00
336 355 3.284247e-03 1.646023e-03 2 2 3 0 1.371461e-13 0.000000e+00
336 356 3.284247e-03 2.072220e-03 2 2 3 0 2.112155e-13 0.000000e+00
336 357 3.284247e-03 2.608770e-03 2 2 3 0 3.141851e-13 0.000000e+00
336 358 3.284247e-03 3.284247e-03 2 2 3 0 0.000000e+00 0.000000e+00
336 359 3.284247e-03 4.134622e-03 2 2 3 0 3.616320e-13 0.000000e+00
336 360 3.284247e-03 5.205181e-03 2 2 3 0 2.824360e-13 0.000000e+00
336 361 3.284247e-03 6.552935e-03 2 2 3 0 2.175905e-13 0.000000e+00
336 362 3.284247e-03 8.249656e-03 2 2 3 0 1.671759e-13 0.000000e+00
337 352 4.134622e-03 8.249656e-04 2 2 3 0 2.593427e-14 0.000000e+00
337 353 4.134622e-03 1.038570e-03 2 2 3 0 4.094404e-14 0.000000e+00
337 354 4.134622e-03 1.307482e-03 2 2 3 0 6.448832e-14 0.000000e+00
337 355 4.134622e-03 1.646023e-03 2 2 3 0 1.011746e-13 0.000000e+00
337 356 4.134622e-03 2.072220e-03 2 2 3 0 1.576661e-13 0.000000e+00
337 357 4.134622e-03 2.608770e-03 2 2 3 0 2.426047e-13 0.000000e+00
337 358 4.134622e-03 3.284247e-03 2 2 3 0 3.616320e-13 0.000000e+00
337 359 4.134622e-03 4.134622e-03 2 2 3 0 0.000000e+00 0.000000e+00
337 360 4.134622e-03 5.205181e-03 2 2 3 0 4.203629e-13 0.000000e+00
337 361 4.134622e-03 6.552935e-03 2 2 3 0 3.327255e-13 0.000000e+00
337 362 4.134622e-03 8.249656e-03 2 2 3 0 2.589342e-13 0.000000e+00
338 352 5.205181e-03 8.249656e-04 2 2 3 0 1.924647e-14 0.000000e+00
338 353 5.205181e-03 1.038570e-03 2 2 3 0 3.041934e-14 0.000000e+00
338 354 5.205181e-03 1.307482e-03 2 2 3 0 4.799884e-14 0.000000e+00
338 355 5.205181e-03 1.646023e-03 2 2 3 0 7.553525e-14 0.000000e+00
338 356 5.205181e-03 2.072220e-03 2 2 3 0 1.183478e-13 0.000000e+00
338 357 5.205181e-03 2.608770e-03 2 2 3 0 1.840546e-13 0.000000e+00
338 358 5.205181e-03 3.284247e-03 2 2 3 0 2.824360e-13 0.000000e+00
338 359 5.205181e-03 4.134622e-03 2 2 3 0 4.203629e-13 0.000000e+00
338 360 5.205181e-03 5.205181e-03 2 2 3 0 0.000000e+00 0.000000e+00
338 361 5.205181e-03 6.552935e-03 2 2 3 0 4.932141e-13 0.000000e+00
338 362 5.205181e-03 8.249656e-03 2 2 3 0 3.946411e-13 0.000000e+00
339 352 6.552935e-03 8.249656e-04 2 2 3 0 1.445988e-14 0.000000e+00
339 353 6.552935e-03 1.038570e-03 2 2 3 0 2.287297e-14 0.000000e+00
339 354 6.552935e-03 1.307482e-03 2 2 3 0 3.613950e-14 0.000000e+00
339 355 6.552935e-03 1.646023e-03 2 2 3 0 5.699532e-14 0.000000e+00
339 356 6.552935e-03 2.072220e-03 2 2 3 0 8.961828e-14 0.000000e+00
339 357 6.552935e-03 2.608770e-03 2 2 3 0 1.402225e-13 0.000000e+00
339 358 6.552935e-03 3.284247e-03 2 2 3 0 2.175905e-13 0.000000e+00
339 359 6.552935e-03 4.134622e-03 2 2 3 0 3.327255e-13 0.000000e+00
339 360 6.552935e-03 5.205181e-03 2 2 3 0 4.932141e-13 0.000000e+00
339 361 6.552935e-03 6.552935e-03 2 2 3 0 0.000000e+00 0.000000e+00
339 362 6.552935e-03 8.249656e-03 2 2 3 0 5.820295e-13 0.000000e+00
340 352 8.249656e-03 8.249656e-04 2 2 3 0 1.091837e-14 0.000000e+00
340 353 8.249656e-03 1.038570e-03 2 2 3 0 1.728182e-14 0.000000e+00
340 354 8.249656e-03 1.307482e-03 2 2 3 0 2.733289e-14 0.000000e+00
340 355 8.249656e-03 1.646023e-03 2 2 3 0 4.317605e-14 0.000000e+00
340 356 8.249656e-03 2.072220e-03 2 2 3 0 6.806664e-14 0.000000e+00
340 357 8.249656e-03 2.608770e-03 2 2 3 0 1.069589e-13 0.000000e+00
340 358 8.249656e-03 3.284247e-03 2 2 3 0 1.671759e-13 0.000000e+00
340 359 8.249656e-03 4.134622e-03 2 2 3 0 2.589342e-13 0.000000e+00
340 360 8.249656e-03 5.205181e-03 2 2 3 0 3.946411e-13 0.000000e+00
340 361 8.249656e-03 6.552935e-03 2 2 3 0 5.820295e-13 0.000000e+00
340 362 8.249656e-03 8.249656e-03 2 2 3 0 0.000000e+00 0.000000e+00
