# Please cite the following papers in research using this covariance:
# arXiv: 1601.05779, https://arxiv.org/abs/1601.05779
# arXiv: 1911.11947, https://arxiv.org/abs/1911.11947
# arXiv: 2004.04833, https://arxiv.org/abs/2004.04833
# arXiv: 1804.10663, https://arxiv.org/abs/1804.10663
########################################################
429 462 8.249656e-04 8.249656e-04 4 3 5 2 0.000000e+00 0.000000e+00
429 463 8.249656e-04 1.038570e-03 4 3 5 2 7.512605e-13 0.000000e+00
429 464 8.249656e-04 1.307482e-03 4 3 5 2 6.014066e-13 0.000000e+00
429 465 8.249656e-04 1.646023e-03 4 3 5 2 4.482413e-13 0.000000e+00
429 466 8.249656e-04 2.072220e-03 4 3 5 2 3.276377e-13 0.000000e+00
429 467 8.249656e-04 2.608770e-03 4 3 5 2 2.407200e-13 0.000000e+00
429 468 8.249656e-04 3.284247e-03 4 3 5 2 1.795332e-13 0.000000e+00
429 469 8.249656e-04 4.134622e-03 4 3 5 2 1.360063e-13 0.000000e+00
429 470 8.249656e-04 5.205181e-03 4 3 5 2 1.041733e-13 0.000000e+00
429 471 8.249656e-04 6.552935e-03 4 3 5 2 8.011882e-14 0.000000e+00
429 472 8.249656e-04 8.249656e-03 4 3 5 2 6.138080e-14 0.000000e+00
430 462 1.038570e-03 8.249656e-04 4 3 5 2 7.512605e-13 0.000000e+00
430 463 1.038570e-03 1.038570e-03 4 3 5 2 0.000000e+00 0.000000e+00
430 464 1.038570e-03 1.307482e-03 4 3 5 2 8.752448e-13 0.000000e+00
430 465 1.038570e-03 1.646023e-03 4 3 5 2 6.869679e-13 0.000000e+00
430 466 1.038570e-03 2.072220e-03 4 3 5 2 5.107057e-13 0.000000e+00
430 467 1.038570e-03 2.608770e-03 4 3 5 2 3.776520e-13 0.000000e+00
430 468 1.038570e-03 3.284247e-03 4 3 5 2 2.825665e-13 0.000000e+00
430 469 1.038570e-03 4.134622e-03 4 3 5 2 2.145088e-13 0.000000e+00
430 470 1.038570e-03 5.205181e-03 4 3 5 2 1.645529e-13 0.000000e+00
430 471 1.038570e-03 6.552935e-03 4 3 5 2 1.266964e-13 0.000000e+00
430 472 1.038570e-03 8.249656e-03 4 3 5 2 9.714092e-14 0.000000e+00
431 462 1.307482e-03 8.249656e-04 4 3 5 2 6.014066e-13 0.000000e+00
431 463 1.307482e-03 1.038570e-03 4 3 5 2 8.752448e-13 0.000000e+00
431 464 1.307482e-03 1.307482e-03 4 3 5 2 0.000000e+00 0.000000e+00
431 465 1.307482e-03 1.646023e-03 4 3 5 2 1.009443e-12 0.000000e+00
431 466 1.307482e-03 2.072220e-03 4 3 5 2 7.849571e-13 0.000000e+00
431 467 1.307482e-03 2.608770e-03 4 3 5 2 5.884075e-13 0.000000e+00
431 468 1.307482e-03 3.284247e-03 4 3 5 2 4.428057e-13 0.000000e+00
431 469 1.307482e-03 4.134622e-03 4 3 5 2 3.373257e-13 0.000000e+00
431 470 1.307482e-03 5.205181e-03 4 3 5 2 2.594092e-13 0.000000e+00
431 471 1.307482e-03 6.552935e-03 4 3 5 2 2.000867e-13 0.000000e+00
431 472 1.307482e-03 8.249656e-03 4 3 5 2 1.536030e-13 0.000000e+00
432 462 1.646023e-03 8.249656e-04 4 3 5 2 4.482413e-13 0.000000e+00
432 463 1.646023e-03 1.038570e-03 4 3 5 2 6.869679e-13 0.000000e+00
432 464 1.646023e-03 1.307482e-03 4 3 5 2 1.009443e-12 0.000000e+00
432 465 1.646023e-03 1.646023e-03 4 3 5 2 0.000000e+00 0.000000e+00
432 466 1.646023e-03 2.072220e-03 4 3 5 2 1.161949e-12 0.000000e+00
432 467 1.646023e-03 2.608770e-03 4 3 5 2 9.046778e-13 0.000000e+00
432 468 1.646023e-03 3.284247e-03 4 3 5 2 6.888109e-13 0.000000e+00
432 469 1.646023e-03 4.134622e-03 4 3 5 2 5.278965e-13 0.000000e+00
432 470 1.646023e-03 5.205181e-03 4 3 5 2 4.076194e-13 0.000000e+00
432 471 1.646023e-03 6.552935e-03 4 3 5 2 3.153136e-13 0.000000e+00
432 472 1.646023e-03 8.249656e-03 4 3 5 2 2.425483e-13 0.000000e+00
433 462 2.072220e-03 8.249656e-04 4 3 5 2 3.276377e-13 0.000000e+00
433 463 2.072220e-03 1.038570e-03 4 3 5 2 5.107057e-13 0.000000e+00
433 464 2.072220e-03 1.307482e-03 4 3 5 2 7.849571e-13 0.000000e+00
433 465 2.072220e-03 1.646023e-03 4 3 5 2 1.161949e-12 0.000000e+00
433 466 2.072220e-03 2.072220e-03 4 3 5 2 0.000000e+00 0.000000e+00
433 467 2.072220e-03 2.608770e-03 4 3 5 2 1.344424e-12 0.000000e+00
433 468 2.072220e-03 3.284247e-03 4 3 5 2 1.057071e-12 0.000000e+00
433 469 2.072220e-03 4.134622e-03 4 3 5 2 8.194071e-13 0.000000e+00
433 470 2.072220e-03 5.205181e-03 4 3 5 2 6.370935e-13 0.000000e+00
433 471 2.072220e-03 6.552935e-03 4 3 5 2 4.951729e-13 0.000000e+00
433 472 2.072220e-03 8.249656e-03 4 3 5 2 3.821485e-13 0.000000e+00
434 462 2.608770e-03 8.249656e-04 4 3 5 2 2.407200e-13 0.000000e+00
434 463 2.608770e-03 1.038570e-03 4 3 5 2 3.776520e-13 0.000000e+00
434 464 2.608770e-03 1.307482e-03 4 3 5 2 5.884075e-13 0.000000e+00
434 465 2.608770e-03 1.646023e-03 4 3 5 2 9.046778e-13 0.000000e+00
434 466 2.608770e-03 2.072220e-03 4 3 5 2 1.344424e-12 0.000000e+00
434 467 2.608770e-03 2.608770e-03 4 3 5 2 0.000000e+00 0.000000e+00
434 468 2.608770e-03 3.284247e-03 4 3 5 2 1.571184e-12 0.000000e+00
434 469 2.608770e-03 4.134622e-03 4 3 5 2 1.253495e-12 0.000000e+00
434 470 2.608770e-03 5.205181e-03 4 3 5 2 9.868126e-13 0.000000e+00
434 471 2.608770e-03 6.552935e-03 4 3 5 2 7.731694e-13 0.000000e+00
434 472 2.608770e-03 8.249656e-03 4 3 5 2 5.999174e-13 0.000000e+00
435 462 3.284247e-03 8.249656e-04 4 3 5 2 1.795332e-13 0.000000e+00
435 463 3.284247e-03 1.038570e-03 4 3 5 2 2.825665e-13 0.000000e+00
435 464 3.284247e-03 1.307482e-03 4 3 5 2 4.428057e-13 0.000000e+00
435 465 3.284247e-03 1.646023e-03 4 3 5 2 6.888109e-13 0.000000e+00
435 466 3.284247e-03 2.072220e-03 4 3 5 2 1.057071e-12 0.000000e+00
435 467 3.284247e-03 2.608770e-03 4 3 5 2 1.571184e-12 0.000000e+00
435 468 3.284247e-03 3.284247e-03 4 3 5 2 0.000000e+00 0.000000e+00
435 469 3.284247e-03 4.134622e-03 4 3 5 2 1.857788e-12 0.000000e+00
435 470 3.284247e-03 5.205181e-03 4 3 5 2 1.504292e-12 0.000000e+00
435 471 3.284247e-03 6.552935e-03 4 3 5 2 1.195516e-12 0.000000e+00
435 472 3.284247e-03 8.249656e-03 4 3 5 2 9.361303e-13 0.000000e+00
436 462 4.134622e-03 8.249656e-04 4 3 5 2 1.360063e-13 0.000000e+00
436 463 4.134622e-03 1.038570e-03 4 3 5 2 2.145088e-13 0.000000e+00
436 464 4.134622e-03 1.307482e-03 4 3 5 2 3.373257e-13 0.000000e+00
436 465 4.134622e-03 1.646023e-03 4 3 5 2 5.278965e-13 0.000000e+00
436 466 4.134622e-03 2.072220e-03 4 3 5 2 8.194071e-13 0.000000e+00
436 467 4.134622e-03 2.608770e-03 4 3 5 2 1.253495e-12 0.000000e+00
436 468 4.134622e-03 3.284247e-03 4 3 5 2 1.857788e-12 0.000000e+00
436 469 4.134622e-03 4.134622e-03 4 3 5 2 0.000000e+00 0.000000e+00
436 470 4.134622e-03 5.205181e-03 4 3 5 2 2.219036e-12 0.000000e+00
436 471 4.134622e-03 6.552935e-03 4 3 5 2 1.816741e-12 0.000000e+00
436 472 4.134622e-03 8.249656e-03 4 3 5 2 1.445804e-12 0.000000e+00
437 462 5.205181e-03 8.249656e-04 4 3 5 2 1.041733e-13 0.000000e+00
437 463 5.205181e-03 1.038570e-03 4 3 5 2 1.645529e-13 0.000000e+00
437 464 5.205181e-03 1.307482e-03 4 3 5 2 2.594092e-13 0.000000e+00
437 465 5.205181e-03 1.646023e-03 4 3 5 2 4.076194e-13 0.000000e+00
437 466 5.205181e-03 2.072220e-03 4 3 5 2 6.370935e-13 0.000000e+00
437 467 5.205181e-03 2.608770e-03 4 3 5 2 9.868126e-13 0.000000e+00
437 468 5.205181e-03 3.284247e-03 4 3 5 2 1.504292e-12 0.000000e+00
437 469 5.205181e-03 4.134622e-03 4 3 5 2 2.219036e-12 0.000000e+00
437 470 5.205181e-03 5.205181e-03 4 3 5 2 0.000000e+00 0.000000e+00
437 471 5.205181e-03 6.552935e-03 4 3 5 2 2.665927e-12 0.000000e+00
437 472 5.205181e-03 8.249656e-03 4 3 5 2 2.191936e-12 0.000000e+00
438 462 6.552935e-03 8.249656e-04 4 3 5 2 8.011882e-14 0.000000e+00
438 463 6.552935e-03 1.038570e-03 4 3 5 2 1.266964e-13 0.000000e+00
438 464 6.552935e-03 1.307482e-03 4 3 5 2 2.000867e-13 0.000000e+00
438 465 6.552935e-03 1.646023e-03 4 3 5 2 3.153136e-13 0.000000e+00
438 466 6.552935e-03 2.072220e-03 4 3 5 2 4.951729e-13 0.000000e+00
438 467 6.552935e-03 2.608770e-03 4 3 5 2 7.731694e-13 0.000000e+00
438 468 6.552935e-03 3.284247e-03 4 3 5 2 1.195516e-12 0.000000e+00
438 469 6.552935e-03 4.134622e-03 4 3 5 2 1.816741e-12 0.000000e+00
438 470 6.552935e-03 5.205181e-03 4 3 5 2 2.665927e-12 0.000000e+00
438 471 6.552935e-03 6.552935e-03 4 3 5 2 0.000000e+00 0.000000e+00
438 472 6.552935e-03 8.249656e-03 4 3 5 2 3.201082e-12 0.000000e+00
439 462 8.249656e-03 8.249656e-04 4 3 5 2 6.138080e-14 0.000000e+00
439 463 8.249656e-03 1.038570e-03 4 3 5 2 9.714092e-14 0.000000e+00
439 464 8.249656e-03 1.307482e-03 4 3 5 2 1.536030e-13 0.000000e+00
439 465 8.249656e-03 1.646023e-03 4 3 5 2 2.425483e-13 0.000000e+00
439 466 8.249656e-03 2.072220e-03 4 3 5 2 3.821485e-13 0.000000e+00
439 467 8.249656e-03 2.608770e-03 4 3 5 2 5.999174e-13 0.000000e+00
439 468 8.249656e-03 3.284247e-03 4 3 5 2 9.361303e-13 0.000000e+00
439 469 8.249656e-03 4.134622e-03 4 3 5 2 1.445804e-12 0.000000e+00
439 470 8.249656e-03 5.205181e-03 4 3 5 2 2.191936e-12 0.000000e+00
439 471 8.249656e-03 6.552935e-03 4 3 5 2 3.201082e-12 0.000000e+00
439 472 8.249656e-03 8.249656e-03 4 3 5 2 0.000000e+00 0.000000e+00
