# Please cite the following papers in research using this covariance:
# arXiv: 1601.05779, https://arxiv.org/abs/1601.05779
# arXiv: 1911.11947, https://arxiv.org/abs/1911.11947
# arXiv: 2004.04833, https://arxiv.org/abs/2004.04833
# arXiv: 1804.10663, https://arxiv.org/abs/1804.10663
########################################################
341 341 8.249656e-04 8.249656e-04 2 3 2 3 3.432398e-09 0.000000e+00
341 342 8.249656e-04 1.038570e-03 2 3 2 3 1.363667e-10 0.000000e+00
341 343 8.249656e-04 1.307482e-03 2 3 2 3 6.097813e-11 0.000000e+00
341 344 8.249656e-04 1.646023e-03 2 3 2 3 2.809490e-11 0.000000e+00
341 345 8.249656e-04 2.072220e-03 2 3 2 3 1.376873e-11 0.000000e+00
341 346 8.249656e-04 2.608770e-03 2 3 2 3 7.219966e-12 0.000000e+00
341 347 8.249656e-04 3.284247e-03 2 3 2 3 4.041750e-12 0.000000e+00
341 348 8.249656e-04 4.134622e-03 2 3 2 3 2.393434e-12 0.000000e+00
341 349 8.249656e-04 5.205181e-03 2 3 2 3 1.478889e-12 0.000000e+00
341 350 8.249656e-04 6.552935e-03 2 3 2 3 9.411338e-13 0.000000e+00
341 351 8.249656e-04 8.249656e-03 2 3 2 3 6.094932e-13 0.000000e+00
342 341 1.038570e-03 8.249656e-04 2 3 2 3 1.363667e-10 0.000000e+00
342 342 1.038570e-03 1.038570e-03 2 3 2 3 2.177054e-09 0.000000e+00
342 343 1.038570e-03 1.307482e-03 2 3 2 3 1.139504e-10 0.000000e+00
342 344 1.038570e-03 1.646023e-03 2 3 2 3 4.906423e-11 0.000000e+00
342 345 1.038570e-03 2.072220e-03 2 3 2 3 2.291227e-11 0.000000e+00
342 346 1.038570e-03 2.608770e-03 2 3 2 3 1.170164e-11 0.000000e+00
342 347 1.038570e-03 3.284247e-03 2 3 2 3 6.464493e-12 0.000000e+00
342 348 1.038570e-03 4.134622e-03 2 3 2 3 3.805003e-12 0.000000e+00
342 349 1.038570e-03 5.205181e-03 2 3 2 3 2.345778e-12 0.000000e+00
342 350 1.038570e-03 6.552935e-03 2 3 2 3 1.491398e-12 0.000000e+00
342 351 1.038570e-03 8.249656e-03 2 3 2 3 9.659673e-13 0.000000e+00
343 341 1.307482e-03 8.249656e-04 2 3 2 3 6.097813e-11 0.000000e+00
343 342 1.307482e-03 1.038570e-03 2 3 2 3 1.139504e-10 0.000000e+00
343 343 1.307482e-03 1.307482e-03 2 3 2 3 1.379736e-09 0.000000e+00
343 344 1.307482e-03 1.646023e-03 2 3 2 3 9.418104e-11 0.000000e+00
343 345 1.307482e-03 2.072220e-03 2 3 2 3 3.989342e-11 0.000000e+00
343 346 1.307482e-03 2.608770e-03 2 3 2 3 1.931940e-11 0.000000e+00
343 347 1.307482e-03 3.284247e-03 2 3 2 3 1.041209e-11 0.000000e+00
343 348 1.307482e-03 4.134622e-03 2 3 2 3 6.063939e-12 0.000000e+00
343 349 1.307482e-03 5.205181e-03 2 3 2 3 3.723327e-12 0.000000e+00
343 350 1.307482e-03 6.552935e-03 2 3 2 3 2.363894e-12 0.000000e+00
343 351 1.307482e-03 8.249656e-03 2 3 2 3 1.530406e-12 0.000000e+00
344 341 1.646023e-03 8.249656e-04 2 3 2 3 2.809490e-11 0.000000e+00
344 342 1.646023e-03 1.038570e-03 2 3 2 3 4.906423e-11 0.000000e+00
344 343 1.646023e-03 1.307482e-03 2 3 2 3 9.418104e-11 0.000000e+00
344 344 1.646023e-03 1.646023e-03 2 3 2 3 8.750157e-10 0.000000e+00
344 345 1.646023e-03 2.072220e-03 2 3 2 3 7.770972e-11 0.000000e+00
344 346 1.646023e-03 2.608770e-03 2 3 2 3 3.326774e-11 0.000000e+00
344 347 1.646023e-03 3.284247e-03 2 3 2 3 1.701415e-11 0.000000e+00
344 348 1.646023e-03 4.134622e-03 2 3 2 3 9.707678e-12 0.000000e+00
344 349 1.646023e-03 5.205181e-03 2 3 2 3 5.916076e-12 0.000000e+00
344 350 1.646023e-03 6.552935e-03 2 3 2 3 3.747070e-12 0.000000e+00
344 351 1.646023e-03 8.249656e-03 2 3 2 3 2.424644e-12 0.000000e+00
345 341 2.072220e-03 8.249656e-04 2 3 2 3 1.376873e-11 0.000000e+00
345 342 2.072220e-03 1.038570e-03 2 3 2 3 2.291227e-11 0.000000e+00
345 343 2.072220e-03 1.307482e-03 2 3 2 3 3.989342e-11 0.000000e+00
345 344 2.072220e-03 1.646023e-03 2 3 2 3 7.770972e-11 0.000000e+00
345 345 2.072220e-03 2.072220e-03 2 3 2 3 5.547878e-10 0.000000e+00
345 346 2.072220e-03 2.608770e-03 2 3 2 3 6.471699e-11 0.000000e+00
345 347 2.072220e-03 3.284247e-03 2 3 2 3 2.880331e-11 0.000000e+00
345 348 2.072220e-03 4.134622e-03 2 3 2 3 1.569485e-11 0.000000e+00
345 349 2.072220e-03 5.205181e-03 2 3 2 3 9.422734e-12 0.000000e+00
345 350 2.072220e-03 6.552935e-03 2 3 2 3 5.941283e-12 0.000000e+00
345 351 2.072220e-03 8.249656e-03 2 3 2 3 3.840131e-12 0.000000e+00
346 341 2.608770e-03 8.249656e-04 2 3 2 3 7.219966e-12 0.000000e+00
346 342 2.608770e-03 1.038570e-03 2 3 2 3 1.170164e-11 0.000000e+00
346 343 2.608770e-03 1.307482e-03 2 3 2 3 1.931940e-11 0.000000e+00
346 344 2.608770e-03 1.646023e-03 2 3 2 3 3.326774e-11 0.000000e+00
346 345 2.608770e-03 2.072220e-03 2 3 2 3 6.471699e-11 0.000000e+00
346 346 2.608770e-03 2.608770e-03 2 3 2 3 3.515310e-10 0.000000e+00
346 347 2.608770e-03 3.284247e-03 2 3 2 3 5.501943e-11 0.000000e+00
346 348 2.608770e-03 4.134622e-03 2 3 2 3 2.605565e-11 0.000000e+00
346 349 2.608770e-03 5.205181e-03 2 3 2 3 1.509404e-11 0.000000e+00
346 350 2.608770e-03 6.552935e-03 2 3 2 3 9.427444e-12 0.000000e+00
346 351 2.608770e-03 8.249656e-03 2 3 2 3 6.080332e-12 0.000000e+00
347 341 3.284247e-03 8.249656e-04 2 3 2 3 4.041750e-12 0.000000e+00
347 342 3.284247e-03 1.038570e-03 2 3 2 3 6.464493e-12 0.000000e+00
347 343 3.284247e-03 1.307482e-03 2 3 2 3 1.041209e-11 0.000000e+00
347 344 3.284247e-03 1.646023e-03 2 3 2 3 1.701415e-11 0.000000e+00
347 345 3.284247e-03 2.072220e-03 2 3 2 3 2.880331e-11 0.000000e+00
347 346 3.284247e-03 2.608770e-03 2 3 2 3 5.501943e-11 0.000000e+00
347 347 3.284247e-03 3.284247e-03 2 3 2 3 2.226156e-10 0.000000e+00
347 348 3.284247e-03 4.134622e-03 2 3 2 3 4.821089e-11 0.000000e+00
347 349 3.284247e-03 5.205181e-03 2 3 2 3 2.460225e-11 0.000000e+00
347 350 3.284247e-03 6.552935e-03 2 3 2 3 1.499593e-11 0.000000e+00
347 351 3.284247e-03 8.249656e-03 2 3 2 3 9.624236e-12 0.000000e+00
348 341 4.134622e-03 8.249656e-04 2 3 2 3 2.393434e-12 0.000000e+00
348 342 4.134622e-03 1.038570e-03 2 3 2 3 3.805003e-12 0.000000e+00
348 343 4.134622e-03 1.307482e-03 2 3 2 3 6.063939e-12 0.000000e+00
348 344 4.134622e-03 1.646023e-03 2 3 2 3 9.707678e-12 0.000000e+00
348 345 4.134622e-03 2.072220e-03 2 3 2 3 1.569485e-11 0.000000e+00
348 346 4.134622e-03 2.608770e-03 2 3 2 3 2.605565e-11 0.000000e+00
348 347 4.134622e-03 3.284247e-03 2 3 2 3 4.821089e-11 0.000000e+00
348 348 4.134622e-03 4.134622e-03 2 3 2 3 1.410852e-10 0.000000e+00
348 349 4.134622e-03 5.205181e-03 2 3 2 3 4.378832e-11 0.000000e+00
348 350 4.134622e-03 6.552935e-03 2 3 2 3 2.408185e-11 0.000000e+00
348 351 4.134622e-03 8.249656e-03 2 3 2 3 1.523574e-11 0.000000e+00
349 341 5.205181e-03 8.249656e-04 2 3 2 3 1.478889e-12 0.000000e+00
349 342 5.205181e-03 1.038570e-03 2 3 2 3 2.345778e-12 0.000000e+00
349 343 5.205181e-03 1.307482e-03 2 3 2 3 3.723327e-12 0.000000e+00
349 344 5.205181e-03 1.646023e-03 2 3 2 3 5.916076e-12 0.000000e+00
349 345 5.205181e-03 2.072220e-03 2 3 2 3 9.422734e-12 0.000000e+00
349 346 5.205181e-03 2.608770e-03 2 3 2 3 1.509404e-11 0.000000e+00
349 347 5.205181e-03 3.284247e-03 2 3 2 3 2.460225e-11 0.000000e+00
349 348 5.205181e-03 4.134622e-03 2 3 2 3 4.378832e-11 0.000000e+00
349 349 5.205181e-03 5.205181e-03 2 3 2 3 8.940704e-11 0.000000e+00
349 350 5.205181e-03 6.552935e-03 2 3 2 3 4.124148e-11 0.000000e+00
349 351 5.205181e-03 8.249656e-03 2 3 2 3 2.420556e-11 0.000000e+00
350 341 6.552935e-03 8.249656e-04 2 3 2 3 9.411338e-13 0.000000e+00
350 342 6.552935e-03 1.038570e-03 2 3 2 3 1.491398e-12 0.000000e+00
350 343 6.552935e-03 1.307482e-03 2 3 2 3 2.363894e-12 0.000000e+00
350 344 6.552935e-03 1.646023e-03 2 3 2 3 3.747070e-12 0.000000e+00
350 345 6.552935e-03 2.072220e-03 2 3 2 3 5.941283e-12 0.000000e+00
350 346 6.552935e-03 2.608770e-03 2 3 2 3 9.427444e-12 0.000000e+00
350 347 6.552935e-03 3.284247e-03 2 3 2 3 1.499593e-11 0.000000e+00
350 348 6.552935e-03 4.134622e-03 2 3 2 3 2.408185e-11 0.000000e+00
350 349 6.552935e-03 5.205181e-03 2 3 2 3 4.124148e-11 0.000000e+00
350 350 6.552935e-03 6.552935e-03 2 3 2 3 5.664016e-11 0.000000e+00
350 351 6.552935e-03 8.249656e-03 2 3 2 3 4.010165e-11 0.000000e+00
351 341 8.249656e-03 8.249656e-04 2 3 2 3 6.094932e-13 0.000000e+00
351 342 8.249656e-03 1.038570e-03 2 3 2 3 9.659673e-13 0.000000e+00
351 343 8.249656e-03 1.307482e-03 2 3 2 3 1.530406e-12 0.000000e+00
351 344 8.249656e-03 1.646023e-03 2 3 2 3 2.424644e-12 0.000000e+00
351 345 8.249656e-03 2.072220e-03 2 3 2 3 3.840131e-12 0.000000e+00
351 346 8.249656e-03 2.608770e-03 2 3 2 3 6.080332e-12 0.000000e+00
351 347 8.249656e-03 3.284247e-03 2 3 2 3 9.624236e-12 0.000000e+00
351 348 8.249656e-03 4.134622e-03 2 3 2 3 1.523574e-11 0.000000e+00
351 349 8.249656e-03 5.205181e-03 2 3 2 3 2.420556e-11 0.000000e+00
351 350 8.249656e-03 6.552935e-03 2 3 2 3 4.010165e-11 0.000000e+00
351 351 8.249656e-03 8.249656e-03 2 3 2 3 3.590151e-11 0.000000e+00
