# Please cite the following papers in research using this covariance:
# arXiv: 1601.05779, https://arxiv.org/abs/1601.05779
# arXiv: 1911.11947, https://arxiv.org/abs/1911.11947
# arXiv: 2004.04833, https://arxiv.org/abs/2004.04833
# arXiv: 1804.10663, https://arxiv.org/abs/1804.10663
########################################################
275 385 8.249656e-04 8.249656e-04 1 1 3 3 0.000000e+00 0.000000e+00
275 386 8.249656e-04 1.038570e-03 1 1 3 3 1.282529e-13 0.000000e+00
275 387 8.249656e-04 1.307482e-03 1 1 3 3 1.087322e-13 0.000000e+00
275 388 8.249656e-04 1.646023e-03 1 1 3 3 8.278862e-14 0.000000e+00
275 389 8.249656e-04 2.072220e-03 1 1 3 3 5.896207e-14 0.000000e+00
275 390 8.249656e-04 2.608770e-03 1 1 3 3 4.044293e-14 0.000000e+00
275 391 8.249656e-04 3.284247e-03 1 1 3 3 2.739503e-14 0.000000e+00
275 392 8.249656e-04 4.134622e-03 1 1 3 3 1.873050e-14 0.000000e+00
275 393 8.249656e-04 5.205181e-03 1 1 3 3 1.313332e-14 0.000000e+00
275 394 8.249656e-04 6.552935e-03 1 1 3 3 9.507039e-15 0.000000e+00
275 395 8.249656e-04 8.249656e-03 1 1 3 3 7.082356e-15 0.000000e+00
276 385 1.038570e-03 8.249656e-04 1 1 3 3 1.282529e-13 0.000000e+00
276 386 1.038570e-03 1.038570e-03 1 1 3 3 0.000000e+00 0.000000e+00
276 387 1.038570e-03 1.307482e-03 1 1 3 3 1.545961e-13 0.000000e+00
276 388 1.038570e-03 1.646023e-03 1 1 3 3 1.253716e-13 0.000000e+00
276 389 1.038570e-03 2.072220e-03 1 1 3 3 9.173459e-14 0.000000e+00
276 390 1.038570e-03 2.608770e-03 1 1 3 3 6.362938e-14 0.000000e+00
276 391 1.038570e-03 3.284247e-03 1 1 3 3 4.328047e-14 0.000000e+00
276 392 1.038570e-03 4.134622e-03 1 1 3 3 2.962974e-14 0.000000e+00
276 393 1.038570e-03 5.205181e-03 1 1 3 3 2.078296e-14 0.000000e+00
276 394 1.038570e-03 6.552935e-03 1 1 3 3 1.504757e-14 0.000000e+00
276 395 1.038570e-03 8.249656e-03 1 1 3 3 1.121267e-14 0.000000e+00
277 385 1.307482e-03 8.249656e-04 1 1 3 3 1.087322e-13 0.000000e+00
277 386 1.307482e-03 1.038570e-03 1 1 3 3 1.545961e-13 0.000000e+00
277 387 1.307482e-03 1.307482e-03 1 1 3 3 0.000000e+00 0.000000e+00
277 388 1.307482e-03 1.646023e-03 1 1 3 3 1.801339e-13 0.000000e+00
277 389 1.307482e-03 2.072220e-03 1 1 3 3 1.401622e-13 0.000000e+00
277 390 1.307482e-03 2.608770e-03 1 1 3 3 9.948658e-14 0.000000e+00
277 391 1.307482e-03 3.284247e-03 1 1 3 3 6.821911e-14 0.000000e+00
277 392 1.307482e-03 4.134622e-03 1 1 3 3 4.681538e-14 0.000000e+00
277 393 1.307482e-03 5.205181e-03 1 1 3 3 3.285830e-14 0.000000e+00
277 394 1.307482e-03 6.552935e-03 1 1 3 3 2.379843e-14 0.000000e+00
277 395 1.307482e-03 8.249656e-03 1 1 3 3 1.774050e-14 0.000000e+00
278 385 1.646023e-03 8.249656e-04 1 1 3 3 8.278862e-14 0.000000e+00
278 386 1.646023e-03 1.038570e-03 1 1 3 3 1.253716e-13 0.000000e+00
278 387 1.646023e-03 1.307482e-03 1 1 3 3 1.801339e-13 0.000000e+00
278 388 1.646023e-03 1.646023e-03 1 1 3 3 0.000000e+00 0.000000e+00
278 389 1.646023e-03 2.072220e-03 1 1 3 3 2.040280e-13 0.000000e+00
278 390 1.646023e-03 2.608770e-03 1 1 3 3 1.533243e-13 0.000000e+00
278 391 1.646023e-03 3.284247e-03 1 1 3 3 1.070296e-13 0.000000e+00
278 392 1.646023e-03 4.134622e-03 1 1 3 3 7.381663e-14 0.000000e+00
278 393 1.646023e-03 5.205181e-03 1 1 3 3 5.187362e-14 0.000000e+00
278 394 1.646023e-03 6.552935e-03 1 1 3 3 3.759154e-14 0.000000e+00
278 395 1.646023e-03 8.249656e-03 1 1 3 3 2.804038e-14 0.000000e+00
279 385 2.072220e-03 8.249656e-04 1 1 3 3 5.896207e-14 0.000000e+00
279 386 2.072220e-03 1.038570e-03 1 1 3 3 9.173459e-14 0.000000e+00
279 387 2.072220e-03 1.307482e-03 1 1 3 3 1.401622e-13 0.000000e+00
279 388 2.072220e-03 1.646023e-03 1 1 3 3 2.040280e-13 0.000000e+00
279 389 2.072220e-03 2.072220e-03 1 1 3 3 0.000000e+00 0.000000e+00
279 390 2.072220e-03 2.608770e-03 1 1 3 3 2.263926e-13 0.000000e+00
279 391 2.072220e-03 3.284247e-03 1 1 3 3 1.660729e-13 0.000000e+00
279 392 2.072220e-03 4.134622e-03 1 1 3 3 1.159413e-13 0.000000e+00
279 393 2.072220e-03 5.205181e-03 1 1 3 3 8.169719e-14 0.000000e+00
279 394 2.072220e-03 6.552935e-03 1 1 3 3 5.926137e-14 0.000000e+00
279 395 2.072220e-03 8.249656e-03 1 1 3 3 4.424908e-14 0.000000e+00
280 385 2.608770e-03 8.249656e-04 1 1 3 3 4.044293e-14 0.000000e+00
280 386 2.608770e-03 1.038570e-03 1 1 3 3 6.362938e-14 0.000000e+00
280 387 2.608770e-03 1.307482e-03 1 1 3 3 9.948658e-14 0.000000e+00
280 388 2.608770e-03 1.646023e-03 1 1 3 3 1.533243e-13 0.000000e+00
280 389 2.608770e-03 2.072220e-03 1 1 3 3 2.263926e-13 0.000000e+00
280 390 2.608770e-03 2.608770e-03 1 1 3 3 0.000000e+00 0.000000e+00
280 391 2.608770e-03 3.284247e-03 1 1 3 3 2.485153e-13 0.000000e+00
280 392 2.608770e-03 4.134622e-03 1 1 3 3 1.805208e-13 0.000000e+00
280 393 2.608770e-03 5.205181e-03 1 1 3 3 1.281411e-13 0.000000e+00
280 394 2.608770e-03 6.552935e-03 1 1 3 3 9.312654e-14 0.000000e+00
280 395 2.608770e-03 8.249656e-03 1 1 3 3 6.964777e-14 0.000000e+00
281 385 3.284247e-03 8.249656e-04 1 1 3 3 2.739503e-14 0.000000e+00
281 386 3.284247e-03 1.038570e-03 1 1 3 3 4.328047e-14 0.000000e+00
281 387 3.284247e-03 1.307482e-03 1 1 3 3 6.821911e-14 0.000000e+00
281 388 3.284247e-03 1.646023e-03 1 1 3 3 1.070296e-13 0.000000e+00
281 389 3.284247e-03 2.072220e-03 1 1 3 3 1.660729e-13 0.000000e+00
281 390 3.284247e-03 2.608770e-03 1 1 3 3 2.485153e-13 0.000000e+00
281 391 3.284247e-03 3.284247e-03 1 1 3 3 0.000000e+00 0.000000e+00
281 392 3.284247e-03 4.134622e-03 1 1 3 3 2.728309e-13 0.000000e+00
281 393 3.284247e-03 5.205181e-03 1 1 3 3 1.993843e-13 0.000000e+00
281 394 3.284247e-03 6.552935e-03 1 1 3 3 1.455888e-13 0.000000e+00
281 395 3.284247e-03 8.249656e-03 1 1 3 3 1.091727e-13 0.000000e+00
282 385 4.134622e-03 8.249656e-04 1 1 3 3 1.873050e-14 0.000000e+00
282 386 4.134622e-03 1.038570e-03 1 1 3 3 2.962974e-14 0.000000e+00
282 387 4.134622e-03 1.307482e-03 1 1 3 3 4.681538e-14 0.000000e+00
282 388 4.134622e-03 1.646023e-03 1 1 3 3 7.381663e-14 0.000000e+00
282 389 4.134622e-03 2.072220e-03 1 1 3 3 1.159413e-13 0.000000e+00
282 390 4.134622e-03 2.608770e-03 1 1 3 3 1.805208e-13 0.000000e+00
282 391 4.134622e-03 3.284247e-03 1 1 3 3 2.728309e-13 0.000000e+00
282 392 4.134622e-03 4.134622e-03 1 1 3 3 0.000000e+00 0.000000e+00
282 393 4.134622e-03 5.205181e-03 1 1 3 3 3.026646e-13 0.000000e+00
282 394 4.134622e-03 6.552935e-03 1 1 3 3 2.255728e-13 0.000000e+00
282 395 4.134622e-03 8.249656e-03 1 1 3 3 1.699836e-13 0.000000e+00
283 385 5.205181e-03 8.249656e-04 1 1 3 3 1.313332e-14 0.000000e+00
283 386 5.205181e-03 1.038570e-03 1 1 3 3 2.078296e-14 0.000000e+00
283 387 5.205181e-03 1.307482e-03 1 1 3 3 3.285830e-14 0.000000e+00
283 388 5.205181e-03 1.646023e-03 1 1 3 3 5.187362e-14 0.000000e+00
283 389 5.205181e-03 2.072220e-03 1 1 3 3 8.169719e-14 0.000000e+00
283 390 5.205181e-03 2.608770e-03 1 1 3 3 1.281411e-13 0.000000e+00
283 391 5.205181e-03 3.284247e-03 1 1 3 3 1.993843e-13 0.000000e+00
283 392 5.205181e-03 4.134622e-03 1 1 3 3 3.026646e-13 0.000000e+00
283 393 5.205181e-03 5.205181e-03 1 1 3 3 0.000000e+00 0.000000e+00
283 394 5.205181e-03 6.552935e-03 1 1 3 3 3.417957e-13 0.000000e+00
283 395 5.205181e-03 8.249656e-03 1 1 3 3 2.617269e-13 0.000000e+00
284 385 6.552935e-03 8.249656e-04 1 1 3 3 9.507039e-15 0.000000e+00
284 386 6.552935e-03 1.038570e-03 1 1 3 3 1.504757e-14 0.000000e+00
284 387 6.552935e-03 1.307482e-03 1 1 3 3 2.379843e-14 0.000000e+00
284 388 6.552935e-03 1.646023e-03 1 1 3 3 3.759154e-14 0.000000e+00
284 389 6.552935e-03 2.072220e-03 1 1 3 3 5.926137e-14 0.000000e+00
284 390 6.552935e-03 2.608770e-03 1 1 3 3 9.312654e-14 0.000000e+00
284 391 6.552935e-03 3.284247e-03 1 1 3 3 1.455888e-13 0.000000e+00
284 392 6.552935e-03 4.134622e-03 1 1 3 3 2.255728e-13 0.000000e+00
284 393 6.552935e-03 5.205181e-03 1 1 3 3 3.417957e-13 0.000000e+00
284 394 6.552935e-03 6.552935e-03 1 1 3 3 0.000000e+00 0.000000e+00
284 395 6.552935e-03 8.249656e-03 1 1 3 3 3.938687e-13 0.000000e+00
285 385 8.249656e-03 8.249656e-04 1 1 3 3 7.082356e-15 0.000000e+00
285 386 8.249656e-03 1.038570e-03 1 1 3 3 1.121267e-14 0.000000e+00
285 387 8.249656e-03 1.307482e-03 1 1 3 3 1.774050e-14 0.000000e+00
285 388 8.249656e-03 1.646023e-03 1 1 3 3 2.804038e-14 0.000000e+00
285 389 8.249656e-03 2.072220e-03 1 1 3 3 4.424908e-14 0.000000e+00
285 390 8.249656e-03 2.608770e-03 1 1 3 3 6.964777e-14 0.000000e+00
285 391 8.249656e-03 3.284247e-03 1 1 3 3 1.091727e-13 0.000000e+00
285 392 8.249656e-03 4.134622e-03 1 1 3 3 1.699836e-13 0.000000e+00
285 393 8.249656e-03 5.205181e-03 1 1 3 3 2.617269e-13 0.000000e+00
285 394 8.249656e-03 6.552935e-03 1 1 3 3 3.938687e-13 0.000000e+00
285 395 8.249656e-03 8.249656e-03 1 1 3 3 0.000000e+00 0.000000e+00
