# Please cite the following papers in research using this covariance:
# arXiv: 1601.05779, https://arxiv.org/abs/1601.05779
# arXiv: 1911.11947, https://arxiv.org/abs/1911.11947
# arXiv: 2004.04833, https://arxiv.org/abs/2004.04833
# arXiv: 1804.10663, https://arxiv.org/abs/1804.10663
########################################################
396 451 8.249656e-04 8.249656e-04 4 0 5 1 0.000000e+00 0.000000e+00
396 452 8.249656e-04 1.038570e-03 4 0 5 1 1.297287e-13 0.000000e+00
396 453 8.249656e-04 1.307482e-03 4 0 5 1 1.112266e-13 0.000000e+00
396 454 8.249656e-04 1.646023e-03 4 0 5 1 8.865733e-14 0.000000e+00
396 455 8.249656e-04 2.072220e-03 4 0 5 1 6.845146e-14 0.000000e+00
396 456 8.249656e-04 2.608770e-03 4 0 5 1 5.222195e-14 0.000000e+00
396 457 8.249656e-04 3.284247e-03 4 0 5 1 3.971029e-14 0.000000e+00
396 458 8.249656e-04 4.134622e-03 4 0 5 1 3.014251e-14 0.000000e+00
396 459 8.249656e-04 5.205181e-03 4 0 5 1 2.277583e-14 0.000000e+00
396 460 8.249656e-04 6.552935e-03 4 0 5 1 1.705476e-14 0.000000e+00
396 461 8.249656e-04 8.249656e-03 4 0 5 1 1.260333e-14 0.000000e+00
397 451 1.038570e-03 8.249656e-04 4 0 5 1 1.297287e-13 0.000000e+00
397 452 1.038570e-03 1.038570e-03 4 0 5 1 0.000000e+00 0.000000e+00
397 453 1.038570e-03 1.307482e-03 4 0 5 1 1.597171e-13 0.000000e+00
397 454 1.038570e-03 1.646023e-03 4 0 5 1 1.343003e-13 0.000000e+00
397 455 1.038570e-03 2.072220e-03 4 0 5 1 1.059644e-13 0.000000e+00
397 456 1.038570e-03 2.608770e-03 4 0 5 1 8.164900e-14 0.000000e+00
397 457 1.038570e-03 3.284247e-03 4 0 5 1 6.240948e-14 0.000000e+00
397 458 1.038570e-03 4.134622e-03 4 0 5 1 4.751750e-14 0.000000e+00
397 459 1.038570e-03 5.205181e-03 4 0 5 1 3.597471e-14 0.000000e+00
397 460 1.038570e-03 6.552935e-03 4 0 5 1 2.697299e-14 0.000000e+00
397 461 1.038570e-03 8.249656e-03 4 0 5 1 1.994936e-14 0.000000e+00
398 451 1.307482e-03 8.249656e-04 4 0 5 1 1.112266e-13 0.000000e+00
398 452 1.307482e-03 1.038570e-03 4 0 5 1 1.597171e-13 0.000000e+00
398 453 1.307482e-03 1.307482e-03 4 0 5 1 0.000000e+00 0.000000e+00
398 454 1.307482e-03 1.646023e-03 4 0 5 1 1.940815e-13 0.000000e+00
398 455 1.307482e-03 2.072220e-03 4 0 5 1 1.609732e-13 0.000000e+00
398 456 1.307482e-03 2.608770e-03 4 0 5 1 1.264696e-13 0.000000e+00
398 457 1.307482e-03 3.284247e-03 4 0 5 1 9.755964e-14 0.000000e+00
398 458 1.307482e-03 4.134622e-03 4 0 5 1 7.466168e-14 0.000000e+00
398 459 1.307482e-03 5.205181e-03 4 0 5 1 5.670593e-14 0.000000e+00
398 460 1.307482e-03 6.552935e-03 4 0 5 1 4.260538e-14 0.000000e+00
398 461 1.307482e-03 8.249656e-03 4 0 5 1 3.155317e-14 0.000000e+00
399 451 1.646023e-03 8.249656e-04 4 0 5 1 8.865733e-14 0.000000e+00
399 452 1.646023e-03 1.038570e-03 4 0 5 1 1.343003e-13 0.000000e+00
399 453 1.646023e-03 1.307482e-03 4 0 5 1 1.940815e-13 0.000000e+00
399 454 1.646023e-03 1.646023e-03 4 0 5 1 0.000000e+00 0.000000e+00
399 455 1.646023e-03 2.072220e-03 4 0 5 1 2.339121e-13 0.000000e+00
399 456 1.646023e-03 2.608770e-03 4 0 5 1 1.924150e-13 0.000000e+00
399 457 1.646023e-03 3.284247e-03 4 0 5 1 1.510928e-13 0.000000e+00
399 458 1.646023e-03 4.134622e-03 4 0 5 1 1.166698e-13 0.000000e+00
399 459 1.646023e-03 5.205181e-03 4 0 5 1 8.908428e-14 0.000000e+00
399 460 1.646023e-03 6.552935e-03 4 0 5 1 6.716011e-14 0.000000e+00
399 461 1.646023e-03 8.249656e-03 4 0 5 1 4.984544e-14 0.000000e+00
400 451 2.072220e-03 8.249656e-04 4 0 5 1 6.845146e-14 0.000000e+00
400 452 2.072220e-03 1.038570e-03 4 0 5 1 1.059644e-13 0.000000e+00
400 453 2.072220e-03 1.307482e-03 4 0 5 1 1.609732e-13 0.000000e+00
400 454 2.072220e-03 1.646023e-03 4 0 5 1 2.339121e-13 0.000000e+00
400 455 2.072220e-03 2.072220e-03 4 0 5 1 0.000000e+00 0.000000e+00
400 456 2.072220e-03 2.608770e-03 4 0 5 1 2.807002e-13 0.000000e+00
400 457 2.072220e-03 3.284247e-03 4 0 5 1 2.299361e-13 0.000000e+00
400 458 2.072220e-03 4.134622e-03 4 0 5 1 1.805940e-13 0.000000e+00
400 459 2.072220e-03 5.205181e-03 4 0 5 1 1.391684e-13 0.000000e+00
400 460 2.072220e-03 6.552935e-03 4 0 5 1 1.055119e-13 0.000000e+00
400 461 2.072220e-03 8.249656e-03 4 0 5 1 7.858621e-14 0.000000e+00
401 451 2.608770e-03 8.249656e-04 4 0 5 1 5.222195e-14 0.000000e+00
401 452 2.608770e-03 1.038570e-03 4 0 5 1 8.164900e-14 0.000000e+00
401 453 2.608770e-03 1.307482e-03 4 0 5 1 1.264696e-13 0.000000e+00
401 454 2.608770e-03 1.646023e-03 4 0 5 1 1.924150e-13 0.000000e+00
401 455 2.608770e-03 2.072220e-03 4 0 5 1 2.807002e-13 0.000000e+00
401 456 2.608770e-03 2.608770e-03 4 0 5 1 0.000000e+00 0.000000e+00
401 457 2.608770e-03 3.284247e-03 4 0 5 1 3.361212e-13 0.000000e+00
401 458 2.608770e-03 4.134622e-03 4 0 5 1 2.746736e-13 0.000000e+00
401 459 2.608770e-03 5.205181e-03 4 0 5 1 2.153173e-13 0.000000e+00
401 460 2.608770e-03 6.552935e-03 4 0 5 1 1.648350e-13 0.000000e+00
401 461 2.608770e-03 8.249656e-03 4 0 5 1 1.234948e-13 0.000000e+00
402 451 3.284247e-03 8.249656e-04 4 0 5 1 3.971029e-14 0.000000e+00
402 452 3.284247e-03 1.038570e-03 4 0 5 1 6.240948e-14 0.000000e+00
402 453 3.284247e-03 1.307482e-03 4 0 5 1 9.755964e-14 0.000000e+00
402 454 3.284247e-03 1.646023e-03 4 0 5 1 1.510928e-13 0.000000e+00
402 455 3.284247e-03 2.072220e-03 4 0 5 1 2.299361e-13 0.000000e+00
402 456 3.284247e-03 2.608770e-03 4 0 5 1 3.361212e-13 0.000000e+00
402 457 3.284247e-03 3.284247e-03 4 0 5 1 0.000000e+00 0.000000e+00
402 458 3.284247e-03 4.134622e-03 4 0 5 1 4.016764e-13 0.000000e+00
402 459 3.284247e-03 5.205181e-03 4 0 5 1 3.272390e-13 0.000000e+00
402 460 3.284247e-03 6.552935e-03 4 0 5 1 2.550099e-13 0.000000e+00
402 461 3.284247e-03 8.249656e-03 4 0 5 1 1.930011e-13 0.000000e+00
403 451 4.134622e-03 8.249656e-04 4 0 5 1 3.014251e-14 0.000000e+00
403 452 4.134622e-03 1.038570e-03 4 0 5 1 4.751750e-14 0.000000e+00
403 453 4.134622e-03 1.307482e-03 4 0 5 1 7.466168e-14 0.000000e+00
403 454 4.134622e-03 1.646023e-03 4 0 5 1 1.166698e-13 0.000000e+00
403 455 4.134622e-03 2.072220e-03 4 0 5 1 1.805940e-13 0.000000e+00
403 456 4.134622e-03 2.608770e-03 4 0 5 1 2.746736e-13 0.000000e+00
403 457 4.134622e-03 3.284247e-03 4 0 5 1 4.016764e-13 0.000000e+00
403 458 4.134622e-03 4.134622e-03 4 0 5 1 0.000000e+00 0.000000e+00
403 459 4.134622e-03 5.205181e-03 4 0 5 1 4.782857e-13 0.000000e+00
403 460 4.134622e-03 6.552935e-03 4 0 5 1 3.874349e-13 0.000000e+00
403 461 4.134622e-03 8.249656e-03 4 0 5 1 2.987303e-13 0.000000e+00
404 451 5.205181e-03 8.249656e-04 4 0 5 1 2.277583e-14 0.000000e+00
404 452 5.205181e-03 1.038570e-03 4 0 5 1 3.597471e-14 0.000000e+00
404 453 5.205181e-03 1.307482e-03 4 0 5 1 5.670593e-14 0.000000e+00
404 454 5.205181e-03 1.646023e-03 4 0 5 1 8.908428e-14 0.000000e+00
404 455 5.205181e-03 2.072220e-03 4 0 5 1 1.391684e-13 0.000000e+00
404 456 5.205181e-03 2.608770e-03 4 0 5 1 2.153173e-13 0.000000e+00
404 457 5.205181e-03 3.284247e-03 4 0 5 1 3.272390e-13 0.000000e+00
404 458 5.205181e-03 4.134622e-03 4 0 5 1 4.782857e-13 0.000000e+00
404 459 5.205181e-03 5.205181e-03 4 0 5 1 0.000000e+00 0.000000e+00
404 460 5.205181e-03 6.552935e-03 4 0 5 1 5.659129e-13 0.000000e+00
404 461 5.205181e-03 8.249656e-03 4 0 5 1 4.540664e-13 0.000000e+00
405 451 6.552935e-03 8.249656e-04 4 0 5 1 1.705476e-14 0.000000e+00
405 452 6.552935e-03 1.038570e-03 4 0 5 1 2.697299e-14 0.000000e+00
405 453 6.552935e-03 1.307482e-03 4 0 5 1 4.260538e-14 0.000000e+00
405 454 6.552935e-03 1.646023e-03 4 0 5 1 6.716011e-14 0.000000e+00
405 455 6.552935e-03 2.072220e-03 4 0 5 1 1.055119e-13 0.000000e+00
405 456 6.552935e-03 2.608770e-03 4 0 5 1 1.648350e-13 0.000000e+00
405 457 6.552935e-03 3.284247e-03 4 0 5 1 2.550099e-13 0.000000e+00
405 458 6.552935e-03 4.134622e-03 4 0 5 1 3.874349e-13 0.000000e+00
405 459 6.552935e-03 5.205181e-03 4 0 5 1 5.659129e-13 0.000000e+00
405 460 6.552935e-03 6.552935e-03 4 0 5 1 0.000000e+00 0.000000e+00
405 461 6.552935e-03 8.249656e-03 4 0 5 1 6.632564e-13 0.000000e+00
406 451 8.249656e-03 8.249656e-04 4 0 5 1 1.260333e-14 0.000000e+00
406 452 8.249656e-03 1.038570e-03 4 0 5 1 1.994936e-14 0.000000e+00
406 453 8.249656e-03 1.307482e-03 4 0 5 1 3.155317e-14 0.000000e+00
406 454 8.249656e-03 1.646023e-03 4 0 5 1 4.984544e-14 0.000000e+00
406 455 8.249656e-03 2.072220e-03 4 0 5 1 7.858621e-14 0.000000e+00
406 456 8.249656e-03 2.608770e-03 4 0 5 1 1.234948e-13 0.000000e+00
406 457 8.249656e-03 3.284247e-03 4 0 5 1 1.930011e-13 0.000000e+00
406 458 8.249656e-03 4.134622e-03 4 0 5 1 2.987303e-13 0.000000e+00
406 459 8.249656e-03 5.205181e-03 4 0 5 1 4.540664e-13 0.000000e+00
406 460 8.249656e-03 6.552935e-03 4 0 5 1 6.632564e-13 0.000000e+00
406 461 8.249656e-03 8.249656e-03 4 0 5 1 0.000000e+00 0.000000e+00
