# Please cite the following papers in research using this covariance:
# arXiv: 1601.05779, https://arxiv.org/abs/1601.05779
# arXiv: 1911.11947, https://arxiv.org/abs/1911.11947
# arXiv: 2004.04833, https://arxiv.org/abs/2004.04833
# arXiv: 1804.10663, https://arxiv.org/abs/1804.10663
########################################################
286 462 8.249656e-04 8.249656e-04 1 2 5 2 0.000000e+00 0.000000e+00
286 463 8.249656e-04 1.038570e-03 1 2 5 2 4.639533e-12 0.000000e+00
286 464 8.249656e-04 1.307482e-03 1 2 5 2 2.343668e-12 0.000000e+00
286 465 8.249656e-04 1.646023e-03 1 2 5 2 1.150511e-12 0.000000e+00
286 466 8.249656e-04 2.072220e-03 1 2 5 2 5.678081e-13 0.000000e+00
286 467 8.249656e-04 2.608770e-03 1 2 5 2 2.886564e-13 0.000000e+00
286 468 8.249656e-04 3.284247e-03 1 2 5 2 1.539373e-13 0.000000e+00
286 469 8.249656e-04 4.134622e-03 1 2 5 2 8.712405e-14 0.000000e+00
286 470 8.249656e-04 5.205181e-03 1 2 5 2 5.247281e-14 0.000000e+00
286 471 8.249656e-04 6.552935e-03 1 2 5 2 3.342731e-14 0.000000e+00
286 472 8.249656e-04 8.249656e-03 1 2 5 2 2.224136e-14 0.000000e+00
287 462 1.038570e-03 8.249656e-04 1 2 5 2 4.639533e-12 0.000000e+00
287 463 1.038570e-03 1.038570e-03 1 2 5 2 0.000000e+00 0.000000e+00
287 464 1.038570e-03 1.307482e-03 1 2 5 2 4.072487e-12 0.000000e+00
287 465 1.038570e-03 1.646023e-03 1 2 5 2 1.958375e-12 0.000000e+00
287 466 1.038570e-03 2.072220e-03 1 2 5 2 9.419875e-13 0.000000e+00
287 467 1.038570e-03 2.608770e-03 1 2 5 2 4.694242e-13 0.000000e+00
287 468 1.038570e-03 3.284247e-03 1 2 5 2 2.471330e-13 0.000000e+00
287 469 1.038570e-03 4.134622e-03 1 2 5 2 1.388311e-13 0.000000e+00
287 470 1.038570e-03 5.205181e-03 1 2 5 2 8.331112e-14 0.000000e+00
287 471 1.038570e-03 6.552935e-03 1 2 5 2 5.298538e-14 0.000000e+00
287 472 1.038570e-03 8.249656e-03 1 2 5 2 3.524512e-14 0.000000e+00
288 462 1.307482e-03 8.249656e-04 1 2 5 2 2.343668e-12 0.000000e+00
288 463 1.307482e-03 1.038570e-03 1 2 5 2 4.072487e-12 0.000000e+00
288 464 1.307482e-03 1.307482e-03 1 2 5 2 0.000000e+00 0.000000e+00
288 465 1.307482e-03 1.646023e-03 1 2 5 2 3.505249e-12 0.000000e+00
288 466 1.307482e-03 2.072220e-03 1 2 5 2 1.618439e-12 0.000000e+00
288 467 1.307482e-03 2.608770e-03 1 2 5 2 7.781806e-13 0.000000e+00
288 468 1.307482e-03 3.284247e-03 1 2 5 2 4.003969e-13 0.000000e+00
288 469 1.307482e-03 4.134622e-03 1 2 5 2 2.220859e-13 0.000000e+00
288 470 1.307482e-03 5.205181e-03 1 2 5 2 1.324480e-13 0.000000e+00
288 471 1.307482e-03 6.552935e-03 1 2 5 2 8.401504e-14 0.000000e+00
288 472 1.307482e-03 8.249656e-03 1 2 5 2 5.583105e-14 0.000000e+00
289 462 1.646023e-03 8.249656e-04 1 2 5 2 1.150511e-12 0.000000e+00
289 463 1.646023e-03 1.038570e-03 1 2 5 2 1.958375e-12 0.000000e+00
289 464 1.646023e-03 1.307482e-03 1 2 5 2 3.505249e-12 0.000000e+00
289 465 1.646023e-03 1.646023e-03 1 2 5 2 0.000000e+00 0.000000e+00
289 466 1.646023e-03 2.072220e-03 1 2 5 2 2.975767e-12 0.000000e+00
289 467 1.646023e-03 2.608770e-03 1 2 5 2 1.340452e-12 0.000000e+00
289 468 1.646023e-03 3.284247e-03 1 2 5 2 6.602189e-13 0.000000e+00
289 469 1.646023e-03 4.134622e-03 1 2 5 2 3.577701e-13 0.000000e+00
289 470 1.646023e-03 5.205181e-03 1 2 5 2 2.110255e-13 0.000000e+00
289 471 1.646023e-03 6.552935e-03 1 2 5 2 1.332617e-13 0.000000e+00
289 472 1.646023e-03 8.249656e-03 1 2 5 2 8.843406e-14 0.000000e+00
290 462 2.072220e-03 8.249656e-04 1 2 5 2 5.678081e-13 0.000000e+00
290 463 2.072220e-03 1.038570e-03 1 2 5 2 9.419875e-13 0.000000e+00
290 464 2.072220e-03 1.307482e-03 1 2 5 2 1.618439e-12 0.000000e+00
290 465 2.072220e-03 1.646023e-03 1 2 5 2 2.975767e-12 0.000000e+00
290 466 2.072220e-03 2.072220e-03 1 2 5 2 0.000000e+00 0.000000e+00
290 467 2.072220e-03 2.608770e-03 1 2 5 2 2.512737e-12 0.000000e+00
290 468 2.072220e-03 3.284247e-03 1 2 5 2 1.130750e-12 0.000000e+00
290 469 2.072220e-03 4.134622e-03 1 2 5 2 5.845834e-13 0.000000e+00
290 470 2.072220e-03 5.205181e-03 1 2 5 2 3.377107e-13 0.000000e+00
290 471 2.072220e-03 6.552935e-03 1 2 5 2 2.115444e-13 0.000000e+00
290 472 2.072220e-03 8.249656e-03 1 2 5 2 1.400158e-13 0.000000e+00
291 462 2.608770e-03 8.249656e-04 1 2 5 2 2.886564e-13 0.000000e+00
291 463 2.608770e-03 1.038570e-03 1 2 5 2 4.694242e-13 0.000000e+00
291 464 2.608770e-03 1.307482e-03 1 2 5 2 7.781806e-13 0.000000e+00
291 465 2.608770e-03 1.646023e-03 1 2 5 2 1.340452e-12 0.000000e+00
291 466 2.608770e-03 2.072220e-03 1 2 5 2 2.512737e-12 0.000000e+00
291 467 2.608770e-03 2.608770e-03 1 2 5 2 0.000000e+00 0.000000e+00
291 468 2.608770e-03 3.284247e-03 1 2 5 2 2.133614e-12 0.000000e+00
291 469 2.608770e-03 4.134622e-03 1 2 5 2 9.876168e-13 0.000000e+00
291 470 2.608770e-03 5.205181e-03 1 2 5 2 5.457069e-13 0.000000e+00
291 471 2.608770e-03 6.552935e-03 1 2 5 2 3.364322e-13 0.000000e+00
291 472 2.608770e-03 8.249656e-03 1 2 5 2 2.216078e-13 0.000000e+00
292 462 3.284247e-03 8.249656e-04 1 2 5 2 1.539373e-13 0.000000e+00
292 463 3.284247e-03 1.038570e-03 1 2 5 2 2.471330e-13 0.000000e+00
292 464 3.284247e-03 1.307482e-03 1 2 5 2 4.003969e-13 0.000000e+00
292 465 3.284247e-03 1.646023e-03 1 2 5 2 6.602189e-13 0.000000e+00
292 466 3.284247e-03 2.072220e-03 1 2 5 2 1.130750e-12 0.000000e+00
292 467 3.284247e-03 2.608770e-03 1 2 5 2 2.133614e-12 0.000000e+00
292 468 3.284247e-03 3.284247e-03 1 2 5 2 0.000000e+00 0.000000e+00
292 469 3.284247e-03 4.134622e-03 1 2 5 2 1.845464e-12 0.000000e+00
292 470 3.284247e-03 5.205181e-03 1 2 5 2 9.046006e-13 0.000000e+00
292 471 3.284247e-03 6.552935e-03 1 2 5 2 5.377230e-13 0.000000e+00
292 472 3.284247e-03 8.249656e-03 1 2 5 2 3.506545e-13 0.000000e+00
293 462 4.134622e-03 8.249656e-04 1 2 5 2 8.712405e-14 0.000000e+00
293 463 4.134622e-03 1.038570e-03 1 2 5 2 1.388311e-13 0.000000e+00
293 464 4.134622e-03 1.307482e-03 1 2 5 2 2.220859e-13 0.000000e+00
293 465 4.134622e-03 1.646023e-03 1 2 5 2 3.577701e-13 0.000000e+00
293 466 4.134622e-03 2.072220e-03 1 2 5 2 5.845834e-13 0.000000e+00
293 467 4.134622e-03 2.608770e-03 1 2 5 2 9.876168e-13 0.000000e+00
293 468 4.134622e-03 3.284247e-03 1 2 5 2 1.845464e-12 0.000000e+00
293 469 4.134622e-03 4.134622e-03 1 2 5 2 0.000000e+00 0.000000e+00
293 470 4.134622e-03 5.205181e-03 1 2 5 2 1.647216e-12 0.000000e+00
293 471 4.134622e-03 6.552935e-03 1 2 5 2 8.734180e-13 0.000000e+00
293 472 4.134622e-03 8.249656e-03 1 2 5 2 5.553298e-13 0.000000e+00
294 462 5.205181e-03 8.249656e-04 1 2 5 2 5.247281e-14 0.000000e+00
294 463 5.205181e-03 1.038570e-03 1 2 5 2 8.331112e-14 0.000000e+00
294 464 5.205181e-03 1.307482e-03 1 2 5 2 1.324480e-13 0.000000e+00
294 465 5.205181e-03 1.646023e-03 1 2 5 2 2.110255e-13 0.000000e+00
294 466 5.205181e-03 2.072220e-03 1 2 5 2 3.377107e-13 0.000000e+00
294 467 5.205181e-03 2.608770e-03 1 2 5 2 5.457069e-13 0.000000e+00
294 468 5.205181e-03 3.284247e-03 1 2 5 2 9.046006e-13 0.000000e+00
294 469 5.205181e-03 4.134622e-03 1 2 5 2 1.647216e-12 0.000000e+00
294 470 5.205181e-03 5.205181e-03 1 2 5 2 0.000000e+00 0.000000e+00
294 471 5.205181e-03 6.552935e-03 1 2 5 2 1.532533e-12 0.000000e+00
294 472 5.205181e-03 8.249656e-03 1 2 5 2 8.857346e-13 0.000000e+00
295 462 6.552935e-03 8.249656e-04 1 2 5 2 3.342731e-14 0.000000e+00
295 463 6.552935e-03 1.038570e-03 1 2 5 2 5.298538e-14 0.000000e+00
295 464 6.552935e-03 1.307482e-03 1 2 5 2 8.401504e-14 0.000000e+00
295 465 6.552935e-03 1.646023e-03 1 2 5 2 1.332617e-13 0.000000e+00
295 466 6.552935e-03 2.072220e-03 1 2 5 2 2.115444e-13 0.000000e+00
295 467 6.552935e-03 2.608770e-03 1 2 5 2 3.364322e-13 0.000000e+00
295 468 6.552935e-03 3.284247e-03 1 2 5 2 5.377230e-13 0.000000e+00
295 469 6.552935e-03 4.134622e-03 1 2 5 2 8.734180e-13 0.000000e+00
295 470 6.552935e-03 5.205181e-03 1 2 5 2 1.532533e-12 0.000000e+00
295 471 6.552935e-03 6.552935e-03 1 2 5 2 0.000000e+00 0.000000e+00
295 472 6.552935e-03 8.249656e-03 1 2 5 2 1.492152e-12 0.000000e+00
296 462 8.249656e-03 8.249656e-04 1 2 5 2 2.224136e-14 0.000000e+00
296 463 8.249656e-03 1.038570e-03 1 2 5 2 3.524512e-14 0.000000e+00
296 464 8.249656e-03 1.307482e-03 1 2 5 2 5.583105e-14 0.000000e+00
296 465 8.249656e-03 1.646023e-03 1 2 5 2 8.843406e-14 0.000000e+00
296 466 8.249656e-03 2.072220e-03 1 2 5 2 1.400158e-13 0.000000e+00
296 467 8.249656e-03 2.608770e-03 1 2 5 2 2.216078e-13 0.000000e+00
296 468 8.249656e-03 3.284247e-03 1 2 5 2 3.506545e-13 0.000000e+00
296 469 8.249656e-03 4.134622e-03 1 2 5 2 5.553298e-13 0.000000e+00
296 470 8.249656e-03 5.205181e-03 1 2 5 2 8.857346e-13 0.000000e+00
296 471 8.249656e-03 6.552935e-03 1 2 5 2 1.492152e-12 0.000000e+00
296 472 8.249656e-03 8.249656e-03 1 2 5 2 0.000000e+00 0.000000e+00
