# Please cite the following papers in research using this covariance:
# arXiv: 1601.05779, https://arxiv.org/abs/1601.05779
# arXiv: 1911.11947, https://arxiv.org/abs/1911.11947
# arXiv: 2004.04833, https://arxiv.org/abs/2004.04833
# arXiv: 1804.10663, https://arxiv.org/abs/1804.10663
########################################################
242 396 8.249656e-04 8.249656e-04 0 2 4 0 0.000000e+00 0.000000e+00
242 397 8.249656e-04 1.038570e-03 0 2 4 0 9.379593e-14 0.000000e+00
242 398 8.249656e-04 1.307482e-03 0 2 4 0 8.255945e-14 0.000000e+00
242 399 8.249656e-04 1.646023e-03 0 2 4 0 6.557210e-14 0.000000e+00
242 400 8.249656e-04 2.072220e-03 0 2 4 0 4.852684e-14 0.000000e+00
242 401 8.249656e-04 2.608770e-03 0 2 4 0 3.420684e-14 0.000000e+00
242 402 8.249656e-04 3.284247e-03 0 2 4 0 2.342816e-14 0.000000e+00
242 403 8.249656e-04 4.134622e-03 0 2 4 0 1.589778e-14 0.000000e+00
242 404 8.249656e-04 5.205181e-03 0 2 4 0 1.087741e-14 0.000000e+00
242 405 8.249656e-04 6.552935e-03 0 2 4 0 7.599625e-15 0.000000e+00
242 406 8.249656e-04 8.249656e-03 0 2 4 0 5.449708e-15 0.000000e+00
243 396 1.038570e-03 8.249656e-04 0 2 4 0 9.379593e-14 0.000000e+00
243 397 1.038570e-03 1.038570e-03 0 2 4 0 0.000000e+00 0.000000e+00
243 398 1.038570e-03 1.307482e-03 0 2 4 0 1.168332e-13 0.000000e+00
243 399 1.038570e-03 1.646023e-03 0 2 4 0 9.861759e-14 0.000000e+00
243 400 1.038570e-03 2.072220e-03 0 2 4 0 7.509647e-14 0.000000e+00
243 401 1.038570e-03 2.608770e-03 0 2 4 0 5.365251e-14 0.000000e+00
243 402 1.038570e-03 3.284247e-03 0 2 4 0 3.696619e-14 0.000000e+00
243 403 1.038570e-03 4.134622e-03 0 2 4 0 2.514346e-14 0.000000e+00
243 404 1.038570e-03 5.205181e-03 0 2 4 0 1.721743e-14 0.000000e+00
243 405 1.038570e-03 6.552935e-03 0 2 4 0 1.203260e-14 0.000000e+00
243 406 1.038570e-03 8.249656e-03 0 2 4 0 8.630127e-15 0.000000e+00
244 396 1.307482e-03 8.249656e-04 0 2 4 0 8.255945e-14 0.000000e+00
244 397 1.307482e-03 1.038570e-03 0 2 4 0 1.168332e-13 0.000000e+00
244 398 1.307482e-03 1.307482e-03 0 2 4 0 0.000000e+00 0.000000e+00
244 399 1.307482e-03 1.646023e-03 0 2 4 0 1.405336e-13 0.000000e+00
244 400 1.307482e-03 2.072220e-03 0 2 4 0 1.137790e-13 0.000000e+00
244 401 1.307482e-03 2.608770e-03 0 2 4 0 8.345457e-14 0.000000e+00
244 402 1.307482e-03 3.284247e-03 0 2 4 0 5.813809e-14 0.000000e+00
244 403 1.307482e-03 4.134622e-03 0 2 4 0 3.971102e-14 0.000000e+00
244 404 1.307482e-03 5.205181e-03 0 2 4 0 2.723141e-14 0.000000e+00
244 405 1.307482e-03 6.552935e-03 0 2 4 0 1.904020e-14 0.000000e+00
244 406 1.307482e-03 8.249656e-03 0 2 4 0 1.366008e-14 0.000000e+00
245 396 1.646023e-03 8.249656e-04 0 2 4 0 6.557210e-14 0.000000e+00
245 397 1.646023e-03 1.038570e-03 0 2 4 0 9.861759e-14 0.000000e+00
245 398 1.646023e-03 1.307482e-03 0 2 4 0 1.405336e-13 0.000000e+00
245 399 1.646023e-03 1.646023e-03 0 2 4 0 0.000000e+00 0.000000e+00
245 400 1.646023e-03 2.072220e-03 0 2 4 0 1.637360e-13 0.000000e+00
245 401 1.646023e-03 2.608770e-03 0 2 4 0 1.274954e-13 0.000000e+00
245 402 1.646023e-03 3.284247e-03 0 2 4 0 9.085150e-14 0.000000e+00
245 403 1.646023e-03 4.134622e-03 0 2 4 0 6.256229e-14 0.000000e+00
245 404 1.646023e-03 5.205181e-03 0 2 4 0 4.301368e-14 0.000000e+00
245 405 1.646023e-03 6.552935e-03 0 2 4 0 3.010048e-14 0.000000e+00
245 406 1.646023e-03 8.249656e-03 0 2 4 0 2.160508e-14 0.000000e+00
246 396 2.072220e-03 8.249656e-04 0 2 4 0 4.852684e-14 0.000000e+00
246 397 2.072220e-03 1.038570e-03 0 2 4 0 7.509647e-14 0.000000e+00
246 398 2.072220e-03 1.307482e-03 0 2 4 0 1.137790e-13 0.000000e+00
246 399 2.072220e-03 1.646023e-03 0 2 4 0 1.637360e-13 0.000000e+00
246 400 2.072220e-03 2.072220e-03 0 2 4 0 0.000000e+00 0.000000e+00
246 401 2.072220e-03 2.608770e-03 0 2 4 0 1.857197e-13 0.000000e+00
246 402 2.072220e-03 3.284247e-03 0 2 4 0 1.399190e-13 0.000000e+00
246 403 2.072220e-03 4.134622e-03 0 2 4 0 9.807932e-14 0.000000e+00
246 404 2.072220e-03 5.205181e-03 0 2 4 0 6.779036e-14 0.000000e+00
246 405 2.072220e-03 6.552935e-03 0 2 4 0 4.751312e-14 0.000000e+00
246 406 2.072220e-03 8.249656e-03 0 2 4 0 3.412941e-14 0.000000e+00
247 396 2.608770e-03 8.249656e-04 0 2 4 0 3.420684e-14 0.000000e+00
247 397 2.608770e-03 1.038570e-03 0 2 4 0 5.365251e-14 0.000000e+00
247 398 2.608770e-03 1.307482e-03 0 2 4 0 8.345457e-14 0.000000e+00
247 399 2.608770e-03 1.646023e-03 0 2 4 0 1.274954e-13 0.000000e+00
247 400 2.608770e-03 2.072220e-03 0 2 4 0 1.857197e-13 0.000000e+00
247 401 2.608770e-03 2.608770e-03 0 2 4 0 0.000000e+00 0.000000e+00
247 402 2.608770e-03 3.284247e-03 0 2 4 0 2.065417e-13 0.000000e+00
247 403 2.608770e-03 4.134622e-03 0 2 4 0 1.520113e-13 0.000000e+00
247 404 2.608770e-03 5.205181e-03 0 2 4 0 1.063930e-13 0.000000e+00
247 405 2.608770e-03 6.552935e-03 0 2 4 0 7.481058e-14 0.000000e+00
247 406 2.608770e-03 8.249656e-03 0 2 4 0 5.380858e-14 0.000000e+00
248 396 3.284247e-03 8.249656e-04 0 2 4 0 2.342816e-14 0.000000e+00
248 397 3.284247e-03 1.038570e-03 0 2 4 0 3.696619e-14 0.000000e+00
248 398 3.284247e-03 1.307482e-03 0 2 4 0 5.813809e-14 0.000000e+00
248 399 3.284247e-03 1.646023e-03 0 2 4 0 9.085150e-14 0.000000e+00
248 400 3.284247e-03 2.072220e-03 0 2 4 0 1.399190e-13 0.000000e+00
248 401 3.284247e-03 2.608770e-03 0 2 4 0 2.065417e-13 0.000000e+00
248 402 3.284247e-03 3.284247e-03 0 2 4 0 0.000000e+00 0.000000e+00
248 403 3.284247e-03 4.134622e-03 0 2 4 0 2.272000e-13 0.000000e+00
248 404 3.284247e-03 5.205181e-03 0 2 4 0 1.654404e-13 0.000000e+00
248 405 3.284247e-03 6.552935e-03 0 2 4 0 1.172824e-13 0.000000e+00
248 406 3.284247e-03 8.249656e-03 0 2 4 0 8.456704e-14 0.000000e+00
249 396 4.134622e-03 8.249656e-04 0 2 4 0 1.589778e-14 0.000000e+00
249 397 4.134622e-03 1.038570e-03 0 2 4 0 2.514346e-14 0.000000e+00
249 398 4.134622e-03 1.307482e-03 0 2 4 0 3.971102e-14 0.000000e+00
249 399 4.134622e-03 1.646023e-03 0 2 4 0 6.256229e-14 0.000000e+00
249 400 4.134622e-03 2.072220e-03 0 2 4 0 9.807932e-14 0.000000e+00
249 401 4.134622e-03 2.608770e-03 0 2 4 0 1.520113e-13 0.000000e+00
249 402 4.134622e-03 3.284247e-03 0 2 4 0 2.272000e-13 0.000000e+00
249 403 4.134622e-03 4.134622e-03 0 2 4 0 0.000000e+00 0.000000e+00
249 404 4.134622e-03 5.205181e-03 0 2 4 0 2.495872e-13 0.000000e+00
249 405 4.134622e-03 6.552935e-03 0 2 4 0 1.823120e-13 0.000000e+00
249 406 4.134622e-03 8.249656e-03 0 2 4 0 1.322162e-13 0.000000e+00
250 396 5.205181e-03 8.249656e-04 0 2 4 0 1.087741e-14 0.000000e+00
250 397 5.205181e-03 1.038570e-03 0 2 4 0 1.721743e-14 0.000000e+00
250 398 5.205181e-03 1.307482e-03 0 2 4 0 2.723141e-14 0.000000e+00
250 399 5.205181e-03 1.646023e-03 0 2 4 0 4.301368e-14 0.000000e+00
250 400 5.205181e-03 2.072220e-03 0 2 4 0 6.779036e-14 0.000000e+00
250 401 5.205181e-03 2.608770e-03 0 2 4 0 1.063930e-13 0.000000e+00
250 402 5.205181e-03 3.284247e-03 0 2 4 0 1.654404e-13 0.000000e+00
250 403 5.205181e-03 4.134622e-03 0 2 4 0 2.495872e-13 0.000000e+00
250 404 5.205181e-03 5.205181e-03 0 2 4 0 0.000000e+00 0.000000e+00
250 405 5.205181e-03 6.552935e-03 0 2 4 0 2.762539e-13 0.000000e+00
250 406 5.205181e-03 8.249656e-03 0 2 4 0 2.048149e-13 0.000000e+00
251 396 6.552935e-03 8.249656e-04 0 2 4 0 7.599625e-15 0.000000e+00
251 397 6.552935e-03 1.038570e-03 0 2 4 0 1.203260e-14 0.000000e+00
251 398 6.552935e-03 1.307482e-03 0 2 4 0 1.904020e-14 0.000000e+00
251 399 6.552935e-03 1.646023e-03 0 2 4 0 3.010048e-14 0.000000e+00
251 400 6.552935e-03 2.072220e-03 0 2 4 0 4.751312e-14 0.000000e+00
251 401 6.552935e-03 2.608770e-03 0 2 4 0 7.481058e-14 0.000000e+00
251 402 6.552935e-03 3.284247e-03 0 2 4 0 1.172824e-13 0.000000e+00
251 403 6.552935e-03 4.134622e-03 0 2 4 0 1.823120e-13 0.000000e+00
251 404 6.552935e-03 5.205181e-03 0 2 4 0 2.762539e-13 0.000000e+00
251 405 6.552935e-03 6.552935e-03 0 2 4 0 0.000000e+00 0.000000e+00
251 406 6.552935e-03 8.249656e-03 0 2 4 0 3.100252e-13 0.000000e+00
252 396 8.249656e-03 8.249656e-04 0 2 4 0 5.449708e-15 0.000000e+00
252 397 8.249656e-03 1.038570e-03 0 2 4 0 8.630127e-15 0.000000e+00
252 398 8.249656e-03 1.307482e-03 0 2 4 0 1.366008e-14 0.000000e+00
252 399 8.249656e-03 1.646023e-03 0 2 4 0 2.160508e-14 0.000000e+00
252 400 8.249656e-03 2.072220e-03 0 2 4 0 3.412941e-14 0.000000e+00
252 401 8.249656e-03 2.608770e-03 0 2 4 0 5.380858e-14 0.000000e+00
252 402 8.249656e-03 3.284247e-03 0 2 4 0 8.456704e-14 0.000000e+00
252 403 8.249656e-03 4.134622e-03 0 2 4 0 1.322162e-13 0.000000e+00
252 404 8.249656e-03 5.205181e-03 0 2 4 0 2.048149e-13 0.000000e+00
252 405 8.249656e-03 6.552935e-03 0 2 4 0 3.100252e-13 0.000000e+00
252 406 8.249656e-03 8.249656e-03 0 2 4 0 0.000000e+00 0.000000e+00
