# Please cite the following papers in research using this covariance:
# arXiv: 1601.05779, https://arxiv.org/abs/1601.05779
# arXiv: 1911.11947, https://arxiv.org/abs/1911.11947
# arXiv: 2004.04833, https://arxiv.org/abs/2004.04833
# arXiv: 1804.10663, https://arxiv.org/abs/1804.10663
########################################################
352 352 8.249656e-04 8.249656e-04 3 0 3 0 1.804958e-09 0.000000e+00
352 353 8.249656e-04 1.038570e-03 3 0 3 0 4.807462e-11 0.000000e+00
352 354 8.249656e-04 1.307482e-03 3 0 3 0 2.025954e-11 0.000000e+00
352 355 8.249656e-04 1.646023e-03 3 0 3 0 9.298941e-12 0.000000e+00
352 356 8.249656e-04 2.072220e-03 3 0 3 0 4.670633e-12 0.000000e+00
352 357 8.249656e-04 2.608770e-03 3 0 3 0 2.527190e-12 0.000000e+00
352 358 8.249656e-04 3.284247e-03 3 0 3 0 1.443128e-12 0.000000e+00
352 359 8.249656e-04 4.134622e-03 3 0 3 0 8.509104e-13 0.000000e+00
352 360 8.249656e-04 5.205181e-03 3 0 3 0 5.082594e-13 0.000000e+00
352 361 8.249656e-04 6.552935e-03 3 0 3 0 3.033702e-13 0.000000e+00
352 362 8.249656e-04 8.249656e-03 3 0 3 0 1.786194e-13 0.000000e+00
353 352 1.038570e-03 8.249656e-04 3 0 3 0 4.807462e-11 0.000000e+00
353 353 1.038570e-03 1.038570e-03 3 0 3 0 1.144824e-09 0.000000e+00
353 354 1.038570e-03 1.307482e-03 3 0 3 0 3.937733e-11 0.000000e+00
353 355 1.038570e-03 1.646023e-03 3 0 3 0 1.628179e-11 0.000000e+00
353 356 1.038570e-03 2.072220e-03 3 0 3 0 7.734068e-12 0.000000e+00
353 357 1.038570e-03 2.608770e-03 3 0 3 0 4.077954e-12 0.000000e+00
353 358 1.038570e-03 3.284247e-03 3 0 3 0 2.303204e-12 0.000000e+00
353 359 1.038570e-03 4.134622e-03 3 0 3 0 1.352048e-12 0.000000e+00
353 360 1.038570e-03 5.205181e-03 3 0 3 0 8.065330e-13 0.000000e+00
353 361 1.038570e-03 6.552935e-03 3 0 3 0 4.810618e-13 0.000000e+00
353 362 1.038570e-03 8.249656e-03 3 0 3 0 2.833135e-13 0.000000e+00
354 352 1.307482e-03 8.249656e-04 3 0 3 0 2.025954e-11 0.000000e+00
354 353 1.307482e-03 1.038570e-03 3 0 3 0 3.937733e-11 0.000000e+00
354 354 1.307482e-03 1.307482e-03 3 0 3 0 7.255466e-10 0.000000e+00
354 355 1.307482e-03 1.646023e-03 3 0 3 0 3.215999e-11 0.000000e+00
354 356 1.307482e-03 2.072220e-03 3 0 3 0 1.339385e-11 0.000000e+00
354 357 1.307482e-03 2.608770e-03 3 0 3 0 6.685021e-12 0.000000e+00
354 358 1.307482e-03 3.284247e-03 3 0 3 0 3.695882e-12 0.000000e+00
354 359 1.307482e-03 4.134622e-03 3 0 3 0 2.152897e-12 0.000000e+00
354 360 1.307482e-03 5.205181e-03 3 0 3 0 1.280968e-12 0.000000e+00
354 361 1.307482e-03 6.552935e-03 3 0 3 0 7.633026e-13 0.000000e+00
354 362 1.307482e-03 8.249656e-03 3 0 3 0 4.493545e-13 0.000000e+00
355 352 1.646023e-03 8.249656e-04 3 0 3 0 9.298941e-12 0.000000e+00
355 353 1.646023e-03 1.038570e-03 3 0 3 0 1.628179e-11 0.000000e+00
355 354 1.646023e-03 1.307482e-03 3 0 3 0 3.215999e-11 0.000000e+00
355 355 1.646023e-03 1.646023e-03 3 0 3 0 4.601349e-10 0.000000e+00
355 356 1.646023e-03 2.072220e-03 3 0 3 0 2.645088e-11 0.000000e+00
355 357 1.646023e-03 2.608770e-03 3 0 3 0 1.138740e-11 0.000000e+00
355 358 1.646023e-03 3.284247e-03 3 0 3 0 5.999478e-12 0.000000e+00
355 359 1.646023e-03 4.134622e-03 3 0 3 0 3.440785e-12 0.000000e+00
355 360 1.646023e-03 5.205181e-03 3 0 3 0 2.037094e-12 0.000000e+00
355 361 1.646023e-03 6.552935e-03 3 0 3 0 1.211959e-12 0.000000e+00
355 362 1.646023e-03 8.249656e-03 3 0 3 0 7.132334e-13 0.000000e+00
356 352 2.072220e-03 8.249656e-04 3 0 3 0 4.670633e-12 0.000000e+00
356 353 2.072220e-03 1.038570e-03 3 0 3 0 7.734068e-12 0.000000e+00
356 354 2.072220e-03 1.307482e-03 3 0 3 0 1.339385e-11 0.000000e+00
356 355 2.072220e-03 1.646023e-03 3 0 3 0 2.645088e-11 0.000000e+00
356 356 2.072220e-03 2.072220e-03 3 0 3 0 2.917402e-10 0.000000e+00
356 357 2.072220e-03 2.608770e-03 3 0 3 0 2.211879e-11 0.000000e+00
356 358 2.072220e-03 3.284247e-03 3 0 3 0 1.003536e-11 0.000000e+00
356 359 2.072220e-03 4.134622e-03 3 0 3 0 5.542833e-12 0.000000e+00
356 360 2.072220e-03 5.205181e-03 3 0 3 0 3.247973e-12 0.000000e+00
356 361 2.072220e-03 6.552935e-03 3 0 3 0 1.926668e-12 0.000000e+00
356 362 2.072220e-03 8.249656e-03 3 0 3 0 1.132860e-12 0.000000e+00
357 352 2.608770e-03 8.249656e-04 3 0 3 0 2.527190e-12 0.000000e+00
357 353 2.608770e-03 1.038570e-03 3 0 3 0 4.077954e-12 0.000000e+00
357 354 2.608770e-03 1.307482e-03 3 0 3 0 6.685021e-12 0.000000e+00
357 355 2.608770e-03 1.646023e-03 3 0 3 0 1.138740e-11 0.000000e+00
357 356 2.608770e-03 2.072220e-03 3 0 3 0 2.211879e-11 0.000000e+00
357 357 2.608770e-03 2.608770e-03 3 0 3 0 1.848558e-10 0.000000e+00
357 358 2.608770e-03 3.284247e-03 3 0 3 0 1.893476e-11 0.000000e+00
357 359 2.608770e-03 4.134622e-03 3 0 3 0 9.124534e-12 0.000000e+00
357 360 2.608770e-03 5.205181e-03 3 0 3 0 5.207009e-12 0.000000e+00
357 361 2.608770e-03 6.552935e-03 3 0 3 0 3.069344e-12 0.000000e+00
357 362 2.608770e-03 8.249656e-03 3 0 3 0 1.801921e-12 0.000000e+00
358 352 3.284247e-03 8.249656e-04 3 0 3 0 1.443128e-12 0.000000e+00
358 353 3.284247e-03 1.038570e-03 3 0 3 0 2.303204e-12 0.000000e+00
358 354 3.284247e-03 1.307482e-03 3 0 3 0 3.695882e-12 0.000000e+00
358 355 3.284247e-03 1.646023e-03 3 0 3 0 5.999478e-12 0.000000e+00
358 356 3.284247e-03 2.072220e-03 3 0 3 0 1.003536e-11 0.000000e+00
358 357 3.284247e-03 2.608770e-03 3 0 3 0 1.893476e-11 0.000000e+00
358 358 3.284247e-03 3.284247e-03 3 0 3 0 1.170645e-10 0.000000e+00
358 359 3.284247e-03 4.134622e-03 3 0 3 0 1.663274e-11 0.000000e+00
358 360 3.284247e-03 5.205181e-03 3 0 3 0 8.473986e-12 0.000000e+00
358 361 3.284247e-03 6.552935e-03 3 0 3 0 4.910509e-12 0.000000e+00
358 362 3.284247e-03 8.249656e-03 3 0 3 0 2.872610e-12 0.000000e+00
359 352 4.134622e-03 8.249656e-04 3 0 3 0 8.509104e-13 0.000000e+00
359 353 4.134622e-03 1.038570e-03 3 0 3 0 1.352048e-12 0.000000e+00
359 354 4.134622e-03 1.307482e-03 3 0 3 0 2.152897e-12 0.000000e+00
359 355 4.134622e-03 1.646023e-03 3 0 3 0 3.440785e-12 0.000000e+00
359 356 4.134622e-03 2.072220e-03 3 0 3 0 5.542833e-12 0.000000e+00
359 357 4.134622e-03 2.608770e-03 3 0 3 0 9.124534e-12 0.000000e+00
359 358 4.134622e-03 3.284247e-03 3 0 3 0 1.663274e-11 0.000000e+00
359 359 4.134622e-03 4.134622e-03 3 0 3 0 7.419092e-11 0.000000e+00
359 360 4.134622e-03 5.205181e-03 3 0 3 0 1.495002e-11 0.000000e+00
359 361 4.134622e-03 6.552935e-03 3 0 3 0 7.941446e-12 0.000000e+00
359 362 4.134622e-03 8.249656e-03 3 0 3 0 4.598034e-12 0.000000e+00
360 352 5.205181e-03 8.249656e-04 3 0 3 0 5.082594e-13 0.000000e+00
360 353 5.205181e-03 1.038570e-03 3 0 3 0 8.065330e-13 0.000000e+00
360 354 5.205181e-03 1.307482e-03 3 0 3 0 1.280968e-12 0.000000e+00
360 355 5.205181e-03 1.646023e-03 3 0 3 0 2.037094e-12 0.000000e+00
360 356 5.205181e-03 2.072220e-03 3 0 3 0 3.247973e-12 0.000000e+00
360 357 5.205181e-03 2.608770e-03 3 0 3 0 5.207009e-12 0.000000e+00
360 358 5.205181e-03 3.284247e-03 3 0 3 0 8.473986e-12 0.000000e+00
360 359 5.205181e-03 4.134622e-03 3 0 3 0 1.495002e-11 0.000000e+00
360 360 5.205181e-03 5.205181e-03 3 0 3 0 4.701550e-11 0.000000e+00
360 361 5.205181e-03 6.552935e-03 3 0 3 0 1.365485e-11 0.000000e+00
360 362 5.205181e-03 8.249656e-03 3 0 3 0 7.425539e-12 0.000000e+00
361 352 6.552935e-03 8.249656e-04 3 0 3 0 3.033702e-13 0.000000e+00
361 353 6.552935e-03 1.038570e-03 3 0 3 0 4.810618e-13 0.000000e+00
361 354 6.552935e-03 1.307482e-03 3 0 3 0 7.633026e-13 0.000000e+00
361 355 6.552935e-03 1.646023e-03 3 0 3 0 1.211959e-12 0.000000e+00
361 356 6.552935e-03 2.072220e-03 3 0 3 0 1.926668e-12 0.000000e+00
361 357 6.552935e-03 2.608770e-03 3 0 3 0 3.069344e-12 0.000000e+00
361 358 6.552935e-03 3.284247e-03 3 0 3 0 4.910509e-12 0.000000e+00
361 359 6.552935e-03 4.134622e-03 3 0 3 0 7.941446e-12 0.000000e+00
361 360 6.552935e-03 5.205181e-03 3 0 3 0 1.365485e-11 0.000000e+00
361 361 6.552935e-03 6.552935e-03 3 0 3 0 2.978474e-11 0.000000e+00
361 362 6.552935e-03 8.249656e-03 3 0 3 0 1.256077e-11 0.000000e+00
362 352 8.249656e-03 8.249656e-04 3 0 3 0 1.786194e-13 0.000000e+00
362 353 8.249656e-03 1.038570e-03 3 0 3 0 2.833135e-13 0.000000e+00
362 354 8.249656e-03 1.307482e-03 3 0 3 0 4.493545e-13 0.000000e+00
362 355 8.249656e-03 1.646023e-03 3 0 3 0 7.132334e-13 0.000000e+00
362 356 8.249656e-03 2.072220e-03 3 0 3 0 1.132860e-12 0.000000e+00
362 357 8.249656e-03 2.608770e-03 3 0 3 0 1.801921e-12 0.000000e+00
362 358 8.249656e-03 3.284247e-03 3 0 3 0 2.872610e-12 0.000000e+00
362 359 8.249656e-03 4.134622e-03 3 0 3 0 4.598034e-12 0.000000e+00
362 360 8.249656e-03 5.205181e-03 3 0 3 0 7.425539e-12 0.000000e+00
362 361 8.249656e-03 6.552935e-03 3 0 3 0 1.256077e-11 0.000000e+00
362 362 8.249656e-03 8.249656e-03 3 0 3 0 1.887913e-11 0.000000e+00
