# Please cite the following papers in research using this covariance:
# arXiv: 1601.05779, https://arxiv.org/abs/1601.05779
# arXiv: 1911.11947, https://arxiv.org/abs/1911.11947
# arXiv: 2004.04833, https://arxiv.org/abs/2004.04833
# arXiv: 1804.10663, https://arxiv.org/abs/1804.10663
########################################################
396 407 8.249656e-04 8.249656e-04 4 0 4 1 0.000000e+00 0.000000e+00
396 408 8.249656e-04 1.038570e-03 4 0 4 1 2.071527e-12 0.000000e+00
396 409 8.249656e-04 1.307482e-03 4 0 4 1 1.274881e-12 0.000000e+00
396 410 8.249656e-04 1.646023e-03 4 0 4 1 7.612839e-13 0.000000e+00
396 411 8.249656e-04 2.072220e-03 4 0 4 1 4.505461e-13 0.000000e+00
396 412 8.249656e-04 2.608770e-03 4 0 4 1 2.685923e-13 0.000000e+00
396 413 8.249656e-04 3.284247e-03 4 0 4 1 1.638005e-13 0.000000e+00
396 414 8.249656e-04 4.134622e-03 4 0 4 1 1.033651e-13 0.000000e+00
396 415 8.249656e-04 5.205181e-03 4 0 4 1 6.772327e-14 0.000000e+00
396 416 8.249656e-04 6.552935e-03 4 0 4 1 4.579978e-14 0.000000e+00
396 417 8.249656e-04 8.249656e-03 4 0 4 1 3.163094e-14 0.000000e+00
397 407 1.038570e-03 8.249656e-04 4 0 4 1 2.071527e-12 0.000000e+00
397 408 1.038570e-03 1.038570e-03 4 0 4 1 0.000000e+00 0.000000e+00
397 409 1.038570e-03 1.307482e-03 4 0 4 1 2.027016e-12 0.000000e+00
397 410 1.038570e-03 1.646023e-03 4 0 4 1 1.221490e-12 0.000000e+00
397 411 1.038570e-03 2.072220e-03 4 0 4 1 7.216402e-13 0.000000e+00
397 412 1.038570e-03 2.608770e-03 4 0 4 1 4.285671e-13 0.000000e+00
397 413 1.038570e-03 3.284247e-03 4 0 4 1 2.604452e-13 0.000000e+00
397 414 1.038570e-03 4.134622e-03 4 0 4 1 1.639637e-13 0.000000e+00
397 415 1.038570e-03 5.205181e-03 4 0 4 1 1.072979e-13 0.000000e+00
397 416 1.038570e-03 6.552935e-03 4 0 4 1 7.253526e-14 0.000000e+00
397 417 1.038570e-03 8.249656e-03 4 0 4 1 5.009604e-14 0.000000e+00
398 407 1.307482e-03 8.249656e-04 4 0 4 1 1.274881e-12 0.000000e+00
398 408 1.307482e-03 1.038570e-03 4 0 4 1 2.027016e-12 0.000000e+00
398 409 1.307482e-03 1.307482e-03 4 0 4 1 0.000000e+00 0.000000e+00
398 410 1.307482e-03 1.646023e-03 4 0 4 1 1.962677e-12 0.000000e+00
398 411 1.307482e-03 2.072220e-03 4 0 4 1 1.163244e-12 0.000000e+00
398 412 1.307482e-03 2.608770e-03 4 0 4 1 6.869467e-13 0.000000e+00
398 413 1.307482e-03 3.284247e-03 4 0 4 1 4.150591e-13 0.000000e+00
398 414 1.307482e-03 4.134622e-03 4 0 4 1 2.602645e-13 0.000000e+00
398 415 1.307482e-03 5.205181e-03 4 0 4 1 1.699704e-13 0.000000e+00
398 416 1.307482e-03 6.552935e-03 4 0 4 1 1.148355e-13 0.000000e+00
398 417 1.307482e-03 8.249656e-03 4 0 4 1 7.931296e-14 0.000000e+00
399 407 1.646023e-03 8.249656e-04 4 0 4 1 7.612839e-13 0.000000e+00
399 408 1.646023e-03 1.038570e-03 4 0 4 1 1.221490e-12 0.000000e+00
399 409 1.646023e-03 1.307482e-03 4 0 4 1 1.962677e-12 0.000000e+00
399 410 1.646023e-03 1.646023e-03 4 0 4 1 0.000000e+00 0.000000e+00
399 411 1.646023e-03 2.072220e-03 4 0 4 1 1.887985e-12 0.000000e+00
399 412 1.646023e-03 2.608770e-03 4 0 4 1 1.109978e-12 0.000000e+00
399 413 1.646023e-03 3.284247e-03 4 0 4 1 6.642763e-13 0.000000e+00
399 414 1.646023e-03 4.134622e-03 4 0 4 1 4.136852e-13 0.000000e+00
399 415 1.646023e-03 5.205181e-03 4 0 4 1 2.692141e-13 0.000000e+00
399 416 1.646023e-03 6.552935e-03 4 0 4 1 1.816857e-13 0.000000e+00
399 417 1.646023e-03 8.249656e-03 4 0 4 1 1.254845e-13 0.000000e+00
400 407 2.072220e-03 8.249656e-04 4 0 4 1 4.505461e-13 0.000000e+00
400 408 2.072220e-03 1.038570e-03 4 0 4 1 7.216402e-13 0.000000e+00
400 409 2.072220e-03 1.307482e-03 4 0 4 1 1.163244e-12 0.000000e+00
400 410 2.072220e-03 1.646023e-03 4 0 4 1 1.887985e-12 0.000000e+00
400 411 2.072220e-03 2.072220e-03 4 0 4 1 0.000000e+00 0.000000e+00
400 412 2.072220e-03 2.608770e-03 4 0 4 1 1.815387e-12 0.000000e+00
400 413 2.072220e-03 3.284247e-03 4 0 4 1 1.072117e-12 0.000000e+00
400 414 2.072220e-03 4.134622e-03 4 0 4 1 6.594819e-13 0.000000e+00
400 415 2.072220e-03 5.205181e-03 4 0 4 1 4.264246e-13 0.000000e+00
400 416 2.072220e-03 6.552935e-03 4 0 4 1 2.871864e-13 0.000000e+00
400 417 2.072220e-03 8.249656e-03 4 0 4 1 1.983420e-13 0.000000e+00
401 407 2.608770e-03 8.249656e-04 4 0 4 1 2.685923e-13 0.000000e+00
401 408 2.608770e-03 1.038570e-03 4 0 4 1 4.285671e-13 0.000000e+00
401 409 2.608770e-03 1.307482e-03 4 0 4 1 6.869467e-13 0.000000e+00
401 410 2.608770e-03 1.646023e-03 4 0 4 1 1.109978e-12 0.000000e+00
401 411 2.608770e-03 2.072220e-03 4 0 4 1 1.815387e-12 0.000000e+00
401 412 2.608770e-03 2.608770e-03 4 0 4 1 0.000000e+00 0.000000e+00
401 413 2.608770e-03 3.284247e-03 4 0 4 1 1.758537e-12 0.000000e+00
401 414 2.608770e-03 4.134622e-03 4 0 4 1 1.058768e-12 0.000000e+00
401 415 2.608770e-03 5.205181e-03 4 0 4 1 6.760314e-13 0.000000e+00
401 416 2.608770e-03 6.552935e-03 4 0 4 1 4.533527e-13 0.000000e+00
401 417 2.608770e-03 8.249656e-03 4 0 4 1 3.130077e-13 0.000000e+00
402 407 3.284247e-03 8.249656e-04 4 0 4 1 1.638005e-13 0.000000e+00
402 408 3.284247e-03 1.038570e-03 4 0 4 1 2.604452e-13 0.000000e+00
402 409 3.284247e-03 1.307482e-03 4 0 4 1 4.150591e-13 0.000000e+00
402 410 3.284247e-03 1.646023e-03 4 0 4 1 6.642763e-13 0.000000e+00
402 411 3.284247e-03 2.072220e-03 4 0 4 1 1.072117e-12 0.000000e+00
402 412 3.284247e-03 2.608770e-03 4 0 4 1 1.758537e-12 0.000000e+00
402 413 3.284247e-03 3.284247e-03 4 0 4 1 0.000000e+00 0.000000e+00
402 414 3.284247e-03 4.134622e-03 4 0 4 1 1.730119e-12 0.000000e+00
402 415 3.284247e-03 5.205181e-03 4 0 4 1 1.076057e-12 0.000000e+00
402 416 3.284247e-03 6.552935e-03 4 0 4 1 7.145911e-13 0.000000e+00
402 417 3.284247e-03 8.249656e-03 4 0 4 1 4.927719e-13 0.000000e+00
403 407 4.134622e-03 8.249656e-04 4 0 4 1 1.033651e-13 0.000000e+00
403 408 4.134622e-03 1.038570e-03 4 0 4 1 1.639637e-13 0.000000e+00
403 409 4.134622e-03 1.307482e-03 4 0 4 1 2.602645e-13 0.000000e+00
403 410 4.134622e-03 1.646023e-03 4 0 4 1 4.136852e-13 0.000000e+00
403 411 4.134622e-03 2.072220e-03 4 0 4 1 6.594819e-13 0.000000e+00
403 412 4.134622e-03 2.608770e-03 4 0 4 1 1.058768e-12 0.000000e+00
403 413 4.134622e-03 3.284247e-03 4 0 4 1 1.730119e-12 0.000000e+00
403 414 4.134622e-03 4.134622e-03 4 0 4 1 0.000000e+00 0.000000e+00
403 415 4.134622e-03 5.205181e-03 4 0 4 1 1.739873e-12 0.000000e+00
403 416 4.134622e-03 6.552935e-03 4 0 4 1 1.126235e-12 0.000000e+00
403 417 4.134622e-03 8.249656e-03 4 0 4 1 7.729985e-13 0.000000e+00
404 407 5.205181e-03 8.249656e-04 4 0 4 1 6.772327e-14 0.000000e+00
404 408 5.205181e-03 1.038570e-03 4 0 4 1 1.072979e-13 0.000000e+00
404 409 5.205181e-03 1.307482e-03 4 0 4 1 1.699704e-13 0.000000e+00
404 410 5.205181e-03 1.646023e-03 4 0 4 1 2.692141e-13 0.000000e+00
404 411 5.205181e-03 2.072220e-03 4 0 4 1 4.264246e-13 0.000000e+00
404 412 5.205181e-03 2.608770e-03 4 0 4 1 6.760314e-13 0.000000e+00
404 413 5.205181e-03 3.284247e-03 4 0 4 1 1.076057e-12 0.000000e+00
404 414 5.205181e-03 4.134622e-03 4 0 4 1 1.739873e-12 0.000000e+00
404 415 5.205181e-03 5.205181e-03 4 0 4 1 0.000000e+00 0.000000e+00
404 416 5.205181e-03 6.552935e-03 4 0 4 1 1.793108e-12 0.000000e+00
404 417 5.205181e-03 8.249656e-03 4 0 4 1 1.207342e-12 0.000000e+00
405 407 6.552935e-03 8.249656e-04 4 0 4 1 4.579978e-14 0.000000e+00
405 408 6.552935e-03 1.038570e-03 4 0 4 1 7.253526e-14 0.000000e+00
405 409 6.552935e-03 1.307482e-03 4 0 4 1 1.148355e-13 0.000000e+00
405 410 6.552935e-03 1.646023e-03 4 0 4 1 1.816857e-13 0.000000e+00
405 411 6.552935e-03 2.072220e-03 4 0 4 1 2.871864e-13 0.000000e+00
405 412 6.552935e-03 2.608770e-03 4 0 4 1 4.533527e-13 0.000000e+00
405 413 6.552935e-03 3.284247e-03 4 0 4 1 7.145911e-13 0.000000e+00
405 414 6.552935e-03 4.134622e-03 4 0 4 1 1.126235e-12 0.000000e+00
405 415 6.552935e-03 5.205181e-03 4 0 4 1 1.793108e-12 0.000000e+00
405 416 6.552935e-03 6.552935e-03 4 0 4 1 0.000000e+00 0.000000e+00
405 417 6.552935e-03 8.249656e-03 4 0 4 1 1.889873e-12 0.000000e+00
406 407 8.249656e-03 8.249656e-04 4 0 4 1 3.163094e-14 0.000000e+00
406 408 8.249656e-03 1.038570e-03 4 0 4 1 5.009604e-14 0.000000e+00
406 409 8.249656e-03 1.307482e-03 4 0 4 1 7.931296e-14 0.000000e+00
406 410 8.249656e-03 1.646023e-03 4 0 4 1 1.254845e-13 0.000000e+00
406 411 8.249656e-03 2.072220e-03 4 0 4 1 1.983420e-13 0.000000e+00
406 412 8.249656e-03 2.608770e-03 4 0 4 1 3.130077e-13 0.000000e+00
406 413 8.249656e-03 3.284247e-03 4 0 4 1 4.927719e-13 0.000000e+00
406 414 8.249656e-03 4.134622e-03 4 0 4 1 7.729985e-13 0.000000e+00
406 415 8.249656e-03 5.205181e-03 4 0 4 1 1.207342e-12 0.000000e+00
406 416 8.249656e-03 6.552935e-03 4 0 4 1 1.889873e-12 0.000000e+00
406 417 8.249656e-03 8.249656e-03 4 0 4 1 0.000000e+00 0.000000e+00
