# Please cite the following papers in research using this covariance:
# arXiv: 1601.05779, https://arxiv.org/abs/1601.05779
# arXiv: 1911.11947, https://arxiv.org/abs/1911.11947
# arXiv: 2004.04833, https://arxiv.org/abs/2004.04833
# arXiv: 1804.10663, https://arxiv.org/abs/1804.10663
########################################################
363 440 8.249656e-04 8.249656e-04 3 1 5 0 0.000000e+00 0.000000e+00
363 441 8.249656e-04 1.038570e-03 3 1 5 0 3.861247e-14 0.000000e+00
363 442 8.249656e-04 1.307482e-03 3 1 5 0 3.305946e-14 0.000000e+00
363 443 8.249656e-04 1.646023e-03 3 1 5 0 2.612140e-14 0.000000e+00
363 444 8.249656e-04 2.072220e-03 3 1 5 0 1.986133e-14 0.000000e+00
363 445 8.249656e-04 2.608770e-03 3 1 5 0 1.486399e-14 0.000000e+00
363 446 8.249656e-04 3.284247e-03 3 1 5 0 1.108483e-14 0.000000e+00
363 447 8.249656e-04 4.134622e-03 3 1 5 0 8.278177e-15 0.000000e+00
363 448 8.249656e-04 5.205181e-03 3 1 5 0 6.188202e-15 0.000000e+00
363 449 8.249656e-04 6.552935e-03 3 1 5 0 4.613679e-15 0.000000e+00
363 450 8.249656e-04 8.249656e-03 3 1 5 0 3.415307e-15 0.000000e+00
364 440 1.038570e-03 8.249656e-04 3 1 5 0 3.861247e-14 0.000000e+00
364 441 1.038570e-03 1.038570e-03 3 1 5 0 0.000000e+00 0.000000e+00
364 442 1.038570e-03 1.307482e-03 3 1 5 0 4.736241e-14 0.000000e+00
364 443 1.038570e-03 1.646023e-03 3 1 5 0 3.956213e-14 0.000000e+00
364 444 1.038570e-03 2.072220e-03 3 1 5 0 3.077234e-14 0.000000e+00
364 445 1.038570e-03 2.608770e-03 3 1 5 0 2.326431e-14 0.000000e+00
364 446 1.038570e-03 3.284247e-03 3 1 5 0 1.743561e-14 0.000000e+00
364 447 1.038570e-03 4.134622e-03 3 1 5 0 1.305673e-14 0.000000e+00
364 448 1.038570e-03 5.205181e-03 3 1 5 0 9.776931e-15 0.000000e+00
364 449 1.038570e-03 6.552935e-03 3 1 5 0 7.297547e-15 0.000000e+00
364 450 1.038570e-03 8.249656e-03 3 1 5 0 5.406099e-15 0.000000e+00
365 440 1.307482e-03 8.249656e-04 3 1 5 0 3.305946e-14 0.000000e+00
365 441 1.307482e-03 1.038570e-03 3 1 5 0 4.736241e-14 0.000000e+00
365 442 1.307482e-03 1.307482e-03 3 1 5 0 0.000000e+00 0.000000e+00
365 443 1.307482e-03 1.646023e-03 3 1 5 0 5.709290e-14 0.000000e+00
365 444 1.307482e-03 2.072220e-03 3 1 5 0 4.679188e-14 0.000000e+00
365 445 1.307482e-03 2.608770e-03 3 1 5 0 3.609194e-14 0.000000e+00
365 446 1.307482e-03 3.284247e-03 3 1 5 0 2.729159e-14 0.000000e+00
365 447 1.307482e-03 4.134622e-03 3 1 5 0 2.053249e-14 0.000000e+00
365 448 1.307482e-03 5.205181e-03 3 1 5 0 1.541771e-14 0.000000e+00
365 449 1.307482e-03 6.552935e-03 3 1 5 0 1.152888e-14 0.000000e+00
365 450 1.307482e-03 8.249656e-03 3 1 5 0 8.550967e-15 0.000000e+00
366 440 1.646023e-03 8.249656e-04 3 1 5 0 2.612140e-14 0.000000e+00
366 441 1.646023e-03 1.038570e-03 3 1 5 0 3.956213e-14 0.000000e+00
366 442 1.646023e-03 1.307482e-03 3 1 5 0 5.709290e-14 0.000000e+00
366 443 1.646023e-03 1.646023e-03 3 1 5 0 0.000000e+00 0.000000e+00
366 444 1.646023e-03 2.072220e-03 3 1 5 0 6.800071e-14 0.000000e+00
366 445 1.646023e-03 2.608770e-03 3 1 5 0 5.503016e-14 0.000000e+00
366 446 1.646023e-03 3.284247e-03 3 1 5 0 4.235457e-14 0.000000e+00
366 447 1.646023e-03 4.134622e-03 3 1 5 0 3.212846e-14 0.000000e+00
366 448 1.646023e-03 5.205181e-03 3 1 5 0 2.423798e-14 0.000000e+00
366 449 1.646023e-03 6.552935e-03 3 1 5 0 1.817846e-14 0.000000e+00
366 450 1.646023e-03 8.249656e-03 3 1 5 0 1.350910e-14 0.000000e+00
367 440 2.072220e-03 8.249656e-04 3 1 5 0 1.986133e-14 0.000000e+00
367 441 2.072220e-03 1.038570e-03 3 1 5 0 3.077234e-14 0.000000e+00
367 442 2.072220e-03 1.307482e-03 3 1 5 0 4.679188e-14 0.000000e+00
367 443 2.072220e-03 1.646023e-03 3 1 5 0 6.800071e-14 0.000000e+00
367 444 2.072220e-03 2.072220e-03 3 1 5 0 0.000000e+00 0.000000e+00
367 445 2.072220e-03 2.608770e-03 3 1 5 0 8.043584e-14 0.000000e+00
367 446 2.072220e-03 3.284247e-03 3 1 5 0 6.465693e-14 0.000000e+00
367 447 2.072220e-03 4.134622e-03 3 1 5 0 4.984162e-14 0.000000e+00
367 448 2.072220e-03 5.205181e-03 3 1 5 0 3.790887e-14 0.000000e+00
367 449 2.072220e-03 6.552935e-03 3 1 5 0 2.857277e-14 0.000000e+00
367 450 2.072220e-03 8.249656e-03 3 1 5 0 2.130084e-14 0.000000e+00
368 440 2.608770e-03 8.249656e-04 3 1 5 0 1.486399e-14 0.000000e+00
368 441 2.608770e-03 1.038570e-03 3 1 5 0 2.326431e-14 0.000000e+00
368 442 2.608770e-03 1.307482e-03 3 1 5 0 3.609194e-14 0.000000e+00
368 443 2.608770e-03 1.646023e-03 3 1 5 0 5.503016e-14 0.000000e+00
368 444 2.608770e-03 2.072220e-03 3 1 5 0 8.043584e-14 0.000000e+00
368 445 2.608770e-03 2.608770e-03 3 1 5 0 0.000000e+00 0.000000e+00
368 446 2.608770e-03 3.284247e-03 3 1 5 0 9.486977e-14 0.000000e+00
368 447 2.608770e-03 4.134622e-03 3 1 5 0 7.607675e-14 0.000000e+00
368 448 2.608770e-03 5.205181e-03 3 1 5 0 5.876728e-14 0.000000e+00
368 449 2.608770e-03 6.552935e-03 3 1 5 0 4.467387e-14 0.000000e+00
368 450 2.608770e-03 8.249656e-03 3 1 5 0 3.348015e-14 0.000000e+00
369 440 3.284247e-03 8.249656e-04 3 1 5 0 1.108483e-14 0.000000e+00
369 441 3.284247e-03 1.038570e-03 3 1 5 0 1.743561e-14 0.000000e+00
369 442 3.284247e-03 1.307482e-03 3 1 5 0 2.729159e-14 0.000000e+00
369 443 3.284247e-03 1.646023e-03 3 1 5 0 4.235457e-14 0.000000e+00
369 444 3.284247e-03 2.072220e-03 3 1 5 0 6.465693e-14 0.000000e+00
369 445 3.284247e-03 2.608770e-03 3 1 5 0 9.486977e-14 0.000000e+00
369 446 3.284247e-03 3.284247e-03 3 1 5 0 0.000000e+00 0.000000e+00
369 447 3.284247e-03 4.134622e-03 3 1 5 0 1.118153e-13 0.000000e+00
369 448 3.284247e-03 5.205181e-03 3 1 5 0 8.961991e-14 0.000000e+00
369 449 3.284247e-03 6.552935e-03 3 1 5 0 6.921399e-14 0.000000e+00
369 450 3.284247e-03 8.249656e-03 3 1 5 0 5.234391e-14 0.000000e+00
370 440 4.134622e-03 8.249656e-04 3 1 5 0 8.278177e-15 0.000000e+00
370 441 4.134622e-03 1.038570e-03 3 1 5 0 1.305673e-14 0.000000e+00
370 442 4.134622e-03 1.307482e-03 3 1 5 0 2.053249e-14 0.000000e+00
370 443 4.134622e-03 1.646023e-03 3 1 5 0 3.212846e-14 0.000000e+00
370 444 4.134622e-03 2.072220e-03 3 1 5 0 4.984162e-14 0.000000e+00
370 445 4.134622e-03 2.608770e-03 3 1 5 0 7.607675e-14 0.000000e+00
370 446 4.134622e-03 3.284247e-03 3 1 5 0 1.118153e-13 0.000000e+00
370 447 4.134622e-03 4.134622e-03 3 1 5 0 0.000000e+00 0.000000e+00
370 448 4.134622e-03 5.205181e-03 3 1 5 0 1.317164e-13 0.000000e+00
370 449 4.134622e-03 6.552935e-03 3 1 5 0 1.054465e-13 0.000000e+00
370 450 4.134622e-03 8.249656e-03 3 1 5 0 8.108255e-14 0.000000e+00
371 440 5.205181e-03 8.249656e-04 3 1 5 0 6.188202e-15 0.000000e+00
371 441 5.205181e-03 1.038570e-03 3 1 5 0 9.776931e-15 0.000000e+00
371 442 5.205181e-03 1.307482e-03 3 1 5 0 1.541771e-14 0.000000e+00
371 443 5.205181e-03 1.646023e-03 3 1 5 0 2.423798e-14 0.000000e+00
371 444 5.205181e-03 2.072220e-03 3 1 5 0 3.790887e-14 0.000000e+00
371 445 5.205181e-03 2.608770e-03 3 1 5 0 5.876728e-14 0.000000e+00
371 446 5.205181e-03 3.284247e-03 3 1 5 0 8.961991e-14 0.000000e+00
371 447 5.205181e-03 4.134622e-03 3 1 5 0 1.317164e-13 0.000000e+00
371 448 5.205181e-03 5.205181e-03 3 1 5 0 0.000000e+00 0.000000e+00
371 449 5.205181e-03 6.552935e-03 3 1 5 0 1.548278e-13 0.000000e+00
371 450 5.205181e-03 8.249656e-03 3 1 5 0 1.234616e-13 0.000000e+00
372 440 6.552935e-03 8.249656e-04 3 1 5 0 4.613679e-15 0.000000e+00
372 441 6.552935e-03 1.038570e-03 3 1 5 0 7.297547e-15 0.000000e+00
372 442 6.552935e-03 1.307482e-03 3 1 5 0 1.152888e-14 0.000000e+00
372 443 6.552935e-03 1.646023e-03 3 1 5 0 1.817846e-14 0.000000e+00
372 444 6.552935e-03 2.072220e-03 3 1 5 0 2.857277e-14 0.000000e+00
372 445 6.552935e-03 2.608770e-03 3 1 5 0 4.467387e-14 0.000000e+00
372 446 6.552935e-03 3.284247e-03 3 1 5 0 6.921399e-14 0.000000e+00
372 447 6.552935e-03 4.134622e-03 3 1 5 0 1.054465e-13 0.000000e+00
372 448 6.552935e-03 5.205181e-03 3 1 5 0 1.548278e-13 0.000000e+00
372 449 6.552935e-03 6.552935e-03 3 1 5 0 0.000000e+00 0.000000e+00
372 450 6.552935e-03 8.249656e-03 3 1 5 0 1.810934e-13 0.000000e+00
373 440 8.249656e-03 8.249656e-04 3 1 5 0 3.415307e-15 0.000000e+00
373 441 8.249656e-03 1.038570e-03 3 1 5 0 5.406099e-15 0.000000e+00
373 442 8.249656e-03 1.307482e-03 3 1 5 0 8.550967e-15 0.000000e+00
373 443 8.249656e-03 1.646023e-03 3 1 5 0 1.350910e-14 0.000000e+00
373 444 8.249656e-03 2.072220e-03 3 1 5 0 2.130084e-14 0.000000e+00
373 445 8.249656e-03 2.608770e-03 3 1 5 0 3.348015e-14 0.000000e+00
373 446 8.249656e-03 3.284247e-03 3 1 5 0 5.234391e-14 0.000000e+00
373 447 8.249656e-03 4.134622e-03 3 1 5 0 8.108255e-14 0.000000e+00
373 448 8.249656e-03 5.205181e-03 3 1 5 0 1.234616e-13 0.000000e+00
373 449 8.249656e-03 6.552935e-03 3 1 5 0 1.810934e-13 0.000000e+00
373 450 8.249656e-03 8.249656e-03 3 1 5 0 0.000000e+00 0.000000e+00
