# Please cite the following papers in research using this covariance:
# arXiv: 1601.05779, https://arxiv.org/abs/1601.05779
# arXiv: 1911.11947, https://arxiv.org/abs/1911.11947
# arXiv: 2004.04833, https://arxiv.org/abs/2004.04833
# arXiv: 1804.10663, https://arxiv.org/abs/1804.10663
########################################################
220 264 8.249656e-04 8.249656e-04 0 0 1 0 0.000000e+00 0.000000e+00
220 265 8.249656e-04 1.038570e-03 0 0 1 0 4.412843e-11 0.000000e+00
220 266 8.249656e-04 1.307482e-03 0 0 1 0 2.286424e-11 0.000000e+00
220 267 8.249656e-04 1.646023e-03 0 0 1 0 1.117219e-11 0.000000e+00
220 268 8.249656e-04 2.072220e-03 0 0 1 0 5.284147e-12 0.000000e+00
220 269 8.249656e-04 2.608770e-03 0 0 1 0 2.480045e-12 0.000000e+00
220 270 8.249656e-04 3.284247e-03 0 0 1 0 1.185744e-12 0.000000e+00
220 271 8.249656e-04 4.134622e-03 0 0 1 0 5.906468e-13 0.000000e+00
220 272 8.249656e-04 5.205181e-03 0 0 1 0 3.107504e-13 0.000000e+00
220 273 8.249656e-04 6.552935e-03 0 0 1 0 1.731114e-13 0.000000e+00
220 274 8.249656e-04 8.249656e-03 0 0 1 0 1.009671e-13 0.000000e+00
221 264 1.038570e-03 8.249656e-04 0 0 1 0 4.412843e-11 0.000000e+00
221 265 1.038570e-03 1.038570e-03 0 0 1 0 0.000000e+00 0.000000e+00
221 266 1.038570e-03 1.307482e-03 0 0 1 0 3.903980e-11 0.000000e+00
221 267 1.038570e-03 1.646023e-03 0 0 1 0 1.898276e-11 0.000000e+00
221 268 1.038570e-03 2.072220e-03 0 0 1 0 8.831594e-12 0.000000e+00
221 269 1.038570e-03 2.608770e-03 0 0 1 0 4.073507e-12 0.000000e+00
221 270 1.038570e-03 3.284247e-03 0 0 1 0 1.919882e-12 0.000000e+00
221 271 1.038570e-03 4.134622e-03 0 0 1 0 9.467737e-13 0.000000e+00
221 272 1.038570e-03 5.205181e-03 0 0 1 0 4.951781e-13 0.000000e+00
221 273 1.038570e-03 6.552935e-03 0 0 1 0 2.749373e-13 0.000000e+00
221 274 1.038570e-03 8.249656e-03 0 0 1 0 1.602051e-13 0.000000e+00
222 264 1.307482e-03 8.249656e-04 0 0 1 0 2.286424e-11 0.000000e+00
222 265 1.307482e-03 1.038570e-03 0 0 1 0 3.903980e-11 0.000000e+00
222 266 1.307482e-03 1.307482e-03 0 0 1 0 0.000000e+00 0.000000e+00
222 267 1.307482e-03 1.646023e-03 0 0 1 0 3.356806e-11 0.000000e+00
222 268 1.307482e-03 2.072220e-03 0 0 1 0 1.529730e-11 0.000000e+00
222 269 1.307482e-03 2.608770e-03 0 0 1 0 6.856590e-12 0.000000e+00
222 270 1.307482e-03 3.284247e-03 0 0 1 0 3.153740e-12 0.000000e+00
222 271 1.307482e-03 4.134622e-03 0 0 1 0 1.529286e-12 0.000000e+00
222 272 1.307482e-03 5.205181e-03 0 0 1 0 7.919474e-13 0.000000e+00
222 273 1.307482e-03 6.552935e-03 0 0 1 0 4.374097e-13 0.000000e+00
222 274 1.307482e-03 8.249656e-03 0 0 1 0 2.542291e-13 0.000000e+00
223 264 1.646023e-03 8.249656e-04 0 0 1 0 1.117219e-11 0.000000e+00
223 265 1.646023e-03 1.038570e-03 0 0 1 0 1.898276e-11 0.000000e+00
223 266 1.646023e-03 1.307482e-03 0 0 1 0 3.356806e-11 0.000000e+00
223 267 1.646023e-03 1.646023e-03 0 0 1 0 0.000000e+00 0.000000e+00
223 268 1.646023e-03 2.072220e-03 0 0 1 0 2.812568e-11 0.000000e+00
223 269 1.646023e-03 2.608770e-03 0 0 1 0 1.206730e-11 0.000000e+00
223 270 1.646023e-03 3.284247e-03 0 0 1 0 5.318350e-12 0.000000e+00
223 271 1.646023e-03 4.134622e-03 0 0 1 0 2.503508e-12 0.000000e+00
223 272 1.646023e-03 5.205181e-03 0 0 1 0 1.274156e-12 0.000000e+00
223 273 1.646023e-03 6.552935e-03 0 0 1 0 6.975753e-13 0.000000e+00
223 274 1.646023e-03 8.249656e-03 0 0 1 0 4.039298e-13 0.000000e+00
224 264 2.072220e-03 8.249656e-04 0 0 1 0 5.284147e-12 0.000000e+00
224 265 2.072220e-03 1.038570e-03 0 0 1 0 8.831594e-12 0.000000e+00
224 266 2.072220e-03 1.307482e-03 0 0 1 0 1.529730e-11 0.000000e+00
224 267 2.072220e-03 1.646023e-03 0 0 1 0 2.812568e-11 0.000000e+00
224 268 2.072220e-03 2.072220e-03 0 0 1 0 0.000000e+00 0.000000e+00
224 269 2.072220e-03 2.608770e-03 0 0 1 0 2.307401e-11 0.000000e+00
224 270 2.072220e-03 3.284247e-03 0 0 1 0 9.440821e-12 0.000000e+00
224 271 2.072220e-03 4.134622e-03 0 0 1 0 4.203826e-12 0.000000e+00
224 272 2.072220e-03 5.205181e-03 0 0 1 0 2.072889e-12 0.000000e+00
224 273 2.072220e-03 6.552935e-03 0 0 1 0 1.117362e-12 0.000000e+00
224 274 2.072220e-03 8.249656e-03 0 0 1 0 6.426302e-13 0.000000e+00
225 264 2.608770e-03 8.249656e-04 0 0 1 0 2.480045e-12 0.000000e+00
225 265 2.608770e-03 1.038570e-03 0 0 1 0 4.073507e-12 0.000000e+00
225 266 2.608770e-03 1.307482e-03 0 0 1 0 6.856590e-12 0.000000e+00
225 267 2.608770e-03 1.646023e-03 0 0 1 0 1.206730e-11 0.000000e+00
225 268 2.608770e-03 2.072220e-03 0 0 1 0 2.307401e-11 0.000000e+00
225 269 2.608770e-03 2.608770e-03 0 0 1 0 0.000000e+00 0.000000e+00
225 270 2.608770e-03 3.284247e-03 0 0 1 0 1.866798e-11 0.000000e+00
225 271 2.608770e-03 4.134622e-03 0 0 1 0 7.448483e-12 0.000000e+00
225 272 2.608770e-03 5.205181e-03 0 0 1 0 3.447555e-12 0.000000e+00
225 273 2.608770e-03 6.552935e-03 0 0 1 0 1.804407e-12 0.000000e+00
225 274 2.608770e-03 8.249656e-03 0 0 1 0 1.025348e-12 0.000000e+00
226 264 3.284247e-03 8.249656e-04 0 0 1 0 1.185744e-12 0.000000e+00
226 265 3.284247e-03 1.038570e-03 0 0 1 0 1.919882e-12 0.000000e+00
226 266 3.284247e-03 1.307482e-03 0 0 1 0 3.153740e-12 0.000000e+00
226 267 3.284247e-03 1.646023e-03 0 0 1 0 5.318350e-12 0.000000e+00
226 268 3.284247e-03 2.072220e-03 0 0 1 0 9.440821e-12 0.000000e+00
226 269 3.284247e-03 2.608770e-03 0 0 1 0 1.866798e-11 0.000000e+00
226 270 3.284247e-03 3.284247e-03 0 0 1 0 0.000000e+00 0.000000e+00
226 271 3.284247e-03 4.134622e-03 0 0 1 0 1.503804e-11 0.000000e+00
226 272 3.284247e-03 5.205181e-03 0 0 1 0 6.031444e-12 0.000000e+00
226 273 3.284247e-03 6.552935e-03 0 0 1 0 2.964100e-12 0.000000e+00
226 274 3.284247e-03 8.249656e-03 0 0 1 0 1.644823e-12 0.000000e+00
227 264 4.134622e-03 8.249656e-04 0 0 1 0 5.906468e-13 0.000000e+00
227 265 4.134622e-03 1.038570e-03 0 0 1 0 9.467737e-13 0.000000e+00
227 266 4.134622e-03 1.307482e-03 0 0 1 0 1.529286e-12 0.000000e+00
227 267 4.134622e-03 1.646023e-03 0 0 1 0 2.503508e-12 0.000000e+00
227 268 4.134622e-03 2.072220e-03 0 0 1 0 4.203826e-12 0.000000e+00
227 269 4.134622e-03 2.608770e-03 0 0 1 0 7.448483e-12 0.000000e+00
227 270 4.134622e-03 3.284247e-03 0 0 1 0 1.503804e-11 0.000000e+00
227 271 4.134622e-03 4.134622e-03 0 0 1 0 0.000000e+00 0.000000e+00
227 272 4.134622e-03 5.205181e-03 0 0 1 0 1.220061e-11 0.000000e+00
227 273 4.134622e-03 6.552935e-03 0 0 1 0 5.081064e-12 0.000000e+00
227 274 4.134622e-03 8.249656e-03 0 0 1 0 2.669848e-12 0.000000e+00
228 264 5.205181e-03 8.249656e-04 0 0 1 0 3.107504e-13 0.000000e+00
228 265 5.205181e-03 1.038570e-03 0 0 1 0 4.951781e-13 0.000000e+00
228 266 5.205181e-03 1.307482e-03 0 0 1 0 7.919474e-13 0.000000e+00
228 267 5.205181e-03 1.646023e-03 0 0 1 0 1.274156e-12 0.000000e+00
228 268 5.205181e-03 2.072220e-03 0 0 1 0 2.072889e-12 0.000000e+00
228 269 5.205181e-03 2.608770e-03 0 0 1 0 3.447555e-12 0.000000e+00
228 270 5.205181e-03 3.284247e-03 0 0 1 0 6.031444e-12 0.000000e+00
228 271 5.205181e-03 4.134622e-03 0 0 1 0 1.220061e-11 0.000000e+00
228 272 5.205181e-03 5.205181e-03 0 0 1 0 0.000000e+00 0.000000e+00
228 273 5.205181e-03 6.552935e-03 0 0 1 0 1.008643e-11 0.000000e+00
228 274 5.205181e-03 8.249656e-03 0 0 1 0 4.474716e-12 0.000000e+00
229 264 6.552935e-03 8.249656e-04 0 0 1 0 1.731114e-13 0.000000e+00
229 265 6.552935e-03 1.038570e-03 0 0 1 0 2.749373e-13 0.000000e+00
229 266 6.552935e-03 1.307482e-03 0 0 1 0 4.374097e-13 0.000000e+00
229 267 6.552935e-03 1.646023e-03 0 0 1 0 6.975753e-13 0.000000e+00
229 268 6.552935e-03 2.072220e-03 0 0 1 0 1.117362e-12 0.000000e+00
229 269 6.552935e-03 2.608770e-03 0 0 1 0 1.804407e-12 0.000000e+00
229 270 6.552935e-03 3.284247e-03 0 0 1 0 2.964100e-12 0.000000e+00
229 271 6.552935e-03 4.134622e-03 0 0 1 0 5.081064e-12 0.000000e+00
229 272 6.552935e-03 5.205181e-03 0 0 1 0 1.008643e-11 0.000000e+00
229 273 6.552935e-03 6.552935e-03 0 0 1 0 0.000000e+00 0.000000e+00
229 274 6.552935e-03 8.249656e-03 0 0 1 0 8.575426e-12 0.000000e+00
230 264 8.249656e-03 8.249656e-04 0 0 1 0 1.009671e-13 0.000000e+00
230 265 8.249656e-03 1.038570e-03 0 0 1 0 1.602051e-13 0.000000e+00
230 266 8.249656e-03 1.307482e-03 0 0 1 0 2.542291e-13 0.000000e+00
230 267 8.249656e-03 1.646023e-03 0 0 1 0 4.039298e-13 0.000000e+00
230 268 8.249656e-03 2.072220e-03 0 0 1 0 6.426302e-13 0.000000e+00
230 269 8.249656e-03 2.608770e-03 0 0 1 0 1.025348e-12 0.000000e+00
230 270 8.249656e-03 3.284247e-03 0 0 1 0 1.644823e-12 0.000000e+00
230 271 8.249656e-03 4.134622e-03 0 0 1 0 2.669848e-12 0.000000e+00
230 272 8.249656e-03 5.205181e-03 0 0 1 0 4.474716e-12 0.000000e+00
230 273 8.249656e-03 6.552935e-03 0 0 1 0 8.575426e-12 0.000000e+00
230 274 8.249656e-03 8.249656e-03 0 0 1 0 0.000000e+00 0.000000e+00
