# Please cite the following papers in research using this covariance:
# arXiv: 1601.05779, https://arxiv.org/abs/1601.05779
# arXiv: 1911.11947, https://arxiv.org/abs/1911.11947
# arXiv: 2004.04833, https://arxiv.org/abs/2004.04833
# arXiv: 1804.10663, https://arxiv.org/abs/1804.10663
########################################################
451 462 8.249656e-04 8.249656e-04 5 1 5 2 0.000000e+00 0.000000e+00
451 463 8.249656e-04 1.038570e-03 5 1 5 2 4.944720e-12 0.000000e+00
451 464 8.249656e-04 1.307482e-03 5 1 5 2 2.840353e-12 0.000000e+00
451 465 8.249656e-04 1.646023e-03 5 1 5 2 1.581364e-12 0.000000e+00
451 466 8.249656e-04 2.072220e-03 5 1 5 2 8.739586e-13 0.000000e+00
451 467 8.249656e-04 2.608770e-03 5 1 5 2 4.885956e-13 0.000000e+00
451 468 8.249656e-04 3.284247e-03 5 1 5 2 2.813852e-13 0.000000e+00
451 469 8.249656e-04 4.134622e-03 5 1 5 2 1.693005e-13 0.000000e+00
451 470 8.249656e-04 5.205181e-03 5 1 5 2 1.069385e-13 0.000000e+00
451 471 8.249656e-04 6.552935e-03 5 1 5 2 7.055404e-14 0.000000e+00
451 472 8.249656e-04 8.249656e-03 5 1 5 2 4.798517e-14 0.000000e+00
452 462 1.038570e-03 8.249656e-04 5 1 5 2 4.944720e-12 0.000000e+00
452 463 1.038570e-03 1.038570e-03 5 1 5 2 0.000000e+00 0.000000e+00
452 464 1.038570e-03 1.307482e-03 5 1 5 2 4.644116e-12 0.000000e+00
452 465 1.038570e-03 1.646023e-03 5 1 5 2 2.585844e-12 0.000000e+00
452 466 1.038570e-03 2.072220e-03 5 1 5 2 1.416686e-12 0.000000e+00
452 467 1.038570e-03 2.608770e-03 5 1 5 2 7.851318e-13 0.000000e+00
452 468 1.038570e-03 3.284247e-03 5 1 5 2 4.491417e-13 0.000000e+00
452 469 1.038570e-03 4.134622e-03 5 1 5 2 2.690787e-13 0.000000e+00
452 470 1.038570e-03 5.205181e-03 5 1 5 2 1.695900e-13 0.000000e+00
452 471 1.038570e-03 6.552935e-03 5 1 5 2 1.117788e-13 0.000000e+00
452 472 1.038570e-03 8.249656e-03 5 1 5 2 7.600902e-14 0.000000e+00
453 462 1.307482e-03 8.249656e-04 5 1 5 2 2.840353e-12 0.000000e+00
453 463 1.307482e-03 1.038570e-03 5 1 5 2 4.644116e-12 0.000000e+00
453 464 1.307482e-03 1.307482e-03 5 1 5 2 0.000000e+00 0.000000e+00
453 465 1.307482e-03 1.646023e-03 5 1 5 2 4.298503e-12 0.000000e+00
453 466 1.307482e-03 2.072220e-03 5 1 5 2 2.332329e-12 0.000000e+00
453 467 1.307482e-03 2.608770e-03 5 1 5 2 1.273895e-12 0.000000e+00
453 468 1.307482e-03 3.284247e-03 5 1 5 2 7.204723e-13 0.000000e+00
453 469 1.307482e-03 4.134622e-03 5 1 5 2 4.285049e-13 0.000000e+00
453 470 1.307482e-03 5.205181e-03 5 1 5 2 2.690575e-13 0.000000e+00
453 471 1.307482e-03 6.552935e-03 5 1 5 2 1.770735e-13 0.000000e+00
453 472 1.307482e-03 8.249656e-03 5 1 5 2 1.203742e-13 0.000000e+00
454 462 1.646023e-03 8.249656e-04 5 1 5 2 1.581364e-12 0.000000e+00
454 463 1.646023e-03 1.038570e-03 5 1 5 2 2.585844e-12 0.000000e+00
454 464 1.646023e-03 1.307482e-03 5 1 5 2 4.298503e-12 0.000000e+00
454 465 1.646023e-03 1.646023e-03 5 1 5 2 0.000000e+00 0.000000e+00
454 466 1.646023e-03 2.072220e-03 5 1 5 2 3.938666e-12 0.000000e+00
454 467 1.646023e-03 2.608770e-03 5 1 5 2 2.104521e-12 0.000000e+00
454 468 1.646023e-03 3.284247e-03 5 1 5 2 1.166408e-12 0.000000e+00
454 469 1.646023e-03 4.134622e-03 5 1 5 2 6.848912e-13 0.000000e+00
454 470 1.646023e-03 5.205181e-03 5 1 5 2 4.272376e-13 0.000000e+00
454 471 1.646023e-03 6.552935e-03 5 1 5 2 2.804361e-13 0.000000e+00
454 472 1.646023e-03 8.249656e-03 5 1 5 2 1.905290e-13 0.000000e+00
455 462 2.072220e-03 8.249656e-04 5 1 5 2 8.739586e-13 0.000000e+00
455 463 2.072220e-03 1.038570e-03 5 1 5 2 1.416686e-12 0.000000e+00
455 464 2.072220e-03 1.307482e-03 5 1 5 2 2.332329e-12 0.000000e+00
455 465 2.072220e-03 1.646023e-03 5 1 5 2 3.938666e-12 0.000000e+00
455 466 2.072220e-03 2.072220e-03 5 1 5 2 0.000000e+00 0.000000e+00
455 467 2.072220e-03 2.608770e-03 5 1 5 2 3.597664e-12 0.000000e+00
455 468 2.072220e-03 3.284247e-03 5 1 5 2 1.923879e-12 0.000000e+00
455 469 2.072220e-03 4.134622e-03 5 1 5 2 1.102771e-12 0.000000e+00
455 470 2.072220e-03 5.205181e-03 5 1 5 2 6.796744e-13 0.000000e+00
455 471 2.072220e-03 6.552935e-03 5 1 5 2 4.440463e-13 0.000000e+00
455 472 2.072220e-03 8.249656e-03 5 1 5 2 3.013624e-13 0.000000e+00
456 462 2.608770e-03 8.249656e-04 5 1 5 2 4.885956e-13 0.000000e+00
456 463 2.608770e-03 1.038570e-03 5 1 5 2 7.851318e-13 0.000000e+00
456 464 2.608770e-03 1.307482e-03 5 1 5 2 1.273895e-12 0.000000e+00
456 465 2.608770e-03 1.646023e-03 5 1 5 2 2.104521e-12 0.000000e+00
456 466 2.608770e-03 2.072220e-03 5 1 5 2 3.597664e-12 0.000000e+00
456 467 2.608770e-03 2.608770e-03 5 1 5 2 0.000000e+00 0.000000e+00
456 468 2.608770e-03 3.284247e-03 5 1 5 2 3.306266e-12 0.000000e+00
456 469 2.608770e-03 4.134622e-03 5 1 5 2 1.805516e-12 0.000000e+00
456 470 2.608770e-03 5.205181e-03 5 1 5 2 1.086098e-12 0.000000e+00
456 471 2.608770e-03 6.552935e-03 5 1 5 2 7.031145e-13 0.000000e+00
456 472 2.608770e-03 8.249656e-03 5 1 5 2 4.761295e-13 0.000000e+00
457 462 3.284247e-03 8.249656e-04 5 1 5 2 2.813852e-13 0.000000e+00
457 463 3.284247e-03 1.038570e-03 5 1 5 2 4.491417e-13 0.000000e+00
457 464 3.284247e-03 1.307482e-03 5 1 5 2 7.204723e-13 0.000000e+00
457 465 3.284247e-03 1.646023e-03 5 1 5 2 1.166408e-12 0.000000e+00
457 466 3.284247e-03 2.072220e-03 5 1 5 2 1.923879e-12 0.000000e+00
457 467 3.284247e-03 2.608770e-03 5 1 5 2 3.306266e-12 0.000000e+00
457 468 3.284247e-03 3.284247e-03 5 1 5 2 0.000000e+00 0.000000e+00
457 469 3.284247e-03 4.134622e-03 5 1 5 2 3.089047e-12 0.000000e+00
457 470 3.284247e-03 5.205181e-03 5 1 5 2 1.756982e-12 0.000000e+00
457 471 3.284247e-03 6.552935e-03 5 1 5 2 1.114633e-12 0.000000e+00
457 472 3.284247e-03 8.249656e-03 5 1 5 2 7.510693e-13 0.000000e+00
458 462 4.134622e-03 8.249656e-04 5 1 5 2 1.693005e-13 0.000000e+00
458 463 4.134622e-03 1.038570e-03 5 1 5 2 2.690787e-13 0.000000e+00
458 464 4.134622e-03 1.307482e-03 5 1 5 2 4.285049e-13 0.000000e+00
458 465 4.134622e-03 1.646023e-03 5 1 5 2 6.848912e-13 0.000000e+00
458 466 4.134622e-03 2.072220e-03 5 1 5 2 1.102771e-12 0.000000e+00
458 467 4.134622e-03 2.608770e-03 5 1 5 2 1.805516e-12 0.000000e+00
458 468 4.134622e-03 3.284247e-03 5 1 5 2 3.089047e-12 0.000000e+00
458 469 4.134622e-03 4.134622e-03 5 1 5 2 0.000000e+00 0.000000e+00
458 470 4.134622e-03 5.205181e-03 5 1 5 2 2.962065e-12 0.000000e+00
458 471 4.134622e-03 6.552935e-03 5 1 5 2 1.778237e-12 0.000000e+00
458 472 4.134622e-03 8.249656e-03 5 1 5 2 1.182637e-12 0.000000e+00
459 462 5.205181e-03 8.249656e-04 5 1 5 2 1.069385e-13 0.000000e+00
459 463 5.205181e-03 1.038570e-03 5 1 5 2 1.695900e-13 0.000000e+00
459 464 5.205181e-03 1.307482e-03 5 1 5 2 2.690575e-13 0.000000e+00
459 465 5.205181e-03 1.646023e-03 5 1 5 2 4.272376e-13 0.000000e+00
459 466 5.205181e-03 2.072220e-03 5 1 5 2 6.796744e-13 0.000000e+00
459 467 5.205181e-03 2.608770e-03 5 1 5 2 1.086098e-12 0.000000e+00
459 468 5.205181e-03 3.284247e-03 5 1 5 2 1.756982e-12 0.000000e+00
459 469 5.205181e-03 4.134622e-03 5 1 5 2 2.962065e-12 0.000000e+00
459 470 5.205181e-03 5.205181e-03 5 1 5 2 0.000000e+00 0.000000e+00
459 471 5.205181e-03 6.552935e-03 5 1 5 2 2.931709e-12 0.000000e+00
459 472 5.205181e-03 8.249656e-03 5 1 5 2 1.862633e-12 0.000000e+00
460 462 6.552935e-03 8.249656e-04 5 1 5 2 7.055404e-14 0.000000e+00
460 463 6.552935e-03 1.038570e-03 5 1 5 2 1.117788e-13 0.000000e+00
460 464 6.552935e-03 1.307482e-03 5 1 5 2 1.770735e-13 0.000000e+00
460 465 6.552935e-03 1.646023e-03 5 1 5 2 2.804361e-13 0.000000e+00
460 466 6.552935e-03 2.072220e-03 5 1 5 2 4.440463e-13 0.000000e+00
460 467 6.552935e-03 2.608770e-03 5 1 5 2 7.031145e-13 0.000000e+00
460 468 6.552935e-03 3.284247e-03 5 1 5 2 1.114633e-12 0.000000e+00
460 469 6.552935e-03 4.134622e-03 5 1 5 2 1.778237e-12 0.000000e+00
460 470 6.552935e-03 5.205181e-03 5 1 5 2 2.931709e-12 0.000000e+00
460 471 6.552935e-03 6.552935e-03 5 1 5 2 0.000000e+00 0.000000e+00
460 472 6.552935e-03 8.249656e-03 5 1 5 2 2.994606e-12 0.000000e+00
461 462 8.249656e-03 8.249656e-04 5 1 5 2 4.798517e-14 0.000000e+00
461 463 8.249656e-03 1.038570e-03 5 1 5 2 7.600902e-14 0.000000e+00
461 464 8.249656e-03 1.307482e-03 5 1 5 2 1.203742e-13 0.000000e+00
461 465 8.249656e-03 1.646023e-03 5 1 5 2 1.905290e-13 0.000000e+00
461 466 8.249656e-03 2.072220e-03 5 1 5 2 3.013624e-13 0.000000e+00
461 467 8.249656e-03 2.608770e-03 5 1 5 2 4.761295e-13 0.000000e+00
461 468 8.249656e-03 3.284247e-03 5 1 5 2 7.510693e-13 0.000000e+00
461 469 8.249656e-03 4.134622e-03 5 1 5 2 1.182637e-12 0.000000e+00
461 470 8.249656e-03 5.205181e-03 5 1 5 2 1.862633e-12 0.000000e+00
461 471 8.249656e-03 6.552935e-03 5 1 5 2 2.994606e-12 0.000000e+00
461 472 8.249656e-03 8.249656e-03 5 1 5 2 0.000000e+00 0.000000e+00
