# Please cite the following papers in research using this covariance:
# arXiv: 1601.05779, https://arxiv.org/abs/1601.05779
# arXiv: 1911.11947, https://arxiv.org/abs/1911.11947
# arXiv: 2004.04833, https://arxiv.org/abs/2004.04833
# arXiv: 1804.10663, https://arxiv.org/abs/1804.10663
########################################################
374 473 8.249656e-04 8.249656e-04 3 2 5 3 0.000000e+00 0.000000e+00
374 474 8.249656e-04 1.038570e-03 3 2 5 3 2.638443e-13 0.000000e+00
374 475 8.249656e-04 1.307482e-03 3 2 5 3 2.107640e-13 0.000000e+00
374 476 8.249656e-04 1.646023e-03 3 2 5 3 1.555177e-13 0.000000e+00
374 477 8.249656e-04 2.072220e-03 3 2 5 3 1.118182e-13 0.000000e+00
374 478 8.249656e-04 2.608770e-03 3 2 5 3 8.058903e-14 0.000000e+00
374 479 8.249656e-04 3.284247e-03 3 2 5 3 5.905337e-14 0.000000e+00
374 480 8.249656e-04 4.134622e-03 3 2 5 3 4.417194e-14 0.000000e+00
374 481 8.249656e-04 5.205181e-03 3 2 5 3 3.362102e-14 0.000000e+00
374 482 8.249656e-04 6.552935e-03 3 2 5 3 2.585103e-14 0.000000e+00
374 483 8.249656e-04 8.249656e-03 3 2 5 3 1.989311e-14 0.000000e+00
375 473 1.038570e-03 8.249656e-04 3 2 5 3 2.638443e-13 0.000000e+00
375 474 1.038570e-03 1.038570e-03 3 2 5 3 0.000000e+00 0.000000e+00
375 475 1.038570e-03 1.307482e-03 3 2 5 3 3.061142e-13 0.000000e+00
375 476 1.038570e-03 1.646023e-03 3 2 5 3 2.384466e-13 0.000000e+00
375 477 1.038570e-03 2.072220e-03 3 2 5 3 1.745356e-13 0.000000e+00
375 478 1.038570e-03 2.608770e-03 3 2 5 3 1.265966e-13 0.000000e+00
375 479 1.038570e-03 3.284247e-03 3 2 5 3 9.302461e-14 0.000000e+00
375 480 1.038570e-03 4.134622e-03 3 2 5 3 6.969981e-14 0.000000e+00
375 481 1.038570e-03 5.205181e-03 3 2 5 3 5.311816e-14 0.000000e+00
375 482 1.038570e-03 6.552935e-03 3 2 5 3 4.088196e-14 0.000000e+00
375 483 1.038570e-03 8.249656e-03 3 2 5 3 3.148271e-14 0.000000e+00
376 473 1.307482e-03 8.249656e-04 3 2 5 3 2.107640e-13 0.000000e+00
376 474 1.307482e-03 1.038570e-03 3 2 5 3 3.061142e-13 0.000000e+00
376 475 1.307482e-03 1.307482e-03 3 2 5 3 0.000000e+00 0.000000e+00
376 476 1.307482e-03 1.646023e-03 3 2 5 3 3.501411e-13 0.000000e+00
376 477 1.307482e-03 2.072220e-03 3 2 5 3 2.687381e-13 0.000000e+00
376 478 1.307482e-03 2.608770e-03 3 2 5 3 1.976456e-13 0.000000e+00
376 479 1.307482e-03 3.284247e-03 3 2 5 3 1.459824e-13 0.000000e+00
376 480 1.307482e-03 4.134622e-03 3 2 5 3 1.096884e-13 0.000000e+00
376 481 1.307482e-03 5.205181e-03 3 2 5 3 8.376425e-14 0.000000e+00
376 482 1.307482e-03 6.552935e-03 3 2 5 3 6.456915e-14 0.000000e+00
376 483 1.307482e-03 8.249656e-03 3 2 5 3 4.978171e-14 0.000000e+00
377 473 1.646023e-03 8.249656e-04 3 2 5 3 1.555177e-13 0.000000e+00
377 474 1.646023e-03 1.038570e-03 3 2 5 3 2.384466e-13 0.000000e+00
377 475 1.646023e-03 1.307482e-03 3 2 5 3 3.501411e-13 0.000000e+00
377 476 1.646023e-03 1.646023e-03 3 2 5 3 0.000000e+00 0.000000e+00
377 477 1.646023e-03 2.072220e-03 3 2 5 3 3.982990e-13 0.000000e+00
377 478 1.646023e-03 2.608770e-03 3 2 5 3 3.047856e-13 0.000000e+00
377 479 1.646023e-03 3.284247e-03 3 2 5 3 2.276025e-13 0.000000e+00
377 480 1.646023e-03 4.134622e-03 3 2 5 3 1.718689e-13 0.000000e+00
377 481 1.646023e-03 5.205181e-03 3 2 5 3 1.316904e-13 0.000000e+00
377 482 1.646023e-03 6.552935e-03 3 2 5 3 1.017691e-13 0.000000e+00
377 483 1.646023e-03 8.249656e-03 3 2 5 3 7.860856e-14 0.000000e+00
378 473 2.072220e-03 8.249656e-04 3 2 5 3 1.118182e-13 0.000000e+00
378 474 2.072220e-03 1.038570e-03 3 2 5 3 1.745356e-13 0.000000e+00
378 475 2.072220e-03 1.307482e-03 3 2 5 3 2.687381e-13 0.000000e+00
378 476 2.072220e-03 1.646023e-03 3 2 5 3 3.982990e-13 0.000000e+00
378 477 2.072220e-03 2.072220e-03 3 2 5 3 0.000000e+00 0.000000e+00
378 478 2.072220e-03 2.608770e-03 3 2 5 3 4.544428e-13 0.000000e+00
378 479 2.072220e-03 3.284247e-03 3 2 5 3 3.505600e-13 0.000000e+00
378 480 2.072220e-03 4.134622e-03 3 2 5 3 2.673349e-13 0.000000e+00
378 481 2.072220e-03 5.205181e-03 3 2 5 3 2.060099e-13 0.000000e+00
378 482 2.072220e-03 6.552935e-03 3 2 5 3 1.598619e-13 0.000000e+00
378 483 2.072220e-03 8.249656e-03 3 2 5 3 1.238537e-13 0.000000e+00
379 473 2.608770e-03 8.249656e-04 3 2 5 3 8.058903e-14 0.000000e+00
379 474 2.608770e-03 1.038570e-03 3 2 5 3 1.265966e-13 0.000000e+00
379 475 2.608770e-03 1.307482e-03 3 2 5 3 1.976456e-13 0.000000e+00
379 476 2.608770e-03 1.646023e-03 3 2 5 3 3.047856e-13 0.000000e+00
379 477 2.608770e-03 2.072220e-03 3 2 5 3 4.544428e-13 0.000000e+00
379 478 2.608770e-03 2.608770e-03 3 2 5 3 0.000000e+00 0.000000e+00
379 479 2.608770e-03 3.284247e-03 3 2 5 3 5.236582e-13 0.000000e+00
379 480 2.608770e-03 4.134622e-03 3 2 5 3 4.104310e-13 0.000000e+00
379 481 2.608770e-03 5.205181e-03 3 2 5 3 3.195980e-13 0.000000e+00
379 482 2.608770e-03 6.552935e-03 3 2 5 3 2.497302e-13 0.000000e+00
379 483 2.608770e-03 8.249656e-03 3 2 5 3 1.944390e-13 0.000000e+00
380 473 3.284247e-03 8.249656e-04 3 2 5 3 5.905337e-14 0.000000e+00
380 474 3.284247e-03 1.038570e-03 3 2 5 3 9.302461e-14 0.000000e+00
380 475 3.284247e-03 1.307482e-03 3 2 5 3 1.459824e-13 0.000000e+00
380 476 3.284247e-03 1.646023e-03 3 2 5 3 2.276025e-13 0.000000e+00
380 477 3.284247e-03 2.072220e-03 3 2 5 3 3.505600e-13 0.000000e+00
380 478 3.284247e-03 2.608770e-03 3 2 5 3 5.236582e-13 0.000000e+00
380 479 3.284247e-03 3.284247e-03 3 2 5 3 0.000000e+00 0.000000e+00
380 480 3.284247e-03 4.134622e-03 3 2 5 3 6.117939e-13 0.000000e+00
380 481 3.284247e-03 5.205181e-03 3 2 5 3 4.886295e-13 0.000000e+00
380 482 3.284247e-03 6.552935e-03 3 2 5 3 3.865050e-13 0.000000e+00
380 483 3.284247e-03 8.249656e-03 3 2 5 3 3.034403e-13 0.000000e+00
381 473 4.134622e-03 8.249656e-04 3 2 5 3 4.417194e-14 0.000000e+00
381 474 4.134622e-03 1.038570e-03 3 2 5 3 6.969981e-14 0.000000e+00
381 475 4.134622e-03 1.307482e-03 3 2 5 3 1.096884e-13 0.000000e+00
381 476 4.134622e-03 1.646023e-03 3 2 5 3 1.718689e-13 0.000000e+00
381 477 4.134622e-03 2.072220e-03 3 2 5 3 2.673349e-13 0.000000e+00
381 478 4.134622e-03 2.608770e-03 3 2 5 3 4.104310e-13 0.000000e+00
381 479 4.134622e-03 3.284247e-03 3 2 5 3 6.117939e-13 0.000000e+00
381 480 4.134622e-03 4.134622e-03 3 2 5 3 0.000000e+00 0.000000e+00
381 481 4.134622e-03 5.205181e-03 3 2 5 3 7.247525e-13 0.000000e+00
381 482 4.134622e-03 6.552935e-03 3 2 5 3 5.884987e-13 0.000000e+00
381 483 4.134622e-03 8.249656e-03 3 2 5 3 4.687900e-13 0.000000e+00
382 473 5.205181e-03 8.249656e-04 3 2 5 3 3.362102e-14 0.000000e+00
382 474 5.205181e-03 1.038570e-03 3 2 5 3 5.311816e-14 0.000000e+00
382 475 5.205181e-03 1.307482e-03 3 2 5 3 8.376425e-14 0.000000e+00
382 476 5.205181e-03 1.646023e-03 3 2 5 3 1.316904e-13 0.000000e+00
382 477 5.205181e-03 2.072220e-03 3 2 5 3 2.060099e-13 0.000000e+00
382 478 5.205181e-03 2.608770e-03 3 2 5 3 3.195980e-13 0.000000e+00
382 479 5.205181e-03 3.284247e-03 3 2 5 3 4.886295e-13 0.000000e+00
382 480 5.205181e-03 4.134622e-03 3 2 5 3 7.247525e-13 0.000000e+00
382 481 5.205181e-03 5.205181e-03 3 2 5 3 0.000000e+00 0.000000e+00
382 482 5.205181e-03 6.552935e-03 3 2 5 3 8.674073e-13 0.000000e+00
382 483 5.205181e-03 8.249656e-03 3 2 5 3 7.113783e-13 0.000000e+00
383 473 6.552935e-03 8.249656e-04 3 2 5 3 2.585103e-14 0.000000e+00
383 474 6.552935e-03 1.038570e-03 3 2 5 3 4.088196e-14 0.000000e+00
383 475 6.552935e-03 1.307482e-03 3 2 5 3 6.456915e-14 0.000000e+00
383 476 6.552935e-03 1.646023e-03 3 2 5 3 1.017691e-13 0.000000e+00
383 477 6.552935e-03 2.072220e-03 3 2 5 3 1.598619e-13 0.000000e+00
383 478 6.552935e-03 2.608770e-03 3 2 5 3 2.497302e-13 0.000000e+00
383 479 6.552935e-03 3.284247e-03 3 2 5 3 3.865050e-13 0.000000e+00
383 480 6.552935e-03 4.134622e-03 3 2 5 3 5.884987e-13 0.000000e+00
383 481 6.552935e-03 5.205181e-03 3 2 5 3 8.674073e-13 0.000000e+00
383 482 6.552935e-03 6.552935e-03 3 2 5 3 0.000000e+00 0.000000e+00
383 483 6.552935e-03 8.249656e-03 3 2 5 3 1.041983e-12 0.000000e+00
384 473 8.249656e-03 8.249656e-04 3 2 5 3 1.989311e-14 0.000000e+00
384 474 8.249656e-03 1.038570e-03 3 2 5 3 3.148271e-14 0.000000e+00
384 475 8.249656e-03 1.307482e-03 3 2 5 3 4.978171e-14 0.000000e+00
384 476 8.249656e-03 1.646023e-03 3 2 5 3 7.860856e-14 0.000000e+00
384 477 8.249656e-03 2.072220e-03 3 2 5 3 1.238537e-13 0.000000e+00
384 478 8.249656e-03 2.608770e-03 3 2 5 3 1.944390e-13 0.000000e+00
384 479 8.249656e-03 3.284247e-03 3 2 5 3 3.034403e-13 0.000000e+00
384 480 8.249656e-03 4.134622e-03 3 2 5 3 4.687900e-13 0.000000e+00
384 481 8.249656e-03 5.205181e-03 3 2 5 3 7.113783e-13 0.000000e+00
384 482 8.249656e-03 6.552935e-03 3 2 5 3 1.041983e-12 0.000000e+00
384 483 8.249656e-03 8.249656e-03 3 2 5 3 0.000000e+00 0.000000e+00
