# Please cite the following papers in research using this covariance:
# arXiv: 1601.05779, https://arxiv.org/abs/1601.05779
# arXiv: 1911.11947, https://arxiv.org/abs/1911.11947
# arXiv: 2004.04833, https://arxiv.org/abs/2004.04833
# arXiv: 1804.10663, https://arxiv.org/abs/1804.10663
########################################################
220 374 8.249656e-04 8.249656e-04 0 0 3 2 0.000000e+00 0.000000e+00
220 375 8.249656e-04 1.038570e-03 0 0 3 2 1.068109e-13 0.000000e+00
220 376 8.249656e-04 1.307482e-03 0 0 3 2 9.286133e-14 0.000000e+00
220 377 8.249656e-04 1.646023e-03 0 0 3 2 7.294880e-14 0.000000e+00
220 378 8.249656e-04 2.072220e-03 0 0 3 2 5.360764e-14 0.000000e+00
220 379 8.249656e-04 2.608770e-03 0 0 3 2 3.770798e-14 0.000000e+00
220 380 8.249656e-04 3.284247e-03 0 0 3 2 2.589680e-14 0.000000e+00
220 381 8.249656e-04 4.134622e-03 0 0 3 2 1.769172e-14 0.000000e+00
220 382 8.249656e-04 5.205181e-03 0 0 3 2 1.221874e-14 0.000000e+00
220 383 8.249656e-04 6.552935e-03 0 0 3 2 8.626046e-15 0.000000e+00
220 384 8.249656e-04 8.249656e-03 0 0 3 2 6.247633e-15 0.000000e+00
221 374 1.038570e-03 8.249656e-04 0 0 3 2 1.068109e-13 0.000000e+00
221 375 1.038570e-03 1.038570e-03 0 0 3 2 0.000000e+00 0.000000e+00
221 376 1.038570e-03 1.307482e-03 0 0 3 2 1.317318e-13 0.000000e+00
221 377 1.038570e-03 1.646023e-03 0 0 3 2 1.099615e-13 0.000000e+00
221 378 1.038570e-03 2.072220e-03 0 0 3 2 8.306404e-14 0.000000e+00
221 379 1.038570e-03 2.608770e-03 0 0 3 2 5.917162e-14 0.000000e+00
221 380 1.038570e-03 3.284247e-03 0 0 3 2 4.086240e-14 0.000000e+00
221 381 1.038570e-03 4.134622e-03 0 0 3 2 2.797687e-14 0.000000e+00
221 382 1.038570e-03 5.205181e-03 0 0 3 2 1.933760e-14 0.000000e+00
221 383 1.038570e-03 6.552935e-03 0 0 3 2 1.365617e-14 0.000000e+00
221 384 1.038570e-03 8.249656e-03 0 0 3 2 9.892991e-15 0.000000e+00
222 374 1.307482e-03 8.249656e-04 0 0 3 2 9.286133e-14 0.000000e+00
222 375 1.307482e-03 1.038570e-03 0 0 3 2 1.317318e-13 0.000000e+00
222 376 1.307482e-03 1.307482e-03 0 0 3 2 0.000000e+00 0.000000e+00
222 377 1.307482e-03 1.646023e-03 0 0 3 2 1.571962e-13 0.000000e+00
222 378 1.307482e-03 2.072220e-03 0 0 3 2 1.261263e-13 0.000000e+00
222 379 1.307482e-03 2.608770e-03 0 0 3 2 9.211958e-14 0.000000e+00
222 380 1.307482e-03 3.284247e-03 0 0 3 2 6.427188e-14 0.000000e+00
222 381 1.307482e-03 4.134622e-03 0 0 3 2 4.417706e-14 0.000000e+00
222 382 1.307482e-03 5.205181e-03 0 0 3 2 3.057736e-14 0.000000e+00
222 383 1.307482e-03 6.552935e-03 0 0 3 2 2.160537e-14 0.000000e+00
222 384 1.307482e-03 8.249656e-03 0 0 3 2 1.565717e-14 0.000000e+00
223 374 1.646023e-03 8.249656e-04 0 0 3 2 7.294880e-14 0.000000e+00
223 375 1.646023e-03 1.038570e-03 0 0 3 2 1.099615e-13 0.000000e+00
223 376 1.646023e-03 1.307482e-03 0 0 3 2 1.571962e-13 0.000000e+00
223 377 1.646023e-03 1.646023e-03 0 0 3 2 0.000000e+00 0.000000e+00
223 378 1.646023e-03 2.072220e-03 0 0 3 2 1.821416e-13 0.000000e+00
223 379 1.646023e-03 2.608770e-03 0 0 3 2 1.409746e-13 0.000000e+00
223 380 1.646023e-03 3.284247e-03 0 0 3 2 1.004666e-13 0.000000e+00
223 381 1.646023e-03 4.134622e-03 0 0 3 2 6.957857e-14 0.000000e+00
223 382 1.646023e-03 5.205181e-03 0 0 3 2 4.828063e-14 0.000000e+00
223 383 1.646023e-03 6.552935e-03 0 0 3 2 3.414580e-14 0.000000e+00
223 384 1.646023e-03 8.249656e-03 0 0 3 2 2.475910e-14 0.000000e+00
224 374 2.072220e-03 8.249656e-04 0 0 3 2 5.360764e-14 0.000000e+00
224 375 2.072220e-03 1.038570e-03 0 0 3 2 8.306404e-14 0.000000e+00
224 376 2.072220e-03 1.307482e-03 0 0 3 2 1.261263e-13 0.000000e+00
224 377 2.072220e-03 1.646023e-03 0 0 3 2 1.821416e-13 0.000000e+00
224 378 2.072220e-03 2.072220e-03 0 0 3 2 0.000000e+00 0.000000e+00
224 379 2.072220e-03 2.608770e-03 0 0 3 2 2.060331e-13 0.000000e+00
224 380 2.072220e-03 3.284247e-03 0 0 3 2 1.548657e-13 0.000000e+00
224 381 2.072220e-03 4.134622e-03 0 0 3 2 1.090431e-13 0.000000e+00
224 382 2.072220e-03 5.205181e-03 0 0 3 2 7.604713e-14 0.000000e+00
224 383 2.072220e-03 6.552935e-03 0 0 3 2 5.387352e-14 0.000000e+00
224 384 2.072220e-03 8.249656e-03 0 0 3 2 3.910013e-14 0.000000e+00
225 374 2.608770e-03 8.249656e-04 0 0 3 2 3.770798e-14 0.000000e+00
225 375 2.608770e-03 1.038570e-03 0 0 3 2 5.917162e-14 0.000000e+00
225 376 2.608770e-03 1.307482e-03 0 0 3 2 9.211958e-14 0.000000e+00
225 377 2.608770e-03 1.646023e-03 0 0 3 2 1.409746e-13 0.000000e+00
225 378 2.608770e-03 2.072220e-03 0 0 3 2 2.060331e-13 0.000000e+00
225 379 2.608770e-03 2.608770e-03 0 0 3 2 0.000000e+00 0.000000e+00
225 380 2.608770e-03 3.284247e-03 0 0 3 2 2.291792e-13 0.000000e+00
225 381 2.608770e-03 4.134622e-03 0 0 3 2 1.689853e-13 0.000000e+00
225 382 2.608770e-03 5.205181e-03 0 0 3 2 1.192497e-13 0.000000e+00
225 383 2.608770e-03 6.552935e-03 0 0 3 2 8.476214e-14 0.000000e+00
225 384 2.608770e-03 8.249656e-03 0 0 3 2 6.161576e-14 0.000000e+00
226 374 3.284247e-03 8.249656e-04 0 0 3 2 2.589680e-14 0.000000e+00
226 375 3.284247e-03 1.038570e-03 0 0 3 2 4.086240e-14 0.000000e+00
226 376 3.284247e-03 1.307482e-03 0 0 3 2 6.427188e-14 0.000000e+00
226 377 3.284247e-03 1.646023e-03 0 0 3 2 1.004666e-13 0.000000e+00
226 378 3.284247e-03 2.072220e-03 0 0 3 2 1.548657e-13 0.000000e+00
226 379 3.284247e-03 2.608770e-03 0 0 3 2 2.291792e-13 0.000000e+00
226 380 3.284247e-03 3.284247e-03 0 0 3 2 0.000000e+00 0.000000e+00
226 381 3.284247e-03 4.134622e-03 0 0 3 2 2.528767e-13 0.000000e+00
226 382 3.284247e-03 5.205181e-03 0 0 3 2 1.852339e-13 0.000000e+00
226 383 3.284247e-03 6.552935e-03 0 0 3 2 1.327271e-13 0.000000e+00
226 384 3.284247e-03 8.249656e-03 0 0 3 2 9.676106e-14 0.000000e+00
227 374 4.134622e-03 8.249656e-04 0 0 3 2 1.769172e-14 0.000000e+00
227 375 4.134622e-03 1.038570e-03 0 0 3 2 2.797687e-14 0.000000e+00
227 376 4.134622e-03 1.307482e-03 0 0 3 2 4.417706e-14 0.000000e+00
227 377 4.134622e-03 1.646023e-03 0 0 3 2 6.957857e-14 0.000000e+00
227 378 4.134622e-03 2.072220e-03 0 0 3 2 1.090431e-13 0.000000e+00
227 379 4.134622e-03 2.608770e-03 0 0 3 2 1.689853e-13 0.000000e+00
227 380 4.134622e-03 3.284247e-03 0 0 3 2 2.528767e-13 0.000000e+00
227 381 4.134622e-03 4.134622e-03 0 0 3 2 0.000000e+00 0.000000e+00
227 382 4.134622e-03 5.205181e-03 0 0 3 2 2.793532e-13 0.000000e+00
227 383 4.134622e-03 6.552935e-03 0 0 3 2 2.059540e-13 0.000000e+00
227 384 4.134622e-03 8.249656e-03 0 0 3 2 1.510854e-13 0.000000e+00
228 374 5.205181e-03 8.249656e-04 0 0 3 2 1.221874e-14 0.000000e+00
228 375 5.205181e-03 1.038570e-03 0 0 3 2 1.933760e-14 0.000000e+00
228 376 5.205181e-03 1.307482e-03 0 0 3 2 3.057736e-14 0.000000e+00
228 377 5.205181e-03 1.646023e-03 0 0 3 2 4.828063e-14 0.000000e+00
228 378 5.205181e-03 2.072220e-03 0 0 3 2 7.604713e-14 0.000000e+00
228 379 5.205181e-03 2.608770e-03 0 0 3 2 1.192497e-13 0.000000e+00
228 380 5.205181e-03 3.284247e-03 0 0 3 2 1.852339e-13 0.000000e+00
228 381 5.205181e-03 4.134622e-03 0 0 3 2 2.793532e-13 0.000000e+00
228 382 5.205181e-03 5.205181e-03 0 0 3 2 0.000000e+00 0.000000e+00
228 383 5.205181e-03 6.552935e-03 0 0 3 2 3.115096e-13 0.000000e+00
228 384 5.205181e-03 8.249656e-03 0 0 3 2 2.335471e-13 0.000000e+00
229 374 6.552935e-03 8.249656e-04 0 0 3 2 8.626046e-15 0.000000e+00
229 375 6.552935e-03 1.038570e-03 0 0 3 2 1.365617e-14 0.000000e+00
229 376 6.552935e-03 1.307482e-03 0 0 3 2 2.160537e-14 0.000000e+00
229 377 6.552935e-03 1.646023e-03 0 0 3 2 3.414580e-14 0.000000e+00
229 378 6.552935e-03 2.072220e-03 0 0 3 2 5.387352e-14 0.000000e+00
229 379 6.552935e-03 2.608770e-03 0 0 3 2 8.476214e-14 0.000000e+00
229 380 6.552935e-03 3.284247e-03 0 0 3 2 1.327271e-13 0.000000e+00
229 381 6.552935e-03 4.134622e-03 0 0 3 2 2.059540e-13 0.000000e+00
229 382 6.552935e-03 5.205181e-03 0 0 3 2 3.115096e-13 0.000000e+00
229 383 6.552935e-03 6.552935e-03 0 0 3 2 0.000000e+00 0.000000e+00
229 384 6.552935e-03 8.249656e-03 0 0 3 2 3.524797e-13 0.000000e+00
230 374 8.249656e-03 8.249656e-04 0 0 3 2 6.247633e-15 0.000000e+00
230 375 8.249656e-03 1.038570e-03 0 0 3 2 9.892991e-15 0.000000e+00
230 376 8.249656e-03 1.307482e-03 0 0 3 2 1.565717e-14 0.000000e+00
230 377 8.249656e-03 1.646023e-03 0 0 3 2 2.475910e-14 0.000000e+00
230 378 8.249656e-03 2.072220e-03 0 0 3 2 3.910013e-14 0.000000e+00
230 379 8.249656e-03 2.608770e-03 0 0 3 2 6.161576e-14 0.000000e+00
230 380 8.249656e-03 3.284247e-03 0 0 3 2 9.676106e-14 0.000000e+00
230 381 8.249656e-03 4.134622e-03 0 0 3 2 1.510854e-13 0.000000e+00
230 382 8.249656e-03 5.205181e-03 0 0 3 2 2.335471e-13 0.000000e+00
230 383 8.249656e-03 6.552935e-03 0 0 3 2 3.524797e-13 0.000000e+00
230 384 8.249656e-03 8.249656e-03 0 0 3 2 0.000000e+00 0.000000e+00
