# Please cite the following papers in research using this covariance:
# arXiv: 1601.05779, https://arxiv.org/abs/1601.05779
# arXiv: 1911.11947, https://arxiv.org/abs/1911.11947
# arXiv: 2004.04833, https://arxiv.org/abs/2004.04833
# arXiv: 1804.10663, https://arxiv.org/abs/1804.10663
########################################################
297 363 8.249656e-04 8.249656e-04 1 3 3 1 0.000000e+00 0.000000e+00
297 364 8.249656e-04 1.038570e-03 1 3 3 1 2.942065e-13 0.000000e+00
297 365 8.249656e-04 1.307482e-03 1 3 3 1 2.377833e-13 0.000000e+00
297 366 8.249656e-04 1.646023e-03 1 3 3 1 1.738382e-13 0.000000e+00
297 367 8.249656e-04 2.072220e-03 1 3 3 1 1.210701e-13 0.000000e+00
297 368 8.249656e-04 2.608770e-03 1 3 3 1 8.313417e-14 0.000000e+00
297 369 8.249656e-04 3.284247e-03 1 3 3 1 5.767221e-14 0.000000e+00
297 370 8.249656e-04 4.134622e-03 1 3 3 1 4.103159e-14 0.000000e+00
297 371 8.249656e-04 5.205181e-03 1 3 3 1 3.010149e-14 0.000000e+00
297 372 8.249656e-04 6.552935e-03 1 3 3 1 2.270125e-14 0.000000e+00
297 373 8.249656e-04 8.249656e-03 1 3 3 1 1.743823e-14 0.000000e+00
298 363 1.038570e-03 8.249656e-04 1 3 3 1 2.942065e-13 0.000000e+00
298 364 1.038570e-03 1.038570e-03 1 3 3 1 0.000000e+00 0.000000e+00
298 365 1.038570e-03 1.307482e-03 1 3 3 1 3.421910e-13 0.000000e+00
298 366 1.038570e-03 1.646023e-03 1 3 3 1 2.658843e-13 0.000000e+00
298 367 1.038570e-03 2.072220e-03 1 3 3 1 1.893144e-13 0.000000e+00
298 368 1.038570e-03 2.608770e-03 1 3 3 1 1.309756e-13 0.000000e+00
298 369 1.038570e-03 3.284247e-03 1 3 3 1 9.107141e-14 0.000000e+00
298 370 1.038570e-03 4.134622e-03 1 3 3 1 6.484575e-14 0.000000e+00
298 371 1.038570e-03 5.205181e-03 1 3 3 1 4.759685e-14 0.000000e+00
298 372 1.038570e-03 6.552935e-03 1 3 3 1 3.591373e-14 0.000000e+00
298 373 1.038570e-03 8.249656e-03 1 3 3 1 2.760094e-14 0.000000e+00
299 363 1.307482e-03 8.249656e-04 1 3 3 1 2.377833e-13 0.000000e+00
299 364 1.307482e-03 1.038570e-03 1 3 3 1 3.421910e-13 0.000000e+00
299 365 1.307482e-03 1.307482e-03 1 3 3 1 0.000000e+00 0.000000e+00
299 366 1.307482e-03 1.646023e-03 1 3 3 1 3.877166e-13 0.000000e+00
299 367 1.307482e-03 2.072220e-03 1 3 3 1 2.918897e-13 0.000000e+00
299 368 1.307482e-03 2.608770e-03 1 3 3 1 2.053625e-13 0.000000e+00
299 369 1.307482e-03 3.284247e-03 1 3 3 1 1.434727e-13 0.000000e+00
299 370 1.307482e-03 4.134622e-03 1 3 3 1 1.023065e-13 0.000000e+00
299 371 1.307482e-03 5.205181e-03 1 3 3 1 7.515734e-14 0.000000e+00
299 372 1.307482e-03 6.552935e-03 1 3 3 1 5.675533e-14 0.000000e+00
299 373 1.307482e-03 8.249656e-03 1 3 3 1 4.365222e-14 0.000000e+00
300 363 1.646023e-03 8.249656e-04 1 3 3 1 1.738382e-13 0.000000e+00
300 364 1.646023e-03 1.038570e-03 1 3 3 1 2.658843e-13 0.000000e+00
300 365 1.646023e-03 1.307482e-03 1 3 3 1 3.877166e-13 0.000000e+00
300 366 1.646023e-03 1.646023e-03 1 3 3 1 0.000000e+00 0.000000e+00
300 367 1.646023e-03 2.072220e-03 1 3 3 1 4.315548e-13 0.000000e+00
300 368 1.646023e-03 2.608770e-03 1 3 3 1 3.184612e-13 0.000000e+00
300 369 1.646023e-03 3.284247e-03 1 3 3 1 2.250556e-13 0.000000e+00
300 370 1.646023e-03 4.134622e-03 1 3 3 1 1.609588e-13 0.000000e+00
300 371 1.646023e-03 5.205181e-03 1 3 3 1 1.184156e-13 0.000000e+00
300 372 1.646023e-03 6.552935e-03 1 3 3 1 8.953836e-14 0.000000e+00
300 373 1.646023e-03 8.249656e-03 1 3 3 1 6.895152e-14 0.000000e+00
301 363 2.072220e-03 8.249656e-04 1 3 3 1 1.210701e-13 0.000000e+00
301 364 2.072220e-03 1.038570e-03 1 3 3 1 1.893144e-13 0.000000e+00
301 365 2.072220e-03 1.307482e-03 1 3 3 1 2.918897e-13 0.000000e+00
301 366 2.072220e-03 1.646023e-03 1 3 3 1 4.315548e-13 0.000000e+00
301 367 2.072220e-03 2.072220e-03 1 3 3 1 0.000000e+00 0.000000e+00
301 368 2.072220e-03 2.608770e-03 1 3 3 1 4.766213e-13 0.000000e+00
301 369 2.072220e-03 3.284247e-03 1 3 3 1 3.498018e-13 0.000000e+00
301 370 2.072220e-03 4.134622e-03 1 3 3 1 2.520455e-13 0.000000e+00
301 371 2.072220e-03 5.205181e-03 1 3 3 1 1.859109e-13 0.000000e+00
301 372 2.072220e-03 6.552935e-03 1 3 3 1 1.408705e-13 0.000000e+00
301 373 2.072220e-03 8.249656e-03 1 3 3 1 1.086955e-13 0.000000e+00
302 363 2.608770e-03 8.249656e-04 1 3 3 1 8.313417e-14 0.000000e+00
302 364 2.608770e-03 1.038570e-03 1 3 3 1 1.309756e-13 0.000000e+00
302 365 2.608770e-03 1.307482e-03 1 3 3 1 2.053625e-13 0.000000e+00
302 366 2.608770e-03 1.646023e-03 1 3 3 1 3.184612e-13 0.000000e+00
302 367 2.608770e-03 2.072220e-03 1 3 3 1 4.766213e-13 0.000000e+00
302 368 2.608770e-03 2.608770e-03 1 3 3 1 0.000000e+00 0.000000e+00
302 369 2.608770e-03 3.284247e-03 1 3 3 1 5.278897e-13 0.000000e+00
302 370 2.608770e-03 4.134622e-03 1 3 3 1 3.911853e-13 0.000000e+00
302 371 2.608770e-03 5.205181e-03 1 3 3 1 2.901826e-13 0.000000e+00
302 372 2.608770e-03 6.552935e-03 1 3 3 1 2.206500e-13 0.000000e+00
302 373 2.608770e-03 8.249656e-03 1 3 3 1 1.707952e-13 0.000000e+00
303 363 3.284247e-03 8.249656e-04 1 3 3 1 5.767221e-14 0.000000e+00
303 364 3.284247e-03 1.038570e-03 1 3 3 1 9.107141e-14 0.000000e+00
303 365 3.284247e-03 1.307482e-03 1 3 3 1 1.434727e-13 0.000000e+00
303 366 3.284247e-03 1.646023e-03 1 3 3 1 2.250556e-13 0.000000e+00
303 367 3.284247e-03 2.072220e-03 1 3 3 1 3.498018e-13 0.000000e+00
303 368 3.284247e-03 2.608770e-03 1 3 3 1 5.278897e-13 0.000000e+00
303 369 3.284247e-03 3.284247e-03 1 3 3 1 0.000000e+00 0.000000e+00
303 370 3.284247e-03 4.134622e-03 1 3 3 1 5.920148e-13 0.000000e+00
303 371 3.284247e-03 5.205181e-03 1 3 3 1 4.483932e-13 0.000000e+00
303 372 3.284247e-03 6.552935e-03 1 3 3 1 3.431092e-13 0.000000e+00
303 373 3.284247e-03 8.249656e-03 1 3 3 1 2.669654e-13 0.000000e+00
304 363 4.134622e-03 8.249656e-04 1 3 3 1 4.103159e-14 0.000000e+00
304 364 4.134622e-03 1.038570e-03 1 3 3 1 6.484575e-14 0.000000e+00
304 365 4.134622e-03 1.307482e-03 1 3 3 1 1.023065e-13 0.000000e+00
304 366 4.134622e-03 1.646023e-03 1 3 3 1 1.609588e-13 0.000000e+00
304 367 4.134622e-03 2.072220e-03 1 3 3 1 2.520455e-13 0.000000e+00
304 368 4.134622e-03 2.608770e-03 1 3 3 1 3.911853e-13 0.000000e+00
304 369 4.134622e-03 3.284247e-03 1 3 3 1 5.920148e-13 0.000000e+00
304 370 4.134622e-03 4.134622e-03 1 3 3 1 0.000000e+00 0.000000e+00
304 371 4.134622e-03 5.205181e-03 1 3 3 1 6.767092e-13 0.000000e+00
304 372 4.134622e-03 6.552935e-03 1 3 3 1 5.270335e-13 0.000000e+00
304 373 4.134622e-03 8.249656e-03 1 3 3 1 4.136718e-13 0.000000e+00
305 363 5.205181e-03 8.249656e-04 1 3 3 1 3.010149e-14 0.000000e+00
305 364 5.205181e-03 1.038570e-03 1 3 3 1 4.759685e-14 0.000000e+00
305 365 5.205181e-03 1.307482e-03 1 3 3 1 7.515734e-14 0.000000e+00
305 366 5.205181e-03 1.646023e-03 1 3 3 1 1.184156e-13 0.000000e+00
305 367 5.205181e-03 2.072220e-03 1 3 3 1 1.859109e-13 0.000000e+00
305 368 5.205181e-03 2.608770e-03 1 3 3 1 2.901826e-13 0.000000e+00
305 369 5.205181e-03 3.284247e-03 1 3 3 1 4.483932e-13 0.000000e+00
305 370 5.205181e-03 4.134622e-03 1 3 3 1 6.767092e-13 0.000000e+00
305 371 5.205181e-03 5.205181e-03 1 3 3 1 0.000000e+00 0.000000e+00
305 372 5.205181e-03 6.552935e-03 1 3 3 1 7.898073e-13 0.000000e+00
305 373 5.205181e-03 8.249656e-03 1 3 3 1 6.315948e-13 0.000000e+00
306 363 6.552935e-03 8.249656e-04 1 3 3 1 2.270125e-14 0.000000e+00
306 364 6.552935e-03 1.038570e-03 1 3 3 1 3.591373e-14 0.000000e+00
306 365 6.552935e-03 1.307482e-03 1 3 3 1 5.675533e-14 0.000000e+00
306 366 6.552935e-03 1.646023e-03 1 3 3 1 8.953836e-14 0.000000e+00
306 367 6.552935e-03 2.072220e-03 1 3 3 1 1.408705e-13 0.000000e+00
306 368 6.552935e-03 2.608770e-03 1 3 3 1 2.206500e-13 0.000000e+00
306 369 6.552935e-03 3.284247e-03 1 3 3 1 3.431092e-13 0.000000e+00
306 370 6.552935e-03 4.134622e-03 1 3 3 1 5.270335e-13 0.000000e+00
306 371 6.552935e-03 5.205181e-03 1 3 3 1 7.898073e-13 0.000000e+00
306 372 6.552935e-03 6.552935e-03 1 3 3 1 0.000000e+00 0.000000e+00
306 373 6.552935e-03 8.249656e-03 1 3 3 1 9.378398e-13 0.000000e+00
307 363 8.249656e-03 8.249656e-04 1 3 3 1 1.743823e-14 0.000000e+00
307 364 8.249656e-03 1.038570e-03 1 3 3 1 2.760094e-14 0.000000e+00
307 365 8.249656e-03 1.307482e-03 1 3 3 1 4.365222e-14 0.000000e+00
307 366 8.249656e-03 1.646023e-03 1 3 3 1 6.895152e-14 0.000000e+00
307 367 8.249656e-03 2.072220e-03 1 3 3 1 1.086955e-13 0.000000e+00
307 368 8.249656e-03 2.608770e-03 1 3 3 1 1.707952e-13 0.000000e+00
307 369 8.249656e-03 3.284247e-03 1 3 3 1 2.669654e-13 0.000000e+00
307 370 8.249656e-03 4.134622e-03 1 3 3 1 4.136718e-13 0.000000e+00
307 371 8.249656e-03 5.205181e-03 1 3 3 1 6.315948e-13 0.000000e+00
307 372 8.249656e-03 6.552935e-03 1 3 3 1 9.378398e-13 0.000000e+00
307 373 8.249656e-03 8.249656e-03 1 3 3 1 0.000000e+00 0.000000e+00
