# Please cite the following papers in research using this covariance:
# arXiv: 1601.05779, https://arxiv.org/abs/1601.05779
# arXiv: 1911.11947, https://arxiv.org/abs/1911.11947
# arXiv: 2004.04833, https://arxiv.org/abs/2004.04833
# arXiv: 1804.10663, https://arxiv.org/abs/1804.10663
########################################################
242 473 8.249656e-04 8.249656e-04 0 2 5 3 0.000000e+00 0.000000e+00
242 474 8.249656e-04 1.038570e-03 0 2 5 3 2.910926e-13 0.000000e+00
242 475 8.249656e-04 1.307482e-03 0 2 5 3 2.528579e-13 0.000000e+00
242 476 8.249656e-04 1.646023e-03 0 2 5 3 1.971501e-13 0.000000e+00
242 477 8.249656e-04 2.072220e-03 0 2 5 3 1.428049e-13 0.000000e+00
242 478 8.249656e-04 2.608770e-03 0 2 5 3 9.855278e-14 0.000000e+00
242 479 8.249656e-04 3.284247e-03 0 2 5 3 6.633504e-14 0.000000e+00
242 480 8.249656e-04 4.134622e-03 0 2 5 3 4.454639e-14 0.000000e+00
242 481 8.249656e-04 5.205181e-03 0 2 5 3 3.042853e-14 0.000000e+00
242 482 8.249656e-04 6.552935e-03 0 2 5 3 2.140447e-14 0.000000e+00
242 483 8.249656e-04 8.249656e-03 0 2 5 3 1.554813e-14 0.000000e+00
243 473 1.038570e-03 8.249656e-04 0 2 5 3 2.910926e-13 0.000000e+00
243 474 1.038570e-03 1.038570e-03 0 2 5 3 0.000000e+00 0.000000e+00
243 475 1.038570e-03 1.307482e-03 0 2 5 3 3.579088e-13 0.000000e+00
243 476 1.038570e-03 1.646023e-03 0 2 5 3 2.971058e-13 0.000000e+00
243 477 1.038570e-03 2.072220e-03 0 2 5 3 2.215039e-13 0.000000e+00
243 478 1.038570e-03 2.608770e-03 0 2 5 3 1.548590e-13 0.000000e+00
243 479 1.038570e-03 3.284247e-03 0 2 5 3 1.047849e-13 0.000000e+00
243 480 1.038570e-03 4.134622e-03 0 2 5 3 7.049125e-14 0.000000e+00
243 481 1.038570e-03 5.205181e-03 0 2 5 3 4.817215e-14 0.000000e+00
243 482 1.038570e-03 6.552935e-03 0 2 5 3 3.388967e-14 0.000000e+00
243 483 1.038570e-03 8.249656e-03 0 2 5 3 2.462039e-14 0.000000e+00
244 473 1.307482e-03 8.249656e-04 0 2 5 3 2.528579e-13 0.000000e+00
244 474 1.307482e-03 1.038570e-03 0 2 5 3 3.579088e-13 0.000000e+00
244 475 1.307482e-03 1.307482e-03 0 2 5 3 0.000000e+00 0.000000e+00
244 476 1.307482e-03 1.646023e-03 0 2 5 3 4.241347e-13 0.000000e+00
244 477 1.307482e-03 2.072220e-03 0 2 5 3 3.367152e-13 0.000000e+00
244 478 1.307482e-03 2.608770e-03 0 2 5 3 2.415735e-13 0.000000e+00
244 479 1.307482e-03 3.284247e-03 0 2 5 3 1.651028e-13 0.000000e+00
244 480 1.307482e-03 4.134622e-03 0 2 5 3 1.114315e-13 0.000000e+00
244 481 1.307482e-03 5.205181e-03 0 2 5 3 7.621131e-14 0.000000e+00
244 482 1.307482e-03 6.552935e-03 0 2 5 3 5.362593e-14 0.000000e+00
244 483 1.307482e-03 8.249656e-03 0 2 5 3 3.896624e-14 0.000000e+00
245 473 1.646023e-03 8.249656e-04 0 2 5 3 1.971501e-13 0.000000e+00
245 474 1.646023e-03 1.038570e-03 0 2 5 3 2.971058e-13 0.000000e+00
245 475 1.646023e-03 1.307482e-03 0 2 5 3 4.241347e-13 0.000000e+00
245 476 1.646023e-03 1.646023e-03 0 2 5 3 0.000000e+00 0.000000e+00
245 477 1.646023e-03 2.072220e-03 0 2 5 3 4.863589e-13 0.000000e+00
245 478 1.646023e-03 2.608770e-03 0 2 5 3 3.706955e-13 0.000000e+00
245 479 1.646023e-03 3.284247e-03 0 2 5 3 2.587889e-13 0.000000e+00
245 480 1.646023e-03 4.134622e-03 0 2 5 3 1.758180e-13 0.000000e+00
245 481 1.646023e-03 5.205181e-03 0 2 5 3 1.204387e-13 0.000000e+00
245 482 1.646023e-03 6.552935e-03 0 2 5 3 8.477644e-14 0.000000e+00
245 483 1.646023e-03 8.249656e-03 0 2 5 3 6.162046e-14 0.000000e+00
246 473 2.072220e-03 8.249656e-04 0 2 5 3 1.428049e-13 0.000000e+00
246 474 2.072220e-03 1.038570e-03 0 2 5 3 2.215039e-13 0.000000e+00
246 475 2.072220e-03 1.307482e-03 0 2 5 3 3.367152e-13 0.000000e+00
246 476 2.072220e-03 1.646023e-03 0 2 5 3 4.863589e-13 0.000000e+00
246 477 2.072220e-03 2.072220e-03 0 2 5 3 0.000000e+00 0.000000e+00
246 478 2.072220e-03 2.608770e-03 0 2 5 3 5.430910e-13 0.000000e+00
246 479 2.072220e-03 3.284247e-03 0 2 5 3 4.005540e-13 0.000000e+00
246 480 2.072220e-03 4.134622e-03 0 2 5 3 2.763547e-13 0.000000e+00
246 481 2.072220e-03 5.205181e-03 0 2 5 3 1.899800e-13 0.000000e+00
246 482 2.072220e-03 6.552935e-03 0 2 5 3 1.338220e-13 0.000000e+00
246 483 2.072220e-03 8.249656e-03 0 2 5 3 9.731861e-14 0.000000e+00
247 473 2.608770e-03 8.249656e-04 0 2 5 3 9.855278e-14 0.000000e+00
247 474 2.608770e-03 1.038570e-03 0 2 5 3 1.548590e-13 0.000000e+00
247 475 2.608770e-03 1.307482e-03 0 2 5 3 2.415735e-13 0.000000e+00
247 476 2.608770e-03 1.646023e-03 0 2 5 3 3.706955e-13 0.000000e+00
247 477 2.608770e-03 2.072220e-03 0 2 5 3 5.430910e-13 0.000000e+00
247 478 2.608770e-03 2.608770e-03 0 2 5 3 0.000000e+00 0.000000e+00
247 479 2.608770e-03 3.284247e-03 0 2 5 3 5.956420e-13 0.000000e+00
247 480 2.608770e-03 4.134622e-03 0 2 5 3 4.303375e-13 0.000000e+00
247 481 2.608770e-03 5.205181e-03 0 2 5 3 2.986652e-13 0.000000e+00
247 482 2.608770e-03 6.552935e-03 0 2 5 3 2.107351e-13 0.000000e+00
247 483 2.608770e-03 8.249656e-03 0 2 5 3 1.533790e-13 0.000000e+00
248 473 3.284247e-03 8.249656e-04 0 2 5 3 6.633504e-14 0.000000e+00
248 474 3.284247e-03 1.038570e-03 0 2 5 3 1.047849e-13 0.000000e+00
248 475 3.284247e-03 1.307482e-03 0 2 5 3 1.651028e-13 0.000000e+00
248 476 3.284247e-03 1.646023e-03 0 2 5 3 2.587889e-13 0.000000e+00
248 477 3.284247e-03 2.072220e-03 0 2 5 3 4.005540e-13 0.000000e+00
248 478 3.284247e-03 2.608770e-03 0 2 5 3 5.956420e-13 0.000000e+00
248 479 3.284247e-03 3.284247e-03 0 2 5 3 0.000000e+00 0.000000e+00
248 480 3.284247e-03 4.134622e-03 0 2 5 3 6.483559e-13 0.000000e+00
248 481 3.284247e-03 5.205181e-03 0 2 5 3 4.660442e-13 0.000000e+00
248 482 3.284247e-03 6.552935e-03 0 2 5 3 3.305371e-13 0.000000e+00
248 483 3.284247e-03 8.249656e-03 0 2 5 3 2.409342e-13 0.000000e+00
249 473 4.134622e-03 8.249656e-04 0 2 5 3 4.454639e-14 0.000000e+00
249 474 4.134622e-03 1.038570e-03 0 2 5 3 7.049125e-14 0.000000e+00
249 475 4.134622e-03 1.307482e-03 0 2 5 3 1.114315e-13 0.000000e+00
249 476 4.134622e-03 1.646023e-03 0 2 5 3 1.758180e-13 0.000000e+00
249 477 4.134622e-03 2.072220e-03 0 2 5 3 2.763547e-13 0.000000e+00
249 478 4.134622e-03 2.608770e-03 0 2 5 3 4.303375e-13 0.000000e+00
249 479 4.134622e-03 3.284247e-03 0 2 5 3 6.483559e-13 0.000000e+00
249 480 4.134622e-03 4.134622e-03 0 2 5 3 0.000000e+00 0.000000e+00
249 481 4.134622e-03 5.205181e-03 0 2 5 3 7.082043e-13 0.000000e+00
249 482 4.134622e-03 6.552935e-03 0 2 5 3 5.146523e-13 0.000000e+00
249 483 4.134622e-03 8.249656e-03 0 2 5 3 3.764600e-13 0.000000e+00
250 473 5.205181e-03 8.249656e-04 0 2 5 3 3.042853e-14 0.000000e+00
250 474 5.205181e-03 1.038570e-03 0 2 5 3 4.817215e-14 0.000000e+00
250 475 5.205181e-03 1.307482e-03 0 2 5 3 7.621131e-14 0.000000e+00
250 476 5.205181e-03 1.646023e-03 0 2 5 3 1.204387e-13 0.000000e+00
250 477 5.205181e-03 2.072220e-03 0 2 5 3 1.899800e-13 0.000000e+00
250 478 5.205181e-03 2.608770e-03 0 2 5 3 2.986652e-13 0.000000e+00
250 479 5.205181e-03 3.284247e-03 0 2 5 3 4.660442e-13 0.000000e+00
250 480 5.205181e-03 4.134622e-03 0 2 5 3 7.082043e-13 0.000000e+00
250 481 5.205181e-03 5.205181e-03 0 2 5 3 0.000000e+00 0.000000e+00
250 482 5.205181e-03 6.552935e-03 0 2 5 3 7.838724e-13 0.000000e+00
250 483 5.205181e-03 8.249656e-03 0 2 5 3 5.830060e-13 0.000000e+00
251 473 6.552935e-03 8.249656e-04 0 2 5 3 2.140447e-14 0.000000e+00
251 474 6.552935e-03 1.038570e-03 0 2 5 3 3.388967e-14 0.000000e+00
251 475 6.552935e-03 1.307482e-03 0 2 5 3 5.362593e-14 0.000000e+00
251 476 6.552935e-03 1.646023e-03 0 2 5 3 8.477644e-14 0.000000e+00
251 477 6.552935e-03 2.072220e-03 0 2 5 3 1.338220e-13 0.000000e+00
251 478 6.552935e-03 2.608770e-03 0 2 5 3 2.107351e-13 0.000000e+00
251 479 6.552935e-03 3.284247e-03 0 2 5 3 3.305371e-13 0.000000e+00
251 480 6.552935e-03 4.134622e-03 0 2 5 3 5.146523e-13 0.000000e+00
251 481 6.552935e-03 5.205181e-03 0 2 5 3 7.838724e-13 0.000000e+00
251 482 6.552935e-03 6.552935e-03 0 2 5 3 0.000000e+00 0.000000e+00
251 483 6.552935e-03 8.249656e-03 0 2 5 3 8.844782e-13 0.000000e+00
252 473 8.249656e-03 8.249656e-04 0 2 5 3 1.554813e-14 0.000000e+00
252 474 8.249656e-03 1.038570e-03 0 2 5 3 2.462039e-14 0.000000e+00
252 475 8.249656e-03 1.307482e-03 0 2 5 3 3.896624e-14 0.000000e+00
252 476 8.249656e-03 1.646023e-03 0 2 5 3 6.162046e-14 0.000000e+00
252 477 8.249656e-03 2.072220e-03 0 2 5 3 9.731861e-14 0.000000e+00
252 478 8.249656e-03 2.608770e-03 0 2 5 3 1.533790e-13 0.000000e+00
252 479 8.249656e-03 3.284247e-03 0 2 5 3 2.409342e-13 0.000000e+00
252 480 8.249656e-03 4.134622e-03 0 2 5 3 3.764600e-13 0.000000e+00
252 481 8.249656e-03 5.205181e-03 0 2 5 3 5.830060e-13 0.000000e+00
252 482 8.249656e-03 6.552935e-03 0 2 5 3 8.844782e-13 0.000000e+00
252 483 8.249656e-03 8.249656e-03 0 2 5 3 0.000000e+00 0.000000e+00
