# Please cite the following papers in research using this covariance:
# arXiv: 1601.05779, https://arxiv.org/abs/1601.05779
# arXiv: 1911.11947, https://arxiv.org/abs/1911.11947
# arXiv: 2004.04833, https://arxiv.org/abs/2004.04833
# arXiv: 1804.10663, https://arxiv.org/abs/1804.10663
########################################################
341 418 8.249656e-04 8.249656e-04 2 3 4 2 0.000000e+00 0.000000e+00
341 419 8.249656e-04 1.038570e-03 2 3 4 2 3.171729e-13 0.000000e+00
341 420 8.249656e-04 1.307482e-03 2 3 4 2 2.466148e-13 0.000000e+00
341 421 8.249656e-04 1.646023e-03 2 3 4 2 1.769806e-13 0.000000e+00
341 422 8.249656e-04 2.072220e-03 2 3 4 2 1.243337e-13 0.000000e+00
341 423 8.249656e-04 2.608770e-03 2 3 4 2 8.820681e-14 0.000000e+00
341 424 8.249656e-04 3.284247e-03 2 3 4 2 6.421605e-14 0.000000e+00
341 425 8.249656e-04 4.134622e-03 2 3 4 2 4.820514e-14 0.000000e+00
341 426 8.249656e-04 5.205181e-03 2 3 4 2 3.715431e-14 0.000000e+00
341 427 8.249656e-04 6.552935e-03 2 3 4 2 2.910764e-14 0.000000e+00
341 428 8.249656e-04 8.249656e-03 2 3 4 2 2.287971e-14 0.000000e+00
342 418 1.038570e-03 8.249656e-04 2 3 4 2 3.171729e-13 0.000000e+00
342 419 1.038570e-03 1.038570e-03 2 3 4 2 0.000000e+00 0.000000e+00
342 420 1.038570e-03 1.307482e-03 2 3 4 2 3.603562e-13 0.000000e+00
342 421 1.038570e-03 1.646023e-03 2 3 4 2 2.728420e-13 0.000000e+00
342 422 1.038570e-03 2.072220e-03 2 3 4 2 1.947037e-13 0.000000e+00
342 423 1.038570e-03 2.608770e-03 2 3 4 2 1.387911e-13 0.000000e+00
342 424 1.038570e-03 3.284247e-03 2 3 4 2 1.012274e-13 0.000000e+00
342 425 1.038570e-03 4.134622e-03 2 3 4 2 7.607783e-14 0.000000e+00
342 426 1.038570e-03 5.205181e-03 2 3 4 2 5.869788e-14 0.000000e+00
342 427 1.038570e-03 6.552935e-03 2 3 4 2 4.602684e-14 0.000000e+00
342 428 1.038570e-03 8.249656e-03 2 3 4 2 3.620515e-14 0.000000e+00
343 418 1.307482e-03 8.249656e-04 2 3 4 2 2.466148e-13 0.000000e+00
343 419 1.307482e-03 1.038570e-03 2 3 4 2 3.603562e-13 0.000000e+00
343 420 1.307482e-03 1.307482e-03 2 3 4 2 0.000000e+00 0.000000e+00
343 421 1.307482e-03 1.646023e-03 2 3 4 2 4.037994e-13 0.000000e+00
343 422 1.307482e-03 2.072220e-03 2 3 4 2 3.014736e-13 0.000000e+00
343 423 1.307482e-03 2.608770e-03 2 3 4 2 2.172990e-13 0.000000e+00
343 424 1.307482e-03 3.284247e-03 2 3 4 2 1.590435e-13 0.000000e+00
343 425 1.307482e-03 4.134622e-03 2 3 4 2 1.197642e-13 0.000000e+00
343 426 1.307482e-03 5.205181e-03 2 3 4 2 9.255759e-14 0.000000e+00
343 427 1.307482e-03 6.552935e-03 2 3 4 2 7.268202e-14 0.000000e+00
343 428 1.307482e-03 8.249656e-03 2 3 4 2 5.723878e-14 0.000000e+00
344 418 1.646023e-03 8.249656e-04 2 3 4 2 1.769806e-13 0.000000e+00
344 419 1.646023e-03 1.038570e-03 2 3 4 2 2.728420e-13 0.000000e+00
344 420 1.646023e-03 1.307482e-03 2 3 4 2 4.037994e-13 0.000000e+00
344 421 1.646023e-03 1.646023e-03 2 3 4 2 0.000000e+00 0.000000e+00
344 422 1.646023e-03 2.072220e-03 2 3 4 2 4.508496e-13 0.000000e+00
344 423 1.646023e-03 2.608770e-03 2 3 4 2 3.368129e-13 0.000000e+00
344 424 1.646023e-03 3.284247e-03 2 3 4 2 2.484930e-13 0.000000e+00
344 425 1.646023e-03 4.134622e-03 2 3 4 2 1.877681e-13 0.000000e+00
344 426 1.646023e-03 5.205181e-03 2 3 4 2 1.455049e-13 0.000000e+00
344 427 1.646023e-03 6.552935e-03 2 3 4 2 1.145243e-13 0.000000e+00
344 428 1.646023e-03 8.249656e-03 2 3 4 2 9.035814e-14 0.000000e+00
345 418 2.072220e-03 8.249656e-04 2 3 4 2 1.243337e-13 0.000000e+00
345 419 2.072220e-03 1.038570e-03 2 3 4 2 1.947037e-13 0.000000e+00
345 420 2.072220e-03 1.307482e-03 2 3 4 2 3.014736e-13 0.000000e+00
345 421 2.072220e-03 1.646023e-03 2 3 4 2 4.508496e-13 0.000000e+00
345 422 2.072220e-03 2.072220e-03 2 3 4 2 0.000000e+00 0.000000e+00
345 423 2.072220e-03 2.608770e-03 2 3 4 2 5.068407e-13 0.000000e+00
345 424 2.072220e-03 3.284247e-03 2 3 4 2 3.843001e-13 0.000000e+00
345 425 2.072220e-03 4.134622e-03 2 3 4 2 2.924101e-13 0.000000e+00
345 426 2.072220e-03 5.205181e-03 2 3 4 2 2.276119e-13 0.000000e+00
345 427 2.072220e-03 6.552935e-03 2 3 4 2 1.798225e-13 0.000000e+00
345 428 2.072220e-03 8.249656e-03 2 3 4 2 1.423028e-13 0.000000e+00
346 418 2.608770e-03 8.249656e-04 2 3 4 2 8.820681e-14 0.000000e+00
346 419 2.608770e-03 1.038570e-03 2 3 4 2 1.387911e-13 0.000000e+00
346 420 2.608770e-03 1.307482e-03 2 3 4 2 2.172990e-13 0.000000e+00
346 421 2.608770e-03 1.646023e-03 2 3 4 2 3.368129e-13 0.000000e+00
346 422 2.608770e-03 2.072220e-03 2 3 4 2 5.068407e-13 0.000000e+00
346 423 2.608770e-03 2.608770e-03 2 3 4 2 0.000000e+00 0.000000e+00
346 424 2.608770e-03 3.284247e-03 2 3 4 2 5.788598e-13 0.000000e+00
346 425 2.608770e-03 4.134622e-03 2 3 4 2 4.500929e-13 0.000000e+00
346 426 2.608770e-03 5.205181e-03 2 3 4 2 3.531622e-13 0.000000e+00
346 427 2.608770e-03 6.552935e-03 2 3 4 2 2.807392e-13 0.000000e+00
346 428 2.608770e-03 8.249656e-03 2 3 4 2 2.232475e-13 0.000000e+00
347 418 3.284247e-03 8.249656e-04 2 3 4 2 6.421605e-14 0.000000e+00
347 419 3.284247e-03 1.038570e-03 2 3 4 2 1.012274e-13 0.000000e+00
347 420 3.284247e-03 1.307482e-03 2 3 4 2 1.590435e-13 0.000000e+00
347 421 3.284247e-03 1.646023e-03 2 3 4 2 2.484930e-13 0.000000e+00
347 422 3.284247e-03 2.072220e-03 2 3 4 2 3.843001e-13 0.000000e+00
347 423 3.284247e-03 2.608770e-03 2 3 4 2 5.788598e-13 0.000000e+00
347 424 3.284247e-03 3.284247e-03 2 3 4 2 0.000000e+00 0.000000e+00
347 425 3.284247e-03 4.134622e-03 2 3 4 2 6.752415e-13 0.000000e+00
347 426 3.284247e-03 5.205181e-03 2 3 4 2 5.404259e-13 0.000000e+00
347 427 3.284247e-03 6.552935e-03 2 3 4 2 4.341421e-13 0.000000e+00
347 428 3.284247e-03 8.249656e-03 2 3 4 2 3.480266e-13 0.000000e+00
348 418 4.134622e-03 8.249656e-04 2 3 4 2 4.820514e-14 0.000000e+00
348 419 4.134622e-03 1.038570e-03 2 3 4 2 7.607783e-14 0.000000e+00
348 420 4.134622e-03 1.307482e-03 2 3 4 2 1.197642e-13 0.000000e+00
348 421 4.134622e-03 1.646023e-03 2 3 4 2 1.877681e-13 0.000000e+00
348 422 4.134622e-03 2.072220e-03 2 3 4 2 2.924101e-13 0.000000e+00
348 423 4.134622e-03 2.608770e-03 2 3 4 2 4.500929e-13 0.000000e+00
348 424 4.134622e-03 3.284247e-03 2 3 4 2 6.752415e-13 0.000000e+00
348 425 4.134622e-03 4.134622e-03 2 3 4 2 0.000000e+00 0.000000e+00
348 426 4.134622e-03 5.205181e-03 2 3 4 2 8.046623e-13 0.000000e+00
348 427 4.134622e-03 6.552935e-03 2 3 4 2 6.605274e-13 0.000000e+00
348 428 4.134622e-03 8.249656e-03 2 3 4 2 5.368153e-13 0.000000e+00
349 418 5.205181e-03 8.249656e-04 2 3 4 2 3.715431e-14 0.000000e+00
349 419 5.205181e-03 1.038570e-03 2 3 4 2 5.869788e-14 0.000000e+00
349 420 5.205181e-03 1.307482e-03 2 3 4 2 9.255759e-14 0.000000e+00
349 421 5.205181e-03 1.646023e-03 2 3 4 2 1.455049e-13 0.000000e+00
349 422 5.205181e-03 2.072220e-03 2 3 4 2 2.276119e-13 0.000000e+00
349 423 5.205181e-03 2.608770e-03 2 3 4 2 3.531622e-13 0.000000e+00
349 424 5.205181e-03 3.284247e-03 2 3 4 2 5.404259e-13 0.000000e+00
349 425 5.205181e-03 4.134622e-03 2 3 4 2 8.046623e-13 0.000000e+00
349 426 5.205181e-03 5.205181e-03 2 3 4 2 0.000000e+00 0.000000e+00
349 427 5.205181e-03 6.552935e-03 2 3 4 2 9.745728e-13 0.000000e+00
349 428 5.205181e-03 8.249656e-03 2 3 4 2 8.128498e-13 0.000000e+00
350 418 6.552935e-03 8.249656e-04 2 3 4 2 2.910764e-14 0.000000e+00
350 419 6.552935e-03 1.038570e-03 2 3 4 2 4.602684e-14 0.000000e+00
350 420 6.552935e-03 1.307482e-03 2 3 4 2 7.268202e-14 0.000000e+00
350 421 6.552935e-03 1.646023e-03 2 3 4 2 1.145243e-13 0.000000e+00
350 422 6.552935e-03 2.072220e-03 2 3 4 2 1.798225e-13 0.000000e+00
350 423 6.552935e-03 2.608770e-03 2 3 4 2 2.807392e-13 0.000000e+00
350 424 6.552935e-03 3.284247e-03 2 3 4 2 4.341421e-13 0.000000e+00
350 425 6.552935e-03 4.134622e-03 2 3 4 2 6.605274e-13 0.000000e+00
350 426 6.552935e-03 5.205181e-03 2 3 4 2 9.745728e-13 0.000000e+00
350 427 6.552935e-03 6.552935e-03 2 3 4 2 0.000000e+00 0.000000e+00
350 428 6.552935e-03 8.249656e-03 2 3 4 2 1.188730e-12 0.000000e+00
351 418 8.249656e-03 8.249656e-04 2 3 4 2 2.287971e-14 0.000000e+00
351 419 8.249656e-03 1.038570e-03 2 3 4 2 3.620515e-14 0.000000e+00
351 420 8.249656e-03 1.307482e-03 2 3 4 2 5.723878e-14 0.000000e+00
351 421 8.249656e-03 1.646023e-03 2 3 4 2 9.035814e-14 0.000000e+00
351 422 8.249656e-03 2.072220e-03 2 3 4 2 1.423028e-13 0.000000e+00
351 423 8.249656e-03 2.608770e-03 2 3 4 2 2.232475e-13 0.000000e+00
351 424 8.249656e-03 3.284247e-03 2 3 4 2 3.480266e-13 0.000000e+00
351 425 8.249656e-03 4.134622e-03 2 3 4 2 5.368153e-13 0.000000e+00
351 426 8.249656e-03 5.205181e-03 2 3 4 2 8.128498e-13 0.000000e+00
351 427 8.249656e-03 6.552935e-03 2 3 4 2 1.188730e-12 0.000000e+00
351 428 8.249656e-03 8.249656e-03 2 3 4 2 0.000000e+00 0.000000e+00
