# Please cite the following papers in research using this covariance:
# arXiv: 1601.05779, https://arxiv.org/abs/1601.05779
# arXiv: 1911.11947, https://arxiv.org/abs/1911.11947
# arXiv: 2004.04833, https://arxiv.org/abs/2004.04833
# arXiv: 1804.10663, https://arxiv.org/abs/1804.10663
########################################################
407 451 8.249656e-04 8.249656e-04 4 1 5 1 0.000000e+00 0.000000e+00
407 452 8.249656e-04 1.038570e-03 4 1 5 1 2.735994e-11 0.000000e+00
407 453 8.249656e-04 1.307482e-03 4 1 5 1 1.148733e-11 0.000000e+00
407 454 8.249656e-04 1.646023e-03 4 1 5 1 5.530784e-12 0.000000e+00
407 455 8.249656e-04 2.072220e-03 4 1 5 1 2.949117e-12 0.000000e+00
407 456 8.249656e-04 2.608770e-03 4 1 5 1 1.682332e-12 0.000000e+00
407 457 8.249656e-04 3.284247e-03 4 1 5 1 9.978746e-13 0.000000e+00
407 458 8.249656e-04 4.134622e-03 4 1 5 1 6.025460e-13 0.000000e+00
407 459 8.249656e-04 5.205181e-03 4 1 5 1 3.643520e-13 0.000000e+00
407 460 8.249656e-04 6.552935e-03 4 1 5 1 2.184011e-13 0.000000e+00
407 461 8.249656e-04 8.249656e-03 4 1 5 1 1.286312e-13 0.000000e+00
408 451 1.038570e-03 8.249656e-04 4 1 5 1 2.735994e-11 0.000000e+00
408 452 1.038570e-03 1.038570e-03 4 1 5 1 0.000000e+00 0.000000e+00
408 453 1.038570e-03 1.307482e-03 4 1 5 1 2.248785e-11 0.000000e+00
408 454 1.038570e-03 1.646023e-03 4 1 5 1 9.534334e-12 0.000000e+00
408 455 1.038570e-03 2.072220e-03 4 1 5 1 4.824977e-12 0.000000e+00
408 456 1.038570e-03 2.608770e-03 4 1 5 1 2.697046e-12 0.000000e+00
408 457 1.038570e-03 3.284247e-03 4 1 5 1 1.588024e-12 0.000000e+00
408 458 1.038570e-03 4.134622e-03 4 1 5 1 9.563010e-13 0.000000e+00
408 459 1.038570e-03 5.205181e-03 4 1 5 1 5.779598e-13 0.000000e+00
408 460 1.038570e-03 6.552935e-03 4 1 5 1 3.463087e-13 0.000000e+00
408 461 1.038570e-03 8.249656e-03 4 1 5 1 2.040151e-13 0.000000e+00
409 451 1.307482e-03 8.249656e-04 4 1 5 1 1.148733e-11 0.000000e+00
409 452 1.307482e-03 1.038570e-03 4 1 5 1 2.248785e-11 0.000000e+00
409 453 1.307482e-03 1.307482e-03 4 1 5 1 0.000000e+00 0.000000e+00
409 454 1.307482e-03 1.646023e-03 4 1 5 1 1.863661e-11 0.000000e+00
409 455 1.307482e-03 2.072220e-03 4 1 5 1 8.183363e-12 0.000000e+00
409 456 1.307482e-03 2.608770e-03 4 1 5 1 4.370235e-12 0.000000e+00
409 457 1.307482e-03 3.284247e-03 4 1 5 1 2.535478e-12 0.000000e+00
409 458 1.307482e-03 4.134622e-03 4 1 5 1 1.519753e-12 0.000000e+00
409 459 1.307482e-03 5.205181e-03 4 1 5 1 9.173093e-13 0.000000e+00
409 460 1.307482e-03 6.552935e-03 4 1 5 1 5.494090e-13 0.000000e+00
409 461 1.307482e-03 8.249656e-03 4 1 5 1 3.235903e-13 0.000000e+00
410 451 1.646023e-03 8.249656e-04 4 1 5 1 5.530784e-12 0.000000e+00
410 452 1.646023e-03 1.038570e-03 4 1 5 1 9.534334e-12 0.000000e+00
410 453 1.646023e-03 1.307482e-03 4 1 5 1 1.863661e-11 0.000000e+00
410 454 1.646023e-03 1.646023e-03 4 1 5 1 0.000000e+00 0.000000e+00
410 455 1.646023e-03 2.072220e-03 4 1 5 1 1.571911e-11 0.000000e+00
410 456 1.646023e-03 2.608770e-03 4 1 5 1 7.281777e-12 0.000000e+00
410 457 1.646023e-03 3.284247e-03 4 1 5 1 4.077304e-12 0.000000e+00
410 458 1.646023e-03 4.134622e-03 4 1 5 1 2.420428e-12 0.000000e+00
410 459 1.646023e-03 5.205181e-03 4 1 5 1 1.457091e-12 0.000000e+00
410 460 1.646023e-03 6.552935e-03 4 1 5 1 8.721210e-13 0.000000e+00
410 461 1.646023e-03 8.249656e-03 4 1 5 1 5.135966e-13 0.000000e+00
411 451 2.072220e-03 8.249656e-04 4 1 5 1 2.949117e-12 0.000000e+00
411 452 2.072220e-03 1.038570e-03 4 1 5 1 4.824977e-12 0.000000e+00
411 453 2.072220e-03 1.307482e-03 4 1 5 1 8.183363e-12 0.000000e+00
411 454 2.072220e-03 1.646023e-03 4 1 5 1 1.571911e-11 0.000000e+00
411 455 2.072220e-03 2.072220e-03 4 1 5 1 0.000000e+00 0.000000e+00
411 456 2.072220e-03 2.608770e-03 4 1 5 1 1.358591e-11 0.000000e+00
411 457 2.072220e-03 3.284247e-03 4 1 5 1 6.688223e-12 0.000000e+00
411 458 2.072220e-03 4.134622e-03 4 1 5 1 3.873009e-12 0.000000e+00
411 459 2.072220e-03 5.205181e-03 4 1 5 1 2.318290e-12 0.000000e+00
411 460 2.072220e-03 6.552935e-03 4 1 5 1 1.385740e-12 0.000000e+00
411 461 2.072220e-03 8.249656e-03 4 1 5 1 8.157453e-13 0.000000e+00
412 451 2.608770e-03 8.249656e-04 4 1 5 1 1.682332e-12 0.000000e+00
412 452 2.608770e-03 1.038570e-03 4 1 5 1 2.697046e-12 0.000000e+00
412 453 2.608770e-03 1.307482e-03 4 1 5 1 4.370235e-12 0.000000e+00
412 454 2.608770e-03 1.646023e-03 4 1 5 1 7.281777e-12 0.000000e+00
412 455 2.608770e-03 2.072220e-03 4 1 5 1 1.358591e-11 0.000000e+00
412 456 2.608770e-03 2.608770e-03 4 1 5 1 0.000000e+00 0.000000e+00
412 457 2.608770e-03 3.284247e-03 4 1 5 1 1.206021e-11 0.000000e+00
412 458 2.608770e-03 4.134622e-03 4 1 5 1 6.280684e-12 0.000000e+00
412 459 2.608770e-03 5.205181e-03 4 1 5 1 3.700840e-12 0.000000e+00
412 460 2.608770e-03 6.552935e-03 4 1 5 1 2.205406e-12 0.000000e+00
412 461 2.608770e-03 8.249656e-03 4 1 5 1 1.297380e-12 0.000000e+00
413 451 3.284247e-03 8.249656e-04 4 1 5 1 9.978746e-13 0.000000e+00
413 452 3.284247e-03 1.038570e-03 4 1 5 1 1.588024e-12 0.000000e+00
413 453 3.284247e-03 1.307482e-03 4 1 5 1 2.535478e-12 0.000000e+00
413 454 3.284247e-03 1.646023e-03 4 1 5 1 4.077304e-12 0.000000e+00
413 455 3.284247e-03 2.072220e-03 4 1 5 1 6.688223e-12 0.000000e+00
413 456 3.284247e-03 2.608770e-03 4 1 5 1 1.206021e-11 0.000000e+00
413 457 3.284247e-03 3.284247e-03 4 1 5 1 0.000000e+00 0.000000e+00
413 458 3.284247e-03 4.134622e-03 4 1 5 1 1.096589e-11 0.000000e+00
413 459 3.284247e-03 5.205181e-03 4 1 5 1 5.961632e-12 0.000000e+00
413 460 3.284247e-03 6.552935e-03 4 1 5 1 3.520449e-12 0.000000e+00
413 461 3.284247e-03 8.249656e-03 4 1 5 1 2.067697e-12 0.000000e+00
414 451 4.134622e-03 8.249656e-04 4 1 5 1 6.025460e-13 0.000000e+00
414 452 4.134622e-03 1.038570e-03 4 1 5 1 9.563010e-13 0.000000e+00
414 453 4.134622e-03 1.307482e-03 4 1 5 1 1.519753e-12 0.000000e+00
414 454 4.134622e-03 1.646023e-03 4 1 5 1 2.420428e-12 0.000000e+00
414 455 4.134622e-03 2.072220e-03 4 1 5 1 3.873009e-12 0.000000e+00
414 456 4.134622e-03 2.608770e-03 4 1 5 1 6.280684e-12 0.000000e+00
414 457 4.134622e-03 3.284247e-03 4 1 5 1 1.096589e-11 0.000000e+00
414 458 4.134622e-03 4.134622e-03 4 1 5 1 0.000000e+00 0.000000e+00
414 459 4.134622e-03 5.205181e-03 4 1 5 1 1.014508e-11 0.000000e+00
414 460 4.134622e-03 6.552935e-03 4 1 5 1 5.658714e-12 0.000000e+00
414 461 4.134622e-03 8.249656e-03 4 1 5 1 3.306944e-12 0.000000e+00
415 451 5.205181e-03 8.249656e-04 4 1 5 1 3.643520e-13 0.000000e+00
415 452 5.205181e-03 1.038570e-03 4 1 5 1 5.779598e-13 0.000000e+00
415 453 5.205181e-03 1.307482e-03 4 1 5 1 9.173093e-13 0.000000e+00
415 454 5.205181e-03 1.646023e-03 4 1 5 1 1.457091e-12 0.000000e+00
415 455 5.205181e-03 2.072220e-03 4 1 5 1 2.318290e-12 0.000000e+00
415 456 5.205181e-03 2.608770e-03 4 1 5 1 3.700840e-12 0.000000e+00
415 457 5.205181e-03 3.284247e-03 4 1 5 1 5.961632e-12 0.000000e+00
415 458 5.205181e-03 4.134622e-03 4 1 5 1 1.014508e-11 0.000000e+00
415 459 5.205181e-03 5.205181e-03 4 1 5 1 0.000000e+00 0.000000e+00
415 460 5.205181e-03 6.552935e-03 4 1 5 1 9.468106e-12 0.000000e+00
415 461 5.205181e-03 8.249656e-03 4 1 5 1 5.324529e-12 0.000000e+00
416 451 6.552935e-03 8.249656e-04 4 1 5 1 2.184011e-13 0.000000e+00
416 452 6.552935e-03 1.038570e-03 4 1 5 1 3.463087e-13 0.000000e+00
416 453 6.552935e-03 1.307482e-03 4 1 5 1 5.494090e-13 0.000000e+00
416 454 6.552935e-03 1.646023e-03 4 1 5 1 8.721210e-13 0.000000e+00
416 455 6.552935e-03 2.072220e-03 4 1 5 1 1.385740e-12 0.000000e+00
416 456 6.552935e-03 2.608770e-03 4 1 5 1 2.205406e-12 0.000000e+00
416 457 6.552935e-03 3.284247e-03 4 1 5 1 3.520449e-12 0.000000e+00
416 458 6.552935e-03 4.134622e-03 4 1 5 1 5.658714e-12 0.000000e+00
416 459 6.552935e-03 5.205181e-03 4 1 5 1 9.468106e-12 0.000000e+00
416 460 6.552935e-03 6.552935e-03 4 1 5 1 0.000000e+00 0.000000e+00
416 461 6.552935e-03 8.249656e-03 4 1 5 1 8.838592e-12 0.000000e+00
417 451 8.249656e-03 8.249656e-04 4 1 5 1 1.286312e-13 0.000000e+00
417 452 8.249656e-03 1.038570e-03 4 1 5 1 2.040151e-13 0.000000e+00
417 453 8.249656e-03 1.307482e-03 4 1 5 1 3.235903e-13 0.000000e+00
417 454 8.249656e-03 1.646023e-03 4 1 5 1 5.135966e-13 0.000000e+00
417 455 8.249656e-03 2.072220e-03 4 1 5 1 8.157453e-13 0.000000e+00
417 456 8.249656e-03 2.608770e-03 4 1 5 1 1.297380e-12 0.000000e+00
417 457 8.249656e-03 3.284247e-03 4 1 5 1 2.067697e-12 0.000000e+00
417 458 8.249656e-03 4.134622e-03 4 1 5 1 3.306944e-12 0.000000e+00
417 459 8.249656e-03 5.205181e-03 4 1 5 1 5.324529e-12 0.000000e+00
417 460 8.249656e-03 6.552935e-03 4 1 5 1 8.838592e-12 0.000000e+00
417 461 8.249656e-03 8.249656e-03 4 1 5 1 0.000000e+00 0.000000e+00
