# Please cite the following papers in research using this covariance:
# arXiv: 1601.05779, https://arxiv.org/abs/1601.05779
# arXiv: 1911.11947, https://arxiv.org/abs/1911.11947
# arXiv: 2004.04833, https://arxiv.org/abs/2004.04833
# arXiv: 1804.10663, https://arxiv.org/abs/1804.10663
########################################################
275 374 8.249656e-04 8.249656e-04 1 1 3 2 0.000000e+00 0.000000e+00
275 375 8.249656e-04 1.038570e-03 1 1 3 2 1.075503e-13 0.000000e+00
275 376 8.249656e-04 1.307482e-03 1 1 3 2 9.162405e-14 0.000000e+00
275 377 8.249656e-04 1.646023e-03 1 1 3 2 7.008953e-14 0.000000e+00
275 378 8.249656e-04 2.072220e-03 1 1 3 2 5.009296e-14 0.000000e+00
275 379 8.249656e-04 2.608770e-03 1 1 3 2 3.441790e-14 0.000000e+00
275 380 8.249656e-04 3.284247e-03 1 1 3 2 2.330404e-14 0.000000e+00
275 381 8.249656e-04 4.134622e-03 1 1 3 2 1.589472e-14 0.000000e+00
275 382 8.249656e-04 5.205181e-03 1 1 3 2 1.110209e-14 0.000000e+00
275 383 8.249656e-04 6.552935e-03 1 1 3 2 8.001885e-15 0.000000e+00
275 384 8.249656e-04 8.249656e-03 1 1 3 2 5.937693e-15 0.000000e+00
276 374 1.038570e-03 8.249656e-04 1 1 3 2 1.075503e-13 0.000000e+00
276 375 1.038570e-03 1.038570e-03 1 1 3 2 0.000000e+00 0.000000e+00
276 376 1.038570e-03 1.307482e-03 1 1 3 2 1.301482e-13 0.000000e+00
276 377 1.038570e-03 1.646023e-03 1 1 3 2 1.060409e-13 0.000000e+00
276 378 1.038570e-03 2.072220e-03 1 1 3 2 7.789019e-14 0.000000e+00
276 379 1.038570e-03 2.608770e-03 1 1 3 2 5.413581e-14 0.000000e+00
276 380 1.038570e-03 3.284247e-03 1 1 3 2 3.681507e-14 0.000000e+00
276 381 1.038570e-03 4.134622e-03 1 1 3 2 2.514470e-14 0.000000e+00
276 382 1.038570e-03 5.205181e-03 1 1 3 2 1.756964e-14 0.000000e+00
276 383 1.038570e-03 6.552935e-03 1 1 3 2 1.266582e-14 0.000000e+00
276 384 1.038570e-03 8.249656e-03 1 1 3 2 9.400729e-15 0.000000e+00
277 374 1.307482e-03 8.249656e-04 1 1 3 2 9.162405e-14 0.000000e+00
277 375 1.307482e-03 1.038570e-03 1 1 3 2 1.301482e-13 0.000000e+00
277 376 1.307482e-03 1.307482e-03 1 1 3 2 0.000000e+00 0.000000e+00
277 377 1.307482e-03 1.646023e-03 1 1 3 2 1.521639e-13 0.000000e+00
277 378 1.307482e-03 2.072220e-03 1 1 3 2 1.188921e-13 0.000000e+00
277 379 1.307482e-03 2.608770e-03 1 1 3 2 8.460343e-14 0.000000e+00
277 380 1.307482e-03 3.284247e-03 1 1 3 2 5.802149e-14 0.000000e+00
277 381 1.307482e-03 4.134622e-03 1 1 3 2 3.973088e-14 0.000000e+00
277 382 1.307482e-03 5.205181e-03 1 1 3 2 2.778047e-14 0.000000e+00
277 383 1.307482e-03 6.552935e-03 1 1 3 2 2.003307e-14 0.000000e+00
277 384 1.307482e-03 8.249656e-03 1 1 3 2 1.487438e-14 0.000000e+00
278 374 1.646023e-03 8.249656e-04 1 1 3 2 7.008953e-14 0.000000e+00
278 375 1.646023e-03 1.038570e-03 1 1 3 2 1.060409e-13 0.000000e+00
278 376 1.646023e-03 1.307482e-03 1 1 3 2 1.521639e-13 0.000000e+00
278 377 1.646023e-03 1.646023e-03 1 1 3 2 0.000000e+00 0.000000e+00
278 378 1.646023e-03 2.072220e-03 1 1 3 2 1.728044e-13 0.000000e+00
278 379 1.646023e-03 2.608770e-03 1 1 3 2 1.302743e-13 0.000000e+00
278 380 1.646023e-03 3.284247e-03 1 1 3 2 9.100781e-14 0.000000e+00
278 381 1.646023e-03 4.134622e-03 1 1 3 2 6.264964e-14 0.000000e+00
278 382 1.646023e-03 5.205181e-03 1 1 3 2 4.386333e-14 0.000000e+00
278 383 1.646023e-03 6.552935e-03 1 1 3 2 3.164757e-14 0.000000e+00
278 384 1.646023e-03 8.249656e-03 1 1 3 2 2.351197e-14 0.000000e+00
279 374 2.072220e-03 8.249656e-04 1 1 3 2 5.009296e-14 0.000000e+00
279 375 2.072220e-03 1.038570e-03 1 1 3 2 7.789019e-14 0.000000e+00
279 376 2.072220e-03 1.307482e-03 1 1 3 2 1.188921e-13 0.000000e+00
279 377 2.072220e-03 1.646023e-03 1 1 3 2 1.728044e-13 0.000000e+00
279 378 2.072220e-03 2.072220e-03 1 1 3 2 0.000000e+00 0.000000e+00
279 379 2.072220e-03 2.608770e-03 1 1 3 2 1.920610e-13 0.000000e+00
279 380 2.072220e-03 3.284247e-03 1 1 3 2 1.411325e-13 0.000000e+00
279 381 2.072220e-03 4.134622e-03 1 1 3 2 9.840482e-14 0.000000e+00
279 382 2.072220e-03 5.205181e-03 1 1 3 2 6.909600e-14 0.000000e+00
279 383 2.072220e-03 6.552935e-03 1 1 3 2 4.990028e-14 0.000000e+00
279 384 2.072220e-03 8.249656e-03 1 1 3 2 3.710744e-14 0.000000e+00
280 374 2.608770e-03 8.249656e-04 1 1 3 2 3.441790e-14 0.000000e+00
280 375 2.608770e-03 1.038570e-03 1 1 3 2 5.413581e-14 0.000000e+00
280 376 2.608770e-03 1.307482e-03 1 1 3 2 8.460343e-14 0.000000e+00
280 377 2.608770e-03 1.646023e-03 1 1 3 2 1.302743e-13 0.000000e+00
280 378 2.608770e-03 2.072220e-03 1 1 3 2 1.920610e-13 0.000000e+00
280 379 2.608770e-03 2.608770e-03 1 1 3 2 0.000000e+00 0.000000e+00
280 380 2.608770e-03 3.284247e-03 1 1 3 2 2.109183e-13 0.000000e+00
280 381 2.608770e-03 4.134622e-03 1 1 3 2 1.531957e-13 0.000000e+00
280 382 2.608770e-03 5.205181e-03 1 1 3 2 1.084081e-13 0.000000e+00
280 383 2.608770e-03 6.552935e-03 1 1 3 2 7.843919e-14 0.000000e+00
280 384 2.608770e-03 8.249656e-03 1 1 3 2 5.841804e-14 0.000000e+00
281 374 3.284247e-03 8.249656e-04 1 1 3 2 2.330404e-14 0.000000e+00
281 375 3.284247e-03 1.038570e-03 1 1 3 2 3.681507e-14 0.000000e+00
281 376 3.284247e-03 1.307482e-03 1 1 3 2 5.802149e-14 0.000000e+00
281 377 3.284247e-03 1.646023e-03 1 1 3 2 9.100781e-14 0.000000e+00
281 378 3.284247e-03 2.072220e-03 1 1 3 2 1.411325e-13 0.000000e+00
281 379 3.284247e-03 2.608770e-03 1 1 3 2 2.109183e-13 0.000000e+00
281 380 3.284247e-03 3.284247e-03 1 1 3 2 0.000000e+00 0.000000e+00
281 381 3.284247e-03 4.134622e-03 1 1 3 2 2.313500e-13 0.000000e+00
281 382 3.284247e-03 5.205181e-03 1 1 3 2 1.687342e-13 0.000000e+00
281 383 3.284247e-03 6.552935e-03 1 1 3 2 1.226838e-13 0.000000e+00
281 384 3.284247e-03 8.249656e-03 1 1 3 2 9.159860e-14 0.000000e+00
282 374 4.134622e-03 8.249656e-04 1 1 3 2 1.589472e-14 0.000000e+00
282 375 4.134622e-03 1.038570e-03 1 1 3 2 2.514470e-14 0.000000e+00
282 376 4.134622e-03 1.307482e-03 1 1 3 2 3.973088e-14 0.000000e+00
282 377 4.134622e-03 1.646023e-03 1 1 3 2 6.264964e-14 0.000000e+00
282 378 4.134622e-03 2.072220e-03 1 1 3 2 9.840482e-14 0.000000e+00
282 379 4.134622e-03 2.608770e-03 1 1 3 2 1.531957e-13 0.000000e+00
282 380 4.134622e-03 3.284247e-03 1 1 3 2 2.313500e-13 0.000000e+00
282 381 4.134622e-03 4.134622e-03 1 1 3 2 0.000000e+00 0.000000e+00
282 382 4.134622e-03 5.205181e-03 1 1 3 2 2.561126e-13 0.000000e+00
282 383 4.134622e-03 6.552935e-03 1 1 3 2 1.902106e-13 0.000000e+00
282 384 4.134622e-03 8.249656e-03 1 1 3 2 1.426930e-13 0.000000e+00
283 374 5.205181e-03 8.249656e-04 1 1 3 2 1.110209e-14 0.000000e+00
283 375 5.205181e-03 1.038570e-03 1 1 3 2 1.756964e-14 0.000000e+00
283 376 5.205181e-03 1.307482e-03 1 1 3 2 2.778047e-14 0.000000e+00
283 377 5.205181e-03 1.646023e-03 1 1 3 2 4.386333e-14 0.000000e+00
283 378 5.205181e-03 2.072220e-03 1 1 3 2 6.909600e-14 0.000000e+00
283 379 5.205181e-03 2.608770e-03 1 1 3 2 1.084081e-13 0.000000e+00
283 380 5.205181e-03 3.284247e-03 1 1 3 2 1.687342e-13 0.000000e+00
283 381 5.205181e-03 4.134622e-03 1 1 3 2 2.561126e-13 0.000000e+00
283 382 5.205181e-03 5.205181e-03 1 1 3 2 0.000000e+00 0.000000e+00
283 383 5.205181e-03 6.552935e-03 1 1 3 2 2.883820e-13 0.000000e+00
283 384 5.205181e-03 8.249656e-03 1 1 3 2 2.198882e-13 0.000000e+00
284 374 6.552935e-03 8.249656e-04 1 1 3 2 8.001885e-15 0.000000e+00
284 375 6.552935e-03 1.038570e-03 1 1 3 2 1.266582e-14 0.000000e+00
284 376 6.552935e-03 1.307482e-03 1 1 3 2 2.003307e-14 0.000000e+00
284 377 6.552935e-03 1.646023e-03 1 1 3 2 3.164757e-14 0.000000e+00
284 378 6.552935e-03 2.072220e-03 1 1 3 2 4.990028e-14 0.000000e+00
284 379 6.552935e-03 2.608770e-03 1 1 3 2 7.843919e-14 0.000000e+00
284 380 6.552935e-03 3.284247e-03 1 1 3 2 1.226838e-13 0.000000e+00
284 381 6.552935e-03 4.134622e-03 1 1 3 2 1.902106e-13 0.000000e+00
284 382 6.552935e-03 5.205181e-03 1 1 3 2 2.883820e-13 0.000000e+00
284 383 6.552935e-03 6.552935e-03 1 1 3 2 0.000000e+00 0.000000e+00
284 384 6.552935e-03 8.249656e-03 1 1 3 2 3.312626e-13 0.000000e+00
285 374 8.249656e-03 8.249656e-04 1 1 3 2 5.937693e-15 0.000000e+00
285 375 8.249656e-03 1.038570e-03 1 1 3 2 9.400729e-15 0.000000e+00
285 376 8.249656e-03 1.307482e-03 1 1 3 2 1.487438e-14 0.000000e+00
285 377 8.249656e-03 1.646023e-03 1 1 3 2 2.351197e-14 0.000000e+00
285 378 8.249656e-03 2.072220e-03 1 1 3 2 3.710744e-14 0.000000e+00
285 379 8.249656e-03 2.608770e-03 1 1 3 2 5.841804e-14 0.000000e+00
285 380 8.249656e-03 3.284247e-03 1 1 3 2 9.159860e-14 0.000000e+00
285 381 8.249656e-03 4.134622e-03 1 1 3 2 1.426930e-13 0.000000e+00
285 382 8.249656e-03 5.205181e-03 1 1 3 2 2.198882e-13 0.000000e+00
285 383 8.249656e-03 6.552935e-03 1 1 3 2 3.312626e-13 0.000000e+00
285 384 8.249656e-03 8.249656e-03 1 1 3 2 0.000000e+00 0.000000e+00
