# Please cite the following papers in research using this covariance:
# arXiv: 1601.05779, https://arxiv.org/abs/1601.05779
# arXiv: 1911.11947, https://arxiv.org/abs/1911.11947
# arXiv: 2004.04833, https://arxiv.org/abs/2004.04833
# arXiv: 1804.10663, https://arxiv.org/abs/1804.10663
########################################################
297 462 8.249656e-04 8.249656e-04 1 3 5 2 0.000000e+00 0.000000e+00
297 463 8.249656e-04 1.038570e-03 1 3 5 2 4.598787e-13 0.000000e+00
297 464 8.249656e-04 1.307482e-03 1 3 5 2 3.725543e-13 0.000000e+00
297 465 8.249656e-04 1.646023e-03 1 3 5 2 2.743357e-13 0.000000e+00
297 466 8.249656e-04 2.072220e-03 1 3 5 2 1.929820e-13 0.000000e+00
297 467 8.249656e-04 2.608770e-03 1 3 5 2 1.339269e-13 0.000000e+00
297 468 8.249656e-04 3.284247e-03 1 3 5 2 9.378909e-14 0.000000e+00
297 469 8.249656e-04 4.134622e-03 1 3 5 2 6.721753e-14 0.000000e+00
297 470 8.249656e-04 5.205181e-03 1 3 5 2 4.955109e-14 0.000000e+00
297 471 8.249656e-04 6.552935e-03 1 3 5 2 3.745127e-14 0.000000e+00
297 472 8.249656e-04 8.249656e-03 1 3 5 2 2.875637e-14 0.000000e+00
298 462 1.038570e-03 8.249656e-04 1 3 5 2 4.598787e-13 0.000000e+00
298 463 1.038570e-03 1.038570e-03 1 3 5 2 0.000000e+00 0.000000e+00
298 464 1.038570e-03 1.307482e-03 1 3 5 2 5.366627e-13 0.000000e+00
298 465 1.038570e-03 1.646023e-03 1 3 5 2 4.192766e-13 0.000000e+00
298 466 1.038570e-03 2.072220e-03 1 3 5 2 3.014296e-13 0.000000e+00
298 467 1.038570e-03 2.608770e-03 1 3 5 2 2.108184e-13 0.000000e+00
298 468 1.038570e-03 3.284247e-03 1 3 5 2 1.480308e-13 0.000000e+00
298 469 1.038570e-03 4.134622e-03 1 3 5 2 1.062032e-13 0.000000e+00
298 470 1.038570e-03 5.205181e-03 1 3 5 2 7.834163e-14 0.000000e+00
298 471 1.038570e-03 6.552935e-03 1 3 5 2 5.924572e-14 0.000000e+00
298 472 1.038570e-03 8.249656e-03 1 3 5 2 4.551419e-14 0.000000e+00
299 462 1.307482e-03 8.249656e-04 1 3 5 2 3.725543e-13 0.000000e+00
299 463 1.307482e-03 1.038570e-03 1 3 5 2 5.366627e-13 0.000000e+00
299 464 1.307482e-03 1.307482e-03 1 3 5 2 0.000000e+00 0.000000e+00
299 465 1.307482e-03 1.646023e-03 1 3 5 2 6.113170e-13 0.000000e+00
299 466 1.307482e-03 2.072220e-03 1 3 5 2 4.640373e-13 0.000000e+00
299 467 1.307482e-03 2.608770e-03 1 3 5 2 3.301011e-13 0.000000e+00
299 468 1.307482e-03 3.284247e-03 1 3 5 2 2.330149e-13 0.000000e+00
299 469 1.307482e-03 4.134622e-03 1 3 5 2 1.674872e-13 0.000000e+00
299 470 1.307482e-03 5.205181e-03 1 3 5 2 1.236812e-13 0.000000e+00
299 471 1.307482e-03 6.552935e-03 1 3 5 2 9.362034e-14 0.000000e+00
299 472 1.307482e-03 8.249656e-03 1 3 5 2 7.198056e-14 0.000000e+00
300 462 1.646023e-03 8.249656e-04 1 3 5 2 2.743357e-13 0.000000e+00
300 463 1.646023e-03 1.038570e-03 1 3 5 2 4.192766e-13 0.000000e+00
300 464 1.646023e-03 1.307482e-03 1 3 5 2 6.113170e-13 0.000000e+00
300 465 1.646023e-03 1.646023e-03 1 3 5 2 0.000000e+00 0.000000e+00
300 466 1.646023e-03 2.072220e-03 1 3 5 2 6.851174e-13 0.000000e+00
300 467 1.646023e-03 2.608770e-03 1 3 5 2 5.108192e-13 0.000000e+00
300 468 1.646023e-03 3.284247e-03 1 3 5 2 3.650120e-13 0.000000e+00
300 469 1.646023e-03 4.134622e-03 1 3 5 2 2.633265e-13 0.000000e+00
300 470 1.646023e-03 5.205181e-03 1 3 5 2 1.948076e-13 0.000000e+00
300 471 1.646023e-03 6.552935e-03 1 3 5 2 1.476789e-13 0.000000e+00
300 472 1.646023e-03 8.249656e-03 1 3 5 2 1.136921e-13 0.000000e+00
301 462 2.072220e-03 8.249656e-04 1 3 5 2 1.929820e-13 0.000000e+00
301 463 2.072220e-03 1.038570e-03 1 3 5 2 3.014296e-13 0.000000e+00
301 464 2.072220e-03 1.307482e-03 1 3 5 2 4.640373e-13 0.000000e+00
301 465 2.072220e-03 1.646023e-03 1 3 5 2 6.851174e-13 0.000000e+00
301 466 2.072220e-03 2.072220e-03 1 3 5 2 0.000000e+00 0.000000e+00
301 467 2.072220e-03 2.608770e-03 1 3 5 2 7.625489e-13 0.000000e+00
301 468 2.072220e-03 3.284247e-03 1 3 5 2 5.660241e-13 0.000000e+00
301 469 2.072220e-03 4.134622e-03 1 3 5 2 4.118505e-13 0.000000e+00
301 470 2.072220e-03 5.205181e-03 1 3 5 2 3.056841e-13 0.000000e+00
301 471 2.072220e-03 6.552935e-03 1 3 5 2 2.322939e-13 0.000000e+00
301 472 2.072220e-03 8.249656e-03 1 3 5 2 1.792098e-13 0.000000e+00
302 462 2.608770e-03 8.249656e-04 1 3 5 2 1.339269e-13 0.000000e+00
302 463 2.608770e-03 1.038570e-03 1 3 5 2 2.108184e-13 0.000000e+00
302 464 2.608770e-03 1.307482e-03 1 3 5 2 3.301011e-13 0.000000e+00
302 465 2.608770e-03 1.646023e-03 1 3 5 2 5.108192e-13 0.000000e+00
302 466 2.608770e-03 2.072220e-03 1 3 5 2 7.625489e-13 0.000000e+00
302 467 2.608770e-03 2.608770e-03 1 3 5 2 0.000000e+00 0.000000e+00
302 468 2.608770e-03 3.284247e-03 1 3 5 2 8.512963e-13 0.000000e+00
302 469 2.608770e-03 4.134622e-03 1 3 5 2 6.378297e-13 0.000000e+00
302 470 2.608770e-03 5.205181e-03 1 3 5 2 4.766881e-13 0.000000e+00
302 471 2.608770e-03 6.552935e-03 1 3 5 2 3.637166e-13 0.000000e+00
302 472 2.608770e-03 8.249656e-03 1 3 5 2 2.815563e-13 0.000000e+00
303 462 3.284247e-03 8.249656e-04 1 3 5 2 9.378909e-14 0.000000e+00
303 463 3.284247e-03 1.038570e-03 1 3 5 2 1.480308e-13 0.000000e+00
303 464 3.284247e-03 1.307482e-03 1 3 5 2 2.330149e-13 0.000000e+00
303 465 3.284247e-03 1.646023e-03 1 3 5 2 3.650120e-13 0.000000e+00
303 466 3.284247e-03 2.072220e-03 1 3 5 2 5.660241e-13 0.000000e+00
303 467 3.284247e-03 2.608770e-03 1 3 5 2 8.512963e-13 0.000000e+00
303 468 3.284247e-03 3.284247e-03 1 3 5 2 0.000000e+00 0.000000e+00
303 469 3.284247e-03 4.134622e-03 1 3 5 2 9.617085e-13 0.000000e+00
303 470 3.284247e-03 5.205181e-03 1 3 5 2 7.352756e-13 0.000000e+00
303 471 3.284247e-03 6.552935e-03 1 3 5 2 5.652002e-13 0.000000e+00
303 472 3.284247e-03 8.249656e-03 1 3 5 2 4.399875e-13 0.000000e+00
304 462 4.134622e-03 8.249656e-04 1 3 5 2 6.721753e-14 0.000000e+00
304 463 4.134622e-03 1.038570e-03 1 3 5 2 1.062032e-13 0.000000e+00
304 464 4.134622e-03 1.307482e-03 1 3 5 2 1.674872e-13 0.000000e+00
304 465 4.134622e-03 1.646023e-03 1 3 5 2 2.633265e-13 0.000000e+00
304 466 4.134622e-03 2.072220e-03 1 3 5 2 4.118505e-13 0.000000e+00
304 467 4.134622e-03 2.608770e-03 1 3 5 2 6.378297e-13 0.000000e+00
304 468 4.134622e-03 3.284247e-03 1 3 5 2 9.617085e-13 0.000000e+00
304 469 4.134622e-03 4.134622e-03 1 3 5 2 0.000000e+00 0.000000e+00
304 470 4.134622e-03 5.205181e-03 1 3 5 2 1.105779e-12 0.000000e+00
304 471 4.134622e-03 6.552935e-03 1 3 5 2 8.670239e-13 0.000000e+00
304 472 4.134622e-03 8.249656e-03 1 3 5 2 6.814745e-13 0.000000e+00
305 462 5.205181e-03 8.249656e-04 1 3 5 2 4.955109e-14 0.000000e+00
305 463 5.205181e-03 1.038570e-03 1 3 5 2 7.834163e-14 0.000000e+00
305 464 5.205181e-03 1.307482e-03 1 3 5 2 1.236812e-13 0.000000e+00
305 465 5.205181e-03 1.646023e-03 1 3 5 2 1.948076e-13 0.000000e+00
305 466 5.205181e-03 2.072220e-03 1 3 5 2 3.056841e-13 0.000000e+00
305 467 5.205181e-03 2.608770e-03 1 3 5 2 4.766881e-13 0.000000e+00
305 468 5.205181e-03 3.284247e-03 1 3 5 2 7.352756e-13 0.000000e+00
305 469 5.205181e-03 4.134622e-03 1 3 5 2 1.105779e-12 0.000000e+00
305 470 5.205181e-03 5.205181e-03 1 3 5 2 0.000000e+00 0.000000e+00
305 471 5.205181e-03 6.552935e-03 1 3 5 2 1.295454e-12 0.000000e+00
305 472 5.205181e-03 8.249656e-03 1 3 5 2 1.039526e-12 0.000000e+00
306 462 6.552935e-03 8.249656e-04 1 3 5 2 3.745127e-14 0.000000e+00
306 463 6.552935e-03 1.038570e-03 1 3 5 2 5.924572e-14 0.000000e+00
306 464 6.552935e-03 1.307482e-03 1 3 5 2 9.362034e-14 0.000000e+00
306 465 6.552935e-03 1.646023e-03 1 3 5 2 1.476789e-13 0.000000e+00
306 466 6.552935e-03 2.072220e-03 1 3 5 2 2.322939e-13 0.000000e+00
306 467 6.552935e-03 2.608770e-03 1 3 5 2 3.637166e-13 0.000000e+00
306 468 6.552935e-03 3.284247e-03 1 3 5 2 5.652002e-13 0.000000e+00
306 469 6.552935e-03 4.134622e-03 1 3 5 2 8.670239e-13 0.000000e+00
306 470 6.552935e-03 5.205181e-03 1 3 5 2 1.295454e-12 0.000000e+00
306 471 6.552935e-03 6.552935e-03 1 3 5 2 0.000000e+00 0.000000e+00
306 472 6.552935e-03 8.249656e-03 1 3 5 2 1.540025e-12 0.000000e+00
307 462 8.249656e-03 8.249656e-04 1 3 5 2 2.875637e-14 0.000000e+00
307 463 8.249656e-03 1.038570e-03 1 3 5 2 4.551419e-14 0.000000e+00
307 464 8.249656e-03 1.307482e-03 1 3 5 2 7.198056e-14 0.000000e+00
307 465 8.249656e-03 1.646023e-03 1 3 5 2 1.136921e-13 0.000000e+00
307 466 8.249656e-03 2.072220e-03 1 3 5 2 1.792098e-13 0.000000e+00
307 467 8.249656e-03 2.608770e-03 1 3 5 2 2.815563e-13 0.000000e+00
307 468 8.249656e-03 3.284247e-03 1 3 5 2 4.399875e-13 0.000000e+00
307 469 8.249656e-03 4.134622e-03 1 3 5 2 6.814745e-13 0.000000e+00
307 470 8.249656e-03 5.205181e-03 1 3 5 2 1.039526e-12 0.000000e+00
307 471 8.249656e-03 6.552935e-03 1 3 5 2 1.540025e-12 0.000000e+00
307 472 8.249656e-03 8.249656e-03 1 3 5 2 0.000000e+00 0.000000e+00
