# Please cite the following papers in research using this covariance:
# arXiv: 1601.05779, https://arxiv.org/abs/1601.05779
# arXiv: 1911.11947, https://arxiv.org/abs/1911.11947
# arXiv: 2004.04833, https://arxiv.org/abs/2004.04833
# arXiv: 1804.10663, https://arxiv.org/abs/1804.10663
########################################################
330 330 8.249656e-04 8.249656e-04 2 2 2 2 2.455527e-09 0.000000e+00
330 331 8.249656e-04 1.038570e-03 2 2 2 2 9.567989e-11 0.000000e+00
330 332 8.249656e-04 1.307482e-03 2 2 2 2 4.280182e-11 0.000000e+00
330 333 8.249656e-04 1.646023e-03 2 2 2 2 1.970505e-11 0.000000e+00
330 334 8.249656e-04 2.072220e-03 2 2 2 2 9.632009e-12 0.000000e+00
330 335 8.249656e-04 2.608770e-03 2 2 2 2 5.024023e-12 0.000000e+00
330 336 8.249656e-04 3.284247e-03 2 2 2 2 2.788595e-12 0.000000e+00
330 337 8.249656e-04 4.134622e-03 2 2 2 2 1.632006e-12 0.000000e+00
330 338 8.249656e-04 5.205181e-03 2 2 2 2 9.934771e-13 0.000000e+00
330 339 8.249656e-04 6.552935e-03 2 2 2 2 6.209526e-13 0.000000e+00
330 340 8.249656e-04 8.249656e-03 2 2 2 2 3.938148e-13 0.000000e+00
331 330 1.038570e-03 8.249656e-04 2 2 2 2 9.567989e-11 0.000000e+00
331 331 1.038570e-03 1.038570e-03 2 2 2 2 1.557457e-09 0.000000e+00
331 332 1.038570e-03 1.307482e-03 2 2 2 2 7.995419e-11 0.000000e+00
331 333 1.038570e-03 1.646023e-03 2 2 2 2 3.441576e-11 0.000000e+00
331 334 1.038570e-03 2.072220e-03 2 2 2 2 1.603412e-11 0.000000e+00
331 335 1.038570e-03 2.608770e-03 2 2 2 2 8.146612e-12 0.000000e+00
331 336 1.038570e-03 3.284247e-03 2 2 2 2 4.462319e-12 0.000000e+00
331 337 1.038570e-03 4.134622e-03 2 2 2 2 2.595536e-12 0.000000e+00
331 338 1.038570e-03 5.205181e-03 2 2 2 2 1.576298e-12 0.000000e+00
331 339 1.038570e-03 6.552935e-03 2 2 2 2 9.842222e-13 0.000000e+00
331 340 1.038570e-03 8.249656e-03 2 2 2 2 6.242619e-13 0.000000e+00
332 330 1.307482e-03 8.249656e-04 2 2 2 2 4.280182e-11 0.000000e+00
332 331 1.307482e-03 1.038570e-03 2 2 2 2 7.995419e-11 0.000000e+00
332 332 1.307482e-03 1.307482e-03 2 2 2 2 9.870586e-10 0.000000e+00
332 333 1.307482e-03 1.646023e-03 2 2 2 2 6.605644e-11 0.000000e+00
332 334 1.307482e-03 2.072220e-03 2 2 2 2 2.793178e-11 0.000000e+00
332 335 1.307482e-03 2.608770e-03 2 2 2 2 1.346042e-11 0.000000e+00
332 336 1.307482e-03 3.284247e-03 2 2 2 2 7.192870e-12 0.000000e+00
332 337 1.307482e-03 4.134622e-03 2 2 2 2 4.139111e-12 0.000000e+00
332 338 1.307482e-03 5.205181e-03 2 2 2 2 2.503193e-12 0.000000e+00
332 339 1.307482e-03 6.552935e-03 2 2 2 2 1.560567e-12 0.000000e+00
332 340 1.307482e-03 8.249656e-03 2 2 2 2 9.892863e-13 0.000000e+00
333 330 1.646023e-03 8.249656e-04 2 2 2 2 1.970505e-11 0.000000e+00
333 331 1.646023e-03 1.038570e-03 2 2 2 2 3.441576e-11 0.000000e+00
333 332 1.646023e-03 1.307482e-03 2 2 2 2 6.605644e-11 0.000000e+00
333 333 1.646023e-03 1.646023e-03 2 2 2 2 6.259834e-10 0.000000e+00
333 334 1.646023e-03 2.072220e-03 2 2 2 2 5.443859e-11 0.000000e+00
333 335 1.646023e-03 2.608770e-03 2 2 2 2 2.320629e-11 0.000000e+00
333 336 1.646023e-03 3.284247e-03 2 2 2 2 1.176857e-11 0.000000e+00
333 337 1.646023e-03 4.134622e-03 2 2 2 2 6.633205e-12 0.000000e+00
333 338 1.646023e-03 5.205181e-03 2 2 2 2 3.980485e-12 0.000000e+00
333 339 1.646023e-03 6.552935e-03 2 2 2 2 2.475111e-12 0.000000e+00
333 340 1.646023e-03 8.249656e-03 2 2 2 2 1.568020e-12 0.000000e+00
334 330 2.072220e-03 8.249656e-04 2 2 2 2 9.632009e-12 0.000000e+00
334 331 2.072220e-03 1.038570e-03 2 2 2 2 1.603412e-11 0.000000e+00
334 332 2.072220e-03 1.307482e-03 2 2 2 2 2.793178e-11 0.000000e+00
334 333 2.072220e-03 1.646023e-03 2 2 2 2 5.443859e-11 0.000000e+00
334 334 2.072220e-03 2.072220e-03 2 2 2 2 3.968934e-10 0.000000e+00
334 335 2.072220e-03 2.608770e-03 2 2 2 2 4.522117e-11 0.000000e+00
334 336 2.072220e-03 3.284247e-03 2 2 2 2 1.996449e-11 0.000000e+00
334 337 2.072220e-03 4.134622e-03 2 2 2 2 1.074288e-11 0.000000e+00
334 338 2.072220e-03 5.205181e-03 2 2 2 2 6.347984e-12 0.000000e+00
334 339 2.072220e-03 6.552935e-03 2 2 2 2 3.928117e-12 0.000000e+00
334 340 2.072220e-03 8.249656e-03 2 2 2 2 2.485092e-12 0.000000e+00
335 330 2.608770e-03 8.249656e-04 2 2 2 2 5.024023e-12 0.000000e+00
335 331 2.608770e-03 1.038570e-03 2 2 2 2 8.146612e-12 0.000000e+00
335 332 2.608770e-03 1.307482e-03 2 2 2 2 1.346042e-11 0.000000e+00
335 333 2.608770e-03 1.646023e-03 2 2 2 2 2.320629e-11 0.000000e+00
335 334 2.608770e-03 2.072220e-03 2 2 2 2 4.522117e-11 0.000000e+00
335 335 2.608770e-03 2.608770e-03 2 2 2 2 2.514842e-10 0.000000e+00
335 336 2.608770e-03 3.284247e-03 2 2 2 2 3.826791e-11 0.000000e+00
335 337 2.608770e-03 4.134622e-03 2 2 2 2 1.788811e-11 0.000000e+00
335 338 2.608770e-03 5.205181e-03 2 2 2 2 1.019057e-11 0.000000e+00
335 339 2.608770e-03 6.552935e-03 2 2 2 2 6.242430e-12 0.000000e+00
335 340 2.608770e-03 8.249656e-03 2 2 2 2 3.939114e-12 0.000000e+00
336 330 3.284247e-03 8.249656e-04 2 2 2 2 2.788595e-12 0.000000e+00
336 331 3.284247e-03 1.038570e-03 2 2 2 2 4.462319e-12 0.000000e+00
336 332 3.284247e-03 1.307482e-03 2 2 2 2 7.192870e-12 0.000000e+00
336 333 3.284247e-03 1.646023e-03 2 2 2 2 1.176857e-11 0.000000e+00
336 334 3.284247e-03 2.072220e-03 2 2 2 2 1.996449e-11 0.000000e+00
336 335 3.284247e-03 2.608770e-03 2 2 2 2 3.826791e-11 0.000000e+00
336 336 3.284247e-03 3.284247e-03 2 2 2 2 1.592585e-10 0.000000e+00
336 337 3.284247e-03 4.134622e-03 2 2 2 2 3.328442e-11 0.000000e+00
336 338 3.284247e-03 5.205181e-03 2 2 2 2 1.667309e-11 0.000000e+00
336 339 3.284247e-03 6.552935e-03 2 2 2 2 9.954810e-12 0.000000e+00
336 340 3.284247e-03 8.249656e-03 2 2 2 2 6.246106e-12 0.000000e+00
337 330 4.134622e-03 8.249656e-04 2 2 2 2 1.632006e-12 0.000000e+00
337 331 4.134622e-03 1.038570e-03 2 2 2 2 2.595536e-12 0.000000e+00
337 332 4.134622e-03 1.307482e-03 2 2 2 2 4.139111e-12 0.000000e+00
337 333 4.134622e-03 1.646023e-03 2 2 2 2 6.633205e-12 0.000000e+00
337 334 4.134622e-03 2.072220e-03 2 2 2 2 1.074288e-11 0.000000e+00
337 335 4.134622e-03 2.608770e-03 2 2 2 2 1.788811e-11 0.000000e+00
337 336 4.134622e-03 3.284247e-03 2 2 2 2 3.328442e-11 0.000000e+00
337 337 4.134622e-03 4.134622e-03 2 2 2 2 1.009319e-10 0.000000e+00
337 338 4.134622e-03 5.205181e-03 2 2 2 2 2.990683e-11 0.000000e+00
337 339 4.134622e-03 6.552935e-03 2 2 2 2 1.605832e-11 0.000000e+00
337 340 4.134622e-03 8.249656e-03 2 2 2 2 9.917217e-12 0.000000e+00
338 330 5.205181e-03 8.249656e-04 2 2 2 2 9.934771e-13 0.000000e+00
338 331 5.205181e-03 1.038570e-03 2 2 2 2 1.576298e-12 0.000000e+00
338 332 5.205181e-03 1.307482e-03 2 2 2 2 2.503193e-12 0.000000e+00
338 333 5.205181e-03 1.646023e-03 2 2 2 2 3.980485e-12 0.000000e+00
338 334 5.205181e-03 2.072220e-03 2 2 2 2 6.347984e-12 0.000000e+00
338 335 5.205181e-03 2.608770e-03 2 2 2 2 1.019057e-11 0.000000e+00
338 336 5.205181e-03 3.284247e-03 2 2 2 2 1.667309e-11 0.000000e+00
338 337 5.205181e-03 4.134622e-03 2 2 2 2 2.990683e-11 0.000000e+00
338 338 5.205181e-03 5.205181e-03 2 2 2 2 6.396151e-11 0.000000e+00
338 339 5.205181e-03 6.552935e-03 2 2 2 2 2.776704e-11 0.000000e+00
338 340 5.205181e-03 8.249656e-03 2 2 2 2 1.583761e-11 0.000000e+00
339 330 6.552935e-03 8.249656e-04 2 2 2 2 6.209526e-13 0.000000e+00
339 331 6.552935e-03 1.038570e-03 2 2 2 2 9.842222e-13 0.000000e+00
339 332 6.552935e-03 1.307482e-03 2 2 2 2 1.560567e-12 0.000000e+00
339 333 6.552935e-03 1.646023e-03 2 2 2 2 2.475111e-12 0.000000e+00
339 334 6.552935e-03 2.072220e-03 2 2 2 2 3.928117e-12 0.000000e+00
339 335 6.552935e-03 2.608770e-03 2 2 2 2 6.242430e-12 0.000000e+00
339 336 6.552935e-03 3.284247e-03 2 2 2 2 9.954810e-12 0.000000e+00
339 337 6.552935e-03 4.134622e-03 2 2 2 2 1.605832e-11 0.000000e+00
339 338 6.552935e-03 5.205181e-03 2 2 2 2 2.776704e-11 0.000000e+00
339 339 6.552935e-03 6.552935e-03 2 2 2 2 4.052019e-11 0.000000e+00
339 340 6.552935e-03 8.249656e-03 2 2 2 2 2.653253e-11 0.000000e+00
340 330 8.249656e-03 8.249656e-04 2 2 2 2 3.938148e-13 0.000000e+00
340 331 8.249656e-03 1.038570e-03 2 2 2 2 6.242619e-13 0.000000e+00
340 332 8.249656e-03 1.307482e-03 2 2 2 2 9.892863e-13 0.000000e+00
340 333 8.249656e-03 1.646023e-03 2 2 2 2 1.568020e-12 0.000000e+00
340 334 8.249656e-03 2.072220e-03 2 2 2 2 2.485092e-12 0.000000e+00
340 335 8.249656e-03 2.608770e-03 2 2 2 2 3.939114e-12 0.000000e+00
340 336 8.249656e-03 3.284247e-03 2 2 2 2 6.246106e-12 0.000000e+00
340 337 8.249656e-03 4.134622e-03 2 2 2 2 9.917217e-12 0.000000e+00
340 338 8.249656e-03 5.205181e-03 2 2 2 2 1.583761e-11 0.000000e+00
340 339 8.249656e-03 6.552935e-03 2 2 2 2 2.653253e-11 0.000000e+00
340 340 8.249656e-03 8.249656e-03 2 2 2 2 2.568383e-11 0.000000e+00
