# Please cite the following papers in research using this covariance:
# arXiv: 1601.05779, https://arxiv.org/abs/1601.05779
# arXiv: 1911.11947, https://arxiv.org/abs/1911.11947
# arXiv: 2004.04833, https://arxiv.org/abs/2004.04833
# arXiv: 1804.10663, https://arxiv.org/abs/1804.10663
########################################################
330 396 8.249656e-04 8.249656e-04 2 2 4 0 0.000000e+00 0.000000e+00
330 397 8.249656e-04 1.038570e-03 2 2 4 0 4.029956e-14 0.000000e+00
330 398 8.249656e-04 1.307482e-03 2 2 4 0 3.352072e-14 0.000000e+00
330 399 8.249656e-04 1.646023e-03 2 2 4 0 2.546497e-14 0.000000e+00
330 400 8.249656e-04 2.072220e-03 2 2 4 0 1.849652e-14 0.000000e+00
330 401 8.249656e-04 2.608770e-03 2 2 4 0 1.320111e-14 0.000000e+00
330 402 8.249656e-04 3.284247e-03 2 2 4 0 9.430794e-15 0.000000e+00
330 403 8.249656e-04 4.134622e-03 2 2 4 0 6.822977e-15 0.000000e+00
330 404 8.249656e-04 5.205181e-03 2 2 4 0 5.021686e-15 0.000000e+00
330 405 8.249656e-04 6.552935e-03 2 2 4 0 3.752643e-15 0.000000e+00
330 406 8.249656e-04 8.249656e-03 2 2 4 0 2.828839e-15 0.000000e+00
331 396 1.038570e-03 8.249656e-04 2 2 4 0 4.029956e-14 0.000000e+00
331 397 1.038570e-03 1.038570e-03 2 2 4 0 0.000000e+00 0.000000e+00
331 398 1.038570e-03 1.307482e-03 2 2 4 0 4.810338e-14 0.000000e+00
331 399 1.038570e-03 1.646023e-03 2 2 4 0 3.873318e-14 0.000000e+00
331 400 1.038570e-03 2.072220e-03 2 2 4 0 2.877782e-14 0.000000e+00
331 401 1.038570e-03 2.608770e-03 2 2 4 0 2.072887e-14 0.000000e+00
331 402 1.038570e-03 3.284247e-03 2 2 4 0 1.486593e-14 0.000000e+00
331 403 1.038570e-03 4.134622e-03 2 2 4 0 1.077449e-14 0.000000e+00
331 404 1.038570e-03 5.205181e-03 2 2 4 0 7.938243e-15 0.000000e+00
331 405 1.038570e-03 6.552935e-03 2 2 4 0 5.936550e-15 0.000000e+00
331 406 1.038570e-03 8.249656e-03 2 2 4 0 4.477682e-15 0.000000e+00
332 396 1.307482e-03 8.249656e-04 2 2 4 0 3.352072e-14 0.000000e+00
332 397 1.307482e-03 1.038570e-03 2 2 4 0 4.810338e-14 0.000000e+00
332 398 1.307482e-03 1.307482e-03 2 2 4 0 0.000000e+00 0.000000e+00
332 399 1.307482e-03 1.646023e-03 2 2 4 0 5.613652e-14 0.000000e+00
332 400 1.307482e-03 2.072220e-03 2 2 4 0 4.403256e-14 0.000000e+00
332 401 1.307482e-03 2.608770e-03 2 2 4 0 3.232490e-14 0.000000e+00
332 402 1.307482e-03 3.284247e-03 2 2 4 0 2.335046e-14 0.000000e+00
332 403 1.307482e-03 4.134622e-03 2 2 4 0 1.697672e-14 0.000000e+00
332 404 1.307482e-03 5.205181e-03 2 2 4 0 1.252929e-14 0.000000e+00
332 405 1.307482e-03 6.552935e-03 2 2 4 0 9.381148e-15 0.000000e+00
332 406 1.307482e-03 8.249656e-03 2 2 4 0 7.082255e-15 0.000000e+00
333 396 1.646023e-03 8.249656e-04 2 2 4 0 2.546497e-14 0.000000e+00
333 397 1.646023e-03 1.038570e-03 2 2 4 0 3.873318e-14 0.000000e+00
333 398 1.646023e-03 1.307482e-03 2 2 4 0 5.613652e-14 0.000000e+00
333 399 1.646023e-03 1.646023e-03 2 2 4 0 0.000000e+00 0.000000e+00
333 400 1.646023e-03 2.072220e-03 2 2 4 0 6.447022e-14 0.000000e+00
333 401 1.646023e-03 2.608770e-03 2 2 4 0 4.968417e-14 0.000000e+00
333 402 1.646023e-03 3.284247e-03 2 2 4 0 3.644406e-14 0.000000e+00
333 403 1.646023e-03 4.134622e-03 2 2 4 0 2.665022e-14 0.000000e+00
333 404 1.646023e-03 5.205181e-03 2 2 4 0 1.972599e-14 0.000000e+00
333 405 1.646023e-03 6.552935e-03 2 2 4 0 1.479837e-14 0.000000e+00
333 406 1.646023e-03 8.249656e-03 2 2 4 0 1.118832e-14 0.000000e+00
334 396 2.072220e-03 8.249656e-04 2 2 4 0 1.849652e-14 0.000000e+00
334 397 2.072220e-03 1.038570e-03 2 2 4 0 2.877782e-14 0.000000e+00
334 398 2.072220e-03 1.307482e-03 2 2 4 0 4.403256e-14 0.000000e+00
334 399 2.072220e-03 1.646023e-03 2 2 4 0 6.447022e-14 0.000000e+00
334 400 2.072220e-03 2.072220e-03 2 2 4 0 0.000000e+00 0.000000e+00
334 401 2.072220e-03 2.608770e-03 2 2 4 0 7.341261e-14 0.000000e+00
334 402 2.072220e-03 3.284247e-03 2 2 4 0 5.614862e-14 0.000000e+00
334 403 2.072220e-03 4.134622e-03 2 2 4 0 4.156706e-14 0.000000e+00
334 404 2.072220e-03 5.205181e-03 2 2 4 0 3.092840e-14 0.000000e+00
334 405 2.072220e-03 6.552935e-03 2 2 4 0 2.327746e-14 0.000000e+00
334 406 2.072220e-03 8.249656e-03 2 2 4 0 1.764070e-14 0.000000e+00
335 396 2.608770e-03 8.249656e-04 2 2 4 0 1.320111e-14 0.000000e+00
335 397 2.608770e-03 1.038570e-03 2 2 4 0 2.072887e-14 0.000000e+00
335 398 2.608770e-03 1.307482e-03 2 2 4 0 3.232490e-14 0.000000e+00
335 399 2.608770e-03 1.646023e-03 2 2 4 0 4.968417e-14 0.000000e+00
335 400 2.608770e-03 2.072220e-03 2 2 4 0 7.341261e-14 0.000000e+00
335 401 2.608770e-03 2.608770e-03 2 2 4 0 0.000000e+00 0.000000e+00
335 402 2.608770e-03 3.284247e-03 2 2 4 0 8.352064e-14 0.000000e+00
335 403 2.608770e-03 4.134622e-03 2 2 4 0 6.403576e-14 0.000000e+00
335 404 2.608770e-03 5.205181e-03 2 2 4 0 4.815397e-14 0.000000e+00
335 405 2.608770e-03 6.552935e-03 2 2 4 0 3.644426e-14 0.000000e+00
335 406 2.608770e-03 8.249656e-03 2 2 4 0 2.772676e-14 0.000000e+00
336 396 3.284247e-03 8.249656e-04 2 2 4 0 9.430794e-15 0.000000e+00
336 397 3.284247e-03 1.038570e-03 2 2 4 0 1.486593e-14 0.000000e+00
336 398 3.284247e-03 1.307482e-03 2 2 4 0 2.335046e-14 0.000000e+00
336 399 3.284247e-03 1.646023e-03 2 2 4 0 3.644406e-14 0.000000e+00
336 400 3.284247e-03 2.072220e-03 2 2 4 0 5.614862e-14 0.000000e+00
336 401 3.284247e-03 2.608770e-03 2 2 4 0 8.352064e-14 0.000000e+00
336 402 3.284247e-03 3.284247e-03 2 2 4 0 0.000000e+00 0.000000e+00
336 403 3.284247e-03 4.134622e-03 2 2 4 0 9.555764e-14 0.000000e+00
336 404 3.284247e-03 5.205181e-03 2 2 4 0 7.401965e-14 0.000000e+00
336 405 3.284247e-03 6.552935e-03 2 2 4 0 5.661214e-14 0.000000e+00
336 406 3.284247e-03 8.249656e-03 2 2 4 0 4.335424e-14 0.000000e+00
337 396 4.134622e-03 8.249656e-04 2 2 4 0 6.822977e-15 0.000000e+00
337 397 4.134622e-03 1.038570e-03 2 2 4 0 1.077449e-14 0.000000e+00
337 398 4.134622e-03 1.307482e-03 2 2 4 0 1.697672e-14 0.000000e+00
337 399 4.134622e-03 1.646023e-03 2 2 4 0 2.665022e-14 0.000000e+00
337 400 4.134622e-03 2.072220e-03 2 2 4 0 4.156706e-14 0.000000e+00
337 401 4.134622e-03 2.608770e-03 2 2 4 0 6.403576e-14 0.000000e+00
337 402 4.134622e-03 3.284247e-03 2 2 4 0 9.555764e-14 0.000000e+00
337 403 4.134622e-03 4.134622e-03 2 2 4 0 0.000000e+00 0.000000e+00
337 404 4.134622e-03 5.205181e-03 2 2 4 0 1.104002e-13 0.000000e+00
337 405 4.134622e-03 6.552935e-03 2 2 4 0 8.672141e-14 0.000000e+00
337 406 4.134622e-03 8.249656e-03 2 2 4 0 6.719978e-14 0.000000e+00
338 396 5.205181e-03 8.249656e-04 2 2 4 0 5.021686e-15 0.000000e+00
338 397 5.205181e-03 1.038570e-03 2 2 4 0 7.938243e-15 0.000000e+00
338 398 5.205181e-03 1.307482e-03 2 2 4 0 1.252929e-14 0.000000e+00
338 399 5.205181e-03 1.646023e-03 2 2 4 0 1.972599e-14 0.000000e+00
338 400 5.205181e-03 2.072220e-03 2 2 4 0 3.092840e-14 0.000000e+00
338 401 5.205181e-03 2.608770e-03 2 2 4 0 4.815397e-14 0.000000e+00
338 402 5.205181e-03 3.284247e-03 2 2 4 0 7.401965e-14 0.000000e+00
338 403 5.205181e-03 4.134622e-03 2 2 4 0 1.104002e-13 0.000000e+00
338 404 5.205181e-03 5.205181e-03 2 2 4 0 0.000000e+00 0.000000e+00
338 405 5.205181e-03 6.552935e-03 2 2 4 0 1.288931e-13 0.000000e+00
338 406 5.205181e-03 8.249656e-03 2 2 4 0 1.025632e-13 0.000000e+00
339 396 6.552935e-03 8.249656e-04 2 2 4 0 3.752643e-15 0.000000e+00
339 397 6.552935e-03 1.038570e-03 2 2 4 0 5.936550e-15 0.000000e+00
339 398 6.552935e-03 1.307482e-03 2 2 4 0 9.381148e-15 0.000000e+00
339 399 6.552935e-03 1.646023e-03 2 2 4 0 1.479837e-14 0.000000e+00
339 400 6.552935e-03 2.072220e-03 2 2 4 0 2.327746e-14 0.000000e+00
339 401 6.552935e-03 2.608770e-03 2 2 4 0 3.644426e-14 0.000000e+00
339 402 6.552935e-03 3.284247e-03 2 2 4 0 5.661214e-14 0.000000e+00
339 403 6.552935e-03 4.134622e-03 2 2 4 0 8.672141e-14 0.000000e+00
339 404 6.552935e-03 5.205181e-03 2 2 4 0 1.288931e-13 0.000000e+00
339 405 6.552935e-03 6.552935e-03 2 2 4 0 0.000000e+00 0.000000e+00
339 406 6.552935e-03 8.249656e-03 2 2 4 0 1.516526e-13 0.000000e+00
340 396 8.249656e-03 8.249656e-04 2 2 4 0 2.828839e-15 0.000000e+00
340 397 8.249656e-03 1.038570e-03 2 2 4 0 4.477682e-15 0.000000e+00
340 398 8.249656e-03 1.307482e-03 2 2 4 0 7.082255e-15 0.000000e+00
340 399 8.249656e-03 1.646023e-03 2 2 4 0 1.118832e-14 0.000000e+00
340 400 8.249656e-03 2.072220e-03 2 2 4 0 1.764070e-14 0.000000e+00
340 401 8.249656e-03 2.608770e-03 2 2 4 0 2.772676e-14 0.000000e+00
340 402 8.249656e-03 3.284247e-03 2 2 4 0 4.335424e-14 0.000000e+00
340 403 8.249656e-03 4.134622e-03 2 2 4 0 6.719978e-14 0.000000e+00
340 404 8.249656e-03 5.205181e-03 2 2 4 0 1.025632e-13 0.000000e+00
340 405 8.249656e-03 6.552935e-03 2 2 4 0 1.516526e-13 0.000000e+00
340 406 8.249656e-03 8.249656e-03 2 2 4 0 0.000000e+00 0.000000e+00
