# Please cite the following papers in research using this covariance:
# arXiv: 1601.05779, https://arxiv.org/abs/1601.05779
# arXiv: 1911.11947, https://arxiv.org/abs/1911.11947
# arXiv: 2004.04833, https://arxiv.org/abs/2004.04833
# arXiv: 1804.10663, https://arxiv.org/abs/1804.10663
########################################################
264 418 8.249656e-04 8.249656e-04 1 0 4 2 0.000000e+00 0.000000e+00
264 419 8.249656e-04 1.038570e-03 1 0 4 2 9.256273e-14 0.000000e+00
264 420 8.249656e-04 1.307482e-03 1 0 4 2 7.775310e-14 0.000000e+00
264 421 8.249656e-04 1.646023e-03 1 0 4 2 5.922645e-14 0.000000e+00
264 422 8.249656e-04 2.072220e-03 1 0 4 2 4.265457e-14 0.000000e+00
264 423 8.249656e-04 2.608770e-03 1 0 4 2 2.984453e-14 0.000000e+00
264 424 8.249656e-04 3.284247e-03 1 0 4 2 2.072340e-14 0.000000e+00
264 425 8.249656e-04 4.134622e-03 1 0 4 2 1.452855e-14 0.000000e+00
264 426 8.249656e-04 5.205181e-03 1 0 4 2 1.040326e-14 0.000000e+00
264 427 8.249656e-04 6.552935e-03 1 0 4 2 7.637766e-15 0.000000e+00
264 428 8.249656e-04 8.249656e-03 1 0 4 2 5.725121e-15 0.000000e+00
265 418 1.038570e-03 8.249656e-04 1 0 4 2 9.256273e-14 0.000000e+00
265 419 1.038570e-03 1.038570e-03 1 0 4 2 0.000000e+00 0.000000e+00
265 420 1.038570e-03 1.307482e-03 1 0 4 2 1.110989e-13 0.000000e+00
265 421 1.038570e-03 1.646023e-03 1 0 4 2 8.985993e-14 0.000000e+00
265 422 1.038570e-03 2.072220e-03 1 0 4 2 6.634167e-14 0.000000e+00
265 423 1.038570e-03 2.608770e-03 1 0 4 2 4.690030e-14 0.000000e+00
265 424 1.038570e-03 3.284247e-03 1 0 4 2 3.270254e-14 0.000000e+00
265 425 1.038570e-03 4.134622e-03 1 0 4 2 2.296406e-14 0.000000e+00
265 426 1.038570e-03 5.205181e-03 1 0 4 2 1.645519e-14 0.000000e+00
265 427 1.038570e-03 6.552935e-03 1 0 4 2 1.208627e-14 0.000000e+00
265 428 1.038570e-03 8.249656e-03 1 0 4 2 9.063104e-15 0.000000e+00
266 418 1.307482e-03 8.249656e-04 1 0 4 2 7.775310e-14 0.000000e+00
266 419 1.307482e-03 1.038570e-03 1 0 4 2 1.110989e-13 0.000000e+00
266 420 1.307482e-03 1.307482e-03 1 0 4 2 0.000000e+00 0.000000e+00
266 421 1.307482e-03 1.646023e-03 1 0 4 2 1.296562e-13 0.000000e+00
266 422 1.307482e-03 2.072220e-03 1 0 4 2 1.013870e-13 0.000000e+00
266 423 1.307482e-03 2.608770e-03 1 0 4 2 7.321123e-14 0.000000e+00
266 424 1.307482e-03 3.284247e-03 1 0 4 2 5.145342e-14 0.000000e+00
266 425 1.307482e-03 4.134622e-03 1 0 4 2 3.623636e-14 0.000000e+00
266 426 1.307482e-03 5.205181e-03 1 0 4 2 2.599672e-14 0.000000e+00
266 427 1.307482e-03 6.552935e-03 1 0 4 2 1.910827e-14 0.000000e+00
266 428 1.307482e-03 8.249656e-03 1 0 4 2 1.433745e-14 0.000000e+00
267 418 1.646023e-03 8.249656e-04 1 0 4 2 5.922645e-14 0.000000e+00
267 419 1.646023e-03 1.038570e-03 1 0 4 2 8.985993e-14 0.000000e+00
267 420 1.646023e-03 1.307482e-03 1 0 4 2 1.296562e-13 0.000000e+00
267 421 1.646023e-03 1.646023e-03 1 0 4 2 0.000000e+00 0.000000e+00
267 422 1.646023e-03 2.072220e-03 1 0 4 2 1.479415e-13 0.000000e+00
267 423 1.646023e-03 2.608770e-03 1 0 4 2 1.126221e-13 0.000000e+00
267 424 1.646023e-03 3.284247e-03 1 0 4 2 8.050433e-14 0.000000e+00
267 425 1.646023e-03 4.134622e-03 1 0 4 2 5.701653e-14 0.000000e+00
267 426 1.646023e-03 5.205181e-03 1 0 4 2 4.099174e-14 0.000000e+00
267 427 1.646023e-03 6.552935e-03 1 0 4 2 3.016576e-14 0.000000e+00
267 428 1.646023e-03 8.249656e-03 1 0 4 2 2.265630e-14 0.000000e+00
268 418 2.072220e-03 8.249656e-04 1 0 4 2 4.265457e-14 0.000000e+00
268 419 2.072220e-03 1.038570e-03 1 0 4 2 6.634167e-14 0.000000e+00
268 420 2.072220e-03 1.307482e-03 1 0 4 2 1.013870e-13 0.000000e+00
268 421 2.072220e-03 1.646023e-03 1 0 4 2 1.479415e-13 0.000000e+00
268 422 2.072220e-03 2.072220e-03 1 0 4 2 0.000000e+00 0.000000e+00
268 423 2.072220e-03 2.608770e-03 1 0 4 2 1.662384e-13 0.000000e+00
268 424 2.072220e-03 3.284247e-03 1 0 4 2 1.244340e-13 0.000000e+00
268 425 2.072220e-03 4.134622e-03 1 0 4 2 8.925277e-14 0.000000e+00
268 426 2.072220e-03 5.205181e-03 1 0 4 2 6.443066e-14 0.000000e+00
268 427 2.072220e-03 6.552935e-03 1 0 4 2 4.751001e-14 0.000000e+00
268 428 2.072220e-03 8.249656e-03 1 0 4 2 3.573918e-14 0.000000e+00
269 418 2.608770e-03 8.249656e-04 1 0 4 2 2.984453e-14 0.000000e+00
269 419 2.608770e-03 1.038570e-03 1 0 4 2 4.690030e-14 0.000000e+00
269 420 2.608770e-03 1.307482e-03 1 0 4 2 7.321123e-14 0.000000e+00
269 421 2.608770e-03 1.646023e-03 1 0 4 2 1.126221e-13 0.000000e+00
269 422 2.608770e-03 2.072220e-03 1 0 4 2 1.662384e-13 0.000000e+00
269 423 2.608770e-03 2.608770e-03 1 0 4 2 0.000000e+00 0.000000e+00
269 424 2.608770e-03 3.284247e-03 1 0 4 2 1.855417e-13 0.000000e+00
269 425 2.608770e-03 4.134622e-03 1 0 4 2 1.382374e-13 0.000000e+00
269 426 2.608770e-03 5.205181e-03 1 0 4 2 1.007214e-13 0.000000e+00
269 427 2.608770e-03 6.552935e-03 1 0 4 2 7.454077e-14 0.000000e+00
269 428 2.608770e-03 8.249656e-03 1 0 4 2 5.621758e-14 0.000000e+00
270 418 3.284247e-03 8.249656e-04 1 0 4 2 2.072340e-14 0.000000e+00
270 419 3.284247e-03 1.038570e-03 1 0 4 2 3.270254e-14 0.000000e+00
270 420 3.284247e-03 1.307482e-03 1 0 4 2 5.145342e-14 0.000000e+00
270 421 3.284247e-03 1.646023e-03 1 0 4 2 8.050433e-14 0.000000e+00
270 422 3.284247e-03 2.072220e-03 1 0 4 2 1.244340e-13 0.000000e+00
270 423 3.284247e-03 2.608770e-03 1 0 4 2 1.855417e-13 0.000000e+00
270 424 3.284247e-03 3.284247e-03 1 0 4 2 0.000000e+00 0.000000e+00
270 425 3.284247e-03 4.134622e-03 1 0 4 2 2.075564e-13 0.000000e+00
270 426 3.284247e-03 5.205181e-03 1 0 4 2 1.558337e-13 0.000000e+00
270 427 3.284247e-03 6.552935e-03 1 0 4 2 1.162082e-13 0.000000e+00
270 428 3.284247e-03 8.249656e-03 1 0 4 2 8.802465e-14 0.000000e+00
271 418 4.134622e-03 8.249656e-04 1 0 4 2 1.452855e-14 0.000000e+00
271 419 4.134622e-03 1.038570e-03 1 0 4 2 2.296406e-14 0.000000e+00
271 420 4.134622e-03 1.307482e-03 1 0 4 2 3.623636e-14 0.000000e+00
271 421 4.134622e-03 1.646023e-03 1 0 4 2 5.701653e-14 0.000000e+00
271 422 4.134622e-03 2.072220e-03 1 0 4 2 8.925277e-14 0.000000e+00
271 423 4.134622e-03 2.608770e-03 1 0 4 2 1.382374e-13 0.000000e+00
271 424 4.134622e-03 3.284247e-03 1 0 4 2 2.075564e-13 0.000000e+00
271 425 4.134622e-03 4.134622e-03 1 0 4 2 0.000000e+00 0.000000e+00
271 426 4.134622e-03 5.205181e-03 1 0 4 2 2.345422e-13 0.000000e+00
271 427 4.134622e-03 6.552935e-03 1 0 4 2 1.791351e-13 0.000000e+00
271 428 4.134622e-03 8.249656e-03 1 0 4 2 1.367837e-13 0.000000e+00
272 418 5.205181e-03 8.249656e-04 1 0 4 2 1.040326e-14 0.000000e+00
272 419 5.205181e-03 1.038570e-03 1 0 4 2 1.645519e-14 0.000000e+00
272 420 5.205181e-03 1.307482e-03 1 0 4 2 2.599672e-14 0.000000e+00
272 421 5.205181e-03 1.646023e-03 1 0 4 2 4.099174e-14 0.000000e+00
272 422 5.205181e-03 2.072220e-03 1 0 4 2 6.443066e-14 0.000000e+00
272 423 5.205181e-03 2.608770e-03 1 0 4 2 1.007214e-13 0.000000e+00
272 424 5.205181e-03 3.284247e-03 1 0 4 2 1.558337e-13 0.000000e+00
272 425 5.205181e-03 4.134622e-03 1 0 4 2 2.345422e-13 0.000000e+00
272 426 5.205181e-03 5.205181e-03 1 0 4 2 0.000000e+00 0.000000e+00
272 427 5.205181e-03 6.552935e-03 1 0 4 2 2.689931e-13 0.000000e+00
272 428 5.205181e-03 8.249656e-03 1 0 4 2 2.097863e-13 0.000000e+00
273 418 6.552935e-03 8.249656e-04 1 0 4 2 7.637766e-15 0.000000e+00
273 419 6.552935e-03 1.038570e-03 1 0 4 2 1.208627e-14 0.000000e+00
273 420 6.552935e-03 1.307482e-03 1 0 4 2 1.910827e-14 0.000000e+00
273 421 6.552935e-03 1.646023e-03 1 0 4 2 3.016576e-14 0.000000e+00
273 422 6.552935e-03 2.072220e-03 1 0 4 2 4.751001e-14 0.000000e+00
273 423 6.552935e-03 2.608770e-03 1 0 4 2 7.454077e-14 0.000000e+00
273 424 6.552935e-03 3.284247e-03 1 0 4 2 1.162082e-13 0.000000e+00
273 425 6.552935e-03 4.134622e-03 1 0 4 2 1.791351e-13 0.000000e+00
273 426 6.552935e-03 5.205181e-03 1 0 4 2 2.689931e-13 0.000000e+00
273 427 6.552935e-03 6.552935e-03 1 0 4 2 0.000000e+00 0.000000e+00
273 428 6.552935e-03 8.249656e-03 1 0 4 2 3.131541e-13 0.000000e+00
274 418 8.249656e-03 8.249656e-04 1 0 4 2 5.725121e-15 0.000000e+00
274 419 8.249656e-03 1.038570e-03 1 0 4 2 9.063104e-15 0.000000e+00
274 420 8.249656e-03 1.307482e-03 1 0 4 2 1.433745e-14 0.000000e+00
274 421 8.249656e-03 1.646023e-03 1 0 4 2 2.265630e-14 0.000000e+00
274 422 8.249656e-03 2.072220e-03 1 0 4 2 3.573918e-14 0.000000e+00
274 423 8.249656e-03 2.608770e-03 1 0 4 2 5.621758e-14 0.000000e+00
274 424 8.249656e-03 3.284247e-03 1 0 4 2 8.802465e-14 0.000000e+00
274 425 8.249656e-03 4.134622e-03 1 0 4 2 1.367837e-13 0.000000e+00
274 426 8.249656e-03 5.205181e-03 1 0 4 2 2.097863e-13 0.000000e+00
274 427 8.249656e-03 6.552935e-03 1 0 4 2 3.131541e-13 0.000000e+00
274 428 8.249656e-03 8.249656e-03 1 0 4 2 0.000000e+00 0.000000e+00
