# Please cite the following papers in research using this covariance:
# arXiv: 1601.05779, https://arxiv.org/abs/1601.05779
# arXiv: 1911.11947, https://arxiv.org/abs/1911.11947
# arXiv: 2004.04833, https://arxiv.org/abs/2004.04833
# arXiv: 1804.10663, https://arxiv.org/abs/1804.10663
########################################################
253 385 8.249656e-04 8.249656e-04 0 3 3 3 0.000000e+00 0.000000e+00
253 386 8.249656e-04 1.038570e-03 0 3 3 3 6.605645e-12 0.000000e+00
253 387 8.249656e-04 1.307482e-03 0 3 3 3 3.806201e-12 0.000000e+00
253 388 8.249656e-04 1.646023e-03 0 3 3 3 2.102688e-12 0.000000e+00
253 389 8.249656e-04 2.072220e-03 0 3 3 3 1.140516e-12 0.000000e+00
253 390 8.249656e-04 2.608770e-03 0 3 3 3 6.215949e-13 0.000000e+00
253 391 8.249656e-04 3.284247e-03 0 3 3 3 3.493074e-13 0.000000e+00
253 392 8.249656e-04 4.134622e-03 0 3 3 3 2.069031e-13 0.000000e+00
253 393 8.249656e-04 5.205181e-03 0 3 3 3 1.305087e-13 0.000000e+00
253 394 8.249656e-04 6.552935e-03 0 3 3 3 8.741305e-14 0.000000e+00
253 395 8.249656e-04 8.249656e-03 0 3 3 3 6.135201e-14 0.000000e+00
254 385 1.038570e-03 8.249656e-04 0 3 3 3 6.605645e-12 0.000000e+00
254 386 1.038570e-03 1.038570e-03 0 3 3 3 0.000000e+00 0.000000e+00
254 387 1.038570e-03 1.307482e-03 0 3 3 3 6.201766e-12 0.000000e+00
254 388 1.038570e-03 1.646023e-03 0 3 3 3 3.441814e-12 0.000000e+00
254 389 1.038570e-03 2.072220e-03 0 3 3 3 1.854448e-12 0.000000e+00
254 390 1.038570e-03 2.608770e-03 0 3 3 3 1.001869e-12 0.000000e+00
254 391 1.038570e-03 3.284247e-03 0 3 3 3 5.586664e-13 0.000000e+00
254 392 1.038570e-03 4.134622e-03 0 3 3 3 3.291340e-13 0.000000e+00
254 393 1.038570e-03 5.205181e-03 0 3 3 3 2.070158e-13 0.000000e+00
254 394 1.038570e-03 6.552935e-03 0 3 3 3 1.384847e-13 0.000000e+00
254 395 1.038570e-03 8.249656e-03 0 3 3 3 9.717781e-14 0.000000e+00
255 385 1.307482e-03 8.249656e-04 0 3 3 3 3.806201e-12 0.000000e+00
255 386 1.307482e-03 1.038570e-03 0 3 3 3 6.201766e-12 0.000000e+00
255 387 1.307482e-03 1.307482e-03 0 3 3 3 0.000000e+00 0.000000e+00
255 388 1.307482e-03 1.646023e-03 0 3 3 3 5.716087e-12 0.000000e+00
255 389 1.307482e-03 2.072220e-03 0 3 3 3 3.065384e-12 0.000000e+00
255 390 1.307482e-03 2.608770e-03 0 3 3 3 1.633326e-12 0.000000e+00
255 391 1.307482e-03 3.284247e-03 0 3 3 3 8.990837e-13 0.000000e+00
255 392 1.307482e-03 4.134622e-03 0 3 3 3 5.249516e-13 0.000000e+00
255 393 1.307482e-03 5.205181e-03 0 3 3 3 3.285943e-13 0.000000e+00
255 394 1.307482e-03 6.552935e-03 0 3 3 3 2.193735e-13 0.000000e+00
255 395 1.307482e-03 8.249656e-03 0 3 3 3 1.538530e-13 0.000000e+00
256 385 1.646023e-03 8.249656e-04 0 3 3 3 2.102688e-12 0.000000e+00
256 386 1.646023e-03 1.038570e-03 0 3 3 3 3.441814e-12 0.000000e+00
256 387 1.646023e-03 1.307482e-03 0 3 3 3 5.716087e-12 0.000000e+00
256 388 1.646023e-03 1.646023e-03 0 3 3 3 0.000000e+00 0.000000e+00
256 389 1.646023e-03 2.072220e-03 0 3 3 3 5.193568e-12 0.000000e+00
256 390 1.646023e-03 2.608770e-03 0 3 3 3 2.717762e-12 0.000000e+00
256 391 1.646023e-03 3.284247e-03 0 3 3 3 1.463544e-12 0.000000e+00
256 392 1.646023e-03 4.134622e-03 0 3 3 3 8.412780e-13 0.000000e+00
256 393 1.646023e-03 5.205181e-03 0 3 3 3 5.221940e-13 0.000000e+00
256 394 1.646023e-03 6.552935e-03 0 3 3 3 3.474316e-13 0.000000e+00
256 395 1.646023e-03 8.249656e-03 0 3 3 3 2.434537e-13 0.000000e+00
257 385 2.072220e-03 8.249656e-04 0 3 3 3 1.140516e-12 0.000000e+00
257 386 2.072220e-03 1.038570e-03 0 3 3 3 1.854448e-12 0.000000e+00
257 387 2.072220e-03 1.307482e-03 0 3 3 3 3.065384e-12 0.000000e+00
257 388 2.072220e-03 1.646023e-03 0 3 3 3 5.193568e-12 0.000000e+00
257 389 2.072220e-03 2.072220e-03 0 3 3 3 0.000000e+00 0.000000e+00
257 390 2.072220e-03 2.608770e-03 0 3 3 3 4.686130e-12 0.000000e+00
257 391 2.072220e-03 3.284247e-03 0 3 3 3 2.436244e-12 0.000000e+00
257 392 2.072220e-03 4.134622e-03 0 3 3 3 1.361062e-12 0.000000e+00
257 393 2.072220e-03 5.205181e-03 0 3 3 3 8.319826e-13 0.000000e+00
257 394 2.072220e-03 6.552935e-03 0 3 3 3 5.501475e-13 0.000000e+00
257 395 2.072220e-03 8.249656e-03 0 3 3 3 3.848694e-13 0.000000e+00
258 385 2.608770e-03 8.249656e-04 0 3 3 3 6.215949e-13 0.000000e+00
258 386 2.608770e-03 1.038570e-03 0 3 3 3 1.001869e-12 0.000000e+00
258 387 2.608770e-03 1.307482e-03 0 3 3 3 1.633326e-12 0.000000e+00
258 388 2.608770e-03 1.646023e-03 0 3 3 3 2.717762e-12 0.000000e+00
258 389 2.608770e-03 2.072220e-03 0 3 3 3 4.686130e-12 0.000000e+00
258 390 2.608770e-03 2.608770e-03 0 3 3 3 0.000000e+00 0.000000e+00
258 391 2.608770e-03 3.284247e-03 0 3 3 3 4.244320e-12 0.000000e+00
258 392 2.608770e-03 4.134622e-03 0 3 3 3 2.248590e-12 0.000000e+00
258 393 2.608770e-03 5.205181e-03 0 3 3 3 1.333448e-12 0.000000e+00
258 394 2.608770e-03 6.552935e-03 0 3 3 3 8.712819e-13 0.000000e+00
258 395 2.608770e-03 8.249656e-03 0 3 3 3 6.076162e-13 0.000000e+00
259 385 3.284247e-03 8.249656e-04 0 3 3 3 3.493074e-13 0.000000e+00
259 386 3.284247e-03 1.038570e-03 0 3 3 3 5.586664e-13 0.000000e+00
259 387 3.284247e-03 1.307482e-03 0 3 3 3 8.990837e-13 0.000000e+00
259 388 3.284247e-03 1.646023e-03 0 3 3 3 1.463544e-12 0.000000e+00
259 389 3.284247e-03 2.072220e-03 0 3 3 3 2.436244e-12 0.000000e+00
259 390 3.284247e-03 2.608770e-03 0 3 3 3 4.244320e-12 0.000000e+00
259 391 3.284247e-03 3.284247e-03 0 3 3 3 0.000000e+00 0.000000e+00
259 392 3.284247e-03 4.134622e-03 0 3 3 3 3.910932e-12 0.000000e+00
259 393 3.284247e-03 5.205181e-03 0 3 3 3 2.171379e-12 0.000000e+00
259 394 3.284247e-03 6.552935e-03 0 3 3 3 1.382279e-12 0.000000e+00
259 395 3.284247e-03 8.249656e-03 0 3 3 3 9.574529e-13 0.000000e+00
260 385 4.134622e-03 8.249656e-04 0 3 3 3 2.069031e-13 0.000000e+00
260 386 4.134622e-03 1.038570e-03 0 3 3 3 3.291340e-13 0.000000e+00
260 387 4.134622e-03 1.307482e-03 0 3 3 3 5.249516e-13 0.000000e+00
260 388 4.134622e-03 1.646023e-03 0 3 3 3 8.412780e-13 0.000000e+00
260 389 4.134622e-03 2.072220e-03 0 3 3 3 1.361062e-12 0.000000e+00
260 390 4.134622e-03 2.608770e-03 0 3 3 3 2.248590e-12 0.000000e+00
260 391 4.134622e-03 3.284247e-03 0 3 3 3 3.910932e-12 0.000000e+00
260 392 4.134622e-03 4.134622e-03 0 3 3 3 0.000000e+00 0.000000e+00
260 393 4.134622e-03 5.205181e-03 0 3 3 3 3.717814e-12 0.000000e+00
260 394 4.134622e-03 6.552935e-03 0 3 3 3 2.211489e-12 0.000000e+00
260 395 4.134622e-03 8.249656e-03 0 3 3 3 1.505494e-12 0.000000e+00
261 385 5.205181e-03 8.249656e-04 0 3 3 3 1.305087e-13 0.000000e+00
261 386 5.205181e-03 1.038570e-03 0 3 3 3 2.070158e-13 0.000000e+00
261 387 5.205181e-03 1.307482e-03 0 3 3 3 3.285943e-13 0.000000e+00
261 388 5.205181e-03 1.646023e-03 0 3 3 3 5.221940e-13 0.000000e+00
261 389 5.205181e-03 2.072220e-03 0 3 3 3 8.319826e-13 0.000000e+00
261 390 5.205181e-03 2.608770e-03 0 3 3 3 1.333448e-12 0.000000e+00
261 391 5.205181e-03 3.284247e-03 0 3 3 3 2.171379e-12 0.000000e+00
261 392 5.205181e-03 4.134622e-03 0 3 3 3 3.717814e-12 0.000000e+00
261 393 5.205181e-03 5.205181e-03 0 3 3 3 0.000000e+00 0.000000e+00
261 394 5.205181e-03 6.552935e-03 0 3 3 3 3.685200e-12 0.000000e+00
261 395 5.205181e-03 8.249656e-03 0 3 3 3 2.368496e-12 0.000000e+00
262 385 6.552935e-03 8.249656e-04 0 3 3 3 8.741305e-14 0.000000e+00
262 386 6.552935e-03 1.038570e-03 0 3 3 3 1.384847e-13 0.000000e+00
262 387 6.552935e-03 1.307482e-03 0 3 3 3 2.193735e-13 0.000000e+00
262 388 6.552935e-03 1.646023e-03 0 3 3 3 3.474316e-13 0.000000e+00
262 389 6.552935e-03 2.072220e-03 0 3 3 3 5.501475e-13 0.000000e+00
262 390 6.552935e-03 2.608770e-03 0 3 3 3 8.712819e-13 0.000000e+00
262 391 6.552935e-03 3.284247e-03 0 3 3 3 1.382279e-12 0.000000e+00
262 392 6.552935e-03 4.134622e-03 0 3 3 3 2.211489e-12 0.000000e+00
262 393 6.552935e-03 5.205181e-03 0 3 3 3 3.685200e-12 0.000000e+00
262 394 6.552935e-03 6.552935e-03 0 3 3 3 0.000000e+00 0.000000e+00
262 395 6.552935e-03 8.249656e-03 0 3 3 3 3.821982e-12 0.000000e+00
263 385 8.249656e-03 8.249656e-04 0 3 3 3 6.135201e-14 0.000000e+00
263 386 8.249656e-03 1.038570e-03 0 3 3 3 9.717781e-14 0.000000e+00
263 387 8.249656e-03 1.307482e-03 0 3 3 3 1.538530e-13 0.000000e+00
263 388 8.249656e-03 1.646023e-03 0 3 3 3 2.434537e-13 0.000000e+00
263 389 8.249656e-03 2.072220e-03 0 3 3 3 3.848694e-13 0.000000e+00
263 390 8.249656e-03 2.608770e-03 0 3 3 3 6.076162e-13 0.000000e+00
263 391 8.249656e-03 3.284247e-03 0 3 3 3 9.574529e-13 0.000000e+00
263 392 8.249656e-03 4.134622e-03 0 3 3 3 1.505494e-12 0.000000e+00
263 393 8.249656e-03 5.205181e-03 0 3 3 3 2.368496e-12 0.000000e+00
263 394 8.249656e-03 6.552935e-03 0 3 3 3 3.821982e-12 0.000000e+00
263 395 8.249656e-03 8.249656e-03 0 3 3 3 0.000000e+00 0.000000e+00
