# Please cite the following papers in research using this covariance:
# arXiv: 1601.05779, https://arxiv.org/abs/1601.05779
# arXiv: 1911.11947, https://arxiv.org/abs/1911.11947
# arXiv: 2004.04833, https://arxiv.org/abs/2004.04833
# arXiv: 1804.10663, https://arxiv.org/abs/1804.10663
########################################################
297 352 8.249656e-04 8.249656e-04 1 3 3 0 0.000000e+00 0.000000e+00
297 353 8.249656e-04 1.038570e-03 1 3 3 0 1.516314e-13 0.000000e+00
297 354 8.249656e-04 1.307482e-03 1 3 3 0 1.232123e-13 0.000000e+00
297 355 8.249656e-04 1.646023e-03 1 3 3 0 9.069179e-14 0.000000e+00
297 356 8.249656e-04 2.072220e-03 1 3 3 0 6.360213e-14 0.000000e+00
297 357 8.249656e-04 2.608770e-03 1 3 3 0 4.391602e-14 0.000000e+00
297 358 8.249656e-04 3.284247e-03 1 3 3 0 3.055739e-14 0.000000e+00
297 359 8.249656e-04 4.134622e-03 1 3 3 0 2.174394e-14 0.000000e+00
297 360 8.249656e-04 5.205181e-03 1 3 3 0 1.591638e-14 0.000000e+00
297 361 8.249656e-04 6.552935e-03 1 3 3 0 1.195864e-14 0.000000e+00
297 362 8.249656e-04 8.249656e-03 1 3 3 0 9.146696e-15 0.000000e+00
298 352 1.038570e-03 8.249656e-04 1 3 3 0 1.516314e-13 0.000000e+00
298 353 1.038570e-03 1.038570e-03 1 3 3 0 0.000000e+00 0.000000e+00
298 354 1.038570e-03 1.307482e-03 1 3 3 0 1.771857e-13 0.000000e+00
298 355 1.038570e-03 1.646023e-03 1 3 3 0 1.385557e-13 0.000000e+00
298 356 1.038570e-03 2.072220e-03 1 3 3 0 9.935811e-14 0.000000e+00
298 357 1.038570e-03 2.608770e-03 1 3 3 0 6.914877e-14 0.000000e+00
298 358 1.038570e-03 3.284247e-03 1 3 3 0 4.824171e-14 0.000000e+00
298 359 1.038570e-03 4.134622e-03 1 3 3 0 3.436149e-14 0.000000e+00
298 360 1.038570e-03 5.205181e-03 1 3 3 0 2.516734e-14 0.000000e+00
298 361 1.038570e-03 6.552935e-03 1 3 3 0 1.891925e-14 0.000000e+00
298 362 1.038570e-03 8.249656e-03 1 3 3 0 1.447755e-14 0.000000e+00
299 352 1.307482e-03 8.249656e-04 1 3 3 0 1.232123e-13 0.000000e+00
299 353 1.307482e-03 1.038570e-03 1 3 3 0 1.771857e-13 0.000000e+00
299 354 1.307482e-03 1.307482e-03 1 3 3 0 0.000000e+00 0.000000e+00
299 355 1.307482e-03 1.646023e-03 1 3 3 0 2.017732e-13 0.000000e+00
299 356 1.307482e-03 2.072220e-03 1 3 3 0 1.529660e-13 0.000000e+00
299 357 1.307482e-03 2.608770e-03 1 3 3 0 1.083174e-13 0.000000e+00
299 358 1.307482e-03 3.284247e-03 1 3 3 0 7.596678e-14 0.000000e+00
299 359 1.307482e-03 4.134622e-03 1 3 3 0 5.420534e-14 0.000000e+00
299 360 1.307482e-03 5.205181e-03 1 3 3 0 3.974053e-14 0.000000e+00
299 361 1.307482e-03 6.552935e-03 1 3 3 0 2.989976e-14 0.000000e+00
299 362 1.307482e-03 8.249656e-03 1 3 3 0 2.289773e-14 0.000000e+00
300 352 1.646023e-03 8.249656e-04 1 3 3 0 9.069179e-14 0.000000e+00
300 353 1.646023e-03 1.038570e-03 1 3 3 0 1.385557e-13 0.000000e+00
300 354 1.646023e-03 1.307482e-03 1 3 3 0 2.017732e-13 0.000000e+00
300 355 1.646023e-03 1.646023e-03 1 3 3 0 0.000000e+00 0.000000e+00
300 356 1.646023e-03 2.072220e-03 1 3 3 0 2.257099e-13 0.000000e+00
300 357 1.646023e-03 2.608770e-03 1 3 3 0 1.677010e-13 0.000000e+00
300 358 1.646023e-03 3.284247e-03 1 3 3 0 1.190727e-13 0.000000e+00
300 359 1.646023e-03 4.134622e-03 1 3 3 0 8.526247e-14 0.000000e+00
300 360 1.646023e-03 5.205181e-03 1 3 3 0 6.261412e-14 0.000000e+00
300 361 1.646023e-03 6.552935e-03 1 3 3 0 4.717340e-14 0.000000e+00
300 362 1.646023e-03 8.249656e-03 1 3 3 0 3.617047e-14 0.000000e+00
301 352 2.072220e-03 8.249656e-04 1 3 3 0 6.360213e-14 0.000000e+00
301 353 2.072220e-03 1.038570e-03 1 3 3 0 9.935811e-14 0.000000e+00
301 354 2.072220e-03 1.307482e-03 1 3 3 0 1.529660e-13 0.000000e+00
301 355 2.072220e-03 1.646023e-03 1 3 3 0 2.257099e-13 0.000000e+00
301 356 2.072220e-03 2.072220e-03 1 3 3 0 0.000000e+00 0.000000e+00
301 357 2.072220e-03 2.608770e-03 1 3 3 0 2.503757e-13 0.000000e+00
301 358 2.072220e-03 3.284247e-03 1 3 3 0 1.848117e-13 0.000000e+00
301 359 2.072220e-03 4.134622e-03 1 3 3 0 1.334538e-13 0.000000e+00
301 360 2.072220e-03 5.205181e-03 1 3 3 0 9.830132e-14 0.000000e+00
301 361 2.072220e-03 6.552935e-03 1 3 3 0 7.422467e-14 0.000000e+00
301 362 2.072220e-03 8.249656e-03 1 3 3 0 5.702437e-14 0.000000e+00
302 352 2.608770e-03 8.249656e-04 1 3 3 0 4.391602e-14 0.000000e+00
302 353 2.608770e-03 1.038570e-03 1 3 3 0 6.914877e-14 0.000000e+00
302 354 2.608770e-03 1.307482e-03 1 3 3 0 1.083174e-13 0.000000e+00
302 355 2.608770e-03 1.646023e-03 1 3 3 0 1.677010e-13 0.000000e+00
302 356 2.608770e-03 2.072220e-03 1 3 3 0 2.503757e-13 0.000000e+00
302 357 2.608770e-03 2.608770e-03 1 3 3 0 0.000000e+00 0.000000e+00
302 358 2.608770e-03 3.284247e-03 1 3 3 0 2.781997e-13 0.000000e+00
302 359 2.608770e-03 4.134622e-03 1 3 3 0 2.069272e-13 0.000000e+00
302 360 2.608770e-03 5.205181e-03 1 3 3 0 1.534197e-13 0.000000e+00
302 361 2.608770e-03 6.552935e-03 1 3 3 0 1.162759e-13 0.000000e+00
302 362 2.608770e-03 8.249656e-03 1 3 3 0 8.961594e-14 0.000000e+00
303 352 3.284247e-03 8.249656e-04 1 3 3 0 3.055739e-14 0.000000e+00
303 353 3.284247e-03 1.038570e-03 1 3 3 0 4.824171e-14 0.000000e+00
303 354 3.284247e-03 1.307482e-03 1 3 3 0 7.596678e-14 0.000000e+00
303 355 3.284247e-03 1.646023e-03 1 3 3 0 1.190727e-13 0.000000e+00
303 356 3.284247e-03 2.072220e-03 1 3 3 0 1.848117e-13 0.000000e+00
303 357 3.284247e-03 2.608770e-03 1 3 3 0 2.781997e-13 0.000000e+00
303 358 3.284247e-03 3.284247e-03 1 3 3 0 0.000000e+00 0.000000e+00
303 359 3.284247e-03 4.134622e-03 1 3 3 0 3.124902e-13 0.000000e+00
303 360 3.284247e-03 5.205181e-03 1 3 3 0 2.369703e-13 0.000000e+00
303 361 3.284247e-03 6.552935e-03 1 3 3 0 1.808381e-13 0.000000e+00
303 362 3.284247e-03 8.249656e-03 1 3 3 0 1.401068e-13 0.000000e+00
304 352 4.134622e-03 8.249656e-04 1 3 3 0 2.174394e-14 0.000000e+00
304 353 4.134622e-03 1.038570e-03 1 3 3 0 3.436149e-14 0.000000e+00
304 354 4.134622e-03 1.307482e-03 1 3 3 0 5.420534e-14 0.000000e+00
304 355 4.134622e-03 1.646023e-03 1 3 3 0 8.526247e-14 0.000000e+00
304 356 4.134622e-03 2.072220e-03 1 3 3 0 1.334538e-13 0.000000e+00
304 357 4.134622e-03 2.608770e-03 1 3 3 0 2.069272e-13 0.000000e+00
304 358 4.134622e-03 3.284247e-03 1 3 3 0 3.124902e-13 0.000000e+00
304 359 4.134622e-03 4.134622e-03 1 3 3 0 0.000000e+00 0.000000e+00
304 360 4.134622e-03 5.205181e-03 1 3 3 0 3.571235e-13 0.000000e+00
304 361 4.134622e-03 6.552935e-03 1 3 3 0 2.778024e-13 0.000000e+00
304 362 4.134622e-03 8.249656e-03 1 3 3 0 2.171717e-13 0.000000e+00
305 352 5.205181e-03 8.249656e-04 1 3 3 0 1.591638e-14 0.000000e+00
305 353 5.205181e-03 1.038570e-03 1 3 3 0 2.516734e-14 0.000000e+00
305 354 5.205181e-03 1.307482e-03 1 3 3 0 3.974053e-14 0.000000e+00
305 355 5.205181e-03 1.646023e-03 1 3 3 0 6.261412e-14 0.000000e+00
305 356 5.205181e-03 2.072220e-03 1 3 3 0 9.830132e-14 0.000000e+00
305 357 5.205181e-03 2.608770e-03 1 3 3 0 1.534197e-13 0.000000e+00
305 358 5.205181e-03 3.284247e-03 1 3 3 0 2.369703e-13 0.000000e+00
305 359 5.205181e-03 4.134622e-03 1 3 3 0 3.571235e-13 0.000000e+00
305 360 5.205181e-03 5.205181e-03 1 3 3 0 0.000000e+00 0.000000e+00
305 361 5.205181e-03 6.552935e-03 1 3 3 0 4.160659e-13 0.000000e+00
305 362 5.205181e-03 8.249656e-03 1 3 3 0 3.317226e-13 0.000000e+00
306 352 6.552935e-03 8.249656e-04 1 3 3 0 1.195864e-14 0.000000e+00
306 353 6.552935e-03 1.038570e-03 1 3 3 0 1.891925e-14 0.000000e+00
306 354 6.552935e-03 1.307482e-03 1 3 3 0 2.989976e-14 0.000000e+00
306 355 6.552935e-03 1.646023e-03 1 3 3 0 4.717340e-14 0.000000e+00
306 356 6.552935e-03 2.072220e-03 1 3 3 0 7.422467e-14 0.000000e+00
306 357 6.552935e-03 2.608770e-03 1 3 3 0 1.162759e-13 0.000000e+00
306 358 6.552935e-03 3.284247e-03 1 3 3 0 1.808381e-13 0.000000e+00
306 359 6.552935e-03 4.134622e-03 1 3 3 0 2.778024e-13 0.000000e+00
306 360 6.552935e-03 5.205181e-03 1 3 3 0 4.160659e-13 0.000000e+00
306 361 6.552935e-03 6.552935e-03 1 3 3 0 0.000000e+00 0.000000e+00
306 362 6.552935e-03 8.249656e-03 1 3 3 0 4.926375e-13 0.000000e+00
307 352 8.249656e-03 8.249656e-04 1 3 3 0 9.146696e-15 0.000000e+00
307 353 8.249656e-03 1.038570e-03 1 3 3 0 1.447755e-14 0.000000e+00
307 354 8.249656e-03 1.307482e-03 1 3 3 0 2.289773e-14 0.000000e+00
307 355 8.249656e-03 1.646023e-03 1 3 3 0 3.617047e-14 0.000000e+00
307 356 8.249656e-03 2.072220e-03 1 3 3 0 5.702437e-14 0.000000e+00
307 357 8.249656e-03 2.608770e-03 1 3 3 0 8.961594e-14 0.000000e+00
307 358 8.249656e-03 3.284247e-03 1 3 3 0 1.401068e-13 0.000000e+00
307 359 8.249656e-03 4.134622e-03 1 3 3 0 2.171717e-13 0.000000e+00
307 360 8.249656e-03 5.205181e-03 1 3 3 0 3.317226e-13 0.000000e+00
307 361 8.249656e-03 6.552935e-03 1 3 3 0 4.926375e-13 0.000000e+00
307 362 8.249656e-03 8.249656e-03 1 3 3 0 0.000000e+00 0.000000e+00
