# Please cite the following papers in research using this covariance:
# arXiv: 1601.05779, https://arxiv.org/abs/1601.05779
# arXiv: 1911.11947, https://arxiv.org/abs/1911.11947
# arXiv: 2004.04833, https://arxiv.org/abs/2004.04833
# arXiv: 1804.10663, https://arxiv.org/abs/1804.10663
########################################################
330 385 8.249656e-04 8.249656e-04 2 2 3 3 0.000000e+00 0.000000e+00
330 386 8.249656e-04 1.038570e-03 2 2 3 3 6.742577e-13 0.000000e+00
330 387 8.249656e-04 1.307482e-03 2 2 3 3 5.330523e-13 0.000000e+00
330 388 8.249656e-04 1.646023e-03 2 2 3 3 3.845905e-13 0.000000e+00
330 389 8.249656e-04 2.072220e-03 2 2 3 3 2.683355e-13 0.000000e+00
330 390 8.249656e-04 2.608770e-03 2 2 3 3 1.874021e-13 0.000000e+00
330 391 8.249656e-04 3.284247e-03 2 2 3 3 1.337275e-13 0.000000e+00
330 392 8.249656e-04 4.134622e-03 2 2 3 3 9.834049e-14 0.000000e+00
330 393 8.249656e-04 5.205181e-03 2 2 3 3 7.440963e-14 0.000000e+00
330 394 8.249656e-04 6.552935e-03 2 2 3 3 5.744252e-14 0.000000e+00
330 395 8.249656e-04 8.249656e-03 2 2 3 3 4.471732e-14 0.000000e+00
331 385 1.038570e-03 8.249656e-04 2 2 3 3 6.742577e-13 0.000000e+00
331 386 1.038570e-03 1.038570e-03 2 2 3 3 0.000000e+00 0.000000e+00
331 387 1.038570e-03 1.307482e-03 2 2 3 3 7.731696e-13 0.000000e+00
331 388 1.038570e-03 1.646023e-03 2 2 3 3 5.911304e-13 0.000000e+00
331 389 1.038570e-03 2.072220e-03 2 2 3 3 4.201581e-13 0.000000e+00
331 390 1.038570e-03 2.608770e-03 2 2 3 3 2.951056e-13 0.000000e+00
331 391 1.038570e-03 3.284247e-03 2 2 3 3 2.109618e-13 0.000000e+00
331 392 1.038570e-03 4.134622e-03 2 2 3 3 1.552819e-13 0.000000e+00
331 393 1.038570e-03 5.205181e-03 2 2 3 3 1.175906e-13 0.000000e+00
331 394 1.038570e-03 6.552935e-03 2 2 3 3 9.084720e-14 0.000000e+00
331 395 1.038570e-03 8.249656e-03 2 2 3 3 7.076783e-14 0.000000e+00
332 385 1.307482e-03 8.249656e-04 2 2 3 3 5.330523e-13 0.000000e+00
332 386 1.307482e-03 1.038570e-03 2 2 3 3 7.731696e-13 0.000000e+00
332 387 1.307482e-03 1.307482e-03 2 2 3 3 0.000000e+00 0.000000e+00
332 388 1.307482e-03 1.646023e-03 2 2 3 3 8.692425e-13 0.000000e+00
332 389 1.307482e-03 2.072220e-03 2 2 3 3 6.498633e-13 0.000000e+00
332 390 1.307482e-03 2.608770e-03 2 2 3 3 4.625225e-13 0.000000e+00
332 391 1.307482e-03 3.284247e-03 2 2 3 3 3.318478e-13 0.000000e+00
332 392 1.307482e-03 4.134622e-03 2 2 3 3 2.446517e-13 0.000000e+00
332 393 1.307482e-03 5.205181e-03 2 2 3 3 1.855118e-13 0.000000e+00
332 394 1.307482e-03 6.552935e-03 2 2 3 3 1.434979e-13 0.000000e+00
332 395 1.307482e-03 8.249656e-03 2 2 3 3 1.118973e-13 0.000000e+00
333 385 1.646023e-03 8.249656e-04 2 2 3 3 3.845905e-13 0.000000e+00
333 386 1.646023e-03 1.038570e-03 2 2 3 3 5.911304e-13 0.000000e+00
333 387 1.646023e-03 1.307482e-03 2 2 3 3 8.692425e-13 0.000000e+00
333 388 1.646023e-03 1.646023e-03 2 2 3 3 0.000000e+00 0.000000e+00
333 389 1.646023e-03 2.072220e-03 2 2 3 3 9.677099e-13 0.000000e+00
333 390 1.646023e-03 2.608770e-03 2 2 3 3 7.175918e-13 0.000000e+00
333 391 1.646023e-03 3.284247e-03 2 2 3 3 5.194373e-13 0.000000e+00
333 392 1.646023e-03 4.134622e-03 2 2 3 3 3.840790e-13 0.000000e+00
333 393 1.646023e-03 5.205181e-03 2 2 3 3 2.918614e-13 0.000000e+00
333 394 1.646023e-03 6.552935e-03 2 2 3 3 2.262071e-13 0.000000e+00
333 395 1.646023e-03 8.249656e-03 2 2 3 3 1.766847e-13 0.000000e+00
334 385 2.072220e-03 8.249656e-04 2 2 3 3 2.683355e-13 0.000000e+00
334 386 2.072220e-03 1.038570e-03 2 2 3 3 4.201581e-13 0.000000e+00
334 387 2.072220e-03 1.307482e-03 2 2 3 3 6.498633e-13 0.000000e+00
334 388 2.072220e-03 1.646023e-03 2 2 3 3 9.677099e-13 0.000000e+00
334 389 2.072220e-03 2.072220e-03 2 2 3 3 0.000000e+00 0.000000e+00
334 390 2.072220e-03 2.608770e-03 2 2 3 3 1.078400e-12 0.000000e+00
334 391 2.072220e-03 3.284247e-03 2 2 3 3 8.053653e-13 0.000000e+00
334 392 2.072220e-03 4.134622e-03 2 2 3 3 5.994129e-13 0.000000e+00
334 393 2.072220e-03 5.205181e-03 2 2 3 3 4.571417e-13 0.000000e+00
334 394 2.072220e-03 6.552935e-03 2 2 3 3 3.554352e-13 0.000000e+00
334 395 2.072220e-03 8.249656e-03 2 2 3 3 2.783616e-13 0.000000e+00
335 385 2.608770e-03 8.249656e-04 2 2 3 3 1.874021e-13 0.000000e+00
335 386 2.608770e-03 1.038570e-03 2 2 3 3 2.951056e-13 0.000000e+00
335 387 2.608770e-03 1.307482e-03 2 2 3 3 4.625225e-13 0.000000e+00
335 388 2.608770e-03 1.646023e-03 2 2 3 3 7.175918e-13 0.000000e+00
335 389 2.608770e-03 2.072220e-03 2 2 3 3 1.078400e-12 0.000000e+00
335 390 2.608770e-03 2.608770e-03 2 2 3 3 0.000000e+00 0.000000e+00
335 391 2.608770e-03 3.284247e-03 2 2 3 3 1.215131e-12 0.000000e+00
335 392 2.608770e-03 4.134622e-03 2 2 3 3 9.257923e-13 0.000000e+00
335 393 2.608770e-03 5.205181e-03 2 2 3 3 7.108175e-13 0.000000e+00
335 394 2.608770e-03 6.552935e-03 2 2 3 3 5.555526e-13 0.000000e+00
335 395 2.608770e-03 8.249656e-03 2 2 3 3 4.369679e-13 0.000000e+00
336 385 3.284247e-03 8.249656e-04 2 2 3 3 1.337275e-13 0.000000e+00
336 386 3.284247e-03 1.038570e-03 2 2 3 3 2.109618e-13 0.000000e+00
336 387 3.284247e-03 1.307482e-03 2 2 3 3 3.318478e-13 0.000000e+00
336 388 3.284247e-03 1.646023e-03 2 2 3 3 5.194373e-13 0.000000e+00
336 389 3.284247e-03 2.072220e-03 2 2 3 3 8.053653e-13 0.000000e+00
336 390 3.284247e-03 2.608770e-03 2 2 3 3 1.215131e-12 0.000000e+00
336 391 3.284247e-03 3.284247e-03 2 2 3 3 0.000000e+00 0.000000e+00
336 392 3.284247e-03 4.134622e-03 2 2 3 3 1.394513e-12 0.000000e+00
336 393 3.284247e-03 5.205181e-03 2 2 3 3 1.091662e-12 0.000000e+00
336 394 3.284247e-03 6.552935e-03 2 2 3 3 8.608064e-13 0.000000e+00
336 395 3.284247e-03 8.249656e-03 2 2 3 3 6.818920e-13 0.000000e+00
337 385 4.134622e-03 8.249656e-04 2 2 3 3 9.834049e-14 0.000000e+00
337 386 4.134622e-03 1.038570e-03 2 2 3 3 1.552819e-13 0.000000e+00
337 387 4.134622e-03 1.307482e-03 2 2 3 3 2.446517e-13 0.000000e+00
337 388 4.134622e-03 1.646023e-03 2 2 3 3 3.840790e-13 0.000000e+00
337 389 4.134622e-03 2.072220e-03 2 2 3 3 5.994129e-13 0.000000e+00
337 390 4.134622e-03 2.608770e-03 2 2 3 3 9.257923e-13 0.000000e+00
337 391 4.134622e-03 3.284247e-03 2 2 3 3 1.394513e-12 0.000000e+00
337 392 4.134622e-03 4.134622e-03 2 2 3 3 0.000000e+00 0.000000e+00
337 393 4.134622e-03 5.205181e-03 2 2 3 3 1.634217e-12 0.000000e+00
337 394 4.134622e-03 6.552935e-03 2 2 3 3 1.314172e-12 0.000000e+00
337 395 4.134622e-03 8.249656e-03 2 2 3 3 1.053597e-12 0.000000e+00
338 385 5.205181e-03 8.249656e-04 2 2 3 3 7.440963e-14 0.000000e+00
338 386 5.205181e-03 1.038570e-03 2 2 3 3 1.175906e-13 0.000000e+00
338 387 5.205181e-03 1.307482e-03 2 2 3 3 1.855118e-13 0.000000e+00
338 388 5.205181e-03 1.646023e-03 2 2 3 3 2.918614e-13 0.000000e+00
338 389 5.205181e-03 2.072220e-03 2 2 3 3 4.571417e-13 0.000000e+00
338 390 5.205181e-03 2.608770e-03 2 2 3 3 7.108175e-13 0.000000e+00
338 391 5.205181e-03 3.284247e-03 2 2 3 3 1.091662e-12 0.000000e+00
338 392 5.205181e-03 4.134622e-03 2 2 3 3 1.634217e-12 0.000000e+00
338 393 5.205181e-03 5.205181e-03 2 2 3 3 0.000000e+00 0.000000e+00
338 394 5.205181e-03 6.552935e-03 2 2 3 3 1.950365e-12 0.000000e+00
338 395 5.205181e-03 8.249656e-03 2 2 3 3 1.600252e-12 0.000000e+00
339 385 6.552935e-03 8.249656e-04 2 2 3 3 5.744252e-14 0.000000e+00
339 386 6.552935e-03 1.038570e-03 2 2 3 3 9.084720e-14 0.000000e+00
339 387 6.552935e-03 1.307482e-03 2 2 3 3 1.434979e-13 0.000000e+00
339 388 6.552935e-03 1.646023e-03 2 2 3 3 2.262071e-13 0.000000e+00
339 389 6.552935e-03 2.072220e-03 2 2 3 3 3.554352e-13 0.000000e+00
339 390 6.552935e-03 2.608770e-03 2 2 3 3 5.555526e-13 0.000000e+00
339 391 6.552935e-03 3.284247e-03 2 2 3 3 8.608064e-13 0.000000e+00
339 392 6.552935e-03 4.134622e-03 2 2 3 3 1.314172e-12 0.000000e+00
339 393 6.552935e-03 5.205181e-03 2 2 3 3 1.950365e-12 0.000000e+00
339 394 6.552935e-03 6.552935e-03 2 2 3 3 0.000000e+00 0.000000e+00
339 395 6.552935e-03 8.249656e-03 2 2 3 3 2.353572e-12 0.000000e+00
340 385 8.249656e-03 8.249656e-04 2 2 3 3 4.471732e-14 0.000000e+00
340 386 8.249656e-03 1.038570e-03 2 2 3 3 7.076783e-14 0.000000e+00
340 387 8.249656e-03 1.307482e-03 2 2 3 3 1.118973e-13 0.000000e+00
340 388 8.249656e-03 1.646023e-03 2 2 3 3 1.766847e-13 0.000000e+00
340 389 8.249656e-03 2.072220e-03 2 2 3 3 2.783616e-13 0.000000e+00
340 390 8.249656e-03 2.608770e-03 2 2 3 3 4.369679e-13 0.000000e+00
340 391 8.249656e-03 3.284247e-03 2 2 3 3 6.818920e-13 0.000000e+00
340 392 8.249656e-03 4.134622e-03 2 2 3 3 1.053597e-12 0.000000e+00
340 393 8.249656e-03 5.205181e-03 2 2 3 3 1.600252e-12 0.000000e+00
340 394 8.249656e-03 6.552935e-03 2 2 3 3 2.353572e-12 0.000000e+00
340 395 8.249656e-03 8.249656e-03 2 2 3 3 0.000000e+00 0.000000e+00
