# Please cite the following papers in research using this covariance:
# arXiv: 1601.05779, https://arxiv.org/abs/1601.05779
# arXiv: 1911.11947, https://arxiv.org/abs/1911.11947
# arXiv: 2004.04833, https://arxiv.org/abs/2004.04833
# arXiv: 1804.10663, https://arxiv.org/abs/1804.10663
########################################################
275 352 8.249656e-04 8.249656e-04 1 1 3 0 0.000000e+00 0.000000e+00
275 353 8.249656e-04 1.038570e-03 1 1 3 0 3.106023e-14 0.000000e+00
275 354 8.249656e-04 1.307482e-03 1 1 3 0 2.715081e-14 0.000000e+00
275 355 8.249656e-04 1.646023e-03 1 1 3 0 2.135654e-14 0.000000e+00
275 356 8.249656e-04 2.072220e-03 1 1 3 0 1.565833e-14 0.000000e+00
275 357 8.249656e-04 2.608770e-03 1 1 3 0 1.097102e-14 0.000000e+00
275 358 8.249656e-04 3.284247e-03 1 1 3 0 7.508042e-15 0.000000e+00
275 359 8.249656e-04 4.134622e-03 1 1 3 0 5.122275e-15 0.000000e+00
275 360 8.249656e-04 5.205181e-03 1 1 3 0 3.544201e-15 0.000000e+00
275 361 8.249656e-04 6.552935e-03 1 1 3 0 2.513303e-15 0.000000e+00
275 362 8.249656e-04 8.249656e-03 1 1 3 0 1.830066e-15 0.000000e+00
276 352 1.038570e-03 8.249656e-04 1 1 3 0 3.106023e-14 0.000000e+00
276 353 1.038570e-03 1.038570e-03 1 1 3 0 0.000000e+00 0.000000e+00
276 354 1.038570e-03 1.307482e-03 1 1 3 0 3.842679e-14 0.000000e+00
276 355 1.038570e-03 1.646023e-03 1 1 3 0 3.216528e-14 0.000000e+00
276 356 1.038570e-03 2.072220e-03 1 1 3 0 2.426430e-14 0.000000e+00
276 357 1.038570e-03 2.608770e-03 1 1 3 0 1.722136e-14 0.000000e+00
276 358 1.038570e-03 3.284247e-03 1 1 3 0 1.185001e-14 0.000000e+00
276 359 1.038570e-03 4.134622e-03 1 1 3 0 8.101154e-15 0.000000e+00
276 360 1.038570e-03 5.205181e-03 1 1 3 0 5.609174e-15 0.000000e+00
276 361 1.038570e-03 6.552935e-03 1 1 3 0 3.978745e-15 0.000000e+00
276 362 1.038570e-03 8.249656e-03 1 1 3 0 2.897746e-15 0.000000e+00
277 352 1.307482e-03 8.249656e-04 1 1 3 0 2.715081e-14 0.000000e+00
277 353 1.307482e-03 1.038570e-03 1 1 3 0 3.842679e-14 0.000000e+00
277 354 1.307482e-03 1.307482e-03 1 1 3 0 0.000000e+00 0.000000e+00
277 355 1.307482e-03 1.646023e-03 1 1 3 0 4.589618e-14 0.000000e+00
277 356 1.307482e-03 2.072220e-03 1 1 3 0 3.683744e-14 0.000000e+00
277 357 1.307482e-03 2.608770e-03 1 1 3 0 2.682267e-14 0.000000e+00
277 358 1.307482e-03 3.284247e-03 1 1 3 0 1.864648e-14 0.000000e+00
277 359 1.307482e-03 4.134622e-03 1 1 3 0 1.279484e-14 0.000000e+00
277 360 1.307482e-03 5.205181e-03 1 1 3 0 8.869636e-15 0.000000e+00
277 361 1.307482e-03 6.552935e-03 1 1 3 0 6.294393e-15 0.000000e+00
277 362 1.307482e-03 8.249656e-03 1 1 3 0 4.585814e-15 0.000000e+00
278 352 1.646023e-03 8.249656e-04 1 1 3 0 2.135654e-14 0.000000e+00
278 353 1.646023e-03 1.038570e-03 1 1 3 0 3.216528e-14 0.000000e+00
278 354 1.646023e-03 1.307482e-03 1 1 3 0 4.589618e-14 0.000000e+00
278 355 1.646023e-03 1.646023e-03 1 1 3 0 0.000000e+00 0.000000e+00
278 356 1.646023e-03 2.072220e-03 1 1 3 0 5.314031e-14 0.000000e+00
278 357 1.646023e-03 2.608770e-03 1 1 3 0 4.106780e-14 0.000000e+00
278 358 1.646023e-03 3.284247e-03 1 1 3 0 2.916617e-14 0.000000e+00
278 359 1.646023e-03 4.134622e-03 1 1 3 0 2.015880e-14 0.000000e+00
278 360 1.646023e-03 5.205181e-03 1 1 3 0 1.400553e-14 0.000000e+00
278 361 1.646023e-03 6.552935e-03 1 1 3 0 9.946977e-15 0.000000e+00
278 362 1.646023e-03 8.249656e-03 1 1 3 0 7.250913e-15 0.000000e+00
279 352 2.072220e-03 8.249656e-04 1 1 3 0 1.565833e-14 0.000000e+00
279 353 2.072220e-03 1.038570e-03 1 1 3 0 2.426430e-14 0.000000e+00
279 354 2.072220e-03 1.307482e-03 1 1 3 0 3.683744e-14 0.000000e+00
279 355 2.072220e-03 1.646023e-03 1 1 3 0 5.314031e-14 0.000000e+00
279 356 2.072220e-03 2.072220e-03 1 1 3 0 0.000000e+00 0.000000e+00
279 357 2.072220e-03 2.608770e-03 1 1 3 0 6.001312e-14 0.000000e+00
279 358 2.072220e-03 3.284247e-03 1 1 3 0 4.500031e-14 0.000000e+00
279 359 2.072220e-03 4.134622e-03 1 1 3 0 3.161146e-14 0.000000e+00
279 360 2.072220e-03 5.205181e-03 1 1 3 0 2.206266e-14 0.000000e+00
279 361 2.072220e-03 6.552935e-03 1 1 3 0 1.569178e-14 0.000000e+00
279 362 2.072220e-03 8.249656e-03 1 1 3 0 1.144893e-14 0.000000e+00
280 352 2.608770e-03 8.249656e-04 1 1 3 0 1.097102e-14 0.000000e+00
280 353 2.608770e-03 1.038570e-03 1 1 3 0 1.722136e-14 0.000000e+00
280 354 2.608770e-03 1.307482e-03 1 1 3 0 2.682267e-14 0.000000e+00
280 355 2.608770e-03 1.646023e-03 1 1 3 0 4.106780e-14 0.000000e+00
280 356 2.608770e-03 2.072220e-03 1 1 3 0 6.001312e-14 0.000000e+00
280 357 2.608770e-03 2.608770e-03 1 1 3 0 0.000000e+00 0.000000e+00
280 358 2.608770e-03 3.284247e-03 1 1 3 0 6.664483e-14 0.000000e+00
280 359 2.608770e-03 4.134622e-03 1 1 3 0 4.903729e-14 0.000000e+00
280 360 2.608770e-03 5.205181e-03 1 1 3 0 3.460557e-14 0.000000e+00
280 361 2.608770e-03 6.552935e-03 1 1 3 0 2.468431e-14 0.000000e+00
280 362 2.608770e-03 8.249656e-03 1 1 3 0 1.803719e-14 0.000000e+00
281 352 3.284247e-03 8.249656e-04 1 1 3 0 7.508042e-15 0.000000e+00
281 353 3.284247e-03 1.038570e-03 1 1 3 0 1.185001e-14 0.000000e+00
281 354 3.284247e-03 1.307482e-03 1 1 3 0 1.864648e-14 0.000000e+00
281 355 3.284247e-03 1.646023e-03 1 1 3 0 2.916617e-14 0.000000e+00
281 356 3.284247e-03 2.072220e-03 1 1 3 0 4.500031e-14 0.000000e+00
281 357 3.284247e-03 2.608770e-03 1 1 3 0 6.664483e-14 0.000000e+00
281 358 3.284247e-03 3.284247e-03 1 1 3 0 0.000000e+00 0.000000e+00
281 359 3.284247e-03 4.134622e-03 1 1 3 0 7.347442e-14 0.000000e+00
281 360 3.284247e-03 5.205181e-03 1 1 3 0 5.378693e-14 0.000000e+00
281 361 3.284247e-03 6.552935e-03 1 1 3 0 3.864492e-14 0.000000e+00
281 362 3.284247e-03 8.249656e-03 1 1 3 0 2.831462e-14 0.000000e+00
282 352 4.134622e-03 8.249656e-04 1 1 3 0 5.122275e-15 0.000000e+00
282 353 4.134622e-03 1.038570e-03 1 1 3 0 8.101154e-15 0.000000e+00
282 354 4.134622e-03 1.307482e-03 1 1 3 0 1.279484e-14 0.000000e+00
282 355 4.134622e-03 1.646023e-03 1 1 3 0 2.015880e-14 0.000000e+00
282 356 4.134622e-03 2.072220e-03 1 1 3 0 3.161146e-14 0.000000e+00
282 357 4.134622e-03 2.608770e-03 1 1 3 0 4.903729e-14 0.000000e+00
282 358 4.134622e-03 3.284247e-03 1 1 3 0 7.347442e-14 0.000000e+00
282 359 4.134622e-03 4.134622e-03 1 1 3 0 0.000000e+00 0.000000e+00
282 360 4.134622e-03 5.205181e-03 1 1 3 0 8.121197e-14 0.000000e+00
282 361 4.134622e-03 6.552935e-03 1 1 3 0 5.996234e-14 0.000000e+00
282 362 4.134622e-03 8.249656e-03 1 1 3 0 4.418655e-14 0.000000e+00
283 352 5.205181e-03 8.249656e-04 1 1 3 0 3.544201e-15 0.000000e+00
283 353 5.205181e-03 1.038570e-03 1 1 3 0 5.609174e-15 0.000000e+00
283 354 5.205181e-03 1.307482e-03 1 1 3 0 8.869636e-15 0.000000e+00
283 355 5.205181e-03 1.646023e-03 1 1 3 0 1.400553e-14 0.000000e+00
283 356 5.205181e-03 2.072220e-03 1 1 3 0 2.206266e-14 0.000000e+00
283 357 5.205181e-03 2.608770e-03 1 1 3 0 3.460557e-14 0.000000e+00
283 358 5.205181e-03 3.284247e-03 1 1 3 0 5.378693e-14 0.000000e+00
283 359 5.205181e-03 4.134622e-03 1 1 3 0 8.121197e-14 0.000000e+00
283 360 5.205181e-03 5.205181e-03 1 1 3 0 0.000000e+00 0.000000e+00
283 361 5.205181e-03 6.552935e-03 1 1 3 0 9.074059e-14 0.000000e+00
283 362 5.205181e-03 8.249656e-03 1 1 3 0 6.825617e-14 0.000000e+00
284 352 6.552935e-03 8.249656e-04 1 1 3 0 2.513303e-15 0.000000e+00
284 353 6.552935e-03 1.038570e-03 1 1 3 0 3.978745e-15 0.000000e+00
284 354 6.552935e-03 1.307482e-03 1 1 3 0 6.294393e-15 0.000000e+00
284 355 6.552935e-03 1.646023e-03 1 1 3 0 9.946977e-15 0.000000e+00
284 356 6.552935e-03 2.072220e-03 1 1 3 0 1.569178e-14 0.000000e+00
284 357 6.552935e-03 2.608770e-03 1 1 3 0 2.468431e-14 0.000000e+00
284 358 6.552935e-03 3.284247e-03 1 1 3 0 3.864492e-14 0.000000e+00
284 359 6.552935e-03 4.134622e-03 1 1 3 0 5.996234e-14 0.000000e+00
284 360 6.552935e-03 5.205181e-03 1 1 3 0 9.074059e-14 0.000000e+00
284 361 6.552935e-03 6.552935e-03 1 1 3 0 0.000000e+00 0.000000e+00
284 362 6.552935e-03 8.249656e-03 1 1 3 0 1.029751e-13 0.000000e+00
285 352 8.249656e-03 8.249656e-04 1 1 3 0 1.830066e-15 0.000000e+00
285 353 8.249656e-03 1.038570e-03 1 1 3 0 2.897746e-15 0.000000e+00
285 354 8.249656e-03 1.307482e-03 1 1 3 0 4.585814e-15 0.000000e+00
285 355 8.249656e-03 1.646023e-03 1 1 3 0 7.250913e-15 0.000000e+00
285 356 8.249656e-03 2.072220e-03 1 1 3 0 1.144893e-14 0.000000e+00
285 357 8.249656e-03 2.608770e-03 1 1 3 0 1.803719e-14 0.000000e+00
285 358 8.249656e-03 3.284247e-03 1 1 3 0 2.831462e-14 0.000000e+00
285 359 8.249656e-03 4.134622e-03 1 1 3 0 4.418655e-14 0.000000e+00
285 360 8.249656e-03 5.205181e-03 1 1 3 0 6.825617e-14 0.000000e+00
285 361 8.249656e-03 6.552935e-03 1 1 3 0 1.029751e-13 0.000000e+00
285 362 8.249656e-03 8.249656e-03 1 1 3 0 0.000000e+00 0.000000e+00
