# Please cite the following papers in research using this covariance:
# arXiv: 1601.05779, https://arxiv.org/abs/1601.05779
# arXiv: 1911.11947, https://arxiv.org/abs/1911.11947
# arXiv: 2004.04833, https://arxiv.org/abs/2004.04833
# arXiv: 1804.10663, https://arxiv.org/abs/1804.10663
########################################################
253 473 8.249656e-04 8.249656e-04 0 3 5 3 0.000000e+00 0.000000e+00
253 474 8.249656e-04 1.038570e-03 0 3 5 3 6.988293e-12 0.000000e+00
253 475 8.249656e-04 1.307482e-03 0 3 5 3 3.938274e-12 0.000000e+00
253 476 8.249656e-04 1.646023e-03 0 3 5 3 2.123165e-12 0.000000e+00
253 477 8.249656e-04 2.072220e-03 0 3 5 3 1.121708e-12 0.000000e+00
253 478 8.249656e-04 2.608770e-03 0 3 5 3 5.939820e-13 0.000000e+00
253 479 8.249656e-04 3.284247e-03 0 3 5 3 3.232152e-13 0.000000e+00
253 480 8.249656e-04 4.134622e-03 0 3 5 3 1.848029e-13 0.000000e+00
253 481 8.249656e-04 5.205181e-03 0 3 5 3 1.123675e-13 0.000000e+00
253 482 8.249656e-04 6.552935e-03 0 3 5 3 7.264040e-14 0.000000e+00
253 483 8.249656e-04 8.249656e-03 0 3 5 3 4.934966e-14 0.000000e+00
254 473 1.038570e-03 8.249656e-04 0 3 5 3 6.988293e-12 0.000000e+00
254 474 1.038570e-03 1.038570e-03 0 3 5 3 0.000000e+00 0.000000e+00
254 475 1.038570e-03 1.307482e-03 0 3 5 3 6.477311e-12 0.000000e+00
254 476 1.038570e-03 1.646023e-03 0 3 5 3 3.499617e-12 0.000000e+00
254 477 1.038570e-03 2.072220e-03 0 3 5 3 1.832666e-12 0.000000e+00
254 478 1.038570e-03 2.608770e-03 0 3 5 3 9.604634e-13 0.000000e+00
254 479 1.038570e-03 3.284247e-03 0 3 5 3 5.180521e-13 0.000000e+00
254 480 1.038570e-03 4.134622e-03 0 3 5 3 2.943815e-13 0.000000e+00
254 481 1.038570e-03 5.205181e-03 0 3 5 3 1.783874e-13 0.000000e+00
254 482 1.038570e-03 6.552935e-03 0 3 5 3 1.151310e-13 0.000000e+00
254 483 1.038570e-03 8.249656e-03 0 3 5 3 7.818750e-14 0.000000e+00
255 473 1.307482e-03 8.249656e-04 0 3 5 3 3.938274e-12 0.000000e+00
255 474 1.307482e-03 1.038570e-03 0 3 5 3 6.477311e-12 0.000000e+00
255 475 1.307482e-03 1.307482e-03 0 3 5 3 0.000000e+00 0.000000e+00
255 476 1.307482e-03 1.646023e-03 0 3 5 3 5.882477e-12 0.000000e+00
255 477 1.307482e-03 2.072220e-03 0 3 5 3 3.054711e-12 0.000000e+00
255 478 1.307482e-03 2.608770e-03 0 3 5 3 1.574424e-12 0.000000e+00
255 479 1.307482e-03 3.284247e-03 0 3 5 3 8.367091e-13 0.000000e+00
255 480 1.307482e-03 4.134622e-03 0 3 5 3 4.705855e-13 0.000000e+00
255 481 1.307482e-03 5.205181e-03 0 3 5 3 2.835360e-13 0.000000e+00
255 482 1.307482e-03 6.552935e-03 0 3 5 3 1.825129e-13 0.000000e+00
255 483 1.307482e-03 8.249656e-03 0 3 5 3 1.238342e-13 0.000000e+00
256 473 1.646023e-03 8.249656e-04 0 3 5 3 2.123165e-12 0.000000e+00
256 474 1.646023e-03 1.038570e-03 0 3 5 3 3.499617e-12 0.000000e+00
256 475 1.646023e-03 1.307482e-03 0 3 5 3 5.882477e-12 0.000000e+00
256 476 1.646023e-03 1.646023e-03 0 3 5 3 0.000000e+00 0.000000e+00
256 477 1.646023e-03 2.072220e-03 0 3 5 3 5.253929e-12 0.000000e+00
256 478 1.646023e-03 2.608770e-03 0 3 5 3 2.645293e-12 0.000000e+00
256 479 1.646023e-03 3.284247e-03 0 3 5 3 1.370355e-12 0.000000e+00
256 480 1.646023e-03 4.134622e-03 0 3 5 3 7.570023e-13 0.000000e+00
256 481 1.646023e-03 5.205181e-03 0 3 5 3 4.515814e-13 0.000000e+00
256 482 1.646023e-03 6.552935e-03 0 3 5 3 2.893984e-13 0.000000e+00
256 483 1.646023e-03 8.249656e-03 0 3 5 3 1.960789e-13 0.000000e+00
257 473 2.072220e-03 8.249656e-04 0 3 5 3 1.121708e-12 0.000000e+00
257 474 2.072220e-03 1.038570e-03 0 3 5 3 1.832666e-12 0.000000e+00
257 475 2.072220e-03 1.307482e-03 0 3 5 3 3.054711e-12 0.000000e+00
257 476 2.072220e-03 1.646023e-03 0 3 5 3 5.253929e-12 0.000000e+00
257 477 2.072220e-03 2.072220e-03 0 3 5 3 0.000000e+00 0.000000e+00
257 478 2.072220e-03 2.608770e-03 0 3 5 3 4.645752e-12 0.000000e+00
257 479 2.072220e-03 3.284247e-03 0 3 5 3 2.306418e-12 0.000000e+00
257 480 2.072220e-03 4.134622e-03 0 3 5 3 1.232724e-12 0.000000e+00
257 481 2.072220e-03 5.205181e-03 0 3 5 3 7.221442e-13 0.000000e+00
257 482 2.072220e-03 6.552935e-03 0 3 5 3 4.591598e-13 0.000000e+00
257 483 2.072220e-03 8.249656e-03 0 3 5 3 3.102918e-13 0.000000e+00
258 473 2.608770e-03 8.249656e-04 0 3 5 3 5.939820e-13 0.000000e+00
258 474 2.608770e-03 1.038570e-03 0 3 5 3 9.604634e-13 0.000000e+00
258 475 2.608770e-03 1.307482e-03 0 3 5 3 1.574424e-12 0.000000e+00
258 476 2.608770e-03 1.646023e-03 0 3 5 3 2.645293e-12 0.000000e+00
258 477 2.608770e-03 2.072220e-03 0 3 5 3 4.645752e-12 0.000000e+00
258 478 2.608770e-03 2.608770e-03 0 3 5 3 0.000000e+00 0.000000e+00
258 479 2.608770e-03 3.284247e-03 0 3 5 3 4.107228e-12 0.000000e+00
258 480 2.608770e-03 4.134622e-03 0 3 5 3 2.061206e-12 0.000000e+00
258 481 2.608770e-03 5.205181e-03 0 3 5 3 1.164914e-12 0.000000e+00
258 482 2.608770e-03 6.552935e-03 0 3 5 3 7.296153e-13 0.000000e+00
258 483 2.608770e-03 8.249656e-03 0 3 5 3 4.907053e-13 0.000000e+00
259 473 3.284247e-03 8.249656e-04 0 3 5 3 3.232152e-13 0.000000e+00
259 474 3.284247e-03 1.038570e-03 0 3 5 3 5.180521e-13 0.000000e+00
259 475 3.284247e-03 1.307482e-03 0 3 5 3 8.367091e-13 0.000000e+00
259 476 3.284247e-03 1.646023e-03 0 3 5 3 1.370355e-12 0.000000e+00
259 477 3.284247e-03 2.072220e-03 0 3 5 3 2.306418e-12 0.000000e+00
259 478 3.284247e-03 2.608770e-03 0 3 5 3 4.107228e-12 0.000000e+00
259 479 3.284247e-03 3.284247e-03 0 3 5 3 0.000000e+00 0.000000e+00
259 480 3.284247e-03 4.134622e-03 0 3 5 3 3.676811e-12 0.000000e+00
259 481 3.284247e-03 5.205181e-03 0 3 5 3 1.920310e-12 0.000000e+00
259 482 3.284247e-03 6.552935e-03 0 3 5 3 1.164387e-12 0.000000e+00
259 483 3.284247e-03 8.249656e-03 0 3 5 3 7.754423e-13 0.000000e+00
260 473 4.134622e-03 8.249656e-04 0 3 5 3 1.848029e-13 0.000000e+00
260 474 4.134622e-03 1.038570e-03 0 3 5 3 2.943815e-13 0.000000e+00
260 475 4.134622e-03 1.307482e-03 0 3 5 3 4.705855e-13 0.000000e+00
260 476 4.134622e-03 1.646023e-03 0 3 5 3 7.570023e-13 0.000000e+00
260 477 4.134622e-03 2.072220e-03 0 3 5 3 1.232724e-12 0.000000e+00
260 478 4.134622e-03 2.608770e-03 0 3 5 3 2.061206e-12 0.000000e+00
260 479 4.134622e-03 3.284247e-03 0 3 5 3 3.676811e-12 0.000000e+00
260 480 4.134622e-03 4.134622e-03 0 3 5 3 0.000000e+00 0.000000e+00
260 481 4.134622e-03 5.205181e-03 0 3 5 3 3.379719e-12 0.000000e+00
260 482 4.134622e-03 6.552935e-03 0 3 5 3 1.884359e-12 0.000000e+00
260 483 4.134622e-03 8.249656e-03 0 3 5 3 1.225493e-12 0.000000e+00
261 473 5.205181e-03 8.249656e-04 0 3 5 3 1.123675e-13 0.000000e+00
261 474 5.205181e-03 1.038570e-03 0 3 5 3 1.783874e-13 0.000000e+00
261 475 5.205181e-03 1.307482e-03 0 3 5 3 2.835360e-13 0.000000e+00
261 476 5.205181e-03 1.646023e-03 0 3 5 3 4.515814e-13 0.000000e+00
261 477 5.205181e-03 2.072220e-03 0 3 5 3 7.221442e-13 0.000000e+00
261 478 5.205181e-03 2.608770e-03 0 3 5 3 1.164914e-12 0.000000e+00
261 479 5.205181e-03 3.284247e-03 0 3 5 3 1.920310e-12 0.000000e+00
261 480 5.205181e-03 4.134622e-03 0 3 5 3 3.379719e-12 0.000000e+00
261 481 5.205181e-03 5.205181e-03 0 3 5 3 0.000000e+00 0.000000e+00
261 482 5.205181e-03 6.552935e-03 0 3 5 3 3.228326e-12 0.000000e+00
261 483 5.205181e-03 8.249656e-03 0 3 5 3 1.947252e-12 0.000000e+00
262 473 6.552935e-03 8.249656e-04 0 3 5 3 7.264040e-14 0.000000e+00
262 474 6.552935e-03 1.038570e-03 0 3 5 3 1.151310e-13 0.000000e+00
262 475 6.552935e-03 1.307482e-03 0 3 5 3 1.825129e-13 0.000000e+00
262 476 6.552935e-03 1.646023e-03 0 3 5 3 2.893984e-13 0.000000e+00
262 477 6.552935e-03 2.072220e-03 0 3 5 3 4.591598e-13 0.000000e+00
262 478 6.552935e-03 2.608770e-03 0 3 5 3 7.296153e-13 0.000000e+00
262 479 6.552935e-03 3.284247e-03 0 3 5 3 1.164387e-12 0.000000e+00
262 480 6.552935e-03 4.134622e-03 0 3 5 3 1.884359e-12 0.000000e+00
262 481 6.552935e-03 5.205181e-03 0 3 5 3 3.228326e-12 0.000000e+00
262 482 6.552935e-03 6.552935e-03 0 3 5 3 0.000000e+00 0.000000e+00
262 483 6.552935e-03 8.249656e-03 0 3 5 3 3.223720e-12 0.000000e+00
263 473 8.249656e-03 8.249656e-04 0 3 5 3 4.934966e-14 0.000000e+00
263 474 8.249656e-03 1.038570e-03 0 3 5 3 7.818750e-14 0.000000e+00
263 475 8.249656e-03 1.307482e-03 0 3 5 3 1.238342e-13 0.000000e+00
263 476 8.249656e-03 1.646023e-03 0 3 5 3 1.960789e-13 0.000000e+00
263 477 8.249656e-03 2.072220e-03 0 3 5 3 3.102918e-13 0.000000e+00
263 478 8.249656e-03 2.608770e-03 0 3 5 3 4.907053e-13 0.000000e+00
263 479 8.249656e-03 3.284247e-03 0 3 5 3 7.754423e-13 0.000000e+00
263 480 8.249656e-03 4.134622e-03 0 3 5 3 1.225493e-12 0.000000e+00
263 481 8.249656e-03 5.205181e-03 0 3 5 3 1.947252e-12 0.000000e+00
263 482 8.249656e-03 6.552935e-03 0 3 5 3 3.223720e-12 0.000000e+00
263 483 8.249656e-03 8.249656e-03 0 3 5 3 0.000000e+00 0.000000e+00
