# Please cite the following papers in research using this covariance:
# arXiv: 1601.05779, https://arxiv.org/abs/1601.05779
# arXiv: 1911.11947, https://arxiv.org/abs/1911.11947
# arXiv: 2004.04833, https://arxiv.org/abs/2004.04833
# arXiv: 1804.10663, https://arxiv.org/abs/1804.10663
########################################################
418 473 8.249656e-04 8.249656e-04 4 2 5 3 0.000000e+00 0.000000e+00
418 474 8.249656e-04 1.038570e-03 4 2 5 3 7.547674e-13 0.000000e+00
418 475 8.249656e-04 1.307482e-03 4 2 5 3 6.044042e-13 0.000000e+00
418 476 8.249656e-04 1.646023e-03 4 2 5 3 4.504358e-13 0.000000e+00
418 477 8.249656e-04 2.072220e-03 4 2 5 3 3.291033e-13 0.000000e+00
418 478 8.249656e-04 2.608770e-03 4 2 5 3 2.416500e-13 0.000000e+00
418 479 8.249656e-04 3.284247e-03 4 2 5 3 1.801076e-13 0.000000e+00
418 480 8.249656e-04 4.134622e-03 4 2 5 3 1.363564e-13 0.000000e+00
418 481 8.249656e-04 5.205181e-03 4 2 5 3 1.043865e-13 0.000000e+00
418 482 8.249656e-04 6.552935e-03 4 2 5 3 8.025196e-14 0.000000e+00
418 483 8.249656e-04 8.249656e-03 4 2 5 3 6.146976e-14 0.000000e+00
419 473 1.038570e-03 8.249656e-04 4 2 5 3 7.547674e-13 0.000000e+00
419 474 1.038570e-03 1.038570e-03 4 2 5 3 0.000000e+00 0.000000e+00
419 475 1.038570e-03 1.307482e-03 4 2 5 3 8.794375e-13 0.000000e+00
419 476 1.038570e-03 1.646023e-03 4 2 5 3 6.903003e-13 0.000000e+00
419 477 1.038570e-03 2.072220e-03 4 2 5 3 5.130014e-13 0.000000e+00
419 478 1.038570e-03 2.608770e-03 4 2 5 3 3.791235e-13 0.000000e+00
419 479 1.038570e-03 3.284247e-03 4 2 5 3 2.834776e-13 0.000000e+00
419 480 1.038570e-03 4.134622e-03 4 2 5 3 2.150642e-13 0.000000e+00
419 481 1.038570e-03 5.205181e-03 4 2 5 3 1.648912e-13 0.000000e+00
419 482 1.038570e-03 6.552935e-03 4 2 5 3 1.269076e-13 0.000000e+00
419 483 1.038570e-03 8.249656e-03 4 2 5 3 9.728197e-14 0.000000e+00
420 473 1.307482e-03 8.249656e-04 4 2 5 3 6.044042e-13 0.000000e+00
420 474 1.307482e-03 1.038570e-03 4 2 5 3 8.794375e-13 0.000000e+00
420 475 1.307482e-03 1.307482e-03 4 2 5 3 0.000000e+00 0.000000e+00
420 476 1.307482e-03 1.646023e-03 4 2 5 3 1.014200e-12 0.000000e+00
420 477 1.307482e-03 2.072220e-03 4 2 5 3 7.884955e-13 0.000000e+00
420 478 1.307482e-03 2.608770e-03 4 2 5 3 5.907287e-13 0.000000e+00
420 479 1.307482e-03 3.284247e-03 4 2 5 3 4.442513e-13 0.000000e+00
420 480 1.307482e-03 4.134622e-03 4 2 5 3 3.382078e-13 0.000000e+00
420 481 1.307482e-03 5.205181e-03 4 2 5 3 2.599465e-13 0.000000e+00
420 482 1.307482e-03 6.552935e-03 4 2 5 3 2.004218e-13 0.000000e+00
420 483 1.307482e-03 8.249656e-03 4 2 5 3 1.538266e-13 0.000000e+00
421 473 1.646023e-03 8.249656e-04 4 2 5 3 4.504358e-13 0.000000e+00
421 474 1.646023e-03 1.038570e-03 4 2 5 3 6.903003e-13 0.000000e+00
421 475 1.646023e-03 1.307482e-03 4 2 5 3 1.014200e-12 0.000000e+00
421 476 1.646023e-03 1.646023e-03 4 2 5 3 0.000000e+00 0.000000e+00
421 477 1.646023e-03 2.072220e-03 4 2 5 3 1.167118e-12 0.000000e+00
421 478 1.646023e-03 2.608770e-03 4 2 5 3 9.083034e-13 0.000000e+00
421 479 1.646023e-03 3.284247e-03 4 2 5 3 6.911034e-13 0.000000e+00
421 480 1.646023e-03 4.134622e-03 4 2 5 3 5.292990e-13 0.000000e+00
421 481 1.646023e-03 5.205181e-03 4 2 5 3 4.084736e-13 0.000000e+00
421 482 1.646023e-03 6.552935e-03 4 2 5 3 3.158458e-13 0.000000e+00
421 483 1.646023e-03 8.249656e-03 4 2 5 3 2.429032e-13 0.000000e+00
422 473 2.072220e-03 8.249656e-04 4 2 5 3 3.291033e-13 0.000000e+00
422 474 2.072220e-03 1.038570e-03 4 2 5 3 5.130014e-13 0.000000e+00
422 475 2.072220e-03 1.307482e-03 4 2 5 3 7.884955e-13 0.000000e+00
422 476 2.072220e-03 1.646023e-03 4 2 5 3 1.167118e-12 0.000000e+00
422 477 2.072220e-03 2.072220e-03 4 2 5 3 0.000000e+00 0.000000e+00
422 478 2.072220e-03 2.608770e-03 4 2 5 3 1.349848e-12 0.000000e+00
422 479 2.072220e-03 3.284247e-03 4 2 5 3 1.060690e-12 0.000000e+00
422 480 2.072220e-03 4.134622e-03 4 2 5 3 8.216398e-13 0.000000e+00
422 481 2.072220e-03 5.205181e-03 4 2 5 3 6.384536e-13 0.000000e+00
422 482 2.072220e-03 6.552935e-03 4 2 5 3 4.960192e-13 0.000000e+00
422 483 2.072220e-03 8.249656e-03 4 2 5 3 3.827119e-13 0.000000e+00
423 473 2.608770e-03 8.249656e-04 4 2 5 3 2.416500e-13 0.000000e+00
423 474 2.608770e-03 1.038570e-03 4 2 5 3 3.791235e-13 0.000000e+00
423 475 2.608770e-03 1.307482e-03 4 2 5 3 5.907287e-13 0.000000e+00
423 476 2.608770e-03 1.646023e-03 4 2 5 3 9.083034e-13 0.000000e+00
423 477 2.608770e-03 2.072220e-03 4 2 5 3 1.349848e-12 0.000000e+00
423 478 2.608770e-03 2.608770e-03 4 2 5 3 0.000000e+00 0.000000e+00
423 479 2.608770e-03 3.284247e-03 4 2 5 3 1.576723e-12 0.000000e+00
423 480 2.608770e-03 4.134622e-03 4 2 5 3 1.257050e-12 0.000000e+00
423 481 2.608770e-03 5.205181e-03 4 2 5 3 9.889843e-13 0.000000e+00
423 482 2.608770e-03 6.552935e-03 4 2 5 3 7.745179e-13 0.000000e+00
423 483 2.608770e-03 8.249656e-03 4 2 5 3 6.008126e-13 0.000000e+00
424 473 3.284247e-03 8.249656e-04 4 2 5 3 1.801076e-13 0.000000e+00
424 474 3.284247e-03 1.038570e-03 4 2 5 3 2.834776e-13 0.000000e+00
424 475 3.284247e-03 1.307482e-03 4 2 5 3 4.442513e-13 0.000000e+00
424 476 3.284247e-03 1.646023e-03 4 2 5 3 6.911034e-13 0.000000e+00
424 477 3.284247e-03 2.072220e-03 4 2 5 3 1.060690e-12 0.000000e+00
424 478 3.284247e-03 2.608770e-03 4 2 5 3 1.576723e-12 0.000000e+00
424 479 3.284247e-03 3.284247e-03 4 2 5 3 0.000000e+00 0.000000e+00
424 480 3.284247e-03 4.134622e-03 4 2 5 3 1.863339e-12 0.000000e+00
424 481 3.284247e-03 5.205181e-03 4 2 5 3 1.507770e-12 0.000000e+00
424 482 3.284247e-03 6.552935e-03 4 2 5 3 1.197673e-12 0.000000e+00
424 483 3.284247e-03 8.249656e-03 4 2 5 3 9.375551e-13 0.000000e+00
425 473 4.134622e-03 8.249656e-04 4 2 5 3 1.363564e-13 0.000000e+00
425 474 4.134622e-03 1.038570e-03 4 2 5 3 2.150642e-13 0.000000e+00
425 475 4.134622e-03 1.307482e-03 4 2 5 3 3.382078e-13 0.000000e+00
425 476 4.134622e-03 1.646023e-03 4 2 5 3 5.292990e-13 0.000000e+00
425 477 4.134622e-03 2.072220e-03 4 2 5 3 8.216398e-13 0.000000e+00
425 478 4.134622e-03 2.608770e-03 4 2 5 3 1.257050e-12 0.000000e+00
425 479 4.134622e-03 3.284247e-03 4 2 5 3 1.863339e-12 0.000000e+00
425 480 4.134622e-03 4.134622e-03 4 2 5 3 0.000000e+00 0.000000e+00
425 481 4.134622e-03 5.205181e-03 4 2 5 3 2.224561e-12 0.000000e+00
425 482 4.134622e-03 6.552935e-03 4 2 5 3 1.820207e-12 0.000000e+00
425 483 4.134622e-03 8.249656e-03 4 2 5 3 1.448078e-12 0.000000e+00
426 473 5.205181e-03 8.249656e-04 4 2 5 3 1.043865e-13 0.000000e+00
426 474 5.205181e-03 1.038570e-03 4 2 5 3 1.648912e-13 0.000000e+00
426 475 5.205181e-03 1.307482e-03 4 2 5 3 2.599465e-13 0.000000e+00
426 476 5.205181e-03 1.646023e-03 4 2 5 3 4.084736e-13 0.000000e+00
426 477 5.205181e-03 2.072220e-03 4 2 5 3 6.384536e-13 0.000000e+00
426 478 5.205181e-03 2.608770e-03 4 2 5 3 9.889843e-13 0.000000e+00
426 479 5.205181e-03 3.284247e-03 4 2 5 3 1.507770e-12 0.000000e+00
426 480 5.205181e-03 4.134622e-03 4 2 5 3 2.224561e-12 0.000000e+00
426 481 5.205181e-03 5.205181e-03 4 2 5 3 0.000000e+00 0.000000e+00
426 482 5.205181e-03 6.552935e-03 4 2 5 3 2.671501e-12 0.000000e+00
426 483 5.205181e-03 8.249656e-03 4 2 5 3 2.195584e-12 0.000000e+00
427 473 6.552935e-03 8.249656e-04 4 2 5 3 8.025196e-14 0.000000e+00
427 474 6.552935e-03 1.038570e-03 4 2 5 3 1.269076e-13 0.000000e+00
427 475 6.552935e-03 1.307482e-03 4 2 5 3 2.004218e-13 0.000000e+00
427 476 6.552935e-03 1.646023e-03 4 2 5 3 3.158458e-13 0.000000e+00
427 477 6.552935e-03 2.072220e-03 4 2 5 3 4.960192e-13 0.000000e+00
427 478 6.552935e-03 2.608770e-03 4 2 5 3 7.745179e-13 0.000000e+00
427 479 6.552935e-03 3.284247e-03 4 2 5 3 1.197673e-12 0.000000e+00
427 480 6.552935e-03 4.134622e-03 4 2 5 3 1.820207e-12 0.000000e+00
427 481 6.552935e-03 5.205181e-03 4 2 5 3 2.671501e-12 0.000000e+00
427 482 6.552935e-03 6.552935e-03 4 2 5 3 0.000000e+00 0.000000e+00
427 483 6.552935e-03 8.249656e-03 4 2 5 3 3.206965e-12 0.000000e+00
428 473 8.249656e-03 8.249656e-04 4 2 5 3 6.146976e-14 0.000000e+00
428 474 8.249656e-03 1.038570e-03 4 2 5 3 9.728197e-14 0.000000e+00
428 475 8.249656e-03 1.307482e-03 4 2 5 3 1.538266e-13 0.000000e+00
428 476 8.249656e-03 1.646023e-03 4 2 5 3 2.429032e-13 0.000000e+00
428 477 8.249656e-03 2.072220e-03 4 2 5 3 3.827119e-13 0.000000e+00
428 478 8.249656e-03 2.608770e-03 4 2 5 3 6.008126e-13 0.000000e+00
428 479 8.249656e-03 3.284247e-03 4 2 5 3 9.375551e-13 0.000000e+00
428 480 8.249656e-03 4.134622e-03 4 2 5 3 1.448078e-12 0.000000e+00
428 481 8.249656e-03 5.205181e-03 4 2 5 3 2.195584e-12 0.000000e+00
428 482 8.249656e-03 6.552935e-03 4 2 5 3 3.206965e-12 0.000000e+00
428 483 8.249656e-03 8.249656e-03 4 2 5 3 0.000000e+00 0.000000e+00
