# Please cite the following papers in research using this covariance:
# arXiv: 1601.05779, https://arxiv.org/abs/1601.05779
# arXiv: 1911.11947, https://arxiv.org/abs/1911.11947
# arXiv: 2004.04833, https://arxiv.org/abs/2004.04833
# arXiv: 1804.10663, https://arxiv.org/abs/1804.10663
########################################################
286 363 8.249656e-04 8.249656e-04 1 2 3 1 0.000000e+00 0.000000e+00
286 364 8.249656e-04 1.038570e-03 1 2 3 1 1.507038e-13 0.000000e+00
286 365 8.249656e-04 1.307482e-03 1 2 3 1 1.245964e-13 0.000000e+00
286 366 8.249656e-04 1.646023e-03 1 2 3 1 9.284613e-14 0.000000e+00
286 367 8.249656e-04 2.072220e-03 1 2 3 1 6.530008e-14 0.000000e+00
286 368 8.249656e-04 2.608770e-03 1 2 3 1 4.474147e-14 0.000000e+00
286 369 8.249656e-04 3.284247e-03 1 2 3 1 3.061966e-14 0.000000e+00
286 370 8.249656e-04 4.134622e-03 1 2 3 1 2.132974e-14 0.000000e+00
286 371 8.249656e-04 5.205181e-03 1 2 3 1 1.529280e-14 0.000000e+00
286 372 8.249656e-04 6.552935e-03 1 2 3 1 1.130416e-14 0.000000e+00
286 373 8.249656e-04 8.249656e-03 1 2 3 1 8.559656e-15 0.000000e+00
287 363 1.038570e-03 8.249656e-04 1 2 3 1 1.507038e-13 0.000000e+00
287 364 1.038570e-03 1.038570e-03 1 2 3 1 0.000000e+00 0.000000e+00
287 365 1.038570e-03 1.307482e-03 1 2 3 1 1.782341e-13 0.000000e+00
287 366 1.038570e-03 1.646023e-03 1 2 3 1 1.413178e-13 0.000000e+00
287 367 1.038570e-03 2.072220e-03 1 2 3 1 1.018639e-13 0.000000e+00
287 368 1.038570e-03 2.608770e-03 1 2 3 1 7.044893e-14 0.000000e+00
287 369 1.038570e-03 3.284247e-03 1 2 3 1 4.836733e-14 0.000000e+00
287 370 1.038570e-03 4.134622e-03 1 2 3 1 3.372671e-14 0.000000e+00
287 371 1.038570e-03 5.205181e-03 1 2 3 1 2.419080e-14 0.000000e+00
287 372 1.038570e-03 6.552935e-03 1 2 3 1 1.788767e-14 0.000000e+00
287 373 1.038570e-03 8.249656e-03 1 2 3 1 1.354972e-14 0.000000e+00
288 363 1.307482e-03 8.249656e-04 1 2 3 1 1.245964e-13 0.000000e+00
288 364 1.307482e-03 1.038570e-03 1 2 3 1 1.782341e-13 0.000000e+00
288 365 1.307482e-03 1.307482e-03 1 2 3 1 0.000000e+00 0.000000e+00
288 366 1.307482e-03 1.646023e-03 1 2 3 1 2.045716e-13 0.000000e+00
288 367 1.307482e-03 2.072220e-03 1 2 3 1 1.563727e-13 0.000000e+00
288 368 1.307482e-03 2.608770e-03 1 2 3 1 1.103247e-13 0.000000e+00
288 369 1.307482e-03 3.284247e-03 1 2 3 1 7.622699e-14 0.000000e+00
288 370 1.307482e-03 4.134622e-03 1 2 3 1 5.325293e-14 0.000000e+00
288 371 1.307482e-03 5.205181e-03 1 2 3 1 3.822255e-14 0.000000e+00
288 372 1.307482e-03 6.552935e-03 1 2 3 1 2.827918e-14 0.000000e+00
288 373 1.307482e-03 8.249656e-03 1 2 3 1 2.143366e-14 0.000000e+00
289 363 1.646023e-03 8.249656e-04 1 2 3 1 9.284613e-14 0.000000e+00
289 364 1.646023e-03 1.038570e-03 1 2 3 1 1.413178e-13 0.000000e+00
289 365 1.646023e-03 1.307482e-03 1 2 3 1 2.045716e-13 0.000000e+00
289 366 1.646023e-03 1.646023e-03 1 2 3 1 0.000000e+00 0.000000e+00
289 367 1.646023e-03 2.072220e-03 1 2 3 1 2.294446e-13 0.000000e+00
289 368 1.646023e-03 2.608770e-03 1 2 3 1 1.706013e-13 0.000000e+00
289 369 1.646023e-03 3.284247e-03 1 2 3 1 1.196083e-13 0.000000e+00
289 370 1.646023e-03 4.134622e-03 1 2 3 1 8.388400e-14 0.000000e+00
289 371 1.646023e-03 5.205181e-03 1 2 3 1 6.028339e-14 0.000000e+00
289 372 1.646023e-03 6.552935e-03 1 2 3 1 4.464129e-14 0.000000e+00
289 373 1.646023e-03 8.249656e-03 1 2 3 1 3.386634e-14 0.000000e+00
290 363 2.072220e-03 8.249656e-04 1 2 3 1 6.530008e-14 0.000000e+00
290 364 2.072220e-03 1.038570e-03 1 2 3 1 1.018639e-13 0.000000e+00
290 365 2.072220e-03 1.307482e-03 1 2 3 1 1.563727e-13 0.000000e+00
290 366 2.072220e-03 1.646023e-03 1 2 3 1 2.294446e-13 0.000000e+00
290 367 2.072220e-03 2.072220e-03 1 2 3 1 0.000000e+00 0.000000e+00
290 368 2.072220e-03 2.608770e-03 1 2 3 1 2.536948e-13 0.000000e+00
290 369 2.072220e-03 3.284247e-03 1 2 3 1 1.858140e-13 0.000000e+00
290 370 2.072220e-03 4.134622e-03 1 2 3 1 1.315784e-13 0.000000e+00
290 371 2.072220e-03 5.205181e-03 1 2 3 1 9.479691e-14 0.000000e+00
290 372 2.072220e-03 6.552935e-03 1 2 3 1 7.030375e-14 0.000000e+00
290 373 2.072220e-03 8.249656e-03 1 2 3 1 5.341376e-14 0.000000e+00
291 363 2.608770e-03 8.249656e-04 1 2 3 1 4.474147e-14 0.000000e+00
291 364 2.608770e-03 1.038570e-03 1 2 3 1 7.044893e-14 0.000000e+00
291 365 2.608770e-03 1.307482e-03 1 2 3 1 1.103247e-13 0.000000e+00
291 366 2.608770e-03 1.646023e-03 1 2 3 1 1.706013e-13 0.000000e+00
291 367 2.608770e-03 2.072220e-03 1 2 3 1 2.536948e-13 0.000000e+00
291 368 2.608770e-03 2.608770e-03 1 2 3 1 0.000000e+00 0.000000e+00
291 369 2.608770e-03 3.284247e-03 1 2 3 1 2.793755e-13 0.000000e+00
291 370 2.608770e-03 4.134622e-03 1 2 3 1 2.046112e-13 0.000000e+00
291 371 2.608770e-03 5.205181e-03 1 2 3 1 1.483400e-13 0.000000e+00
291 372 2.608770e-03 6.552935e-03 1 2 3 1 1.102973e-13 0.000000e+00
291 373 2.608770e-03 8.249656e-03 1 2 3 1 8.399861e-14 0.000000e+00
292 363 3.284247e-03 8.249656e-04 1 2 3 1 3.061966e-14 0.000000e+00
292 364 3.284247e-03 1.038570e-03 1 2 3 1 4.836733e-14 0.000000e+00
292 365 3.284247e-03 1.307482e-03 1 2 3 1 7.622699e-14 0.000000e+00
292 366 3.284247e-03 1.646023e-03 1 2 3 1 1.196083e-13 0.000000e+00
292 367 3.284247e-03 2.072220e-03 1 2 3 1 1.858140e-13 0.000000e+00
292 368 3.284247e-03 2.608770e-03 1 2 3 1 2.793755e-13 0.000000e+00
292 369 3.284247e-03 3.284247e-03 1 2 3 1 0.000000e+00 0.000000e+00
292 370 3.284247e-03 4.134622e-03 1 2 3 1 3.096339e-13 0.000000e+00
292 371 3.284247e-03 5.205181e-03 1 2 3 1 2.300632e-13 0.000000e+00
292 372 3.284247e-03 6.552935e-03 1 2 3 1 1.719700e-13 0.000000e+00
292 373 3.284247e-03 8.249656e-03 1 2 3 1 1.314749e-13 0.000000e+00
293 363 4.134622e-03 8.249656e-04 1 2 3 1 2.132974e-14 0.000000e+00
293 364 4.134622e-03 1.038570e-03 1 2 3 1 3.372671e-14 0.000000e+00
293 365 4.134622e-03 1.307482e-03 1 2 3 1 5.325293e-14 0.000000e+00
293 366 4.134622e-03 1.646023e-03 1 2 3 1 8.388400e-14 0.000000e+00
293 367 4.134622e-03 2.072220e-03 1 2 3 1 1.315784e-13 0.000000e+00
293 368 4.134622e-03 2.608770e-03 1 2 3 1 2.046112e-13 0.000000e+00
293 369 4.134622e-03 3.284247e-03 1 2 3 1 3.096339e-13 0.000000e+00
293 370 4.134622e-03 4.134622e-03 1 2 3 1 0.000000e+00 0.000000e+00
293 371 4.134622e-03 5.205181e-03 1 2 3 1 3.484015e-13 0.000000e+00
293 372 4.134622e-03 6.552935e-03 1 2 3 1 2.653102e-13 0.000000e+00
293 373 4.134622e-03 8.249656e-03 1 2 3 1 2.042004e-13 0.000000e+00
294 363 5.205181e-03 8.249656e-04 1 2 3 1 1.529280e-14 0.000000e+00
294 364 5.205181e-03 1.038570e-03 1 2 3 1 2.419080e-14 0.000000e+00
294 365 5.205181e-03 1.307482e-03 1 2 3 1 3.822255e-14 0.000000e+00
294 366 5.205181e-03 1.646023e-03 1 2 3 1 6.028339e-14 0.000000e+00
294 367 5.205181e-03 2.072220e-03 1 2 3 1 9.479691e-14 0.000000e+00
294 368 5.205181e-03 2.608770e-03 1 2 3 1 1.483400e-13 0.000000e+00
294 369 5.205181e-03 3.284247e-03 1 2 3 1 2.300632e-13 0.000000e+00
294 370 5.205181e-03 4.134622e-03 1 2 3 1 3.484015e-13 0.000000e+00
294 371 5.205181e-03 5.205181e-03 1 2 3 1 0.000000e+00 0.000000e+00
294 372 5.205181e-03 6.552935e-03 1 2 3 1 3.999098e-13 0.000000e+00
294 373 5.205181e-03 8.249656e-03 1 2 3 1 3.130601e-13 0.000000e+00
295 363 6.552935e-03 8.249656e-04 1 2 3 1 1.130416e-14 0.000000e+00
295 364 6.552935e-03 1.038570e-03 1 2 3 1 1.788767e-14 0.000000e+00
295 365 6.552935e-03 1.307482e-03 1 2 3 1 2.827918e-14 0.000000e+00
295 366 6.552935e-03 1.646023e-03 1 2 3 1 4.464129e-14 0.000000e+00
295 367 6.552935e-03 2.072220e-03 1 2 3 1 7.030375e-14 0.000000e+00
295 368 6.552935e-03 2.608770e-03 1 2 3 1 1.102973e-13 0.000000e+00
295 369 6.552935e-03 3.284247e-03 1 2 3 1 1.719700e-13 0.000000e+00
295 370 6.552935e-03 4.134622e-03 1 2 3 1 2.653102e-13 0.000000e+00
295 371 6.552935e-03 5.205181e-03 1 2 3 1 3.999098e-13 0.000000e+00
295 372 6.552935e-03 6.552935e-03 1 2 3 1 0.000000e+00 0.000000e+00
295 373 6.552935e-03 8.249656e-03 1 2 3 1 4.679900e-13 0.000000e+00
296 363 8.249656e-03 8.249656e-04 1 2 3 1 8.559656e-15 0.000000e+00
296 364 8.249656e-03 1.038570e-03 1 2 3 1 1.354972e-14 0.000000e+00
296 365 8.249656e-03 1.307482e-03 1 2 3 1 2.143366e-14 0.000000e+00
296 366 8.249656e-03 1.646023e-03 1 2 3 1 3.386634e-14 0.000000e+00
296 367 8.249656e-03 2.072220e-03 1 2 3 1 5.341376e-14 0.000000e+00
296 368 8.249656e-03 2.608770e-03 1 2 3 1 8.399861e-14 0.000000e+00
296 369 8.249656e-03 3.284247e-03 1 2 3 1 1.314749e-13 0.000000e+00
296 370 8.249656e-03 4.134622e-03 1 2 3 1 2.042004e-13 0.000000e+00
296 371 8.249656e-03 5.205181e-03 1 2 3 1 3.130601e-13 0.000000e+00
296 372 8.249656e-03 6.552935e-03 1 2 3 1 4.679900e-13 0.000000e+00
296 373 8.249656e-03 8.249656e-03 1 2 3 1 0.000000e+00 0.000000e+00
