# Please cite the following papers in research using this covariance:
# arXiv: 1601.05779, https://arxiv.org/abs/1601.05779
# arXiv: 1911.11947, https://arxiv.org/abs/1911.11947
# arXiv: 2004.04833, https://arxiv.org/abs/2004.04833
# arXiv: 1804.10663, https://arxiv.org/abs/1804.10663
########################################################
374 451 8.249656e-04 8.249656e-04 3 2 5 1 0.000000e+00 0.000000e+00
374 452 8.249656e-04 1.038570e-03 3 2 5 1 9.588386e-14 0.000000e+00
374 453 8.249656e-04 1.307482e-03 3 2 5 1 7.988485e-14 0.000000e+00
374 454 8.249656e-04 1.646023e-03 3 2 5 1 6.122869e-14 0.000000e+00
374 455 8.249656e-04 2.072220e-03 3 2 5 1 4.522209e-14 0.000000e+00
374 456 8.249656e-04 2.608770e-03 3 2 5 1 3.302458e-14 0.000000e+00
374 457 8.249656e-04 3.284247e-03 3 2 5 1 2.419013e-14 0.000000e+00
374 458 8.249656e-04 4.134622e-03 3 2 5 1 1.787742e-14 0.000000e+00
374 459 8.249656e-04 5.205181e-03 3 2 5 1 1.332656e-14 0.000000e+00
374 460 8.249656e-04 6.552935e-03 3 2 5 1 9.981949e-15 0.000000e+00
374 461 8.249656e-04 8.249656e-03 3 2 5 1 7.471381e-15 0.000000e+00
375 451 1.038570e-03 8.249656e-04 3 2 5 1 9.588386e-14 0.000000e+00
375 452 1.038570e-03 1.038570e-03 3 2 5 1 0.000000e+00 0.000000e+00
375 453 1.038570e-03 1.307482e-03 3 2 5 1 1.148777e-13 0.000000e+00
375 454 1.038570e-03 1.646023e-03 3 2 5 1 9.314543e-14 0.000000e+00
375 455 1.038570e-03 2.072220e-03 3 2 5 1 7.029112e-14 0.000000e+00
375 456 1.038570e-03 2.608770e-03 3 2 5 1 5.178737e-14 0.000000e+00
375 457 1.038570e-03 3.284247e-03 3 2 5 1 3.808701e-14 0.000000e+00
375 458 1.038570e-03 4.134622e-03 3 2 5 1 2.820982e-14 0.000000e+00
375 459 1.038570e-03 5.205181e-03 3 2 5 1 2.105869e-14 0.000000e+00
375 460 1.038570e-03 6.552935e-03 3 2 5 1 1.578908e-14 0.000000e+00
375 461 1.038570e-03 8.249656e-03 3 2 5 1 1.182616e-14 0.000000e+00
376 451 1.307482e-03 8.249656e-04 3 2 5 1 7.988485e-14 0.000000e+00
376 452 1.307482e-03 1.038570e-03 3 2 5 1 1.148777e-13 0.000000e+00
376 453 1.307482e-03 1.307482e-03 3 2 5 1 0.000000e+00 0.000000e+00
376 454 1.307482e-03 1.646023e-03 3 2 5 1 1.351729e-13 0.000000e+00
376 455 1.307482e-03 2.072220e-03 3 2 5 1 1.074333e-13 0.000000e+00
376 456 1.307482e-03 2.608770e-03 3 2 5 1 8.059797e-14 0.000000e+00
376 457 1.307482e-03 3.284247e-03 3 2 5 1 5.971512e-14 0.000000e+00
376 458 1.307482e-03 4.134622e-03 3 2 5 1 4.439466e-14 0.000000e+00
376 459 1.307482e-03 5.205181e-03 3 2 5 1 3.321790e-14 0.000000e+00
376 460 1.307482e-03 6.552935e-03 3 2 5 1 2.494529e-14 0.000000e+00
376 461 1.307482e-03 8.249656e-03 3 2 5 1 1.870498e-14 0.000000e+00
377 451 1.646023e-03 8.249656e-04 3 2 5 1 6.122869e-14 0.000000e+00
377 452 1.646023e-03 1.038570e-03 3 2 5 1 9.314543e-14 0.000000e+00
377 453 1.646023e-03 1.307482e-03 3 2 5 1 1.351729e-13 0.000000e+00
377 454 1.646023e-03 1.646023e-03 3 2 5 1 0.000000e+00 0.000000e+00
377 455 1.646023e-03 2.072220e-03 3 2 5 1 1.572561e-13 0.000000e+00
377 456 1.646023e-03 2.608770e-03 3 2 5 1 1.235455e-13 0.000000e+00
377 457 1.646023e-03 3.284247e-03 3 2 5 1 9.293462e-14 0.000000e+00
377 458 1.646023e-03 4.134622e-03 3 2 5 1 6.955475e-14 0.000000e+00
377 459 1.646023e-03 5.205181e-03 3 2 5 1 5.224630e-14 0.000000e+00
377 460 1.646023e-03 6.552935e-03 3 2 5 1 3.933664e-14 0.000000e+00
377 461 1.646023e-03 8.249656e-03 3 2 5 1 2.954887e-14 0.000000e+00
378 451 2.072220e-03 8.249656e-04 3 2 5 1 4.522209e-14 0.000000e+00
378 452 2.072220e-03 1.038570e-03 3 2 5 1 7.029112e-14 0.000000e+00
378 453 2.072220e-03 1.307482e-03 3 2 5 1 1.074333e-13 0.000000e+00
378 454 2.072220e-03 1.646023e-03 3 2 5 1 1.572561e-13 0.000000e+00
378 455 2.072220e-03 2.072220e-03 3 2 5 1 0.000000e+00 0.000000e+00
378 456 2.072220e-03 2.608770e-03 3 2 5 1 1.820797e-13 0.000000e+00
378 457 2.072220e-03 3.284247e-03 3 2 5 1 1.425760e-13 0.000000e+00
378 458 2.072220e-03 4.134622e-03 3 2 5 1 1.081418e-13 0.000000e+00
378 459 2.072220e-03 5.205181e-03 3 2 5 1 8.178211e-14 0.000000e+00
378 460 2.072220e-03 6.552935e-03 3 2 5 1 6.183952e-14 0.000000e+00
378 461 2.072220e-03 8.249656e-03 3 2 5 1 4.658753e-14 0.000000e+00
379 451 2.608770e-03 8.249656e-04 3 2 5 1 3.302458e-14 0.000000e+00
379 452 2.608770e-03 1.038570e-03 3 2 5 1 5.178737e-14 0.000000e+00
379 453 2.608770e-03 1.307482e-03 3 2 5 1 8.059797e-14 0.000000e+00
379 454 2.608770e-03 1.646023e-03 3 2 5 1 1.235455e-13 0.000000e+00
379 455 2.608770e-03 2.072220e-03 3 2 5 1 1.820797e-13 0.000000e+00
379 456 2.608770e-03 2.608770e-03 3 2 5 1 0.000000e+00 0.000000e+00
379 457 2.608770e-03 3.284247e-03 3 2 5 1 2.109903e-13 0.000000e+00
379 458 2.608770e-03 4.134622e-03 3 2 5 1 1.657494e-13 0.000000e+00
379 459 2.608770e-03 5.205181e-03 3 2 5 1 1.269727e-13 0.000000e+00
379 460 2.608770e-03 6.552935e-03 3 2 5 1 9.671966e-14 0.000000e+00
379 461 2.608770e-03 8.249656e-03 3 2 5 1 7.321529e-14 0.000000e+00
380 451 3.284247e-03 8.249656e-04 3 2 5 1 2.419013e-14 0.000000e+00
380 452 3.284247e-03 1.038570e-03 3 2 5 1 3.808701e-14 0.000000e+00
380 453 3.284247e-03 1.307482e-03 3 2 5 1 5.971512e-14 0.000000e+00
380 454 3.284247e-03 1.646023e-03 3 2 5 1 9.293462e-14 0.000000e+00
380 455 3.284247e-03 2.072220e-03 3 2 5 1 1.425760e-13 0.000000e+00
380 456 3.284247e-03 2.608770e-03 3 2 5 1 2.109903e-13 0.000000e+00
380 457 3.284247e-03 3.284247e-03 3 2 5 1 0.000000e+00 0.000000e+00
380 458 3.284247e-03 4.134622e-03 3 2 5 1 2.455612e-13 0.000000e+00
380 459 3.284247e-03 5.205181e-03 3 2 5 1 1.942211e-13 0.000000e+00
380 460 3.284247e-03 6.552935e-03 3 2 5 1 1.499591e-13 0.000000e+00
380 461 3.284247e-03 8.249656e-03 3 2 5 1 1.144486e-13 0.000000e+00
381 451 4.134622e-03 8.249656e-04 3 2 5 1 1.787742e-14 0.000000e+00
381 452 4.134622e-03 1.038570e-03 3 2 5 1 2.820982e-14 0.000000e+00
381 453 4.134622e-03 1.307482e-03 3 2 5 1 4.439466e-14 0.000000e+00
381 454 4.134622e-03 1.646023e-03 3 2 5 1 6.955475e-14 0.000000e+00
381 455 4.134622e-03 2.072220e-03 3 2 5 1 1.081418e-13 0.000000e+00
381 456 4.134622e-03 2.608770e-03 3 2 5 1 1.657494e-13 0.000000e+00
381 457 4.134622e-03 3.284247e-03 3 2 5 1 2.455612e-13 0.000000e+00
381 458 4.134622e-03 4.134622e-03 3 2 5 1 0.000000e+00 0.000000e+00
381 459 4.134622e-03 5.205181e-03 3 2 5 1 2.873634e-13 0.000000e+00
381 460 4.134622e-03 6.552935e-03 3 2 5 1 2.288628e-13 0.000000e+00
381 461 4.134622e-03 8.249656e-03 3 2 5 1 1.772679e-13 0.000000e+00
382 451 5.205181e-03 8.249656e-04 3 2 5 1 1.332656e-14 0.000000e+00
382 452 5.205181e-03 1.038570e-03 3 2 5 1 2.105869e-14 0.000000e+00
382 453 5.205181e-03 1.307482e-03 3 2 5 1 3.321790e-14 0.000000e+00
382 454 5.205181e-03 1.646023e-03 3 2 5 1 5.224630e-14 0.000000e+00
382 455 5.205181e-03 2.072220e-03 3 2 5 1 8.178211e-14 0.000000e+00
382 456 5.205181e-03 2.608770e-03 3 2 5 1 1.269727e-13 0.000000e+00
382 457 5.205181e-03 3.284247e-03 3 2 5 1 1.942211e-13 0.000000e+00
382 458 5.205181e-03 4.134622e-03 3 2 5 1 2.873634e-13 0.000000e+00
382 459 5.205181e-03 5.205181e-03 3 2 5 1 0.000000e+00 0.000000e+00
382 460 5.205181e-03 6.552935e-03 3 2 5 1 3.376802e-13 0.000000e+00
382 461 5.205181e-03 8.249656e-03 3 2 5 1 2.700234e-13 0.000000e+00
383 451 6.552935e-03 8.249656e-04 3 2 5 1 9.981949e-15 0.000000e+00
383 452 6.552935e-03 1.038570e-03 3 2 5 1 1.578908e-14 0.000000e+00
383 453 6.552935e-03 1.307482e-03 3 2 5 1 2.494529e-14 0.000000e+00
383 454 6.552935e-03 1.646023e-03 3 2 5 1 3.933664e-14 0.000000e+00
383 455 6.552935e-03 2.072220e-03 3 2 5 1 6.183952e-14 0.000000e+00
383 456 6.552935e-03 2.608770e-03 3 2 5 1 9.671966e-14 0.000000e+00
383 457 6.552935e-03 3.284247e-03 3 2 5 1 1.499591e-13 0.000000e+00
383 458 6.552935e-03 4.134622e-03 3 2 5 1 2.288628e-13 0.000000e+00
383 459 6.552935e-03 5.205181e-03 3 2 5 1 3.376802e-13 0.000000e+00
383 460 6.552935e-03 6.552935e-03 3 2 5 1 0.000000e+00 0.000000e+00
383 461 6.552935e-03 8.249656e-03 3 2 5 1 3.971394e-13 0.000000e+00
384 451 8.249656e-03 8.249656e-04 3 2 5 1 7.471381e-15 0.000000e+00
384 452 8.249656e-03 1.038570e-03 3 2 5 1 1.182616e-14 0.000000e+00
384 453 8.249656e-03 1.307482e-03 3 2 5 1 1.870498e-14 0.000000e+00
384 454 8.249656e-03 1.646023e-03 3 2 5 1 2.954887e-14 0.000000e+00
384 455 8.249656e-03 2.072220e-03 3 2 5 1 4.658753e-14 0.000000e+00
384 456 8.249656e-03 2.608770e-03 3 2 5 1 7.321529e-14 0.000000e+00
384 457 8.249656e-03 3.284247e-03 3 2 5 1 1.144486e-13 0.000000e+00
384 458 8.249656e-03 4.134622e-03 3 2 5 1 1.772679e-13 0.000000e+00
384 459 8.249656e-03 5.205181e-03 3 2 5 1 2.700234e-13 0.000000e+00
384 460 8.249656e-03 6.552935e-03 3 2 5 1 3.971394e-13 0.000000e+00
384 461 8.249656e-03 8.249656e-03 3 2 5 1 0.000000e+00 0.000000e+00
