# Please cite the following papers in research using this covariance:
# arXiv: 1601.05779, https://arxiv.org/abs/1601.05779
# arXiv: 1911.11947, https://arxiv.org/abs/1911.11947
# arXiv: 2004.04833, https://arxiv.org/abs/2004.04833
# arXiv: 1804.10663, https://arxiv.org/abs/1804.10663
########################################################
297 451 8.249656e-04 8.249656e-04 1 3 5 1 0.000000e+00 0.000000e+00
297 452 8.249656e-04 1.038570e-03 1 3 5 1 2.108245e-13 0.000000e+00
297 453 8.249656e-04 1.307482e-03 1 3 5 1 1.739706e-13 0.000000e+00
297 454 8.249656e-04 1.646023e-03 1 3 5 1 1.303620e-13 0.000000e+00
297 455 8.249656e-04 2.072220e-03 1 3 5 1 9.282527e-14 0.000000e+00
297 456 8.249656e-04 2.608770e-03 1 3 5 1 6.470532e-14 0.000000e+00
297 457 8.249656e-04 3.284247e-03 1 3 5 1 4.514126e-14 0.000000e+00
297 458 8.249656e-04 4.134622e-03 1 3 5 1 3.200987e-14 0.000000e+00
297 459 8.249656e-04 5.205181e-03 1 3 5 1 2.325295e-14 0.000000e+00
297 460 8.249656e-04 6.552935e-03 1 3 5 1 1.730398e-14 0.000000e+00
297 461 8.249656e-04 8.249656e-03 1 3 5 1 1.310478e-14 0.000000e+00
298 451 1.038570e-03 8.249656e-04 1 3 5 1 2.108245e-13 0.000000e+00
298 452 1.038570e-03 1.038570e-03 1 3 5 1 0.000000e+00 0.000000e+00
298 453 1.038570e-03 1.307482e-03 1 3 5 1 2.495556e-13 0.000000e+00
298 454 1.038570e-03 1.646023e-03 1 3 5 1 1.984783e-13 0.000000e+00
298 455 1.038570e-03 2.072220e-03 1 3 5 1 1.446726e-13 0.000000e+00
298 456 1.038570e-03 2.608770e-03 1 3 5 1 1.017677e-13 0.000000e+00
298 457 1.038570e-03 3.284247e-03 1 3 5 1 7.123981e-14 0.000000e+00
298 458 1.038570e-03 4.134622e-03 1 3 5 1 5.058370e-14 0.000000e+00
298 459 1.038570e-03 5.205181e-03 1 3 5 1 3.677103e-14 0.000000e+00
298 460 1.038570e-03 6.552935e-03 1 3 5 1 2.737809e-14 0.000000e+00
298 461 1.038570e-03 8.249656e-03 1 3 5 1 2.074363e-14 0.000000e+00
299 451 1.307482e-03 8.249656e-04 1 3 5 1 1.739706e-13 0.000000e+00
299 452 1.307482e-03 1.038570e-03 1 3 5 1 2.495556e-13 0.000000e+00
299 453 1.307482e-03 1.307482e-03 1 3 5 1 0.000000e+00 0.000000e+00
299 454 1.307482e-03 1.646023e-03 1 3 5 1 2.878166e-13 0.000000e+00
299 455 1.307482e-03 2.072220e-03 1 3 5 1 2.218773e-13 0.000000e+00
299 456 1.307482e-03 2.608770e-03 1 3 5 1 1.590987e-13 0.000000e+00
299 457 1.307482e-03 3.284247e-03 1 3 5 1 1.121084e-13 0.000000e+00
299 458 1.307482e-03 4.134622e-03 1 3 5 1 7.979190e-14 0.000000e+00
299 459 1.307482e-03 5.205181e-03 1 3 5 1 5.807048e-14 0.000000e+00
299 460 1.307482e-03 6.552935e-03 1 3 5 1 4.327354e-14 0.000000e+00
299 461 1.307482e-03 8.249656e-03 1 3 5 1 3.281106e-14 0.000000e+00
300 451 1.646023e-03 8.249656e-04 1 3 5 1 1.303620e-13 0.000000e+00
300 452 1.646023e-03 1.038570e-03 1 3 5 1 1.984783e-13 0.000000e+00
300 453 1.646023e-03 1.307482e-03 1 3 5 1 2.878166e-13 0.000000e+00
300 454 1.646023e-03 1.646023e-03 1 3 5 1 0.000000e+00 0.000000e+00
300 455 1.646023e-03 2.072220e-03 1 3 5 1 3.255922e-13 0.000000e+00
300 456 1.646023e-03 2.608770e-03 1 3 5 1 2.454502e-13 0.000000e+00
300 457 1.646023e-03 3.284247e-03 1 3 5 1 1.755004e-13 0.000000e+00
300 458 1.646023e-03 4.134622e-03 1 3 5 1 1.254904e-13 0.000000e+00
300 459 1.646023e-03 5.205181e-03 1 3 5 1 9.151105e-14 0.000000e+00
300 460 1.646023e-03 6.552935e-03 1 3 5 1 6.828721e-14 0.000000e+00
300 461 1.646023e-03 8.249656e-03 1 3 5 1 5.183731e-14 0.000000e+00
301 451 2.072220e-03 8.249656e-04 1 3 5 1 9.282527e-14 0.000000e+00
301 452 2.072220e-03 1.038570e-03 1 3 5 1 1.446726e-13 0.000000e+00
301 453 2.072220e-03 1.307482e-03 1 3 5 1 2.218773e-13 0.000000e+00
301 454 2.072220e-03 1.646023e-03 1 3 5 1 3.255922e-13 0.000000e+00
301 455 2.072220e-03 2.072220e-03 1 3 5 1 0.000000e+00 0.000000e+00
301 456 2.072220e-03 2.608770e-03 1 3 5 1 3.642739e-13 0.000000e+00
301 457 2.072220e-03 3.284247e-03 1 3 5 1 2.716824e-13 0.000000e+00
301 458 2.072220e-03 4.134622e-03 1 3 5 1 1.963342e-13 0.000000e+00
301 459 2.072220e-03 5.205181e-03 1 3 5 1 1.437044e-13 0.000000e+00
301 460 2.072220e-03 6.552935e-03 1 3 5 1 1.074799e-13 0.000000e+00
301 461 2.072220e-03 8.249656e-03 1 3 5 1 8.174195e-14 0.000000e+00
302 451 2.608770e-03 8.249656e-04 1 3 5 1 6.470532e-14 0.000000e+00
302 452 2.608770e-03 1.038570e-03 1 3 5 1 1.017677e-13 0.000000e+00
302 453 2.608770e-03 1.307482e-03 1 3 5 1 1.590987e-13 0.000000e+00
302 454 2.608770e-03 1.646023e-03 1 3 5 1 2.454502e-13 0.000000e+00
302 455 2.608770e-03 2.072220e-03 1 3 5 1 3.642739e-13 0.000000e+00
302 456 2.608770e-03 2.608770e-03 1 3 5 1 0.000000e+00 0.000000e+00
302 457 2.608770e-03 3.284247e-03 1 3 5 1 4.067691e-13 0.000000e+00
302 458 2.608770e-03 4.134622e-03 1 3 5 1 3.040285e-13 0.000000e+00
302 459 2.608770e-03 5.205181e-03 1 3 5 1 2.243418e-13 0.000000e+00
302 460 2.608770e-03 6.552935e-03 1 3 5 1 1.684532e-13 0.000000e+00
302 461 2.608770e-03 8.249656e-03 1 3 5 1 1.285061e-13 0.000000e+00
303 451 3.284247e-03 8.249656e-04 1 3 5 1 4.514126e-14 0.000000e+00
303 452 3.284247e-03 1.038570e-03 1 3 5 1 7.123981e-14 0.000000e+00
303 453 3.284247e-03 1.307482e-03 1 3 5 1 1.121084e-13 0.000000e+00
303 454 3.284247e-03 1.646023e-03 1 3 5 1 1.755004e-13 0.000000e+00
303 455 3.284247e-03 2.072220e-03 1 3 5 1 2.716824e-13 0.000000e+00
303 456 3.284247e-03 2.608770e-03 1 3 5 1 4.067691e-13 0.000000e+00
303 457 3.284247e-03 3.284247e-03 1 3 5 1 0.000000e+00 0.000000e+00
303 458 3.284247e-03 4.134622e-03 1 3 5 1 4.573367e-13 0.000000e+00
303 459 3.284247e-03 5.205181e-03 1 3 5 1 3.465017e-13 0.000000e+00
303 460 3.284247e-03 6.552935e-03 1 3 5 1 2.621741e-13 0.000000e+00
303 461 3.284247e-03 8.249656e-03 1 3 5 1 2.010227e-13 0.000000e+00
304 451 4.134622e-03 8.249656e-04 1 3 5 1 3.200987e-14 0.000000e+00
304 452 4.134622e-03 1.038570e-03 1 3 5 1 5.058370e-14 0.000000e+00
304 453 4.134622e-03 1.307482e-03 1 3 5 1 7.979190e-14 0.000000e+00
304 454 4.134622e-03 1.646023e-03 1 3 5 1 1.254904e-13 0.000000e+00
304 455 4.134622e-03 2.072220e-03 1 3 5 1 1.963342e-13 0.000000e+00
304 456 4.134622e-03 2.608770e-03 1 3 5 1 3.040285e-13 0.000000e+00
304 457 4.134622e-03 3.284247e-03 1 3 5 1 4.573367e-13 0.000000e+00
304 458 4.134622e-03 4.134622e-03 1 3 5 1 0.000000e+00 0.000000e+00
304 459 4.134622e-03 5.205181e-03 1 3 5 1 5.211659e-13 0.000000e+00
304 460 4.134622e-03 6.552935e-03 1 3 5 1 4.031029e-13 0.000000e+00
304 461 4.134622e-03 8.249656e-03 1 3 5 1 3.118762e-13 0.000000e+00
305 451 5.205181e-03 8.249656e-04 1 3 5 1 2.325295e-14 0.000000e+00
305 452 5.205181e-03 1.038570e-03 1 3 5 1 3.677103e-14 0.000000e+00
305 453 5.205181e-03 1.307482e-03 1 3 5 1 5.807048e-14 0.000000e+00
305 454 5.205181e-03 1.646023e-03 1 3 5 1 9.151105e-14 0.000000e+00
305 455 5.205181e-03 2.072220e-03 1 3 5 1 1.437044e-13 0.000000e+00
305 456 5.205181e-03 2.608770e-03 1 3 5 1 2.243418e-13 0.000000e+00
305 457 5.205181e-03 3.284247e-03 1 3 5 1 3.465017e-13 0.000000e+00
305 458 5.205181e-03 4.134622e-03 1 3 5 1 5.211659e-13 0.000000e+00
305 459 5.205181e-03 5.205181e-03 1 3 5 1 0.000000e+00 0.000000e+00
305 460 5.205181e-03 6.552935e-03 1 3 5 1 6.036539e-13 0.000000e+00
305 461 5.205181e-03 8.249656e-03 1 3 5 1 4.770334e-13 0.000000e+00
306 451 6.552935e-03 8.249656e-04 1 3 5 1 1.730398e-14 0.000000e+00
306 452 6.552935e-03 1.038570e-03 1 3 5 1 2.737809e-14 0.000000e+00
306 453 6.552935e-03 1.307482e-03 1 3 5 1 4.327354e-14 0.000000e+00
306 454 6.552935e-03 1.646023e-03 1 3 5 1 6.828721e-14 0.000000e+00
306 455 6.552935e-03 2.072220e-03 1 3 5 1 1.074799e-13 0.000000e+00
306 456 6.552935e-03 2.608770e-03 1 3 5 1 1.684532e-13 0.000000e+00
306 457 6.552935e-03 3.284247e-03 1 3 5 1 2.621741e-13 0.000000e+00
306 458 6.552935e-03 4.134622e-03 1 3 5 1 4.031029e-13 0.000000e+00
306 459 6.552935e-03 5.205181e-03 1 3 5 1 6.036539e-13 0.000000e+00
306 460 6.552935e-03 6.552935e-03 1 3 5 1 0.000000e+00 0.000000e+00
306 461 6.552935e-03 8.249656e-03 1 3 5 1 7.093194e-13 0.000000e+00
307 451 8.249656e-03 8.249656e-04 1 3 5 1 1.310478e-14 0.000000e+00
307 452 8.249656e-03 1.038570e-03 1 3 5 1 2.074363e-14 0.000000e+00
307 453 8.249656e-03 1.307482e-03 1 3 5 1 3.281106e-14 0.000000e+00
307 454 8.249656e-03 1.646023e-03 1 3 5 1 5.183731e-14 0.000000e+00
307 455 8.249656e-03 2.072220e-03 1 3 5 1 8.174195e-14 0.000000e+00
307 456 8.249656e-03 2.608770e-03 1 3 5 1 1.285061e-13 0.000000e+00
307 457 8.249656e-03 3.284247e-03 1 3 5 1 2.010227e-13 0.000000e+00
307 458 8.249656e-03 4.134622e-03 1 3 5 1 3.118762e-13 0.000000e+00
307 459 8.249656e-03 5.205181e-03 1 3 5 1 4.770334e-13 0.000000e+00
307 460 8.249656e-03 6.552935e-03 1 3 5 1 7.093194e-13 0.000000e+00
307 461 8.249656e-03 8.249656e-03 1 3 5 1 0.000000e+00 0.000000e+00
