# Please cite the following papers in research using this covariance:
# arXiv: 1601.05779, https://arxiv.org/abs/1601.05779
# arXiv: 1911.11947, https://arxiv.org/abs/1911.11947
# arXiv: 2004.04833, https://arxiv.org/abs/2004.04833
# arXiv: 1804.10663, https://arxiv.org/abs/1804.10663
########################################################
407 473 8.249656e-04 8.249656e-04 4 1 5 3 0.000000e+00 0.000000e+00
407 474 8.249656e-04 1.038570e-03 4 1 5 3 3.846572e-13 0.000000e+00
407 475 8.249656e-04 1.307482e-03 4 1 5 3 3.178423e-13 0.000000e+00
407 476 8.249656e-04 1.646023e-03 4 1 5 3 2.436996e-13 0.000000e+00
407 477 8.249656e-04 2.072220e-03 4 1 5 3 1.816998e-13 0.000000e+00
407 478 8.249656e-04 2.608770e-03 4 1 5 3 1.348345e-13 0.000000e+00
407 479 8.249656e-04 3.284247e-03 4 1 5 3 1.006188e-13 0.000000e+00
407 480 8.249656e-04 4.134622e-03 4 1 5 3 7.565501e-14 0.000000e+00
407 481 8.249656e-04 5.205181e-03 4 1 5 3 5.714810e-14 0.000000e+00
407 482 8.249656e-04 6.552935e-03 4 1 5 3 4.315680e-14 0.000000e+00
407 483 8.249656e-04 8.249656e-03 4 1 5 3 3.240388e-14 0.000000e+00
408 473 1.038570e-03 8.249656e-04 4 1 5 3 3.846572e-13 0.000000e+00
408 474 1.038570e-03 1.038570e-03 4 1 5 3 0.000000e+00 0.000000e+00
408 475 1.038570e-03 1.307482e-03 4 1 5 3 4.590874e-13 0.000000e+00
408 476 1.038570e-03 1.646023e-03 4 1 5 3 3.713463e-13 0.000000e+00
408 477 1.038570e-03 2.072220e-03 4 1 5 3 2.823781e-13 0.000000e+00
408 478 1.038570e-03 2.608770e-03 4 1 5 3 2.112724e-13 0.000000e+00
408 479 1.038570e-03 3.284247e-03 4 1 5 3 1.583036e-13 0.000000e+00
408 480 1.038570e-03 4.134622e-03 4 1 5 3 1.193201e-13 0.000000e+00
408 481 1.038570e-03 5.205181e-03 4 1 5 3 9.028091e-14 0.000000e+00
408 482 1.038570e-03 6.552935e-03 4 1 5 3 6.825517e-14 0.000000e+00
408 483 1.038570e-03 8.249656e-03 4 1 5 3 5.128828e-14 0.000000e+00
409 473 1.307482e-03 8.249656e-04 4 1 5 3 3.178423e-13 0.000000e+00
409 474 1.307482e-03 1.038570e-03 4 1 5 3 4.590874e-13 0.000000e+00
409 475 1.307482e-03 1.307482e-03 4 1 5 3 0.000000e+00 0.000000e+00
409 476 1.307482e-03 1.646023e-03 4 1 5 3 5.408915e-13 0.000000e+00
409 477 1.307482e-03 2.072220e-03 4 1 5 3 4.317178e-13 0.000000e+00
409 478 1.307482e-03 2.608770e-03 4 1 5 3 3.284451e-13 0.000000e+00
409 479 1.307482e-03 3.284247e-03 4 1 5 3 2.479056e-13 0.000000e+00
409 480 1.307482e-03 4.134622e-03 4 1 5 3 1.876257e-13 0.000000e+00
409 481 1.307482e-03 5.205181e-03 4 1 5 3 1.423457e-13 0.000000e+00
409 482 1.307482e-03 6.552935e-03 4 1 5 3 1.078147e-13 0.000000e+00
409 483 1.307482e-03 8.249656e-03 4 1 5 3 8.111420e-14 0.000000e+00
410 473 1.646023e-03 8.249656e-04 4 1 5 3 2.436996e-13 0.000000e+00
410 474 1.646023e-03 1.038570e-03 4 1 5 3 3.713463e-13 0.000000e+00
410 475 1.646023e-03 1.307482e-03 4 1 5 3 5.408915e-13 0.000000e+00
410 476 1.646023e-03 1.646023e-03 4 1 5 3 0.000000e+00 0.000000e+00
410 477 1.646023e-03 2.072220e-03 4 1 5 3 6.332765e-13 0.000000e+00
410 478 1.646023e-03 2.608770e-03 4 1 5 3 5.028392e-13 0.000000e+00
410 479 1.646023e-03 3.284247e-03 4 1 5 3 3.851205e-13 0.000000e+00
410 480 1.646023e-03 4.134622e-03 4 1 5 3 2.935774e-13 0.000000e+00
410 481 1.646023e-03 5.205181e-03 4 1 5 3 2.237252e-13 0.000000e+00
410 482 1.646023e-03 6.552935e-03 4 1 5 3 1.699580e-13 0.000000e+00
410 483 1.646023e-03 8.249656e-03 4 1 5 3 1.281221e-13 0.000000e+00
411 473 2.072220e-03 8.249656e-04 4 1 5 3 1.816998e-13 0.000000e+00
411 474 2.072220e-03 1.038570e-03 4 1 5 3 2.823781e-13 0.000000e+00
411 475 2.072220e-03 1.307482e-03 4 1 5 3 4.317178e-13 0.000000e+00
411 476 2.072220e-03 1.646023e-03 4 1 5 3 6.332765e-13 0.000000e+00
411 477 2.072220e-03 2.072220e-03 4 1 5 3 0.000000e+00 0.000000e+00
411 478 2.072220e-03 2.608770e-03 4 1 5 3 7.410468e-13 0.000000e+00
411 479 2.072220e-03 3.284247e-03 4 1 5 3 5.893355e-13 0.000000e+00
411 480 2.072220e-03 4.134622e-03 4 1 5 3 4.554905e-13 0.000000e+00
411 481 2.072220e-03 5.205181e-03 4 1 5 3 3.497857e-13 0.000000e+00
411 482 2.072220e-03 6.552935e-03 4 1 5 3 2.670371e-13 0.000000e+00
411 483 2.072220e-03 8.249656e-03 4 1 5 3 2.019578e-13 0.000000e+00
412 473 2.608770e-03 8.249656e-04 4 1 5 3 1.348345e-13 0.000000e+00
412 474 2.608770e-03 1.038570e-03 4 1 5 3 2.112724e-13 0.000000e+00
412 475 2.608770e-03 1.307482e-03 4 1 5 3 3.284451e-13 0.000000e+00
412 476 2.608770e-03 1.646023e-03 4 1 5 3 5.028392e-13 0.000000e+00
412 477 2.608770e-03 2.072220e-03 4 1 5 3 7.410468e-13 0.000000e+00
412 478 2.608770e-03 2.608770e-03 4 1 5 3 0.000000e+00 0.000000e+00
412 479 2.608770e-03 3.284247e-03 4 1 5 3 8.701050e-13 0.000000e+00
412 480 2.608770e-03 4.134622e-03 4 1 5 3 6.958459e-13 0.000000e+00
412 481 2.608770e-03 5.205181e-03 4 1 5 3 5.419886e-13 0.000000e+00
412 482 2.608770e-03 6.552935e-03 4 1 5 3 4.172702e-13 0.000000e+00
412 483 2.608770e-03 8.249656e-03 4 1 5 3 3.172764e-13 0.000000e+00
413 473 3.284247e-03 8.249656e-04 4 1 5 3 1.006188e-13 0.000000e+00
413 474 3.284247e-03 1.038570e-03 4 1 5 3 1.583036e-13 0.000000e+00
413 475 3.284247e-03 1.307482e-03 4 1 5 3 2.479056e-13 0.000000e+00
413 476 3.284247e-03 1.646023e-03 4 1 5 3 3.851205e-13 0.000000e+00
413 477 3.284247e-03 2.072220e-03 4 1 5 3 5.893355e-13 0.000000e+00
413 478 3.284247e-03 2.608770e-03 4 1 5 3 8.701050e-13 0.000000e+00
413 479 3.284247e-03 3.284247e-03 4 1 5 3 0.000000e+00 0.000000e+00
413 480 3.284247e-03 4.134622e-03 4 1 5 3 1.026664e-12 0.000000e+00
413 481 3.284247e-03 5.205181e-03 4 1 5 3 8.262550e-13 0.000000e+00
413 482 3.284247e-03 6.552935e-03 4 1 5 3 6.459119e-13 0.000000e+00
413 483 3.284247e-03 8.249656e-03 4 1 5 3 4.956528e-13 0.000000e+00
414 473 4.134622e-03 8.249656e-04 4 1 5 3 7.565501e-14 0.000000e+00
414 474 4.134622e-03 1.038570e-03 4 1 5 3 1.193201e-13 0.000000e+00
414 475 4.134622e-03 1.307482e-03 4 1 5 3 1.876257e-13 0.000000e+00
414 476 4.134622e-03 1.646023e-03 4 1 5 3 2.935774e-13 0.000000e+00
414 477 4.134622e-03 2.072220e-03 4 1 5 3 4.554905e-13 0.000000e+00
414 478 4.134622e-03 2.608770e-03 4 1 5 3 6.958459e-13 0.000000e+00
414 479 4.134622e-03 3.284247e-03 4 1 5 3 1.026664e-12 0.000000e+00
414 480 4.134622e-03 4.134622e-03 4 1 5 3 0.000000e+00 0.000000e+00
414 481 4.134622e-03 5.205181e-03 4 1 5 3 1.216285e-12 0.000000e+00
414 482 4.134622e-03 6.552935e-03 4 1 5 3 9.828790e-13 0.000000e+00
414 483 4.134622e-03 8.249656e-03 4 1 5 3 7.668437e-13 0.000000e+00
415 473 5.205181e-03 8.249656e-04 4 1 5 3 5.714810e-14 0.000000e+00
415 474 5.205181e-03 1.038570e-03 4 1 5 3 9.028091e-14 0.000000e+00
415 475 5.205181e-03 1.307482e-03 4 1 5 3 1.423457e-13 0.000000e+00
415 476 5.205181e-03 1.646023e-03 4 1 5 3 2.237252e-13 0.000000e+00
415 477 5.205181e-03 2.072220e-03 4 1 5 3 3.497857e-13 0.000000e+00
415 478 5.205181e-03 2.608770e-03 4 1 5 3 5.419886e-13 0.000000e+00
415 479 5.205181e-03 3.284247e-03 4 1 5 3 8.262550e-13 0.000000e+00
415 480 5.205181e-03 4.134622e-03 4 1 5 3 1.216285e-12 0.000000e+00
415 481 5.205181e-03 5.205181e-03 4 1 5 3 0.000000e+00 0.000000e+00
415 482 5.205181e-03 6.552935e-03 4 1 5 3 1.442715e-12 0.000000e+00
415 483 5.205181e-03 8.249656e-03 4 1 5 3 1.165501e-12 0.000000e+00
416 473 6.552935e-03 8.249656e-04 4 1 5 3 4.315680e-14 0.000000e+00
416 474 6.552935e-03 1.038570e-03 4 1 5 3 6.825517e-14 0.000000e+00
416 475 6.552935e-03 1.307482e-03 4 1 5 3 1.078147e-13 0.000000e+00
416 476 6.552935e-03 1.646023e-03 4 1 5 3 1.699580e-13 0.000000e+00
416 477 6.552935e-03 2.072220e-03 4 1 5 3 2.670371e-13 0.000000e+00
416 478 6.552935e-03 2.608770e-03 4 1 5 3 4.172702e-13 0.000000e+00
416 479 6.552935e-03 3.284247e-03 4 1 5 3 6.459119e-13 0.000000e+00
416 480 6.552935e-03 4.134622e-03 4 1 5 3 9.828790e-13 0.000000e+00
416 481 6.552935e-03 5.205181e-03 4 1 5 3 1.442715e-12 0.000000e+00
416 482 6.552935e-03 6.552935e-03 4 1 5 3 0.000000e+00 0.000000e+00
416 483 6.552935e-03 8.249656e-03 4 1 5 3 1.706346e-12 0.000000e+00
417 473 8.249656e-03 8.249656e-04 4 1 5 3 3.240388e-14 0.000000e+00
417 474 8.249656e-03 1.038570e-03 4 1 5 3 5.128828e-14 0.000000e+00
417 475 8.249656e-03 1.307482e-03 4 1 5 3 8.111420e-14 0.000000e+00
417 476 8.249656e-03 1.646023e-03 4 1 5 3 1.281221e-13 0.000000e+00
417 477 8.249656e-03 2.072220e-03 4 1 5 3 2.019578e-13 0.000000e+00
417 478 8.249656e-03 2.608770e-03 4 1 5 3 3.172764e-13 0.000000e+00
417 479 8.249656e-03 3.284247e-03 4 1 5 3 4.956528e-13 0.000000e+00
417 480 8.249656e-03 4.134622e-03 4 1 5 3 7.668437e-13 0.000000e+00
417 481 8.249656e-03 5.205181e-03 4 1 5 3 1.165501e-12 0.000000e+00
417 482 8.249656e-03 6.552935e-03 4 1 5 3 1.706346e-12 0.000000e+00
417 483 8.249656e-03 8.249656e-03 4 1 5 3 0.000000e+00 0.000000e+00
