# Please cite the following papers in research using this covariance:
# arXiv: 1601.05779, https://arxiv.org/abs/1601.05779
# arXiv: 1911.11947, https://arxiv.org/abs/1911.11947
# arXiv: 2004.04833, https://arxiv.org/abs/2004.04833
# arXiv: 1804.10663, https://arxiv.org/abs/1804.10663
########################################################
264 330 8.249656e-04 8.249656e-04 1 0 2 2 0.000000e+00 0.000000e+00
264 331 8.249656e-04 1.038570e-03 1 0 2 2 1.982239e-13 0.000000e+00
264 332 8.249656e-04 1.307482e-03 1 0 2 2 1.655237e-13 0.000000e+00
264 333 8.249656e-04 1.646023e-03 1 0 2 2 1.242890e-13 0.000000e+00
264 334 8.249656e-04 2.072220e-03 1 0 2 2 8.785802e-14 0.000000e+00
264 335 8.249656e-04 2.608770e-03 1 0 2 2 6.035491e-14 0.000000e+00
264 336 8.249656e-04 3.284247e-03 1 0 2 2 4.131719e-14 0.000000e+00
264 337 8.249656e-04 4.134622e-03 1 0 2 2 2.874059e-14 0.000000e+00
264 338 8.249656e-04 5.205181e-03 1 0 2 2 2.054958e-14 0.000000e+00
264 339 8.249656e-04 6.552935e-03 1 0 2 2 1.513358e-14 0.000000e+00
264 340 8.249656e-04 8.249656e-03 1 0 2 2 1.140902e-14 0.000000e+00
265 330 1.038570e-03 8.249656e-04 1 0 2 2 1.982239e-13 0.000000e+00
265 331 1.038570e-03 1.038570e-03 1 0 2 2 0.000000e+00 0.000000e+00
265 332 1.038570e-03 1.307482e-03 1 0 2 2 2.361362e-13 0.000000e+00
265 333 1.038570e-03 1.646023e-03 1 0 2 2 1.888616e-13 0.000000e+00
265 334 1.038570e-03 2.072220e-03 1 0 2 2 1.369398e-13 0.000000e+00
265 335 1.038570e-03 2.608770e-03 1 0 2 2 9.500110e-14 0.000000e+00
265 336 1.038570e-03 3.284247e-03 1 0 2 2 6.526030e-14 0.000000e+00
265 337 1.038570e-03 4.134622e-03 1 0 2 2 4.544499e-14 0.000000e+00
265 338 1.038570e-03 5.205181e-03 1 0 2 2 3.250710e-14 0.000000e+00
265 339 1.038570e-03 6.552935e-03 1 0 2 2 2.394787e-14 0.000000e+00
265 340 1.038570e-03 8.249656e-03 1 0 2 2 1.806060e-14 0.000000e+00
266 330 1.307482e-03 8.249656e-04 1 0 2 2 1.655237e-13 0.000000e+00
266 331 1.307482e-03 1.038570e-03 1 0 2 2 2.361362e-13 0.000000e+00
266 332 1.307482e-03 1.307482e-03 1 0 2 2 0.000000e+00 0.000000e+00
266 333 1.307482e-03 1.646023e-03 1 0 2 2 2.726267e-13 0.000000e+00
266 334 1.307482e-03 2.072220e-03 1 0 2 2 2.099058e-13 0.000000e+00
266 335 1.307482e-03 2.608770e-03 1 0 2 2 1.486823e-13 0.000000e+00
266 336 1.307482e-03 3.284247e-03 1 0 2 2 1.028346e-13 0.000000e+00
266 337 1.307482e-03 4.134622e-03 1 0 2 2 7.175574e-14 0.000000e+00
266 338 1.307482e-03 5.205181e-03 1 0 2 2 5.136485e-14 0.000000e+00
266 339 1.307482e-03 6.552935e-03 1 0 2 2 3.786136e-14 0.000000e+00
266 340 1.307482e-03 8.249656e-03 1 0 2 2 2.857022e-14 0.000000e+00
267 330 1.646023e-03 8.249656e-04 1 0 2 2 1.242890e-13 0.000000e+00
267 331 1.646023e-03 1.038570e-03 1 0 2 2 1.888616e-13 0.000000e+00
267 332 1.646023e-03 1.307482e-03 1 0 2 2 2.726267e-13 0.000000e+00
267 333 1.646023e-03 1.646023e-03 1 0 2 2 0.000000e+00 0.000000e+00
267 334 1.646023e-03 2.072220e-03 1 0 2 2 3.071494e-13 0.000000e+00
267 335 1.646023e-03 2.608770e-03 1 0 2 2 2.296421e-13 0.000000e+00
267 336 1.646023e-03 3.284247e-03 1 0 2 2 1.613052e-13 0.000000e+00
267 337 1.646023e-03 4.134622e-03 1 0 2 2 1.130283e-13 0.000000e+00
267 338 1.646023e-03 5.205181e-03 1 0 2 2 8.101609e-14 0.000000e+00
267 339 1.646023e-03 6.552935e-03 1 0 2 2 5.977129e-14 0.000000e+00
267 340 1.646023e-03 8.249656e-03 1 0 2 2 4.514506e-14 0.000000e+00
268 330 2.072220e-03 8.249656e-04 1 0 2 2 8.785802e-14 0.000000e+00
268 331 2.072220e-03 1.038570e-03 1 0 2 2 1.369398e-13 0.000000e+00
268 332 2.072220e-03 1.307482e-03 1 0 2 2 2.099058e-13 0.000000e+00
268 333 2.072220e-03 1.646023e-03 1 0 2 2 3.071494e-13 0.000000e+00
268 334 2.072220e-03 2.072220e-03 1 0 2 2 0.000000e+00 0.000000e+00
268 335 2.072220e-03 2.608770e-03 1 0 2 2 3.406540e-13 0.000000e+00
268 336 2.072220e-03 3.284247e-03 1 0 2 2 2.503984e-13 0.000000e+00
268 337 2.072220e-03 4.134622e-03 1 0 2 2 1.772802e-13 0.000000e+00
268 338 2.072220e-03 5.205181e-03 1 0 2 2 1.274109e-13 0.000000e+00
268 339 2.072220e-03 6.552935e-03 1 0 2 2 9.414074e-14 0.000000e+00
268 340 2.072220e-03 8.249656e-03 1 0 2 2 7.120886e-14 0.000000e+00
269 330 2.608770e-03 8.249656e-04 1 0 2 2 6.035491e-14 0.000000e+00
269 331 2.608770e-03 1.038570e-03 1 0 2 2 9.500110e-14 0.000000e+00
269 332 2.608770e-03 1.307482e-03 1 0 2 2 1.486823e-13 0.000000e+00
269 333 2.608770e-03 1.646023e-03 1 0 2 2 2.296421e-13 0.000000e+00
269 334 2.608770e-03 2.072220e-03 1 0 2 2 3.406540e-13 0.000000e+00
269 335 2.608770e-03 2.608770e-03 1 0 2 2 0.000000e+00 0.000000e+00
269 336 2.608770e-03 3.284247e-03 1 0 2 2 3.757438e-13 0.000000e+00
269 337 2.608770e-03 4.134622e-03 1 0 2 2 2.755902e-13 0.000000e+00
269 338 2.608770e-03 5.205181e-03 1 0 2 2 1.993971e-13 0.000000e+00
269 339 2.608770e-03 6.552935e-03 1 0 2 2 1.477178e-13 0.000000e+00
269 340 2.608770e-03 8.249656e-03 1 0 2 2 1.119992e-13 0.000000e+00
270 330 3.284247e-03 8.249656e-04 1 0 2 2 4.131719e-14 0.000000e+00
270 331 3.284247e-03 1.038570e-03 1 0 2 2 6.526030e-14 0.000000e+00
270 332 3.284247e-03 1.307482e-03 1 0 2 2 1.028346e-13 0.000000e+00
270 333 3.284247e-03 1.646023e-03 1 0 2 2 1.613052e-13 0.000000e+00
270 334 3.284247e-03 2.072220e-03 1 0 2 2 2.503984e-13 0.000000e+00
270 335 3.284247e-03 2.608770e-03 1 0 2 2 3.757438e-13 0.000000e+00
270 336 3.284247e-03 3.284247e-03 1 0 2 2 0.000000e+00 0.000000e+00
270 337 3.284247e-03 4.134622e-03 1 0 2 2 4.165027e-13 0.000000e+00
270 338 3.284247e-03 5.205181e-03 1 0 2 2 3.092630e-13 0.000000e+00
270 339 3.284247e-03 6.552935e-03 1 0 2 2 2.303697e-13 0.000000e+00
270 340 3.284247e-03 8.249656e-03 1 0 2 2 1.753409e-13 0.000000e+00
271 330 4.134622e-03 8.249656e-04 1 0 2 2 2.874059e-14 0.000000e+00
271 331 4.134622e-03 1.038570e-03 1 0 2 2 4.544499e-14 0.000000e+00
271 332 4.134622e-03 1.307482e-03 1 0 2 2 7.175574e-14 0.000000e+00
271 333 4.134622e-03 1.646023e-03 1 0 2 2 1.130283e-13 0.000000e+00
271 334 4.134622e-03 2.072220e-03 1 0 2 2 1.772802e-13 0.000000e+00
271 335 4.134622e-03 2.608770e-03 1 0 2 2 2.755902e-13 0.000000e+00
271 336 4.134622e-03 3.284247e-03 1 0 2 2 4.165027e-13 0.000000e+00
271 337 4.134622e-03 4.134622e-03 1 0 2 2 0.000000e+00 0.000000e+00
271 338 4.134622e-03 5.205181e-03 1 0 2 2 4.680551e-13 0.000000e+00
271 339 4.134622e-03 6.552935e-03 1 0 2 2 3.555221e-13 0.000000e+00
271 340 4.134622e-03 8.249656e-03 1 0 2 2 2.724276e-13 0.000000e+00
272 330 5.205181e-03 8.249656e-04 1 0 2 2 2.054958e-14 0.000000e+00
272 331 5.205181e-03 1.038570e-03 1 0 2 2 3.250710e-14 0.000000e+00
272 332 5.205181e-03 1.307482e-03 1 0 2 2 5.136485e-14 0.000000e+00
272 333 5.205181e-03 1.646023e-03 1 0 2 2 8.101609e-14 0.000000e+00
272 334 5.205181e-03 2.072220e-03 1 0 2 2 1.274109e-13 0.000000e+00
272 335 5.205181e-03 2.608770e-03 1 0 2 2 1.993971e-13 0.000000e+00
272 336 5.205181e-03 3.284247e-03 1 0 2 2 3.092630e-13 0.000000e+00
272 337 5.205181e-03 4.134622e-03 1 0 2 2 4.680551e-13 0.000000e+00
272 338 5.205181e-03 5.205181e-03 1 0 2 2 0.000000e+00 0.000000e+00
272 339 5.205181e-03 6.552935e-03 1 0 2 2 5.359033e-13 0.000000e+00
272 340 5.205181e-03 8.249656e-03 1 0 2 2 4.178861e-13 0.000000e+00
273 330 6.552935e-03 8.249656e-04 1 0 2 2 1.513358e-14 0.000000e+00
273 331 6.552935e-03 1.038570e-03 1 0 2 2 2.394787e-14 0.000000e+00
273 332 6.552935e-03 1.307482e-03 1 0 2 2 3.786136e-14 0.000000e+00
273 333 6.552935e-03 1.646023e-03 1 0 2 2 5.977129e-14 0.000000e+00
273 334 6.552935e-03 2.072220e-03 1 0 2 2 9.414074e-14 0.000000e+00
273 335 6.552935e-03 2.608770e-03 1 0 2 2 1.477178e-13 0.000000e+00
273 336 6.552935e-03 3.284247e-03 1 0 2 2 2.303697e-13 0.000000e+00
273 337 6.552935e-03 4.134622e-03 1 0 2 2 3.555221e-13 0.000000e+00
273 338 6.552935e-03 5.205181e-03 1 0 2 2 5.359033e-13 0.000000e+00
273 339 6.552935e-03 6.552935e-03 1 0 2 2 0.000000e+00 0.000000e+00
273 340 6.552935e-03 8.249656e-03 1 0 2 2 6.250480e-13 0.000000e+00
274 330 8.249656e-03 8.249656e-04 1 0 2 2 1.140902e-14 0.000000e+00
274 331 8.249656e-03 1.038570e-03 1 0 2 2 1.806060e-14 0.000000e+00
274 332 8.249656e-03 1.307482e-03 1 0 2 2 2.857022e-14 0.000000e+00
274 333 8.249656e-03 1.646023e-03 1 0 2 2 4.514506e-14 0.000000e+00
274 334 8.249656e-03 2.072220e-03 1 0 2 2 7.120886e-14 0.000000e+00
274 335 8.249656e-03 2.608770e-03 1 0 2 2 1.119992e-13 0.000000e+00
274 336 8.249656e-03 3.284247e-03 1 0 2 2 1.753409e-13 0.000000e+00
274 337 8.249656e-03 4.134622e-03 1 0 2 2 2.724276e-13 0.000000e+00
274 338 8.249656e-03 5.205181e-03 1 0 2 2 4.178861e-13 0.000000e+00
274 339 8.249656e-03 6.552935e-03 1 0 2 2 6.250480e-13 0.000000e+00
274 340 8.249656e-03 8.249656e-03 1 0 2 2 0.000000e+00 0.000000e+00
