# Please cite the following papers in research using this covariance:
# arXiv: 1601.05779, https://arxiv.org/abs/1601.05779
# arXiv: 1911.11947, https://arxiv.org/abs/1911.11947
# arXiv: 2004.04833, https://arxiv.org/abs/2004.04833
# arXiv: 1804.10663, https://arxiv.org/abs/1804.10663
########################################################
231 451 8.249656e-04 8.249656e-04 0 1 5 1 0.000000e+00 0.000000e+00
231 452 8.249656e-04 1.038570e-03 0 1 5 1 4.889204e-12 0.000000e+00
231 453 8.249656e-04 1.307482e-03 0 1 5 1 2.656869e-12 0.000000e+00
231 454 8.249656e-04 1.646023e-03 0 1 5 1 1.366353e-12 0.000000e+00
231 455 8.249656e-04 2.072220e-03 0 1 5 1 6.784026e-13 0.000000e+00
231 456 8.249656e-04 2.608770e-03 0 1 5 1 3.309400e-13 0.000000e+00
231 457 8.249656e-04 3.284247e-03 0 1 5 1 1.619998e-13 0.000000e+00
231 458 8.249656e-04 4.134622e-03 0 1 5 1 8.141336e-14 0.000000e+00
231 459 8.249656e-04 5.205181e-03 0 1 5 1 4.280249e-14 0.000000e+00
231 460 8.249656e-04 6.552935e-03 0 1 5 1 2.382119e-14 0.000000e+00
231 461 8.249656e-04 8.249656e-03 0 1 5 1 1.401944e-14 0.000000e+00
232 451 1.038570e-03 8.249656e-04 0 1 5 1 4.889204e-12 0.000000e+00
232 452 1.038570e-03 1.038570e-03 0 1 5 1 0.000000e+00 0.000000e+00
232 453 1.038570e-03 1.307482e-03 0 1 5 1 4.434668e-12 0.000000e+00
232 454 1.038570e-03 1.646023e-03 0 1 5 1 2.281681e-12 0.000000e+00
232 455 1.038570e-03 2.072220e-03 0 1 5 1 1.121052e-12 0.000000e+00
232 456 1.038570e-03 2.608770e-03 0 1 5 1 5.403302e-13 0.000000e+00
232 457 1.038570e-03 3.284247e-03 0 1 5 1 2.616884e-13 0.000000e+00
232 458 1.038570e-03 4.134622e-03 0 1 5 1 1.304320e-13 0.000000e+00
232 459 1.038570e-03 5.205181e-03 0 1 5 1 6.821123e-14 0.000000e+00
232 460 1.038570e-03 6.552935e-03 0 1 5 1 3.783869e-14 0.000000e+00
232 461 1.038570e-03 8.249656e-03 0 1 5 1 2.224347e-14 0.000000e+00
233 451 1.307482e-03 8.249656e-04 0 1 5 1 2.656869e-12 0.000000e+00
233 452 1.307482e-03 1.038570e-03 0 1 5 1 4.434668e-12 0.000000e+00
233 453 1.307482e-03 1.307482e-03 0 1 5 1 0.000000e+00 0.000000e+00
233 454 1.307482e-03 1.646023e-03 0 1 5 1 3.917198e-12 0.000000e+00
233 455 1.307482e-03 2.072220e-03 0 1 5 1 1.903445e-12 0.000000e+00
233 456 1.307482e-03 2.608770e-03 0 1 5 1 8.997686e-13 0.000000e+00
233 457 1.307482e-03 3.284247e-03 0 1 5 1 4.280440e-13 0.000000e+00
233 458 1.307482e-03 4.134622e-03 0 1 5 1 2.104605e-13 0.000000e+00
233 459 1.307482e-03 5.205181e-03 0 1 5 1 1.090971e-13 0.000000e+00
233 460 1.307482e-03 6.552935e-03 0 1 5 1 6.020818e-14 0.000000e+00
233 461 1.307482e-03 8.249656e-03 0 1 5 1 3.530043e-14 0.000000e+00
234 451 1.646023e-03 8.249656e-04 0 1 5 1 1.366353e-12 0.000000e+00
234 452 1.646023e-03 1.038570e-03 0 1 5 1 2.281681e-12 0.000000e+00
234 453 1.646023e-03 1.307482e-03 0 1 5 1 3.917198e-12 0.000000e+00
234 454 1.646023e-03 1.646023e-03 0 1 5 1 0.000000e+00 0.000000e+00
234 455 1.646023e-03 2.072220e-03 0 1 5 1 3.374687e-12 0.000000e+00
234 456 1.646023e-03 2.608770e-03 0 1 5 1 1.551467e-12 0.000000e+00
234 457 1.646023e-03 3.284247e-03 0 1 5 1 7.158417e-13 0.000000e+00
234 458 1.646023e-03 4.134622e-03 0 1 5 1 3.437984e-13 0.000000e+00
234 459 1.646023e-03 5.205181e-03 0 1 5 1 1.755276e-13 0.000000e+00
234 460 1.646023e-03 6.552935e-03 0 1 5 1 9.604441e-14 0.000000e+00
234 461 1.646023e-03 8.249656e-03 0 1 5 1 5.608686e-14 0.000000e+00
235 451 2.072220e-03 8.249656e-04 0 1 5 1 6.784026e-13 0.000000e+00
235 452 2.072220e-03 1.038570e-03 0 1 5 1 1.121052e-12 0.000000e+00
235 453 2.072220e-03 1.307482e-03 0 1 5 1 1.903445e-12 0.000000e+00
235 454 2.072220e-03 1.646023e-03 0 1 5 1 3.374687e-12 0.000000e+00
235 455 2.072220e-03 2.072220e-03 0 1 5 1 0.000000e+00 0.000000e+00
235 456 2.072220e-03 2.608770e-03 0 1 5 1 2.845586e-12 0.000000e+00
235 457 2.072220e-03 3.284247e-03 0 1 5 1 1.247990e-12 0.000000e+00
235 458 2.072220e-03 4.134622e-03 0 1 5 1 5.745003e-13 0.000000e+00
235 459 2.072220e-03 5.205181e-03 0 1 5 1 2.854748e-13 0.000000e+00
235 460 2.072220e-03 6.552935e-03 0 1 5 1 1.539045e-13 0.000000e+00
235 461 2.072220e-03 8.249656e-03 0 1 5 1 8.923878e-14 0.000000e+00
236 451 2.608770e-03 8.249656e-04 0 1 5 1 3.309400e-13 0.000000e+00
236 452 2.608770e-03 1.038570e-03 0 1 5 1 5.403302e-13 0.000000e+00
236 453 2.608770e-03 1.307482e-03 0 1 5 1 8.997686e-13 0.000000e+00
236 454 2.608770e-03 1.646023e-03 0 1 5 1 1.551467e-12 0.000000e+00
236 455 2.608770e-03 2.072220e-03 0 1 5 1 2.845586e-12 0.000000e+00
236 456 2.608770e-03 2.608770e-03 0 1 5 1 0.000000e+00 0.000000e+00
236 457 2.608770e-03 3.284247e-03 0 1 5 1 2.362259e-12 0.000000e+00
236 458 2.608770e-03 4.134622e-03 0 1 5 1 1.004837e-12 0.000000e+00
236 459 2.608770e-03 5.205181e-03 0 1 5 1 4.740684e-13 0.000000e+00
236 460 2.608770e-03 6.552935e-03 0 1 5 1 2.486789e-13 0.000000e+00
236 461 2.608770e-03 8.249656e-03 0 1 5 1 1.424013e-13 0.000000e+00
237 451 3.284247e-03 8.249656e-04 0 1 5 1 1.619998e-13 0.000000e+00
237 452 3.284247e-03 1.038570e-03 0 1 5 1 2.616884e-13 0.000000e+00
237 453 3.284247e-03 1.307482e-03 0 1 5 1 4.280440e-13 0.000000e+00
237 454 3.284247e-03 1.646023e-03 0 1 5 1 7.158417e-13 0.000000e+00
237 455 3.284247e-03 2.072220e-03 0 1 5 1 1.247990e-12 0.000000e+00
237 456 3.284247e-03 2.608770e-03 0 1 5 1 2.362259e-12 0.000000e+00
237 457 3.284247e-03 3.284247e-03 0 1 5 1 0.000000e+00 0.000000e+00
237 458 3.284247e-03 4.134622e-03 0 1 5 1 1.946899e-12 0.000000e+00
237 459 3.284247e-03 5.205181e-03 0 1 5 1 8.237773e-13 0.000000e+00
237 460 3.284247e-03 6.552935e-03 0 1 5 1 4.086810e-13 0.000000e+00
237 461 3.284247e-03 8.249656e-03 0 1 5 1 2.284847e-13 0.000000e+00
238 451 4.134622e-03 8.249656e-04 0 1 5 1 8.141336e-14 0.000000e+00
238 452 4.134622e-03 1.038570e-03 0 1 5 1 1.304320e-13 0.000000e+00
238 453 4.134622e-03 1.307482e-03 0 1 5 1 2.104605e-13 0.000000e+00
238 454 4.134622e-03 1.646023e-03 0 1 5 1 3.437984e-13 0.000000e+00
238 455 4.134622e-03 2.072220e-03 0 1 5 1 5.745003e-13 0.000000e+00
238 456 4.134622e-03 2.608770e-03 0 1 5 1 1.004837e-12 0.000000e+00
238 457 4.134622e-03 3.284247e-03 0 1 5 1 1.946899e-12 0.000000e+00
238 458 4.134622e-03 4.134622e-03 0 1 5 1 0.000000e+00 0.000000e+00
238 459 4.134622e-03 5.205181e-03 0 1 5 1 1.610413e-12 0.000000e+00
238 460 4.134622e-03 6.552935e-03 0 1 5 1 6.991841e-13 0.000000e+00
238 461 4.134622e-03 8.249656e-03 0 1 5 1 3.709986e-13 0.000000e+00
239 451 5.205181e-03 8.249656e-04 0 1 5 1 4.280249e-14 0.000000e+00
239 452 5.205181e-03 1.038570e-03 0 1 5 1 6.821123e-14 0.000000e+00
239 453 5.205181e-03 1.307482e-03 0 1 5 1 1.090971e-13 0.000000e+00
239 454 5.205181e-03 1.646023e-03 0 1 5 1 1.755276e-13 0.000000e+00
239 455 5.205181e-03 2.072220e-03 0 1 5 1 2.854748e-13 0.000000e+00
239 456 5.205181e-03 2.608770e-03 0 1 5 1 4.740684e-13 0.000000e+00
239 457 5.205181e-03 3.284247e-03 0 1 5 1 8.237773e-13 0.000000e+00
239 458 5.205181e-03 4.134622e-03 0 1 5 1 1.610413e-12 0.000000e+00
239 459 5.205181e-03 5.205181e-03 0 1 5 1 0.000000e+00 0.000000e+00
239 460 5.205181e-03 6.552935e-03 0 1 5 1 1.353775e-12 0.000000e+00
239 461 5.205181e-03 8.249656e-03 0 1 5 1 6.215604e-13 0.000000e+00
240 451 6.552935e-03 8.249656e-04 0 1 5 1 2.382119e-14 0.000000e+00
240 452 6.552935e-03 1.038570e-03 0 1 5 1 3.783869e-14 0.000000e+00
240 453 6.552935e-03 1.307482e-03 0 1 5 1 6.020818e-14 0.000000e+00
240 454 6.552935e-03 1.646023e-03 0 1 5 1 9.604441e-14 0.000000e+00
240 455 6.552935e-03 2.072220e-03 0 1 5 1 1.539045e-13 0.000000e+00
240 456 6.552935e-03 2.608770e-03 0 1 5 1 2.486789e-13 0.000000e+00
240 457 6.552935e-03 3.284247e-03 0 1 5 1 4.086810e-13 0.000000e+00
240 458 6.552935e-03 4.134622e-03 0 1 5 1 6.991841e-13 0.000000e+00
240 459 6.552935e-03 5.205181e-03 0 1 5 1 1.353775e-12 0.000000e+00
240 460 6.552935e-03 6.552935e-03 0 1 5 1 0.000000e+00 0.000000e+00
240 461 6.552935e-03 8.249656e-03 0 1 5 1 1.170711e-12 0.000000e+00
241 451 8.249656e-03 8.249656e-04 0 1 5 1 1.401944e-14 0.000000e+00
241 452 8.249656e-03 1.038570e-03 0 1 5 1 2.224347e-14 0.000000e+00
241 453 8.249656e-03 1.307482e-03 0 1 5 1 3.530043e-14 0.000000e+00
241 454 8.249656e-03 1.646023e-03 0 1 5 1 5.608686e-14 0.000000e+00
241 455 8.249656e-03 2.072220e-03 0 1 5 1 8.923878e-14 0.000000e+00
241 456 8.249656e-03 2.608770e-03 0 1 5 1 1.424013e-13 0.000000e+00
241 457 8.249656e-03 3.284247e-03 0 1 5 1 2.284847e-13 0.000000e+00
241 458 8.249656e-03 4.134622e-03 0 1 5 1 3.709986e-13 0.000000e+00
241 459 8.249656e-03 5.205181e-03 0 1 5 1 6.215604e-13 0.000000e+00
241 460 8.249656e-03 6.552935e-03 0 1 5 1 1.170711e-12 0.000000e+00
241 461 8.249656e-03 8.249656e-03 0 1 5 1 0.000000e+00 0.000000e+00
