# Please cite the following papers in research using this covariance:
# arXiv: 1601.05779, https://arxiv.org/abs/1601.05779
# arXiv: 1911.11947, https://arxiv.org/abs/1911.11947
# arXiv: 2004.04833, https://arxiv.org/abs/2004.04833
# arXiv: 1804.10663, https://arxiv.org/abs/1804.10663
########################################################
308 385 8.249656e-04 8.249656e-04 2 0 3 3 0.000000e+00 0.000000e+00
308 386 8.249656e-04 1.038570e-03 2 0 3 3 2.034351e-13 0.000000e+00
308 387 8.249656e-04 1.307482e-03 2 0 3 3 1.660002e-13 0.000000e+00
308 388 8.249656e-04 1.646023e-03 2 0 3 3 1.240633e-13 0.000000e+00
308 389 8.249656e-04 2.072220e-03 2 0 3 3 8.933920e-14 0.000000e+00
308 390 8.249656e-04 2.608770e-03 2 0 3 3 6.382529e-14 0.000000e+00
308 391 8.249656e-04 3.284247e-03 2 0 3 3 4.605490e-14 0.000000e+00
308 392 8.249656e-04 4.134622e-03 2 0 3 3 3.385900e-14 0.000000e+00
308 393 8.249656e-04 5.205181e-03 2 0 3 3 2.537597e-14 0.000000e+00
308 394 8.249656e-04 6.552935e-03 2 0 3 3 1.927954e-14 0.000000e+00
308 395 8.249656e-04 8.249656e-03 2 0 3 3 1.472014e-14 0.000000e+00
309 385 1.038570e-03 8.249656e-04 2 0 3 3 2.034351e-13 0.000000e+00
309 386 1.038570e-03 1.038570e-03 2 0 3 3 0.000000e+00 0.000000e+00
309 387 1.038570e-03 1.307482e-03 2 0 3 3 2.393637e-13 0.000000e+00
309 388 1.038570e-03 1.646023e-03 2 0 3 3 1.894516e-13 0.000000e+00
309 389 1.038570e-03 2.072220e-03 2 0 3 3 1.392709e-13 0.000000e+00
309 390 1.038570e-03 2.608770e-03 2 0 3 3 1.002757e-13 0.000000e+00
309 391 1.038570e-03 3.284247e-03 2 0 3 3 7.258641e-14 0.000000e+00
309 392 1.038570e-03 4.134622e-03 2 0 3 3 5.345074e-14 0.000000e+00
309 393 1.038570e-03 5.205181e-03 2 0 3 3 4.010256e-14 0.000000e+00
309 394 1.038570e-03 6.552935e-03 2 0 3 3 3.049392e-14 0.000000e+00
309 395 1.038570e-03 8.249656e-03 2 0 3 3 2.329762e-14 0.000000e+00
310 385 1.307482e-03 8.249656e-04 2 0 3 3 1.660002e-13 0.000000e+00
310 386 1.307482e-03 1.038570e-03 2 0 3 3 2.393637e-13 0.000000e+00
310 387 1.307482e-03 1.307482e-03 2 0 3 3 0.000000e+00 0.000000e+00
310 388 1.307482e-03 1.646023e-03 2 0 3 3 2.761953e-13 0.000000e+00
310 389 1.307482e-03 2.072220e-03 2 0 3 3 2.138522e-13 0.000000e+00
310 390 1.307482e-03 2.608770e-03 2 0 3 3 1.565439e-13 0.000000e+00
310 391 1.307482e-03 3.284247e-03 2 0 3 3 1.139968e-13 0.000000e+00
310 392 1.307482e-03 4.134622e-03 2 0 3 3 8.417636e-14 0.000000e+00
310 393 1.307482e-03 5.205181e-03 2 0 3 3 6.326682e-14 0.000000e+00
310 394 1.307482e-03 6.552935e-03 2 0 3 3 4.817339e-14 0.000000e+00
310 395 1.307482e-03 8.249656e-03 2 0 3 3 3.684323e-14 0.000000e+00
311 385 1.646023e-03 8.249656e-04 2 0 3 3 1.240633e-13 0.000000e+00
311 386 1.646023e-03 1.038570e-03 2 0 3 3 1.894516e-13 0.000000e+00
311 387 1.646023e-03 1.307482e-03 2 0 3 3 2.761953e-13 0.000000e+00
311 388 1.646023e-03 1.646023e-03 2 0 3 3 0.000000e+00 0.000000e+00
311 389 1.646023e-03 2.072220e-03 2 0 3 3 3.150331e-13 0.000000e+00
311 390 1.646023e-03 2.608770e-03 2 0 3 3 2.411879e-13 0.000000e+00
311 391 1.646023e-03 3.284247e-03 2 0 3 3 1.779188e-13 0.000000e+00
311 392 1.646023e-03 4.134622e-03 2 0 3 3 1.320412e-13 0.000000e+00
311 393 1.646023e-03 5.205181e-03 2 0 3 3 9.953493e-14 0.000000e+00
311 394 1.646023e-03 6.552935e-03 2 0 3 3 7.595567e-14 0.000000e+00
311 395 1.646023e-03 8.249656e-03 2 0 3 3 5.818832e-14 0.000000e+00
312 385 2.072220e-03 8.249656e-04 2 0 3 3 8.933920e-14 0.000000e+00
312 386 2.072220e-03 1.038570e-03 2 0 3 3 1.392709e-13 0.000000e+00
312 387 2.072220e-03 1.307482e-03 2 0 3 3 2.138522e-13 0.000000e+00
312 388 2.072220e-03 1.646023e-03 2 0 3 3 3.150331e-13 0.000000e+00
312 389 2.072220e-03 2.072220e-03 2 0 3 3 0.000000e+00 0.000000e+00
312 390 2.072220e-03 2.608770e-03 2 0 3 3 3.582423e-13 0.000000e+00
312 391 2.072220e-03 3.284247e-03 2 0 3 3 2.743102e-13 0.000000e+00
312 392 2.072220e-03 4.134622e-03 2 0 3 3 2.057350e-13 0.000000e+00
312 393 2.072220e-03 5.205181e-03 2 0 3 3 1.558850e-13 0.000000e+00
312 394 2.072220e-03 6.552935e-03 2 0 3 3 1.193858e-13 0.000000e+00
312 395 2.072220e-03 8.249656e-03 2 0 3 3 9.170690e-14 0.000000e+00
313 385 2.608770e-03 8.249656e-04 2 0 3 3 6.382529e-14 0.000000e+00
313 386 2.608770e-03 1.038570e-03 2 0 3 3 1.002757e-13 0.000000e+00
313 387 2.608770e-03 1.307482e-03 2 0 3 3 1.565439e-13 0.000000e+00
313 388 2.608770e-03 1.646023e-03 2 0 3 3 2.411879e-13 0.000000e+00
313 389 2.608770e-03 2.072220e-03 2 0 3 3 3.582423e-13 0.000000e+00
313 390 2.608770e-03 2.608770e-03 2 0 3 3 0.000000e+00 0.000000e+00
313 391 2.608770e-03 3.284247e-03 2 0 3 3 4.093589e-13 0.000000e+00
313 392 2.608770e-03 4.134622e-03 2 0 3 3 3.166086e-13 0.000000e+00
313 393 2.608770e-03 5.205181e-03 2 0 3 3 2.422863e-13 0.000000e+00
313 394 2.608770e-03 6.552935e-03 2 0 3 3 1.866870e-13 0.000000e+00
313 395 2.608770e-03 8.249656e-03 2 0 3 3 1.440410e-13 0.000000e+00
314 385 3.284247e-03 8.249656e-04 2 0 3 3 4.605490e-14 0.000000e+00
314 386 3.284247e-03 1.038570e-03 2 0 3 3 7.258641e-14 0.000000e+00
314 387 3.284247e-03 1.307482e-03 2 0 3 3 1.139968e-13 0.000000e+00
314 388 3.284247e-03 1.646023e-03 2 0 3 3 1.779188e-13 0.000000e+00
314 389 3.284247e-03 2.072220e-03 2 0 3 3 2.743102e-13 0.000000e+00
314 390 3.284247e-03 2.608770e-03 2 0 3 3 4.093589e-13 0.000000e+00
314 391 3.284247e-03 3.284247e-03 2 0 3 3 0.000000e+00 0.000000e+00
314 392 3.284247e-03 4.134622e-03 2 0 3 3 4.727497e-13 0.000000e+00
314 393 3.284247e-03 5.205181e-03 2 0 3 3 3.715292e-13 0.000000e+00
314 394 3.284247e-03 6.552935e-03 2 0 3 3 2.894236e-13 0.000000e+00
314 395 3.284247e-03 8.249656e-03 2 0 3 3 2.249718e-13 0.000000e+00
315 385 4.134622e-03 8.249656e-04 2 0 3 3 3.385900e-14 0.000000e+00
315 386 4.134622e-03 1.038570e-03 2 0 3 3 5.345074e-14 0.000000e+00
315 387 4.134622e-03 1.307482e-03 2 0 3 3 8.417636e-14 0.000000e+00
315 388 4.134622e-03 1.646023e-03 2 0 3 3 1.320412e-13 0.000000e+00
315 389 4.134622e-03 2.072220e-03 2 0 3 3 2.057350e-13 0.000000e+00
315 390 4.134622e-03 2.608770e-03 2 0 3 3 3.166086e-13 0.000000e+00
315 391 4.134622e-03 3.284247e-03 2 0 3 3 4.727497e-13 0.000000e+00
315 392 4.134622e-03 4.134622e-03 2 0 3 3 0.000000e+00 0.000000e+00
315 393 4.134622e-03 5.205181e-03 2 0 3 3 5.530486e-13 0.000000e+00
315 394 4.134622e-03 6.552935e-03 2 0 3 3 4.419714e-13 0.000000e+00
315 395 4.134622e-03 8.249656e-03 2 0 3 3 3.480517e-13 0.000000e+00
316 385 5.205181e-03 8.249656e-04 2 0 3 3 2.537597e-14 0.000000e+00
316 386 5.205181e-03 1.038570e-03 2 0 3 3 4.010256e-14 0.000000e+00
316 387 5.205181e-03 1.307482e-03 2 0 3 3 6.326682e-14 0.000000e+00
316 388 5.205181e-03 1.646023e-03 2 0 3 3 9.953493e-14 0.000000e+00
316 389 5.205181e-03 2.072220e-03 2 0 3 3 1.558850e-13 0.000000e+00
316 390 5.205181e-03 2.608770e-03 2 0 3 3 2.422863e-13 0.000000e+00
316 391 5.205181e-03 3.284247e-03 2 0 3 3 3.715292e-13 0.000000e+00
316 392 5.205181e-03 4.134622e-03 2 0 3 3 5.530486e-13 0.000000e+00
316 393 5.205181e-03 5.205181e-03 2 0 3 3 0.000000e+00 0.000000e+00
316 394 5.205181e-03 6.552935e-03 2 0 3 3 6.543549e-13 0.000000e+00
316 395 5.205181e-03 8.249656e-03 2 0 3 3 5.295128e-13 0.000000e+00
317 385 6.552935e-03 8.249656e-04 2 0 3 3 1.927954e-14 0.000000e+00
317 386 6.552935e-03 1.038570e-03 2 0 3 3 3.049392e-14 0.000000e+00
317 387 6.552935e-03 1.307482e-03 2 0 3 3 4.817339e-14 0.000000e+00
317 388 6.552935e-03 1.646023e-03 2 0 3 3 7.595567e-14 0.000000e+00
317 389 6.552935e-03 2.072220e-03 2 0 3 3 1.193858e-13 0.000000e+00
317 390 6.552935e-03 2.608770e-03 2 0 3 3 1.866870e-13 0.000000e+00
317 391 6.552935e-03 3.284247e-03 2 0 3 3 2.894236e-13 0.000000e+00
317 392 6.552935e-03 4.134622e-03 2 0 3 3 4.419714e-13 0.000000e+00
317 393 6.552935e-03 5.205181e-03 2 0 3 3 6.543549e-13 0.000000e+00
317 394 6.552935e-03 6.552935e-03 2 0 3 3 0.000000e+00 0.000000e+00
317 395 6.552935e-03 8.249656e-03 2 0 3 3 7.791464e-13 0.000000e+00
318 385 8.249656e-03 8.249656e-04 2 0 3 3 1.472014e-14 0.000000e+00
318 386 8.249656e-03 1.038570e-03 2 0 3 3 2.329762e-14 0.000000e+00
318 387 8.249656e-03 1.307482e-03 2 0 3 3 3.684323e-14 0.000000e+00
318 388 8.249656e-03 1.646023e-03 2 0 3 3 5.818832e-14 0.000000e+00
318 389 8.249656e-03 2.072220e-03 2 0 3 3 9.170690e-14 0.000000e+00
318 390 8.249656e-03 2.608770e-03 2 0 3 3 1.440410e-13 0.000000e+00
318 391 8.249656e-03 3.284247e-03 2 0 3 3 2.249718e-13 0.000000e+00
318 392 8.249656e-03 4.134622e-03 2 0 3 3 3.480517e-13 0.000000e+00
318 393 8.249656e-03 5.205181e-03 2 0 3 3 5.295128e-13 0.000000e+00
318 394 8.249656e-03 6.552935e-03 2 0 3 3 7.791464e-13 0.000000e+00
318 395 8.249656e-03 8.249656e-03 2 0 3 3 0.000000e+00 0.000000e+00
