# Please cite the following papers in research using this covariance:
# arXiv: 1601.05779, https://arxiv.org/abs/1601.05779
# arXiv: 1911.11947, https://arxiv.org/abs/1911.11947
# arXiv: 2004.04833, https://arxiv.org/abs/2004.04833
# arXiv: 1804.10663, https://arxiv.org/abs/1804.10663
########################################################
308 374 8.249656e-04 8.249656e-04 2 0 3 2 0.000000e+00 0.000000e+00
308 375 8.249656e-04 1.038570e-03 2 0 3 2 1.612490e-13 0.000000e+00
308 376 8.249656e-04 1.307482e-03 2 0 3 2 1.334317e-13 0.000000e+00
308 377 8.249656e-04 1.646023e-03 2 0 3 2 1.009036e-13 0.000000e+00
308 378 8.249656e-04 2.072220e-03 2 0 3 2 7.320021e-14 0.000000e+00
308 379 8.249656e-04 2.608770e-03 2 0 3 2 5.243042e-14 0.000000e+00
308 380 8.249656e-04 3.284247e-03 2 0 3 2 3.776436e-14 0.000000e+00
308 381 8.249656e-04 4.134622e-03 2 0 3 2 2.761831e-14 0.000000e+00
308 382 8.249656e-04 5.205181e-03 2 0 3 2 2.054213e-14 0.000000e+00
308 383 8.249656e-04 6.552935e-03 2 0 3 2 1.547209e-14 0.000000e+00
308 384 8.249656e-04 8.249656e-03 2 0 3 2 1.171153e-14 0.000000e+00
309 374 1.038570e-03 8.249656e-04 2 0 3 2 1.612490e-13 0.000000e+00
309 375 1.038570e-03 1.038570e-03 2 0 3 2 0.000000e+00 0.000000e+00
309 376 1.038570e-03 1.307482e-03 2 0 3 2 1.917179e-13 0.000000e+00
309 377 1.038570e-03 1.646023e-03 2 0 3 2 1.536826e-13 0.000000e+00
309 378 1.038570e-03 2.072220e-03 2 0 3 2 1.139655e-13 0.000000e+00
309 379 1.038570e-03 2.608770e-03 2 0 3 2 8.233532e-14 0.000000e+00
309 380 1.038570e-03 3.284247e-03 2 0 3 2 5.951539e-14 0.000000e+00
309 381 1.038570e-03 4.134622e-03 2 0 3 2 4.360155e-14 0.000000e+00
309 382 1.038570e-03 5.205181e-03 2 0 3 2 3.246630e-14 0.000000e+00
309 383 1.038570e-03 6.552935e-03 2 0 3 2 2.447357e-14 0.000000e+00
309 384 1.038570e-03 8.249656e-03 2 0 3 2 1.853693e-14 0.000000e+00
310 374 1.307482e-03 8.249656e-04 2 0 3 2 1.334317e-13 0.000000e+00
310 375 1.307482e-03 1.038570e-03 2 0 3 2 1.917179e-13 0.000000e+00
310 376 1.307482e-03 1.307482e-03 2 0 3 2 0.000000e+00 0.000000e+00
310 377 1.307482e-03 1.646023e-03 2 0 3 2 2.231413e-13 0.000000e+00
310 378 1.307482e-03 2.072220e-03 2 0 3 2 1.745886e-13 0.000000e+00
310 379 1.307482e-03 2.608770e-03 2 0 3 2 1.284258e-13 0.000000e+00
310 380 1.307482e-03 3.284247e-03 2 0 3 2 9.345384e-14 0.000000e+00
310 381 1.307482e-03 4.134622e-03 2 0 3 2 6.867118e-14 0.000000e+00
310 382 1.307482e-03 5.205181e-03 2 0 3 2 5.122661e-14 0.000000e+00
310 383 1.307482e-03 6.552935e-03 2 0 3 2 3.866709e-14 0.000000e+00
310 384 1.307482e-03 8.249656e-03 2 0 3 2 2.931722e-14 0.000000e+00
311 374 1.646023e-03 8.249656e-04 2 0 3 2 1.009036e-13 0.000000e+00
311 375 1.646023e-03 1.038570e-03 2 0 3 2 1.536826e-13 0.000000e+00
311 376 1.646023e-03 1.307482e-03 2 0 3 2 2.231413e-13 0.000000e+00
311 377 1.646023e-03 1.646023e-03 2 0 3 2 0.000000e+00 0.000000e+00
311 378 1.646023e-03 2.072220e-03 2 0 3 2 2.561395e-13 0.000000e+00
311 379 1.646023e-03 2.608770e-03 2 0 3 2 1.975221e-13 0.000000e+00
311 380 1.646023e-03 3.284247e-03 2 0 3 2 1.458021e-13 0.000000e+00
311 381 1.646023e-03 4.134622e-03 2 0 3 2 1.077306e-13 0.000000e+00
311 382 1.646023e-03 5.205181e-03 2 0 3 2 8.060945e-14 0.000000e+00
311 383 1.646023e-03 6.552935e-03 2 0 3 2 6.097817e-14 0.000000e+00
311 384 1.646023e-03 8.249656e-03 2 0 3 2 4.630868e-14 0.000000e+00
312 374 2.072220e-03 8.249656e-04 2 0 3 2 7.320021e-14 0.000000e+00
312 375 2.072220e-03 1.038570e-03 2 0 3 2 1.139655e-13 0.000000e+00
312 376 2.072220e-03 1.307482e-03 2 0 3 2 1.745886e-13 0.000000e+00
312 377 2.072220e-03 1.646023e-03 2 0 3 2 2.561395e-13 0.000000e+00
312 378 2.072220e-03 2.072220e-03 2 0 3 2 0.000000e+00 0.000000e+00
312 379 2.072220e-03 2.608770e-03 2 0 3 2 2.923215e-13 0.000000e+00
312 380 2.072220e-03 3.284247e-03 2 0 3 2 2.245752e-13 0.000000e+00
312 381 2.072220e-03 4.134622e-03 2 0 3 2 1.678697e-13 0.000000e+00
312 382 2.072220e-03 5.205181e-03 2 0 3 2 1.262850e-13 0.000000e+00
312 383 2.072220e-03 6.552935e-03 2 0 3 2 9.587241e-14 0.000000e+00
312 384 2.072220e-03 8.249656e-03 2 0 3 2 7.300044e-14 0.000000e+00
313 374 2.608770e-03 8.249656e-04 2 0 3 2 5.243042e-14 0.000000e+00
313 375 2.608770e-03 1.038570e-03 2 0 3 2 8.233532e-14 0.000000e+00
313 376 2.608770e-03 1.307482e-03 2 0 3 2 1.284258e-13 0.000000e+00
313 377 2.608770e-03 1.646023e-03 2 0 3 2 1.975221e-13 0.000000e+00
313 378 2.608770e-03 2.072220e-03 2 0 3 2 2.923215e-13 0.000000e+00
313 379 2.608770e-03 2.608770e-03 2 0 3 2 0.000000e+00 0.000000e+00
313 380 2.608770e-03 3.284247e-03 2 0 3 2 3.342340e-13 0.000000e+00
313 381 2.608770e-03 4.134622e-03 2 0 3 2 2.582901e-13 0.000000e+00
313 382 2.608770e-03 5.205181e-03 2 0 3 2 1.963679e-13 0.000000e+00
313 383 2.608770e-03 6.552935e-03 2 0 3 2 1.499873e-13 0.000000e+00
313 384 2.608770e-03 8.249656e-03 2 0 3 2 1.146999e-13 0.000000e+00
314 374 3.284247e-03 8.249656e-04 2 0 3 2 3.776436e-14 0.000000e+00
314 375 3.284247e-03 1.038570e-03 2 0 3 2 5.951539e-14 0.000000e+00
314 376 3.284247e-03 1.307482e-03 2 0 3 2 9.345384e-14 0.000000e+00
314 377 3.284247e-03 1.646023e-03 2 0 3 2 1.458021e-13 0.000000e+00
314 378 3.284247e-03 2.072220e-03 2 0 3 2 2.245752e-13 0.000000e+00
314 379 3.284247e-03 2.608770e-03 2 0 3 2 3.342340e-13 0.000000e+00
314 380 3.284247e-03 3.284247e-03 2 0 3 2 0.000000e+00 0.000000e+00
314 381 3.284247e-03 4.134622e-03 2 0 3 2 3.850933e-13 0.000000e+00
314 382 3.284247e-03 5.205181e-03 2 0 3 2 3.012678e-13 0.000000e+00
314 383 3.284247e-03 6.552935e-03 2 0 3 2 2.326927e-13 0.000000e+00
314 384 3.284247e-03 8.249656e-03 2 0 3 2 1.792454e-13 0.000000e+00
315 374 4.134622e-03 8.249656e-04 2 0 3 2 2.761831e-14 0.000000e+00
315 375 4.134622e-03 1.038570e-03 2 0 3 2 4.360155e-14 0.000000e+00
315 376 4.134622e-03 1.307482e-03 2 0 3 2 6.867118e-14 0.000000e+00
315 377 4.134622e-03 1.646023e-03 2 0 3 2 1.077306e-13 0.000000e+00
315 378 4.134622e-03 2.072220e-03 2 0 3 2 1.678697e-13 0.000000e+00
315 379 4.134622e-03 2.608770e-03 2 0 3 2 2.582901e-13 0.000000e+00
315 380 4.134622e-03 3.284247e-03 2 0 3 2 3.850933e-13 0.000000e+00
315 381 4.134622e-03 4.134622e-03 2 0 3 2 0.000000e+00 0.000000e+00
315 382 4.134622e-03 5.205181e-03 2 0 3 2 4.483476e-13 0.000000e+00
315 383 4.134622e-03 6.552935e-03 2 0 3 2 3.557021e-13 0.000000e+00
315 384 4.134622e-03 8.249656e-03 2 0 3 2 2.775552e-13 0.000000e+00
316 374 5.205181e-03 8.249656e-04 2 0 3 2 2.054213e-14 0.000000e+00
316 375 5.205181e-03 1.038570e-03 2 0 3 2 3.246630e-14 0.000000e+00
316 376 5.205181e-03 1.307482e-03 2 0 3 2 5.122661e-14 0.000000e+00
316 377 5.205181e-03 1.646023e-03 2 0 3 2 8.060945e-14 0.000000e+00
316 378 5.205181e-03 2.072220e-03 2 0 3 2 1.262850e-13 0.000000e+00
316 379 5.205181e-03 2.608770e-03 2 0 3 2 1.963679e-13 0.000000e+00
316 380 5.205181e-03 3.284247e-03 2 0 3 2 3.012678e-13 0.000000e+00
316 381 5.205181e-03 4.134622e-03 2 0 3 2 4.483476e-13 0.000000e+00
316 382 5.205181e-03 5.205181e-03 2 0 3 2 0.000000e+00 0.000000e+00
316 383 5.205181e-03 6.552935e-03 2 0 3 2 5.270829e-13 0.000000e+00
316 384 5.205181e-03 8.249656e-03 2 0 3 2 4.228448e-13 0.000000e+00
317 374 6.552935e-03 8.249656e-04 2 0 3 2 1.547209e-14 0.000000e+00
317 375 6.552935e-03 1.038570e-03 2 0 3 2 2.447357e-14 0.000000e+00
317 376 6.552935e-03 1.307482e-03 2 0 3 2 3.866709e-14 0.000000e+00
317 377 6.552935e-03 1.646023e-03 2 0 3 2 6.097817e-14 0.000000e+00
317 378 6.552935e-03 2.072220e-03 2 0 3 2 9.587241e-14 0.000000e+00
317 379 6.552935e-03 2.608770e-03 2 0 3 2 1.499873e-13 0.000000e+00
317 380 6.552935e-03 3.284247e-03 2 0 3 2 2.326927e-13 0.000000e+00
317 381 6.552935e-03 4.134622e-03 2 0 3 2 3.557021e-13 0.000000e+00
317 382 6.552935e-03 5.205181e-03 2 0 3 2 5.270829e-13 0.000000e+00
317 383 6.552935e-03 6.552935e-03 2 0 3 2 0.000000e+00 0.000000e+00
317 384 6.552935e-03 8.249656e-03 2 0 3 2 6.232680e-13 0.000000e+00
318 374 8.249656e-03 8.249656e-04 2 0 3 2 1.171153e-14 0.000000e+00
318 375 8.249656e-03 1.038570e-03 2 0 3 2 1.853693e-14 0.000000e+00
318 376 8.249656e-03 1.307482e-03 2 0 3 2 2.931722e-14 0.000000e+00
318 377 8.249656e-03 1.646023e-03 2 0 3 2 4.630868e-14 0.000000e+00
318 378 8.249656e-03 2.072220e-03 2 0 3 2 7.300044e-14 0.000000e+00
318 379 8.249656e-03 2.608770e-03 2 0 3 2 1.146999e-13 0.000000e+00
318 380 8.249656e-03 3.284247e-03 2 0 3 2 1.792454e-13 0.000000e+00
318 381 8.249656e-03 4.134622e-03 2 0 3 2 2.775552e-13 0.000000e+00
318 382 8.249656e-03 5.205181e-03 2 0 3 2 4.228448e-13 0.000000e+00
318 383 8.249656e-03 6.552935e-03 2 0 3 2 6.232680e-13 0.000000e+00
318 384 8.249656e-03 8.249656e-03 2 0 3 2 0.000000e+00 0.000000e+00
