# Please cite the following papers in research using this covariance:
# arXiv: 1601.05779, https://arxiv.org/abs/1601.05779
# arXiv: 1911.11947, https://arxiv.org/abs/1911.11947
# arXiv: 2004.04833, https://arxiv.org/abs/2004.04833
# arXiv: 1804.10663, https://arxiv.org/abs/1804.10663
########################################################
363 451 8.249656e-04 8.249656e-04 3 1 5 1 0.000000e+00 0.000000e+00
363 452 8.249656e-04 1.038570e-03 3 1 5 1 7.602621e-12 0.000000e+00
363 453 8.249656e-04 1.307482e-03 3 1 5 1 3.219019e-12 0.000000e+00
363 454 8.249656e-04 1.646023e-03 3 1 5 1 1.515366e-12 0.000000e+00
363 455 8.249656e-04 2.072220e-03 3 1 5 1 7.834452e-13 0.000000e+00
363 456 8.249656e-04 2.608770e-03 3 1 5 1 4.346819e-13 0.000000e+00
363 457 8.249656e-04 3.284247e-03 3 1 5 1 2.528652e-13 0.000000e+00
363 458 8.249656e-04 4.134622e-03 3 1 5 1 1.510606e-13 0.000000e+00
363 459 8.249656e-04 5.205181e-03 3 1 5 1 9.109153e-14 0.000000e+00
363 460 8.249656e-04 6.552935e-03 3 1 5 1 5.479237e-14 0.000000e+00
363 461 8.249656e-04 8.249656e-03 3 1 5 1 3.254790e-14 0.000000e+00
364 451 1.038570e-03 8.249656e-04 3 1 5 1 7.602621e-12 0.000000e+00
364 452 1.038570e-03 1.038570e-03 3 1 5 1 0.000000e+00 0.000000e+00
364 453 1.038570e-03 1.307482e-03 3 1 5 1 6.252177e-12 0.000000e+00
364 454 1.038570e-03 1.646023e-03 3 1 5 1 2.630772e-12 0.000000e+00
364 455 1.038570e-03 2.072220e-03 3 1 5 1 1.289630e-12 0.000000e+00
364 456 1.038570e-03 2.608770e-03 3 1 5 1 6.992415e-13 0.000000e+00
364 457 1.038570e-03 3.284247e-03 3 1 5 1 4.030171e-13 0.000000e+00
364 458 1.038570e-03 4.134622e-03 3 1 5 1 2.398896e-13 0.000000e+00
364 459 1.038570e-03 5.205181e-03 3 1 5 1 1.445126e-13 0.000000e+00
364 460 1.038570e-03 6.552935e-03 3 1 5 1 8.687875e-14 0.000000e+00
364 461 1.038570e-03 8.249656e-03 3 1 5 1 5.162005e-14 0.000000e+00
365 451 1.307482e-03 8.249656e-04 3 1 5 1 3.219019e-12 0.000000e+00
365 452 1.307482e-03 1.038570e-03 3 1 5 1 6.252177e-12 0.000000e+00
365 453 1.307482e-03 1.307482e-03 3 1 5 1 0.000000e+00 0.000000e+00
365 454 1.307482e-03 1.646023e-03 3 1 5 1 5.151652e-12 0.000000e+00
365 455 1.307482e-03 2.072220e-03 3 1 5 1 2.209865e-12 0.000000e+00
365 456 1.307482e-03 2.608770e-03 3 1 5 1 1.139881e-12 0.000000e+00
365 457 1.307482e-03 3.284247e-03 3 1 5 1 6.451630e-13 0.000000e+00
365 458 1.307482e-03 4.134622e-03 3 1 5 1 3.816091e-13 0.000000e+00
365 459 1.307482e-03 5.205181e-03 3 1 5 1 2.294204e-13 0.000000e+00
365 460 1.307482e-03 6.552935e-03 3 1 5 1 1.378274e-13 0.000000e+00
365 461 1.307482e-03 8.249656e-03 3 1 5 1 8.186522e-14 0.000000e+00
366 451 1.646023e-03 8.249656e-04 3 1 5 1 1.515366e-12 0.000000e+00
366 452 1.646023e-03 1.038570e-03 3 1 5 1 2.630772e-12 0.000000e+00
366 453 1.646023e-03 1.307482e-03 3 1 5 1 5.151652e-12 0.000000e+00
366 454 1.646023e-03 1.646023e-03 3 1 5 1 0.000000e+00 0.000000e+00
366 455 1.646023e-03 2.072220e-03 3 1 5 1 4.294239e-12 0.000000e+00
366 456 1.646023e-03 2.608770e-03 3 1 5 1 1.920752e-12 0.000000e+00
366 457 1.646023e-03 3.284247e-03 3 1 5 1 1.042583e-12 0.000000e+00
366 458 1.646023e-03 4.134622e-03 3 1 5 1 6.088360e-13 0.000000e+00
366 459 1.646023e-03 5.205181e-03 3 1 5 1 3.645832e-13 0.000000e+00
366 460 1.646023e-03 6.552935e-03 3 1 5 1 2.187790e-13 0.000000e+00
366 461 1.646023e-03 8.249656e-03 3 1 5 1 1.299143e-13 0.000000e+00
367 451 2.072220e-03 8.249656e-04 3 1 5 1 7.834452e-13 0.000000e+00
367 452 2.072220e-03 1.038570e-03 3 1 5 1 1.289630e-12 0.000000e+00
367 453 2.072220e-03 1.307482e-03 3 1 5 1 2.209865e-12 0.000000e+00
367 454 2.072220e-03 1.646023e-03 3 1 5 1 4.294239e-12 0.000000e+00
367 455 2.072220e-03 2.072220e-03 3 1 5 1 0.000000e+00 0.000000e+00
367 456 2.072220e-03 2.608770e-03 3 1 5 1 3.651769e-12 0.000000e+00
367 457 2.072220e-03 3.284247e-03 3 1 5 1 1.727472e-12 0.000000e+00
367 458 2.072220e-03 4.134622e-03 3 1 5 1 9.775333e-13 0.000000e+00
367 459 2.072220e-03 5.205181e-03 3 1 5 1 5.805769e-13 0.000000e+00
367 460 2.072220e-03 6.552935e-03 3 1 5 1 3.476254e-13 0.000000e+00
367 461 2.072220e-03 8.249656e-03 3 1 5 1 2.062873e-13 0.000000e+00
368 451 2.608770e-03 8.249656e-04 3 1 5 1 4.346819e-13 0.000000e+00
368 452 2.608770e-03 1.038570e-03 3 1 5 1 6.992415e-13 0.000000e+00
368 453 2.608770e-03 1.307482e-03 3 1 5 1 1.139881e-12 0.000000e+00
368 454 2.608770e-03 1.646023e-03 3 1 5 1 1.920752e-12 0.000000e+00
368 455 2.608770e-03 2.072220e-03 3 1 5 1 3.651769e-12 0.000000e+00
368 456 2.608770e-03 2.608770e-03 3 1 5 1 0.000000e+00 0.000000e+00
368 457 2.608770e-03 3.284247e-03 3 1 5 1 3.184221e-12 0.000000e+00
368 458 2.608770e-03 4.134622e-03 3 1 5 1 1.597324e-12 0.000000e+00
368 459 2.608770e-03 5.205181e-03 3 1 5 1 9.285644e-13 0.000000e+00
368 460 2.608770e-03 6.552935e-03 3 1 5 1 5.533067e-13 0.000000e+00
368 461 2.608770e-03 8.249656e-03 3 1 5 1 3.279545e-13 0.000000e+00
369 451 3.284247e-03 8.249656e-04 3 1 5 1 2.528652e-13 0.000000e+00
369 452 3.284247e-03 1.038570e-03 3 1 5 1 4.030171e-13 0.000000e+00
369 453 3.284247e-03 1.307482e-03 3 1 5 1 6.451630e-13 0.000000e+00
369 454 3.284247e-03 1.646023e-03 3 1 5 1 1.042583e-12 0.000000e+00
369 455 3.284247e-03 2.072220e-03 3 1 5 1 1.727472e-12 0.000000e+00
369 456 3.284247e-03 2.608770e-03 3 1 5 1 3.184221e-12 0.000000e+00
369 457 3.284247e-03 3.284247e-03 3 1 5 1 0.000000e+00 0.000000e+00
369 458 3.284247e-03 4.134622e-03 3 1 5 1 2.848105e-12 0.000000e+00
369 459 3.284247e-03 5.205181e-03 3 1 5 1 1.503046e-12 0.000000e+00
369 460 3.284247e-03 6.552935e-03 3 1 5 1 8.836926e-13 0.000000e+00
369 461 3.284247e-03 8.249656e-03 3 1 5 1 5.223821e-13 0.000000e+00
370 451 4.134622e-03 8.249656e-04 3 1 5 1 1.510606e-13 0.000000e+00
370 452 4.134622e-03 1.038570e-03 3 1 5 1 2.398896e-13 0.000000e+00
370 453 4.134622e-03 1.307482e-03 3 1 5 1 3.816091e-13 0.000000e+00
370 454 4.134622e-03 1.646023e-03 3 1 5 1 6.088360e-13 0.000000e+00
370 455 4.134622e-03 2.072220e-03 3 1 5 1 9.775333e-13 0.000000e+00
370 456 4.134622e-03 2.608770e-03 3 1 5 1 1.597324e-12 0.000000e+00
370 457 4.134622e-03 3.284247e-03 3 1 5 1 2.848105e-12 0.000000e+00
370 458 4.134622e-03 4.134622e-03 3 1 5 1 0.000000e+00 0.000000e+00
370 459 4.134622e-03 5.205181e-03 3 1 5 1 2.602160e-12 0.000000e+00
370 460 4.134622e-03 6.552935e-03 3 1 5 1 1.423553e-12 0.000000e+00
370 461 4.134622e-03 8.249656e-03 3 1 5 1 8.348993e-13 0.000000e+00
371 451 5.205181e-03 8.249656e-04 3 1 5 1 9.109153e-14 0.000000e+00
371 452 5.205181e-03 1.038570e-03 3 1 5 1 1.445126e-13 0.000000e+00
371 453 5.205181e-03 1.307482e-03 3 1 5 1 2.294204e-13 0.000000e+00
371 454 5.205181e-03 1.646023e-03 3 1 5 1 3.645832e-13 0.000000e+00
371 455 5.205181e-03 2.072220e-03 3 1 5 1 5.805769e-13 0.000000e+00
371 456 5.205181e-03 2.608770e-03 3 1 5 1 9.285644e-13 0.000000e+00
371 457 5.205181e-03 3.284247e-03 3 1 5 1 1.503046e-12 0.000000e+00
371 458 5.205181e-03 4.134622e-03 3 1 5 1 2.602160e-12 0.000000e+00
371 459 5.205181e-03 5.205181e-03 3 1 5 1 0.000000e+00 0.000000e+00
371 460 5.205181e-03 6.552935e-03 3 1 5 1 2.410833e-12 0.000000e+00
371 461 5.205181e-03 8.249656e-03 3 1 5 1 1.344078e-12 0.000000e+00
372 451 6.552935e-03 8.249656e-04 3 1 5 1 5.479237e-14 0.000000e+00
372 452 6.552935e-03 1.038570e-03 3 1 5 1 8.687875e-14 0.000000e+00
372 453 6.552935e-03 1.307482e-03 3 1 5 1 1.378274e-13 0.000000e+00
372 454 6.552935e-03 1.646023e-03 3 1 5 1 2.187790e-13 0.000000e+00
372 455 6.552935e-03 2.072220e-03 3 1 5 1 3.476254e-13 0.000000e+00
372 456 6.552935e-03 2.608770e-03 3 1 5 1 5.533067e-13 0.000000e+00
372 457 6.552935e-03 3.284247e-03 3 1 5 1 8.836926e-13 0.000000e+00
372 458 6.552935e-03 4.134622e-03 3 1 5 1 1.423553e-12 0.000000e+00
372 459 6.552935e-03 5.205181e-03 3 1 5 1 2.410833e-12 0.000000e+00
372 460 6.552935e-03 6.552935e-03 3 1 5 1 0.000000e+00 0.000000e+00
372 461 6.552935e-03 8.249656e-03 3 1 5 1 2.246196e-12 0.000000e+00
373 451 8.249656e-03 8.249656e-04 3 1 5 1 3.254790e-14 0.000000e+00
373 452 8.249656e-03 1.038570e-03 3 1 5 1 5.162005e-14 0.000000e+00
373 453 8.249656e-03 1.307482e-03 3 1 5 1 8.186522e-14 0.000000e+00
373 454 8.249656e-03 1.646023e-03 3 1 5 1 1.299143e-13 0.000000e+00
373 455 8.249656e-03 2.072220e-03 3 1 5 1 2.062873e-13 0.000000e+00
373 456 8.249656e-03 2.608770e-03 3 1 5 1 3.279545e-13 0.000000e+00
373 457 8.249656e-03 3.284247e-03 3 1 5 1 5.223821e-13 0.000000e+00
373 458 8.249656e-03 4.134622e-03 3 1 5 1 8.348993e-13 0.000000e+00
373 459 8.249656e-03 5.205181e-03 3 1 5 1 1.344078e-12 0.000000e+00
373 460 8.249656e-03 6.552935e-03 3 1 5 1 2.246196e-12 0.000000e+00
373 461 8.249656e-03 8.249656e-03 3 1 5 1 0.000000e+00 0.000000e+00
