# Please cite the following papers in research using this covariance:
# arXiv: 1601.05779, https://arxiv.org/abs/1601.05779
# arXiv: 1911.11947, https://arxiv.org/abs/1911.11947
# arXiv: 2004.04833, https://arxiv.org/abs/2004.04833
# arXiv: 1804.10663, https://arxiv.org/abs/1804.10663
########################################################
253 253 8.249656e-04 8.249656e-04 0 3 0 3 2.620255e-09 0.000000e+00
253 254 8.249656e-04 1.038570e-03 0 3 0 3 1.508193e-10 0.000000e+00
253 255 8.249656e-04 1.307482e-03 0 3 0 3 8.248780e-11 0.000000e+00
253 256 8.249656e-04 1.646023e-03 0 3 0 3 4.277475e-11 0.000000e+00
253 257 8.249656e-04 2.072220e-03 0 3 0 3 2.144372e-11 0.000000e+00
253 258 8.249656e-04 2.608770e-03 0 3 0 3 1.058722e-11 0.000000e+00
253 259 8.249656e-04 3.284247e-03 0 3 0 3 5.272246e-12 0.000000e+00
253 260 8.249656e-04 4.134622e-03 0 3 0 3 2.716935e-12 0.000000e+00
253 261 8.249656e-04 5.205181e-03 0 3 0 3 1.479108e-12 0.000000e+00
253 262 8.249656e-04 6.552935e-03 0 3 0 3 8.602194e-13 0.000000e+00
253 263 8.249656e-04 8.249656e-03 0 3 0 3 5.332689e-13 0.000000e+00
254 253 1.038570e-03 8.249656e-04 0 3 0 3 1.508193e-10 0.000000e+00
254 254 1.038570e-03 1.038570e-03 0 3 0 3 1.661939e-09 0.000000e+00
254 255 1.038570e-03 1.307482e-03 0 3 0 3 1.373055e-10 0.000000e+00
254 256 1.038570e-03 1.646023e-03 0 3 0 3 7.124861e-11 0.000000e+00
254 257 1.038570e-03 2.072220e-03 0 3 0 3 3.536874e-11 0.000000e+00
254 258 1.038570e-03 2.608770e-03 0 3 0 3 1.726145e-11 0.000000e+00
254 259 1.038570e-03 3.284247e-03 0 3 0 3 8.505914e-12 0.000000e+00
254 260 1.038570e-03 4.134622e-03 0 3 0 3 4.348008e-12 0.000000e+00
254 261 1.038570e-03 5.205181e-03 0 3 0 3 2.354979e-12 0.000000e+00
254 262 1.038570e-03 6.552935e-03 0 3 0 3 1.365563e-12 0.000000e+00
254 263 1.038570e-03 8.249656e-03 0 3 0 3 8.456526e-13 0.000000e+00
255 253 1.307482e-03 8.249656e-04 0 3 0 3 8.248780e-11 0.000000e+00
255 254 1.307482e-03 1.038570e-03 0 3 0 3 1.373055e-10 0.000000e+00
255 255 1.307482e-03 1.307482e-03 0 3 0 3 1.053275e-09 0.000000e+00
255 256 1.307482e-03 1.646023e-03 0 3 0 3 1.218334e-10 0.000000e+00
255 257 1.307482e-03 2.072220e-03 0 3 0 3 5.985977e-11 0.000000e+00
255 258 1.307482e-03 2.608770e-03 0 3 0 3 2.867599e-11 0.000000e+00
255 259 1.307482e-03 3.284247e-03 0 3 0 3 1.388512e-11 0.000000e+00
255 260 1.307482e-03 4.134622e-03 0 3 0 3 7.003265e-12 0.000000e+00
255 261 1.307482e-03 5.205181e-03 0 3 0 3 3.760901e-12 0.000000e+00
255 262 1.307482e-03 6.552935e-03 0 3 0 3 2.170572e-12 0.000000e+00
255 263 1.307482e-03 8.249656e-03 0 3 0 3 1.341123e-12 0.000000e+00
256 253 1.646023e-03 8.249656e-04 0 3 0 3 4.277475e-11 0.000000e+00
256 254 1.646023e-03 1.038570e-03 0 3 0 3 7.124861e-11 0.000000e+00
256 255 1.646023e-03 1.307482e-03 0 3 0 3 1.218334e-10 0.000000e+00
256 256 1.646023e-03 1.646023e-03 0 3 0 3 6.679773e-10 0.000000e+00
256 257 1.646023e-03 2.072220e-03 0 3 0 3 1.055507e-10 0.000000e+00
256 258 1.646023e-03 2.608770e-03 0 3 0 3 4.924240e-11 0.000000e+00
256 259 1.646023e-03 3.284247e-03 0 3 0 3 2.314435e-11 0.000000e+00
256 260 1.646023e-03 4.134622e-03 0 3 0 3 1.140714e-11 0.000000e+00
256 261 1.646023e-03 5.205181e-03 0 3 0 3 6.036514e-12 0.000000e+00
256 262 1.646023e-03 6.552935e-03 0 3 0 3 3.456575e-12 0.000000e+00
256 263 1.646023e-03 8.249656e-03 0 3 0 3 2.128251e-12 0.000000e+00
257 253 2.072220e-03 8.249656e-04 0 3 0 3 2.144372e-11 0.000000e+00
257 254 2.072220e-03 1.038570e-03 0 3 0 3 3.536874e-11 0.000000e+00
257 255 2.072220e-03 1.307482e-03 0 3 0 3 5.985977e-11 0.000000e+00
257 256 2.072220e-03 1.646023e-03 0 3 0 3 1.055507e-10 0.000000e+00
257 257 2.072220e-03 2.072220e-03 0 3 0 3 4.235189e-10 0.000000e+00
257 258 2.072220e-03 2.608770e-03 0 3 0 3 8.965381e-11 0.000000e+00
257 259 2.072220e-03 3.284247e-03 0 3 0 3 4.012324e-11 0.000000e+00
257 260 2.072220e-03 4.134622e-03 0 3 0 3 1.897150e-11 0.000000e+00
257 261 2.072220e-03 5.205181e-03 0 3 0 3 9.779526e-12 0.000000e+00
257 262 2.072220e-03 6.552935e-03 0 3 0 3 5.523352e-12 0.000000e+00
257 263 2.072220e-03 8.249656e-03 0 3 0 3 3.379862e-12 0.000000e+00
258 253 2.608770e-03 8.249656e-04 0 3 0 3 1.058722e-11 0.000000e+00
258 254 2.608770e-03 1.038570e-03 0 3 0 3 1.726145e-11 0.000000e+00
258 255 2.608770e-03 1.307482e-03 0 3 0 3 2.867599e-11 0.000000e+00
258 256 2.608770e-03 1.646023e-03 0 3 0 3 4.924240e-11 0.000000e+00
258 257 2.608770e-03 2.072220e-03 0 3 0 3 8.965381e-11 0.000000e+00
258 258 2.608770e-03 2.608770e-03 0 3 0 3 2.683549e-10 0.000000e+00
258 259 2.608770e-03 3.284247e-03 0 3 0 3 7.517605e-11 0.000000e+00
258 260 2.608770e-03 4.134622e-03 0 3 0 3 3.291713e-11 0.000000e+00
258 261 2.608770e-03 5.205181e-03 0 3 0 3 1.613551e-11 0.000000e+00
258 262 2.608770e-03 6.552935e-03 0 3 0 3 8.883032e-12 0.000000e+00
258 263 2.608770e-03 8.249656e-03 0 3 0 3 5.376677e-12 0.000000e+00
259 253 3.284247e-03 8.249656e-04 0 3 0 3 5.272246e-12 0.000000e+00
259 254 3.284247e-03 1.038570e-03 0 3 0 3 8.505914e-12 0.000000e+00
259 255 3.284247e-03 1.307482e-03 0 3 0 3 1.388512e-11 0.000000e+00
259 256 3.284247e-03 1.646023e-03 0 3 0 3 2.314435e-11 0.000000e+00
259 257 3.284247e-03 2.072220e-03 0 3 0 3 4.012324e-11 0.000000e+00
259 258 3.284247e-03 2.608770e-03 0 3 0 3 7.517605e-11 0.000000e+00
259 259 3.284247e-03 3.284247e-03 0 3 0 3 1.699423e-10 0.000000e+00
259 260 3.284247e-03 4.134622e-03 0 3 0 3 6.285343e-11 0.000000e+00
259 261 3.284247e-03 5.205181e-03 0 3 0 3 2.772748e-11 0.000000e+00
259 262 3.284247e-03 6.552935e-03 0 3 0 3 1.448273e-11 0.000000e+00
259 263 3.284247e-03 8.249656e-03 0 3 0 3 8.582717e-12 0.000000e+00
260 253 4.134622e-03 8.249656e-04 0 3 0 3 2.716935e-12 0.000000e+00
260 254 4.134622e-03 1.038570e-03 0 3 0 3 4.348008e-12 0.000000e+00
260 255 4.134622e-03 1.307482e-03 0 3 0 3 7.003265e-12 0.000000e+00
260 256 4.134622e-03 1.646023e-03 0 3 0 3 1.140714e-11 0.000000e+00
260 257 4.134622e-03 2.072220e-03 0 3 0 3 1.897150e-11 0.000000e+00
260 258 4.134622e-03 2.608770e-03 0 3 0 3 3.291713e-11 0.000000e+00
260 259 4.134622e-03 3.284247e-03 0 3 0 3 6.285343e-11 0.000000e+00
260 260 4.134622e-03 4.134622e-03 0 3 0 3 1.077029e-10 0.000000e+00
260 261 4.134622e-03 5.205181e-03 0 3 0 3 5.308434e-11 0.000000e+00
260 262 4.134622e-03 6.552935e-03 0 3 0 3 2.442708e-11 0.000000e+00
260 263 4.134622e-03 8.249656e-03 0 3 0 3 1.381318e-11 0.000000e+00
261 253 5.205181e-03 8.249656e-04 0 3 0 3 1.479108e-12 0.000000e+00
261 254 5.205181e-03 1.038570e-03 0 3 0 3 2.354979e-12 0.000000e+00
261 255 5.205181e-03 1.307482e-03 0 3 0 3 3.760901e-12 0.000000e+00
261 256 5.205181e-03 1.646023e-03 0 3 0 3 6.036514e-12 0.000000e+00
261 257 5.205181e-03 2.072220e-03 0 3 0 3 9.779526e-12 0.000000e+00
261 258 5.205181e-03 2.608770e-03 0 3 0 3 1.613551e-11 0.000000e+00
261 259 5.205181e-03 3.284247e-03 0 3 0 3 2.772748e-11 0.000000e+00
261 260 5.205181e-03 4.134622e-03 0 3 0 3 5.308434e-11 0.000000e+00
261 261 5.205181e-03 5.205181e-03 0 3 0 3 6.825235e-11 0.000000e+00
261 262 5.205181e-03 6.552935e-03 0 3 0 3 4.596568e-11 0.000000e+00
261 263 5.205181e-03 8.249656e-03 0 3 0 3 2.276589e-11 0.000000e+00
262 253 6.552935e-03 8.249656e-04 0 3 0 3 8.602194e-13 0.000000e+00
262 254 6.552935e-03 1.038570e-03 0 3 0 3 1.365563e-12 0.000000e+00
262 255 6.552935e-03 1.307482e-03 0 3 0 3 2.170572e-12 0.000000e+00
262 256 6.552935e-03 1.646023e-03 0 3 0 3 3.456575e-12 0.000000e+00
262 257 6.552935e-03 2.072220e-03 0 3 0 3 5.523352e-12 0.000000e+00
262 258 6.552935e-03 2.608770e-03 0 3 0 3 8.883032e-12 0.000000e+00
262 259 6.552935e-03 3.284247e-03 0 3 0 3 1.448273e-11 0.000000e+00
262 260 6.552935e-03 4.134622e-03 0 3 0 3 2.442708e-11 0.000000e+00
262 261 6.552935e-03 5.205181e-03 0 3 0 3 4.596568e-11 0.000000e+00
262 262 6.552935e-03 6.552935e-03 0 3 0 3 4.323847e-11 0.000000e+00
262 263 6.552935e-03 8.249656e-03 0 3 0 3 4.137061e-11 0.000000e+00
263 253 8.249656e-03 8.249656e-04 0 3 0 3 5.332689e-13 0.000000e+00
263 254 8.249656e-03 1.038570e-03 0 3 0 3 8.456526e-13 0.000000e+00
263 255 8.249656e-03 1.307482e-03 0 3 0 3 1.341123e-12 0.000000e+00
263 256 8.249656e-03 1.646023e-03 0 3 0 3 2.128251e-12 0.000000e+00
263 257 8.249656e-03 2.072220e-03 0 3 0 3 3.379862e-12 0.000000e+00
263 258 8.249656e-03 2.608770e-03 0 3 0 3 5.376677e-12 0.000000e+00
263 259 8.249656e-03 3.284247e-03 0 3 0 3 8.582717e-12 0.000000e+00
263 260 8.249656e-03 4.134622e-03 0 3 0 3 1.381318e-11 0.000000e+00
263 261 8.249656e-03 5.205181e-03 0 3 0 3 2.276589e-11 0.000000e+00
263 262 8.249656e-03 6.552935e-03 0 3 0 3 4.137061e-11 0.000000e+00
263 263 8.249656e-03 8.249656e-03 0 3 0 3 2.740682e-11 0.000000e+00
