# Please cite the following papers in research using this covariance:
# arXiv: 1601.05779, https://arxiv.org/abs/1601.05779
# arXiv: 1911.11947, https://arxiv.org/abs/1911.11947
# arXiv: 2004.04833, https://arxiv.org/abs/2004.04833
# arXiv: 1804.10663, https://arxiv.org/abs/1804.10663
########################################################
275 462 8.249656e-04 8.249656e-04 1 1 5 2 0.000000e+00 0.000000e+00
275 463 8.249656e-04 1.038570e-03 1 1 5 2 1.131696e-13 0.000000e+00
275 464 8.249656e-04 1.307482e-03 1 1 5 2 9.751608e-14 0.000000e+00
275 465 8.249656e-04 1.646023e-03 1 1 5 2 7.533876e-14 0.000000e+00
275 466 8.249656e-04 2.072220e-03 1 1 5 2 5.418769e-14 0.000000e+00
275 467 8.249656e-04 2.608770e-03 1 1 5 2 3.731332e-14 0.000000e+00
275 468 8.249656e-04 3.284247e-03 1 1 5 2 2.521619e-14 0.000000e+00
275 469 8.249656e-04 4.134622e-03 1 1 5 2 1.710538e-14 0.000000e+00
275 470 8.249656e-04 5.205181e-03 1 1 5 2 1.185491e-14 0.000000e+00
275 471 8.249656e-04 6.552935e-03 1 1 5 2 8.471347e-15 0.000000e+00
275 472 8.249656e-04 8.249656e-03 1 1 5 2 6.236471e-15 0.000000e+00
276 462 1.038570e-03 8.249656e-04 1 1 5 2 1.131696e-13 0.000000e+00
276 463 1.038570e-03 1.038570e-03 1 1 5 2 0.000000e+00 0.000000e+00
276 464 1.038570e-03 1.307482e-03 1 1 5 2 1.381663e-13 0.000000e+00
276 465 1.038570e-03 1.646023e-03 1 1 5 2 1.137374e-13 0.000000e+00
276 466 1.038570e-03 2.072220e-03 1 1 5 2 8.416104e-14 0.000000e+00
276 467 1.038570e-03 2.608770e-03 1 1 5 2 5.866517e-14 0.000000e+00
276 468 1.038570e-03 3.284247e-03 1 1 5 2 3.983404e-14 0.000000e+00
276 469 1.038570e-03 4.134622e-03 1 1 5 2 2.706270e-14 0.000000e+00
276 470 1.038570e-03 5.205181e-03 1 1 5 2 1.876330e-14 0.000000e+00
276 471 1.038570e-03 6.552935e-03 1 1 5 2 1.341015e-14 0.000000e+00
276 472 1.038570e-03 8.249656e-03 1 1 5 2 9.874332e-15 0.000000e+00
277 462 1.307482e-03 8.249656e-04 1 1 5 2 9.751608e-14 0.000000e+00
277 463 1.307482e-03 1.038570e-03 1 1 5 2 1.381663e-13 0.000000e+00
277 464 1.307482e-03 1.307482e-03 1 1 5 2 0.000000e+00 0.000000e+00
277 465 1.307482e-03 1.646023e-03 1 1 5 2 1.626991e-13 0.000000e+00
277 466 1.307482e-03 2.072220e-03 1 1 5 2 1.282051e-13 0.000000e+00
277 467 1.307482e-03 2.608770e-03 1 1 5 2 9.160939e-14 0.000000e+00
277 468 1.307482e-03 3.284247e-03 1 1 5 2 6.277222e-14 0.000000e+00
277 469 1.307482e-03 4.134622e-03 1 1 5 2 4.276794e-14 0.000000e+00
277 470 1.307482e-03 5.205181e-03 1 1 5 2 2.967352e-14 0.000000e+00
277 471 1.307482e-03 6.552935e-03 1 1 5 2 2.121346e-14 0.000000e+00
277 472 1.307482e-03 8.249656e-03 1 1 5 2 1.562517e-14 0.000000e+00
278 462 1.646023e-03 8.249656e-04 1 1 5 2 7.533876e-14 0.000000e+00
278 463 1.646023e-03 1.038570e-03 1 1 5 2 1.137374e-13 0.000000e+00
278 464 1.646023e-03 1.307482e-03 1 1 5 2 1.626991e-13 0.000000e+00
278 465 1.646023e-03 1.646023e-03 1 1 5 2 0.000000e+00 0.000000e+00
278 466 1.646023e-03 2.072220e-03 1 1 5 2 1.857172e-13 0.000000e+00
278 467 1.646023e-03 2.608770e-03 1 1 5 2 1.408402e-13 0.000000e+00
278 468 1.646023e-03 3.284247e-03 1 1 5 2 9.842918e-14 0.000000e+00
278 469 1.646023e-03 4.134622e-03 1 1 5 2 6.745252e-14 0.000000e+00
278 470 1.646023e-03 5.205181e-03 1 1 5 2 4.686632e-14 0.000000e+00
278 471 1.646023e-03 6.552935e-03 1 1 5 2 3.352014e-14 0.000000e+00
278 472 1.646023e-03 8.249656e-03 1 1 5 2 2.470235e-14 0.000000e+00
279 462 2.072220e-03 8.249656e-04 1 1 5 2 5.418769e-14 0.000000e+00
279 463 2.072220e-03 1.038570e-03 1 1 5 2 8.416104e-14 0.000000e+00
279 464 2.072220e-03 1.307482e-03 1 1 5 2 1.282051e-13 0.000000e+00
279 465 2.072220e-03 1.646023e-03 1 1 5 2 1.857172e-13 0.000000e+00
279 466 2.072220e-03 2.072220e-03 1 1 5 2 0.000000e+00 0.000000e+00
279 467 2.072220e-03 2.608770e-03 1 1 5 2 2.069909e-13 0.000000e+00
279 468 2.072220e-03 3.284247e-03 1 1 5 2 1.525098e-13 0.000000e+00
279 469 2.072220e-03 4.134622e-03 1 1 5 2 1.059725e-13 0.000000e+00
279 470 2.072220e-03 5.205181e-03 1 1 5 2 7.386039e-14 0.000000e+00
279 471 2.072220e-03 6.552935e-03 1 1 5 2 5.287253e-14 0.000000e+00
279 472 2.072220e-03 8.249656e-03 1 1 5 2 3.899525e-14 0.000000e+00
280 462 2.608770e-03 8.249656e-04 1 1 5 2 3.731332e-14 0.000000e+00
280 463 2.608770e-03 1.038570e-03 1 1 5 2 5.866517e-14 0.000000e+00
280 464 2.608770e-03 1.307482e-03 1 1 5 2 9.160939e-14 0.000000e+00
280 465 2.608770e-03 1.646023e-03 1 1 5 2 1.408402e-13 0.000000e+00
280 466 2.608770e-03 2.072220e-03 1 1 5 2 2.069909e-13 0.000000e+00
280 467 2.608770e-03 2.608770e-03 1 1 5 2 0.000000e+00 0.000000e+00
280 468 2.608770e-03 3.284247e-03 1 1 5 2 2.273764e-13 0.000000e+00
280 469 2.608770e-03 4.134622e-03 1 1 5 2 1.649781e-13 0.000000e+00
280 470 2.608770e-03 5.205181e-03 1 1 5 2 1.159612e-13 0.000000e+00
280 471 2.608770e-03 6.552935e-03 1 1 5 2 8.316074e-14 0.000000e+00
280 472 2.608770e-03 8.249656e-03 1 1 5 2 6.141321e-14 0.000000e+00
281 462 3.284247e-03 8.249656e-04 1 1 5 2 2.521619e-14 0.000000e+00
281 463 3.284247e-03 1.038570e-03 1 1 5 2 3.983404e-14 0.000000e+00
281 464 3.284247e-03 1.307482e-03 1 1 5 2 6.277222e-14 0.000000e+00
281 465 3.284247e-03 1.646023e-03 1 1 5 2 9.842918e-14 0.000000e+00
281 466 3.284247e-03 2.072220e-03 1 1 5 2 1.525098e-13 0.000000e+00
281 467 3.284247e-03 2.608770e-03 1 1 5 2 2.273764e-13 0.000000e+00
281 468 3.284247e-03 3.284247e-03 1 1 5 2 0.000000e+00 0.000000e+00
281 469 3.284247e-03 4.134622e-03 1 1 5 2 2.488362e-13 0.000000e+00
281 470 3.284247e-03 5.205181e-03 1 1 5 2 1.806406e-13 0.000000e+00
281 471 3.284247e-03 6.552935e-03 1 1 5 2 1.301912e-13 0.000000e+00
281 472 3.284247e-03 8.249656e-03 1 1 5 2 9.635425e-14 0.000000e+00
282 462 4.134622e-03 8.249656e-04 1 1 5 2 1.710538e-14 0.000000e+00
282 463 4.134622e-03 1.038570e-03 1 1 5 2 2.706270e-14 0.000000e+00
282 464 4.134622e-03 1.307482e-03 1 1 5 2 4.276794e-14 0.000000e+00
282 465 4.134622e-03 1.646023e-03 1 1 5 2 6.745252e-14 0.000000e+00
282 466 4.134622e-03 2.072220e-03 1 1 5 2 1.059725e-13 0.000000e+00
282 467 4.134622e-03 2.608770e-03 1 1 5 2 1.649781e-13 0.000000e+00
282 468 4.134622e-03 3.284247e-03 1 1 5 2 2.488362e-13 0.000000e+00
282 469 4.134622e-03 4.134622e-03 1 1 5 2 0.000000e+00 0.000000e+00
282 470 4.134622e-03 5.205181e-03 1 1 5 2 2.742244e-13 0.000000e+00
282 471 4.134622e-03 6.552935e-03 1 1 5 2 2.021362e-13 0.000000e+00
282 472 4.134622e-03 8.249656e-03 1 1 5 2 1.502538e-13 0.000000e+00
283 462 5.205181e-03 8.249656e-04 1 1 5 2 1.185491e-14 0.000000e+00
283 463 5.205181e-03 1.038570e-03 1 1 5 2 1.876330e-14 0.000000e+00
283 464 5.205181e-03 1.307482e-03 1 1 5 2 2.967352e-14 0.000000e+00
283 465 5.205181e-03 1.646023e-03 1 1 5 2 4.686632e-14 0.000000e+00
283 466 5.205181e-03 2.072220e-03 1 1 5 2 7.386039e-14 0.000000e+00
283 467 5.205181e-03 2.608770e-03 1 1 5 2 1.159612e-13 0.000000e+00
283 468 5.205181e-03 3.284247e-03 1 1 5 2 1.806406e-13 0.000000e+00
283 469 5.205181e-03 4.134622e-03 1 1 5 2 2.742244e-13 0.000000e+00
283 470 5.205181e-03 5.205181e-03 1 1 5 2 0.000000e+00 0.000000e+00
283 471 5.205181e-03 6.552935e-03 1 1 5 2 3.068978e-13 0.000000e+00
283 472 5.205181e-03 8.249656e-03 1 1 5 2 2.319269e-13 0.000000e+00
284 462 6.552935e-03 8.249656e-04 1 1 5 2 8.471347e-15 0.000000e+00
284 463 6.552935e-03 1.038570e-03 1 1 5 2 1.341015e-14 0.000000e+00
284 464 6.552935e-03 1.307482e-03 1 1 5 2 2.121346e-14 0.000000e+00
284 465 6.552935e-03 1.646023e-03 1 1 5 2 3.352014e-14 0.000000e+00
284 466 6.552935e-03 2.072220e-03 1 1 5 2 5.287253e-14 0.000000e+00
284 467 6.552935e-03 2.608770e-03 1 1 5 2 8.316074e-14 0.000000e+00
284 468 6.552935e-03 3.284247e-03 1 1 5 2 1.301912e-13 0.000000e+00
284 469 6.552935e-03 4.134622e-03 1 1 5 2 2.021362e-13 0.000000e+00
284 470 6.552935e-03 5.205181e-03 1 1 5 2 3.068978e-13 0.000000e+00
284 471 6.552935e-03 6.552935e-03 1 1 5 2 0.000000e+00 0.000000e+00
284 472 6.552935e-03 8.249656e-03 1 1 5 2 3.502072e-13 0.000000e+00
285 462 8.249656e-03 8.249656e-04 1 1 5 2 6.236471e-15 0.000000e+00
285 463 8.249656e-03 1.038570e-03 1 1 5 2 9.874332e-15 0.000000e+00
285 464 8.249656e-03 1.307482e-03 1 1 5 2 1.562517e-14 0.000000e+00
285 465 8.249656e-03 1.646023e-03 1 1 5 2 2.470235e-14 0.000000e+00
285 466 8.249656e-03 2.072220e-03 1 1 5 2 3.899525e-14 0.000000e+00
285 467 8.249656e-03 2.608770e-03 1 1 5 2 6.141321e-14 0.000000e+00
285 468 8.249656e-03 3.284247e-03 1 1 5 2 9.635425e-14 0.000000e+00
285 469 8.249656e-03 4.134622e-03 1 1 5 2 1.502538e-13 0.000000e+00
285 470 8.249656e-03 5.205181e-03 1 1 5 2 2.319269e-13 0.000000e+00
285 471 8.249656e-03 6.552935e-03 1 1 5 2 3.502072e-13 0.000000e+00
285 472 8.249656e-03 8.249656e-03 1 1 5 2 0.000000e+00 0.000000e+00
