# Please cite the following papers in research using this covariance:
# arXiv: 1601.05779, https://arxiv.org/abs/1601.05779
# arXiv: 1911.11947, https://arxiv.org/abs/1911.11947
# arXiv: 2004.04833, https://arxiv.org/abs/2004.04833
# arXiv: 1804.10663, https://arxiv.org/abs/1804.10663
########################################################
308 330 8.249656e-04 8.249656e-04 2 0 2 2 0.000000e+00 0.000000e+00
308 331 8.249656e-04 1.038570e-03 2 0 2 2 3.330911e-12 0.000000e+00
308 332 8.249656e-04 1.307482e-03 2 0 2 2 2.040962e-12 0.000000e+00
308 333 8.249656e-04 1.646023e-03 2 0 2 2 1.216073e-12 0.000000e+00
308 334 8.249656e-04 2.072220e-03 2 0 2 2 7.177002e-13 0.000000e+00
308 335 8.249656e-04 2.608770e-03 2 0 2 2 4.259454e-13 0.000000e+00
308 336 8.249656e-04 3.284247e-03 2 0 2 2 2.583852e-13 0.000000e+00
308 337 8.249656e-04 4.134622e-03 2 0 2 2 1.626045e-13 0.000000e+00
308 338 8.249656e-04 5.205181e-03 2 0 2 2 1.070171e-13 0.000000e+00
308 339 8.249656e-04 6.552935e-03 2 0 2 2 7.355411e-14 0.000000e+00
308 340 8.249656e-04 8.249656e-03 2 0 2 2 5.226033e-14 0.000000e+00
309 330 1.038570e-03 8.249656e-04 2 0 2 2 3.330911e-12 0.000000e+00
309 331 1.038570e-03 1.038570e-03 2 0 2 2 0.000000e+00 0.000000e+00
309 332 1.038570e-03 1.307482e-03 2 0 2 2 3.251774e-12 0.000000e+00
309 333 1.038570e-03 1.646023e-03 2 0 2 2 1.952006e-12 0.000000e+00
309 334 1.038570e-03 2.072220e-03 2 0 2 2 1.149873e-12 0.000000e+00
309 335 1.038570e-03 2.608770e-03 2 0 2 2 6.799151e-13 0.000000e+00
309 336 1.038570e-03 3.284247e-03 2 0 2 2 4.110104e-13 0.000000e+00
309 337 1.038570e-03 4.134622e-03 2 0 2 2 2.580046e-13 0.000000e+00
309 338 1.038570e-03 5.205181e-03 2 0 2 2 1.695724e-13 0.000000e+00
309 339 1.038570e-03 6.552935e-03 2 0 2 2 1.164829e-13 0.000000e+00
309 340 1.038570e-03 8.249656e-03 2 0 2 2 8.275926e-14 0.000000e+00
310 330 1.307482e-03 8.249656e-04 2 0 2 2 2.040962e-12 0.000000e+00
310 331 1.307482e-03 1.038570e-03 2 0 2 2 3.251774e-12 0.000000e+00
310 332 1.307482e-03 1.307482e-03 2 0 2 2 0.000000e+00 0.000000e+00
310 333 1.307482e-03 1.646023e-03 2 0 2 2 3.141510e-12 0.000000e+00
310 334 1.307482e-03 2.072220e-03 2 0 2 2 1.854459e-12 0.000000e+00
310 335 1.307482e-03 2.608770e-03 2 0 2 2 1.090499e-12 0.000000e+00
310 336 1.307482e-03 3.284247e-03 2 0 2 2 6.554420e-13 0.000000e+00
310 337 1.307482e-03 4.134622e-03 2 0 2 2 4.097233e-13 0.000000e+00
310 338 1.307482e-03 5.205181e-03 2 0 2 2 2.686675e-13 0.000000e+00
310 339 1.307482e-03 6.552935e-03 2 0 2 2 1.843935e-13 0.000000e+00
310 340 1.307482e-03 8.249656e-03 2 0 2 2 1.310028e-13 0.000000e+00
311 330 1.646023e-03 8.249656e-04 2 0 2 2 1.216073e-12 0.000000e+00
311 331 1.646023e-03 1.038570e-03 2 0 2 2 1.952006e-12 0.000000e+00
311 332 1.646023e-03 1.307482e-03 2 0 2 2 3.141510e-12 0.000000e+00
311 333 1.646023e-03 1.646023e-03 2 0 2 2 0.000000e+00 0.000000e+00
311 334 1.646023e-03 2.072220e-03 2 0 2 2 3.014244e-12 0.000000e+00
311 335 1.646023e-03 2.608770e-03 2 0 2 2 1.763671e-12 0.000000e+00
311 336 1.646023e-03 3.284247e-03 2 0 2 2 1.050066e-12 0.000000e+00
311 337 1.646023e-03 4.134622e-03 2 0 2 2 6.517242e-13 0.000000e+00
311 338 1.646023e-03 5.205181e-03 2 0 2 2 4.256624e-13 0.000000e+00
311 339 1.646023e-03 6.552935e-03 2 0 2 2 2.916967e-13 0.000000e+00
311 340 1.646023e-03 8.249656e-03 2 0 2 2 2.072077e-13 0.000000e+00
312 330 2.072220e-03 8.249656e-04 2 0 2 2 7.177002e-13 0.000000e+00
312 331 2.072220e-03 1.038570e-03 2 0 2 2 1.149873e-12 0.000000e+00
312 332 2.072220e-03 1.307482e-03 2 0 2 2 1.854459e-12 0.000000e+00
312 333 2.072220e-03 1.646023e-03 2 0 2 2 3.014244e-12 0.000000e+00
312 334 2.072220e-03 2.072220e-03 2 0 2 2 0.000000e+00 0.000000e+00
312 335 2.072220e-03 2.608770e-03 2 0 2 2 2.889639e-12 0.000000e+00
312 336 2.072220e-03 3.284247e-03 2 0 2 2 1.697375e-12 0.000000e+00
312 337 2.072220e-03 4.134622e-03 2 0 2 2 1.040192e-12 0.000000e+00
312 338 2.072220e-03 5.205181e-03 2 0 2 2 6.745602e-13 0.000000e+00
312 339 2.072220e-03 6.552935e-03 2 0 2 2 4.609989e-13 0.000000e+00
312 340 2.072220e-03 8.249656e-03 2 0 2 2 3.273690e-13 0.000000e+00
313 330 2.608770e-03 8.249656e-04 2 0 2 2 4.259454e-13 0.000000e+00
313 331 2.608770e-03 1.038570e-03 2 0 2 2 6.799151e-13 0.000000e+00
313 332 2.608770e-03 1.307482e-03 2 0 2 2 1.090499e-12 0.000000e+00
313 333 2.608770e-03 1.646023e-03 2 0 2 2 1.763671e-12 0.000000e+00
313 334 2.608770e-03 2.072220e-03 2 0 2 2 2.889639e-12 0.000000e+00
313 335 2.608770e-03 2.608770e-03 2 0 2 2 0.000000e+00 0.000000e+00
313 336 2.608770e-03 3.284247e-03 2 0 2 2 2.790999e-12 0.000000e+00
313 337 2.608770e-03 4.134622e-03 2 0 2 2 1.673181e-12 0.000000e+00
313 338 2.608770e-03 5.205181e-03 2 0 2 2 1.070324e-12 0.000000e+00
313 339 2.608770e-03 6.552935e-03 2 0 2 2 7.275950e-13 0.000000e+00
313 340 2.608770e-03 8.249656e-03 2 0 2 2 5.162696e-13 0.000000e+00
314 330 3.284247e-03 8.249656e-04 2 0 2 2 2.583852e-13 0.000000e+00
314 331 3.284247e-03 1.038570e-03 2 0 2 2 4.110104e-13 0.000000e+00
314 332 3.284247e-03 1.307482e-03 2 0 2 2 6.554420e-13 0.000000e+00
314 333 3.284247e-03 1.646023e-03 2 0 2 2 1.050066e-12 0.000000e+00
314 334 3.284247e-03 2.072220e-03 2 0 2 2 1.697375e-12 0.000000e+00
314 335 3.284247e-03 2.608770e-03 2 0 2 2 2.790999e-12 0.000000e+00
314 336 3.284247e-03 3.284247e-03 2 0 2 2 0.000000e+00 0.000000e+00
314 337 3.284247e-03 4.134622e-03 2 0 2 2 2.742551e-12 0.000000e+00
314 338 3.284247e-03 5.205181e-03 2 0 2 2 1.706300e-12 0.000000e+00
314 339 3.284247e-03 6.552935e-03 2 0 2 2 1.146715e-12 0.000000e+00
314 340 3.284247e-03 8.249656e-03 2 0 2 2 8.119138e-13 0.000000e+00
315 330 4.134622e-03 8.249656e-04 2 0 2 2 1.626045e-13 0.000000e+00
315 331 4.134622e-03 1.038570e-03 2 0 2 2 2.580046e-13 0.000000e+00
315 332 4.134622e-03 1.307482e-03 2 0 2 2 4.097233e-13 0.000000e+00
315 333 4.134622e-03 1.646023e-03 2 0 2 2 6.517242e-13 0.000000e+00
315 334 4.134622e-03 2.072220e-03 2 0 2 2 1.040192e-12 0.000000e+00
315 335 4.134622e-03 2.608770e-03 2 0 2 2 1.673181e-12 0.000000e+00
315 336 4.134622e-03 3.284247e-03 2 0 2 2 2.742551e-12 0.000000e+00
315 337 4.134622e-03 4.134622e-03 2 0 2 2 0.000000e+00 0.000000e+00
315 338 4.134622e-03 5.205181e-03 2 0 2 2 2.766712e-12 0.000000e+00
315 339 4.134622e-03 6.552935e-03 2 0 2 2 1.807638e-12 0.000000e+00
315 340 4.134622e-03 8.249656e-03 2 0 2 2 1.271711e-12 0.000000e+00
316 330 5.205181e-03 8.249656e-04 2 0 2 2 1.070171e-13 0.000000e+00
316 331 5.205181e-03 1.038570e-03 2 0 2 2 1.695724e-13 0.000000e+00
316 332 5.205181e-03 1.307482e-03 2 0 2 2 2.686675e-13 0.000000e+00
316 333 5.205181e-03 1.646023e-03 2 0 2 2 4.256624e-13 0.000000e+00
316 334 5.205181e-03 2.072220e-03 2 0 2 2 6.745602e-13 0.000000e+00
316 335 5.205181e-03 2.608770e-03 2 0 2 2 1.070324e-12 0.000000e+00
316 336 5.205181e-03 3.284247e-03 2 0 2 2 1.706300e-12 0.000000e+00
316 337 5.205181e-03 4.134622e-03 2 0 2 2 2.766712e-12 0.000000e+00
316 338 5.205181e-03 5.205181e-03 2 0 2 2 0.000000e+00 0.000000e+00
316 339 5.205181e-03 6.552935e-03 2 0 2 2 2.881356e-12 0.000000e+00
316 340 5.205181e-03 8.249656e-03 2 0 2 2 1.982474e-12 0.000000e+00
317 330 6.552935e-03 8.249656e-04 2 0 2 2 7.355411e-14 0.000000e+00
317 331 6.552935e-03 1.038570e-03 2 0 2 2 1.164829e-13 0.000000e+00
317 332 6.552935e-03 1.307482e-03 2 0 2 2 1.843935e-13 0.000000e+00
317 333 6.552935e-03 1.646023e-03 2 0 2 2 2.916967e-13 0.000000e+00
317 334 6.552935e-03 2.072220e-03 2 0 2 2 4.609989e-13 0.000000e+00
317 335 6.552935e-03 2.608770e-03 2 0 2 2 7.275950e-13 0.000000e+00
317 336 6.552935e-03 3.284247e-03 2 0 2 2 1.146715e-12 0.000000e+00
317 337 6.552935e-03 4.134622e-03 2 0 2 2 1.807638e-12 0.000000e+00
317 338 6.552935e-03 5.205181e-03 2 0 2 2 2.881356e-12 0.000000e+00
317 339 6.552935e-03 6.552935e-03 2 0 2 2 0.000000e+00 0.000000e+00
317 340 6.552935e-03 8.249656e-03 2 0 2 2 3.097471e-12 0.000000e+00
318 330 8.249656e-03 8.249656e-04 2 0 2 2 5.226033e-14 0.000000e+00
318 331 8.249656e-03 1.038570e-03 2 0 2 2 8.275926e-14 0.000000e+00
318 332 8.249656e-03 1.307482e-03 2 0 2 2 1.310028e-13 0.000000e+00
318 333 8.249656e-03 1.646023e-03 2 0 2 2 2.072077e-13 0.000000e+00
318 334 8.249656e-03 2.072220e-03 2 0 2 2 3.273690e-13 0.000000e+00
318 335 8.249656e-03 2.608770e-03 2 0 2 2 5.162696e-13 0.000000e+00
318 336 8.249656e-03 3.284247e-03 2 0 2 2 8.119138e-13 0.000000e+00
318 337 8.249656e-03 4.134622e-03 2 0 2 2 1.271711e-12 0.000000e+00
318 338 8.249656e-03 5.205181e-03 2 0 2 2 1.982474e-12 0.000000e+00
318 339 8.249656e-03 6.552935e-03 2 0 2 2 3.097471e-12 0.000000e+00
318 340 8.249656e-03 8.249656e-03 2 0 2 2 0.000000e+00 0.000000e+00
