# Please cite the following papers in research using this covariance:
# arXiv: 1601.05779, https://arxiv.org/abs/1601.05779
# arXiv: 1911.11947, https://arxiv.org/abs/1911.11947
# arXiv: 2004.04833, https://arxiv.org/abs/2004.04833
# arXiv: 1804.10663, https://arxiv.org/abs/1804.10663
########################################################
231 385 8.249656e-04 8.249656e-04 0 1 3 3 0.000000e+00 0.000000e+00
231 386 8.249656e-04 1.038570e-03 0 1 3 3 1.394682e-13 0.000000e+00
231 387 8.249656e-04 1.307482e-03 0 1 3 3 1.234383e-13 0.000000e+00
231 388 8.249656e-04 1.646023e-03 0 1 3 3 9.805115e-14 0.000000e+00
231 389 8.249656e-04 2.072220e-03 0 1 3 3 7.209625e-14 0.000000e+00
231 390 8.249656e-04 2.608770e-03 0 1 3 3 5.017997e-14 0.000000e+00
231 391 8.249656e-04 3.284247e-03 0 1 3 3 3.377384e-14 0.000000e+00
231 392 8.249656e-04 4.134622e-03 0 1 3 3 2.247719e-14 0.000000e+00
231 393 8.249656e-04 5.205181e-03 0 1 3 3 1.511100e-14 0.000000e+00
231 394 8.249656e-04 6.552935e-03 0 1 3 3 1.043255e-14 0.000000e+00
231 395 8.249656e-04 8.249656e-03 0 1 3 3 7.451170e-15 0.000000e+00
232 385 1.038570e-03 8.249656e-04 0 1 3 3 1.394682e-13 0.000000e+00
232 386 1.038570e-03 1.038570e-03 0 1 3 3 0.000000e+00 0.000000e+00
232 387 1.038570e-03 1.307482e-03 0 1 3 3 1.742045e-13 0.000000e+00
232 388 1.038570e-03 1.646023e-03 0 1 3 3 1.472753e-13 0.000000e+00
232 389 1.038570e-03 2.072220e-03 0 1 3 3 1.115688e-13 0.000000e+00
232 390 1.038570e-03 2.608770e-03 0 1 3 3 7.875510e-14 0.000000e+00
232 391 1.038570e-03 3.284247e-03 0 1 3 3 5.333159e-14 0.000000e+00
232 392 1.038570e-03 4.134622e-03 0 1 3 3 3.557241e-14 0.000000e+00
232 393 1.038570e-03 5.205181e-03 0 1 3 3 2.392873e-14 0.000000e+00
232 394 1.038570e-03 6.552935e-03 0 1 3 3 1.652153e-14 0.000000e+00
232 395 1.038570e-03 8.249656e-03 0 1 3 3 1.180054e-14 0.000000e+00
233 385 1.307482e-03 8.249656e-04 0 1 3 3 1.234383e-13 0.000000e+00
233 386 1.307482e-03 1.038570e-03 0 1 3 3 1.742045e-13 0.000000e+00
233 387 1.307482e-03 1.307482e-03 0 1 3 3 0.000000e+00 0.000000e+00
233 388 1.307482e-03 1.646023e-03 0 1 3 3 2.093381e-13 0.000000e+00
233 389 1.307482e-03 2.072220e-03 0 1 3 3 1.689650e-13 0.000000e+00
233 390 1.307482e-03 2.608770e-03 0 1 3 3 1.226025e-13 0.000000e+00
233 391 1.307482e-03 3.284247e-03 0 1 3 3 8.397672e-14 0.000000e+00
233 392 1.307482e-03 4.134622e-03 0 1 3 3 5.624033e-14 0.000000e+00
233 393 1.307482e-03 5.205181e-03 0 1 3 3 3.787183e-14 0.000000e+00
233 394 1.307482e-03 6.552935e-03 0 1 3 3 2.615240e-14 0.000000e+00
233 395 1.307482e-03 8.249656e-03 0 1 3 3 1.868065e-14 0.000000e+00
234 385 1.646023e-03 8.249656e-04 0 1 3 3 9.805115e-14 0.000000e+00
234 386 1.646023e-03 1.038570e-03 0 1 3 3 1.472753e-13 0.000000e+00
234 387 1.646023e-03 1.307482e-03 0 1 3 3 2.093381e-13 0.000000e+00
234 388 1.646023e-03 1.646023e-03 0 1 3 3 0.000000e+00 0.000000e+00
234 389 1.646023e-03 2.072220e-03 0 1 3 3 2.427309e-13 0.000000e+00
234 390 1.646023e-03 2.608770e-03 0 1 3 3 1.874579e-13 0.000000e+00
234 391 1.646023e-03 3.284247e-03 0 1 3 3 1.314612e-13 0.000000e+00
234 392 1.646023e-03 4.134622e-03 0 1 3 3 8.874807e-14 0.000000e+00
234 393 1.646023e-03 5.205181e-03 0 1 3 3 5.988630e-14 0.000000e+00
234 394 1.646023e-03 6.552935e-03 0 1 3 3 4.136714e-14 0.000000e+00
234 395 1.646023e-03 8.249656e-03 0 1 3 3 2.955170e-14 0.000000e+00
235 385 2.072220e-03 8.249656e-04 0 1 3 3 7.209625e-14 0.000000e+00
235 386 2.072220e-03 1.038570e-03 0 1 3 3 1.115688e-13 0.000000e+00
235 387 2.072220e-03 1.307482e-03 0 1 3 3 1.689650e-13 0.000000e+00
235 388 2.072220e-03 1.646023e-03 0 1 3 3 2.427309e-13 0.000000e+00
235 389 2.072220e-03 2.072220e-03 0 1 3 3 0.000000e+00 0.000000e+00
235 390 2.072220e-03 2.608770e-03 0 1 3 3 2.730060e-13 0.000000e+00
235 391 2.072220e-03 3.284247e-03 0 1 3 3 2.029376e-13 0.000000e+00
235 392 2.072220e-03 4.134622e-03 0 1 3 3 1.394864e-13 0.000000e+00
235 393 2.072220e-03 5.205181e-03 0 1 3 3 9.454961e-14 0.000000e+00
235 394 2.072220e-03 6.552935e-03 0 1 3 3 6.535716e-14 0.000000e+00
235 395 2.072220e-03 8.249656e-03 0 1 3 3 4.669823e-14 0.000000e+00
236 385 2.608770e-03 8.249656e-04 0 1 3 3 5.017997e-14 0.000000e+00
236 386 2.608770e-03 1.038570e-03 0 1 3 3 7.875510e-14 0.000000e+00
236 387 2.608770e-03 1.307482e-03 0 1 3 3 1.226025e-13 0.000000e+00
236 388 2.608770e-03 1.646023e-03 0 1 3 3 1.874579e-13 0.000000e+00
236 389 2.608770e-03 2.072220e-03 0 1 3 3 2.730060e-13 0.000000e+00
236 390 2.608770e-03 2.608770e-03 0 1 3 3 0.000000e+00 0.000000e+00
236 391 2.608770e-03 3.284247e-03 0 1 3 3 3.001437e-13 0.000000e+00
236 392 2.608770e-03 4.134622e-03 0 1 3 3 2.170079e-13 0.000000e+00
236 393 2.608770e-03 5.205181e-03 0 1 3 3 1.488209e-13 0.000000e+00
236 394 2.608770e-03 6.552935e-03 0 1 3 3 1.030643e-13 0.000000e+00
236 395 2.608770e-03 8.249656e-03 0 1 3 3 7.366626e-14 0.000000e+00
237 385 3.284247e-03 8.249656e-04 0 1 3 3 3.377384e-14 0.000000e+00
237 386 3.284247e-03 1.038570e-03 0 1 3 3 5.333159e-14 0.000000e+00
237 387 3.284247e-03 1.307482e-03 0 1 3 3 8.397672e-14 0.000000e+00
237 388 3.284247e-03 1.646023e-03 0 1 3 3 1.314612e-13 0.000000e+00
237 389 3.284247e-03 2.072220e-03 0 1 3 3 2.029376e-13 0.000000e+00
237 390 3.284247e-03 2.608770e-03 0 1 3 3 3.001437e-13 0.000000e+00
237 391 3.284247e-03 3.284247e-03 0 1 3 3 0.000000e+00 0.000000e+00
237 392 3.284247e-03 4.134622e-03 0 1 3 3 3.257633e-13 0.000000e+00
237 393 3.284247e-03 5.205181e-03 0 1 3 3 2.325004e-13 0.000000e+00
237 394 3.284247e-03 6.552935e-03 0 1 3 3 1.620021e-13 0.000000e+00
237 395 3.284247e-03 8.249656e-03 0 1 3 3 1.158907e-13 0.000000e+00
238 385 4.134622e-03 8.249656e-04 0 1 3 3 2.247719e-14 0.000000e+00
238 386 4.134622e-03 1.038570e-03 0 1 3 3 3.557241e-14 0.000000e+00
238 387 4.134622e-03 1.307482e-03 0 1 3 3 5.624033e-14 0.000000e+00
238 388 4.134622e-03 1.646023e-03 0 1 3 3 8.874807e-14 0.000000e+00
238 389 4.134622e-03 2.072220e-03 0 1 3 3 1.394864e-13 0.000000e+00
238 390 4.134622e-03 2.608770e-03 0 1 3 3 2.170079e-13 0.000000e+00
238 391 4.134622e-03 3.284247e-03 0 1 3 3 3.257633e-13 0.000000e+00
238 392 4.134622e-03 4.134622e-03 0 1 3 3 0.000000e+00 0.000000e+00
238 393 4.134622e-03 5.205181e-03 0 1 3 3 3.530345e-13 0.000000e+00
238 394 4.134622e-03 6.552935e-03 0 1 3 3 2.529953e-13 0.000000e+00
238 395 4.134622e-03 8.249656e-03 0 1 3 3 1.815216e-13 0.000000e+00
239 385 5.205181e-03 8.249656e-04 0 1 3 3 1.511100e-14 0.000000e+00
239 386 5.205181e-03 1.038570e-03 0 1 3 3 2.392873e-14 0.000000e+00
239 387 5.205181e-03 1.307482e-03 0 1 3 3 3.787183e-14 0.000000e+00
239 388 5.205181e-03 1.646023e-03 0 1 3 3 5.988630e-14 0.000000e+00
239 389 5.205181e-03 2.072220e-03 0 1 3 3 9.454961e-14 0.000000e+00
239 390 5.205181e-03 2.608770e-03 0 1 3 3 1.488209e-13 0.000000e+00
239 391 5.205181e-03 3.284247e-03 0 1 3 3 2.325004e-13 0.000000e+00
239 392 5.205181e-03 4.134622e-03 0 1 3 3 3.530345e-13 0.000000e+00
239 393 5.205181e-03 5.205181e-03 0 1 3 3 0.000000e+00 0.000000e+00
239 394 5.205181e-03 6.552935e-03 0 1 3 3 3.862615e-13 0.000000e+00
239 395 5.205181e-03 8.249656e-03 0 1 3 3 2.822129e-13 0.000000e+00
240 385 6.552935e-03 8.249656e-04 0 1 3 3 1.043255e-14 0.000000e+00
240 386 6.552935e-03 1.038570e-03 0 1 3 3 1.652153e-14 0.000000e+00
240 387 6.552935e-03 1.307482e-03 0 1 3 3 2.615240e-14 0.000000e+00
240 388 6.552935e-03 1.646023e-03 0 1 3 3 4.136714e-14 0.000000e+00
240 389 6.552935e-03 2.072220e-03 0 1 3 3 6.535716e-14 0.000000e+00
240 390 6.552935e-03 2.608770e-03 0 1 3 3 1.030643e-13 0.000000e+00
240 391 6.552935e-03 3.284247e-03 0 1 3 3 1.620021e-13 0.000000e+00
240 392 6.552935e-03 4.134622e-03 0 1 3 3 2.529953e-13 0.000000e+00
240 393 6.552935e-03 5.205181e-03 0 1 3 3 3.862615e-13 0.000000e+00
240 394 6.552935e-03 6.552935e-03 0 1 3 3 0.000000e+00 0.000000e+00
240 395 6.552935e-03 8.249656e-03 0 1 3 3 4.302413e-13 0.000000e+00
241 385 8.249656e-03 8.249656e-04 0 1 3 3 7.451170e-15 0.000000e+00
241 386 8.249656e-03 1.038570e-03 0 1 3 3 1.180054e-14 0.000000e+00
241 387 8.249656e-03 1.307482e-03 0 1 3 3 1.868065e-14 0.000000e+00
241 388 8.249656e-03 1.646023e-03 0 1 3 3 2.955170e-14 0.000000e+00
241 389 8.249656e-03 2.072220e-03 0 1 3 3 4.669823e-14 0.000000e+00
241 390 8.249656e-03 2.608770e-03 0 1 3 3 7.366626e-14 0.000000e+00
241 391 8.249656e-03 3.284247e-03 0 1 3 3 1.158907e-13 0.000000e+00
241 392 8.249656e-03 4.134622e-03 0 1 3 3 1.815216e-13 0.000000e+00
241 393 8.249656e-03 5.205181e-03 0 1 3 3 2.822129e-13 0.000000e+00
241 394 8.249656e-03 6.552935e-03 0 1 3 3 4.302413e-13 0.000000e+00
241 395 8.249656e-03 8.249656e-03 0 1 3 3 0.000000e+00 0.000000e+00
