# Please cite the following papers in research using this covariance:
# arXiv: 1601.05779, https://arxiv.org/abs/1601.05779
# arXiv: 1911.11947, https://arxiv.org/abs/1911.11947
# arXiv: 2004.04833, https://arxiv.org/abs/2004.04833
# arXiv: 1804.10663, https://arxiv.org/abs/1804.10663
########################################################
297 407 8.249656e-04 8.249656e-04 1 3 4 1 0.000000e+00 0.000000e+00
297 408 8.249656e-04 1.038570e-03 1 3 4 1 2.503799e-13 0.000000e+00
297 409 8.249656e-04 1.307482e-03 1 3 4 1 2.043825e-13 0.000000e+00
297 410 8.249656e-04 1.646023e-03 1 3 4 1 1.515780e-13 0.000000e+00
297 411 8.249656e-04 2.072220e-03 1 3 4 1 1.071843e-13 0.000000e+00
297 412 8.249656e-04 2.608770e-03 1 3 4 1 7.454695e-14 0.000000e+00
297 413 8.249656e-04 3.284247e-03 1 3 4 1 5.213329e-14 0.000000e+00
297 414 8.249656e-04 4.134622e-03 1 3 4 1 3.718487e-14 0.000000e+00
297 415 8.249656e-04 5.205181e-03 1 3 4 1 2.721678e-14 0.000000e+00
297 416 8.249656e-04 6.552935e-03 1 3 4 1 2.040975e-14 0.000000e+00
297 417 8.249656e-04 8.249656e-03 1 3 4 1 1.556031e-14 0.000000e+00
298 407 1.038570e-03 8.249656e-04 1 3 4 1 2.503799e-13 0.000000e+00
298 408 1.038570e-03 1.038570e-03 1 3 4 1 0.000000e+00 0.000000e+00
298 409 1.038570e-03 1.307482e-03 1 3 4 1 2.938951e-13 0.000000e+00
298 410 1.038570e-03 1.646023e-03 1 3 4 1 2.313087e-13 0.000000e+00
298 411 1.038570e-03 2.072220e-03 1 3 4 1 1.672655e-13 0.000000e+00
298 412 1.038570e-03 2.608770e-03 1 3 4 1 1.173008e-13 0.000000e+00
298 413 1.038570e-03 3.284247e-03 1 3 4 1 8.227694e-14 0.000000e+00
298 414 1.038570e-03 4.134622e-03 1 3 4 1 5.875514e-14 0.000000e+00
298 415 1.038570e-03 5.205181e-03 1 3 4 1 4.303447e-14 0.000000e+00
298 416 1.038570e-03 6.552935e-03 1 3 4 1 3.228942e-14 0.000000e+00
298 417 1.038570e-03 8.249656e-03 1 3 4 1 2.462938e-14 0.000000e+00
299 407 1.307482e-03 8.249656e-04 1 3 4 1 2.043825e-13 0.000000e+00
299 408 1.307482e-03 1.038570e-03 1 3 4 1 2.938951e-13 0.000000e+00
299 409 1.307482e-03 1.307482e-03 1 3 4 1 0.000000e+00 0.000000e+00
299 410 1.307482e-03 1.646023e-03 1 3 4 1 3.365069e-13 0.000000e+00
299 411 1.307482e-03 2.072220e-03 1 3 4 1 2.570981e-13 0.000000e+00
299 412 1.307482e-03 2.608770e-03 1 3 4 1 1.835419e-13 0.000000e+00
299 413 1.307482e-03 3.284247e-03 1 3 4 1 1.294903e-13 0.000000e+00
299 414 1.307482e-03 4.134622e-03 1 3 4 1 9.266684e-14 0.000000e+00
299 415 1.307482e-03 5.205181e-03 1 3 4 1 6.795013e-14 0.000000e+00
299 416 1.307482e-03 6.552935e-03 1 3 4 1 5.102990e-14 0.000000e+00
299 417 1.307482e-03 8.249656e-03 1 3 4 1 3.895452e-14 0.000000e+00
300 407 1.646023e-03 8.249656e-04 1 3 4 1 1.515780e-13 0.000000e+00
300 408 1.646023e-03 1.038570e-03 1 3 4 1 2.313087e-13 0.000000e+00
300 409 1.646023e-03 1.307482e-03 1 3 4 1 3.365069e-13 0.000000e+00
300 410 1.646023e-03 1.646023e-03 1 3 4 1 0.000000e+00 0.000000e+00
300 411 1.646023e-03 2.072220e-03 1 3 4 1 3.786361e-13 0.000000e+00
300 412 1.646023e-03 2.608770e-03 1 3 4 1 2.836496e-13 0.000000e+00
300 413 1.646023e-03 3.284247e-03 1 3 4 1 2.027716e-13 0.000000e+00
300 414 1.646023e-03 4.134622e-03 1 3 4 1 1.457068e-13 0.000000e+00
300 415 1.646023e-03 5.205181e-03 1 3 4 1 1.070506e-13 0.000000e+00
300 416 1.646023e-03 6.552935e-03 1 3 4 1 8.051090e-14 0.000000e+00
300 417 1.646023e-03 8.249656e-03 1 3 4 1 6.153610e-14 0.000000e+00
301 407 2.072220e-03 8.249656e-04 1 3 4 1 1.071843e-13 0.000000e+00
301 408 2.072220e-03 1.038570e-03 1 3 4 1 1.672655e-13 0.000000e+00
301 409 2.072220e-03 1.307482e-03 1 3 4 1 2.570981e-13 0.000000e+00
301 410 2.072220e-03 1.646023e-03 1 3 4 1 3.786361e-13 0.000000e+00
301 411 2.072220e-03 2.072220e-03 1 3 4 1 0.000000e+00 0.000000e+00
301 412 2.072220e-03 2.608770e-03 1 3 4 1 4.223869e-13 0.000000e+00
301 413 2.072220e-03 3.284247e-03 1 3 4 1 3.141787e-13 0.000000e+00
301 414 2.072220e-03 4.134622e-03 1 3 4 1 2.279065e-13 0.000000e+00
301 415 2.072220e-03 5.205181e-03 1 3 4 1 1.680354e-13 0.000000e+00
301 416 2.072220e-03 6.552935e-03 1 3 4 1 1.266789e-13 0.000000e+00
301 417 2.072220e-03 8.249656e-03 1 3 4 1 9.701794e-14 0.000000e+00
302 407 2.608770e-03 8.249656e-04 1 3 4 1 7.454695e-14 0.000000e+00
302 408 2.608770e-03 1.038570e-03 1 3 4 1 1.173008e-13 0.000000e+00
302 409 2.608770e-03 1.307482e-03 1 3 4 1 1.835419e-13 0.000000e+00
302 410 2.608770e-03 1.646023e-03 1 3 4 1 2.836496e-13 0.000000e+00
302 411 2.608770e-03 2.072220e-03 1 3 4 1 4.223869e-13 0.000000e+00
302 412 2.608770e-03 2.608770e-03 1 3 4 1 0.000000e+00 0.000000e+00
302 413 2.608770e-03 3.284247e-03 1 3 4 1 4.715797e-13 0.000000e+00
302 414 2.608770e-03 4.134622e-03 1 3 4 1 3.529056e-13 0.000000e+00
302 415 2.608770e-03 5.205181e-03 1 3 4 1 2.621597e-13 0.000000e+00
302 416 2.608770e-03 6.552935e-03 1 3 4 1 1.984429e-13 0.000000e+00
302 417 2.608770e-03 8.249656e-03 1 3 4 1 1.524756e-13 0.000000e+00
303 407 3.284247e-03 8.249656e-04 1 3 4 1 5.213329e-14 0.000000e+00
303 408 3.284247e-03 1.038570e-03 1 3 4 1 8.227694e-14 0.000000e+00
303 409 3.284247e-03 1.307482e-03 1 3 4 1 1.294903e-13 0.000000e+00
303 410 3.284247e-03 1.646023e-03 1 3 4 1 2.027716e-13 0.000000e+00
303 411 3.284247e-03 2.072220e-03 1 3 4 1 3.141787e-13 0.000000e+00
303 412 3.284247e-03 2.608770e-03 1 3 4 1 4.715797e-13 0.000000e+00
303 413 3.284247e-03 3.284247e-03 1 3 4 1 0.000000e+00 0.000000e+00
303 414 3.284247e-03 4.134622e-03 1 3 4 1 5.315124e-13 0.000000e+00
303 415 3.284247e-03 5.205181e-03 1 3 4 1 4.045911e-13 0.000000e+00
303 416 3.284247e-03 6.552935e-03 1 3 4 1 3.085993e-13 0.000000e+00
303 417 3.284247e-03 8.249656e-03 1 3 4 1 2.384006e-13 0.000000e+00
304 407 4.134622e-03 8.249656e-04 1 3 4 1 3.718487e-14 0.000000e+00
304 408 4.134622e-03 1.038570e-03 1 3 4 1 5.875514e-14 0.000000e+00
304 409 4.134622e-03 1.307482e-03 1 3 4 1 9.266684e-14 0.000000e+00
304 410 4.134622e-03 1.646023e-03 1 3 4 1 1.457068e-13 0.000000e+00
304 411 4.134622e-03 2.072220e-03 1 3 4 1 2.279065e-13 0.000000e+00
304 412 4.134622e-03 2.608770e-03 1 3 4 1 3.529056e-13 0.000000e+00
304 413 4.134622e-03 3.284247e-03 1 3 4 1 5.315124e-13 0.000000e+00
304 414 4.134622e-03 4.134622e-03 1 3 4 1 0.000000e+00 0.000000e+00
304 415 4.134622e-03 5.205181e-03 1 3 4 1 6.084532e-13 0.000000e+00
304 416 4.134622e-03 6.552935e-03 1 3 4 1 4.739013e-13 0.000000e+00
304 417 4.134622e-03 8.249656e-03 1 3 4 1 3.695640e-13 0.000000e+00
305 407 5.205181e-03 8.249656e-04 1 3 4 1 2.721678e-14 0.000000e+00
305 408 5.205181e-03 1.038570e-03 1 3 4 1 4.303447e-14 0.000000e+00
305 409 5.205181e-03 1.307482e-03 1 3 4 1 6.795013e-14 0.000000e+00
305 410 5.205181e-03 1.646023e-03 1 3 4 1 1.070506e-13 0.000000e+00
305 411 5.205181e-03 2.072220e-03 1 3 4 1 1.680354e-13 0.000000e+00
305 412 5.205181e-03 2.608770e-03 1 3 4 1 2.621597e-13 0.000000e+00
305 413 5.205181e-03 3.284247e-03 1 3 4 1 4.045911e-13 0.000000e+00
305 414 5.205181e-03 4.134622e-03 1 3 4 1 6.084532e-13 0.000000e+00
305 415 5.205181e-03 5.205181e-03 1 3 4 1 0.000000e+00 0.000000e+00
305 416 5.205181e-03 6.552935e-03 1 3 4 1 7.088030e-13 0.000000e+00
305 417 5.205181e-03 8.249656e-03 1 3 4 1 5.645035e-13 0.000000e+00
306 407 6.552935e-03 8.249656e-04 1 3 4 1 2.040975e-14 0.000000e+00
306 408 6.552935e-03 1.038570e-03 1 3 4 1 3.228942e-14 0.000000e+00
306 409 6.552935e-03 1.307482e-03 1 3 4 1 5.102990e-14 0.000000e+00
306 410 6.552935e-03 1.646023e-03 1 3 4 1 8.051090e-14 0.000000e+00
306 411 6.552935e-03 2.072220e-03 1 3 4 1 1.266789e-13 0.000000e+00
306 412 6.552935e-03 2.608770e-03 1 3 4 1 1.984429e-13 0.000000e+00
306 413 6.552935e-03 3.284247e-03 1 3 4 1 3.085993e-13 0.000000e+00
306 414 6.552935e-03 4.134622e-03 1 3 4 1 4.739013e-13 0.000000e+00
306 415 6.552935e-03 5.205181e-03 1 3 4 1 7.088030e-13 0.000000e+00
306 416 6.552935e-03 6.552935e-03 1 3 4 1 0.000000e+00 0.000000e+00
306 417 6.552935e-03 8.249656e-03 1 3 4 1 8.378020e-13 0.000000e+00
307 407 8.249656e-03 8.249656e-04 1 3 4 1 1.556031e-14 0.000000e+00
307 408 8.249656e-03 1.038570e-03 1 3 4 1 2.462938e-14 0.000000e+00
307 409 8.249656e-03 1.307482e-03 1 3 4 1 3.895452e-14 0.000000e+00
307 410 8.249656e-03 1.646023e-03 1 3 4 1 6.153610e-14 0.000000e+00
307 411 8.249656e-03 2.072220e-03 1 3 4 1 9.701794e-14 0.000000e+00
307 412 8.249656e-03 2.608770e-03 1 3 4 1 1.524756e-13 0.000000e+00
307 413 8.249656e-03 3.284247e-03 1 3 4 1 2.384006e-13 0.000000e+00
307 414 8.249656e-03 4.134622e-03 1 3 4 1 3.695640e-13 0.000000e+00
307 415 8.249656e-03 5.205181e-03 1 3 4 1 5.645035e-13 0.000000e+00
307 416 8.249656e-03 6.552935e-03 1 3 4 1 8.378020e-13 0.000000e+00
307 417 8.249656e-03 8.249656e-03 1 3 4 1 0.000000e+00 0.000000e+00
