# Please cite the following papers in research using this covariance:
# arXiv: 1601.05779, https://arxiv.org/abs/1601.05779
# arXiv: 1911.11947, https://arxiv.org/abs/1911.11947
# arXiv: 2004.04833, https://arxiv.org/abs/2004.04833
# arXiv: 1804.10663, https://arxiv.org/abs/1804.10663
########################################################
253 451 8.249656e-04 8.249656e-04 0 3 5 1 0.000000e+00 0.000000e+00
253 452 8.249656e-04 1.038570e-03 0 3 5 1 3.071845e-13 0.000000e+00
253 453 8.249656e-04 1.307482e-03 0 3 5 1 2.627336e-13 0.000000e+00
253 454 8.249656e-04 1.646023e-03 0 3 5 1 2.042011e-13 0.000000e+00
253 455 8.249656e-04 2.072220e-03 0 3 5 1 1.497152e-13 0.000000e+00
253 456 8.249656e-04 2.608770e-03 0 3 5 1 1.060959e-13 0.000000e+00
253 457 8.249656e-04 3.284247e-03 0 3 5 1 7.410585e-14 0.000000e+00
253 458 8.249656e-04 4.134622e-03 0 3 5 1 5.183442e-14 0.000000e+00
253 459 8.249656e-04 5.205181e-03 0 3 5 1 3.670730e-14 0.000000e+00
253 460 8.249656e-04 6.552935e-03 0 3 5 1 2.645257e-14 0.000000e+00
253 461 8.249656e-04 8.249656e-03 0 3 5 1 1.938735e-14 0.000000e+00
254 451 1.038570e-03 8.249656e-04 0 3 5 1 3.071845e-13 0.000000e+00
254 452 1.038570e-03 1.038570e-03 0 3 5 1 0.000000e+00 0.000000e+00
254 453 1.038570e-03 1.307482e-03 0 3 5 1 3.744465e-13 0.000000e+00
254 454 1.038570e-03 1.646023e-03 0 3 5 1 3.087609e-13 0.000000e+00
254 455 1.038570e-03 2.072220e-03 0 3 5 1 2.322865e-13 0.000000e+00
254 456 1.038570e-03 2.608770e-03 0 3 5 1 1.665045e-13 0.000000e+00
254 457 1.038570e-03 3.284247e-03 0 3 5 1 1.168723e-13 0.000000e+00
254 458 1.038570e-03 4.134622e-03 0 3 5 1 8.191610e-14 0.000000e+00
254 459 1.038570e-03 5.205181e-03 0 3 5 1 5.806395e-14 0.000000e+00
254 460 1.038570e-03 6.552935e-03 0 3 5 1 4.186513e-14 0.000000e+00
254 461 1.038570e-03 8.249656e-03 0 3 5 1 3.069517e-14 0.000000e+00
255 451 1.307482e-03 8.249656e-04 0 3 5 1 2.627336e-13 0.000000e+00
255 452 1.307482e-03 1.038570e-03 0 3 5 1 3.744465e-13 0.000000e+00
255 453 1.307482e-03 1.307482e-03 0 3 5 1 0.000000e+00 0.000000e+00
255 454 1.307482e-03 1.646023e-03 0 3 5 1 4.436325e-13 0.000000e+00
255 455 1.307482e-03 2.072220e-03 0 3 5 1 3.535962e-13 0.000000e+00
255 456 1.307482e-03 2.608770e-03 0 3 5 1 2.593205e-13 0.000000e+00
255 457 1.307482e-03 3.284247e-03 0 3 5 1 1.836957e-13 0.000000e+00
255 458 1.307482e-03 4.134622e-03 0 3 5 1 1.292212e-13 0.000000e+00
255 459 1.307482e-03 5.205181e-03 0 3 5 1 9.173843e-14 0.000000e+00
255 460 1.307482e-03 6.552935e-03 0 3 5 1 6.620231e-14 0.000000e+00
255 461 1.307482e-03 8.249656e-03 0 3 5 1 4.856893e-14 0.000000e+00
256 451 1.646023e-03 8.249656e-04 0 3 5 1 2.042011e-13 0.000000e+00
256 452 1.646023e-03 1.038570e-03 0 3 5 1 3.087609e-13 0.000000e+00
256 453 1.646023e-03 1.307482e-03 0 3 5 1 4.436325e-13 0.000000e+00
256 454 1.646023e-03 1.646023e-03 0 3 5 1 0.000000e+00 0.000000e+00
256 455 1.646023e-03 2.072220e-03 0 3 5 1 5.131020e-13 0.000000e+00
256 456 1.646023e-03 2.608770e-03 0 3 5 1 3.973460e-13 0.000000e+00
256 457 1.646023e-03 3.284247e-03 0 3 5 1 2.868890e-13 0.000000e+00
256 458 1.646023e-03 4.134622e-03 0 3 5 1 2.032122e-13 0.000000e+00
256 459 1.646023e-03 5.205181e-03 0 3 5 1 1.446652e-13 0.000000e+00
256 460 1.646023e-03 6.552935e-03 0 3 5 1 1.045461e-13 0.000000e+00
256 461 1.646023e-03 8.249656e-03 0 3 5 1 7.677569e-14 0.000000e+00
257 451 2.072220e-03 8.249656e-04 0 3 5 1 1.497152e-13 0.000000e+00
257 452 2.072220e-03 1.038570e-03 0 3 5 1 2.322865e-13 0.000000e+00
257 453 2.072220e-03 1.307482e-03 0 3 5 1 3.535962e-13 0.000000e+00
257 454 2.072220e-03 1.646023e-03 0 3 5 1 5.131020e-13 0.000000e+00
257 455 2.072220e-03 2.072220e-03 0 3 5 1 0.000000e+00 0.000000e+00
257 456 2.072220e-03 2.608770e-03 0 3 5 1 5.828081e-13 0.000000e+00
257 457 2.072220e-03 3.284247e-03 0 3 5 1 4.419312e-13 0.000000e+00
257 458 2.072220e-03 4.134622e-03 0 3 5 1 3.177606e-13 0.000000e+00
257 459 2.072220e-03 5.205181e-03 0 3 5 1 2.273978e-13 0.000000e+00
257 460 2.072220e-03 6.552935e-03 0 3 5 1 1.647384e-13 0.000000e+00
257 461 2.072220e-03 8.249656e-03 0 3 5 1 1.211747e-13 0.000000e+00
258 451 2.608770e-03 8.249656e-04 0 3 5 1 1.060959e-13 0.000000e+00
258 452 2.608770e-03 1.038570e-03 0 3 5 1 1.665045e-13 0.000000e+00
258 453 2.608770e-03 1.307482e-03 0 3 5 1 2.593205e-13 0.000000e+00
258 454 2.608770e-03 1.646023e-03 0 3 5 1 3.973460e-13 0.000000e+00
258 455 2.608770e-03 2.072220e-03 0 3 5 1 5.828081e-13 0.000000e+00
258 456 2.608770e-03 2.608770e-03 0 3 5 1 0.000000e+00 0.000000e+00
258 457 2.608770e-03 3.284247e-03 0 3 5 1 6.548050e-13 0.000000e+00
258 458 2.608770e-03 4.134622e-03 0 3 5 1 4.910099e-13 0.000000e+00
258 459 2.608770e-03 5.205181e-03 0 3 5 1 3.554436e-13 0.000000e+00
258 460 2.608770e-03 6.552935e-03 0 3 5 1 2.586552e-13 0.000000e+00
258 461 2.608770e-03 8.249656e-03 0 3 5 1 1.907673e-13 0.000000e+00
259 451 3.284247e-03 8.249656e-04 0 3 5 1 7.410585e-14 0.000000e+00
259 452 3.284247e-03 1.038570e-03 0 3 5 1 1.168723e-13 0.000000e+00
259 453 3.284247e-03 1.307482e-03 0 3 5 1 1.836957e-13 0.000000e+00
259 454 3.284247e-03 1.646023e-03 0 3 5 1 2.868890e-13 0.000000e+00
259 455 3.284247e-03 2.072220e-03 0 3 5 1 4.419312e-13 0.000000e+00
259 456 3.284247e-03 2.608770e-03 0 3 5 1 6.548050e-13 0.000000e+00
259 457 3.284247e-03 3.284247e-03 0 3 5 1 0.000000e+00 0.000000e+00
259 458 3.284247e-03 4.134622e-03 0 3 5 1 7.332970e-13 0.000000e+00
259 459 3.284247e-03 5.205181e-03 0 3 5 1 5.494989e-13 0.000000e+00
259 460 3.284247e-03 6.552935e-03 0 3 5 1 4.036407e-13 0.000000e+00
259 461 3.284247e-03 8.249656e-03 0 3 5 1 2.990883e-13 0.000000e+00
260 451 4.134622e-03 8.249656e-04 0 3 5 1 5.183442e-14 0.000000e+00
260 452 4.134622e-03 1.038570e-03 0 3 5 1 8.191610e-14 0.000000e+00
260 453 4.134622e-03 1.307482e-03 0 3 5 1 1.292212e-13 0.000000e+00
260 454 4.134622e-03 1.646023e-03 0 3 5 1 2.032122e-13 0.000000e+00
260 455 4.134622e-03 2.072220e-03 0 3 5 1 3.177606e-13 0.000000e+00
260 456 4.134622e-03 2.608770e-03 0 3 5 1 4.910099e-13 0.000000e+00
260 457 4.134622e-03 3.284247e-03 0 3 5 1 7.332970e-13 0.000000e+00
260 458 4.134622e-03 4.134622e-03 0 3 5 1 0.000000e+00 0.000000e+00
260 459 4.134622e-03 5.205181e-03 0 3 5 1 8.242625e-13 0.000000e+00
260 460 4.134622e-03 6.552935e-03 0 3 5 1 6.228459e-13 0.000000e+00
260 461 4.134622e-03 8.249656e-03 0 3 5 1 4.656685e-13 0.000000e+00
261 451 5.205181e-03 8.249656e-04 0 3 5 1 3.670730e-14 0.000000e+00
261 452 5.205181e-03 1.038570e-03 0 3 5 1 5.806395e-14 0.000000e+00
261 453 5.205181e-03 1.307482e-03 0 3 5 1 9.173843e-14 0.000000e+00
261 454 5.205181e-03 1.646023e-03 0 3 5 1 1.446652e-13 0.000000e+00
261 455 5.205181e-03 2.072220e-03 0 3 5 1 2.273978e-13 0.000000e+00
261 456 5.205181e-03 2.608770e-03 0 3 5 1 3.554436e-13 0.000000e+00
261 457 5.205181e-03 3.284247e-03 0 3 5 1 5.494989e-13 0.000000e+00
261 458 5.205181e-03 4.134622e-03 0 3 5 1 8.242625e-13 0.000000e+00
261 459 5.205181e-03 5.205181e-03 0 3 5 1 0.000000e+00 0.000000e+00
261 460 5.205181e-03 6.552935e-03 0 3 5 1 9.347020e-13 0.000000e+00
261 461 5.205181e-03 8.249656e-03 0 3 5 1 7.161291e-13 0.000000e+00
262 451 6.552935e-03 8.249656e-04 0 3 5 1 2.645257e-14 0.000000e+00
262 452 6.552935e-03 1.038570e-03 0 3 5 1 4.186513e-14 0.000000e+00
262 453 6.552935e-03 1.307482e-03 0 3 5 1 6.620231e-14 0.000000e+00
262 454 6.552935e-03 1.646023e-03 0 3 5 1 1.045461e-13 0.000000e+00
262 455 6.552935e-03 2.072220e-03 0 3 5 1 1.647384e-13 0.000000e+00
262 456 6.552935e-03 2.608770e-03 0 3 5 1 2.586552e-13 0.000000e+00
262 457 6.552935e-03 3.284247e-03 0 3 5 1 4.036407e-13 0.000000e+00
262 458 6.552935e-03 4.134622e-03 0 3 5 1 6.228459e-13 0.000000e+00
262 459 6.552935e-03 5.205181e-03 0 3 5 1 9.347020e-13 0.000000e+00
262 460 6.552935e-03 6.552935e-03 0 3 5 1 0.000000e+00 0.000000e+00
262 461 6.552935e-03 8.249656e-03 0 3 5 1 1.071473e-12 0.000000e+00
263 451 8.249656e-03 8.249656e-04 0 3 5 1 1.938735e-14 0.000000e+00
263 452 8.249656e-03 1.038570e-03 0 3 5 1 3.069517e-14 0.000000e+00
263 453 8.249656e-03 1.307482e-03 0 3 5 1 4.856893e-14 0.000000e+00
263 454 8.249656e-03 1.646023e-03 0 3 5 1 7.677569e-14 0.000000e+00
263 455 8.249656e-03 2.072220e-03 0 3 5 1 1.211747e-13 0.000000e+00
263 456 8.249656e-03 2.608770e-03 0 3 5 1 1.907673e-13 0.000000e+00
263 457 8.249656e-03 3.284247e-03 0 3 5 1 2.990883e-13 0.000000e+00
263 458 8.249656e-03 4.134622e-03 0 3 5 1 4.656685e-13 0.000000e+00
263 459 8.249656e-03 5.205181e-03 0 3 5 1 7.161291e-13 0.000000e+00
263 460 8.249656e-03 6.552935e-03 0 3 5 1 1.071473e-12 0.000000e+00
263 461 8.249656e-03 8.249656e-03 0 3 5 1 0.000000e+00 0.000000e+00
