# Please cite the following papers in research using this covariance:
# arXiv: 1601.05779, https://arxiv.org/abs/1601.05779
# arXiv: 1911.11947, https://arxiv.org/abs/1911.11947
# arXiv: 2004.04833, https://arxiv.org/abs/2004.04833
# arXiv: 1804.10663, https://arxiv.org/abs/1804.10663
########################################################
407 440 8.249656e-04 8.249656e-04 4 1 5 0 0.000000e+00 0.000000e+00
407 441 8.249656e-04 1.038570e-03 4 1 5 0 1.299753e-13 0.000000e+00
407 442 8.249656e-04 1.307482e-03 4 1 5 0 1.114276e-13 0.000000e+00
407 443 8.249656e-04 1.646023e-03 4 1 5 0 8.880361e-14 0.000000e+00
407 444 8.249656e-04 2.072220e-03 4 1 5 0 6.855191e-14 0.000000e+00
407 445 8.249656e-04 2.608770e-03 4 1 5 0 5.228957e-14 0.000000e+00
407 446 8.249656e-04 3.284247e-03 4 1 5 0 3.975624e-14 0.000000e+00
407 447 8.249656e-04 4.134622e-03 4 1 5 0 3.017468e-14 0.000000e+00
407 448 8.249656e-04 5.205181e-03 4 1 5 0 2.279919e-14 0.000000e+00
407 449 8.249656e-04 6.552935e-03 4 1 5 0 1.707229e-14 0.000000e+00
407 450 8.249656e-04 8.249656e-03 4 1 5 0 1.261679e-14 0.000000e+00
408 440 1.038570e-03 8.249656e-04 4 1 5 0 1.299753e-13 0.000000e+00
408 441 1.038570e-03 1.038570e-03 4 1 5 0 0.000000e+00 0.000000e+00
408 442 1.038570e-03 1.307482e-03 4 1 5 0 1.600047e-13 0.000000e+00
408 443 1.038570e-03 1.646023e-03 4 1 5 0 1.345238e-13 0.000000e+00
408 444 1.038570e-03 2.072220e-03 4 1 5 0 1.061217e-13 0.000000e+00
408 445 1.038570e-03 2.608770e-03 4 1 5 0 8.175568e-14 0.000000e+00
408 446 1.038570e-03 3.284247e-03 4 1 5 0 6.248212e-14 0.000000e+00
408 447 1.038570e-03 4.134622e-03 4 1 5 0 4.756837e-14 0.000000e+00
408 448 1.038570e-03 5.205181e-03 4 1 5 0 3.601164e-14 0.000000e+00
408 449 1.038570e-03 6.552935e-03 4 1 5 0 2.700072e-14 0.000000e+00
408 450 1.038570e-03 8.249656e-03 4 1 5 0 1.997066e-14 0.000000e+00
409 440 1.307482e-03 8.249656e-04 4 1 5 0 1.114276e-13 0.000000e+00
409 441 1.307482e-03 1.038570e-03 4 1 5 0 1.600047e-13 0.000000e+00
409 442 1.307482e-03 1.307482e-03 4 1 5 0 0.000000e+00 0.000000e+00
409 443 1.307482e-03 1.646023e-03 4 1 5 0 1.944063e-13 0.000000e+00
409 444 1.307482e-03 2.072220e-03 4 1 5 0 1.612159e-13 0.000000e+00
409 445 1.307482e-03 2.608770e-03 4 1 5 0 1.266372e-13 0.000000e+00
409 446 1.307482e-03 3.284247e-03 4 1 5 0 9.767429e-14 0.000000e+00
409 447 1.307482e-03 4.134622e-03 4 1 5 0 7.474201e-14 0.000000e+00
409 448 1.307482e-03 5.205181e-03 4 1 5 0 5.676427e-14 0.000000e+00
409 449 1.307482e-03 6.552935e-03 4 1 5 0 4.264921e-14 0.000000e+00
409 450 1.307482e-03 8.249656e-03 4 1 5 0 3.158687e-14 0.000000e+00
410 440 1.646023e-03 8.249656e-04 4 1 5 0 8.880361e-14 0.000000e+00
410 441 1.646023e-03 1.038570e-03 4 1 5 0 1.345238e-13 0.000000e+00
410 442 1.646023e-03 1.307482e-03 4 1 5 0 1.944063e-13 0.000000e+00
410 443 1.646023e-03 1.646023e-03 4 1 5 0 0.000000e+00 0.000000e+00
410 444 1.646023e-03 2.072220e-03 4 1 5 0 2.342706e-13 0.000000e+00
410 445 1.646023e-03 2.608770e-03 4 1 5 0 1.926757e-13 0.000000e+00
410 446 1.646023e-03 3.284247e-03 4 1 5 0 1.512732e-13 0.000000e+00
410 447 1.646023e-03 4.134622e-03 4 1 5 0 1.167964e-13 0.000000e+00
410 448 1.646023e-03 5.205181e-03 4 1 5 0 8.917627e-14 0.000000e+00
410 449 1.646023e-03 6.552935e-03 4 1 5 0 6.722927e-14 0.000000e+00
410 450 1.646023e-03 8.249656e-03 4 1 5 0 4.989867e-14 0.000000e+00
411 440 2.072220e-03 8.249656e-04 4 1 5 0 6.855191e-14 0.000000e+00
411 441 2.072220e-03 1.038570e-03 4 1 5 0 1.061217e-13 0.000000e+00
411 442 2.072220e-03 1.307482e-03 4 1 5 0 1.612159e-13 0.000000e+00
411 443 2.072220e-03 1.646023e-03 4 1 5 0 2.342706e-13 0.000000e+00
411 444 2.072220e-03 2.072220e-03 4 1 5 0 0.000000e+00 0.000000e+00
411 445 2.072220e-03 2.608770e-03 4 1 5 0 2.810913e-13 0.000000e+00
411 446 2.072220e-03 3.284247e-03 4 1 5 0 2.302177e-13 0.000000e+00
411 447 2.072220e-03 4.134622e-03 4 1 5 0 1.807928e-13 0.000000e+00
411 448 2.072220e-03 5.205181e-03 4 1 5 0 1.393130e-13 0.000000e+00
411 449 2.072220e-03 6.552935e-03 4 1 5 0 1.056207e-13 0.000000e+00
411 450 2.072220e-03 8.249656e-03 4 1 5 0 7.867014e-14 0.000000e+00
412 440 2.608770e-03 8.249656e-04 4 1 5 0 5.228957e-14 0.000000e+00
412 441 2.608770e-03 1.038570e-03 4 1 5 0 8.175568e-14 0.000000e+00
412 442 2.608770e-03 1.307482e-03 4 1 5 0 1.266372e-13 0.000000e+00
412 443 2.608770e-03 1.646023e-03 4 1 5 0 1.926757e-13 0.000000e+00
412 444 2.608770e-03 2.072220e-03 4 1 5 0 2.810913e-13 0.000000e+00
412 445 2.608770e-03 2.608770e-03 4 1 5 0 0.000000e+00 0.000000e+00
412 446 2.608770e-03 3.284247e-03 4 1 5 0 3.365483e-13 0.000000e+00
412 447 2.608770e-03 4.134622e-03 4 1 5 0 2.749835e-13 0.000000e+00
412 448 2.608770e-03 5.205181e-03 4 1 5 0 2.155435e-13 0.000000e+00
412 449 2.608770e-03 6.552935e-03 4 1 5 0 1.650057e-13 0.000000e+00
412 450 2.608770e-03 8.249656e-03 4 1 5 0 1.236267e-13 0.000000e+00
413 440 3.284247e-03 8.249656e-04 4 1 5 0 3.975624e-14 0.000000e+00
413 441 3.284247e-03 1.038570e-03 4 1 5 0 6.248212e-14 0.000000e+00
413 442 3.284247e-03 1.307482e-03 4 1 5 0 9.767429e-14 0.000000e+00
413 443 3.284247e-03 1.646023e-03 4 1 5 0 1.512732e-13 0.000000e+00
413 444 3.284247e-03 2.072220e-03 4 1 5 0 2.302177e-13 0.000000e+00
413 445 3.284247e-03 2.608770e-03 4 1 5 0 3.365483e-13 0.000000e+00
413 446 3.284247e-03 3.284247e-03 4 1 5 0 0.000000e+00 0.000000e+00
413 447 3.284247e-03 4.134622e-03 4 1 5 0 4.021486e-13 0.000000e+00
413 448 3.284247e-03 5.205181e-03 4 1 5 0 3.275898e-13 0.000000e+00
413 449 3.284247e-03 6.552935e-03 4 1 5 0 2.552756e-13 0.000000e+00
413 450 3.284247e-03 8.249656e-03 4 1 5 0 1.932074e-13 0.000000e+00
414 440 4.134622e-03 8.249656e-04 4 1 5 0 3.017468e-14 0.000000e+00
414 441 4.134622e-03 1.038570e-03 4 1 5 0 4.756837e-14 0.000000e+00
414 442 4.134622e-03 1.307482e-03 4 1 5 0 7.474201e-14 0.000000e+00
414 443 4.134622e-03 1.646023e-03 4 1 5 0 1.167964e-13 0.000000e+00
414 444 4.134622e-03 2.072220e-03 4 1 5 0 1.807928e-13 0.000000e+00
414 445 4.134622e-03 2.608770e-03 4 1 5 0 2.749835e-13 0.000000e+00
414 446 4.134622e-03 3.284247e-03 4 1 5 0 4.021486e-13 0.000000e+00
414 447 4.134622e-03 4.134622e-03 4 1 5 0 0.000000e+00 0.000000e+00
414 448 4.134622e-03 5.205181e-03 4 1 5 0 4.788189e-13 0.000000e+00
414 449 4.134622e-03 6.552935e-03 4 1 5 0 3.878442e-13 0.000000e+00
414 450 4.134622e-03 8.249656e-03 4 1 5 0 2.990503e-13 0.000000e+00
415 440 5.205181e-03 8.249656e-04 4 1 5 0 2.279919e-14 0.000000e+00
415 441 5.205181e-03 1.038570e-03 4 1 5 0 3.601164e-14 0.000000e+00
415 442 5.205181e-03 1.307482e-03 4 1 5 0 5.676427e-14 0.000000e+00
415 443 5.205181e-03 1.646023e-03 4 1 5 0 8.917627e-14 0.000000e+00
415 444 5.205181e-03 2.072220e-03 4 1 5 0 1.393130e-13 0.000000e+00
415 445 5.205181e-03 2.608770e-03 4 1 5 0 2.155435e-13 0.000000e+00
415 446 5.205181e-03 3.284247e-03 4 1 5 0 3.275898e-13 0.000000e+00
415 447 5.205181e-03 4.134622e-03 4 1 5 0 4.788189e-13 0.000000e+00
415 448 5.205181e-03 5.205181e-03 4 1 5 0 0.000000e+00 0.000000e+00
415 449 5.205181e-03 6.552935e-03 4 1 5 0 5.665301e-13 0.000000e+00
415 450 5.205181e-03 8.249656e-03 4 1 5 0 4.545560e-13 0.000000e+00
416 440 6.552935e-03 8.249656e-04 4 1 5 0 1.707229e-14 0.000000e+00
416 441 6.552935e-03 1.038570e-03 4 1 5 0 2.700072e-14 0.000000e+00
416 442 6.552935e-03 1.307482e-03 4 1 5 0 4.264921e-14 0.000000e+00
416 443 6.552935e-03 1.646023e-03 4 1 5 0 6.722927e-14 0.000000e+00
416 444 6.552935e-03 2.072220e-03 4 1 5 0 1.056207e-13 0.000000e+00
416 445 6.552935e-03 2.608770e-03 4 1 5 0 1.650057e-13 0.000000e+00
416 446 6.552935e-03 3.284247e-03 4 1 5 0 2.552756e-13 0.000000e+00
416 447 6.552935e-03 4.134622e-03 4 1 5 0 3.878442e-13 0.000000e+00
416 448 6.552935e-03 5.205181e-03 4 1 5 0 5.665301e-13 0.000000e+00
416 449 6.552935e-03 6.552935e-03 4 1 5 0 0.000000e+00 0.000000e+00
416 450 6.552935e-03 8.249656e-03 4 1 5 0 6.639870e-13 0.000000e+00
417 440 8.249656e-03 8.249656e-04 4 1 5 0 1.261679e-14 0.000000e+00
417 441 8.249656e-03 1.038570e-03 4 1 5 0 1.997066e-14 0.000000e+00
417 442 8.249656e-03 1.307482e-03 4 1 5 0 3.158687e-14 0.000000e+00
417 443 8.249656e-03 1.646023e-03 4 1 5 0 4.989867e-14 0.000000e+00
417 444 8.249656e-03 2.072220e-03 4 1 5 0 7.867014e-14 0.000000e+00
417 445 8.249656e-03 2.608770e-03 4 1 5 0 1.236267e-13 0.000000e+00
417 446 8.249656e-03 3.284247e-03 4 1 5 0 1.932074e-13 0.000000e+00
417 447 8.249656e-03 4.134622e-03 4 1 5 0 2.990503e-13 0.000000e+00
417 448 8.249656e-03 5.205181e-03 4 1 5 0 4.545560e-13 0.000000e+00
417 449 8.249656e-03 6.552935e-03 4 1 5 0 6.639870e-13 0.000000e+00
417 450 8.249656e-03 8.249656e-03 4 1 5 0 0.000000e+00 0.000000e+00
