# Please cite the following papers in research using this covariance:
# arXiv: 1601.05779, https://arxiv.org/abs/1601.05779
# arXiv: 1911.11947, https://arxiv.org/abs/1911.11947
# arXiv: 2004.04833, https://arxiv.org/abs/2004.04833
# arXiv: 1804.10663, https://arxiv.org/abs/1804.10663
########################################################
220 462 8.249656e-04 8.249656e-04 0 0 5 2 0.000000e+00 0.000000e+00
220 463 8.249656e-04 1.038570e-03 0 0 5 2 9.803892e-14 0.000000e+00
220 464 8.249656e-04 1.307482e-03 0 0 5 2 8.657232e-14 0.000000e+00
220 465 8.249656e-04 1.646023e-03 0 0 5 2 6.923336e-14 0.000000e+00
220 466 8.249656e-04 2.072220e-03 0 0 5 2 5.172045e-14 0.000000e+00
220 467 8.249656e-04 2.608770e-03 0 0 5 2 3.684033e-14 0.000000e+00
220 468 8.249656e-04 3.284247e-03 0 0 5 2 2.548035e-14 0.000000e+00
220 469 8.249656e-04 4.134622e-03 0 0 5 2 1.742239e-14 0.000000e+00
220 470 8.249656e-04 5.205181e-03 0 0 5 2 1.197389e-14 0.000000e+00
220 471 8.249656e-04 6.552935e-03 0 0 5 2 8.375885e-15 0.000000e+00
220 472 8.249656e-04 8.249656e-03 0 0 5 2 5.997510e-15 0.000000e+00
221 462 1.038570e-03 8.249656e-04 0 0 5 2 9.803892e-14 0.000000e+00
221 463 1.038570e-03 1.038570e-03 0 0 5 2 0.000000e+00 0.000000e+00
221 464 1.038570e-03 1.307482e-03 0 0 5 2 1.226105e-13 0.000000e+00
221 465 1.038570e-03 1.646023e-03 0 0 5 2 1.040793e-13 0.000000e+00
221 466 1.038570e-03 2.072220e-03 0 0 5 2 7.997162e-14 0.000000e+00
221 467 1.038570e-03 2.608770e-03 0 0 5 2 5.773777e-14 0.000000e+00
221 468 1.038570e-03 3.284247e-03 0 0 5 2 4.018200e-14 0.000000e+00
221 469 1.038570e-03 4.134622e-03 0 0 5 2 2.754629e-14 0.000000e+00
221 470 1.038570e-03 5.205181e-03 0 0 5 2 1.895047e-14 0.000000e+00
221 471 1.038570e-03 6.552935e-03 0 0 5 2 1.326112e-14 0.000000e+00
221 472 1.038570e-03 8.249656e-03 0 0 5 2 9.497587e-15 0.000000e+00
222 462 1.307482e-03 8.249656e-04 0 0 5 2 8.657232e-14 0.000000e+00
222 463 1.307482e-03 1.038570e-03 0 0 5 2 1.226105e-13 0.000000e+00
222 464 1.307482e-03 1.307482e-03 0 0 5 2 0.000000e+00 0.000000e+00
222 465 1.307482e-03 1.646023e-03 0 0 5 2 1.483279e-13 0.000000e+00
222 466 1.307482e-03 2.072220e-03 0 0 5 2 1.210313e-13 0.000000e+00
222 467 1.307482e-03 2.608770e-03 0 0 5 2 8.970033e-14 0.000000e+00
222 468 1.307482e-03 3.284247e-03 0 0 5 2 6.313952e-14 0.000000e+00
222 469 1.307482e-03 4.134622e-03 0 0 5 2 4.348420e-14 0.000000e+00
222 470 1.307482e-03 5.205181e-03 0 0 5 2 2.996592e-14 0.000000e+00
222 471 1.307482e-03 6.552935e-03 0 0 5 2 2.098280e-14 0.000000e+00
222 472 1.307482e-03 8.249656e-03 0 0 5 2 1.503303e-14 0.000000e+00
223 462 1.646023e-03 8.249656e-04 0 0 5 2 6.923336e-14 0.000000e+00
223 463 1.646023e-03 1.038570e-03 0 0 5 2 1.040793e-13 0.000000e+00
223 464 1.646023e-03 1.307482e-03 0 0 5 2 1.483279e-13 0.000000e+00
223 465 1.646023e-03 1.646023e-03 0 0 5 2 0.000000e+00 0.000000e+00
223 466 1.646023e-03 2.072220e-03 0 0 5 2 1.740176e-13 0.000000e+00
223 467 1.646023e-03 2.608770e-03 0 0 5 2 1.367954e-13 0.000000e+00
223 468 1.646023e-03 3.284247e-03 0 0 5 2 9.852626e-14 0.000000e+00
223 469 1.646023e-03 4.134622e-03 0 0 5 2 6.844993e-14 0.000000e+00
223 470 1.646023e-03 5.205181e-03 0 0 5 2 4.731584e-14 0.000000e+00
223 471 1.646023e-03 6.552935e-03 0 0 5 2 3.316783e-14 0.000000e+00
223 472 1.646023e-03 8.249656e-03 0 0 5 2 2.377627e-14 0.000000e+00
224 462 2.072220e-03 8.249656e-04 0 0 5 2 5.172045e-14 0.000000e+00
224 463 2.072220e-03 1.038570e-03 0 0 5 2 7.997162e-14 0.000000e+00
224 464 2.072220e-03 1.307482e-03 0 0 5 2 1.210313e-13 0.000000e+00
224 465 2.072220e-03 1.646023e-03 0 0 5 2 1.740176e-13 0.000000e+00
224 466 2.072220e-03 2.072220e-03 0 0 5 2 0.000000e+00 0.000000e+00
224 467 2.072220e-03 2.608770e-03 0 0 5 2 1.988739e-13 0.000000e+00
224 468 2.072220e-03 3.284247e-03 0 0 5 2 1.513990e-13 0.000000e+00
224 469 2.072220e-03 4.134622e-03 0 0 5 2 1.071597e-13 0.000000e+00
224 470 2.072220e-03 5.205181e-03 0 0 5 2 7.452428e-14 0.000000e+00
224 471 2.072220e-03 6.552935e-03 0 0 5 2 5.234477e-14 0.000000e+00
224 472 2.072220e-03 8.249656e-03 0 0 5 2 3.755832e-14 0.000000e+00
225 462 2.608770e-03 8.249656e-04 0 0 5 2 3.684033e-14 0.000000e+00
225 463 2.608770e-03 1.038570e-03 0 0 5 2 5.773777e-14 0.000000e+00
225 464 2.608770e-03 1.307482e-03 0 0 5 2 8.970033e-14 0.000000e+00
225 465 2.608770e-03 1.646023e-03 0 0 5 2 1.367954e-13 0.000000e+00
225 466 2.608770e-03 2.072220e-03 0 0 5 2 1.988739e-13 0.000000e+00
225 467 2.608770e-03 2.608770e-03 0 0 5 2 0.000000e+00 0.000000e+00
225 468 2.608770e-03 3.284247e-03 0 0 5 2 2.228258e-13 0.000000e+00
225 469 2.608770e-03 4.134622e-03 0 0 5 2 1.656923e-13 0.000000e+00
225 470 2.608770e-03 5.205181e-03 0 0 5 2 1.168316e-13 0.000000e+00
225 471 2.608770e-03 6.552935e-03 0 0 5 2 8.238919e-14 0.000000e+00
225 472 2.608770e-03 8.249656e-03 0 0 5 2 5.921172e-14 0.000000e+00
226 462 3.284247e-03 8.249656e-04 0 0 5 2 2.548035e-14 0.000000e+00
226 463 3.284247e-03 1.038570e-03 0 0 5 2 4.018200e-14 0.000000e+00
226 464 3.284247e-03 1.307482e-03 0 0 5 2 6.313952e-14 0.000000e+00
226 465 3.284247e-03 1.646023e-03 0 0 5 2 9.852626e-14 0.000000e+00
226 466 3.284247e-03 2.072220e-03 0 0 5 2 1.513990e-13 0.000000e+00
226 467 3.284247e-03 2.608770e-03 0 0 5 2 2.228258e-13 0.000000e+00
226 468 3.284247e-03 3.284247e-03 0 0 5 2 0.000000e+00 0.000000e+00
226 469 3.284247e-03 4.134622e-03 0 0 5 2 2.467536e-13 0.000000e+00
226 470 3.284247e-03 5.205181e-03 0 0 5 2 1.812958e-13 0.000000e+00
226 471 3.284247e-03 6.552935e-03 0 0 5 2 1.290750e-13 0.000000e+00
226 472 3.284247e-03 8.249656e-03 0 0 5 2 9.304849e-14 0.000000e+00
227 462 4.134622e-03 8.249656e-04 0 0 5 2 1.742239e-14 0.000000e+00
227 463 4.134622e-03 1.038570e-03 0 0 5 2 2.754629e-14 0.000000e+00
227 464 4.134622e-03 1.307482e-03 0 0 5 2 4.348420e-14 0.000000e+00
227 465 4.134622e-03 1.646023e-03 0 0 5 2 6.844993e-14 0.000000e+00
227 466 4.134622e-03 2.072220e-03 0 0 5 2 1.071597e-13 0.000000e+00
227 467 4.134622e-03 2.608770e-03 0 0 5 2 1.656923e-13 0.000000e+00
227 468 4.134622e-03 3.284247e-03 0 0 5 2 2.467536e-13 0.000000e+00
227 469 4.134622e-03 4.134622e-03 0 0 5 2 0.000000e+00 0.000000e+00
227 470 4.134622e-03 5.205181e-03 0 0 5 2 2.724907e-13 0.000000e+00
227 471 4.134622e-03 6.552935e-03 0 0 5 2 2.003487e-13 0.000000e+00
227 472 4.134622e-03 8.249656e-03 0 0 5 2 1.454365e-13 0.000000e+00
228 462 5.205181e-03 8.249656e-04 0 0 5 2 1.197389e-14 0.000000e+00
228 463 5.205181e-03 1.038570e-03 0 0 5 2 1.895047e-14 0.000000e+00
228 464 5.205181e-03 1.307482e-03 0 0 5 2 2.996592e-14 0.000000e+00
228 465 5.205181e-03 1.646023e-03 0 0 5 2 4.731584e-14 0.000000e+00
228 466 5.205181e-03 2.072220e-03 0 0 5 2 7.452428e-14 0.000000e+00
228 467 5.205181e-03 2.608770e-03 0 0 5 2 1.168316e-13 0.000000e+00
228 468 5.205181e-03 3.284247e-03 0 0 5 2 1.812958e-13 0.000000e+00
228 469 5.205181e-03 4.134622e-03 0 0 5 2 2.724907e-13 0.000000e+00
228 470 5.205181e-03 5.205181e-03 0 0 5 2 0.000000e+00 0.000000e+00
228 471 5.205181e-03 6.552935e-03 0 0 5 2 3.026009e-13 0.000000e+00
228 472 5.205181e-03 8.249656e-03 0 0 5 2 2.251200e-13 0.000000e+00
229 462 6.552935e-03 8.249656e-04 0 0 5 2 8.375885e-15 0.000000e+00
229 463 6.552935e-03 1.038570e-03 0 0 5 2 1.326112e-14 0.000000e+00
229 464 6.552935e-03 1.307482e-03 0 0 5 2 2.098280e-14 0.000000e+00
229 465 6.552935e-03 1.646023e-03 0 0 5 2 3.316783e-14 0.000000e+00
229 466 6.552935e-03 2.072220e-03 0 0 5 2 5.234477e-14 0.000000e+00
229 467 6.552935e-03 2.608770e-03 0 0 5 2 8.238919e-14 0.000000e+00
229 468 6.552935e-03 3.284247e-03 0 0 5 2 1.290750e-13 0.000000e+00
229 469 6.552935e-03 4.134622e-03 0 0 5 2 2.003487e-13 0.000000e+00
229 470 6.552935e-03 5.205181e-03 0 0 5 2 3.026009e-13 0.000000e+00
229 471 6.552935e-03 6.552935e-03 0 0 5 2 0.000000e+00 0.000000e+00
229 472 6.552935e-03 8.249656e-03 0 0 5 2 3.399572e-13 0.000000e+00
230 462 8.249656e-03 8.249656e-04 0 0 5 2 5.997510e-15 0.000000e+00
230 463 8.249656e-03 1.038570e-03 0 0 5 2 9.497587e-15 0.000000e+00
230 464 8.249656e-03 1.307482e-03 0 0 5 2 1.503303e-14 0.000000e+00
230 465 8.249656e-03 1.646023e-03 0 0 5 2 2.377627e-14 0.000000e+00
230 466 8.249656e-03 2.072220e-03 0 0 5 2 3.755832e-14 0.000000e+00
230 467 8.249656e-03 2.608770e-03 0 0 5 2 5.921172e-14 0.000000e+00
230 468 8.249656e-03 3.284247e-03 0 0 5 2 9.304849e-14 0.000000e+00
230 469 8.249656e-03 4.134622e-03 0 0 5 2 1.454365e-13 0.000000e+00
230 470 8.249656e-03 5.205181e-03 0 0 5 2 2.251200e-13 0.000000e+00
230 471 8.249656e-03 6.552935e-03 0 0 5 2 3.399572e-13 0.000000e+00
230 472 8.249656e-03 8.249656e-03 0 0 5 2 0.000000e+00 0.000000e+00
