# Please cite the following papers in research using this covariance:
# arXiv: 1601.05779, https://arxiv.org/abs/1601.05779
# arXiv: 1911.11947, https://arxiv.org/abs/1911.11947
# arXiv: 2004.04833, https://arxiv.org/abs/2004.04833
# arXiv: 1804.10663, https://arxiv.org/abs/1804.10663
########################################################
297 341 8.249656e-04 8.249656e-04 1 3 2 3 0.000000e+00 0.000000e+00
297 342 8.249656e-04 1.038570e-03 1 3 2 3 2.059619e-11 0.000000e+00
297 343 8.249656e-04 1.307482e-03 1 3 2 3 9.991480e-12 0.000000e+00
297 344 8.249656e-04 1.646023e-03 1 3 2 3 4.842869e-12 0.000000e+00
297 345 8.249656e-04 2.072220e-03 1 3 2 3 2.431266e-12 0.000000e+00
297 346 8.249656e-04 2.608770e-03 1 3 2 3 1.286574e-12 0.000000e+00
297 347 8.249656e-04 3.284247e-03 1 3 2 3 7.252129e-13 0.000000e+00
297 348 8.249656e-04 4.134622e-03 1 3 2 3 4.372254e-13 0.000000e+00
297 349 8.249656e-04 5.205181e-03 1 3 2 3 2.803318e-13 0.000000e+00
297 350 8.249656e-04 6.552935e-03 1 3 2 3 1.889469e-13 0.000000e+00
297 351 8.249656e-04 8.249656e-03 1 3 2 3 1.319332e-13 0.000000e+00
298 341 1.038570e-03 8.249656e-04 1 3 2 3 2.059619e-11 0.000000e+00
298 342 1.038570e-03 1.038570e-03 1 3 2 3 0.000000e+00 0.000000e+00
298 343 1.038570e-03 1.307482e-03 1 3 2 3 1.780039e-11 0.000000e+00
298 344 1.038570e-03 1.646023e-03 1 3 2 3 8.298836e-12 0.000000e+00
298 345 1.038570e-03 2.072220e-03 1 3 2 3 4.023781e-12 0.000000e+00
298 346 1.038570e-03 2.608770e-03 1 3 2 3 2.083144e-12 0.000000e+00
298 347 1.038570e-03 3.284247e-03 1 3 2 3 1.159943e-12 0.000000e+00
298 348 1.038570e-03 4.134622e-03 1 3 2 3 6.949442e-13 0.000000e+00
298 349 1.038570e-03 5.205181e-03 1 3 2 3 4.444344e-13 0.000000e+00
298 350 1.038570e-03 6.552935e-03 1 3 2 3 2.992708e-13 0.000000e+00
298 351 1.038570e-03 8.249656e-03 1 3 2 3 2.089818e-13 0.000000e+00
299 341 1.307482e-03 8.249656e-04 1 3 2 3 9.991480e-12 0.000000e+00
299 342 1.307482e-03 1.038570e-03 1 3 2 3 1.780039e-11 0.000000e+00
299 343 1.307482e-03 1.307482e-03 1 3 2 3 0.000000e+00 0.000000e+00
299 344 1.307482e-03 1.646023e-03 1 3 2 3 1.517844e-11 0.000000e+00
299 345 1.307482e-03 2.072220e-03 1 3 2 3 6.910457e-12 0.000000e+00
299 346 1.307482e-03 2.608770e-03 1 3 2 3 3.430498e-12 0.000000e+00
299 347 1.307482e-03 3.284247e-03 1 3 2 3 1.867997e-12 0.000000e+00
299 348 1.307482e-03 4.134622e-03 1 3 2 3 1.107107e-12 0.000000e+00
299 349 1.307482e-03 5.205181e-03 1 3 2 3 7.048757e-13 0.000000e+00
299 350 1.307482e-03 6.552935e-03 1 3 2 3 4.739319e-13 0.000000e+00
299 351 1.307482e-03 8.249656e-03 1 3 2 3 3.308395e-13 0.000000e+00
300 341 1.646023e-03 8.249656e-04 1 3 2 3 4.842869e-12 0.000000e+00
300 342 1.646023e-03 1.038570e-03 1 3 2 3 8.298836e-12 0.000000e+00
300 343 1.646023e-03 1.307482e-03 1 3 2 3 1.517844e-11 0.000000e+00
300 344 1.646023e-03 1.646023e-03 1 3 2 3 0.000000e+00 0.000000e+00
300 345 1.646023e-03 2.072220e-03 1 3 2 3 1.287576e-11 0.000000e+00
300 346 1.646023e-03 2.608770e-03 1 3 2 3 5.859293e-12 0.000000e+00
300 347 1.646023e-03 3.284247e-03 1 3 2 3 3.049947e-12 0.000000e+00
300 348 1.646023e-03 4.134622e-03 1 3 2 3 1.771339e-12 0.000000e+00
300 349 1.646023e-03 5.205181e-03 1 3 2 3 1.118654e-12 0.000000e+00
300 350 1.646023e-03 6.552935e-03 1 3 2 3 7.502041e-13 0.000000e+00
300 351 1.646023e-03 8.249656e-03 1 3 2 3 5.234923e-13 0.000000e+00
301 341 2.072220e-03 8.249656e-04 1 3 2 3 2.431266e-12 0.000000e+00
301 342 2.072220e-03 1.038570e-03 1 3 2 3 4.023781e-12 0.000000e+00
301 343 2.072220e-03 1.307482e-03 1 3 2 3 6.910457e-12 0.000000e+00
301 344 2.072220e-03 1.646023e-03 1 3 2 3 1.287576e-11 0.000000e+00
301 345 2.072220e-03 2.072220e-03 1 3 2 3 0.000000e+00 0.000000e+00
301 346 2.072220e-03 2.608770e-03 1 3 2 3 1.098532e-11 0.000000e+00
301 347 2.072220e-03 3.284247e-03 1 3 2 3 5.142430e-12 0.000000e+00
301 348 2.072220e-03 4.134622e-03 1 3 2 3 2.860893e-12 0.000000e+00
301 349 2.072220e-03 5.205181e-03 1 3 2 3 1.778414e-12 0.000000e+00
301 350 2.072220e-03 6.552935e-03 1 3 2 3 1.186902e-12 0.000000e+00
301 351 2.072220e-03 8.249656e-03 1 3 2 3 8.274667e-13 0.000000e+00
302 341 2.608770e-03 8.249656e-04 1 3 2 3 1.286574e-12 0.000000e+00
302 342 2.608770e-03 1.038570e-03 1 3 2 3 2.083144e-12 0.000000e+00
302 343 2.608770e-03 1.307482e-03 1 3 2 3 3.430498e-12 0.000000e+00
302 344 2.608770e-03 1.646023e-03 1 3 2 3 5.859293e-12 0.000000e+00
302 345 2.608770e-03 2.072220e-03 1 3 2 3 1.098532e-11 0.000000e+00
302 346 2.608770e-03 2.608770e-03 1 3 2 3 0.000000e+00 0.000000e+00
302 347 2.608770e-03 3.284247e-03 1 3 2 3 9.550586e-12 0.000000e+00
302 348 2.608770e-03 4.134622e-03 1 3 2 3 4.735876e-12 0.000000e+00
302 349 2.608770e-03 5.205181e-03 1 3 2 3 2.840672e-12 0.000000e+00
302 350 2.608770e-03 6.552935e-03 1 3 2 3 1.876858e-12 0.000000e+00
302 351 2.608770e-03 8.249656e-03 1 3 2 3 1.306065e-12 0.000000e+00
303 341 3.284247e-03 8.249656e-04 1 3 2 3 7.252129e-13 0.000000e+00
303 342 3.284247e-03 1.038570e-03 1 3 2 3 1.159943e-12 0.000000e+00
303 343 3.284247e-03 1.307482e-03 1 3 2 3 1.867997e-12 0.000000e+00
303 344 3.284247e-03 1.646023e-03 1 3 2 3 3.049947e-12 0.000000e+00
303 345 3.284247e-03 2.072220e-03 1 3 2 3 5.142430e-12 0.000000e+00
303 346 3.284247e-03 2.608770e-03 1 3 2 3 9.550586e-12 0.000000e+00
303 347 3.284247e-03 3.284247e-03 1 3 2 3 0.000000e+00 0.000000e+00
303 348 3.284247e-03 4.134622e-03 1 3 2 3 8.576808e-12 0.000000e+00
303 349 3.284247e-03 5.205181e-03 1 3 2 3 4.608003e-12 0.000000e+00
303 350 3.284247e-03 6.552935e-03 1 3 2 3 2.969364e-12 0.000000e+00
303 351 3.284247e-03 8.249656e-03 1 3 2 3 2.056978e-12 0.000000e+00
304 341 4.134622e-03 8.249656e-04 1 3 2 3 4.372254e-13 0.000000e+00
304 342 4.134622e-03 1.038570e-03 1 3 2 3 6.949442e-13 0.000000e+00
304 343 4.134622e-03 1.307482e-03 1 3 2 3 1.107107e-12 0.000000e+00
304 344 4.134622e-03 1.646023e-03 1 3 2 3 1.771339e-12 0.000000e+00
304 345 4.134622e-03 2.072220e-03 1 3 2 3 2.860893e-12 0.000000e+00
304 346 4.134622e-03 2.608770e-03 1 3 2 3 4.735876e-12 0.000000e+00
304 347 4.134622e-03 3.284247e-03 1 3 2 3 8.576808e-12 0.000000e+00
304 348 4.134622e-03 4.134622e-03 1 3 2 3 0.000000e+00 0.000000e+00
304 349 4.134622e-03 5.205181e-03 1 3 2 3 8.045014e-12 0.000000e+00
304 350 4.134622e-03 6.552935e-03 1 3 2 3 4.727740e-12 0.000000e+00
304 351 4.134622e-03 8.249656e-03 1 3 2 3 3.230436e-12 0.000000e+00
305 341 5.205181e-03 8.249656e-04 1 3 2 3 2.803318e-13 0.000000e+00
305 342 5.205181e-03 1.038570e-03 1 3 2 3 4.444344e-13 0.000000e+00
305 343 5.205181e-03 1.307482e-03 1 3 2 3 7.048757e-13 0.000000e+00
305 344 5.205181e-03 1.646023e-03 1 3 2 3 1.118654e-12 0.000000e+00
305 345 5.205181e-03 2.072220e-03 1 3 2 3 1.778414e-12 0.000000e+00
305 346 5.205181e-03 2.608770e-03 1 3 2 3 2.840672e-12 0.000000e+00
305 347 5.205181e-03 3.284247e-03 1 3 2 3 4.608003e-12 0.000000e+00
305 348 5.205181e-03 4.134622e-03 1 3 2 3 8.045014e-12 0.000000e+00
305 349 5.205181e-03 5.205181e-03 1 3 2 3 0.000000e+00 0.000000e+00
305 350 5.205181e-03 6.552935e-03 1 3 2 3 7.923833e-12 0.000000e+00
305 351 5.205181e-03 8.249656e-03 1 3 2 3 5.066794e-12 0.000000e+00
306 341 6.552935e-03 8.249656e-04 1 3 2 3 1.889469e-13 0.000000e+00
306 342 6.552935e-03 1.038570e-03 1 3 2 3 2.992708e-13 0.000000e+00
306 343 6.552935e-03 1.307482e-03 1 3 2 3 4.739319e-13 0.000000e+00
306 344 6.552935e-03 1.646023e-03 1 3 2 3 7.502041e-13 0.000000e+00
306 345 6.552935e-03 2.072220e-03 1 3 2 3 1.186902e-12 0.000000e+00
306 346 6.552935e-03 2.608770e-03 1 3 2 3 1.876858e-12 0.000000e+00
306 347 6.552935e-03 3.284247e-03 1 3 2 3 2.969364e-12 0.000000e+00
306 348 6.552935e-03 4.134622e-03 1 3 2 3 4.727740e-12 0.000000e+00
306 349 6.552935e-03 5.205181e-03 1 3 2 3 7.923833e-12 0.000000e+00
306 350 6.552935e-03 6.552935e-03 1 3 2 3 0.000000e+00 0.000000e+00
306 351 6.552935e-03 8.249656e-03 1 3 2 3 8.175033e-12 0.000000e+00
307 341 8.249656e-03 8.249656e-04 1 3 2 3 1.319332e-13 0.000000e+00
307 342 8.249656e-03 1.038570e-03 1 3 2 3 2.089818e-13 0.000000e+00
307 343 8.249656e-03 1.307482e-03 1 3 2 3 3.308395e-13 0.000000e+00
307 344 8.249656e-03 1.646023e-03 1 3 2 3 5.234923e-13 0.000000e+00
307 345 8.249656e-03 2.072220e-03 1 3 2 3 8.274667e-13 0.000000e+00
307 346 8.249656e-03 2.608770e-03 1 3 2 3 1.306065e-12 0.000000e+00
307 347 8.249656e-03 3.284247e-03 1 3 2 3 2.056978e-12 0.000000e+00
307 348 8.249656e-03 4.134622e-03 1 3 2 3 3.230436e-12 0.000000e+00
307 349 8.249656e-03 5.205181e-03 1 3 2 3 5.066794e-12 0.000000e+00
307 350 8.249656e-03 6.552935e-03 1 3 2 3 8.175033e-12 0.000000e+00
307 351 8.249656e-03 8.249656e-03 1 3 2 3 0.000000e+00 0.000000e+00
