# Please cite the following papers in research using this covariance:
# arXiv: 1601.05779, https://arxiv.org/abs/1601.05779
# arXiv: 1911.11947, https://arxiv.org/abs/1911.11947
# arXiv: 2004.04833, https://arxiv.org/abs/2004.04833
# arXiv: 1804.10663, https://arxiv.org/abs/1804.10663
########################################################
385 418 8.249656e-04 8.249656e-04 3 3 4 2 0.000000e+00 0.000000e+00
385 419 8.249656e-04 1.038570e-03 3 3 4 2 6.566821e-13 0.000000e+00
385 420 8.249656e-04 1.307482e-03 3 3 4 2 5.211528e-13 0.000000e+00
385 421 8.249656e-04 1.646023e-03 3 3 4 2 3.829258e-13 0.000000e+00
385 422 8.249656e-04 2.072220e-03 3 3 4 2 2.752037e-13 0.000000e+00
385 423 8.249656e-04 2.608770e-03 3 3 4 2 1.989824e-13 0.000000e+00
385 424 8.249656e-04 3.284247e-03 3 3 4 2 1.466403e-13 0.000000e+00
385 425 8.249656e-04 4.134622e-03 3 3 4 2 1.104072e-13 0.000000e+00
385 426 8.249656e-04 5.205181e-03 3 3 4 2 8.454781e-14 0.000000e+00
385 427 8.249656e-04 6.552935e-03 3 3 4 2 6.532254e-14 0.000000e+00
385 428 8.249656e-04 8.249656e-03 3 3 4 2 5.043405e-14 0.000000e+00
386 418 1.038570e-03 8.249656e-04 3 3 4 2 6.566821e-13 0.000000e+00
386 419 1.038570e-03 1.038570e-03 3 3 4 2 0.000000e+00 0.000000e+00
386 420 1.038570e-03 1.307482e-03 3 3 4 2 7.585870e-13 0.000000e+00
386 421 1.038570e-03 1.646023e-03 3 3 4 2 5.879193e-13 0.000000e+00
386 422 1.038570e-03 2.072220e-03 3 3 4 2 4.297529e-13 0.000000e+00
386 423 1.038570e-03 2.608770e-03 3 3 4 2 3.125685e-13 0.000000e+00
386 424 1.038570e-03 3.284247e-03 3 3 4 2 2.309565e-13 0.000000e+00
386 425 1.038570e-03 4.134622e-03 3 3 4 2 1.741866e-13 0.000000e+00
386 426 1.038570e-03 5.205181e-03 3 3 4 2 1.335642e-13 0.000000e+00
386 427 1.038570e-03 6.552935e-03 3 3 4 2 1.032982e-13 0.000000e+00
386 428 1.038570e-03 8.249656e-03 3 3 4 2 7.981439e-14 0.000000e+00
387 418 1.307482e-03 8.249656e-04 3 3 4 2 5.211528e-13 0.000000e+00
387 419 1.307482e-03 1.038570e-03 3 3 4 2 7.585870e-13 0.000000e+00
387 420 1.307482e-03 1.307482e-03 3 3 4 2 0.000000e+00 0.000000e+00
387 421 1.307482e-03 1.646023e-03 3 3 4 2 8.653193e-13 0.000000e+00
387 422 1.307482e-03 2.072220e-03 3 3 4 2 6.623305e-13 0.000000e+00
387 423 1.307482e-03 2.608770e-03 3 3 4 2 4.880052e-13 0.000000e+00
387 424 1.307482e-03 3.284247e-03 3 3 4 2 3.623434e-13 0.000000e+00
387 425 1.307482e-03 4.134622e-03 3 3 4 2 2.740543e-13 0.000000e+00
387 426 1.307482e-03 5.205181e-03 3 3 4 2 2.105887e-13 0.000000e+00
387 427 1.307482e-03 6.552935e-03 3 3 4 2 1.631352e-13 0.000000e+00
387 428 1.307482e-03 8.249656e-03 3 3 4 2 1.262000e-13 0.000000e+00
388 418 1.646023e-03 8.249656e-04 3 3 4 2 3.829258e-13 0.000000e+00
388 419 1.646023e-03 1.038570e-03 3 3 4 2 5.879193e-13 0.000000e+00
388 420 1.646023e-03 1.307482e-03 3 3 4 2 8.653193e-13 0.000000e+00
388 421 1.646023e-03 1.646023e-03 3 3 4 2 0.000000e+00 0.000000e+00
388 422 1.646023e-03 2.072220e-03 3 3 4 2 9.836238e-13 0.000000e+00
388 423 1.646023e-03 2.608770e-03 3 3 4 2 7.527846e-13 0.000000e+00
388 424 1.646023e-03 3.284247e-03 3 3 4 2 5.647362e-13 0.000000e+00
388 425 1.646023e-03 4.134622e-03 3 3 4 2 4.292449e-13 0.000000e+00
388 426 1.646023e-03 5.205181e-03 3 3 4 2 3.309917e-13 0.000000e+00
388 427 1.646023e-03 6.552935e-03 3 3 4 2 2.570848e-13 0.000000e+00
388 428 1.646023e-03 8.249656e-03 3 3 4 2 1.992637e-13 0.000000e+00
389 418 2.072220e-03 8.249656e-04 3 3 4 2 2.752037e-13 0.000000e+00
389 419 2.072220e-03 1.038570e-03 3 3 4 2 4.297529e-13 0.000000e+00
389 420 2.072220e-03 1.307482e-03 3 3 4 2 6.623305e-13 0.000000e+00
389 421 2.072220e-03 1.646023e-03 3 3 4 2 9.836238e-13 0.000000e+00
389 422 2.072220e-03 2.072220e-03 3 3 4 2 0.000000e+00 0.000000e+00
389 423 2.072220e-03 2.608770e-03 3 3 4 2 1.123869e-12 0.000000e+00
389 424 2.072220e-03 3.284247e-03 3 3 4 2 8.695351e-13 0.000000e+00
389 425 2.072220e-03 4.134622e-03 3 3 4 2 6.672777e-13 0.000000e+00
389 426 2.072220e-03 5.205181e-03 3 3 4 2 5.175693e-13 0.000000e+00
389 427 2.072220e-03 6.552935e-03 3 3 4 2 4.037425e-13 0.000000e+00
389 428 2.072220e-03 8.249656e-03 3 3 4 2 3.139184e-13 0.000000e+00
390 418 2.608770e-03 8.249656e-04 3 3 4 2 1.989824e-13 0.000000e+00
390 419 2.608770e-03 1.038570e-03 3 3 4 2 3.125685e-13 0.000000e+00
390 420 2.608770e-03 1.307482e-03 3 3 4 2 4.880052e-13 0.000000e+00
390 421 2.608770e-03 1.646023e-03 3 3 4 2 7.527846e-13 0.000000e+00
390 422 2.608770e-03 2.072220e-03 3 3 4 2 1.123869e-12 0.000000e+00
390 423 2.608770e-03 2.608770e-03 3 3 4 2 0.000000e+00 0.000000e+00
390 424 2.608770e-03 3.284247e-03 3 3 4 2 1.299313e-12 0.000000e+00
390 425 2.608770e-03 4.134622e-03 3 3 4 2 1.023610e-12 0.000000e+00
390 426 2.608770e-03 5.205181e-03 3 3 4 2 8.023991e-13 0.000000e+00
390 427 2.608770e-03 6.552935e-03 3 3 4 2 6.304697e-13 0.000000e+00
390 428 2.608770e-03 8.249656e-03 3 3 4 2 4.927300e-13 0.000000e+00
391 418 3.284247e-03 8.249656e-04 3 3 4 2 1.466403e-13 0.000000e+00
391 419 3.284247e-03 1.038570e-03 3 3 4 2 2.309565e-13 0.000000e+00
391 420 3.284247e-03 1.307482e-03 3 3 4 2 3.623434e-13 0.000000e+00
391 421 3.284247e-03 1.646023e-03 3 3 4 2 5.647362e-13 0.000000e+00
391 422 3.284247e-03 2.072220e-03 3 3 4 2 8.695351e-13 0.000000e+00
391 423 3.284247e-03 2.608770e-03 3 3 4 2 1.299313e-12 0.000000e+00
391 424 3.284247e-03 3.284247e-03 3 3 4 2 0.000000e+00 0.000000e+00
391 425 3.284247e-03 4.134622e-03 3 3 4 2 1.524876e-12 0.000000e+00
391 426 3.284247e-03 5.205181e-03 3 3 4 2 1.225475e-12 0.000000e+00
391 427 3.284247e-03 6.552935e-03 3 3 4 2 9.751469e-13 0.000000e+00
391 428 3.284247e-03 8.249656e-03 3 3 4 2 7.687083e-13 0.000000e+00
392 418 4.134622e-03 8.249656e-04 3 3 4 2 1.104072e-13 0.000000e+00
392 419 4.134622e-03 1.038570e-03 3 3 4 2 1.741866e-13 0.000000e+00
392 420 4.134622e-03 1.307482e-03 3 3 4 2 2.740543e-13 0.000000e+00
392 421 4.134622e-03 1.646023e-03 3 3 4 2 4.292449e-13 0.000000e+00
392 422 4.134622e-03 2.072220e-03 3 3 4 2 6.672777e-13 0.000000e+00
392 423 4.134622e-03 2.608770e-03 3 3 4 2 1.023610e-12 0.000000e+00
392 424 4.134622e-03 3.284247e-03 3 3 4 2 1.524876e-12 0.000000e+00
392 425 4.134622e-03 4.134622e-03 3 3 4 2 0.000000e+00 0.000000e+00
392 426 4.134622e-03 5.205181e-03 3 3 4 2 1.815330e-12 0.000000e+00
392 427 4.134622e-03 6.552935e-03 3 3 4 2 1.483168e-12 0.000000e+00
392 428 4.134622e-03 8.249656e-03 3 3 4 2 1.186947e-12 0.000000e+00
393 418 5.205181e-03 8.249656e-04 3 3 4 2 8.454781e-14 0.000000e+00
393 419 5.205181e-03 1.038570e-03 3 3 4 2 1.335642e-13 0.000000e+00
393 420 5.205181e-03 1.307482e-03 3 3 4 2 2.105887e-13 0.000000e+00
393 421 5.205181e-03 1.646023e-03 3 3 4 2 3.309917e-13 0.000000e+00
393 422 5.205181e-03 2.072220e-03 3 3 4 2 5.175693e-13 0.000000e+00
393 423 5.205181e-03 2.608770e-03 3 3 4 2 8.023991e-13 0.000000e+00
393 424 5.205181e-03 3.284247e-03 3 3 4 2 1.225475e-12 0.000000e+00
393 425 5.205181e-03 4.134622e-03 3 3 4 2 1.815330e-12 0.000000e+00
393 426 5.205181e-03 5.205181e-03 3 3 4 2 0.000000e+00 0.000000e+00
393 427 5.205181e-03 6.552935e-03 3 3 4 2 2.182537e-12 0.000000e+00
393 428 5.205181e-03 8.249656e-03 3 3 4 2 1.799427e-12 0.000000e+00
394 418 6.552935e-03 8.249656e-04 3 3 4 2 6.532254e-14 0.000000e+00
394 419 6.552935e-03 1.038570e-03 3 3 4 2 1.032982e-13 0.000000e+00
394 420 6.552935e-03 1.307482e-03 3 3 4 2 1.631352e-13 0.000000e+00
394 421 6.552935e-03 1.646023e-03 3 3 4 2 2.570848e-13 0.000000e+00
394 422 6.552935e-03 2.072220e-03 3 3 4 2 4.037425e-13 0.000000e+00
394 423 6.552935e-03 2.608770e-03 3 3 4 2 6.304697e-13 0.000000e+00
394 424 6.552935e-03 3.284247e-03 3 3 4 2 9.751469e-13 0.000000e+00
394 425 6.552935e-03 4.134622e-03 3 3 4 2 1.483168e-12 0.000000e+00
394 426 6.552935e-03 5.205181e-03 3 3 4 2 2.182537e-12 0.000000e+00
394 427 6.552935e-03 6.552935e-03 3 3 4 2 0.000000e+00 0.000000e+00
394 428 6.552935e-03 8.249656e-03 3 3 4 2 2.631279e-12 0.000000e+00
395 418 8.249656e-03 8.249656e-04 3 3 4 2 5.043405e-14 0.000000e+00
395 419 8.249656e-03 1.038570e-03 3 3 4 2 7.981439e-14 0.000000e+00
395 420 8.249656e-03 1.307482e-03 3 3 4 2 1.262000e-13 0.000000e+00
395 421 8.249656e-03 1.646023e-03 3 3 4 2 1.992637e-13 0.000000e+00
395 422 8.249656e-03 2.072220e-03 3 3 4 2 3.139184e-13 0.000000e+00
395 423 8.249656e-03 2.608770e-03 3 3 4 2 4.927300e-13 0.000000e+00
395 424 8.249656e-03 3.284247e-03 3 3 4 2 7.687083e-13 0.000000e+00
395 425 8.249656e-03 4.134622e-03 3 3 4 2 1.186947e-12 0.000000e+00
395 426 8.249656e-03 5.205181e-03 3 3 4 2 1.799427e-12 0.000000e+00
395 427 8.249656e-03 6.552935e-03 3 3 4 2 2.631279e-12 0.000000e+00
395 428 8.249656e-03 8.249656e-03 3 3 4 2 0.000000e+00 0.000000e+00
