# Please cite the following papers in research using this covariance:
# arXiv: 1601.05779, https://arxiv.org/abs/1601.05779
# arXiv: 1911.11947, https://arxiv.org/abs/1911.11947
# arXiv: 2004.04833, https://arxiv.org/abs/2004.04833
# arXiv: 1804.10663, https://arxiv.org/abs/1804.10663
########################################################
308 418 8.249656e-04 8.249656e-04 2 0 4 2 0.000000e+00 0.000000e+00
308 419 8.249656e-04 1.038570e-03 2 0 4 2 5.679151e-14 0.000000e+00
308 420 8.249656e-04 1.307482e-03 2 0 4 2 4.648023e-14 0.000000e+00
308 421 8.249656e-04 1.646023e-03 2 0 4 2 3.494632e-14 0.000000e+00
308 422 8.249656e-04 2.072220e-03 2 0 4 2 2.531698e-14 0.000000e+00
308 423 8.249656e-04 2.608770e-03 2 0 4 2 1.814865e-14 0.000000e+00
308 424 8.249656e-04 3.284247e-03 2 0 4 2 1.309295e-14 0.000000e+00
308 425 8.249656e-04 4.134622e-03 2 0 4 2 9.598231e-15 0.000000e+00
308 426 8.249656e-04 5.205181e-03 2 0 4 2 7.167138e-15 0.000000e+00
308 427 8.249656e-04 6.552935e-03 2 0 4 2 5.429902e-15 0.000000e+00
308 428 8.249656e-04 8.249656e-03 2 0 4 2 4.139421e-15 0.000000e+00
309 418 1.038570e-03 8.249656e-04 2 0 4 2 5.679151e-14 0.000000e+00
309 419 1.038570e-03 1.038570e-03 2 0 4 2 0.000000e+00 0.000000e+00
309 420 1.038570e-03 1.307482e-03 2 0 4 2 6.704281e-14 0.000000e+00
309 421 1.038570e-03 1.646023e-03 2 0 4 2 5.331334e-14 0.000000e+00
309 422 1.038570e-03 2.072220e-03 2 0 4 2 3.942959e-14 0.000000e+00
309 423 1.038570e-03 2.608770e-03 2 0 4 2 2.849957e-14 0.000000e+00
309 424 1.038570e-03 3.284247e-03 2 0 4 2 2.063346e-14 0.000000e+00
309 425 1.038570e-03 4.134622e-03 2 0 4 2 1.515275e-14 0.000000e+00
309 426 1.038570e-03 5.205181e-03 2 0 4 2 1.132728e-14 0.000000e+00
309 427 1.038570e-03 6.552935e-03 2 0 4 2 8.588664e-15 0.000000e+00
309 428 1.038570e-03 8.249656e-03 2 0 4 2 6.551578e-15 0.000000e+00
310 418 1.307482e-03 8.249656e-04 2 0 4 2 4.648023e-14 0.000000e+00
310 419 1.307482e-03 1.038570e-03 2 0 4 2 6.704281e-14 0.000000e+00
310 420 1.307482e-03 1.307482e-03 2 0 4 2 0.000000e+00 0.000000e+00
310 421 1.307482e-03 1.646023e-03 2 0 4 2 7.766927e-14 0.000000e+00
310 422 1.307482e-03 2.072220e-03 2 0 4 2 6.045933e-14 0.000000e+00
310 423 1.307482e-03 2.608770e-03 2 0 4 2 4.445502e-14 0.000000e+00
310 424 1.307482e-03 3.284247e-03 2 0 4 2 3.239814e-14 0.000000e+00
310 425 1.307482e-03 4.134622e-03 2 0 4 2 2.386471e-14 0.000000e+00
310 426 1.307482e-03 5.205181e-03 2 0 4 2 1.787215e-14 0.000000e+00
310 427 1.307482e-03 6.552935e-03 2 0 4 2 1.356896e-14 0.000000e+00
310 428 1.307482e-03 8.249656e-03 2 0 4 2 1.036103e-14 0.000000e+00
311 418 1.646023e-03 8.249656e-04 2 0 4 2 3.494632e-14 0.000000e+00
311 419 1.646023e-03 1.038570e-03 2 0 4 2 5.331334e-14 0.000000e+00
311 420 1.646023e-03 1.307482e-03 2 0 4 2 7.766927e-14 0.000000e+00
311 421 1.646023e-03 1.646023e-03 2 0 4 2 0.000000e+00 0.000000e+00
311 422 1.646023e-03 2.072220e-03 2 0 4 2 8.892239e-14 0.000000e+00
311 423 1.646023e-03 2.608770e-03 2 0 4 2 6.839573e-14 0.000000e+00
311 424 1.646023e-03 3.284247e-03 2 0 4 2 5.054299e-14 0.000000e+00
311 425 1.646023e-03 4.134622e-03 2 0 4 2 3.743753e-14 0.000000e+00
311 426 1.646023e-03 5.205181e-03 2 0 4 2 2.812216e-14 0.000000e+00
311 427 1.646023e-03 6.552935e-03 2 0 4 2 2.139651e-14 0.000000e+00
311 428 1.646023e-03 8.249656e-03 2 0 4 2 1.636434e-14 0.000000e+00
312 418 2.072220e-03 8.249656e-04 2 0 4 2 2.531698e-14 0.000000e+00
312 419 2.072220e-03 1.038570e-03 2 0 4 2 3.942959e-14 0.000000e+00
312 420 2.072220e-03 1.307482e-03 2 0 4 2 6.045933e-14 0.000000e+00
312 421 2.072220e-03 1.646023e-03 2 0 4 2 8.892239e-14 0.000000e+00
312 422 2.072220e-03 2.072220e-03 2 0 4 2 0.000000e+00 0.000000e+00
312 423 2.072220e-03 2.608770e-03 2 0 4 2 1.013828e-13 0.000000e+00
312 424 2.072220e-03 3.284247e-03 2 0 4 2 7.785202e-14 0.000000e+00
312 425 2.072220e-03 4.134622e-03 2 0 4 2 5.833318e-14 0.000000e+00
312 426 2.072220e-03 5.205181e-03 2 0 4 2 4.405398e-14 0.000000e+00
312 427 2.072220e-03 6.552935e-03 2 0 4 2 3.363613e-14 0.000000e+00
312 428 2.072220e-03 8.249656e-03 2 0 4 2 2.579246e-14 0.000000e+00
313 418 2.608770e-03 8.249656e-04 2 0 4 2 1.814865e-14 0.000000e+00
313 419 2.608770e-03 1.038570e-03 2 0 4 2 2.849957e-14 0.000000e+00
313 420 2.608770e-03 1.307482e-03 2 0 4 2 4.445502e-14 0.000000e+00
313 421 2.608770e-03 1.646023e-03 2 0 4 2 6.839573e-14 0.000000e+00
313 422 2.608770e-03 2.072220e-03 2 0 4 2 1.013828e-13 0.000000e+00
313 423 2.608770e-03 2.608770e-03 2 0 4 2 0.000000e+00 0.000000e+00
313 424 2.608770e-03 3.284247e-03 2 0 4 2 1.159659e-13 0.000000e+00
313 425 2.608770e-03 4.134622e-03 2 0 4 2 8.974685e-14 0.000000e+00
313 426 2.608770e-03 5.205181e-03 2 0 4 2 6.849478e-14 0.000000e+00
313 427 2.608770e-03 6.552935e-03 2 0 4 2 5.261164e-14 0.000000e+00
313 428 2.608770e-03 8.249656e-03 2 0 4 2 4.051569e-14 0.000000e+00
314 418 3.284247e-03 8.249656e-04 2 0 4 2 1.309295e-14 0.000000e+00
314 419 3.284247e-03 1.038570e-03 2 0 4 2 2.063346e-14 0.000000e+00
314 420 3.284247e-03 1.307482e-03 2 0 4 2 3.239814e-14 0.000000e+00
314 421 3.284247e-03 1.646023e-03 2 0 4 2 5.054299e-14 0.000000e+00
314 422 3.284247e-03 2.072220e-03 2 0 4 2 7.785202e-14 0.000000e+00
314 423 3.284247e-03 2.608770e-03 2 0 4 2 1.159659e-13 0.000000e+00
314 424 3.284247e-03 3.284247e-03 2 0 4 2 0.000000e+00 0.000000e+00
314 425 3.284247e-03 4.134622e-03 2 0 4 2 1.338560e-13 0.000000e+00
314 426 3.284247e-03 5.205181e-03 2 0 4 2 1.050671e-13 0.000000e+00
314 427 3.284247e-03 6.552935e-03 2 0 4 2 8.159897e-14 0.000000e+00
314 428 3.284247e-03 8.249656e-03 2 0 4 2 6.329132e-14 0.000000e+00
315 418 4.134622e-03 8.249656e-04 2 0 4 2 9.598231e-15 0.000000e+00
315 419 4.134622e-03 1.038570e-03 2 0 4 2 1.515275e-14 0.000000e+00
315 420 4.134622e-03 1.307482e-03 2 0 4 2 2.386471e-14 0.000000e+00
315 421 4.134622e-03 1.646023e-03 2 0 4 2 3.743753e-14 0.000000e+00
315 422 4.134622e-03 2.072220e-03 2 0 4 2 5.833318e-14 0.000000e+00
315 423 4.134622e-03 2.608770e-03 2 0 4 2 8.974685e-14 0.000000e+00
315 424 4.134622e-03 3.284247e-03 2 0 4 2 1.338560e-13 0.000000e+00
315 425 4.134622e-03 4.134622e-03 2 0 4 2 0.000000e+00 0.000000e+00
315 426 4.134622e-03 5.205181e-03 2 0 4 2 1.563613e-13 0.000000e+00
315 427 4.134622e-03 6.552935e-03 2 0 4 2 1.246834e-13 0.000000e+00
315 428 4.134622e-03 8.249656e-03 2 0 4 2 9.794882e-14 0.000000e+00
316 418 5.205181e-03 8.249656e-04 2 0 4 2 7.167138e-15 0.000000e+00
316 419 5.205181e-03 1.038570e-03 2 0 4 2 1.132728e-14 0.000000e+00
316 420 5.205181e-03 1.307482e-03 2 0 4 2 1.787215e-14 0.000000e+00
316 421 5.205181e-03 1.646023e-03 2 0 4 2 2.812216e-14 0.000000e+00
316 422 5.205181e-03 2.072220e-03 2 0 4 2 4.405398e-14 0.000000e+00
316 423 5.205181e-03 2.608770e-03 2 0 4 2 6.849478e-14 0.000000e+00
316 424 5.205181e-03 3.284247e-03 2 0 4 2 1.050671e-13 0.000000e+00
316 425 5.205181e-03 4.134622e-03 2 0 4 2 1.563613e-13 0.000000e+00
316 426 5.205181e-03 5.205181e-03 2 0 4 2 0.000000e+00 0.000000e+00
316 427 5.205181e-03 6.552935e-03 2 0 4 2 1.846767e-13 0.000000e+00
316 428 5.205181e-03 8.249656e-03 2 0 4 2 1.490998e-13 0.000000e+00
317 418 6.552935e-03 8.249656e-04 2 0 4 2 5.429902e-15 0.000000e+00
317 419 6.552935e-03 1.038570e-03 2 0 4 2 8.588664e-15 0.000000e+00
317 420 6.552935e-03 1.307482e-03 2 0 4 2 1.356896e-14 0.000000e+00
317 421 6.552935e-03 1.646023e-03 2 0 4 2 2.139651e-14 0.000000e+00
317 422 6.552935e-03 2.072220e-03 2 0 4 2 3.363613e-14 0.000000e+00
317 423 6.552935e-03 2.608770e-03 2 0 4 2 5.261164e-14 0.000000e+00
317 424 6.552935e-03 3.284247e-03 2 0 4 2 8.159897e-14 0.000000e+00
317 425 6.552935e-03 4.134622e-03 2 0 4 2 1.246834e-13 0.000000e+00
317 426 6.552935e-03 5.205181e-03 2 0 4 2 1.846767e-13 0.000000e+00
317 427 6.552935e-03 6.552935e-03 2 0 4 2 0.000000e+00 0.000000e+00
317 428 6.552935e-03 8.249656e-03 2 0 4 2 2.195465e-13 0.000000e+00
318 418 8.249656e-03 8.249656e-04 2 0 4 2 4.139421e-15 0.000000e+00
318 419 8.249656e-03 1.038570e-03 2 0 4 2 6.551578e-15 0.000000e+00
318 420 8.249656e-03 1.307482e-03 2 0 4 2 1.036103e-14 0.000000e+00
318 421 8.249656e-03 1.646023e-03 2 0 4 2 1.636434e-14 0.000000e+00
318 422 8.249656e-03 2.072220e-03 2 0 4 2 2.579246e-14 0.000000e+00
318 423 8.249656e-03 2.608770e-03 2 0 4 2 4.051569e-14 0.000000e+00
318 424 8.249656e-03 3.284247e-03 2 0 4 2 6.329132e-14 0.000000e+00
318 425 8.249656e-03 4.134622e-03 2 0 4 2 9.794882e-14 0.000000e+00
318 426 8.249656e-03 5.205181e-03 2 0 4 2 1.490998e-13 0.000000e+00
318 427 8.249656e-03 6.552935e-03 2 0 4 2 2.195465e-13 0.000000e+00
318 428 8.249656e-03 8.249656e-03 2 0 4 2 0.000000e+00 0.000000e+00
