# Please cite the following papers in research using this covariance:
# arXiv: 1601.05779, https://arxiv.org/abs/1601.05779
# arXiv: 1911.11947, https://arxiv.org/abs/1911.11947
# arXiv: 2004.04833, https://arxiv.org/abs/2004.04833
# arXiv: 1804.10663, https://arxiv.org/abs/1804.10663
########################################################
242 242 8.249656e-04 8.249656e-04 0 2 0 2 1.874522e-09 0.000000e+00
242 243 8.249656e-04 1.038570e-03 0 2 0 2 1.067073e-10 0.000000e+00
242 244 8.249656e-04 1.307482e-03 0 2 0 2 5.857421e-11 0.000000e+00
242 245 8.249656e-04 1.646023e-03 0 2 0 2 3.044164e-11 0.000000e+00
242 246 8.249656e-04 2.072220e-03 0 2 0 2 1.527832e-11 0.000000e+00
242 247 8.249656e-04 2.608770e-03 0 2 0 2 7.540994e-12 0.000000e+00
242 248 8.249656e-04 3.284247e-03 0 2 0 2 3.745380e-12 0.000000e+00
242 249 8.249656e-04 4.134622e-03 0 2 0 2 1.918732e-12 0.000000e+00
242 250 8.249656e-04 5.205181e-03 0 2 0 2 1.035008e-12 0.000000e+00
242 251 8.249656e-04 6.552935e-03 0 2 0 2 5.952584e-13 0.000000e+00
242 252 8.249656e-04 8.249656e-03 0 2 0 2 3.649669e-13 0.000000e+00
243 242 1.038570e-03 8.249656e-04 0 2 0 2 1.067073e-10 0.000000e+00
243 243 1.038570e-03 1.038570e-03 0 2 0 2 1.188946e-09 0.000000e+00
243 244 1.038570e-03 1.307482e-03 0 2 0 2 9.731350e-11 0.000000e+00
243 245 1.038570e-03 1.646023e-03 0 2 0 2 5.066542e-11 0.000000e+00
243 246 1.038570e-03 2.072220e-03 0 2 0 2 2.519141e-11 0.000000e+00
243 247 1.038570e-03 2.608770e-03 0 2 0 2 1.229418e-11 0.000000e+00
243 248 1.038570e-03 3.284247e-03 0 2 0 2 6.043396e-12 0.000000e+00
243 249 1.038570e-03 4.134622e-03 0 2 0 2 3.071364e-12 0.000000e+00
243 250 1.038570e-03 5.205181e-03 0 2 0 2 1.648302e-12 0.000000e+00
243 251 1.038570e-03 6.552935e-03 0 2 0 2 9.451199e-13 0.000000e+00
243 252 1.038570e-03 8.249656e-03 0 2 0 2 5.788304e-13 0.000000e+00
244 242 1.307482e-03 8.249656e-04 0 2 0 2 5.857421e-11 0.000000e+00
244 243 1.307482e-03 1.038570e-03 0 2 0 2 9.731350e-11 0.000000e+00
244 244 1.307482e-03 1.307482e-03 0 2 0 2 7.535096e-10 0.000000e+00
244 245 1.307482e-03 1.646023e-03 0 2 0 2 8.647266e-11 0.000000e+00
244 246 1.307482e-03 2.072220e-03 0 2 0 2 4.260638e-11 0.000000e+00
244 247 1.307482e-03 2.608770e-03 0 2 0 2 2.042107e-11 0.000000e+00
244 248 1.307482e-03 3.284247e-03 0 2 0 2 9.867201e-12 0.000000e+00
244 249 1.307482e-03 4.134622e-03 0 2 0 2 4.948872e-12 0.000000e+00
244 250 1.307482e-03 5.205181e-03 0 2 0 2 2.633369e-12 0.000000e+00
244 251 1.307482e-03 6.552935e-03 0 2 0 2 1.502715e-12 0.000000e+00
244 252 1.307482e-03 8.249656e-03 0 2 0 2 9.181294e-13 0.000000e+00
245 242 1.646023e-03 8.249656e-04 0 2 0 2 3.044164e-11 0.000000e+00
245 243 1.646023e-03 1.038570e-03 0 2 0 2 5.066542e-11 0.000000e+00
245 244 1.646023e-03 1.307482e-03 0 2 0 2 8.647266e-11 0.000000e+00
245 245 1.646023e-03 1.646023e-03 0 2 0 2 4.778688e-10 0.000000e+00
245 246 1.646023e-03 2.072220e-03 0 2 0 2 7.499447e-11 0.000000e+00
245 247 1.646023e-03 2.608770e-03 0 2 0 2 3.505280e-11 0.000000e+00
245 248 1.646023e-03 3.284247e-03 0 2 0 2 1.645102e-11 0.000000e+00
245 249 1.646023e-03 4.134622e-03 0 2 0 2 8.065549e-12 0.000000e+00
245 250 1.646023e-03 5.205181e-03 0 2 0 2 4.229374e-12 0.000000e+00
245 251 1.646023e-03 6.552935e-03 0 2 0 2 2.394161e-12 0.000000e+00
245 252 1.646023e-03 8.249656e-03 0 2 0 2 1.457422e-12 0.000000e+00
246 242 2.072220e-03 8.249656e-04 0 2 0 2 1.527832e-11 0.000000e+00
246 243 2.072220e-03 1.038570e-03 0 2 0 2 2.519141e-11 0.000000e+00
246 244 2.072220e-03 1.307482e-03 0 2 0 2 4.260638e-11 0.000000e+00
246 245 2.072220e-03 1.646023e-03 0 2 0 2 7.499447e-11 0.000000e+00
246 246 2.072220e-03 2.072220e-03 0 2 0 2 3.029840e-10 0.000000e+00
246 247 2.072220e-03 2.608770e-03 0 2 0 2 6.372713e-11 0.000000e+00
246 248 2.072220e-03 3.284247e-03 0 2 0 2 2.852423e-11 0.000000e+00
246 249 2.072220e-03 4.134622e-03 0 2 0 2 1.342549e-11 0.000000e+00
246 250 2.072220e-03 5.205181e-03 0 2 0 2 6.858631e-12 0.000000e+00
246 251 2.072220e-03 6.552935e-03 0 2 0 2 3.828618e-12 0.000000e+00
246 252 2.072220e-03 8.249656e-03 0 2 0 2 2.315597e-12 0.000000e+00
247 242 2.608770e-03 8.249656e-04 0 2 0 2 7.540994e-12 0.000000e+00
247 243 2.608770e-03 1.038570e-03 0 2 0 2 1.229418e-11 0.000000e+00
247 244 2.608770e-03 1.307482e-03 0 2 0 2 2.042107e-11 0.000000e+00
247 245 2.608770e-03 1.646023e-03 0 2 0 2 3.505280e-11 0.000000e+00
247 246 2.608770e-03 2.072220e-03 0 2 0 2 6.372713e-11 0.000000e+00
247 247 2.608770e-03 2.608770e-03 0 2 0 2 1.919802e-10 0.000000e+00
247 248 2.608770e-03 3.284247e-03 0 2 0 2 5.340713e-11 0.000000e+00
247 249 2.608770e-03 4.134622e-03 0 2 0 2 2.332082e-11 0.000000e+00
247 250 2.608770e-03 5.205181e-03 0 2 0 2 1.133395e-11 0.000000e+00
247 251 2.608770e-03 6.552935e-03 0 2 0 2 6.165148e-12 0.000000e+00
247 252 2.608770e-03 8.249656e-03 0 2 0 2 3.686466e-12 0.000000e+00
248 242 3.284247e-03 8.249656e-04 0 2 0 2 3.745380e-12 0.000000e+00
248 243 3.284247e-03 1.038570e-03 0 2 0 2 6.043396e-12 0.000000e+00
248 244 3.284247e-03 1.307482e-03 0 2 0 2 9.867201e-12 0.000000e+00
248 245 3.284247e-03 1.646023e-03 0 2 0 2 1.645102e-11 0.000000e+00
248 246 3.284247e-03 2.072220e-03 0 2 0 2 2.852423e-11 0.000000e+00
248 247 3.284247e-03 2.608770e-03 0 2 0 2 5.340713e-11 0.000000e+00
248 248 3.284247e-03 3.284247e-03 0 2 0 2 1.215762e-10 0.000000e+00
248 249 3.284247e-03 4.134622e-03 0 2 0 2 4.456342e-11 0.000000e+00
248 250 3.284247e-03 5.205181e-03 0 2 0 2 1.952303e-11 0.000000e+00
248 251 3.284247e-03 6.552935e-03 0 2 0 2 1.007246e-11 0.000000e+00
248 252 3.284247e-03 8.249656e-03 0 2 0 2 5.892174e-12 0.000000e+00
249 242 4.134622e-03 8.249656e-04 0 2 0 2 1.918732e-12 0.000000e+00
249 243 4.134622e-03 1.038570e-03 0 2 0 2 3.071364e-12 0.000000e+00
249 244 4.134622e-03 1.307482e-03 0 2 0 2 4.948872e-12 0.000000e+00
249 245 4.134622e-03 1.646023e-03 0 2 0 2 8.065549e-12 0.000000e+00
249 246 4.134622e-03 2.072220e-03 0 2 0 2 1.342549e-11 0.000000e+00
249 247 4.134622e-03 2.608770e-03 0 2 0 2 2.332082e-11 0.000000e+00
249 248 4.134622e-03 3.284247e-03 0 2 0 2 4.456342e-11 0.000000e+00
249 249 4.134622e-03 4.134622e-03 0 2 0 2 7.705029e-11 0.000000e+00
249 250 4.134622e-03 5.205181e-03 0 2 0 2 3.748754e-11 0.000000e+00
249 251 4.134622e-03 6.552935e-03 0 2 0 2 1.704814e-11 0.000000e+00
249 252 4.134622e-03 8.249656e-03 0 2 0 2 9.503885e-12 0.000000e+00
250 242 5.205181e-03 8.249656e-04 0 2 0 2 1.035008e-12 0.000000e+00
250 243 5.205181e-03 1.038570e-03 0 2 0 2 1.648302e-12 0.000000e+00
250 244 5.205181e-03 1.307482e-03 0 2 0 2 2.633369e-12 0.000000e+00
250 245 5.205181e-03 1.646023e-03 0 2 0 2 4.229374e-12 0.000000e+00
250 246 5.205181e-03 2.072220e-03 0 2 0 2 6.858631e-12 0.000000e+00
250 247 5.205181e-03 2.608770e-03 0 2 0 2 1.133395e-11 0.000000e+00
250 248 5.205181e-03 3.284247e-03 0 2 0 2 1.952303e-11 0.000000e+00
250 249 5.205181e-03 4.134622e-03 0 2 0 2 3.748754e-11 0.000000e+00
250 250 5.205181e-03 5.205181e-03 0 2 0 2 4.882751e-11 0.000000e+00
250 251 5.205181e-03 6.552935e-03 0 2 0 2 3.225834e-11 0.000000e+00
250 252 5.205181e-03 8.249656e-03 0 2 0 2 1.572648e-11 0.000000e+00
251 242 6.552935e-03 8.249656e-04 0 2 0 2 5.952584e-13 0.000000e+00
251 243 6.552935e-03 1.038570e-03 0 2 0 2 9.451199e-13 0.000000e+00
251 244 6.552935e-03 1.307482e-03 0 2 0 2 1.502715e-12 0.000000e+00
251 245 6.552935e-03 1.646023e-03 0 2 0 2 2.394161e-12 0.000000e+00
251 246 6.552935e-03 2.072220e-03 0 2 0 2 3.828618e-12 0.000000e+00
251 247 6.552935e-03 2.608770e-03 0 2 0 2 6.165148e-12 0.000000e+00
251 248 6.552935e-03 3.284247e-03 0 2 0 2 1.007246e-11 0.000000e+00
251 249 6.552935e-03 4.134622e-03 0 2 0 2 1.704814e-11 0.000000e+00
251 250 6.552935e-03 5.205181e-03 0 2 0 2 3.225834e-11 0.000000e+00
251 251 6.552935e-03 6.552935e-03 0 2 0 2 3.093267e-11 0.000000e+00
251 252 6.552935e-03 8.249656e-03 0 2 0 2 2.879728e-11 0.000000e+00
252 242 8.249656e-03 8.249656e-04 0 2 0 2 3.649669e-13 0.000000e+00
252 243 8.249656e-03 1.038570e-03 0 2 0 2 5.788304e-13 0.000000e+00
252 244 8.249656e-03 1.307482e-03 0 2 0 2 9.181294e-13 0.000000e+00
252 245 8.249656e-03 1.646023e-03 0 2 0 2 1.457422e-12 0.000000e+00
252 246 8.249656e-03 2.072220e-03 0 2 0 2 2.315597e-12 0.000000e+00
252 247 8.249656e-03 2.608770e-03 0 2 0 2 3.686466e-12 0.000000e+00
252 248 8.249656e-03 3.284247e-03 0 2 0 2 5.892174e-12 0.000000e+00
252 249 8.249656e-03 4.134622e-03 0 2 0 2 9.503885e-12 0.000000e+00
252 250 8.249656e-03 5.205181e-03 0 2 0 2 1.572648e-11 0.000000e+00
252 251 8.249656e-03 6.552935e-03 0 2 0 2 2.879728e-11 0.000000e+00
252 252 8.249656e-03 8.249656e-03 0 2 0 2 1.960675e-11 0.000000e+00
